0.0
0.0
0.0
0.0
0.0
0.0
0.0
0.0
0.0
0.0
0.0
0.0
0.0
0.0
0.0
0.0
0.0
0.0
0.0
0.0
0.0
0.0
0.0
0.0
0.0
0.0
0.0
0.0
0.0
8.537171293068213e-07
0.020176047722564615
0.017549977980556006
0.011195777721582461
0.006816700754388545
0.0041401384092422545
0.0018823483904035565
0.0008939210030738906
0.0006709991190919008
0.00017835922083502516
0.00013965004427320542
0.00019557637199725346
0.0006596029862884596
0.0012212006148525972
0.0016412623414715154
0.002502593154804299
0.0
0.0
0.0
0.0
0.0
3.0416273567497148e-05
8.263389312341142e-05
0.0001558142192637821
0.0001914147559928931
0.03173120087491424
0.023204477801937986
0.013904728024261978
0.008154801612246826
0.004425699581050904
0.0019306551089922836
0.0007334822958930744
8.487911655328633e-05
6.428253093164085e-06
3.073991209325203e-05
5.31227557637297e-05
0.0004926390345878688
0.0014766407350975486
0.0021516842906380584
0.003056897803000324
0.0
0.0
0.0
0.0
0.0
0.0
0.0
0.0
0.0
0.012101378205628451
0.008418911710957409
0.00435945691616752
0.00264993156609236
0.0008703837881364185
1.1217954035871441e-05
0.0
2.900755685429451e-07
0.0
0.0
3.5311492578359726e-07
3.4367668437306036e-06
2.311428299168164e-05
3.762331602856927e-05
4.7416294611034544e-05
0.0
0.0
0.0
0.0
0.0
0.0
0.0
0.0
0.0
0.00027106746321723524
0.00011439437879987029
1.437978647660784e-07
0.0
0.0
0.0
0.0
3.2691814140687534e-07
0.0
0.0
3.1689768723639187e-07
0.0
0.0
0.0
0.0
0.0
0.0
0.0
0.0
0.0
0.0
0.0
0.0
0.0
2.3924227031312678e-05
1.490606422677972e-07
1.2335246658129357e-07
0.0
0.0
0.0
0.0
4.972882950189378e-07
0.0
1.0978429745935665e-07
3.278524316200961e-07
0.0
0.0
0.0
0.0
0.0
0.0
0.0
0.0
0.0
0.0
0.0
0.0
0.0
0.0
0.0
0.0
0.0
0.0
0.0
0.0
0.0
0.0
0.0
0.0
0.0
0.0
0.0
0.0
0.0
0.0
0.0
0.0
0.0
0.0
0.0
0.0
0.0
0.0
0.0
0.0
0.0
0.0
0.0
0.0
0.0
0.0
0.0
0.0
0.0
0.0
0.0
0.0
0.0
0.0
0.0
0.0
0.0
0.0
0.0
0.0
0.0
0.012772011815060089
0.0092963335697318
0.0037875956365354645
0.0005068429457852782
1.1942094718266518e-07
0.0
0.0
3.118477169396629e-07
0.0
1.1027205244687531e-07
3.346636168989812e-07
0.0
0.0
0.0
0.0
0.0
0.0
0.0
0.0
0.0
0.0
0.0
0.0
0.0
0.00013145414031528105
3.7666853264187464e-05
1.2669633105737303e-07
0.0
0.0
0.0
0.0
3.251985287716472e-07
0.0
1.1300542797969738e-07
3.137249363381772e-07
0.0
0.0
0.0
0.0
0.0
0.0
0.0
0.0
0.0
0.0
0.0
0.0
0.0
0.0016904104008131473
0.0012651203494248656
3.585393722036548e-05
2.78040000169203e-05
0.0
3.897669323748233e-07
0.0
2.9690842690746174e-07
0.0
0.0
3.3258380948610335e-07
0.0
0.0
0.0
0.0
0.0
0.0
0.0
0.0
0.0
0.0
0.0
0.0
0.0
0.005717465082900721
0.00645231006825472
0.006830868637851057
0.008838193641099102
0.011934433603932478
0.009881856517536721
0.007214978915600391
0.006521974625603154
0.005699484276580675
0.0037484470307715652
0.001287875724326417
0.002990827891012627
0.0039520980710236655
0.004537637503287021
0.006109641083771597
0.0
0.0
0.0
0.0
0.0
9.594021196022912e-05
0.00016332113014216613
0.00020341973846833963
0.00038367712392108256
0.03199715298005734
0.02453528873452046
0.017606873365117737
0.01089849162570078
0.005063339734611116
0.002144711611549784
0.000550452438993705
3.2771807112869372e-06
2.2025312961263167e-07
0.0
8.54176719510127e-06
3.150729234002288e-05
4.200470373066445e-05
4.8365004533946896e-05
5.3369756530515314e-05
0.0
0.0
0.0
0.0
0.0
0.0
0.0
0.0
0.0
0.0
0.0
0.0
0.0
0.0
0.0
0.0
0.0
0.0
0.0
0.0
0.0
0.0
0.0
0.0
0.0
0.0
0.0
0.0
0.0
0.0
0.0
0.0
0.0
0.0
0.0
0.0
0.0
0.0
0.0
0.0
0.0
0.0
0.0
0.0
0.0
0.0
0.0
0.0
0.0
0.0
0.0
0.0
0.0
0.0
0.0
0.0
0.0
0.0
0.0
0.0
0.0
0.0
0.0
0.0
0.0
0.0
0.0
0.0
0.0
0.0
0.0
0.0
0.0
0.0
0.0
0.0
0.0
0.0
0.0
0.0
0.0
0.002469866804815048
0.0023112617845287954
0.00010440470673353426
0.0
0.0
0.0
0.0
3.2536274440748214e-07
0.0
0.0
3.2998980768350296e-07
0.0
0.0
0.0
0.0
0.0
0.0
0.0
0.0
0.0
0.0
0.0
0.0
0.0
0.0016947335161689087
0.001288761633101222
3.5462137410335056e-07
0.0
0.0
0.0
0.0
3.371607241204659e-07
0.0
1.0879370766977443e-07
3.146720650179627e-07
0.0
0.0
0.0
0.0
0.0
0.0
0.0
0.0
0.0
0.0
0.0
0.0
0.0
7.02540135180134e-05
3.417602646473734e-05
1.24260690569973e-07
0.0
0.0
0.0
0.0
2.6407039038117186e-07
0.0
1.1045347938299816e-07
3.1424626883930495e-07
0.0
0.0
0.0
0.0
0.0
0.0
0.0
0.0
0.0
0.0
0.0
0.0
0.0
8.733711379636477e-05
2.7168077784144812e-05
1.5897160994027525e-07
0.0
0.0
0.0
0.0
5.089531408880238e-07
0.0
1.1075715546524199e-07
3.1954151768767403e-07
0.0
0.0
0.0
0.0
0.0
0.0
0.0
0.0
0.0
0.0
0.0
0.0
0.0
0.0
0.0
0.0
0.0
0.0
0.0
0.0
0.0
0.0
0.0
0.0
0.0
0.0
0.0
0.0
0.0
0.0
0.0
0.0
0.0
0.0
0.0
0.0
0.0
0.0
0.0
0.0
0.0
0.0
0.0
0.0
0.0
0.0
0.0
0.0
0.0
0.0
0.0
0.0
0.0
0.0
0.0
0.0
0.0
0.0
0.0
0.0
0.0
8.5680733887604e-06
0.0
1.2035109211065385e-07
0.0
0.0
0.0
0.0
5.648212925756605e-07
0.0
1.0963250575690618e-07
3.1787620494049184e-07
0.0
0.0
0.0
0.0
0.0
0.0
0.0
0.0
0.0
0.0
0.0
0.0
0.0
7.57693477699372e-05
2.2204303801242765e-05
1.8190288699745482e-07
0.0
0.0
0.0
0.0
6.137039677845466e-07
0.0
1.101065097553192e-07
3.182239192003492e-07
0.0
0.0
0.0
0.0
0.0
0.0
0.0
0.0
0.0
0.0
0.0
0.0
0.0
8.648985901812486e-06
0.0
1.2404534069920988e-07
0.0
0.0
0.0
0.0
4.6779879064680113e-07
0.0
2.107017844002825e-07
3.165162932849905e-07
0.0
0.0
0.0
0.0
0.0
0.0
0.0
0.0
0.0
0.0
0.0
0.0
0.0
6.419556446909471e-05
1.7556890736989243e-05
1.428523443409067e-07
0.0
0.0
0.0
0.0
5.693163514139353e-07
0.0
2.076139298135748e-07
3.1873491049344457e-07
0.0
0.0
0.0
0.0
0.0
0.0
0.0
0.0
0.0
0.0
0.0
0.0
0.0
3.9235661299152634e-06
0.0
1.080458763998223e-07
0.0
0.0
0.0
0.0
5.710281662054772e-07
0.0
2.1832569190145167e-07
3.12599375551018e-07
0.0
0.0
0.0
0.0
0.0
0.0
0.0
0.0
0.0
0.0
0.0
0.0
0.0
0.0
0.0
0.0
0.0
0.0
0.0
0.0
0.0
0.0
0.0
0.0
0.0
0.0
0.0
0.0
0.0
0.0
0.0
0.0
0.0
0.0
0.0
0.0
0.0
0.0
0.0
0.0
0.0
0.0
0.0
0.0
0.0
0.0
0.0
0.0
0.0
0.0
0.0
0.0
0.0
0.0
0.0
0.0
0.0
0.0
0.0
0.0
0.0
0.010295610323347745
0.008004854812977974
0.003293021985235208
0.0005879745816074098
1.3435559836456918e-05
0.0
0.0
3.060151004538451e-07
0.0
0.0
3.3529356375308936e-07
0.0
0.0
0.0
7.064308054797458e-05
0.0
0.0
0.0
0.0
0.0
0.0
0.0
0.0
0.0
0.016531954342252398
0.009743091682114811
0.003742676456457645
0.0010311406119266437
1.5243858145513016e-05
0.0
0.0
3.231411664606384e-07
0.0
0.0
3.311354048464757e-07
0.0
0.0
3.664104400256682e-05
0.0004909067013120444
0.0
0.0
0.0
0.0
0.0
0.0
0.0
0.0
0.0
0.0054102447862078495
0.004214434843267098
0.0005703673888594028
2.7286522818741573e-06
0.0
0.0
0.0
3.4030868164060063e-07
0.0
1.0857406953918507e-07
3.235867485534262e-07
0.0
0.0
0.0
0.0
0.0
0.0
0.0
0.0
0.0
0.0
0.0
0.0
0.0
0.004001029824241328
0.0025891994862360774
2.0226106765258024e-05
0.0
0.0
0.0
0.0
3.3491054180074596e-07
0.0
1.0930557539247549e-07
3.2247747229312613e-07
0.0
0.0
0.0
0.0
0.0
0.0
0.0
0.0
0.0
0.0
0.0
0.0
0.0
0.00012121097485214715
4.59293528181512e-05
1.1037267680204047e-07
0.0
0.0
0.0
0.0
3.349239945923509e-07
0.0
1.105675628634962e-07
3.1409631182224257e-07
0.0
0.0
0.0
0.0
0.0
0.0
0.0
0.0
0.0
0.0
0.0
0.0
0.0
0.0
0.0
0.0
0.0
0.0
0.0
0.0
0.0
0.0
0.0
0.0
0.0
0.0
0.0
0.0
0.0
0.0
0.0
0.0
0.0
0.0
0.0
0.0
0.0
0.0
0.0
0.0
0.0
0.0
0.0
0.0
0.0
0.0
0.0
0.0
0.0
0.0
0.0
0.0
0.0
0.0
0.0
0.0
0.0
0.0
0.0
0.0
0.0
0.00034847315684869616
0.00013047813738060842
1.41893826640256e-07
0.0
0.0
0.0
0.0
3.2735499441168145e-07
0.0
0.0
3.29427224823064e-07
0.0
0.0
0.0
0.0
0.0
0.0
0.0
0.0
0.0
0.0
0.0
0.0
0.0
7.353060285890121e-05
1.2715160612907998e-05
1.163000217340133e-07
0.0
0.0
0.0
0.0
6.140532738126964e-07
0.0
0.0
3.173944612662323e-07
0.0
0.0
0.0
0.0
0.0
0.0
0.0
0.0
0.0
0.0
0.0
0.0
0.0
0.00010615054798822558
2.473485856451316e-05
1.3529224304801404e-07
0.0
0.0
0.0
0.0
3.259116032903024e-07
0.0
1.0683685570682756e-07
3.099731384728482e-07
0.0
0.0
0.0
8.811708831654486e-06
0.0
0.0
0.0
0.0
0.0
0.0
0.0
0.0
0.0
0.009038986090159
0.0065568404707069565
0.003032053705265225
0.001377015477548625
0.00034281689468148224
1.9511245161974557e-05
0.0
1.0597490803030632e-06
0.0
0.0
3.127680013709423e-07
0.0
0.0
0.00011309865351603742
0.0008159072757036138
0.0
0.0
0.0
0.0
0.0
0.0
0.0
0.0
0.0
0.019338077677219928
0.01483580062450987
0.007240578949821221
0.003872799199048391
0.0019732759808499477
0.0003265367855975564
0.0
1.2156612271976193e-06
0.0
0.0
2.9346862056403705e-05
0.0003124495813014498
0.0010122767246550392
0.0014465026774742908
0.0020882499457755247
0.0
0.0
0.0
0.0
0.0
0.0
0.0
0.0
0.0
0.0
0.0
0.0
0.0
0.0
0.0
0.0
0.0
0.0
0.0
0.0
0.0
0.0
0.0
0.0
0.0
0.0
0.0
0.0
0.0
0.0
0.0
0.0
0.0
0.0
0.0
0.0
0.0
0.0
0.0
0.0
0.0
0.0
0.0
0.0
0.0
0.0
0.0
0.0
0.0
0.0
0.0
0.0
0.0
0.0
0.0
0.0
0.0
0.010313286225866898
0.006558957207246677
0.0015262895273284221
3.1154379780060875e-05
2.6492097385945286e-06
0.0
0.0
3.2025893476855845e-07
0.0
0.0
3.2089748086922525e-07
0.0
0.0
0.0
1.9790478936296136e-06
0.0
0.0
0.0
0.0
0.0
0.0
0.0
0.0
0.0
0.0036775579812490314
0.0017494854749790327
6.869074294962764e-06
0.0
0.0
0.0
0.0
3.289522166493409e-07
0.0
1.084689097225173e-07
3.139622338337357e-07
0.0
0.0
0.0
0.0
0.0
0.0
0.0
0.0
0.0
0.0
0.0
0.0
0.0
0.000933646230499385
0.00012130003554321302
1.8396266441481879e-07
0.0
0.0
0.0
0.0
3.2904083914888966e-07
0.0
1.0759794449396319e-07
3.1796064899587987e-07
0.0
0.0
0.0
0.0
0.0
0.0
0.0
0.0
0.0
0.0
0.0
0.0
0.0
0.0007510987703468273
0.0004255674107377294
1.2626724758076355e-06
0.0
0.0
0.0
0.0
3.445597238759587e-07
0.0
0.0
3.2536872987354275e-07
0.0
0.0
0.0
0.0
0.0
0.0
0.0
0.0
0.0
0.0
0.0
0.0
0.0
5.0920813537834694e-05
3.5789039948277113e-06
1.0886414305578644e-07
0.0
0.0
0.0
0.0
3.3170653511936153e-07
0.0
1.0793688565574385e-07
3.165441834834683e-07
0.0
0.0
0.0
0.0
0.0
0.0
0.0
0.0
0.0
0.0
0.0
0.0
0.0
0.0
0.0
0.0
0.0
0.0
0.0
0.0
0.0
0.0
0.0
0.0
0.0
0.0
0.0
0.0
0.0
0.0
0.0
0.0
0.0
0.0
0.0
0.0
0.0
0.0
0.0
0.0
0.0
0.0
0.0
0.0
0.0
0.0
0.0
0.0
0.0
0.0
0.0
0.0
0.0
0.0
0.0
0.0
0.0
0.0
0.0
0.0
0.0
0.0
0.0
0.0
0.0
0.0
0.0
0.0
0.0
0.0
0.0
0.0
0.0
0.0
0.0
0.0
0.0
0.0
0.0
0.0
0.0
0.0
0.0
0.0
0.0
0.0
0.0
1.1622222287696675e-07
0.0
0.0
0.0
0.0
2.550605302883005e-07
0.0
1.0855205331452731e-07
3.1387048903916274e-07
0.0
0.0
0.0
0.0
0.0
0.0
0.0
0.0
0.0
0.0
0.0
0.0
0.0
0.0
0.0
1.1610226793751136e-07
0.0
0.0
0.0
0.0
0.0
0.0
2.0362981597629546e-07
3.2452899411524446e-07
0.0
0.0
0.0
0.0
0.0
0.0
0.0
0.0
0.0
0.0
0.0
0.0
0.0
0.0
0.0
1.1706646009955141e-07
0.0
0.0
0.0
0.0
0.0
0.0
2.0034003483065172e-07
3.2098363074658055e-07
0.0
0.0
0.0
0.0
0.0
0.0
0.0
0.0
0.0
0.0
0.0
0.0
0.0
0.0
0.0
1.1689582602215002e-07
0.0
0.0
0.0
0.0
0.0
0.0
2.0840925882717834e-07
3.152503948766722e-07
0.0
0.0
0.0
0.0
0.0
0.0
0.0
0.0
0.0
0.0
0.0
0.0
0.0
0.0
0.0
0.0
0.0
0.0
0.0
0.0
0.0
0.0
0.0
0.0
0.0
0.0
0.0
0.0
0.0
0.0
0.0
0.0
0.0
0.0
0.0
0.0
0.0
0.0
0.0
0.0
0.0
0.0
0.0
0.0
0.0
0.0
0.0
0.0
0.0
0.0
0.0
0.0
0.0
0.0
0.0
0.0
0.0
0.0
0.0
0.0
0.0
0.008012575976641609
0.0038828473259283117
4.241887061196696e-05
0.0
0.0
0.0
0.0
3.3080237794288755e-07
0.0
0.0
3.31740046920543e-07
0.0
0.0
0.0
0.0
0.0
0.0
0.0
0.0
0.0
0.0
0.0
0.0
0.0
4.61192740472348e-05
1.8984133748832054e-06
1.216311788147359e-07
0.0
0.0
0.0
0.0
3.4315181373972537e-07
0.0
0.0
3.1955777338675673e-07
0.0
0.0
0.0
0.0
0.0
0.0
0.0
0.0
0.0
0.0
0.0
0.0
0.0
0.006139642253233712
0.004029115672972699
0.00045527896252536945
0.0
0.0
0.0
0.0
3.324863712289572e-07
0.0
0.0
3.134161760886751e-07
0.0
0.0
0.0
0.0
0.0
0.0
0.0
0.0
0.0
0.0
0.0
0.0
0.0
0.004743093837635266
0.002490378110096358
8.109322725752489e-06
0.0
0.0
0.0
0.0
3.2466809209544253e-07
0.0
1.1521676279814897e-07
3.0862870253646057e-07
0.0
0.0
0.0
0.0
0.0
0.0
0.0
0.0
0.0
0.0
0.0
0.0
0.0
0.00010403515308111498
1.4737683475555713e-05
1.1837587596921668e-07
0.0
0.0
0.0
0.0
5.8106326935729e-07
0.0
2.033970775540048e-07
3.220599774895271e-07
0.0
0.0
0.0
0.0
0.0
0.0
0.0
0.0
0.0
0.0
0.0
0.0
0.0
0.0
0.0
0.0
0.0
0.0
0.0
0.0
0.0
0.0
0.0
0.0
0.0
0.0
0.0
0.0
0.0
0.0
0.0
0.0
0.0
0.0
0.0
0.0
0.0
0.0
0.0
0.0
0.0
0.0
0.0
0.0
0.0
0.0
0.0
0.0
0.0
0.0
0.0
0.0
0.0
0.0
0.0
0.0
0.0
0.0
0.0
0.0
0.0
0.0
0.0
1.0912115777246967e-07
0.0
0.0
0.0
0.0
3.0424627675498215e-07
0.0
0.0
3.149189319381737e-07
0.0
0.0
0.0
0.0
0.0
0.0
0.0
0.0
0.0
0.0
0.0
0.0
0.0
6.531119876768795e-05
1.07232906277289e-06
1.269176688159162e-07
0.0
0.0
0.0
0.0
3.274111324314086e-07
0.0
2.0840023275255561e-07
3.095526387344783e-07
0.0
0.0
0.0
0.0
0.0
0.0
0.0
0.0
0.0
0.0
0.0
0.0
0.0
2.9358447571864444e-05
0.0
0.0
0.0
0.0
0.0
0.0
2.80801652257908e-07
0.0
2.0705627063490485e-07
3.110781960511865e-07
0.0
0.0
0.0
0.0
0.0
0.0
0.0
0.0
0.0
0.0
0.0
0.0
0.0
0.0
0.0
1.1353046836625594e-07
0.0
0.0
0.0
0.0
4.901398954971418e-07
0.0
1.97873456597054e-07
3.1227550982605845e-07
0.0
0.0
0.0
0.0
0.0
0.0
0.0
0.0
0.0
0.0
0.0
0.0
0.0
0.0
0.0
0.0
0.0
0.0
0.0
0.0
7.279809022229512e-07
0.0
1.8707973332171893e-07
3.2008149975762235e-07
0.0
0.0
0.0
0.0
0.0
0.0
0.0
0.0
0.0
0.0
0.0
0.0
0.0
0.0
0.0
0.0
0.0
0.0
0.0
0.0
0.0
0.0
0.0
0.0
0.0
0.0
0.0
0.0
0.0
0.0
0.0
0.0
0.0
0.0
0.0
0.0
0.0
0.0
0.0
0.0
0.0
0.0
0.0
0.0
0.0
0.0
0.0
0.0
0.0
0.0
0.0
0.0
0.0
0.0
0.0
0.0
0.0
0.0
0.0
0.0
2.3473463939743353e-05
1.7463269365937767e-06
1.2897136487644116e-07
0.0
0.0
0.0
0.0
0.0
0.0
0.0
2.945428196143486e-07
0.0
0.0
0.0
0.0
0.0
0.0
0.0
0.0
0.0
0.0
0.0
0.0
0.0
0.0
0.0
1.0882355936791396e-07
0.0
0.0
0.0
0.0
3.383952371370491e-07
0.0
1.9749884257542783e-07
2.8876734909586187e-07
0.0
0.0
0.0
0.0
0.0
0.0
0.0
0.0
0.0
0.0
0.0
0.0
0.0
0.009007426022589651
0.00816219031573581
0.005156997594455625
0.00405016733652877
0.0032217764977205614
0.0023269951685442204
0.0015609167208228863
0.0006471628250546774
2.5771097287213853e-06
0.0
3.07671966615941e-07
0.0
0.0
0.0001053940947913801
0.0007381410387531796
0.0
0.0
0.0
0.0
0.0
0.0
0.0
0.0
0.0
0.0266963006033948
0.01857722579479559
0.012284218909002451
0.007521171569589714
0.004266890256123726
0.0020888551968189064
0.0009045413925202833
5.064177984877351e-05
0.0
0.0
2.894458243681315e-07
0.0
0.0
0.0
0.00011695015701997737
0.0
0.0
0.0
0.0
0.0
0.0
0.0
0.0
0.0
0.006498206794507972
0.005335157719442395
0.0023927049303232206
0.0006794074233127939
3.047265829989966e-06
0.0
0.0
3.512397030928208e-07
0.0
0.0
3.1937709527425e-07
0.0
0.0
0.0
0.0
0.0
0.0
0.0
0.0
0.0
0.0
0.0
0.0
0.0
0.0
0.0
0.0
0.0
0.0
0.0
0.0
0.0
0.0
0.0
0.0
0.0
0.0
0.0
0.0
0.0
0.0
0.0
0.0
0.0
0.0
0.0
0.0
0.0
0.0
0.0
0.0
0.0
0.0
0.0
0.0
0.0
0.0
0.0
0.0
0.0
0.0
0.0
0.0
0.0
0.0
0.0
0.0
0.0
0.0
0.0
0.0
0.0
0.011068668384658035
0.011061074924784291
0.006856897987055567
0.004633318910972991
0.0029176771561889767
0.0011384574881611548
9.952132261004205e-05
1.093825683292113e-06
0.0
0.0
3.1061466221736996e-07
0.0
0.0
0.0
2.5735621946537515e-05
0.0
0.0
0.0
0.0
0.0
0.0
0.0
0.0
0.0
0.011802331757176189
0.0102984500875336
0.005345452975347092
0.0028296471508103727
0.0005376644587606964
2.8027137257432786e-06
0.0
3.343315659483566e-07
0.0
0.0
3.103708260325569e-07
0.0
0.0
0.0
0.0
0.0
0.0
0.0
0.0
0.0
0.0
0.0
0.0
0.0
0.00655789569772718
0.005314642555709901
0.001706879319724558
7.272344444405346e-05
0.0
0.0
0.0
3.2948144349036315e-07
0.0
0.0
3.0535762856861883e-07
0.0
0.0
0.0
0.0
0.0
0.0
0.0
0.0
0.0
0.0
0.0
0.0
0.0
6.939728087474715e-05
1.417998496257227e-05
1.1498207773251423e-07
0.0
0.0
0.0
0.0
3.3831335470204654e-07
0.0
0.0
3.096463668707602e-07
0.0
0.0
0.0
0.0
0.0
0.0
0.0
0.0
0.0
0.0
0.0
0.0
0.0
8.057546176295254e-06
0.0
1.2138146870267447e-07
0.0
0.0
0.0
0.0
0.0
0.0
2.1352601092689136e-07
2.9967328968395317e-07
0.0
0.0
0.0
0.0
0.0
0.0
0.0
0.0
0.0
0.0
0.0
0.0
0.0
0.0
0.0
0.0
0.0
0.0
0.0
0.0
0.0
0.0
0.0
0.0
0.0
0.0
0.0
0.0
0.0
0.0
0.0
0.0
0.0
0.0
0.0
0.0
0.0
0.0
0.0
0.0
0.0
0.0
0.0
0.0
0.0
0.0
0.0
0.0
0.0
0.0
0.0
0.0
0.0
0.0
0.0
0.0
0.0
0.0
0.0
0.0
0.0
2.7568849161480316e-05
1.2656189446809223e-06
1.3293794551102361e-07
0.0
0.0
0.0
0.0
0.0
0.0
1.929504776389662e-07
3.069608814001505e-07
0.0
0.0
0.0
0.0
0.0
0.0
0.0
0.0
0.0
0.0
0.0
0.0
0.0
1.858976770317753e-06
0.0
1.1932730264227798e-07
0.0
0.0
0.0
0.0
0.0
0.0
2.0914141304929663e-07
3.0839752966269144e-07
0.0
0.0
0.0
0.0
0.0
0.0
0.0
0.0
0.0
0.0
0.0
0.0
0.0
0.0
0.0
1.2144797005191043e-07
0.0
0.0
0.0
0.0
3.486156232544496e-07
0.0
2.0050465787422306e-07
3.072306688243994e-07
0.0
0.0
0.0
0.0
0.0
0.0
0.0
0.0
0.0
0.0
0.0
0.0
0.0
0.0
0.0
1.1567538310278983e-07
0.0
0.0
0.0
0.0
0.0
0.0
2.111497039646864e-07
2.985951346151038e-07
0.0
0.0
0.0
0.0
0.0
0.0
0.0
0.0
0.0
0.0
0.0
0.0
0.0
0.0
0.0
1.1891695000180727e-07
0.0
0.0
0.0
0.0
0.0
0.0
1.9900124205958586e-07
2.8340737099150983e-07
0.0
0.0
0.0
0.0
0.0
0.0
0.0
0.0
0.0
0.0
0.0
0.0
0.0
0.0
0.0
0.0
0.0
0.0
0.0
0.0
0.0
0.0
0.0
0.0
0.0
0.0
0.0
0.0
0.0
0.0
0.0
0.0
0.0
0.0
0.0
0.0
0.0
0.0
0.0
0.0
0.0
0.0
0.0
0.0
0.0
0.0
0.0
0.0
0.0
0.0
0.0
0.0
0.0
0.0
0.0
0.0
0.0
0.0
0.0
0.0
0.0
0.0
0.0
1.1423937082104995e-07
0.0
0.0
0.0
0.0
0.0
0.0
0.0
2.982012837576755e-07
0.0
0.0
0.0
0.0
0.0
0.0
0.0
0.0
0.0
0.0
0.0
0.0
0.0
0.0
0.0
1.1053430664686625e-07
0.0
0.0
0.0
0.0
0.0
0.0
0.0
2.898467042198726e-07
0.0
0.0
0.0
0.0
0.0
0.0
0.0
0.0
0.0
0.0
0.0
0.0
0.0
0.0
0.0
0.0
0.0
0.0
0.0
0.0
0.0
0.0
2.1124625694363625e-07
2.981163330971941e-07
0.0
0.0
0.0
0.0
0.0
0.0
0.0
0.0
0.0
0.0
0.0
0.0
0.0
0.00041954931498732877
0.000945483745435407
1.359457954733529e-05
0.0
0.0
0.0
0.0
3.372142995418054e-07
0.0
1.8517806713044418e-07
3.0049583980287597e-07
0.0
0.0
0.0
0.0
0.0
0.0
0.0
0.0
0.0
0.0
0.0
0.0
0.0
0.0046988119605242875
0.003324961741632565
0.0005993241149388526
0.0
0.0
0.0
0.0
3.6200435269398113e-07
0.0
0.0
3.014839739688729e-07
0.0
0.0
0.0
0.0
0.0
0.0
0.0
0.0
0.0
0.0
0.0
0.0
0.0
0.0
0.0
0.0
0.0
0.0
0.0
0.0
0.0
0.0
0.0
0.0
0.0
0.0
0.0
0.0
0.0
0.0
0.0
0.0
0.0
0.0
0.0
0.0
0.0
0.0
0.0
0.0
0.0
1.9105582954426632e-06
0.0
0.0
0.0
0.0
0.0
0.0
0.0
0.0
0.0
0.0
0.0
0.0
0.0
0.0
0.0
0.0
0.0
0.0
0.0
0.006411752330038234
0.005243052791892245
0.0013692345910218103
0.0
0.0
0.0
0.0
4.846622207067796e-07
0.0
1.1090974857056489e-07
3.159613218424069e-07
0.0
0.0
0.0
0.0
0.0
0.0
0.0
0.0
0.0
0.0
0.0
0.0
0.0
2.693782283055676e-06
0.0
1.0987679862213338e-07
0.0
0.0
0.0
0.0
0.0
0.0
2.1064568317206326e-07
3.0050909024118714e-07
0.0
0.0
0.0
0.0
0.0
0.0
0.0
0.0
0.0
0.0
0.0
0.0
0.0
0.0
0.0
0.0
0.0
0.0
0.0
0.0
0.0
0.0
1.9401650790336235e-07
3.0106130050438305e-07
0.0
0.0
0.0
0.0
0.0
0.0
0.0
0.0
0.0
0.0
0.0
0.0
0.0
0.0
0.0
1.0986431232947147e-07
0.0
0.0
0.0
0.0
0.0
0.0
0.0
2.959171194040448e-07
0.0
0.0
0.0
0.0
0.0
0.0
0.0
0.0
0.0
0.0
0.0
0.0
0.0
0.0
0.0
1.1724580705804242e-07
0.0
0.0
0.0
0.0
0.0
0.0
0.0
2.9626215677898223e-07
0.0
0.0
0.0
0.0
0.0
0.0
0.0
0.0
0.0
0.0
0.0
0.0
0.0
0.0
0.0
0.0
1.15111580254575e-06
0.0
0.0
0.0
0.0
0.0
0.0
0.0
0.0
0.0
0.0
0.0
0.0
0.0
0.0
0.0
0.0
0.0
0.0
0.0
0.0
0.0
0.0
0.0
1.943297279822038e-06
0.0
0.0
0.0
0.0
0.0
0.0
0.0
0.0
0.0
0.0
0.0
0.0
0.0
0.0
0.0
0.0
0.0
0.0
0.0
0.0
4.472149795955825e-06
0.0
1.1244969150660549e-07
0.0
0.0
0.0
0.0
0.0
0.0
2.618807057351595e-07
3.2567557105004595e-07
0.0
0.0
0.0
0.0
0.0
0.0
0.0
0.0
0.0
0.0
0.0
0.0
0.0
4.652106449811251e-06
0.0
1.1765220367997536e-07
0.0
0.0
0.0
0.0
0.0
0.0
2.0266904370135042e-07
2.9901797117308847e-07
0.0
0.0
0.0
0.0
0.0
0.0
0.0
0.0
0.0
0.0
0.0
0.0
0.0
0.0
0.0
1.1179360810494722e-07
0.0
0.0
0.0
0.0
0.0
0.0
1.9777326260938904e-07
3.0561834772443974e-07
0.0
0.0
0.0
0.0
0.0
0.0
0.0
0.0
0.0
0.0
0.0
0.0
0.0
6.77585471046413e-05
2.9555170880142412e-06
1.1904222727532065e-07
0.0
0.0
0.0
0.0
0.0
0.0
1.99217812290697e-07
3.024406105057494e-07
0.0
0.0
0.0
0.0
0.0
0.0
0.0
0.0
0.0
0.0
0.0
0.0
0.0
0.0
0.0
1.1044113205977904e-07
0.0
0.0
0.0
0.0
0.0
0.0
2.054004085549759e-07
3.0618209808654124e-07
0.0
0.0
0.0
0.0
0.0
0.0
0.0
0.0
0.0
0.0
0.0
0.0
0.0
0.0
0.0
0.0
0.0
0.0
2.2406764139759407e-06
0.0
0.0
0.0
0.0
0.0
0.0
0.0
0.0
0.0
0.0
0.0
0.0
0.0
0.0
0.0
0.0
0.0
0.0
0.0
0.0
7.1536837463717195e-06
0.0
0.0
0.0
0.0
0.0
0.0
0.0
0.0
0.0
0.0
0.0
0.0
0.0
0.0
0.0
0.0
0.0
0.0
0.0
0.0
0.0
0.0
0.0
1.158267542643327e-07
0.0
0.0
0.0
0.0
0.0
0.0
0.0
3.110047108820211e-07
0.0
0.0
0.0
0.0
0.0
0.0
0.0
0.0
0.0
0.0
0.0
0.0
0.0
0.0001122346587413839
6.090190093450063e-06
1.2135113624664022e-07
0.0
0.0
0.0
0.0
0.0
0.0
2.03608202222792e-07
3.086917709120018e-07
0.0
0.0
0.0
0.0
0.0
0.0
0.0
0.0
0.0
0.0
0.0
0.0
0.0
3.353903516388319e-05
0.0
1.1100952369389725e-07
0.0
0.0
7.107999507377053e-08
0.0
5.955421155766292e-07
0.0
2.0431100157184302e-07
3.075983328370262e-07
0.0
0.0
0.0
0.0
0.0
0.0
0.0
0.0
0.0
0.0
0.0
0.0
0.0
0.00017866386839936565
2.049431383589631e-05
1.767038507367295e-07
0.0
0.0
0.0
0.0
4.149816134588497e-07
0.0
2.0594977166774154e-07
3.028744645369403e-07
0.0
0.0
0.0
0.0
0.0
0.0
0.0
0.0
0.0
0.0
0.0
0.0
0.0
0.0
0.0
1.1986100342381294e-07
0.0
0.0
0.0
0.0
0.0
0.0
2.011824903196768e-07
3.0565732124826575e-07
0.0
0.0
0.0
0.0
0.0
0.0
0.0
0.0
0.0
0.0
0.0
0.0
0.0
0.0
0.0
0.0
0.0
3.5436352105257236e-06
0.0
0.0
0.0
0.0
0.0
0.0
0.0
0.0
0.0
0.0
0.0
0.0
0.0
0.0
0.0
0.0
0.0
0.0
0.0
0.0
0.0
0.0
0.0
8.034672295015087e-06
3.6430570352527457e-06
0.0
0.0
0.0
0.0
0.0
0.0
0.0
0.0
0.0
0.0
0.0
0.0
0.0
0.0
0.0
0.0
0.0
0.0
5.511993224398972e-05
2.415335310500726e-06
1.6042843303578565e-07
0.0
0.0
0.0
0.0
0.0
0.0
2.0929571206972977e-07
3.101796859986143e-07
0.0
0.0
0.0
0.0
0.0
0.0
0.0
0.0
0.0
0.0
0.0
0.0
0.0
2.6827190169963343e-05
0.0
0.0
0.0
0.0
0.0
0.0
3.123780682502548e-07
0.0
2.1424590905941599e-07
3.214982052531233e-07
0.0
0.0
0.0
0.0
0.0
0.0
0.0
0.0
0.0
0.0
0.0
0.0
0.0
8.152618650992751e-07
0.0
1.1976814002768302e-07
0.0
0.0
0.0
0.0
0.0
0.0
1.1065558631346637e-07
3.055782397647368e-07
0.0
0.0
0.0
0.0
0.0
0.0
0.0
0.0
0.0
0.0
0.0
0.0
0.0
0.0
0.0
1.2029051647620663e-07
0.0
0.0
0.0
0.0
0.0
0.0
0.0
3.0621422946102926e-07
0.0
0.0
0.0
0.0
0.0
0.0
0.0
0.0
0.0
0.0
0.0
0.0
0.0
2.5455829905325382e-05
0.0
1.129398160535238e-07
0.0
0.0
0.0
0.0
0.0
0.0
1.9187145340566971e-07
3.01664496579044e-07
0.0
0.0
0.0
0.0
0.0
0.0
0.0
0.0
0.0
0.0
0.0
0.0
0.0
0.0
0.0
0.0
0.0
0.0
3.4884825991794924e-06
0.0
0.0
0.0
0.0
0.0
0.0
0.0
0.0
0.0
0.0
0.0
0.0
0.0
0.0
0.0
0.0
0.0
0.0
0.0
0.0
9.599507913607075e-06
0.0
0.0
0.0
0.0
0.0
0.0
0.0
0.0
0.0
0.0
0.0
0.0
0.0
0.0
0.0
0.0
0.0
0.0
0.0
0.0
0.0
2.1012525490374416e-06
0.0
1.2056128423114276e-07
0.0
0.0
0.0
0.0
0.0
0.0
0.0
2.8997540459391643e-07
0.0
0.0
0.0
0.0
0.0
0.0
0.0
0.0
0.0
0.0
0.0
0.0
0.0
0.0
0.0
1.147971199293426e-07
0.0
0.0
0.0
0.0
0.0
0.0
0.0
3.267993537827964e-07
0.0
0.0
0.0
0.0
0.0
0.0
0.0
0.0
0.0
0.0
0.0
0.0
0.0
3.367995212089261e-05
1.7254059797597953e-07
1.1005614110975761e-07
0.0
0.0
0.0
0.0
0.0
0.0
0.0
3.033966264770009e-07
0.0
0.0
0.0
0.0
0.0
0.0
0.0
0.0
0.0
0.0
0.0
0.0
0.0
0.0
0.0
1.199858486066795e-07
0.0
0.0
0.0
0.0
0.0
0.0
1.9753086702168512e-07
3.091927645552347e-07
0.0
0.0
0.0
0.0
0.0
0.0
0.0
0.0
0.0
0.0
0.0
0.0
0.0
0.0
0.0
1.1091873380195662e-07
0.0
0.0
0.0
0.0
0.0
0.0
1.9961869367929851e-07
3.034508623757659e-07
0.0
0.0
0.0
0.0
0.0
0.0
0.0
0.0
0.0
0.0
0.0
0.0
0.0
0.0
0.0
2.998668976829363e-06
0.0
0.0
0.0
0.0
0.0
0.0
0.0
0.0
0.0
0.0
0.0
0.0
0.0
0.0
0.0
0.0
0.0
0.0
0.0
0.0
0.0
0.0
0.0
0.0
1.7170749894000446e-06
0.0
0.0
0.0
0.0
0.0
0.0
0.0
0.0
0.0
0.0
0.0
0.0
0.0
0.0
0.0
0.0
0.0
0.0
0.0
0.0
2.35760479689664e-07
0.0
0.0
0.0
0.0
0.0
0.0
0.0
0.0
0.0
2.9552830330148236e-07
0.0
0.0
0.0
0.0
0.0
0.0
0.0
0.0
0.0
0.0
0.0
0.0
0.0
2.3322424367487533e-07
0.0
0.0
0.0
0.0
0.0
0.0
0.0
0.0
0.0
2.965826203140278e-07
0.0
0.0
0.0
0.0
0.0
0.0
0.0
0.0
0.0
0.0
0.0
0.0
0.0
2.1832787829502743e-07
0.0
1.147864410777243e-07
0.0
0.0
0.0
0.0
0.0
0.0
0.0
2.936279789291035e-07
0.0
0.0
0.0
0.0
0.0
0.0
0.0
0.0
0.0
0.0
0.0
0.0
0.0
2.0039589677435449e-07
0.0
1.0878165900977129e-07
0.0
0.0
0.0
0.0
0.0
0.0
0.0
2.9876939810490954e-07
0.0
0.0
0.0
0.0
0.0
0.0
0.0
0.0
0.0
0.0
0.0
0.0
0.0
1.2757312955623067e-07
0.0
1.1029124992973545e-07
0.0
0.0
0.0
0.0
0.0
0.0
0.0
3.0116413160488225e-07
0.0
0.0
0.0
0.0
0.0
0.0
0.0
0.0
0.0
0.0
0.0
0.0
0.0
0.0
0.0
0.0
0.0
0.0
0.0
0.0
0.0
0.0
0.0
0.0
0.0
0.0
0.0
0.0
0.0
0.0
0.0
0.0
0.0
0.0
0.0
0.0
0.0
0.0
0.0
0.0
0.0
0.0
0.0
0.0
0.0
0.0
0.0
0.0
0.0
0.0
0.0
0.0
0.0
0.0
0.0
0.0
0.0
0.0
0.0
0.0
0.0
0.0
0.0
0.0
0.0
0.0
0.0
0.0
0.0
0.0
0.0
3.2932358668453743e-07
0.0
0.0
0.0
0.0
0.0
0.0
0.0
0.0
0.0
0.0
0.0
0.0
0.0
0.0
0.0
1.1568671218609713e-07
0.0
0.0
0.0
0.0
0.0
0.0
0.0
3.384572291979817e-07
0.0
0.0
0.0
0.0
0.0
0.0
0.0
0.0
0.0
0.0
0.0
0.0
0.0
0.0
0.0
1.1781605088844374e-07
0.0
0.0
0.0
0.0
0.0
0.0
0.0
4.727534974370774e-07
0.0
0.0
0.0
0.0
0.0
0.0
0.0
0.0
0.0
0.0
0.0
0.0
0.0
0.0
0.0
1.1826118882855872e-07
0.0
0.0
0.0
0.0
3.6183441323093593e-07
0.0
1.916762308649164e-07
3.203441065972315e-07
0.0
0.0
0.0
0.0
0.0
0.0
0.0
0.0
0.0
0.0
0.0
0.0
0.0
0.0001055794332236589
4.374101918425453e-05
1.0930402111426394e-07
0.0
0.0
0.0
0.0
4.2244702179309253e-07
3.242848205197032e-07
2.2975008556617063e-07
2.948407503067643e-07
0.0
0.0
0.0
0.0
0.0
0.0
0.0
0.0
0.0
0.0
0.0
0.0
0.0
0.0
0.0
0.0
2.77761477556102e-06
0.0
0.0
0.0
0.0
0.0
0.0
0.0
0.0
0.0
0.0
0.0
0.0
0.0
0.0
0.0
0.0
0.0
0.0
0.0
0.0
0.0
0.0
0.0
0.0
0.0
0.0
0.0
0.0
0.0
0.0
0.0
0.0
0.0
0.0
0.0
0.0
0.0
0.0
0.0
0.0
0.0
0.0
0.0
0.0
0.0
0.0
3.653044200466815e-06
0.0
0.0
0.0
0.0
0.0
0.0
0.0
0.0
0.0
0.0
0.0
0.0
0.0
0.0
0.0
0.0
0.0
0.0
0.0
0.0
0.0
0.0
0.0
1.1462666184574961e-07
0.0
0.0
0.0
0.0
0.0
0.0
1.134668442060866e-07
2.8983228125017384e-07
0.0
0.0
0.0
0.0
0.0
0.0
0.0
0.0
0.0
0.0
0.0
0.0
0.0
0.0
0.0
0.0
0.0
0.0
0.0
0.0
0.0
0.0
0.0
2.945322495538222e-07
0.0
0.0
0.0
0.0
0.0
0.0
0.0
0.0
0.0
0.0
0.0
0.0
0.0
1.7178759386657776e-07
0.0
1.1155124204359269e-07
0.0
0.0
0.0
0.0
0.0
0.0
1.9796465040386633e-07
3.006564539692241e-07
0.0
0.0
0.0
0.0
0.0
0.0
0.0
0.0
0.0
0.0
0.0
0.0
0.0
0.0
0.0
1.1310435643263104e-07
0.0
0.0
0.0
0.0
0.0
0.0
1.9553131977116569e-07
2.9916423315846196e-07
0.0
0.0
0.0
0.0
0.0
0.0
0.0
0.0
0.0
0.0
0.0
0.0
0.0
0.0
0.0
2.483303224198932e-06
0.0
0.0
0.0
0.0
0.0
0.0
0.0
0.0
0.0
0.0
0.0
0.0
0.0
0.0
0.0
0.0
0.0
0.0
0.0
0.0
0.0
0.0
0.0
0.0
1.3828173693529907e-06
0.0
0.0
0.0
0.0
0.0
0.0
0.0
0.0
0.0
0.0
0.0
0.0
0.0
0.0
0.0
0.0
0.0
0.0
0.0
0.0
0.0
0.0
1.1465219557142733e-07
0.0
0.0
0.0
0.0
2.6447761858432805e-07
0.0
1.9594938563485431e-07
3.119890265086339e-07
0.0
0.0
0.0
0.0
0.0
0.0
0.0
0.0
0.0
0.0
0.0
0.0
0.0
0.0
0.0
1.1526264655888852e-07
0.0
0.0
0.0
0.0
0.0
0.0
0.0
2.919692475772679e-07
0.0
0.0
0.0
0.0
0.0
0.0
0.0
0.0
0.0
0.0
0.0
0.0
0.0
0.0
0.0
1.1631171659011002e-07
0.0
0.0
0.0
0.0
0.0
0.0
0.0
2.9463377273949863e-07
0.0
0.0
0.0
0.0
0.0
0.0
0.0
0.0
0.0
0.0
0.0
0.0
0.0
0.0
0.0
1.1627281143328867e-07
0.0
0.0
0.0
0.0
0.0
0.0
0.0
2.956366541993228e-07
0.0
0.0
0.0
0.0
0.0
0.0
0.0
0.0
0.0
0.0
0.0
0.0
0.0
1.749183127955086e-07
0.0
1.1309473019071304e-07
0.0
0.0
0.0
0.0
0.0
0.0
0.0
2.851261979184709e-07
0.0
0.0
0.0
0.0
0.0
0.0
0.0
0.0
0.0
0.0
0.0
0.0
0.0
0.0
0.0
0.0
0.0
0.0
0.0
0.0
0.0
0.0
0.0
0.0
0.0
0.0
0.0
0.0
0.0
0.0
0.0
0.0
0.0
0.0
0.0
0.0
0.0
0.0
0.0
0.0
0.0
0.0
0.0
0.0
0.0
0.0
0.0
0.0
0.0
0.0
0.0
0.0
0.0
0.0
0.0
0.0
0.0
0.0
0.0
0.0
0.0
0.0
0.0
1.2149318001576723e-07
0.0
0.0
0.0
0.0
0.0
0.0
0.0
5.308672840140486e-07
0.0
0.0
0.0
0.0
0.0
0.0
0.0
0.0
0.0
0.0
0.0
0.0
0.0
0.0
0.0
1.1783117368850999e-07
0.0
0.0
0.0
0.0
0.0
0.0
0.0
6.166235285597607e-07
0.0
0.0
0.0
0.0
0.0
0.0
0.0
0.0
0.0
0.0
0.0
0.0
0.0
0.0
0.0
1.1562526654891515e-07
0.0
0.0
0.0
0.0
0.0
0.0
0.0
3.041313313751955e-07
0.0
0.0
0.0
0.0
0.0
0.0
0.0
0.0
0.0
0.0
0.0
0.0
0.0
1.6963790163630463e-07
0.0
0.0
0.0
0.0
0.0
0.0
0.0
0.0
0.0
2.922583425794717e-07
0.0
0.0
0.0
0.0
0.0
0.0
0.0
0.0
0.0
0.0
0.0
0.0
0.0
1.7207528743832853e-07
0.0
1.1605408414866508e-07
0.0
0.0
0.0
0.0
0.0
0.0
1.1774871600198029e-07
0.0
0.0
0.0
0.0
0.0
0.0
0.0
0.0
0.0
0.0
0.0
0.0
0.0
0.0
0.0
0.0
0.0
0.0
0.0
0.0
0.0
0.0
0.0
0.0
0.0
0.0
0.0
0.0
0.0
0.0
0.0
0.0
0.0
0.0
0.0
0.0
0.0
0.0
0.0
0.0
0.0
0.0
0.0
0.0
0.0
0.0
0.0
0.0
0.0
0.0
0.0
0.0
0.0
0.0
0.0
0.0
0.0
0.0
0.0
0.0
0.0
0.0
2.051001689392915e-07
0.0
1.1996869547423142e-07
0.0
0.0
0.0
0.0
0.0
0.0
0.0
0.0
0.0
0.0
0.0
0.0
0.0
0.0
0.0
0.0
0.0
0.0
0.0
0.0
0.0
2.2034001909244027e-07
0.0
1.1029104217414422e-07
0.0
0.0
0.0
0.0
0.0
0.0
0.0
0.0
0.0
0.0
0.0
0.0
0.0
0.0
0.0
0.0
0.0
0.0
0.0
0.0
0.0
2.4841731174906007e-07
0.0
1.0948335368215249e-07
0.0
0.0
0.0
0.0
0.0
0.0
0.0
0.0
0.0
0.0
0.0
0.0
0.0
0.0
0.0
0.0
0.0
0.0
0.0
0.0
0.0
2.1859049021093326e-07
0.0
1.1186028754371036e-07
0.0
0.0
0.0
0.0
0.0
0.0
0.0
0.0
0.0
0.0
0.0
0.0
0.0
0.0
0.0
0.0
0.0
0.0
0.0
0.0
0.0
2.4894530388570336e-07
0.0
1.1601311671139296e-07
0.0
0.0
0.0
0.0
4.849201049604822e-07
0.0
2.0981305753568131e-07
0.0
0.0
0.0
0.0
0.0
0.0
0.0
0.0
0.0
0.0
0.0
0.0
0.0
0.0
0.0
0.0
0.0
0.0
0.0
0.0
0.0
0.0
0.0
0.0
0.0
0.0
0.0
0.0
0.0
0.0
0.0
0.0
0.0
0.0
0.0
0.0
0.0
0.0
0.0
0.0
0.0
0.0
0.0
0.0
0.0
0.0
0.0
0.0
0.0
0.0
0.0
0.0
0.0
0.0
0.0
0.0
0.0
0.0
0.0
0.0
0.0
0.0
1.7141381128646033e-07
0.0
1.1935895731059436e-07
0.0
0.0
0.0
0.0
0.0
0.0
0.0
0.0
0.0
0.0
0.0
0.0
0.0
0.0
0.0
0.0
0.0
0.0
0.0
0.0
0.0
2.835571336190098e-07
0.0
1.1469373378935987e-07
0.0
0.0
0.0
0.0
0.0
0.0
0.0
0.0
0.0
0.0
0.0
0.0
0.0
0.0
0.0
0.0
0.0
0.0
0.0
0.0
0.0
3.697801873741788e-07
0.0
1.1216754600111418e-07
0.0
0.0
0.0
0.0
0.0
0.0
0.0
0.0
0.0
0.0
0.0
0.0
0.0
0.0
0.0
0.0
0.0
0.0
0.0
0.0
0.0
2.443657204698668e-07
0.0
1.1115738583043846e-07
0.0
0.0
0.0
0.0
0.0
0.0
2.129124956259597e-07
0.0
0.0
0.0
0.0
0.0
0.0
0.0
0.0
0.0
0.0
0.0
0.0
0.0
0.0
1.8312240612396418e-07
0.0
1.1717610913219342e-07
0.0
0.0
0.0
0.0
0.0
0.0
0.0
0.0
0.0
0.0
0.0
0.0
0.0
0.0
0.0
0.0
0.0
0.0
0.0
0.0
0.0
0.0
0.0
0.0
0.0
0.0
0.0
0.0
0.0
0.0
0.0
0.0
0.0
0.0
0.0
0.0
0.0
0.0
0.0
0.0
0.0
0.0
0.0
0.0
0.0
0.0
0.0
1.069597406940351e-06
0.0
0.0
0.0
0.0
0.0
0.0
0.0
0.0
0.0
0.0
0.0
0.0
0.0
0.0
0.0
0.0
0.0
0.0
0.0
0.0
0.0
3.604446104312101e-07
9.067462819788248e-07
0.0
0.0
0.0
0.0
0.0
5.951003790347122e-07
0.0
0.0
0.0
0.0
0.0
0.0
0.0
0.0
0.0
0.0
0.0
0.0
0.0
0.0
0.0
0.0
0.0
0.0
6.359574967373115e-07
0.0
0.0
0.0
0.0
0.0
0.0
0.0
0.0
0.0
0.0
0.0
0.0
0.0
0.0
0.0
0.0
0.0
0.0
0.0
0.0
0.0
2.421438814896025e-07
9.061623099327955e-07
0.0
0.0
0.0
0.0
0.0
2.647216488327028e-07
0.0
2.024028790763487e-07
0.0
0.0
2.2237099108763697e-06
0.0
0.0
0.0
0.0
0.0
0.0
0.0
0.0
0.0
0.0
0.0
2.476640484225275e-07
2.8913599292688907e-07
0.0
0.0
0.0
0.0
0.0
6.088284912738345e-07
0.0
0.0
0.0
0.0
3.232816254472023e-06
0.0
0.0
0.0
0.0
0.0
0.0
0.0
0.0
0.0
0.0
0.0
2.0230580170198137e-07
2.82227865517357e-07
0.0
0.0
0.0
0.0
0.0
2.762509657772933e-07
0.0
0.0
0.0
0.0
3.4549191036006765e-06
0.0
0.0
0.0
0.0
0.0
0.0
0.0
0.0
0.0
0.0
0.0
0.0
0.0
0.0
0.0
0.0
0.0
0.0
0.0
0.0
0.0
0.0
0.0
0.0
0.0
0.0
0.0
0.0
0.0
0.0
0.0
0.0
0.0
0.0
0.0
0.0
0.0
2.2994017499298866e-06
0.0
0.0
0.0
0.0
0.0
0.0
0.0
0.0
0.0
0.0
0.0
0.0
0.0
0.0
0.0
0.0
0.0
0.0
0.0
0.0
0.0
3.0003497731196755e-07
3.057914023104935e-07
0.0
0.0
0.0
0.0
0.0
5.622846205582165e-07
0.0
1.8927855288001755e-07
0.0
0.0
5.255305798450685e-07
0.0
0.0
0.0
0.0
0.0
0.0
0.0
0.0
0.0
0.0
0.0
2.83130409409492e-07
6.680984314288468e-07
0.0
0.0
0.0
0.0
0.0
0.0
0.0
2.783443030110852e-07
0.0
0.0
0.0
0.0
0.0
0.0
0.0
0.0
0.0
0.0
0.0
0.0
0.0
0.0
2.5691992191919643e-07
9.27782234163844e-07
0.0
0.0
0.0
0.0
0.0
2.564994170579583e-07
0.0
0.0
0.0
0.0
0.0
0.0
0.0
0.0
0.0
0.0
0.0
0.0
0.0
0.0
0.0
0.0
2.544507988775351e-07
1.1824084396293661e-06
0.0
0.0
0.0
0.0
0.0
0.0
0.0
0.0
0.0
0.0
0.0
0.0
0.0
0.0
0.0
0.0
0.0
0.0
0.0
0.0
0.0
0.0
3.558533146018103e-07
1.1891991083334014e-06
0.0
0.0
0.0
0.0
0.0
6.054727126828995e-07
0.0
0.0
0.0
0.0
0.0
0.0
0.0
0.0
0.0
0.0
0.0
0.0
0.0
0.0
0.0
0.0
0.0
0.0
0.0
0.0
0.0
0.0
0.0
0.0
0.0
0.0
0.0
0.0
0.0
0.0
0.0
0.0
0.0
0.0
0.0
0.0
0.0
0.0
0.0
0.0
0.0
0.0
1.96646878111595e-06
0.0
0.0
0.0
0.0
0.0
0.0
0.0
0.0
0.0
0.0
0.0
0.0
0.0
0.0
0.0
0.0
0.0
0.0
0.0
0.0
0.0
2.741733372134035e-07
8.316546726264241e-07
0.0
0.0
0.0
0.0
0.0
5.001653369195316e-07
0.0
0.0
0.0
0.0
5.483310336581942e-07
0.0
0.0
0.0
0.0
0.0
0.0
0.0
0.0
0.0
0.0
0.0
2.6606529864167954e-07
1.2807084288724117e-06
0.0
0.0
0.0
0.0
0.0
5.337699807728671e-07
0.0
0.0
0.0
0.0
0.0
0.0
0.0
0.0
0.0
0.0
0.0
0.0
0.0
0.0
0.0
0.0
2.674979289921206e-07
1.1397529502227054e-06
0.0
0.0
0.0
0.0
0.0
5.08430013147593e-07
0.0
0.0
0.0
0.0
0.0
0.0
0.0
0.0
0.0
0.0
0.0
0.0
0.0
0.0
0.0
0.0
2.5745043716157076e-07
9.030495970007248e-07
0.0
0.0
0.0
0.0
0.0
5.454692048132901e-07
0.0
0.0
0.0
0.0
0.0
0.0
0.0
0.0
0.0
0.0
0.0
0.0
0.0
0.0
0.0
0.0
2.4783701997154495e-07
9.016696327625182e-07
0.0
0.0
0.0
0.0
0.0
5.939498988003437e-07
0.0
0.0
0.0
0.0
0.0
0.0
0.0
0.0
0.0
0.0
0.0
0.0
0.0
0.0
0.0
0.0
0.0
0.0
0.0
0.0
0.0
0.0
0.0
0.0
0.0
0.0
0.0
0.0
0.0
0.0
0.0
0.0
0.0
0.0
0.0
0.0
0.0
0.0
0.0
0.0
0.0
0.0
0.0
0.0
0.0
0.0
0.0
0.0
0.0
0.0
0.0
0.0
0.0
0.0
0.0
0.0
0.0
0.0
0.0
0.0
0.0
0.0
0.0
0.0
2.6057982130390653e-07
7.022247234451341e-07
0.0
0.0
0.0
0.0
0.0
5.515200028119822e-07
0.0
4.590718343836291e-07
0.0
0.0
3.145496941804362e-06
2.3220773864564913e-07
2.9917536002819e-07
0.0
0.0
0.0
0.0
0.0
0.0
0.0
0.0
0.0
2.564354473836147e-07
3.245251196900257e-07
0.0
0.0
0.0
0.0
0.0
5.53266214869188e-07
0.0
1.8990299954339813e-07
0.0
0.0
2.1593849931003934e-06
0.0
0.0
0.0
0.0
0.0
0.0
0.0
0.0
0.0
0.0
0.0
2.497405330499485e-07
2.7799415804341045e-07
0.0
0.0
0.0
0.0
0.0
5.277465463418018e-07
0.0
0.0
0.0
0.0
2.500342098523264e-07
0.0
0.0
0.0
0.0
0.0
0.0
0.0
0.0
0.0
0.0
0.0
2.529738001573393e-07
8.407227929570314e-07
0.0
0.0
0.0
0.0
0.0
5.476214628553864e-07
0.0
0.0
0.0
0.0
0.0
0.0
0.0
0.0
0.0
0.0
0.0
0.0
0.0
0.0
0.0
0.0
2.4946691516400416e-07
1.6186171371105883e-06
0.0
0.0
0.0
0.0
0.0
5.627200382750679e-07
0.0
0.0
0.0
0.0
0.0
0.0
0.0
0.0
0.0
0.0
0.0
0.0
0.0
0.0
0.0
0.0
0.0
0.0
0.0
0.0
0.0
0.0
0.0
0.0
0.0
0.0
0.0
0.0
0.0
0.0
0.0
0.0
0.0
0.0
0.0
0.0
0.0
0.0
0.0
0.0
0.0
0.0
0.0
0.0
0.0
0.0
0.0
0.0
0.0
0.0
0.0
0.0
0.0
0.0
0.0
0.0
0.0
0.0
0.0
0.0
0.0
0.0
0.0
0.0
3.7494651826632016e-07
1.1381022754659715e-06
0.0
0.0
0.0
0.0
0.0
5.735791585023982e-07
0.0
0.0
0.0
0.0
0.0
0.0
0.0
0.0
0.0
0.0
0.0
0.0
0.0
0.0
0.0
0.0
1.9388859691673641e-07
8.274930948107176e-07
0.0
0.0
0.0
0.0
0.0
2.5228989906907405e-07
0.0
0.0
0.0
0.0
5.46550172383352e-07
0.0
0.0
0.0
0.0
0.0
0.0
0.0
0.0
0.0
0.0
0.0
2.3331708532210115e-07
2.916157774489883e-07
0.0
0.0
0.0
0.0
0.0
2.8525872041790643e-07
0.0
0.0
0.0
0.0
2.4191270978012163e-06
0.0
0.0
0.0
0.0
0.0
0.0
0.0
0.0
0.0
0.0
0.0
0.0
7.991117213186946e-05
0.0
0.0
0.0
0.0
0.0
5.43912511867957e-07
0.0
0.0
0.0
0.0
3.855266252494906e-07
0.0
0.0
0.0
0.0
0.0
0.0
0.0
0.0
0.0
0.0
0.0
2.2885361166742142e-07
8.1524561023848e-07
0.0
0.0
0.0
0.0
0.0
5.711017916015166e-07
0.0
0.0
0.0
0.0
3.2084237589915617e-07
0.0
0.0
0.0
0.0
0.0
0.0
0.0
0.0
0.0
0.0
0.0
0.0
0.0
0.0
1.3054852843052474e-06
0.0
0.0
0.0
0.0
0.0
0.0
0.0
3.66577304277505e-06
0.0
0.0
0.0
0.0
0.0
0.0
0.0
0.0
0.0
0.0
0.0
0.0
0.0
0.0
1.981072212695595e-06
0.0
0.0
0.0
0.0
0.0
0.0
0.0
0.0
0.0
0.0
0.0
0.0
0.0
0.0
0.0
0.0
0.0
0.0
0.0
0.0
0.0
3.595542802951487e-07
8.73742616696793e-07
0.0
0.0
0.0
0.0
0.0
5.478789638254047e-07
0.0
0.0
0.0
0.0
5.437783197326325e-07
0.0
0.0
0.0
0.0
0.0
0.0
0.0
0.0
0.0
0.0
0.0
2.6109473899604716e-07
9.08793760600503e-07
0.0
0.0
0.0
0.0
0.0
5.417010092522862e-07
0.0
0.0
0.0
0.0
0.0
0.0
0.0
0.0
0.0
0.0
0.0
0.0
0.0
0.0
0.0
0.0
2.4934702011553517e-07
9.123808739478421e-07
0.0
0.0
0.0
0.0
0.0
5.802249594794976e-07
0.0
0.0
0.0
0.0
0.0
0.0
0.0
0.0
0.0
0.0
0.0
0.0
0.0
0.0
0.0
0.0
2.55059430920785e-07
9.271820841000424e-07
0.0
0.0
0.0
0.0
0.0
5.679975174305154e-07
0.0
0.0
0.0
0.0
0.0
0.0
0.0
0.0
0.0
0.0
0.0
0.0
0.0
0.0
0.0
0.0
0.0
9.164801167033044e-07
0.0
0.0
0.0
0.0
0.0
5.086092297058026e-07
0.0
0.0
0.0
0.0
2.031655604700643e-06
0.0
0.0
0.0
0.0
0.0
0.0
0.0
0.0
0.0
0.0
0.0
0.0
0.0
0.0
0.0
0.0
0.0
0.0
0.0
0.0
0.0
0.0
0.0
0.0
0.0
0.0
0.0
0.0
0.0
0.0
0.0
0.0
0.0
0.0
0.0
0.0
0.0
0.0
0.0
0.0
0.0
0.0
0.0
0.0
0.0
0.0
0.0
0.0
0.0
0.0
0.0
0.0
0.0
0.0
0.0
0.0
0.0
0.0
0.0
3.6516264923328637e-07
1.2108401331928456e-06
0.0
0.0
0.0
0.0
0.0
5.849794985777766e-07
0.0
0.0
0.0
0.0
0.0
0.0
0.0
0.0
0.0
0.0
0.0
0.0
0.0
0.0
0.0
0.0
2.4247270969041476e-07
1.1732285653261454e-06
0.0
0.0
0.0
0.0
0.0
6.069970933699256e-07
0.0
0.0
0.0
0.0
0.0
0.0
0.0
0.0
0.0
0.0
0.0
0.0
0.0
0.0
0.0
0.0
3.6765820157112963e-07
1.187103374621866e-06
0.0
0.0
0.0
0.0
0.0
5.689784814904664e-07
0.0
0.0
0.0
0.0
0.0
0.0
0.0
0.0
0.0
0.0
0.0
0.0
0.0
0.0
0.0
0.0
3.6726729640948724e-07
9.231132399787573e-07
0.0
0.0
0.0
0.0
0.0
5.776043092150995e-07
0.0
0.0
0.0
0.0
0.0
0.0
0.0
0.0
0.0
0.0
0.0
0.0
0.0
0.0
0.0
0.0
2.3527039212053978e-07
9.125218599378292e-07
0.0
0.0
0.0
0.0
0.0
5.318385942617363e-07
0.0
0.0
0.0
0.0
0.0
0.0
0.0
0.0
0.0
0.0
0.0
0.0
0.0
0.0
0.0
0.0
0.0
0.0
6.537173192890064e-07
0.0
0.0
0.0
0.0
0.0
0.0
0.0
0.0
0.0
0.0
0.0
0.0
0.0
0.0
0.0
0.0
0.0
0.0
0.0
0.0
0.0
0.0
0.0
2.158405792238533e-06
0.0
0.0
0.0
0.0
0.0
0.0
0.0
0.0
0.0
0.0
0.0
0.0
0.0
0.0
0.0
0.0
0.0
0.0
0.0
0.0
0.0
3.024888214923687e-07
7.286288314155826e-07
0.0
0.0
0.0
0.0
0.0
5.017704009178293e-07
0.0
2.0312886825259027e-07
0.0
0.0
0.0
0.0
0.0
0.0
0.0
0.0
0.0
0.0
0.0
0.0
0.0
0.0
2.3741894204434762e-07
1.2218466891012255e-06
0.0
0.0
0.0
0.0
0.0
4.644772219642685e-07
0.0
0.0
0.0
0.0
5.516905952544365e-07
0.0
0.0
0.0
0.0
0.0
0.0
0.0
0.0
0.0
0.0
0.0
2.3316265771767623e-07
8.221943045235625e-07
0.0
0.0
0.0
0.0
0.0
5.158449121902564e-07
0.0
0.0
0.0
0.0
2.0522214159024428e-06
0.0
3.431319285350952e-07
0.0
0.0
0.0
0.0
0.0
0.0
0.0
0.0
0.0
2.625979861751775e-07
4.728847634832299e-05
0.0
0.0
0.0
0.0
0.0
4.6609106530122785e-07
0.0
0.0
0.0
0.0
3.4818176777954134e-06
0.0
0.0
0.0
0.0
0.0
0.0
0.0
0.0
0.0
0.0
0.0
0.0
3.058739060096939e-05
0.0
0.0
0.0
0.0
0.0
5.927207969762961e-07
0.0
0.0
0.0
0.0
5.459326842049891e-07
0.0
0.0
0.0
0.0
0.0
0.0
0.0
0.0
0.0
0.0
0.0
0.0
0.0
0.0
0.0
0.0
0.0
0.0
0.0
0.0
0.0
0.0
0.0
0.0
0.0
0.0
0.0
0.0
0.0
0.0
0.0
0.0
0.0
0.0
0.0
0.0
0.0
1.0386463324367446e-06
0.0
0.0
0.0
0.0
0.0
0.0
0.0
0.0
0.0
0.0
0.0
0.0
0.0
0.0
0.0
0.0
0.0
0.0
0.0
0.0
0.0
2.4889922703940425e-07
8.955658312408636e-07
0.0
0.0
0.0
0.0
0.0
5.832534347611971e-07
0.0
0.0
0.0
0.0
0.0
0.0
0.0
0.0
0.0
0.0
0.0
0.0
0.0
0.0
0.0
0.0
2.5810613532354047e-07
1.1895644214618117e-06
0.0
0.0
0.0
0.0
0.0
5.963183144032321e-07
0.0
0.0
0.0
0.0
0.0
0.0
0.0
0.0
0.0
0.0
0.0
0.0
0.0
0.0
0.0
0.0
2.6779474904671076e-07
9.22702337049099e-07
0.0
0.0
0.0
0.0
0.0
5.993067349099149e-07
0.0
0.0
0.0
0.0
5.555396958071905e-07
0.0
0.0
0.0
0.0
0.0
0.0
0.0
0.0
0.0
0.0
0.0
2.8309908185959597e-07
2.99065930440593e-07
0.0
0.0
0.0
0.0
0.0
5.708404191402858e-07
0.0
0.0
0.0
0.0
0.0
0.0
0.0
0.0
0.0
0.0
0.0
0.0
0.0
0.0
0.0
0.0
2.6578214425715373e-07
9.233096102282733e-07
0.0
0.0
0.0
0.0
0.0
5.999793018385761e-07
0.0
0.0
0.0
0.0
5.46331519520032e-07
0.0
0.0
0.0
0.0
0.0
0.0
0.0
0.0
0.0
0.0
0.0
0.0
0.0
0.0
0.0
0.0
0.0
0.0
0.0
0.0
0.0
0.0
0.0
0.0
0.0
0.0
0.0
0.0
0.0
0.0
0.0
0.0
0.0
0.0
0.0
0.0
0.0
0.0
0.0
0.0
0.0
0.0
0.0
0.0
0.0
0.0
0.0
0.0
0.0
0.0
0.0
0.0
0.0
0.0
0.0
0.0
0.0
0.0
0.0
0.0
0.0
0.0
0.0
0.0
0.0
0.0
0.0
0.0
0.0
0.0
0.0
0.0
0.0
0.0
0.0
0.0
0.0
0.0
0.0
0.0
0.0
0.0
0.0
2.631566144607962e-07
0.0
1.1976151681110324e-07
0.0
0.0
0.0
0.0
0.0
0.0
8.45402198207444e-08
0.0
0.0
0.0
0.0
0.0
0.0
0.0
0.0
0.0
0.0
0.0
0.0
0.0
0.0
1.8414212370383793e-07
0.0
1.1607572156050529e-07
0.0
0.0
0.0
0.0
0.0
0.0
1.425023623270122e-07
0.0
0.0
0.0
0.0
0.0
0.0
0.0
0.0
0.0
0.0
0.0
0.0
0.0
0.0
0.0
0.0
1.2023173435791584e-07
0.0
0.0
0.0
0.0
0.0
0.0
0.0
0.0
0.0
0.0
0.0
0.0
0.0
0.0
0.0
0.0
0.0
0.0
0.0
0.0
0.0
0.0
0.0
1.2539526564915808e-07
0.0
0.0
0.0
0.0
0.0
0.0
0.0
0.0
0.0
0.0
0.0
0.0
0.0
0.0
0.0
0.0
0.0
0.0
0.0
0.0
0.0
0.0
0.0
0.0
0.0
0.0
0.0
0.0
0.0
0.0
0.0
0.0
0.0
0.0
0.0
0.0
0.0
0.0
0.0
0.0
0.0
0.0
0.0
0.0
0.0
0.0
0.0
2.7867843691991956e-06
0.0
0.0
0.0
0.0
0.0
0.0
0.0
0.0
0.0
0.0
0.0
0.0
0.0
0.0
0.0
0.0
0.0
0.0
0.0
0.0
0.0
1.7949653660212517e-07
0.0
1.1245719911652254e-07
0.0
0.0
0.0
0.0
0.0
0.0
0.0
0.0
0.0
0.0
0.0
0.0
0.0
0.0
0.0
0.0
0.0
0.0
0.0
0.0
0.0
2.0786277933035037e-07
0.0
1.0993314202230383e-07
0.0
0.0
0.0
0.0
0.0
0.0
0.0
0.0
0.0
0.0
0.0
0.0
0.0
0.0
0.0
0.0
0.0
0.0
0.0
0.0
0.0
2.0765602036984226e-07
0.0
1.106036345153452e-07
0.0
0.0
0.0
0.0
0.0
0.0
0.0
0.0
0.0
0.0
0.0
0.0
0.0
0.0
0.0
0.0
0.0
0.0
0.0
0.0
0.0
0.0
0.0
1.1794870849188517e-07
0.0
0.0
0.0
0.0
0.0
0.0
8.352758875102176e-08
0.0
0.0
0.0
0.0
0.0
0.0
0.0
0.0
0.0
0.0
0.0
0.0
0.0
0.0
0.0
0.0
1.1105087217942031e-07
0.0
0.0
0.0
0.0
0.0
0.0
0.0
0.0
0.0
0.0
0.0
0.0
0.0
0.0
0.0
0.0
0.0
0.0
0.0
0.0
0.0
0.0
0.0
0.0
0.0
0.0
0.0
0.0
0.0
0.0
0.0
0.0
0.0
0.0
0.0
0.0
0.0
0.0
0.0
0.0
0.0
0.0
0.0
0.0
0.0
0.0
0.0
0.0
0.0
0.0
0.0
0.0
0.0
0.0
0.0
0.0
0.0
0.0
0.0
0.0
0.0
0.0
0.0
0.0
0.0
0.0
0.0
0.0
0.0
1.6951537608815856e-07
0.0
1.1568419634552465e-07
0.0
0.0
0.0
0.0
0.0
0.0
0.0
3.044183030416739e-07
0.0
0.0
0.0
0.0
0.0
0.0
0.0
0.0
0.0
0.0
0.0
0.0
0.0
0.0
0.0
0.0
0.0
0.0
0.0
0.0
3.2824940616969443e-07
0.0
2.1204069220302518e-07
2.856327138273361e-07
0.0
0.0
0.0
0.0
0.0
0.0
0.0
0.0
0.0
0.0
0.0
0.0
0.0
0.0
0.0
1.1272720132866364e-07
0.0
0.0
0.0
0.0
0.0
0.0
2.0229937268867786e-07
2.929209372397539e-07
0.0
0.0
0.0
0.0
0.0
0.0
0.0
0.0
0.0
0.0
0.0
0.0
0.0
0.0
0.0
0.0
0.0
0.0
0.0
0.0
3.348126868215576e-07
0.0
2.010571614914807e-07
2.9596420987967445e-07
0.0
0.0
0.0
0.0
0.0
0.0
0.0
0.0
0.0
0.0
0.0
0.0
0.0
0.0
0.0
0.0
0.0
0.0
0.0
0.0
0.0
0.0
0.0
2.979349606497602e-07
0.0
0.0
0.0
0.0
0.0
0.0
0.0
0.0
0.0
0.0
0.0
0.0
0.0
0.0
0.0
0.0
0.0
0.0
0.0
0.0
0.0
0.0
0.0
0.0
0.0
0.0
0.0
0.0
0.0
0.0
0.0
0.0
0.0
0.0
0.0
0.0
0.0
0.0
0.0
0.0
0.0
1.3391582905061207e-06
0.0
0.0
0.0
0.0
0.0
0.0
0.0
0.0
0.0
0.0
0.0
0.0
0.0
0.0
0.0
0.0
0.0
0.0
0.0
0.0
0.0
1.1696178621021806e-07
0.0
0.0
0.0
0.0
0.0
0.0
0.0
3.0718574788345215e-07
0.0
0.0
0.0
0.0
0.0
0.0
0.0
0.0
0.0
0.0
0.0
0.0
0.0
0.0
0.0
1.1344914385817186e-07
0.0
0.0
0.0
0.0
0.0
0.0
1.1202871231434366e-07
6.08864705294848e-07
0.0
0.0
0.0
0.0
0.0
0.0
0.0
0.0
0.0
0.0
0.0
0.0
0.0
0.0
0.0
1.20409550510246e-07
0.0
0.0
0.0
0.0
0.0
0.0
0.0
2.9216976297230127e-07
0.0
0.0
0.0
0.0
0.0
0.0
0.0
0.0
0.0
0.0
0.0
0.0
0.0
0.0
0.0
1.1604624229488382e-07
0.0
0.0
0.0
0.0
4.868936568683277e-07
0.0
2.0269591961849623e-07
6.308678228614667e-07
0.0
0.0
0.0
0.0
0.0
0.0
0.0
0.0
0.0
0.0
0.0
0.0
0.0
1.2933637161076169e-06
0.0
1.1207748257845567e-07
0.0
0.0
0.0
0.0
3.420156507576847e-07
0.0
1.900607874233609e-07
3.0260415080784115e-07
0.0
0.0
0.0
0.0
0.0
0.0
0.0
0.0
0.0
0.0
0.0
0.0
0.0
0.0
0.0
0.0
0.0
0.0
0.0
0.0
0.0
0.0
0.0
0.0
0.0
0.0
0.0
0.0
0.0
0.0
0.0
0.0
0.0
0.0
0.0
0.0
0.0
0.0
0.0
0.0
0.0
3.160466347362415e-06
0.0
0.0
0.0
0.0
0.0
0.0
0.0
0.0
0.0
0.0
0.0
0.0
0.0
0.0
0.0
0.0
0.0
0.0
0.0
0.0
0.0
1.0985756756120079e-07
0.0
0.0
0.0
0.0
0.0
0.0
0.0
3.017628372992807e-07
0.0
0.0
0.0
0.0
0.0
0.0
0.0
0.0
0.0
0.0
0.0
0.0
0.0
0.0
0.0
1.1630830396817355e-07
0.0
0.0
0.0
0.0
0.0
0.0
0.0
3.0800251884818833e-07
0.0
0.0
0.0
0.0
0.0
0.0
0.0
0.0
0.0
0.0
0.0
0.0
0.0
0.0
0.0
1.168831332778997e-07
0.0
0.0
0.0
0.0
0.0
0.0
0.0
2.951601337083358e-07
0.0
0.0
0.0
0.0
0.0
0.0
0.0
0.0
0.0
0.0
0.0
0.0
0.0
0.0
0.0
1.1777907127806377e-07
0.0
0.0
0.0
0.0
0.0
0.0
0.0
3.0556071396691303e-07
0.0
0.0
0.0
0.0
0.0
0.0
0.0
0.0
0.0
0.0
0.0
0.0
0.0
1.6573386181498203e-07
0.0
1.1875313767541417e-07
0.0
0.0
0.0
0.0
0.0
0.0
0.0
2.996079805192901e-07
0.0
0.0
0.0
0.0
0.0
0.0
0.0
0.0
0.0
0.0
0.0
0.0
0.0
0.0
0.0
0.0
0.0
0.0
0.0
0.0
0.0
0.0
0.0
0.0
0.0
0.0
0.0
0.0
0.0
0.0
0.0
0.0
0.0
0.0
0.0
0.0
0.0
0.0
0.0
0.0
0.0
0.0
0.0
0.0
0.0
0.0
0.0
0.0
0.0
0.0
0.0
0.0
0.0
0.0
0.0
0.0
0.0
0.0
0.0
0.0
0.0
0.0
0.0
0.0
2.894366302168603e-06
0.0
0.0
0.0
0.0
0.0
0.0
0.0
0.0
0.0
0.0
0.0
0.0
0.0
0.0
0.0
0.0
0.0
0.0
0.0
0.0
0.0
0.0
1.224644893320245e-07
0.0
0.0
0.0
0.0
0.0
0.0
1.0858635031168915e-07
3.0030482895835515e-07
0.0
0.0
0.0
0.0
0.0
0.0
0.0
0.0
0.0
0.0
0.0
0.0
0.0
0.0
0.0
1.2465599683425666e-07
0.0
0.0
0.0
0.0
0.0
0.0
0.0
2.9993200756802637e-07
0.0
0.0
0.0
0.0
0.0
0.0
0.0
0.0
0.0
0.0
0.0
0.0
0.0
0.0
0.0
1.1971783821226567e-07
0.0
0.0
0.0
0.0
0.0
0.0
0.0
3.0686818691895656e-07
0.0
0.0
0.0
0.0
0.0
0.0
0.0
0.0
0.0
0.0
0.0
0.0
0.0
0.0
0.0
0.0
0.0
0.0
0.0
0.0
3.2152290343899773e-07
0.0
1.8738945746215844e-07
3.0312822902660893e-07
0.0
0.0
0.0
0.0
0.0
0.0
0.0
0.0
0.0
0.0
0.0
0.0
0.0
0.0
0.0
0.0
0.0
0.0
0.0
0.0
0.0
0.0
0.0
0.0
0.0
0.0
0.0
0.0
0.0
0.0
0.0
0.0
0.0
0.0
0.0
0.0
0.0
0.0
0.0
0.0
0.0
0.0
0.0
0.0
0.0
0.0
0.0
0.0
0.0
0.0
0.0
0.0
0.0
0.0
0.0
0.0
0.0
0.0
0.0
0.0
0.0
0.0
0.0
1.1064021882658634e-07
0.0
0.0
0.0
0.0
0.0
0.0
0.0
2.937266283254349e-07
0.0
0.0
0.0
0.0
0.0
0.0
0.0
0.0
0.0
0.0
0.0
0.0
0.0
0.0
0.0
1.107218152192572e-07
0.0
0.0
0.0
0.0
0.0
0.0
0.0
3.05037139838376e-07
0.0
0.0
0.0
0.0
0.0
0.0
0.0
0.0
0.0
0.0
0.0
0.0
0.0
3.5960282645706283e-06
0.0
1.1598141472640305e-07
0.0
0.0
0.0
0.0
0.0
0.0
2.1008116503173333e-07
3.0507557178189035e-07
0.0
0.0
0.0
0.0
0.0
0.0
0.0
0.0
0.0
0.0
0.0
0.0
0.0
2.824362809340115e-06
0.0
1.2133111700914946e-07
0.0
0.0
0.0
0.0
0.0
0.0
1.0949593186044127e-07
3.0328303488499304e-07
0.0
0.0
0.0
0.0
0.0
0.0
0.0
0.0
0.0
0.0
0.0
0.0
0.0
0.0
0.0
1.1297209785405078e-07
0.0
0.0
0.0
0.0
0.0
0.0
0.0
3.246070813897706e-07
0.0
0.0
0.0
0.0
0.0
0.0
0.0
0.0
0.0
0.0
0.0
0.0
0.0
0.0
0.0
0.0
0.0
7.584062610062557e-07
0.0
0.0
0.0
0.0
0.0
0.0
0.0
0.0
0.0
0.0
0.0
0.0
0.0
0.0
0.0
0.0
0.0
0.0
0.0
0.0
0.0
0.0
0.0
0.0
0.0
0.0
0.0
0.0
0.0
0.0
0.0
0.0
0.0
0.0
0.0
0.0
0.0
0.0
0.0
0.0
0.0
0.0
0.0
0.0
0.0
0.0
0.0
0.0
0.0
0.0
3.2718194867421813e-07
0.0
2.001936890630974e-07
3.0312391664273055e-07
0.0
0.0
0.0
0.0
0.0
0.0
0.0
0.0
0.0
0.0
0.0
0.0
0.0
0.0007284544671449881
0.0004034006111052844
1.513255856199455e-07
0.0
0.0
0.0
0.0
3.401812270083881e-07
0.0
1.9790692843986355e-07
3.027390796116128e-07
0.0
0.0
0.0
0.0
0.0
0.0
0.0
0.0
0.0
0.0
0.0
0.0
0.0
0.0009653158925195447
0.0007958168592192282
1.1799180867233156e-06
0.0
0.0
0.0
0.0
2.745307752825323e-07
0.0
2.0198903482862815e-07
3.0561895082574135e-07
0.0
0.0
0.0
0.0
0.0
0.0
0.0
0.0
0.0
0.0
0.0
0.0
0.0
0.00011731384102972891
3.766451836331976e-05
1.4009043065992284e-07
0.0
0.0
0.0
0.0
3.423258164427914e-07
0.0
2.0283960983089087e-07
3.069702345000504e-07
0.0
0.0
0.0
0.0
0.0
0.0
0.0
0.0
0.0
0.0
0.0
0.0
0.0
0.00015451345079563658
6.253334383858578e-05
1.584855404695371e-07
0.0
0.0
0.0
0.0
4.946420187706629e-07
0.0
2.0314873045088497e-07
3.018791469920118e-07
0.0
0.0
0.0
0.0
0.0
0.0
0.0
0.0
0.0
0.0
0.0
0.0
0.0
0.0
0.0
0.0
0.0
0.0
0.0
0.0
0.0
0.0
0.0
0.0
0.0
0.0
0.0
0.0
0.0
0.0
0.0
0.0
0.0
0.0
0.0
0.0
0.0
0.0
0.0
0.0
0.0
0.0
0.0
0.0
0.0
0.0
0.0
0.0
0.0
0.0
0.0
0.0
0.0
0.0
0.0
0.0
0.0
0.0
0.0
0.0
0.0
0.0
0.0
1.1106074399301113e-07
0.0
0.0
0.0
0.0
4.751945487910122e-07
0.0
2.0532467616981778e-07
3.0452514888740896e-07
0.0
0.0
0.0
0.0
0.0
0.0
0.0
0.0
0.0
0.0
0.0
0.0
0.0
0.0
0.0
0.0
0.0
0.0
0.0
0.0
3.0275372090863985e-07
0.0
2.1104882248810918e-07
3.160575299591839e-07
0.0
0.0
0.0
0.0
0.0
0.0
0.0
0.0
0.0
0.0
0.0
0.0
0.0
0.0
0.0
1.155097864348315e-07
0.0
0.0
0.0
0.0
0.0
0.0
0.0
3.018140666798428e-07
0.0
0.0
0.0
0.0
0.0
0.0
0.0
0.0
0.0
0.0
0.0
0.0
0.0
1.6913299845292003e-07
0.0
0.0
0.0
0.0
0.0
0.0
0.0
0.0
0.0
3.0094846998430343e-07
0.0
0.0
0.0
0.0
0.0
0.0
0.0
0.0
0.0
0.0
0.0
0.0
0.0
0.0
0.0
0.0
0.0
0.0
0.0
0.0
4.1312472020420287e-07
0.0
1.888817354161867e-07
3.1892603571764086e-07
0.0
0.0
0.0
0.0
0.0
0.0
0.0
0.0
0.0
0.0
0.0
0.0
0.0
0.0
0.0
0.0
0.0
0.0
0.0
0.0
0.0
0.0
0.0
0.0
0.0
0.0
0.0
0.0
0.0
0.0
0.0
0.0
0.0
0.0
0.0
0.0
0.0
0.0
0.0
0.0
0.0
0.0
0.0
0.0
0.0
0.0
0.0
0.0
0.0
0.0
0.0
0.0
0.0
0.0
0.0
0.0
0.0
0.0
0.0
0.0
0.0
0.0
0.0
0.0
0.0
0.0
0.0
0.0
0.0
0.0
0.0
2.1005847799077065e-07
3.155278150019653e-07
0.0
0.0
0.0
0.0
0.0
0.0
0.0
0.0
0.0
0.0
0.0
0.0
0.0
4.84260085333186e-07
0.0
1.1378818989903602e-07
0.0
0.0
0.0
0.0
0.0
0.0
1.1245309285823194e-07
3.1282697047392234e-07
0.0
0.0
0.0
0.0
0.0
0.0
0.0
0.0
0.0
0.0
0.0
0.0
0.0
3.511874226859904e-05
0.0
1.1852210232737046e-07
0.0
0.0
0.0
0.0
0.0
0.0
2.0475770263876008e-07
3.058485635067146e-07
0.0
0.0
0.0
0.0
0.0
0.0
0.0
0.0
0.0
0.0
0.0
0.0
0.0
0.0
0.0
1.1585810905857331e-07
0.0
0.0
0.0
0.0
3.398121161580674e-07
0.0
2.1501542231016165e-07
3.063815220312191e-07
0.0
0.0
0.0
0.0
0.0
0.0
0.0
0.0
0.0
0.0
0.0
0.0
0.0
1.9860420566299684e-05
0.0
1.2149848982208388e-07
0.0
0.0
0.0
0.0
3.448797334317387e-07
0.0
2.0858065029735714e-07
3.0833903065272597e-07
0.0
0.0
0.0
0.0
0.0
0.0
0.0
0.0
0.0
0.0
0.0
0.0
0.0
0.0
0.0
0.0
0.0
0.0
0.0
0.0
0.0
0.0
0.0
0.0
0.0
0.0
0.0
0.0
0.0
0.0
0.0
0.0
0.0
0.0
0.0
0.0
0.0
0.0
0.0
0.0
0.0
0.0
0.0
0.0
0.0
0.0
0.0
0.0
0.0
0.0
0.0
0.0
0.0
0.0
0.0
0.0
0.0
0.0
0.0
0.0
0.0
0.00302233576447219
0.0014248341511954934
3.244869157607177e-06
0.0
0.0
0.0
0.0
3.281575811323769e-07
0.0
1.0827138095964388e-07
3.128572511889878e-07
0.0
0.0
0.0
0.0
0.0
0.0
0.0
0.0
0.0
0.0
0.0
0.0
0.0
0.0002184125342508728
6.880268544379078e-05
1.5008310062872887e-07
0.0
0.0
0.0
0.0
3.100041649378088e-07
0.0
1.0959901267747934e-07
3.185409365819574e-07
0.0
0.0
0.0
0.0
0.0
0.0
0.0
0.0
0.0
0.0
0.0
0.0
0.0
0.0
0.0
1.0844154634117657e-07
0.0
0.0
0.0
0.0
5.733012992541574e-07
0.0
2.117186595334503e-07
3.1071952737597315e-07
0.0
0.0
0.0
0.0
0.0
0.0
0.0
0.0
0.0
0.0
0.0
0.0
0.0
0.0
0.0
0.0
0.0
0.0
0.0
0.0
0.0
0.0
2.1050209020102138e-07
3.137590899881725e-07
0.0
0.0
0.0
0.0
0.0
0.0
0.0
0.0
0.0
0.0
0.0
0.0
0.0
0.0
0.0
1.1001830756382042e-07
0.0
0.0
0.0
0.0
0.0
0.0
2.1139358700045772e-07
3.131473403070514e-07
0.0
0.0
0.0
0.0
0.0
0.0
0.0
0.0
0.0
0.0
0.0
0.0
0.0
0.0
0.0
0.0
0.0
0.0
0.0
0.0
0.0
0.0
0.0
0.0
0.0
0.0
0.0
0.0
0.0
0.0
0.0
0.0
0.0
0.0
0.0
0.0
0.0
0.0
0.0
0.0
0.0
0.0
0.0
0.0
0.0
0.0
0.0
0.0
0.0
0.0
0.0
0.0
0.0
0.0
0.0
0.0
0.0
0.0
0.0
0.0
0.0
0.00018685697126610194
5.397096507202966e-05
1.5636892804294176e-07
0.0
0.0
0.0
0.0
5.094138227279709e-07
0.0
1.1043204562845461e-07
3.226310886215145e-07
0.0
0.0
0.0
0.0
0.0
0.0
0.0
0.0
0.0
0.0
0.0
0.0
0.0
0.0002444431304546455
5.937396320722653e-05
1.4068439369608584e-07
0.0
0.0
0.0
0.0
3.3409183592869103e-07
0.0
1.9841045250055752e-07
3.158349920057648e-07
0.0
0.0
0.0
0.0
0.0
0.0
0.0
0.0
0.0
0.0
0.0
0.0
0.0
0.006228093849242183
0.003975658971309398
0.0003901122239371664
0.0
0.0
0.0
0.0
3.261041034923233e-07
0.0
1.085815732836652e-07
3.1237980103713733e-07
0.0
0.0
0.0
0.0
0.0
0.0
0.0
0.0
0.0
0.0
0.0
0.0
0.0
0.0
0.0
0.0
0.0
0.0
0.0
0.0
0.0
0.0
0.0
0.0
0.0
0.0
0.0
0.0
0.0
0.0
0.0
0.0
0.0
0.0
0.0
0.0
0.0
3.1599163678754625e-05
4.939001878696607e-07
1.188146818579517e-07
0.0
0.0
0.0
0.0
4.977906178601823e-07
0.0
1.0957721398843391e-07
3.09151911404495e-07
0.0
0.0
0.0
0.0
0.0
0.0
0.0
0.0
0.0
0.0
0.0
0.0
0.0
0.0
0.0
0.0
0.0
0.0
0.0
0.0
0.0
0.0
0.0
0.0
0.0
0.0
0.0
0.0
0.0
0.0
0.0
0.0
0.0
0.0
0.0
0.0
0.0
0.0
0.0
0.0
0.0
0.0
0.0
0.0
0.0
0.0
0.0
0.0
0.0
0.0
0.0
0.0
0.0
0.0
0.0
0.0
0.0
0.0
0.0
0.0
0.0
0.0014989196762708722
0.0006587713831765701
1.6856847942773096e-07
0.0
0.0
0.0
0.0
3.2133968149642954e-07
0.0
1.0889395041783029e-07
3.1536879521191533e-07
0.0
0.0
0.0
0.0
0.0
0.0
0.0
0.0
0.0
0.0
0.0
0.0
0.0
0.0015209782782258073
0.0004504277875973904
1.74347410350543e-07
0.0
0.0
0.0
0.0
2.687459800262068e-07
0.0
1.1076733353320807e-07
3.175873771191503e-07
0.0
0.0
0.0
0.0
0.0
0.0
0.0
0.0
0.0
0.0
0.0
0.0
0.0
2.3429912723352124e-05
0.0
1.1592764309921152e-07
0.0
0.0
0.0
0.0
6.321557515124731e-07
0.0
2.1277719853453608e-07
3.106567619948001e-07
0.0
0.0
0.0
0.0
0.0
0.0
0.0
0.0
0.0
0.0
0.0
0.0
0.0
2.7719937130869155e-05
0.0
1.1812213881703563e-07
0.0
0.0
0.0
0.0
0.0
0.0
2.1843446981364218e-07
3.179240163433916e-07
0.0
0.0
0.0
0.0
0.0
0.0
0.0
0.0
0.0
0.0
0.0
0.0
0.0
0.009776073485323946
0.007355725239184418
0.0030570302752490797
0.00165708589402154
0.0002662714933415413
3.734882874532003e-07
0.0
6.749562707149909e-07
0.0
0.0
3.68889452019243e-07
0.0
9.0595070287611e-05
0.0005373829403874157
0.0010702714976894437
0.0
0.0
0.0
0.0
0.0
0.0
0.0
0.0
0.0
0.0
0.0
0.0
0.0
0.0
0.0
0.0
0.0
0.0
0.0
0.0
0.0
0.0
0.0
0.0
0.0
0.0
0.0
0.0
0.0
0.0
0.0
0.0
0.0
0.0
0.0
0.0
0.0
0.0
0.0
0.0
0.0
0.0
0.0
0.0
0.0
0.0
0.0
0.0
0.0
0.0
0.0
0.0
0.0
0.0
0.0
0.0
0.0
0.00011864939088551025
2.0227381162551257e-05
1.1601464537526351e-07
0.0
0.0
0.0
0.0
3.2998998442245583e-07
0.0
1.0932855816264779e-07
3.213594254496119e-07
0.0
0.0
0.0
0.0
0.0
0.0
0.0
0.0
0.0
0.0
0.0
0.0
0.0
0.0001757941352016882
4.5155788878263424e-05
1.4382876809591612e-07
0.0
0.0
0.0
0.0
3.001584856590918e-07
0.0
1.1257583044654991e-07
3.208829413775607e-07
0.0
0.0
0.0
0.0
0.0
0.0
0.0
0.0
0.0
0.0
0.0
0.0
0.0
0.003476047419702176
0.0018473744821208206
2.7256419047543736e-06
0.0
0.0
0.0
0.0
3.294148956161696e-07
0.0
1.0940291398654939e-07
3.3055651557055883e-07
0.0
0.0
0.0
0.0
0.0
0.0
0.0
0.0
0.0
0.0
0.0
0.0
0.0
0.003762113044999526
0.0024000963829295683
3.699804962710523e-05
0.0
0.0
0.0
0.0
3.272440413762252e-07
0.0
1.099054897577682e-07
3.309731641229029e-07
0.0
0.0
0.0
0.00010662457774069417
0.0
0.0
0.0
0.0
0.0
0.0
0.0
0.0
0.0
0.007886879685109642
0.004680605198459447
0.0006367829640502446
1.0625452693720196e-05
0.0
0.0
0.0
3.2764344495706585e-07
0.0
0.0
3.1662044874006213e-07
0.0
0.0
7.817163447335385e-07
1.2287741085803932e-05
0.0
0.0
0.0
0.0
0.0
0.0
0.0
0.0
0.0
0.0
0.0
0.0
0.0
0.0
0.0
0.0
0.0
0.0
0.0
0.0
0.0
0.0
0.0
0.0
0.0
0.0
0.0
0.0
0.0
0.0
0.0
0.0
0.0
0.0
0.0
0.0
0.0
0.0
0.0
0.0
0.0
0.0
0.0
0.0
0.0
0.0
0.0
0.0
0.0
0.0
0.0
0.0
0.0
0.0
0.0
0.0
0.0
0.00045295402926889524
0.0001197283435383666
1.8674823685171954e-07
0.0
0.0
0.0
0.0
3.306149288889108e-07
0.0
1.0720846819340444e-07
3.2242063947275655e-07
0.0
0.0
0.0
0.0
0.0
0.0
0.0
0.0
0.0
0.0
0.0
0.0
0.0
0.002736719947494177
0.0007977430031733302
1.6101949848455228e-06
0.0
0.0
0.0
0.0
3.3325010849238006e-07
0.0
1.0919198533732807e-07
3.2065410415911817e-07
0.0
0.0
0.0
0.0
0.0
0.0
0.0
0.0
0.0
0.0
0.0
0.0
0.0
7.716755929209633e-06
0.0
1.093159075656313e-07
0.0
0.0
0.0
0.0
3.6001556681982945e-07
0.0
2.0228908149846763e-07
3.2419671682698845e-07
0.0
0.0
0.0
0.0
0.0
0.0
0.0
0.0
0.0
0.0
0.0
0.0
0.0
0.00039120718252599494
9.126313794084772e-05
1.5927061592272588e-07
0.0
0.0
0.0
0.0
4.943848386784799e-07
0.0
2.093500951345266e-07
3.2175569308997045e-07
0.0
0.0
0.0
0.0
0.0
0.0
0.0
0.0
0.0
0.0
0.0
0.0
0.0
0.00013947464881581387
3.296585551551729e-05
1.2207594595233632e-07
0.0
0.0
0.0
0.0
4.381421736102914e-07
0.0
2.0880361689512992e-07
3.190597895217338e-07
0.0
0.0
0.0
0.0
0.0
0.0
0.0
0.0
0.0
0.0
0.0
0.0
0.0
0.0
0.0
0.0
0.0
0.0
0.0
0.0
0.0
0.0
0.0
0.0
0.0
0.0
0.0
0.0
0.0
0.0
0.0
0.0
0.0
0.0
0.0
0.0
0.0
0.0
0.0
0.0
0.0
0.0
0.0
0.0
0.0
0.0
0.0
0.0
0.0
0.0
0.0
0.0
0.0
0.0
0.0
0.0
0.0
0.0
0.0
0.0
0.0
0.00019353964599649572
4.9399407560657267e-05
1.3672825183688924e-07
0.0
0.0
0.0
0.0
3.3332584641955024e-07
0.0
1.1036394757434411e-07
3.201068595852104e-07
0.0
0.0
0.0
0.0
0.0
0.0
0.0
0.0
0.0
0.0
0.0
0.0
0.0
0.00012072941834886305
2.1389632807295837e-05
1.1982263728586918e-07
0.0
0.0
0.0
0.0
3.988266171577966e-07
0.0
1.0934101390438665e-07
3.2763729118149916e-07
0.0
0.0
0.0
0.0
0.0
0.0
0.0
0.0
0.0
0.0
0.0
0.0
0.0
0.00015557416184626717
3.541941198632604e-05
1.3795964102158771e-07
0.0
0.0
0.0
0.0
3.4492267303355283e-07
0.0
5.623194760877267e-07
4.879460998425429e-07
0.0
5.8029924758839596e-05
0.0004223792069870219
0.0008758081846317969
0.0
0.0
0.0
0.0
0.0
0.0
0.0
0.0
0.0
0.015696331017629492
0.008629544253739685
0.002695575936132411
0.0005322623262505107
1.7062673153437445e-05
2.056900434143449e-08
0.0
3.2712591893329606e-07
0.0
0.0
3.6116647513969317e-07
0.0
1.7227033626727838e-06
2.570797975542363e-05
0.0003186974504977421
0.0
0.0
0.0
0.0
0.0
0.0
0.0
0.0
0.0
0.01066233631086442
0.0065895494578987355
0.0019707186115135496
0.0003173948846014317
1.3621695997114526e-05
0.0
0.0
3.21733211429451e-07
0.0
0.0
5.46977164379162e-07
0.0
1.79979923971932e-05
0.0003550830750214971
0.0008896743749346303
0.0
0.0
0.0
0.0
0.0
0.0
0.0
0.0
0.0
0.0
0.0
0.0
0.0
0.0
0.0
0.0
0.0
0.0
0.0
0.0
0.0
0.0
0.0
0.0
0.0
0.0
0.0
0.0
0.0
0.0
0.0
0.0
0.0
0.0
0.0
0.0
0.0
0.0
0.0
0.0
0.0
0.0
0.0
0.0
0.0
0.0
0.0
0.0
0.0
0.0
0.0
0.0
0.0
0.0
0.0
0.0
0.0
0.0
0.0
0.0
0.0
0.0
0.0
0.0
0.0
0.0
0.0
0.0
0.0
0.0
0.0
0.0
0.0
0.0
0.0
0.0
0.0
0.0
0.0
0.0
0.0
0.0013020266850924072
0.000967930675702709
2.115755278999755e-06
0.0
0.0
0.0
0.0
3.2463063675689297e-07
0.0
0.0
3.5120618020761534e-07
0.0
0.0
4.252877851245335e-05
0.0006662801620389855
0.0
0.0
0.0
0.0
0.0
0.0
0.0
0.0
0.0
0.012613852699467607
0.00674124998260958
0.0012318704823572012
3.00881638768927e-05
8.042562788101309e-07
0.0
0.0
3.2325189688418565e-07
0.0
0.0
3.280376781201764e-07
0.0
0.0
0.0
3.714963206038978e-06
0.0
0.0
0.0
0.0
0.0
0.0
0.0
0.0
0.0
0.002604915352836554
0.0011266703328823894
2.6771267632044047e-06
0.0
0.0
0.0
0.0
3.344743280367481e-07
0.0
1.096320677982467e-07
3.1738934417290305e-07
0.0
0.0
0.0
0.0
0.0
0.0
0.0
0.0
0.0
0.0
0.0
0.0
0.0
8.851306004140758e-05
1.830406968884784e-05
1.0873508468639852e-07
0.0
0.0
0.0
0.0
3.43018947356119e-07
0.0
1.0775572794963064e-07
3.1884571911058916e-07
0.0
0.0
0.0
0.0
0.0
0.0
0.0
0.0
0.0
0.0
0.0
0.0
0.0
0.0
0.0
0.0
0.0
0.0
0.0
0.0
0.0
0.0
0.0
0.0
0.0
0.0
0.0
0.0
0.0
0.0
0.0
0.0
0.0
0.0
0.0
0.0
0.0
0.0
0.0
0.0
0.0
0.0
0.0
0.0
0.0
0.0
0.0
0.0
0.0
0.0
0.0
0.0
0.0
0.0
0.0
