0.0
0.0
0.0
0.0
2.2382514243145293e-05
2.1724247435206755e-05
6.589338914979826e-05
6.094934831185013e-05
0.0020557813166362914
0.0013952228504364363
0.0010089327025662265
0.0007683324595584318
0.00047622642638178936
0.0003459552554866183
0.00024872811921735114
0.00017847148668679582
0.00015410392557235587
0.0005597673907968598
0.0006876948600270406
0.0
0.0
0.0
0.0
0.0
0.0
0.0
0.0
0.0
0.0
0.0
0.0007543361875597199
0.00026745671713576663
2.2510702973758275e-05
0.0
0.0
0.0
0.0
0.0
0.0
0.0
0.0
0.0
0.0
0.0
0.0
0.0
0.0
0.0
0.0
0.0
0.0
0.0
0.0
0.0
0.0
0.0
0.0
0.0
0.0
0.0
0.0
0.0
0.0
0.0
0.0
0.0
0.0
0.0
0.0
0.0
0.0
0.0
0.0
0.0
0.0
0.0
0.0
0.0
0.0015143796719878685
0.0012811543089044366
0.0008734982649886337
0.00024728588710593616
1.819149113553849e-05
0.0
0.0
0.0
0.0
0.0
0.0
0.0
5.451715287491218e-06
0.00022836177255609422
0.0005510971876234505
0.0
0.0
0.0
1.2243054822317645e-05
2.9771505476896807e-05
8.303539664641598e-05
0.00015753819794358528
0.0002730104307774483
0.00024487349279259617
0.0024025775692788974
0.001712691146509509
0.001010985442681011
0.00016914863855157597
0.0
0.0
0.0
0.0
0.0
0.0
0.0
0.0
0.0
0.0
0.0
0.0
0.0
0.0
0.0
0.0
0.0
0.0
0.0
0.0
0.000628766322366166
0.0003038438670111883
3.576015161726678e-05
0.0
0.0
0.0
0.0
0.0
0.0
0.0
0.0
0.0
0.0
0.0
0.0
0.0
0.0
0.0
0.0
0.0
0.0
0.0
0.0
0.0
0.0
0.0
0.0013439516050570085
0.0012171894298670266
0.0011274097038529594
0.0010739058447495756
0.0009289202320104059
0.0008808212095134674
0.0008107539683845582
0.0007887535015954608
0.0008030481507804622
0.0014910322686166157
0.0016881748411757434
0.0
0.0
1.8418504481184934e-05
2.593241993101518e-05
3.277046576513349e-05
6.336238471470883e-05
7.28346636902127e-05
0.0001737380202692473
0.0002722955313171914
0.00031533264869928616
0.0003677437633264798
0.0026320306316283005
0.0020687856633055646
0.0017023214607850747
0.0012445338160046572
0.0008966510238051878
0.0004935845097316625
0.00027626421355909795
0.00011586779743826983
3.0230481969054212e-05
1.0610007139979283e-05
2.958601967385966e-05
0.00019195821856973547
0.0005361531302603783
0.0008190602867753519
0.0010551757438545327
0.0
3.5149673258278695e-05
9.028660124913939e-05
0.0002817112209847439
0.00039610188871220294
0.000489115859233399
0.0005717875832458856
0.0006393845382818719
0.0006982614172024886
0.003080780880866235
0.002442806960098113
0.0017819115037699168
0.0008734120351912479
0.0003245054395701696
2.258752863276335e-05
0.0
0.0
0.0
0.0
0.0
0.0
9.684424369736458e-05
0.0004155099407190958
0.0006776953285151337
0.0
0.0
0.0
1.483724570839362e-05
3.996943064312936e-05
0.00012095474527682193
0.0002858585090033583
0.0004114731053955028
0.00047377709698541643
0.0026924493878052493
0.0019499403234435855
0.0015417763824048247
0.0010502035309943444
0.0007196283757753654
0.00040422411225066407
0.00024846130804307743
0.000144308809455176
9.537553331522972e-05
9.362143069943256e-05
0.0001955143722910198
0.00044468961700062974
0.0008689457497567669
0.0012994787410341383
0.0016259350912957128
3.731506007665064e-05
0.0003933859055097608
0.0007059091957132373
0.0009027734899118486
0.0010585670717984793
0.0011632347209121663
0.0012684818910880893
0.0013721526693851519
0.0014667867861138588
0.0036206178321390296
0.0035694416531124947
0.003145858038178508
0.0024638559398672067
0.0021281990315821083
0.001740492426838804
0.001470956073117692
0.0012962826946423215
0.0011530054386327494
0.0009618404126699733
0.001001786879977343
0.0011853236310971568
0.001370843803778292
0.0015065578141444807
0.00158984786287128
1.8333697672490542e-05
0.00018062662469003026
0.0004128529115640508
0.0004965786029638335
0.0005683035235251717
0.0006260115708643564
0.0006914077669130019
0.0007094213339174645
0.0007180852031179434
0.0030263763540995248
0.002434277004039394
0.002096906504229107
0.0016785622223576642
0.0014883624262128335
0.0013932522619083958
0.0013798434802508835
0.0012668070117520056
0.0010807756603083967
0.000876005207624165
0.0008006667965346196
0.0008182233632892915
0.000992158804241452
0.0011486436626164417
0.0011877300497648384
0.0
1.9980914950779893e-05
7.772964077402726e-05
0.00017763039485690303
0.0003365099198483398
0.0003728707198579717
0.0004785164156060459
0.000501322992914318
0.0006804373692586278
0.0030212974892524103
0.0025149475756476
0.0022799062168908295
0.001969811494313579
0.0017765404413251369
0.0015656489658329052
0.0015173045540220495
0.0016200046581840172
0.0016918446047835436
0.0017073221358191845
0.0016553128595075547
0.0016900082294087826
0.0019720193121665485
0.002135362088454345
0.0022092895972624497
0.002348778516679033
0.0002747623549204111
0.0006328887657335421
0.0008717117129323058
0.0009393943989357138
0.0010832547038186525
0.0010864315403918035
0.0012168597661821557
0.001219537842199375
0.001348370521429453
0.001251650524827033
0.003419412421203836
0.002671087041950024
0.0020218844625842537
0.0016122887086233246
0.0011386200393686922
0.000840330918946955
0.000644046300519223
0.0004984310229546474
0.0004896966075860021
0.0013136967630607295
0.0016996825876785051
0.0
1.739361077561416e-05
7.010414069706499e-05
0.00020939880012506683
0.00034322768405544807
0.00042577461170865706
0.0005027432169590845
0.0006339682373433475
0.000710959351241806
0.0007771440605934187
0.0008332128728840448
0.0008307478575880951
0.0007546746790430042
0.002729192424221049
0.0016892081677705108
0.0008453036004737868
0.0002916938203005723
3.905674432373734e-06
0.0
0.0
0.0
0.0
2.891530744103666e-05
0.00025375099828239014
0.0
0.0
0.0
0.0
0.0
5.018210396050023e-06
2.6743152726046228e-05
5.774429155244752e-05
0.0001055774663823776
0.00026579772491779643
0.00037710306798581717
0.0026560552751651863
0.0020625094878375843
0.0014166737658545612
0.0005389992107823916
6.532370804375749e-05
0.0
0.0
0.0
0.0
0.0
3.636351879510418e-06
0.00018735307093860435
0.0006306938918370315
0.0010009084627899728
0.0011872778821330344
0.0
4.1948175560020276e-05
0.00020131190542418108
0.0004286383494491817
0.0005853836878796783
0.0006729089995489436
0.0007839609771481442
0.0008178698916632588
0.0009667699985961506
0.003423901190312416
0.002884952806995121
0.0023399869518728215
0.0017221281434492345
0.0014756297278116686
0.0012212163155112918
0.0009985926741967392
0.0008539546252891978
0.0007557492097063391
0.0007028244140259984
0.0007483825922613865
0.000818302821583434
0.0009854312625778453
0.0011596271148261157
0.0011939473214576223
0.0
1.553215362050982e-05
2.939161799227015e-05
4.50839621570069e-05
4.3527943817169965e-05
5.054186548209545e-05
4.474772037091335e-05
5.058903118497265e-05
4.334632576263979e-05
0.002025143275277952
0.0013750383219130677
0.0010387123976700065
0.000519487806590948
8.261735115720624e-05
0.0
0.0
0.0
0.0
0.0
0.0
0.0
0.0
0.0
0.0
0.0
0.0
0.0
0.0
0.0
0.0
0.0
0.0
0.0
1.5043466345408116e-05
0.0
0.0
0.0
0.0
0.0
0.0
0.0
0.0
0.0
0.0
0.0
0.0
0.0
0.0
0.0
0.0
0.0
0.0
0.0
0.0
0.0
0.0
0.0
0.0
0.0
0.0
0.0
0.0
0.0
0.0
0.0
0.0
0.0
0.0
0.0
0.0
0.0
0.0
0.0
0.0
0.0
0.0
0.0
0.0
0.0
0.0
0.0
0.0
0.0
0.0
0.0
0.0
0.0
0.0
0.0
0.0
0.0
0.0
0.0
0.0
0.0
0.0
0.0
0.0
0.0
0.0
0.0
0.0
0.0
0.0
0.0
0.0
0.0
0.0
0.0
0.0
0.0
0.0
0.0
0.0
0.0
0.0
0.0
0.0
0.0
0.0
0.0
0.0
0.0
0.0
0.0
0.0
0.0
0.0
0.0
0.00039693015175762685
0.00030817805993597674
0.00019551006386613306
5.064328893313064e-05
2.6802885483342857e-05
5.6766925960425905e-06
2.976145730297667e-07
0.0
0.0
0.0
0.0
0.0
5.9011887639578134e-05
0.0003722183174027698
0.0006558924353661738
0.0
0.0
5.543110268065515e-06
2.7166711752360422e-05
6.058424392564957e-05
0.00015401516708328318
0.0003348396347427111
0.0004027447139338284
0.0004919450379172564
0.0027199230701506105
0.0020468731391363754
0.0013602472798306111
0.0005480313008238663
0.000119924553137541
0.0
0.0
0.0
0.0
0.0
0.0
0.0
0.0
2.981613208660671e-05
0.0001291320280644859
0.0
0.0
0.0
0.0
0.0
0.0
0.0
0.0
0.0
0.001581688651318024
0.0009935276338804346
0.0005835176133105258
7.253542762770223e-05
0.0
0.0
0.0
0.0
0.0
0.0
0.0
0.0
0.0
0.0
0.0
0.0
0.0
0.0
0.0
0.0
0.0
0.0
0.0
1.4524493192848211e-05
0.002178073373055418
0.0017752561902850054
0.001207084184350154
0.0005109121063974484
0.0001080482811118145
0.0
0.0
0.0
0.0
0.0
0.0
0.0
0.0
3.8135413294042625e-05
0.00023212740268805114
0.0
0.0
0.0
1.2523926615385032e-05
2.7749735136099803e-05
8.297567862373915e-05
0.00022144725709718176
0.0003756840332840142
0.00039793655839985055
0.0025480654204372657
0.0018233618684969574
0.0012570803058507096
0.0005236600745741044
4.637621406650388e-05
0.0
0.0
0.0
0.0
0.0
0.0
0.0
0.0
0.0
0.0
2.155711123186024e-06
0.0
0.0
0.0
0.0
0.0
0.0
0.0
0.0
0.0
0.0
0.000642257228041796
0.00019797964141293168
0.0
0.0
0.0
0.0
0.0
0.0
0.0
0.0
0.0
0.0
0.0
0.0
0.0
0.0
0.0
0.0
0.0
0.0
0.0
0.0
9.963783274444363e-05
4.9237741743791994e-05
1.8754421758602363e-07
0.0
0.0
0.0
0.0
0.0
0.0
0.0
0.0
0.0
0.0
0.0
0.0
0.0
0.0
0.0
0.0
0.0
0.0
0.0
0.0
0.0
0.0
0.0
0.0
0.0
0.0
0.0
0.0
0.0
0.0
0.0
0.0
0.0
1.6147912441707216e-06
2.650767409320248e-05
9.570371867306786e-05
0.0
0.0
0.0
0.0
0.0
0.0
0.0
0.0
0.0
0.0018006618987414734
0.0014168950040790052
0.0012089747703469395
0.0007987970660413096
0.0005143016738413663
0.00019421799306629272
2.0334838900126227e-05
0.0
0.0
0.0
0.0
5.988707083250489e-07
0.00016767919503858894
0.0005942529206410199
0.0008433796784943226
0.0
0.0
3.547213326114964e-05
5.7789789515614126e-05
0.00016237818794312994
0.0003086633684618877
0.00041150526111664783
0.0005305644371891318
0.0006203538164387116
0.003025435090499089
0.0025075802407696947
0.00215549460049399
0.0016074302792671296
0.0012601598962034856
0.0009255338203633344
0.0006590127202544397
0.00043423339789958585
0.0002730352549630359
0.00017264450130926578
0.00021474629129723114
0.000373945998117579
0.000625985795496301
0.0008151986306104111
0.0009478050058713351
0.0
0.0
2.489851603948721e-05
3.8633458427910325e-05
0.00010275427969075241
0.0001843890119731497
0.0003877858801115039
0.00046316329010386573
0.0005987295582567694
0.0028443139403454684
0.0023259797873477696
0.002068699205499424
0.0017382143994792434
0.0015948828005182421
0.001445601210937854
0.0013846166236297158
0.0012716143243346983
0.0012005160532397442
0.001149564297100473
0.0011204378263212893
0.0011188465340865271
0.0012092549275904087
0.0012751260590639743
0.0013070014251201105
5.99306141476474e-06
4.143529399703014e-05
0.00012283225148490622
0.00023848626979594402
0.00033465864800971863
0.0003644004729026685
0.00037641782772922683
0.0003525759807245525
0.00039196726390413244
0.00252751160627526
0.002018215116722223
0.0017636973289547617
0.0013574794698814603
0.0010415943521099838
0.0007999114174768553
0.0006229365643632587
0.00038141046407630266
0.00012856858989004208
1.515220711631974e-05
5.662395915212015e-06
4.596193377051202e-05
0.0004117777306054768
0.0007860923763912511
0.0010336496663072218
0.0013065669001116628
0.0
2.0449013119661814e-05
0.0001004205988970123
0.0002585988089497866
0.0003940533682188955
0.0004386131548225088
0.0005605203490049157
0.0006172663602704042
0.0006963446747419342
0.0006034356865219332
0.002714836927186206
0.0018414204560408501
0.0010704667611341533
0.00045565535880056084
2.4971884385203937e-05
0.0
0.0
0.0
6.335795242560672e-07
0.00029877303429950443
0.0006289318418025699
0.0
0.0
0.0
0.0
0.0
0.0
0.0
0.0
0.0
0.0
0.0
0.0015659966023159717
0.0010695360965352738
0.0007033744538481582
0.00014656103339154994
0.0
0.0
0.0
0.0
0.0
0.0
0.0
0.0
1.1295562074598007e-05
0.00017423826151987
0.00032429472201995005
0.0
0.0
0.0
1.5089464127765887e-05
3.643010451931271e-05
8.921573017496764e-05
0.00025327368491751727
0.0003346414185914171
0.0004974970147679274
0.0026564668325890625
0.0019314281343749949
0.0012491581374530717
0.0004690393611282618
8.525949760027062e-05
0.0
0.0
0.0
0.0
0.0
0.0
0.0
0.0
3.6501431593138778e-06
4.090848807236995e-05
0.0
0.0
0.0
0.0
0.0
0.0
0.0
0.0
0.0
0.0014063813079602495
0.000956812903632566
0.0006616625938914966
0.0002719468378530003
0.00010389596490013641
6.5612643235077645e-06
0.0
0.0
0.0
3.706582964227601e-07
8.202554827204276e-06
5.065290590779164e-05
0.00015348650040609602
0.00030410953334150426
0.0004140293543566437
0.0
0.0
0.0
0.0
0.0
0.0
0.0
0.0
0.0
0.0009220135714693089
0.0005485021538217666
0.0002554408668426524
8.581775430008967e-06
0.0
0.0
0.0
0.0
0.0
4.48039705847637e-05
0.00029523530991286417
0.0004919145762071009
0.0007133470102702691
0.0008942679100323265
0.0010139936481307135
0.0
0.0
3.192979662390278e-05
4.005707694895786e-05
9.072968047792881e-05
0.00014922488153274266
0.00023824512595314512
0.00028029812677049276
0.000319982361436144
0.002486716366161996
0.0019130843682056418
0.0016295467457534216
0.0012573329470106378
0.0011701025499082241
0.0010013001990203574
0.0009149564021222138
0.0008841532100983862
0.0008789123095161962
0.0009433914780301145
0.0010091334096239727
0.0010817332244266026
0.001289915038688862
0.0014545848963099608
0.001531315166247048
1.4861237143087841e-05
6.349781672559866e-05
0.000220885361500886
0.00035693917052487386
0.0004923839696895018
0.0005259895988298707
0.0006326436722147662
0.0006400314493910917
0.0007187110680136624
0.0030154995389572855
0.002462961190377062
0.002152118509243183
0.00176649825660794
0.0014915170622578921
0.0013027017664077923
0.0011887467064222456
0.0009935366484968321
0.0007522967121704671
0.0005523562153167223
0.00047434346165060485
0.0005927495794589225
0.001004662138484546
0.0012552983172128428
0.001385995425975937
0.0015931557538818332
1.6528716836134347e-05
0.0001069738604959483
0.0003383644068374376
0.00045880556343222683
0.0005784069800003788
0.0006002274236610501
0.0006762113742395827
0.0006718558971678335
0.0007350562313901436
0.0006653695290887079
0.0027134929109323964
0.001788256417877202
0.0012327960816442011
0.0009113103718581169
0.0005005279328734942
0.0003271494728748716
0.0002524034294381205
0.00023153779789809704
0.00027274005300136566
0.0008732442616142395
0.00117049858587127
0.0
0.0
0.0
0.0
2.5095022264585964e-05
3.16865147238754e-05
6.890130503162574e-05
6.693841599921674e-05
8.91634889907246e-05
0.00011627152676698212
0.00018427185270710768
0.0022958067388704315
0.0016960565654258837
0.0013421323040675693
0.0008796426507477372
0.0006347429497920897
0.0004072190549208555
0.0002565842953946499
0.00016419280395268374
0.00014763908398463145
9.708508435014376e-05
0.00011589017943278924
0.0002118467044505062
0.00037900746943198265
0.0006151211974718018
0.0006523670441125388
0.0
0.0
0.0
0.0
1.995204348979213e-05
2.6384041502933526e-05
2.5440697385857027e-05
3.9398131907410136e-05
4.682488544514591e-05
0.0020799520057807786
0.0014961947286734716
0.001133648183927633
0.0006703594818732857
0.0004271835498065722
0.0001741535204607272
7.132596647543682e-05
1.5001000000265847e-05
0.0
0.0
0.0
0.0
6.457764208952736e-06
0.00011504317202440915
0.0002293837399687658
0.0
0.0
0.0
0.0
0.0
0.0
0.0
0.0
0.0
0.0014010841248927
0.0009122936575044732
0.0006551095781722715
0.00030710729894170726
0.00012392029998619405
3.2097535308760688e-06
0.0
0.0
0.0
0.0
0.0
0.0
0.0
0.0
1.0357521746031875e-06
0.0
0.0
0.0
0.0
0.0
0.0
0.0
0.0
0.0
0.0007221257407458531
0.00041873118710552453
0.00014922467188144959
0.0
0.0
0.0
0.0
0.0
0.0
0.0
0.0
0.0
0.0
0.0
0.0
0.0
0.0
0.0
0.0
0.0
0.0
0.0
1.4363675014792772e-05
5.263980860818099e-05
0.0022356196211010385
0.0017623135198217045
0.0015385585960431397
0.0013130237350568272
0.0012883852621133666
0.0011138692949792957
0.0009474453699005066
0.0008928048372071931
0.0008477424884962774
0.000802785185980902
0.0009162261293614428
0.0010672195704002079
0.0012574065023754273
0.0014327718115264372
0.0015308356333483045
2.4058484492467442e-05
0.00016972948851889138
0.0004263295879365724
0.000569282203264949
0.0006645992493507058
0.0007544455522994544
0.0008085893291624588
0.0008794230436129479
0.0008998267809855429
0.003294287103349495
0.0027714590865611133
0.00236885336715334
0.0018061887284644273
0.001369448757024563
0.0010522546468305465
0.0008327736715879373
0.0005687665956837766
0.00034284969062300534
0.00023287763721314953
0.00022072775250875395
0.00034267652170370095
0.0007191036326001772
0.0010030796685344722
0.001165246756112684
0.001342600930493491
0.0
1.536006859579586e-05
3.762893096054258e-05
8.181437110417563e-05
0.00011870063905195901
0.00022950026466990242
0.00026732320617161074
0.00030046810363242976
0.00030860181920133067
0.0003226072508598471
0.0023053255267344044
0.0016542669768631149
0.0012427624805325887
0.0010211132837681708
0.000748785317670471
0.0006170725816949018
0.0005180415123559953
0.0004644102767942677
0.0004522645614715823
0.0009715219251603369
0.001112300093971132
0.0
0.0
0.0
0.0
0.0
0.0
0.0
0.0
0.0
0.0
0.0
0.0
0.0
0.0007653808031989202
0.00025998730828455185
7.3042830558711934e-06
0.0
0.0
0.0
0.0
0.0
0.0
0.0
0.0
0.0
0.0
0.0
0.0
0.0
0.0
0.0
0.0
0.0
0.0
0.0
0.0004987043756125219
0.0002179316776148764
3.917033851235327e-05
0.0
0.0
0.0
0.0
0.0
0.0
0.0
0.0
0.0
0.0
0.0
0.0
0.0
0.0
0.0
0.0
0.0
0.0
0.0
0.0
0.0
3.592343559486449e-05
2.1617589486970373e-06
0.0
0.0
0.0
0.0
0.0
0.0
0.0
0.0
0.0
0.0
0.0
0.0
0.0
0.0
0.0
0.0
0.0
0.0
0.0
0.0
0.0
0.0
0.0012965955563847633
0.000835227699326871
0.00046934625410098503
4.3154818420290116e-05
0.0
0.0
0.0
0.0
0.0
0.0
0.0
0.0
0.0
0.0
0.0
0.0
0.0
0.0
0.0
0.0
0.0
0.0
0.0
0.0
0.0004917599084306031
0.00028827347689659515
6.516409053126256e-05
0.0
0.0
0.0
0.0
0.0
0.0
0.0
0.0
0.0
0.0
0.0
0.0
0.0
0.0
0.0
0.0
0.0
0.0
0.0
0.0
0.0
0.0013209710826915231
0.000925296644878311
0.0005783141175158903
6.139390505683004e-05
0.0
0.0
0.0
0.0
0.0
0.0
0.0
0.0
0.0
0.0
0.0
0.0
0.0
0.0
0.0
0.0
0.0
0.0
5.018146144934374e-06
2.658555770309915e-05
5.847297133641152e-05
7.03043624172572e-05
0.0019197939098267636
0.0008606297330476483
0.00022542278038013687
2.150945445715476e-05
0.0
0.0
0.0
0.0
0.0
0.0
3.6097096824963666e-05
0.0
0.0
0.0
0.0
0.0
0.0
1.016673604003896e-05
3.4351476945682435e-05
9.387193681522099e-05
0.00018791058516667207
0.00032776371289180663
0.0026045582229534646
0.0019962248801637652
0.00143856524575627
0.0008223313996170051
0.0005040147299966113
0.00016737477036604458
6.370314039303777e-06
0.0
0.0
0.0
0.0
0.0
1.834955943071149e-05
0.0003317040758625761
0.0005152533564364468
0.0
0.0
0.0
5.699145302466257e-06
3.249577732624037e-05
8.838120321335727e-05
0.0002013139140094113
0.00030843747736689905
0.0003476768169394439
0.002528370111454841
0.0017478394390985591
0.0010235383592603123
0.00024361790066907522
1.8840580039728753e-06
0.0
0.0
0.0
0.0
0.0
0.0
0.0
0.0
0.0
0.0
0.0
0.0
0.0
0.0
0.0
0.0
0.0
5.9540988019904344e-06
2.4554329886738287e-05
0.0019384866419356348
0.0012681692031901602
0.0007289324883695894
0.00011941828619609498
0.0
0.0
0.0
0.0
0.0
0.0
0.0
0.0
0.0
0.0
0.0
0.0
0.0
0.0
0.0
0.0
0.0
0.0
0.0
0.0
0.00020464003138465306
4.3097100128449475e-05
0.0
0.0
0.0
0.0
0.0
0.0
0.0
0.0
0.0
0.0
0.0
0.0
0.0
0.0
0.0
0.0
0.0
0.0
0.0
0.0
0.0
0.0
5.480538227697053e-05
1.6124829266751608e-07
0.0
0.0
0.0
0.0
0.0
0.0
0.0
0.0
0.0
0.0
0.0
0.0
0.0
0.0
0.0
0.0
0.0
0.0
0.0
0.0
0.0
0.0
0.000772771202313756
0.0007252604926760854
0.0006730461716266454
0.0004154336226536345
0.00013693768207489676
5.544936420345046e-06
0.0
0.0
0.0
0.0
0.0
0.0
2.6939607689717276e-06
9.317617173289538e-05
0.0003248110043837884
0.0007221185372260218
0.0
0.0
0.0
0.0
2.4201095954156263e-05
2.452465556249116e-05
5.038331325374665e-05
5.73990907088464e-05
8.95230199413046e-05
6.63364447020029e-05
0.0021108362216723745
0.0013239872373113088
0.0007965562647597389
0.0005108674079244387
0.00014363298599258753
2.262749198017831e-05
8.277598550762715e-07
0.0
0.0
9.936683120387026e-05
0.0005156224309318413
0.0
0.0
0.0
0.0
0.0
0.0
0.0
0.0
1.0745964732130529e-05
2.4364318447231044e-05
2.225399936919882e-05
0.0020897914910394046
0.0013945570188169565
0.0007748003504956723
0.00011219043442516745
0.0
0.0
0.0
0.0
0.0
0.0
0.0
0.0
0.0
0.0
0.0
0.0
0.0
0.0
0.0
0.0
0.0
0.0
0.0
0.0
0.0016090170139214923
0.001076919597655523
0.0005289786294892794
2.2944225288571167e-05
0.0
0.0
0.0
0.0
0.0
0.0
0.0
0.0
0.0
0.0
0.0
0.0
0.0
0.0
0.0
0.0
0.0
0.0
0.0
0.0
0.0014209183998595434
0.0009323165767956291
0.0005902689849701959
0.0001324287613385159
1.3806227496313515e-06
0.0
0.0
0.0
0.0
0.0
0.0
0.0
0.0
0.0
0.0
0.0
0.0
0.0
0.0
0.0
0.0
0.0
0.0
0.0
0.0
0.0
0.0
0.0
0.0
0.0
0.0
0.0
0.0
0.0
0.0
0.0
0.0
0.0
0.0
0.0
0.0
0.0
0.0
0.0
0.0
0.0
0.0
0.0
0.0009402591865186775
0.0006620048009769054
0.0003136799449173627
4.0564116363307174e-07
0.0
0.0
0.0
0.0
0.0
0.0
0.0
0.0
0.0
0.0
2.8336880447835415e-05
0.0
0.0
0.0
0.0
0.0
5.319463868994432e-06
2.5122415437461688e-05
3.546117829997986e-05
8.43349310517496e-05
0.0022956813973010306
0.0015044076708303207
0.0006550946891681575
1.626413760809954e-05
0.0
0.0
0.0
0.0
0.0
0.0
0.0
0.0
0.0
0.0
0.0
0.0
0.0
0.0
0.0
0.0
0.0
0.0
0.0
0.0
0.0
0.000295190032336538
9.56929452756262e-06
0.0
0.0
0.0
0.0
0.0
0.0
0.0
0.0
0.0
0.0
0.0
0.0
0.0
0.0
0.0
0.0
0.0
0.0
0.0
0.0
3.494929034270801e-06
3.2461998461691656e-06
0.0
0.0
0.0
0.0
0.0
0.0
0.0
0.0
0.0
0.0
0.0
0.0
0.0
0.0
0.0
0.0
0.0
0.0
0.0
0.0
0.0
0.0
0.0015097691202573486
0.0011550492387285953
0.0009008683055167019
0.0003683978581709874
5.258769368824547e-05
0.0
0.0
0.0
0.0
0.0
0.0
0.0
0.0
0.0
0.0
0.0
0.0
0.0
0.0
0.0
0.0
1.3631925052404959e-05
3.7383094029438665e-05
0.00010098247581150962
0.0024361135363931553
0.00196000670303572
0.0015546575462902887
0.0010090343912274448
0.0006455640993375203
0.00025598397928531337
6.669849098159451e-05
6.912473807547777e-07
0.0
0.0
0.0
0.0
0.0
6.044035531978809e-05
0.0003261824173652048
0.0
0.0
0.0
1.7763984340347543e-05
8.189678585778087e-05
0.00022451092206010443
0.0003785706247669013
0.0004344056554325451
0.0005419026768591455
0.0028551739717081383
0.0022069994426264367
0.0015459014704142856
0.0007097397388997731
0.00023047533937396253
4.328662314595991e-06
0.0
0.0
0.0
0.0
0.0
0.0
0.0
0.0
4.495065597909242e-06
0.0
0.0
0.0
0.0
0.0
0.0
0.0
0.0
0.0
0.001246120252917858
0.0008994621385522148
0.0007155187514947885
0.0003992251938245422
0.00024742777539715527
6.347031663186081e-05
1.6556151044099176e-05
5.19507033599463e-06
6.803552274019872e-07
2.0744083874132043e-06
2.939024497414602e-06
8.810859701657657e-06
2.330157049144291e-05
9.154835716608353e-05
0.0001625093370868711
0.0
0.0
0.0
0.0
0.0
0.0
0.0
0.0
0.0
0.0009925885764187604
0.0006081225718860799
0.0003769741917942137
4.713479105246185e-05
0.0
0.0
0.0
0.0
0.0
0.0
0.0
0.0
1.967770511406984e-06
3.770552218243804e-05
6.856538502004928e-05
0.00022562681870092618
0.0
0.0
0.0
0.0
0.0
0.0
0.0
1.621801513771097e-05
2.3223814793484603e-05
2.7180342686547756e-05
0.002054554497206723
0.0015383622944518441
0.0012601008364222992
0.0011105286800095634
0.0008415386579682321
0.0007058636027193948
0.0005201263575953875
0.00037766971839170666
0.0003193382706298078
0.0008331813934050812
0.0009964277722618498
0.0
0.0
0.0
2.174457013768413e-05
5.355958239970524e-05
0.00012448361040438114
0.0003094689565718146
0.00038378031052893814
0.0004926619503088563
0.0005182502610198062
0.0006062906665207881
0.0029579720307663405
0.002353532678572291
0.0017827589597684938
0.0010205893647327346
0.0005577182722265343
0.0002053142748406293
3.961920669855197e-05
0.0
0.0
0.0
0.0
0.0
0.0
8.248537826291726e-08
6.788847168858691e-05
0.0
0.0
0.0
0.0
0.0
0.0
0.0
2.344940632453872e-05
2.4041132169987414e-05
0.002122544706369213
0.0015798023848384432
0.0010295381261692994
0.0003010854296813703
1.439917504056273e-05
0.0
0.0
0.0
0.0
0.0
0.0
0.0
0.0
0.0
0.0
0.0
0.0
0.0
0.0
0.0
0.0
0.0
0.0
0.0
0.0016076942083199297
0.0012242784033541997
0.0007354168630748796
8.903186556931351e-05
0.0
0.0
0.0
0.0
0.0
0.0
0.0
0.0
0.0
0.0
0.0
0.0
0.0
0.0
0.0
0.0
0.0
0.0
0.0
0.0
0.0010364969760656225
0.0007494191460070913
0.0003558116769630984
3.6838050518037364e-06
0.0
0.0
0.0
0.0
0.0
0.0
0.0
0.0
0.0
0.0
0.0
0.0
0.0
0.0
0.0
0.0
0.0
0.0
0.0
0.0
0.0001540650734643651
3.597200058390144e-05
1.7858794392588265e-08
0.0
0.0
0.0
0.0
0.0
0.0
0.0
0.0
0.0
0.0
0.0
0.0
0.0
0.0
0.0
0.0
0.0
0.0
0.0
0.0
0.0
0.0
0.0
0.0
0.0
0.0
0.0
0.0
0.0
0.0
0.0
0.0
0.0
0.0
0.0
0.0
0.0
0.0
0.0
0.0
0.0
0.0
0.0
0.0
0.0
0.0
0.0
0.0
0.0
0.0
0.0
0.0
0.0
0.0
0.0
0.0
0.0
0.0
0.0
0.0
0.0
0.0
0.0
0.0
0.0
0.0
0.0
0.0
0.0
0.0
0.0
0.0
0.0
0.0
0.0
0.0
0.0
0.0
0.0
0.0
0.0
0.0
0.0
0.0
0.0
0.0
0.0
0.0
0.0
0.0
0.0
0.0
0.0
0.0003641539915468211
0.00019010091455355546
1.4706429052013316e-05
0.0
0.0
0.0
0.0
0.0
0.0
0.0
0.0
0.0
0.0
0.0
0.0
0.0
0.0
0.0
0.0
0.0
0.0
0.0
0.0
0.0
0.0
0.0
0.0
0.0
0.0
0.0
0.0
0.0
0.0
0.0
0.0
0.0
0.0
0.0
0.0
0.0
0.0
0.0
0.0
0.0
0.0
0.0
0.0
0.0
0.0
0.0
0.0
0.0
0.0
0.0
0.0
0.0
0.0
0.0
0.0
0.0
1.9275078705543355e-05
0.00010710534383630513
0.00018223172806049341
0.0
0.0
0.0
0.0
0.0
0.0
0.0
0.0
0.0
0.0015848308402905673
0.001166984074170504
0.001004496229519672
0.000709666199103149
0.0005786101312600813
0.00043846954206507667
0.00035635935366749627
0.00030698394769737607
0.0002838204804480369
0.00024536092559466593
0.0002569511330365901
0.0002688358808255918
0.00026882344724548653
0.00030980652194386403
0.0003133276845270259
0.0
0.0
0.0
0.0
0.0
0.0
0.0
0.0
0.0
0.0005509084768100987
0.00018218208517060966
1.1066953241744918e-05
0.0
0.0
0.0
0.0
0.0
0.0
0.0
0.0
0.0
0.0
0.0
0.0
0.0
0.0
0.0
0.0
0.0
0.0
0.0
0.0
0.0
0.0
0.0
1.5747269793673987e-05
0.0
0.0
0.0
0.0
0.0
0.0
0.0
0.0
0.0
0.0
0.0
0.0
0.0
0.0
0.0
0.0
0.0
0.0
0.0
0.0
0.0
0.0
0.0
0.0
0.0
0.0
0.0
0.0
0.0
0.0
0.0
0.0
0.0
0.0
0.0
0.0
0.0
0.0
0.0
0.0
0.0
0.0
0.0
0.0
0.0
0.0008453114688840123
0.0006166740266081042
0.0003029798460306322
2.8219159521308834e-06
0.0
0.0
0.0
0.0
0.0
0.0
0.0
0.0
0.0
0.0
0.0
0.0
0.0
0.0
0.0
0.0
0.0
0.0
0.0
0.0
0.0008167164946204006
0.0005081823106646572
0.0001909215750476106
0.0
0.0
0.0
0.0
0.0
0.0
0.0
0.0
0.0
0.0
0.0
0.0
0.0
0.0
0.0
0.0
0.0
0.0
0.0
0.0
0.0
0.00021251809500775267
4.4497546700322e-05
0.0
0.0
0.0
0.0
0.0
0.0
0.0
0.0
0.0
0.0
0.0
0.0
0.0
0.0
0.0
0.0
0.0
0.0
0.0
0.0
0.0
0.0
0.0
0.0
0.0
0.0
0.0
0.0
0.0
0.0
0.0
0.0
0.0
0.0
0.0
0.0
9.506305649567542e-06
0.0
0.0
0.0
0.0
0.0
0.0
0.0
0.0
4.921242787453748e-06
0.0018830330789979957
0.0014118747095888799
0.0010071235322360367
0.00044802767587221777
6.0900862493420606e-05
0.0
0.0
0.0
0.0
0.0
0.0
0.0
0.0
0.0
8.904676349268898e-07
0.00011504467399559271
0.0
0.0
0.0
0.0
0.0
0.0
0.0
0.0
0.0
0.0
0.0011977355484247803
0.0007064438577557591
0.0002689217360139995
3.825780596102753e-05
0.0
0.0
0.0
0.0
0.0
0.0
0.0
0.0
0.0
0.0
0.0
0.0
0.0
0.0
0.0
0.0
0.0
0.0
0.00010530393650688786
2.2483786024573156e-05
0.0
0.0
0.0
0.0
0.0
0.0
0.0
0.0
0.0
0.0
0.0
0.0
0.0
0.0
0.0
0.0
0.0
0.0
0.0
0.0
0.0
0.0
0.0
0.0
0.0
0.0
0.0
0.0
0.0
0.0
0.0
0.0
0.0
0.0
0.0
0.0
0.0
0.0
0.0
0.0
0.0
0.0
0.0
0.0
0.0
0.0
0.0008432752566470792
0.0005992581707697147
0.0002947230069666853
5.26071681332881e-06
0.0
0.0
0.0
0.0
0.0
0.0
0.0
0.0
0.0
0.0
0.0
0.0
0.0
0.0
0.0
0.0
0.0
0.0
0.0
0.0
0.001095731052268837
0.0007686029827022582
0.0003880875853174688
6.121008410690618e-06
0.0
0.0
0.0
0.0
0.0
0.0
0.0
0.0
0.0
0.0
0.0
0.0
0.0
0.0
0.0
0.0
0.0
0.0
0.0
0.0
0.0004511412612600049
0.0002519115541952074
3.609703422796558e-05
0.0
0.0
0.0
0.0
0.0
0.0
0.0
0.0
0.0
0.0
0.0
0.0
0.0
0.0
0.0
0.0
0.0
0.0
0.0
0.0
0.0
0.0
0.0
1.948110264527569e-06
0.0
0.0
0.0
0.0
0.0
0.0
0.0
0.0
0.0
0.0
0.0
0.0
0.0
0.0
0.0
0.0
0.0
0.0
0.0
0.0
0.0
0.0
0.0
0.0004455972721754934
8.542200342907143e-06
0.0
0.0
0.0
0.0
0.0
0.0
0.0
0.0
0.0
0.0
0.0
0.0
0.0
0.0
0.0
0.0
0.0
0.0
0.0
0.0
9.058852444185258e-05
5.429233916183145e-06
0.0
0.0
0.0
0.0
0.0
0.0
0.0
0.0
0.0
0.0
0.0
0.0
0.0
0.0
0.0
0.0
0.0
0.0
0.0
0.0
0.0
0.0
0.0
0.0
0.0
0.0
0.0
0.0
0.0
0.0
0.0
0.0
0.0
0.0
0.0
0.0
0.0
0.0
0.0
0.0
0.0
0.0
0.0
0.0
0.0
0.0
2.19175990732353e-06
1.586721596564161e-06
0.0
0.0
0.0
0.0
0.0
0.0
0.0
0.0
0.0
0.0
0.0
0.0
0.0
0.0
0.0
0.0
0.0
0.0
0.0
0.0
0.0
0.0
4.955701277016421e-06
0.0
0.0
0.0
0.0
0.0
0.0
0.0
0.0
0.0
0.0
0.0
0.0
0.0
0.0
0.0
0.0
0.0
0.0
0.0
0.0
0.0
0.0
0.0
0.0
0.0
0.0
0.0
0.0
0.0
0.0
0.0
0.0
0.0
0.0
0.0
0.0
0.0
0.0
0.0
0.0
0.0
0.0
0.0
0.0
0.0
0.0
0.0
0.0
0.0
0.0
0.0
0.0
0.0
0.0
0.0
0.0
0.0
0.0
0.0
0.0
0.0
0.0
0.0
0.0
0.0
0.0
0.0
0.0
0.0
0.0
0.0
0.0
0.0
0.0
0.0
0.0
0.0
0.0
0.0
0.0
0.0
0.0
0.0
0.0
0.0
0.0
0.0
0.0
0.0
0.0
0.0
0.0
0.0
0.0
0.0
0.0
0.0
0.0
0.0
0.0
0.0
0.0
0.0
0.0
0.0
0.0
0.0
0.0
0.0
0.0
0.0
0.0
0.0
0.0
0.0
0.0
0.0
0.0
0.0
0.0
0.0
0.0
0.0
0.0
0.0
0.0
0.0
0.0
0.0
0.0
0.0
0.0
0.0
0.0
0.0
0.0
0.0
0.0
0.0
0.0
0.0
0.0
0.0
0.0
0.0
0.0
0.0
0.0
0.0
0.0
0.0
0.0
0.0
0.0
0.0
0.0
0.0
0.0
0.0
0.0
0.0
0.0
0.0
0.0
0.0
0.0
0.0
0.0
0.0
0.0
0.0
0.0
0.0
0.0
0.0
0.0
0.0
0.0
0.0
0.0
0.0
0.0
0.0
0.0
0.0
0.0
0.0
0.0
0.0
0.0
0.0
8.776415638594853e-06
0.0
0.0
0.0
0.0
0.0
0.0
0.0
0.0
0.0
0.0
0.0
0.0
0.0
0.0
0.0
0.0
0.0
0.0
0.0
0.0
0.0
0.0
0.0
0.0006135946616693885
0.000354583197253565
5.3445897461658924e-05
0.0
0.0
0.0
0.0
0.0
0.0
0.0
0.0
0.0
0.0
0.0
0.0
0.0
0.0
0.0
0.0
0.0
0.0
0.0
0.0
0.0
0.0
0.0
0.0
0.0
0.0
0.0
0.0
0.0
0.0
0.0
0.0
0.0
0.0
0.0
0.0
0.0
0.0
0.0
0.0
0.0
0.0
0.0
0.0
0.0
0.0
0.0
0.0
0.0
0.0
0.0
0.0
0.0
0.0
0.0
0.0
0.0
0.0
0.0
0.0
0.0
0.0
0.0
0.0
0.0
0.0
0.0
0.0
0.0
0.0
0.0
0.0
0.0
0.0
0.0
0.0
0.0
0.0
0.0
0.0
0.0
0.0
0.0
0.0
0.0
0.0
0.0
0.0
0.0
0.0
0.0
0.0
0.0
0.0
0.0
0.0
0.0
0.0
0.0
0.0
0.0
0.0
0.0
0.0
0.0
0.0
0.0
0.0
0.0
0.0
0.0
0.0
0.0
0.0
0.0
0.0
0.0
0.0
0.0
0.0
0.0
0.0
0.0
0.0
0.0
0.0
0.0
0.0
0.0
0.0
0.0
0.0
0.0
0.0
0.0
0.0
0.0
0.0
0.0
0.0
0.0
0.0
0.0
0.0
0.0
0.0
0.0
0.0
0.0
0.0
0.0
0.0
0.0
0.0
0.0
0.0
0.0
0.0
0.0
0.0
0.0
0.0
0.0
0.0
0.0
0.0
0.0
0.0
0.0
0.0
0.0
0.0
0.0
0.0
0.0
0.0
0.0
0.0
0.0
0.0
0.0
0.0
0.0
0.0
0.0
0.0
0.0
0.0
0.0
0.0
0.0
0.0
0.0
0.0
0.0
0.0
0.0
0.0
0.0
0.0
0.0
0.0
0.0
0.0
0.0
0.0
0.0
0.0
0.0
0.0
0.0
0.0
0.0
0.0
0.0
0.0
0.0
0.0
0.0
0.0
0.0
0.0
0.0
0.0
0.0
0.0
0.0
0.0
0.0
0.0
0.0
0.0
0.0
0.0
0.0
0.0
0.0
0.0
0.0
0.0
0.0
0.0
0.0
0.0
0.0
0.0
0.0
0.0
0.0
0.0
0.0
0.0
0.0
0.0
0.0
0.0
0.0
0.0
0.0
0.0
0.0
0.0
0.0
0.0
0.0
0.0
0.0
0.0
0.0
0.0
0.0
0.0
0.0
0.0
0.0
0.0
0.0
0.0
0.0
0.0
0.0
0.0
0.0
0.0
0.0
0.0004312362640101246
0.00020153720175038694
3.5861921232944735e-06
0.0
0.0
0.0
0.0
0.0
0.0
0.0
0.0
0.0
0.0
0.0
0.0
0.0
0.0
0.0
0.0
0.0
0.0
0.0
0.0
0.0
0.0010892658598135865
0.0005957799646791635
7.76961162219459e-05
0.0
0.0
0.0
0.0
0.0
0.0
0.0
0.0
0.0
0.0
0.0
0.0
0.0
0.0
0.0
0.0
0.0
0.0
0.0
0.0
0.0
0.0005174385978549984
0.00020677476656125255
2.09337381085726e-07
0.0
0.0
0.0
0.0
0.0
0.0
0.0
0.0
0.0
0.0
0.0
0.0
0.0
0.0
0.0
0.0
0.0
0.0
0.0
0.0
0.0
0.0
0.0
0.0
0.0
0.0
0.0
0.0
0.0
0.0
0.0
0.0
0.0
0.0
0.0
0.0
0.0
0.0
0.0
0.0
0.0
0.0
0.0
0.0
0.0
0.0
0.0
0.0
0.0
0.0
0.0
0.0
0.0
0.0
0.0
0.0
0.0
0.0
0.0
0.0
0.0
0.0
0.0
0.0
0.0
0.0
0.0
0.0
0.0
2.046648896904697e-06
0.0
0.0
0.0
0.0
0.0
0.0
0.0
0.0
0.0
0.0
0.0
0.0
0.0
0.0
0.0
0.0
0.0
0.0
0.0
0.0
0.0
0.0
0.0
0.0
0.0
0.0
0.0
0.0
0.0
0.0
0.0
0.0
0.0
0.0
0.0
0.0
0.0
0.0
0.0
0.0
0.0
0.0
0.0
0.0
0.0
0.0
0.0
0.0
0.0
0.0
0.0
0.0
0.0
0.0
0.0
0.0
0.0
0.0
0.0
0.0
0.0
0.0
0.0
0.0
0.0
0.0
0.0
0.0
0.0
0.0
0.0
0.0
0.0
0.0
0.0
0.0
0.0
0.0
0.0
0.0
0.0
0.0
0.0
0.0
0.0
0.0
0.0
0.0
0.0
0.0
0.0
0.0
0.0
0.0
0.0
0.0
0.0
0.0
0.0
0.0
0.0
0.0
0.0
0.0
0.0
0.0
0.0
0.0
0.0
0.0
0.0
0.0
0.0
0.0
0.0
0.0
0.0
0.0
0.0
0.0
0.0
0.0002206027486063723
0.0
0.0
0.0
0.0
0.0
0.0
0.0
0.0
0.0
0.0
0.0
0.0
0.0
0.0
0.0
0.0
0.0
0.0
0.0
0.0
0.0
0.00017476707122957613
1.9857002380031017e-05
0.0
0.0
0.0
0.0
0.0
0.0
0.0
0.0
0.0
0.0
0.0
0.0
0.0
0.0
0.0
0.0
0.0
0.0
0.0
0.0
0.0
0.0
0.0
0.0
0.0
0.0
0.0
0.0
0.0
0.0
0.0
0.0
0.0
0.0
0.0
0.0
0.0
0.0
0.0
0.0
0.0
0.0
0.0
0.0
0.0
0.0
0.0
0.0
0.0
0.0
0.0
0.0
0.0
0.0
0.0
0.0
0.0
0.0
0.0
0.0
0.0
0.0
0.0
0.0
0.0
0.0
0.0
0.0
0.0
0.0
0.0
0.0
0.0
0.0
0.0
0.0
0.0
0.0
0.0
0.0
0.0
0.0
0.0
0.0
0.0
0.0
0.0
0.0
0.0
0.0
0.0
0.0
0.0
0.0
0.0
0.0
0.0
0.0
0.0
0.0
0.0
0.0
0.0
0.0
0.0
0.0
0.0
0.0
0.0
0.0
0.0
0.0
0.0
0.0
0.0
0.0
0.0
0.0
0.0
0.0
0.0
0.0
0.0
0.0
0.0
0.0
0.0
0.0
0.0
0.0
0.0
0.0
0.0
0.0
0.0
0.0
0.0
0.0
0.0
0.0
0.0
0.0
0.0
0.0
0.0
0.0
0.0
0.0
0.0
0.0
0.0
0.0
0.0
0.0
0.0
0.0
0.0
0.0
0.0
0.0
0.0
0.0
0.0
0.0
0.0
0.0
0.0
0.0
0.0
0.0
0.0
0.0
0.0
0.0
0.0
0.0
0.0
0.0
0.0
0.0
0.0
0.0
0.0
0.0
0.0
0.0
0.0
0.0
0.0
0.0
0.0
0.0
0.0
0.0
0.0
0.0
0.0
0.0
0.0
0.0
0.0
0.0
0.0
0.0
0.0
0.0
0.0
0.0
0.0
0.0
0.0
0.0
0.0
0.0
0.0
0.0
0.0
0.0
0.0
0.0
0.0
0.0
0.0
0.0
0.0
0.0
0.0
0.0
0.0
0.0
0.0
0.0
0.0
0.0
0.0
0.0
0.0
0.0
0.0
0.0
0.0
0.0
0.0
0.0
0.0
0.0
0.0
0.0
0.0
0.0
0.0
0.0
0.0
0.0
0.0
0.0
0.0
0.0
0.0
0.0
0.0
0.0
0.0
0.0
0.0
0.0
0.0
0.0
0.0
0.0
0.0
0.0
0.0
0.0
0.0
0.0
0.0
0.0
0.0
0.0
0.0
0.0
0.0
0.0
0.0
0.0
0.0
0.0
0.0
0.0
0.0
0.0
0.0
0.0
0.0
0.0
0.0
0.0
0.0
0.0
0.0
0.0
0.0
0.0
0.0
0.0
0.0
0.0
0.0
0.0
0.0
0.0
0.0
0.0
0.0
0.0
0.0
0.0
0.0
0.0
0.0
0.0
0.0
0.0
0.0
0.0
0.0
0.0
0.0
0.0
0.0
0.0
0.0
0.0
0.0
0.0
0.0
0.0
0.0
0.0
0.0
0.0
0.0
0.0
0.0
0.0
0.0
0.0
0.0
0.0
0.0
0.0
0.0
0.0
0.0
0.0
0.0
0.0
0.0
0.0
0.0
0.0
0.0
0.0
0.0
0.0
0.0
0.0
0.0
0.0
0.0
0.0
0.0
0.0
0.0
0.0
0.0
0.0
0.0
0.0
0.0
0.0
0.0
0.0
0.0
0.0
0.0
0.0
0.0
0.0
0.0
0.0
0.0
0.0
0.0
0.0
0.0
0.0
0.0
0.0
0.0
0.0
0.0
0.0
0.0
0.0
0.0
0.0
0.0
0.0
0.0
0.0
0.0
0.0
0.0
0.0
0.0
0.0
0.0
0.0
0.0
0.0
0.0
0.0
0.0
0.0
0.0
0.0
0.0
0.0
0.0
0.0
0.0
0.0
0.0
0.0
0.0
0.0
0.0
0.0
0.0
0.0
0.0
0.0
0.0
0.0
0.0
0.0
0.0
0.0
0.0
0.0
0.0
0.0
0.0
0.0
0.0
0.0
0.0
0.0
0.0
0.0
0.0
0.0
0.0
0.0
0.0
0.0
0.0
0.0
0.0
0.0
0.0
0.0
0.0
0.0
0.0
0.0
0.0
0.0
0.0
0.0
0.0
0.0
0.0
0.0
0.0
0.0
0.0
0.0
0.0
0.0
0.0
0.0
0.0
0.0
0.0
0.0
0.0
0.0
0.0
0.0
0.0
0.0
0.0
0.0
0.0
0.0
0.0
0.0
0.0
0.0
0.0
0.0
0.0
0.0
0.0
0.0
0.0
0.0
0.0
0.0
0.0
0.0
0.0
0.0
0.0
0.0
0.0
0.0
0.0
0.0
0.0
0.0
0.0
0.0
0.0
0.0
0.0
0.0
0.0
0.0
0.0
0.0
0.0
0.0
0.0
0.0
0.0
0.0
0.0
0.0
0.0
0.0
0.0
0.0
0.0
0.0
0.0
0.0
0.0
0.0
0.0
0.0
0.0
0.0
0.0
0.0
0.0
0.0
0.0
0.0
0.0
0.0
0.0
0.0
0.0
0.0
0.0
0.0
0.0
0.0
0.0
0.0
0.0
0.0
0.0
0.0
0.0
0.0
0.0
0.0
0.0
0.0
0.0
0.0
0.0
0.0
0.0
0.0
0.0
0.0
0.0
0.0
0.0
0.0
0.0
0.0
0.0
0.0
0.0
0.0
0.0
0.0
0.0
0.0
0.0
0.0
0.0
0.0
0.0
0.0
0.0
0.0
0.0
0.0
0.0
0.0
0.0
0.0
0.0
0.0
0.0
0.0
0.0
0.0
0.0
0.0
0.0
0.0
0.0
0.0
0.0
0.0
0.0
0.0
0.0
0.0
0.0
0.0
0.0
0.0
0.0
0.0
0.0
0.0
0.0
0.0
0.0
0.0
0.0
0.0
0.0
0.0
0.0
0.0
0.0
0.0
0.0
0.0
0.0
0.0
0.0
0.0
0.0
0.0
0.0
0.0
0.0
0.0
0.0
0.0
0.0
0.0
0.0
0.0
0.0
0.0
0.0
0.0
0.0
0.0
0.0
0.0
0.0
0.0
0.0
0.0
0.0
0.0
0.0
0.0
0.0
0.0
0.0
0.0
0.0
0.0
0.0
0.0
0.0
0.0
0.0
0.0
0.0
0.0
0.0
0.0
0.0
0.0
0.0
0.0
0.0
0.0
0.0
0.0
0.0
0.0
0.0
0.0
0.0
0.0
0.0
0.0
0.0
0.0
0.0
0.0
0.0
0.0
0.0
0.0
0.0
0.0
0.0
0.0
0.0
0.0
0.0
0.0
0.0
0.0
0.0
0.0
0.0
0.0
0.0
0.0
0.0
0.0
0.0
0.0
0.0
0.0
0.0
0.0
0.0
0.0
0.0
0.0
0.0
0.0
0.0
0.0
0.0
0.0
0.0
0.0
0.0
0.0
0.0
0.0
0.0
0.0
0.0
0.0
0.0
0.0
0.0
0.0
0.0
0.0
0.0
0.0
0.0
0.0
0.0
0.0
0.0
0.0
0.0
0.0
0.0
0.0
0.0
0.0
0.0
0.0
0.0
0.0
0.0
0.0
0.0
0.0
0.0
0.0
0.0
0.0
0.0
0.0
0.0
0.0
0.0
0.0
0.0
0.0
0.0
0.0
0.0
0.0
0.0
0.0
0.0
0.0
0.0
0.0
0.0
0.0
0.0
0.0
0.0
0.0
0.0
0.0
0.0
0.0
0.0
0.0
0.0
0.0
0.0
0.0
0.0
0.0
0.0
0.0
0.0
0.0
0.0
0.0
0.0
0.0
0.0
0.0
0.0
0.0
0.0
0.0
0.0
0.0
0.0
0.0
0.0
0.0
0.0
0.0
0.0
0.0
0.0
0.0
0.0
0.0
0.0
0.0
0.0
0.0
0.0
0.0
0.0
0.0
0.0
0.0
0.0
0.0
0.0
0.0
0.0
0.0
0.0
0.0
0.0
0.0
0.0
0.0
0.0
0.0
0.0
0.0
0.0
0.0
0.0
0.0
0.0
0.0
0.0
0.0
0.0
0.0
0.0
0.0
0.0
0.0
0.0
0.0
0.0
0.0
0.0
0.0
0.0
0.0
0.0
0.0
0.0
0.0
0.0
0.0
0.0
0.0
0.0
0.0
0.0
0.0
0.0
0.0
0.0
0.0
0.0
0.0
0.0
0.0
0.0
0.0
0.0
0.0
0.0
0.0
0.0
0.0
0.0
0.0
0.0
0.0
0.0
0.0
0.0
0.0
0.0
0.0
0.0
0.0
0.0
0.0
0.0
0.0
0.0
0.0
0.0
0.0
0.0
0.0
0.0
0.0
0.0
0.0
0.0
0.0
0.0
0.0
0.0
0.0
0.0
0.0
0.0
0.0
0.0
0.0
0.0
0.0
0.0
0.0
0.0
0.0
0.0
0.0
0.0
0.0
0.0
0.0
0.0
0.0
0.0
0.0
0.0
0.0
0.0
0.0
0.0
0.0
0.0
0.0
0.0
0.0
0.0
0.0
0.0
0.0
0.0
0.0
0.0
0.0
0.0
0.0
0.0
0.0
0.0
0.0
0.0
0.0
0.0
0.0
0.0
0.0
0.0
0.0
0.0
0.0
0.0
0.0
0.0
0.0
0.0
0.0
0.0
0.0
0.0
0.0
0.0
0.0
0.0
0.0
0.0
0.0
0.0
0.0
0.0
0.0
0.0
0.0
0.0
0.0
0.0
0.0
0.0
0.0
0.0
0.0
0.0
0.0
0.0
0.0
0.0
0.0
0.0
0.0
0.0
0.0
0.0
0.0
0.0
0.0
0.0
0.0
0.0
0.0
0.0
0.0
0.0
0.0
0.0
0.0
0.0
0.0
0.0
0.0
0.0
0.0
0.0
0.0
0.0
0.0
0.0
0.0
0.0
0.0
0.0
0.0
0.0
0.0
0.0
0.0
0.0
0.0
0.0
0.0
0.0
0.0
0.0
0.0
0.0
0.0
0.0
0.0
0.0
0.0
0.0
0.0
0.0
0.0
0.0
0.0
0.0
0.0
0.0
0.0
0.0
0.0
0.0
0.0
0.0
0.0
0.0
0.0
0.0
0.0
0.0
0.0
0.0
0.0
0.0
0.0
0.0
0.0
0.0
0.0
0.0
0.0
0.0
0.0
0.0
0.0
0.0
0.0
0.0
0.0
0.0
0.0
0.0
0.0
0.0
0.0
0.0
0.0
0.0
0.0
0.0
0.0
0.0
0.0
0.0
0.0
0.0
0.0
0.0
0.0
0.0
0.0
0.0
0.0
0.0
0.0
0.0
0.0
0.0
0.0
0.0
0.0
0.0
0.0
0.0
0.0
0.0
0.0
0.0
0.0
0.0
0.0
0.0
0.0
0.0
0.0
0.0
0.0
0.0
0.0
0.0
0.0
0.0
0.0
0.0
0.0
0.0
0.0
0.0
0.0
0.0
0.0
0.0
0.0
0.0
0.0
0.0
0.0
0.0
0.0
0.0
0.0
0.0
0.0
0.0
0.0
0.0
0.0
0.0
0.0
0.0
0.0
0.0
0.0
0.0
0.0
0.0
0.0
0.0
0.0
0.0
0.0
0.0
0.0
0.0
0.0
0.0
0.0
0.0
0.0
0.0
0.0
0.0
0.0
0.0
0.0
0.0
0.0
0.0
0.0
0.0
0.0
0.0
0.0
0.0
0.0
0.0
0.0
0.0
0.0
0.0
0.0
0.0
0.0
0.0
0.0
0.0
0.0
0.0
0.0
0.0
0.0
0.0
0.0
0.0
0.0
0.0
0.0
0.0
0.0
0.0
0.0
0.0
0.0
0.0
0.0
0.0
0.0
0.0
0.0
0.0
0.0
0.0
0.0
0.0
0.0
0.0
0.0
0.0
0.0
0.0
0.0
0.0
0.0
0.0
0.0
0.0
0.0
0.0
0.0
0.0
0.0
0.0
0.0
0.0
0.0
0.0
0.0
0.0
0.0
0.0
0.0
0.0
0.0
0.0
0.0
0.0
0.0
0.0
0.0
0.0
0.0
0.0
0.0
0.0
0.0
0.0
0.0
0.0
0.0
0.0
0.0
0.0
0.0
0.0
0.0
0.0
0.0
0.0
0.0
0.0
0.0
0.0
0.0
0.0
0.0
0.0
0.0
0.0
0.0
0.0
0.0
0.0
0.0
0.0
0.0
0.0
0.0
0.0
0.0
0.0
0.0
0.0
0.0
0.0
0.0
0.0
0.0
0.0
0.0
0.0
0.0
0.0
0.0
0.0
0.0
0.0
0.0
0.0
0.0
0.0
0.0
0.0
0.0
0.0
0.0
0.0
0.0
0.0
0.0
0.0
0.0
0.0
0.0
0.0
0.0
0.0
0.0
0.0
0.0
0.0
0.0
0.0
0.0
0.0
0.0
0.0
0.0
0.0
0.0
0.0
0.0
0.0
0.0
0.0
0.0
0.0
0.0
0.0
0.0
0.0
0.0
0.0
0.0
0.0
0.0
0.0
0.0
0.0
0.0
0.0
0.0
0.0
0.0
0.0
0.0
0.0
0.0
0.0
0.0
0.0
0.0
0.0
0.0
0.0
0.0
0.0
0.0
0.0
0.0
0.0
0.0
0.0
0.0
0.0
0.0
0.0
0.0
0.0
0.0
0.0
0.0
0.0
0.0
0.0
0.0
0.0
0.0
0.0
0.0
0.0
0.0
0.0
0.0
0.0
0.0
0.0
0.0
0.0
0.0
0.0
0.0
0.0
0.0
0.0
0.0
0.0
0.0
0.0
0.0
0.0
0.0
0.0
0.0
0.0
0.0
0.0
0.0
0.0
0.0
0.0
0.0
0.0
0.0
0.0
0.0
0.0
0.0
0.0
0.0
0.0
0.0
0.0
0.0
0.0
0.0
0.0
0.0
0.0
0.0
0.0
0.0
0.0
0.0
0.0
0.0
0.0
0.0
0.0
0.0
0.0
0.0
0.0
0.0
0.0
0.0
0.0
0.0
0.0
0.0
0.0
0.0
0.0
0.0
0.0
0.0
0.0
0.0
0.0
0.0
0.0
0.0
0.0
0.0
0.0
0.0
0.0
0.0
0.0
0.0
0.0
0.0
0.0
0.0
0.0
0.0
0.0
0.0
0.0
0.0
0.0
0.0
0.0
0.0
0.0
0.0
0.0
0.0
0.0
0.0
0.0
0.0
0.0
0.0
0.0
0.0
0.0
0.0
0.0
0.0
0.0
0.0
0.0
0.0
0.0
0.0
0.0
0.0
0.0
0.0
0.0
0.0
0.0
0.0
0.0
0.0
0.0
0.0
0.0
0.0
0.0
0.0
0.0
0.0
0.0
0.0
0.0
0.0
0.0
0.0
0.0
0.0
0.0
0.0
0.0
0.0
0.0
0.0
0.0
0.0
0.0
0.0
0.0
0.0
0.0
0.0
0.0
0.0
0.0
0.0
0.0
0.0
0.0
0.0
0.0
0.0
0.0
0.0
0.0
0.0
0.0
0.0
0.0
0.0
0.0
0.0
0.0
0.0
0.0
0.0
0.0
0.0
0.0
0.0
0.0
0.0
0.0
0.0
0.0
0.0
0.0
0.0
0.0
0.0
0.0
0.0
0.0
0.0
0.0
0.0
0.0
0.0
0.0
0.0
0.0
0.0
0.0
0.0
0.0
0.0
0.0
0.0
0.0
0.0
0.0
0.0
0.0
0.0
0.0
0.0
0.0
0.0
0.0
0.0
0.0
0.0
0.0
0.0
0.0
0.0
0.0
0.0
0.0
0.0
0.0
0.0
0.0
0.0
0.0
0.0
0.0
0.0
0.0
0.0
0.0
0.0
0.0
0.0
0.0
0.0
0.0
0.0
0.0
0.0
0.0
0.0
0.0
0.0
0.0
0.0
0.0
0.0
0.0
0.0
0.0
0.0
0.0
0.0
0.0
0.0
0.0
0.0
0.0
0.0
0.0
0.0
0.0
0.0
0.0
0.0
0.0
0.0
0.0
0.0
0.0
0.0
0.0
0.0
0.0
0.0
0.0
0.0
0.0
0.0
0.0
0.0
0.0
0.0
0.0
0.0
0.0
0.0
0.0
0.0
0.0
0.0
0.0
0.0
0.0
0.0
0.0
0.0
0.0
0.0
0.0
0.0
0.0
0.0
0.0
0.0
0.0
0.0
0.0
0.0
0.0
0.0
0.0
0.0
0.0
0.0
0.0
0.0
0.0
0.0
0.0
0.0
0.0
0.0
0.0
0.0
0.0
0.0
0.0
0.0
0.0
0.0
0.0
0.0
0.0
0.0
0.0
0.0
0.0
0.0
0.0
0.0
0.0
0.0
0.0
0.0
0.0
0.0
0.0
0.0
0.0
0.0
0.0
0.0
0.0
0.0
0.0
0.0
0.0
0.0
0.0
0.0
0.0
0.0
0.0
0.0
0.0
0.0
0.0
0.0
0.0
0.0
0.0
0.0
0.0
0.0
0.0
0.0
0.0
0.0
3.3713306226114736e-06
0.0
0.0
0.0
0.0
0.0
0.0
0.0
0.0
0.0
0.0
0.0
0.0
0.0
0.0
0.0
0.0
0.0
0.0
0.0
0.0
0.0
0.0
0.0
5.005072152131491e-06
0.0
0.0
0.0
0.0
0.0
0.0
0.0
0.0
0.0
0.0
0.0
0.0
0.0
0.0
0.0
0.0
0.0
0.0
0.0
0.0
0.0
0.0
0.0
0.0
0.0
0.0
0.0
0.0
0.0
0.0
0.0
0.0
0.0
0.0
0.0
0.0
0.0
0.0
0.0
0.0
0.0
0.0
0.0
0.0
0.0
0.0
0.0
0.0
0.0
0.0
0.0
0.0
0.0
0.0
0.0
0.0
0.0
0.0
0.0
0.0
0.0
0.0
0.0
0.0
0.0
0.0
0.0
0.0
0.0
0.0
0.0
0.0
0.0
0.0
0.0
0.0
0.0
0.0
0.0
0.0
0.0
0.0
0.0
0.0
0.0
0.0
0.0
0.0
0.0
0.0
0.0
0.0
0.0
0.0
0.0
0.0
0.0
0.0
0.0
0.0
0.0
0.0
0.0
0.0
0.0
0.0
0.0
0.0
0.0
0.0
0.0
0.0
0.0
0.0
0.0
0.0
0.0
0.0
0.0
0.0
0.0
0.0
0.0
0.0
0.0
0.0
0.0
0.0
0.0
0.0
0.0
0.0
0.0
0.0
0.0
0.0
0.0
0.0
0.0
0.0
0.0
0.0
0.0
0.0
0.0
0.0
0.0
0.0
0.0
0.0
0.0
0.0
0.0
0.0
0.0
0.0
0.0
0.0
0.0
0.0
0.0
0.0
0.0
0.0
0.0
0.0
0.0
0.0
0.0
0.0
0.0
0.0
0.0
0.0
0.0
0.0
0.0
0.0
0.0
0.0
0.0
0.0
0.0
0.0
0.0
0.0
0.0
0.0
0.0
0.0
0.0
0.0
0.0
0.0
0.0
0.0
0.0
0.0
0.0
0.0
0.0
0.0
0.0
0.0
0.0
0.0
0.0
0.0
0.0
0.0
0.0
0.0
0.0
0.0
0.0
0.0
0.0
0.0
0.0
0.0
0.0
0.0
0.0
0.0
0.0
0.0
0.0
0.0
0.0
0.0
0.0
0.0
0.0
0.0
0.0
0.0
0.0
0.0
0.0
0.0
0.0
0.0
0.0
0.0
0.0
0.0
0.0
0.0
0.0
0.0
0.0
0.0
0.0
0.0
0.0
0.0
0.0
0.0
0.0
0.0
0.0
0.0
0.0
0.0
0.0
0.0
0.0
0.0
0.0
0.0
0.0
0.0
0.0
0.0
0.0
0.0
0.0
0.0
0.0
0.0
0.0
0.0
0.0
0.0
0.0
0.0
0.0
0.0
0.0
0.0
0.0
0.0
0.0
0.0
0.0
0.0
0.0
0.0
0.0
0.0
0.0
0.0
0.0
0.0
0.0
0.0
0.0
0.0
0.0
0.0
0.0
0.0
0.0
0.0
0.0
0.0
0.0
0.0
0.0
0.0
0.0
0.0
0.0
0.0
0.0
0.0
0.0
0.0
0.0
0.0
0.0
0.0
0.0
0.0
0.0
0.0
0.0
0.0
0.0
0.0
0.0
0.0
0.0
0.0
0.0
0.0
0.0
0.0
0.0
0.0
0.0
0.0
0.0
0.0
0.0
0.0
0.0
0.0
0.0
0.0
0.0
0.0
0.0
0.0
0.0
0.0
0.0
0.0
0.0
0.0
0.0
0.0
0.0
0.0
0.0
0.0
0.0
0.0
0.0
0.0
0.0
0.0
0.0
0.0
0.0
0.0
0.0
0.0
0.0
0.0
0.0
0.0
0.0
0.0
0.0
0.0
0.0
0.0
0.0
0.0
0.0
0.0
0.0
0.0
0.0
0.0
0.0
0.0
0.0
0.0
0.0
0.0
0.0
0.0
0.0
0.0
0.0
0.0
0.0
0.0
0.0
0.0
0.0
0.0
0.0
0.0
0.0
0.0
0.0
0.0
0.0
0.0
0.0
0.0
0.0
0.0
0.0
0.0
0.0
0.0
0.0
0.0
0.0
0.0
0.0
0.0
0.0
0.0
0.0
0.0
0.0
0.0
0.0
0.0
0.0
0.0
0.0
0.0
0.0
0.0
0.0
0.0
0.0
0.0
0.0
0.0
0.0
0.0
0.0
0.0
0.0
0.0
0.0
0.0
0.0
0.0
0.0
0.0
0.0
0.0
0.0
0.0
0.0
0.0
0.0
0.0
0.0
0.0
0.0
0.0
0.0
0.0
0.0
0.0
0.0
0.0
0.0
0.0
0.0
0.0
0.0
0.0
0.0
0.0
0.0
0.0
0.0
0.0
0.0
0.0
0.0
0.0
0.0
0.0
0.0
0.0
0.0
0.0
0.0
0.0
0.0
0.0
0.0
0.0
0.0
0.0
0.0
0.0
0.0
0.0
0.0
0.0
0.0
0.0
0.0
0.0
0.0
0.0
0.0
0.0
0.0
0.0
0.0
0.0
0.0
0.0
0.0
0.0
0.0
0.0
0.0
0.0
0.0
0.0
0.0
0.0
0.0
0.0
0.0
0.0
0.0
0.0
0.0
0.0
0.0
0.0
0.0
0.0
0.0
0.0
0.0
0.0
0.0
0.0
0.0
0.0
0.0
0.0
0.0
0.0
0.0
0.0
0.0
0.0
0.0
0.0
0.0
0.0
0.0
0.0
0.0
0.0
0.0
0.0
0.0
0.0
0.0
0.0
0.0
0.0
0.0
0.0
0.0
0.0
0.0
0.0
0.0
0.0
0.0
0.0
0.0
0.0
0.0
0.0
0.0
0.0
0.0
0.0
0.0
0.0
0.0
0.0
0.0
0.0
0.0
0.0
0.0
0.0
0.0
0.0
0.0
0.0
0.0
0.0
0.0
0.0
0.0
0.0
0.0
0.0
0.0
0.0
0.0
0.0
0.0
0.0
0.0
0.0
0.0
0.0
0.0
0.0
0.0
0.0
0.0
0.0
0.0
0.0
0.0
0.0
0.0
0.0
0.0
0.0
0.0
0.0
0.0
0.0
0.0
0.0
0.0
0.0
0.0
0.0
0.0
0.0
0.0
0.0
0.0
0.0
0.0
0.0
0.0
0.0
0.0
0.0
0.0
0.0
0.0
0.0
0.0
0.0
0.0
0.0
0.0
0.0
0.0
0.0
0.0
0.0
0.0
0.0
0.0
0.0
0.0
0.0
0.0
0.0
0.0
0.0
0.0
0.0
0.0
0.0
0.0
0.0
0.0
0.0
0.0
0.0
0.0
0.0
0.0
0.0
0.0
0.0
0.0
0.0
0.0
0.0
0.0
0.0
0.0
0.0
0.0
0.0
0.0
0.0
0.0
0.0
0.0
0.0
0.0
0.0
0.0
0.0
0.0
0.0
0.0
0.0
0.0
0.0
0.0
0.0
0.0
0.0
0.0
0.0
0.0
0.0
0.0
0.0
0.0
0.0
0.0
0.0
0.0
0.0
0.0
0.0
0.0
0.0
0.0
0.0
0.0
0.0
0.0
0.0
0.0
0.0
0.0
0.0
0.0
0.0
0.0
0.0
0.0
0.0
0.0
0.0
0.0
0.0
0.0
0.0
0.0
0.0
0.0
0.0
0.0
0.0
0.0
0.0
0.0
0.0
0.0
0.0
0.0
0.0
0.0
0.0
0.0
0.0
0.0
0.0
0.0
0.0
0.0
0.0
0.0
0.0
0.0
0.0
0.0
0.0
0.0
0.0
0.0
0.0
0.0
0.0
0.0
0.0
0.0
0.0
0.0
0.0
0.0
0.0
0.0
0.0
0.0
0.0
0.0
0.0
0.0
0.0
0.0
0.0
0.0
0.0
0.0
0.0
0.0
0.0
0.0
0.0
0.0
0.0
0.0
0.0
0.0
0.0
0.0
0.0
0.0
0.0
0.0
0.0
0.0
0.0
0.0
0.0
0.0
0.0
0.0
0.0
0.0
0.0
0.0
0.0
0.0
0.0
0.0
0.0
0.0
0.0
0.0
0.0
0.0
0.0
0.0
0.0
0.0
0.0
0.0
0.0
0.0
0.0
0.0
0.0
0.0
0.0
0.0
0.0
0.0
0.0
0.0
0.0
0.0
0.0
0.0
0.0
0.0
0.0
0.0
0.0
0.0
0.0
0.0
0.0
0.0
0.0
0.0
0.0
0.0
0.0
0.0
0.0
0.0
0.0
0.0
0.0
0.0
0.0
0.0
1.8780873339648832e-05
9.144390797724978e-07
0.0
0.0
0.0
0.0
0.0
0.0
0.0
0.0
0.0
0.0
0.0
0.0
0.0
0.0
0.0
0.0
0.0
0.0
0.0
0.0
0.0
0.0
9.044025375422216e-06
0.0
0.0
0.0
0.0
0.0
0.0
0.0
0.0
0.0
0.0
0.0
0.0
0.0
0.0
0.0
0.0
0.0
0.0
0.0
0.0
0.0
0.0
0.0
0.0
0.0
0.0
0.0
0.0
0.0
0.0
0.0
0.0
0.0
0.0
0.0
0.0
0.0
0.0
0.0
0.0
0.0
0.0
0.0
0.0
0.0
0.0
0.0
0.0
0.0
0.0
0.0
0.0
0.0
0.0
0.0
0.0
0.0
0.0
0.0
0.0
0.0
0.0
0.0
0.0
0.0
0.0
0.0
0.0
0.0
0.0
0.0
0.0
0.0
0.0
0.0
0.0
0.0
0.0
0.0
0.0
0.0
0.0
0.0
0.0
0.0
0.0
0.0
0.0
0.0
0.0
0.0
0.0
0.0
0.0
0.0
0.0
0.0
0.0
0.0
0.0
0.0
0.0
0.0
0.0
0.0
0.0
0.0
0.0
0.0
0.0
0.0
0.0
0.0
0.0
0.0
0.0
0.0
0.0
0.0
0.0
0.0
0.0
0.0
0.0
0.0
0.0
0.0
0.0
0.0
0.0
0.0
0.0
0.0
0.0
0.0
0.0
0.0
0.0
0.0
0.0
0.0
0.0
0.0
0.0
0.0
0.0
0.0
0.0
0.0
0.0
0.0
0.0
0.0
0.0
0.0
0.0
0.0
0.0
0.0
0.0
0.0
0.0
0.0
0.0
0.0
0.0
0.0
0.0
0.0
0.0
0.0
0.0
0.0
0.0
0.0
0.0
0.0
0.0
0.0
0.0
0.0
0.0
0.0
0.0
0.0
0.0
0.0
0.0
0.0
0.0
0.0
9.901974164991194e-08
0.0
0.0
0.0
0.0
0.0
0.0
0.0
0.0
0.0
0.0
0.0
0.0
0.0
0.0
0.0
0.0
0.0
0.0
0.0
0.0
0.0
0.0
0.0
0.0
0.0
0.0
0.0
0.0
0.0
0.0
0.0
0.0
0.0
0.0
0.0
0.0
0.0
0.0
0.0
0.0
0.0
0.0
0.0
0.0
0.0
0.0
0.0
0.0
0.0
0.0
0.0
0.0
0.0
0.0
0.0
0.0
0.0
0.0
0.0
0.0
0.0
0.0
0.0
0.0
0.0
0.0
0.0
0.0
0.0
0.0
0.0
0.0
0.0
0.0
0.0
0.0
0.0
0.0
0.0
0.0
0.0
0.0
0.0
0.0
0.0
0.0
0.0
0.0
0.0
0.0
0.0
0.0
0.0
0.0
0.0
0.00042874683231721784
0.00031698302899740193
3.055186030228501e-05
0.0
0.0
0.0
0.0
0.0
0.0
0.0
0.0
0.0
0.0
0.0
0.0
0.0
0.0
0.0
0.0
0.0
0.0
0.0
0.0
0.0
0.0004814471824067204
0.0002689105866777989
9.15894609172857e-06
0.0
0.0
0.0
0.0
0.0
0.0
0.0
0.0
0.0
0.0
0.0
0.0
0.0
0.0
0.0
0.0
0.0
0.0
0.0
0.0
0.0
0.00017254813206310388
6.888917392799922e-05
2.6132729608098107e-07
0.0
0.0
0.0
0.0
0.0
0.0
0.0
0.0
0.0
0.0
0.0
0.0
0.0
0.0
0.0
0.0
0.0
0.0
0.0
0.0
0.0
0.000268438061626509
0.00016407292512276124
5.4130626887824484e-06
0.0
0.0
0.0
0.0
0.0
0.0
0.0
0.0
0.0
0.0
0.0
0.0
0.0
0.0
0.0
0.0
0.0
0.0
0.0
0.0
0.0
0.0
0.0
0.0
0.0
0.0
0.0
0.0
0.0
0.0
0.0
0.0
0.0
0.0
0.0
0.0
0.0
0.0
0.0
0.0
0.0
0.0
0.0
0.0
0.0
0.0
0.0
0.0
0.0
0.0
0.0
0.0
0.0
0.0
0.0
0.0
0.0
0.0
0.0
0.0
0.0
0.0
0.0
0.0
0.0
0.0
0.0
0.0
0.0
0.0
0.0
0.00010276197659168981
0.0
0.0
0.0
0.0
0.0
0.0
0.0
0.0
0.0
0.0
0.0
0.0
0.0
0.0
0.0
0.0
0.0
0.0
0.0
0.0
0.0
0.0
0.0
2.2866901179076123e-05
0.0
0.0
0.0
0.0
0.0
0.0
0.0
0.0
0.0
0.0
0.0
0.0
0.0
0.0
0.0
0.0
0.0
0.0
0.0
0.0
0.0
3.8430571308079515e-05
2.4666604099266704e-06
0.0
0.0
0.0
0.0
0.0
0.0
0.0
0.0
0.0
0.0
0.0
0.0
0.0
0.0
0.0
0.0
0.0
0.0
0.0
0.0
0.0
0.0
5.235570765653149e-07
0.0
0.0
0.0
0.0
0.0
0.0
0.0
0.0
0.0
0.0
0.0
0.0
0.0
0.0
0.0
0.0
0.0
0.0
0.0
0.0
0.0
0.0
0.0
2.7972232247799337e-05
3.3403102293830734e-06
0.0
0.0
0.0
0.0
0.0
0.0
0.0
0.0
0.0
0.0
0.0
0.0
0.0
0.0
0.0
0.0
0.0
0.0
0.0
0.0
0.0
0.0
9.084976143453112e-05
1.0770753490411948e-05
0.0
0.0
0.0
0.0
0.0
0.0
0.0
0.0
0.0
0.0
0.0
0.0
0.0
0.0
0.0
0.0
0.0
0.0
0.0
0.0
0.0
0.0
0.0
0.0
0.0
0.0
0.0
0.0
0.0
0.0
0.0
0.0
0.0
0.0
0.0
0.0
0.0
0.0
0.0
0.0
0.0
0.0
0.0
0.0
0.0
0.0
0.0
0.0
0.0
0.0
0.0
0.0
0.0
0.0
0.0
0.0
0.0
0.0
0.0
0.0
0.0
0.0
0.0
0.0
0.0
0.0
0.0
0.0
0.0
0.0
0.0003287723243754447
0.00020293247275056405
5.992101848191269e-05
6.893438293953063e-07
0.0
0.0
0.0
0.0
0.0
0.0
0.0
0.0
0.0
0.0
0.0
0.0
0.0
0.0
0.0
0.0
0.0
0.0
0.0
0.0
0.001555384383711621
0.0011660077500887426
0.0006711361513701441
6.158685553567182e-05
0.0
0.0
0.0
0.0
0.0
0.0
0.0
0.0
0.0
0.0
0.0
0.0
0.0
0.0
0.0
0.0
0.0
0.0
0.0
0.0
0.0015269552704110401
0.001092258302171559
0.0005108416873692988
4.2946794065371e-06
0.0
0.0
0.0
0.0
0.0
0.0
0.0
0.0
0.0
0.0
0.0
0.0
0.0
0.0
0.0
0.0
0.0
0.0
0.0
0.0
0.0010466398777310517
0.0007361207809134836
0.00020391442180505985
0.0
0.0
0.0
0.0
0.0
0.0
0.0
0.0
0.0
0.0
0.0
0.0
0.0
0.0
0.0
0.0
0.0
0.0
0.0
0.0
0.0
0.000750366149071144
0.0004963537023284964
0.00010928464068066156
0.0
0.0
0.0
0.0
0.0
0.0
0.0
0.0
0.0
0.0
0.0
0.0
0.0
0.0
0.0
0.0
0.0
0.0
0.0
0.0
0.0
0.00045382758710750006
0.00035999557436575363
8.526214097744203e-05
0.0
0.0
0.0
0.0
0.0
0.0
0.0
0.0
0.0
0.0
0.0
0.0
0.0
0.0
0.0
0.0
0.0
0.0
0.0
0.0
0.0
0.0
0.0
0.00012555951648268891
1.3323517897218534e-06
0.0
0.0
0.0
0.0
0.0
0.0
0.0
0.0
0.0
0.0
0.0
0.0
0.0
0.0
0.0
0.0
0.0
0.0
0.0
0.0
0.0007152777254835409
0.00045861341400035843
0.00011538882963149423
0.0
0.0
0.0
0.0
0.0
0.0
0.0
0.0
0.0
0.0
0.0
0.0
0.0
0.0
0.0
0.0
0.0
0.0
0.0
0.0
0.0
0.0
0.0
0.0
0.0
0.0
0.0
0.0
0.0
0.0
0.0
0.0
0.0
0.0
0.0
0.0
0.0
0.0
0.0
0.0
0.0
0.0
0.0
0.0
0.0
9.84003266775213e-06
1.4063389859028095e-06
0.0
0.0
0.0
0.0
0.0
0.0
0.0
0.0
0.0
0.0
0.0
0.0
0.0
0.0
0.0
0.0
0.0
0.0
0.0
0.0
0.0
0.0
0.0
0.0
0.0
0.0
0.0
0.0
0.0
0.0
0.0
0.0
0.0
0.0
0.0
0.0
0.0
0.0
0.0
0.0
0.0
0.0
0.0
0.0
0.0
0.0
0.0003221300096923409
0.00020085510674969773
2.1742917632071975e-05
0.0
0.0
0.0
0.0
0.0
0.0
0.0
0.0
0.0
0.0
0.0
0.0
0.0
0.0
0.0
0.0
0.0
0.0
0.0
0.0
0.0
0.00034210909970061745
0.00017108669960365705
1.1370651695053848e-05
0.0
0.0
0.0
0.0
0.0
0.0
0.0
0.0
0.0
0.0
0.0
0.0
0.0
0.0
0.0
0.0
0.0
0.0
0.0
0.0
0.0
0.0
0.0
0.0
0.0
0.0
0.0
0.0
0.0
0.0
0.0
0.0
0.0
0.0
0.0
0.0
0.0
0.0
0.0
0.0
0.0
0.0
0.0
0.0
0.0
0.0
0.0
0.0
0.0
0.0
0.0
0.0
0.0
0.0
0.0
0.0
0.0
0.0
0.0
0.0
0.0
0.0
0.0
0.0
0.0
0.0
0.0
0.0
0.0
0.0
0.0
0.0
0.0
0.0
0.0
0.0
0.0
0.0
0.0
0.0
0.0
0.0
0.0
0.0
0.0
0.0
0.0
0.0
0.0
0.0
0.0
0.0
0.0
0.0
0.0
0.0
0.0
0.0
0.0
0.0
0.0
0.0
0.0
0.0
0.0
0.0
0.0
0.0
0.0
0.0
0.0
0.0
0.0
0.0
0.0
0.0
0.0
0.0008535150782500852
0.0006264163944080555
0.0003299741971174248
3.3845816546444272e-06
0.0
0.0
0.0
0.0
0.0
0.0
0.0
0.0
0.0
0.0
0.0
0.0
0.0
0.0
0.0
0.0
0.0
0.0
0.0
0.0
0.00023514816065215536
0.000105514224116275
3.9443166814959305e-06
0.0
0.0
0.0
0.0
0.0
0.0
0.0
0.0
0.0
0.0
0.0
0.0
0.0
0.0
0.0
0.0
0.0
0.0
0.0
0.0
0.0
0.0
0.0
0.0
0.0
0.0
0.0
0.0
0.0
0.0
0.0
0.0
0.0
0.0
0.0
0.0
0.0
0.0
0.0
0.0
0.0
0.0
0.0
0.0
0.0
0.0
0.0
0.0
0.0
0.0
0.0
0.0
5.197218048728978e-06
1.2587506538776732e-05
6.132690567349533e-06
8.977574601260122e-08
0.00010778273446176946
0.00042333109021096125
0.0
0.0
0.0
0.0
0.0
0.0
0.0
0.0
0.0
1.789050812703295e-05
2.7581878489955872e-05
6.470422496064355e-05
0.0022717008074556403
0.0015685547839999704
0.001014780217034699
0.00039162788568409813
4.820630541619838e-05
0.0
0.0
0.0
0.0
0.0
0.0
0.0
2.5641225036714732e-06
0.00010194735729175595
0.00029456023586283406
0.0
0.0
0.0
0.0
9.576908583156915e-06
2.093244182853006e-05
3.619668793537361e-05
6.195361841798481e-05
9.063262101067037e-05
0.002221038912716225
0.0013708415246637556
0.0006932608193605322
7.12664077021178e-05
0.0
0.0
0.0
0.0
0.0
0.0
0.0
0.0
0.0
0.0
0.0
0.0
0.0
0.0
0.0
0.0
0.0
0.0
0.0
0.0
0.0006565061791478391
0.0003777119204445389
0.00013678813492744426
0.0
0.0
0.0
0.0
0.0
0.0
0.0
0.0
0.0
0.0
0.0
0.0
0.0
0.0
0.0
0.0
0.0
0.0
0.0
0.0
0.0
0.0011033422322932604
0.0007829252488395386
0.0005935686942611964
0.00028356194942952777
0.00019024802849406845
7.437153892745905e-05
1.3060838231849504e-05
1.1288019074704958e-06
1.044747845516575e-06
6.518374465887998e-06
1.365119052726175e-05
2.727324969598908e-05
7.470125200882089e-05
0.00013657707487758753
0.00020362933097756497
0.0
0.0
0.0
0.0
0.0
0.0
0.0
0.0
0.0
0.0013278145942133414
0.000885398579321278
0.0006237084450275953
0.00025894841217863893
0.0001168978471937054
9.52314907466999e-06
0.0
0.0
0.0
0.0
0.0
0.0
6.588383383155868e-05
0.00022138225948800487
0.0003776922776362751
0.0
0.0
0.0
0.0
0.0
0.0
1.5468111617754395e-05
3.697272588365864e-05
7.462316098879828e-05
0.0023648350563248016
0.001574048090273588
0.0008919583088118
0.0001441783431376528
0.0
0.0
0.0
0.0
0.0
0.0
0.0
0.0
0.0
6.15545330729894e-05
0.00031251299672716465
0.0006340771892023641
0.0
0.0
0.0
0.0
1.0007392439682833e-05
2.210300862145266e-05
3.524368567881229e-05
5.9450346950439564e-05
8.987276156465996e-05
4.1335539226282213e-05
0.001537921947273901
0.0004872255680587446
7.032923953460694e-06
0.0
0.0
0.0
0.0
0.0
0.0
0.0
0.0
0.0
0.0
0.0
0.0
0.0
0.0
0.0
0.0
0.0
1.1640135080038457e-05
2.169960877998602e-05
0.002026624346848223
0.0012878215339818435
0.0005635040680009172
7.406244922174094e-06
0.0
0.0
0.0
0.0
0.0
0.0
0.0
0.0
0.0
0.0
0.0
0.0
0.0
0.0
0.0
0.0
0.0
0.0
0.0
0.0
0.0017102053830655574
0.0010343703653307005
0.00039025288618659465
0.0
0.0
0.0
0.0
0.0
0.0
0.0
0.0
0.0
0.0
0.0
0.0
0.0
0.0
0.0
0.0
0.0
0.0
0.0
0.0
0.0
0.0017268045092743356
0.0010387681651085636
0.0004093893071152288
0.0
0.0
0.0
0.0
0.0
0.0
0.0
0.0
0.0
0.0
0.0
0.0
0.0
0.0
0.0
0.0
0.0
0.0
0.0
0.0
0.0
0.0010743425035696834
0.0006800144846971294
0.0001726454642975923
0.0
0.0
0.0
0.0
0.0
0.0
0.0
0.0
0.0
0.0
0.0
0.0
0.0
0.0
0.0
0.0
0.0
0.0
0.0
0.0
0.0
1.6186501210938147e-05
0.0
0.0
0.0
0.0
0.0
0.0
0.0
0.0
0.0
0.0
0.0
0.0
0.0
0.0
0.0
0.0
0.0
0.0
0.0
0.0
0.0
0.0
0.0
0.00048421274145863427
0.0002704364825637498
3.666806188300606e-05
0.0
0.0
0.0
0.0
0.0
0.0
0.0
0.0
0.0
0.0
0.0
0.0
0.0
0.0
0.0
0.0
0.0
0.0
0.0
0.0
0.0
0.0
0.0
0.00046965074049481814
3.792455073284979e-05
0.0
0.0
0.0
0.0
0.0
0.0
0.0
0.0
0.0
0.0
0.0
0.0
0.0
0.0
0.0
0.0
0.0
0.0
0.0
0.0
0.00017065996805120547
7.998077328471075e-06
0.0
0.0
0.0
0.0
0.0
0.0
0.0
0.0
0.0
0.0
0.0
0.0
0.0
0.0
0.0
0.0
0.0
0.0
0.0
0.0
0.0
0.0
0.0
0.0
0.0
0.0
0.0
0.0
0.0
0.0
0.0
0.0
0.0
0.0
0.0
0.0
0.0
0.0
0.0
0.0
0.0
0.0
0.0
0.0
0.0
0.0
2.037497985760399e-06
0.0
0.0
0.0
0.0
0.0
0.0
0.0
0.0
0.0
0.0
0.0
0.0
0.0
0.0
0.0
0.0
0.0
0.0
0.0
0.0
0.0
0.0
0.0
0.0
0.0
0.0
0.0
0.0
0.0
0.0
0.0
0.0
0.0
0.0
0.0
0.0
0.0
0.0
0.0
0.0
0.0
0.0
0.0
0.0
0.0
0.0
0.0
9.880923031301559e-05
2.1972687360309884e-05
0.0
0.0
0.0
0.0
0.0
0.0
0.0
0.0
0.0
0.0
0.0
1.135924070988798e-06
4.445448723078437e-05
0.0
0.0
0.0
0.0
0.0
0.0
0.0
4.615133324814385e-06
2.3864178383196195e-05
0.002054270041203603
0.0014109340281729598
0.0006800527924382727
2.511964704467935e-05
0.0
0.0
0.0
0.0
0.0
0.0
0.0
0.0
0.0
0.0
0.0
0.0
0.0
0.0
0.0
0.0
0.0
0.0
0.0
0.0
0.0
0.0
0.0
0.0
0.0
0.0
0.0
0.0
0.0
0.0
0.0
0.0
0.0
0.0
0.0
0.0
0.0
0.0
0.0
0.0
0.0
0.0
0.0
0.0
0.0
0.0
0.0
0.0
0.0
0.0
0.0
0.0
0.0
0.0
0.0
0.0
0.0
0.0
0.0
0.0
0.0
0.0
0.0
0.0
0.0
0.0
0.0
0.0
0.0
0.0
0.0
0.0
0.0
0.0
0.0
0.0
0.0
0.0
0.0
0.0
0.0
0.0
0.0
0.0
0.0
0.0
0.0
0.0
0.0
0.0
0.0
0.0
0.00018100436079367363
0.00017154727625022734
9.24345880480648e-05
1.2109006694834e-06
0.0
0.0
0.0
0.0
0.0
0.0
0.0
0.0
0.0
0.0
8.477691934135374e-06
0.0
0.0
0.0
0.0
0.0
0.0
0.0
0.0
0.0
0.00157752001460943
0.0010710841264602775
0.0006932084973515642
0.00019738764272565553
1.3159253047364423e-05
0.0
0.0
0.0
0.0
0.0
0.0
0.0
5.7671508984898154e-06
0.00015070107099123505
0.0004207880758120318
0.0
0.0
0.0
1.676494516695286e-05
3.8432654036697096e-05
6.602157537977469e-05
0.000165766621116469
0.00030329028205831426
0.00043131457350340066
0.002681310925968114
0.002005384320392305
0.0014205707422945864
0.000609116845413789
0.00013057598409074137
0.0
0.0
0.0
0.0
0.0
0.0
0.0
1.964893219632522e-06
5.483626517086542e-05
0.00017939047214534835
0.0
0.0
0.0
0.0
0.0
0.0
0.0
0.0
0.0
0.0015663802940212605
0.0009741989211360868
0.0005384334260313616
3.6079072554521207e-05
0.0
0.0
0.0
0.0
0.0
0.0
0.0
0.0
0.0
0.0
0.0
0.0
0.0
0.0
0.0
0.0
0.0
0.0
0.0
0.0
0.0
0.0
0.0
0.0
0.0
0.0
0.0
0.0
0.0
0.0
0.0
0.0
0.0
0.0
0.0
0.0
0.0
0.0
0.0
0.0
0.0
0.0
0.0
0.0
0.0
0.0
0.0
0.0
0.0
0.0
9.406378870052955e-06
0.00014516615869848142
0.0003145231184704291
0.0003642416967522084
0.0003991220239172605
0.00048567151033472843
0.0006574873069816139
0.0008455032099758776
0.0009184772510392779
0.0
0.0
1.5784787285015128e-05
2.9290951647061727e-05
6.136173013494778e-05
8.297895458736166e-05
0.00024785833263163377
0.00041419122922067733
0.0005105924235282361
0.0028286180541149996
0.0022391546646171757
0.0019299772763972443
0.001501959133464359
0.001124255347386203
0.0006495231340522414
0.00028963620446344326
6.284967537454762e-05
6.038942802383125e-06
0.0
5.428515234534423e-05
0.0003395734616930217
0.0007004326586240337
0.0010219789791697752
0.0012153256697651192
0.0
4.1662792894292915e-05
9.61670862376097e-05
0.0002267067578421965
0.00031418585178011826
0.0004487713697245574
0.0004807976295744467
0.0005594351567430265
0.0005536291998702092
0.0028662685481845654
0.0020562167342195515
0.0011675040985699141
0.00023822923698631185
1.0547792700368369e-07
0.0
0.0
0.0
0.0
0.0
0.0
0.0
0.0
0.0
5.25500530429865e-07
0.0
0.0
0.0
0.0
0.0
0.0
0.0
0.0
0.0
0.00014895656381413685
9.002825886490023e-07
0.0
0.0
0.0
0.0
0.0
0.0
0.0
0.0
0.0
0.0
0.0
0.0
0.0
0.0
0.0
0.0
0.0
0.0
0.0
0.0
0.0
0.0
0.0009530994505634713
0.0006379635851280293
0.00047930838666339955
0.0002087571807649762
0.00013001066404944635
6.0768086962907997e-05
4.318499643306618e-05
3.9653178738085443e-05
3.853141322327241e-05
3.278693117572161e-05
0.0001206065273876479
0.00026150694865463884
0.0003881669609057329
0.0005519160987422281
0.0006596828983110767
0.0
0.0
0.0
9.37919003259051e-06
2.207768161980202e-05
5.4583674607474485e-05
8.356152457747622e-05
0.0002880682802394382
0.00037916286404719913
0.002723021771723672
0.002260472657742396
0.002074452124552005
0.0017460086666416315
0.0014537498711670598
0.0012318971332901329
0.0011413696744578346
0.0011174971312475147
0.0012092524133317083
0.001315738702112145
0.0013193312800536038
0.0013441749602276004
0.0016553890585414186
0.0018260878964094028
0.0018342182886939456
0.001941018924679266
6.33207852796094e-05
0.00026560801362278657
0.0004417290219195265
0.00047690166993021943
0.0006366542939913172
0.0006349763305368148
0.0007725290579892992
0.0007593920439558291
0.0009190297590643156
0.0007990031888745689
0.0029526089301407776
0.0021654866307449037
0.0016020786818940593
0.0012931179678314368
0.0009913869962285536
0.0008418140117840246
0.0007341370077710952
0.0007210232493332552
0.000868478134288581
0.0019120668027565839
0.0023289034129012737
4.610019143584228e-05
0.0003525098471582457
0.0005868499560707449
0.0006884305657888838
0.0008403579264704286
0.0008924895422902453
0.0010119887836920125
0.0010376225125792817
0.00116520284415636
0.0011537368070388655
0.0012677367853977568
0.00358993804442103
0.0031281470997668163
0.002314515919070307
0.001484932861233161
0.0008176446495012947
0.00048717844646566907
0.0003972168083857831
0.00024063158963841426
0.00025379919592759275
0.0002913191506389931
0.00036749597067704045
0.0005462699302749539
0.0008129669490303538
0.001026548273640496
0.0011921982701925348
0.0
3.335450775771334e-05
8.205734874711526e-05
0.00013838029554149485
0.00030749746499288404
0.00048785955499604916
0.0005893452760978497
0.0005997068517811591
0.000575190336925835
0.002843604999827526
0.002182578745287982
0.001735363896949604
0.0011783050811788483
0.0008621349051108555
0.0006343535442457891
0.0004908956456245457
0.00024099999123229624
6.303435341684007e-05
1.614129882236374e-05
0.00014316619917243486
0.0004937702917839125
0.0009081303736500573
0.0011668088541454177
0.0013812615555644982
1.9883116397846056e-05
0.00016365962899428745
0.0004392392853500488
0.0005806986249638852
0.0006533806701670958
0.0007377026252179132
0.0007680528981216232
0.0008328290812830284
0.0008831453377782642
0.0033340015774248745
0.0026851192180300204
0.0018831710262405962
0.0009651947749783627
0.00041409684494802813
6.336331711807718e-05
0.0
0.0
0.0
0.0
0.0
2.4891105881451545e-05
0.00020800797383609042
0.0003848083559479553
0.0005298086082762572
0.0
0.0
0.0
0.0
2.348788251971751e-05
3.624367097177764e-05
7.271335498917236e-05
8.962042382178721e-05
9.107781660180122e-05
0.0021141233081003264
0.001404754984434472
0.0010232876180652274
0.000509660046106834
0.00021016035721463874
5.606487273395656e-05
7.30483235912453e-06
0.0
0.0
4.5236448606506704e-07
9.720261290604078e-06
2.8159546071295854e-05
7.140323640447315e-05
0.00013228982704180015
0.0002016886054339883
0.0
0.0
0.0
0.0
0.0
0.0
0.0
0.0
0.0
0.0014952706494085252
0.0010744715597681986
0.0008536054829104728
0.0005375557389260779
0.0004222248643847056
0.00029081534638669964
0.00021417841159008705
0.00013585867569376525
0.00023920345836031005
0.00035593727410988
0.0004608148975560605
0.0005940814512464303
0.0007391370240772095
0.0008480514316017721
0.0009097273635089923
0.0
0.0
0.0
0.0
1.26026925088878e-05
2.4466118589486514e-05
2.047351758702753e-05
2.5471409049393533e-05
1.8560697078142284e-05
0.001977331826633577
0.0014207428298750743
0.001164518882435347
0.0007801884707845984
0.00046787300780414757
0.0002235760406290443
8.456096170885368e-05
1.3373864876839366e-05
4.734680458757748e-06
5.936632212420277e-06
4.532438480454705e-06
9.678468245908606e-06
0.00012682472087798756
0.0002142897838447404
0.00021899576262308338
0.00038720519532890935
0.0
0.0
0.0
0.0
0.0
0.0
0.0
0.0
0.0
0.0
0.000922728257613267
0.0003036977620823905
4.764670382149719e-06
0.0
0.0
0.0
0.0
0.0
0.0
0.0
1.772039931549543e-05
0.0
0.0
0.0
0.0
0.0
0.0
0.0
0.0
0.0
0.0
2.234623342199033e-05
0.001995565861886973
0.0014642021810369228
0.0010112598413249934
0.0004145191946781802
9.723528334965193e-05
0.0
0.0
0.0
0.0
0.0
0.0
9.883928322909651e-06
0.00022688239246698548
0.0005452987569855582
0.0007025075908341544
0.0
0.0
0.0
5.1724759495363895e-06
2.7533679446861758e-05
2.9772011912558243e-05
3.146973802100721e-05
2.8055718292267847e-05
6.132860176024029e-05
0.002129247376591364
0.00147791202474057
0.0008848889813762583
0.00014375140167443876
0.0
0.0
0.0
0.0
0.0
0.0
0.0
0.0
0.0
0.0
0.0
0.0
0.0
0.0
0.0
0.0
0.0
0.0
0.0
0.0
4.815767137586147e-06
0.0
0.0
0.0
0.0
0.0
0.0
0.0
0.0
0.0
0.0
0.0
0.0
0.0
0.0
0.0
0.0
0.0
0.0
0.0
0.0
0.0
0.0
0.0
0.0
0.0
0.0
0.0
0.0
0.0
0.0
0.0
0.0
0.0
0.0
0.0
0.0
0.0
0.0
0.0
0.0
0.0
0.0
0.0
0.0
0.0
0.0
0.0
0.0016711148781374317
0.00130073229327393
0.000939918097746478
0.00034857988372191434
5.5074770858315034e-05
0.0
0.0
0.0
0.0
0.0
0.0
6.709168270570248e-05
0.0004604027761105279
0.0008626282541076525
0.0011152430221036207
0.0
4.674578677562256e-05
0.00015304906126413495
0.0003730562622253429
0.0005094377644909762
0.0006413997260358683
0.0006397149365895439
0.0007805470698507488
0.0008029284017501183
0.003247430334496363
0.0026279897093369727
0.0018699599041724674
0.000868795364523081
0.00019216943164168389
0.0
0.0
0.0
0.0
0.0
0.0
0.0
0.00016423640545384414
0.0005613233994065935
0.000776329243902122
0.0010411638313633927
0.0
0.0
0.0
0.0
1.4529672929027865e-05
2.550443232276823e-05
5.4584639120183824e-05
9.689232046225017e-05
0.0001643574577990955
7.940938493473987e-05
0.0019282549358874787
0.0011555889905881685
0.0006041583435665386
0.00014839155053056612
0.0
0.0
0.0
0.0
0.0
8.842588066934381e-07
0.000129705450265522
0.0
0.0
0.0
0.0
0.0
0.0
0.0
0.0
0.0
0.0
0.0
0.0017116456747997663
0.0012218950641672778
0.0008545206302648998
0.00034095864536534286
9.819149962151122e-05
2.596768831221518e-07
0.0
0.0
0.0
0.0
0.0
2.2502405712472e-05
0.0003909765742978162
0.0008284784316398774
0.0010908844054190996
0.0
3.3866501870412515e-05
0.00010325432491222673
0.00033364418516627524
0.0004923599343882584
0.0006030915142799886
0.0006273803116350619
0.0006969913490853063
0.0007360590670844455
0.0007508058774145153
0.0005883833019724781
0.0024287235550240894
0.0013149092383719703
0.0005487250072433633
0.00010751671123126337
0.0
0.0
0.0
0.0
0.0
7.600183606526794e-05
0.0004929982697087407
0.0
0.0
0.0
0.0
0.0
0.0
0.0
0.0
1.1152995818969251e-05
1.1144529724173377e-05
0.0
0.0017236130872762942
0.0010778191687362039
0.0006215319710808167
9.326937567914336e-05
0.0
0.0
0.0
0.0
0.0
0.0
0.0
0.0
0.0
0.0
0.0
0.0
0.0
0.0
0.0
0.0
0.0
0.0
0.0
0.0
0.0015292662066017436
0.001158169878116959
0.000907026231687598
0.00048726392218004694
0.0002571433212267034
0.00011081264715575921
2.793803960087645e-05
0.0
0.0
0.0
0.0
6.1757930925943945e-06
6.276120642091633e-05
0.00028163931373729003
0.0005729042124986208
0.0
0.0
0.0
2.516539017401616e-05
5.163731327289352e-05
0.00011225785703556333
0.0002194067557982676
0.0003279768660490579
0.00037100618783453374
0.002639659117290168
0.0019102114060028244
0.001288389708770588
0.0005812182442666601
0.00025686622572241506
2.650276478578465e-05
0.0
0.0
0.0
0.0
0.0
0.0
0.0
4.1400484941574635e-06
5.50622058569474e-05
0.0
0.0
0.0
0.0
0.0
0.0
0.0
0.0
0.0
0.0008775539053585941
0.0005013182125145525
0.00026946443470023324
1.0495678403159468e-05
0.0
0.0
0.0
0.0
0.0
0.0
0.0
0.0
0.0
0.0
0.0
0.0
0.0
0.0
0.0
0.0
0.0
0.0
0.0
0.0
0.0
0.0
0.00020634673921850698
3.0013136058384633e-05
0.0
0.0
0.0
0.0
0.0
0.0
0.0
0.0
0.0
0.0
0.0
0.0
0.0
0.0
0.0
0.0
0.0
0.0
0.0
0.0
0.0015555976455216927
0.0014147178522683614
0.0013095022329254928
0.0008865161352041868
0.0006848241055846686
0.0004835382857242371
0.0004736592764615522
0.0005823621583508137
0.000621626817533374
0.0006061427326244675
0.0006878244951667038
0.0008135404500776605
0.0009866712666217615
0.001147610782957754
0.0012326221904268926
0.0
3.2595262540692415e-05
0.0001131944254070713
