0.0007527703881879827
0.0005640605804777096
0.0005341044686601021
0.0005789723064190071
0.0006162084441417412
0.00044786875309884135
0.0006171601749010283
0.0004583433341167986
0.0004989052658548596
0.0005453785709217195
0.0006988662394460552
0.0005135959956804304
0.0005958515812738983
0.00040905627106992647
0.00047166400009580206
0.0004026766259929004
0.0006323309196063888
0.00047366085057208823
0.0005565446743570936
0.00042761144717271574
0.0005382650997543009
0.0005071968365219788
0.0007240243267372074
0.0005373110295984903
0.000634034070918875
0.0005876865313121291
0.0007045620604596872
0.0006736012053471116
0.0007715704783397561
0.0006955821095858232
0.0026931978422339094
0.0024666568331335246
0.0016236270609042397
0.0012391799499784483
0.0009608445129923064
0.0007306764303935743
0.0006110311297780116
0.00036578195673950275
0.00023685018661931775
0.0001530903393306753
0.0001154193497720147
0.00027693307775281806
0.00047177027561393894
0.000577018674429785
0.000676525130798794
0.000729214396846852
0.0
0.0
5.555884959044768e-06
4.327529110834546e-05
0.00010075847811866284
0.00011810199254645299
0.0001661467521192701
0.0001587350077708592
0.0014963910673176214
0.001320129634556144
0.0006313105307540643
0.00036457477719204623
0.0002610127382175242
0.00017169107074336095
0.0001233911712785633
2.6230656542679277e-05
0.0
0.0
0.0
2.013640422758019e-05
6.744076233731177e-05
9.706081950707769e-05
0.00014706782558619673
0.00020903946612998544
0.0
0.0
0.0
0.0
0.0
0.0
0.0
0.0
0.0007589914731220517
0.0007194229235186646
0.0002465349841760177
0.00013501087537528235
8.110240538813473e-05
4.9212391036307395e-05
6.100473567411825e-05
1.3741535183335356e-05
8.964502883691205e-07
0.0
0.0
0.00012817736728015842
0.00026851532948000604
0.00032642716035240855
0.00042291307135337993
0.0004830922916627902
0.0
0.0
0.0
0.0
2.2876103889249146e-06
2.37632628848389e-05
7.830929091398055e-05
0.00010323754861333117
0.0013737696533608452
0.0013079394890469546
0.0006689598458394339
0.0003828089650173401
0.00018111757602689096
9.768881777734956e-05
7.405056375841992e-05
2.1984443880548522e-06
0.0
0.0
0.0
1.5170362746516681e-05
7.906803668923155e-05
0.00012726230056201422
0.00017920645502590577
0.0002238011451662208
0.0
0.0
0.0
0.0
0.0
0.0
0.0
0.0
0.0007711561408636397
0.0007189997510045093
0.0002574320112172371
0.00015067670335423245
7.193268334276981e-05
3.0647311014912866e-05
7.065923020051833e-05
1.7579342452372692e-05
1.012927845521462e-06
0.0
0.0
0.00011679533882363708
0.00024865547211356224
0.0002831925761812889
0.0003270112228212635
0.0003375704014228957
0.0
0.0
0.0
0.0
0.0
0.0
0.0
0.0
0.0006802961252847367
0.0006507248974440261
0.0005184507818118666
0.00046401127424526247
0.0003924032849047786
0.0003647799028630571
0.0004043499413024108
0.00036493049965054936
0.00033701692239243076
0.00031677293487435826
0.0003287224754035618
0.00040870951215652476
0.0
0.0
0.0
0.0
0.0
0.0
0.0
0.0
0.0
0.0
0.0
0.0
0.0
0.0
0.0
0.0
0.0
0.0
1.0167989720359763e-06
1.07783468375176e-06
2.1123820208885027e-06
7.108925137786927e-06
1.4888661477755443e-05
2.7209983448143135e-05
6.965534009304727e-05
8.709439838579025e-05
0.00014212498103744712
0.00013604770926218808
0.00017766067658601676
0.00015113734513762378
0.00016799556169638864
0.00015693984178074625
0.00019375411406944652
0.00020369849322984343
0.0002467806859519951
0.00021321537270250045
0.0017870745482510355
0.0015061281636988171
0.0008453197590297371
0.0005872702346357983
0.0005211194483960381
0.00042340434906071143
0.0003332001470879965
0.000156888419786207
3.0108042185365427e-05
0.0
0.0
0.0001471379008778383
0.00032030519394507875
0.00042123782719546125
0.000566173329059669
0.0006564384183530542
0.0
0.0
3.890714041985881e-06
6.308111649116203e-05
0.00015484120819088092
0.00020765691047396976
0.00030222222982294653
0.0003344217167640076
0.0016536311864392965
0.0016677401978074304
0.001038261148997329
0.0007722031784242987
0.0005868971536065966
0.0004433468953969594
0.0003944684556993234
0.0002673715063992774
0.00020278583376492158
0.00015285635182542016
0.00013121847768309775
0.0003482658935360231
0.0005661826019801983
0.0006716806403195085
0.0007869529991341048
0.0008771963276024231
0.0
8.555927518708196e-06
5.534306669030156e-05
0.00015727376118789764
0.00018411378563622222
0.00035390423390861095
0.000334334331606554
0.0005083441621301427
0.0017657758296106719
0.0018018762561722462
0.001075328942290766
0.0007579309100155746
0.0005355389901582252
0.0003709460737474121
0.00039269124597974625
0.00026884397422248144
0.00021063484439106696
0.00018351945200965674
0.00017554387019831533
0.0004053025235097345
0.0005682568914512983
0.0007300046084283227
0.0009079535409100679
0.0009817306723109065
0.0
2.0734312089941843e-05
0.00011989249341070652
0.00019152484064364084
0.0002508915489588478
0.00029975850431400555
0.0003427019511202646
0.00036186645943426507
0.0018047565289817892
0.0016924954474070912
0.0011061312871367443
0.0009316661118944282
0.0008215741313785226
0.000679647880283037
0.0007274500042867859
0.000647919247301176
0.0005507705142667229
0.0004657028233579645
0.0005112320358484354
0.0007979597850513346
0.0009589911614182639
0.0009987199870178853
0.0010374779012916702
0.001051470760734933
0.0
3.1004517641239236e-05
0.00017527321643321801
0.0002642143521664962
0.00035542907190967964
0.00040642653555832554
0.0004919045278629614
0.0005183819236809018
0.0019253768449843727
0.001853457377598998
0.001262858126154043
0.0011579479041452778
0.001082986098085041
0.0009565470438861021
0.0010280832867041474
0.0009110336792983624
0.0008456424239339064
0.0008166017719347072
0.0008275234886615424
0.0011823805353447065
0.0013989111250793142
0.0014711295801200987
0.00154709980914369
0.001608108065609576
0.0001538531437813986
0.00044316370467453525
0.0005284933364630597
0.0006794993199064941
0.0007391456995261655
0.0007897828220943859
0.0007431592585473002
0.000870884240853574
0.002493225867089199
0.0025235429657174714
0.0020936652210627868
0.0018313540599110482
0.0016507883562213498
0.001467265531256296
0.0014063782718220258
0.0012784895118795622
0.0011319093082942631
0.0010191155896176727
0.0009833941433404483
0.0011121074086779571
2.0985451968859094e-05
0.0001267177081854083
0.00028066699369134313
0.00030484553323657944
0.0004878922503625324
0.00045738271720064115
0.0006326516171455302
0.0005605960417889618
0.0006586846706857372
0.0005934261079155474
0.0006735696826001934
0.0008315628282583562
0.0010005829104156245
0.0008803543015114671
0.0009718626850967582
0.0006587444965806707
0.0006093354143030491
0.00036649778136889274
0.00040290226291754235
0.0002373482020726304
0.00023049715333147
0.00012511708807865068
0.00015638321988287442
0.00013454079471265535
0.0002357166148167541
0.0002045903964967334
0.00031079585964744583
0.0002660941162017735
0.0004043788516640458
0.0003051232618479521
0.0004102401817867876
0.0004073281034792901
0.0005055799871092085
0.00047791964987974956
0.0005615278560835214
0.0005886002314357625
0.0006624834842882597
0.0005383269382757276
0.0006449473143444022
0.000504047510392754
0.0005523744694867428
0.00037061287800896835
0.000420503835856346
0.0002654862446046739
0.00028019051044832346
0.00024036395309776242
0.00032031205913314674
0.00031977815009532923
0.0004899801942415049
0.00037560576663350515
0.0004269488752310171
0.0003763329772726212
0.0004488093852143335
0.00040546033515230165
0.0004438009800719903
0.00040359805783979347
0.00046044997151345403
0.00041045976059741264
0.00045492921989539255
0.00040471582043374144
0.00221377390856074
0.0018736551662956343
0.0012511030352698948
0.0010932522477475524
0.0009554203608785668
0.0008313276361946361
0.0008287811477000829
0.0006466679333875916
0.0005940386029269598
0.0005748987022954498
0.0005671207399227049
0.0008106099400501187
0.0009225239888351752
0.0009486913038562848
0.0009883558292432515
0.0010003134989091302
0.0
2.25530701662608e-05
0.0001322185034909032
0.00018677744754479612
0.0002342597446270021
0.0002614860394907809
0.0003059708667424632
0.00032206750181529894
0.0017754442224598686
0.001567617600837844
0.0009159219278523775
0.0007275610638530636
0.0005939526622314872
0.00041876110862852997
0.0003228093138031411
0.00017574978402230967
8.056426126162759e-05
2.8080880549465234e-05
8.63098202060449e-07
9.146634851692504e-05
0.00023530405780243803
0.0003167926954976481
0.00040163990378644176
0.0004853013016193006
0.0
0.0
0.0
1.525192833917527e-06
1.0475255965803529e-05
4.4159871371882725e-05
9.964441411416841e-05
0.0001146290471706245
0.001399498558196119
0.001301949312844519
0.0007111816023078879
0.00048253613226609596
0.0003496339996023435
0.00022505130748612961
0.00015036237357077983
1.001796757420669e-05
0.0
0.0
0.0
1.8481700769869557e-05
0.00010110067783578374
0.00017420260446494897
0.00022488493982914526
0.000237749368462326
0.0
0.0
0.0
0.0
0.0
0.0
0.0
0.0
0.0007059434536947748
0.0006902674575590096
0.00022788687971748745
8.843577386489789e-05
3.266914301564374e-05
3.3841307512512945e-06
1.1892623945415676e-06
0.0
0.0
0.0
0.0
1.4135941267315441e-05
6.573753074341087e-05
0.00013160304076508003
0.00022825389038545223
0.0003544356793027451
0.0
0.0
0.0
0.0
6.4482495183649964e-06
4.3350272920328376e-05
0.00011778584279060334
0.00015657615985393945
0.0013799026452836413
0.0014251334343783038
0.0010346252841249442
0.0007581338698810938
0.0005121427843920392
0.00034886140041076916
0.0003189268919793275
0.00022252800315660713
0.00011838756198784128
6.766100379353928e-05
4.892594705466032e-05
7.058183907636014e-05
0.0
0.0
0.0
0.0
0.0
0.0
0.0
0.0
0.0
0.0
0.0
2.4955483713238322e-05
5.2698078135871494e-05
9.491860972257516e-05
4.216864927418686e-05
5.230374823314998e-06
0.0
0.0
0.0
0.0
0.0
0.0
0.0
0.0
0.0
0.0
0.0
0.0
0.0
0.0
0.0
0.0
0.0
0.0
0.0
0.0
0.0007310952246153133
0.0006163542048747815
0.0001188989965604049
2.5351409961218813e-05
0.0
0.0
0.0
0.0
0.0
0.0
0.0
0.0
2.0195374609820057e-07
0.0
0.0
0.0
0.0
0.0
0.0
0.0
0.0
0.0
0.0
0.0
0.0001900280626211462
0.00019806167630493095
3.6321134991877286e-06
0.0
0.0
0.0
0.0
0.0
0.0
0.0
0.0
1.0272756320639093e-05
7.01096851723756e-06
0.0
0.0
0.0
0.0
0.0
0.0
0.0
0.0
0.0
0.0
0.0
0.0002161560342466107
0.0003248834208084122
4.893323803774498e-05
5.150091468445601e-06
0.0
0.0
3.239625713257068e-06
0.0
0.0
0.0
0.0
7.210794846311609e-05
0.0002513508230827526
0.00032848740030966793
0.00042195103535716126
0.00048359831378057765
0.0
0.0
0.0
0.0
1.6301521170472989e-06
8.08977376744054e-06
3.3018685722160465e-05
5.898080471286771e-05
0.0013651226768879843
0.001285864086145898
0.0005901582237264537
0.0002962166565574738
0.00014463518350396644
6.485101398139023e-05
2.5923593815858253e-05
0.0
0.0
0.0
0.0
3.3952178045611834e-06
1.54122018469164e-05
3.494427432867916e-05
7.086730244617312e-05
0.00012111181344989226
0.0
0.0
0.0
0.0
0.0
0.0
0.0
0.0
0.0008397002657088225
0.0008295225773616647
0.00034570493699219657
0.00021850049579431906
8.824076185944772e-05
2.5710977070586666e-05
1.444305384742186e-05
0.0
0.0
0.0
0.0
2.2459913710483962e-05
9.572652466061309e-05
0.00017880457084261836
0.0002612232437905553
0.0003396977289890924
0.0
0.0
0.0
0.0
0.0
5.016062814295621e-06
1.7809040349284445e-05
4.8909896611309085e-05
0.0013056134396858602
0.0013144026017684854
0.0010132157324031256
0.0008415327884889928
0.0006928444620434947
0.0005753016642341006
0.0005777998498703139
0.0004978522410010648
0.00041724479611257635
0.00037567669773958364
0.00038995015341866776
0.0005250458198127033
0.0
0.0
0.0
2.5318264510894132e-05
8.373799311845922e-05
0.00013146205236544862
0.00020911593919187974
0.0002651511920811746
0.0003403594645699096
0.0003752719400744814
0.0004353197269458424
0.00045015662361517
0.000544825851573889
0.0005130247475311516
0.00048163959475764056
0.00035904226362785236
0.00021986733365212953
0.0002186771482762015
0.00015492572307919625
0.0001106304061332281
3.576627349876418e-05
3.171428316263497e-05
1.6977892390457547e-05
3.165153582648289e-05
3.6087363570182656e-05
7.542526839615287e-05
8.735030900065272e-05
0.0001358424340863448
0.00014775021271343802
0.00025272844523904363
0.00022736999360554113
0.00030227032696348894
0.000314430789116213
0.0004128017845933412
0.0003606551541711188
0.0004325174756727972
0.001934700043014414
0.0018097438898501854
0.001094760717960274
0.000674624856929853
0.00036485230292555653
0.00021432130181945114
0.00017686103885176935
6.45860740946788e-05
1.4542668684765875e-05
0.0
0.0
3.4848438873391854e-05
0.00011033529875211856
0.00017519120313721855
0.00023745302407649329
0.00027686516088283684
0.0
0.0
0.0
0.0
0.0
0.0
0.0
0.0
0.0009994305881191802
0.0008865699619920343
0.0003648904645532159
0.0002131230174811581
0.00011884180326754238
0.00010406355844623603
0.00013275211793870476
6.0688422231510307e-05
6.291457369893112e-05
7.524231061940382e-05
5.405011938166928e-05
0.0002686786566314936
0.0004102780539185646
0.0005104232931580691
0.0006545670805826599
0.0007099497541968326
0.0
0.0
6.2453995299340925e-06
8.393037788221577e-05
0.00020944455659998004
0.0003090297022452226
0.0004398736345575921
0.0005244391873147791
0.0018770402908147188
0.001968115858708789
0.0012614656701293407
0.0009972781099104049
0.0008316516420806518
0.0006884294524616603
0.0006499697524934634
0.0004258543287513695
0.0003188988270308671
0.00025387685818735196
0.00021295335194956023
0.00045425600227954444
0.0007233095550137488
0.0008021069106567567
0.0008917216746959949
0.0009870880731705203
0.0
7.804331636792052e-05
0.00022010800909800436
0.00029977854910829947
0.00040490732009623064
0.0004595203052747918
0.0005242426451700564
0.0005651119514243113
0.0019540272584865747
0.001917336527278836
0.001179216318903361
0.0008850343082757032
0.0006760180900317918
0.0004902413795210433
0.0004221676482105854
0.00028564663827862686
0.00024183958283368796
0.00017068858074163472
0.00013672533463477885
0.0003421052983317131
0.0004888442741676206
0.0005550751771059849
0.0006306900608499507
0.0006753186351432044
0.0
0.0
0.0
1.2967911492280204e-05
3.757217433698808e-05
7.047284270516959e-05
0.0001066948193757173
0.0001487471600848638
0.0014716939609513582
0.001359703809360944
0.0007773110501629245
0.0006198072680958483
0.000637576350345539
0.0006298995569326624
0.0006144269551724839
0.0004377688509285611
0.0004204016681268088
0.000411003048875829
0.00041507547176388847
0.0006978092221760236
0.0009576584760872572
0.0010306636886384696
0.0011174819291987306
0.001206803073059863
8.051157604621444e-06
0.0001147240749483746
0.0002694410373816523
0.00022486074571220112
0.0003672979769196389
0.0003103757881649038
0.0004559605307830491
0.00040992066796808745
0.0019504071612887553
0.0018413784485625
0.0015307061127789092
0.001388699622157627
0.0012956015263367346
0.001215531671929409
0.001244427453515216
0.0012923630928069253
0.001309743635550781
0.0012812787812768614
0.0012774159901493077
0.0012943619931838524
0.0
6.667529441797297e-05
0.00013409746503152488
0.0001853253331813302
0.00020929886260541428
0.00024250501671996516
0.0002387124807939405
0.00026243863891521103
0.0002704197558665241
0.00024883034395614846
0.00019108753004516956
0.00018361545441762764
0.00014182769191171032
0.00014033522691637372
0.00013204652719287738
6.428894253209025e-05
1.9555050914796357e-05
2.2917281847457894e-06
2.652465500013779e-07
0.0
0.0
0.0
0.0
0.0
0.0
0.0
0.0
0.0
0.0
3.7850307213119586e-06
5.161244427773938e-06
1.5155077844940846e-05
4.743240497844481e-05
5.0970831873424415e-05
0.0001144812032209548
0.00012199378798424415
0.00154401575395243
0.001391681858931365
0.0006113709684796032
0.00023764881985077722
0.00011080996468518039
3.938301779822805e-05
1.245193801122196e-05
0.0
0.0
0.0
0.0
9.26135210348385e-07
1.5056271075625116e-06
0.0
1.7086169965204144e-05
4.139410499332557e-05
0.0
0.0
0.0
0.0
0.0
0.0
0.0
0.0
0.0006334180593578476
0.0006945924877026932
0.00027937896527451943
0.00019820071562161667
0.00014922029039402863
0.00010487585955751
0.00012837897491058852
4.355330117503428e-05
2.7077249035832946e-05
1.1271944697262511e-05
6.7723605938010325e-06
0.00016084566472288119
0.00028706727586662366
0.0003181331842602753
0.00037180647006452276
0.00041134707381922694
0.0
0.0
0.0
0.0
0.0
0.0
0.0
0.0
0.0011030944210167846
0.0009281033961174208
0.000382531185287136
0.0002078526267300714
0.00013423098567986243
0.00019810361380377727
0.00040215273926348194
0.0003696259837059884
0.0003328420341141384
0.0003826545100005435
0.0004344904231254851
0.0007306015897618641
0.0009413603055538416
0.001024022166047729
0.0011157919535875597
0.0011711379283181362
6.551251924347227e-06
0.00013408240664849604
0.0003442030903955649
0.00034028839182206894
0.0005380550215914995
0.0005676640019317219
0.0006362315802032803
0.0005522569295436006
0.0022441316839341783
0.0022358918341647657
0.00148704280881294
0.001209555609671841
0.0010247862709934742
0.0008905054275908146
0.0008490728510974132
0.0006194077012995874
0.0004982866678229567
0.000406096715970206
0.0003721057461508393
0.0007052600311272027
0.0009720225294228601
0.0010923610546419288
0.0012117713382047706
0.0013122876808136846
6.587991420790237e-05
0.0003266632464631915
0.0004983942578760444
0.0006175765919196083
0.0007006268296880389
0.0008177963874318665
0.000861145373417863
0.000736976432686163
0.0023983096703884647
0.002377094851240234
0.0015873795418575676
0.0012613019796436588
0.0010221993993320439
0.0008311426236538572
0.0007441604093243898
0.00047274400610783173
0.0003228322235594446
0.00021918605417056843
0.00016151124126264748
0.0003030267312477643
0.0005663240850610217
0.0006679940343270203
0.000771711699969056
0.0008454144082086416
0.0
2.4908363723359095e-05
0.00011219488785307687
0.0002008722345655858
0.00028422057960955107
0.00034935109716173994
0.00042588423965763295
0.0005233140289973906
0.0018544042048553747
0.0018857614279323336
0.0014561892526601065
0.0011533004105553199
0.0009264943831505163
0.0007440572390977688
0.0006729198958687362
0.0005257652747666073
0.00037674769760748564
0.00025382873459991404
0.00018973866045662052
0.00025015965757422946
0.0
0.0
0.0
0.0
0.0
1.9475178397360587e-05
2.768624419999881e-05
5.946755419696037e-05
7.299914107175105e-05
0.0001353293125745931
0.00018920437051251024
0.00022546718385206826
0.0002474730580424891
0.0002367804182891593
0.0002489862118406482
0.00019990350643984332
0.00016320317729875473
6.090449613625431e-05
1.3420586512284586e-05
0.0
0.0
0.0
0.0
0.0
0.0
0.0
0.0
0.0
0.0
0.0
4.272470746269459e-05
0.00015626199120130353
0.0002200604971615847
0.00028238771000230905
0.00030223877599471583
0.00036481700200000403
0.001751316826063046
0.0017052239892290228
0.0011237664825994671
0.0009596812131043003
0.00085750401788599
0.0007932245578793877
0.0008264322847854859
0.0006983903209951249
0.0006627211824171933
0.0006326955244943477
0.0006221793760565842
0.0009254684289129116
0.001131908307039651
0.001207134620925976
0.001260166589927651
0.0012939207363180892
2.6483572037757525e-05
0.00026055377222657577
0.0003285989162180141
0.0005472926025011716
0.0004824620960459976
0.0008162654854594148
0.0006760991112497193
0.0007098503456417232
0.002390268859244207
0.002337810673566359
0.0015474240809186274
0.00122427093546517
0.001002357938710067
0.0008076899422286543
0.000711757902346685
0.0004345631874096587
0.00028818841035099324
0.00019245975951973253
0.00014228566151143536
0.0003263820824178498
0.0005281106520158835
0.0006672577976642312
0.0007947130180870201
0.0008978719421213887
0.0
2.1925294830892835e-05
8.129165644327508e-05
0.00016020556232979876
0.0002249045483384123
0.0003282350394184119
0.00032733964143390805
0.0003798797780534312
0.0017470321375521887
0.0016551445422278385
0.0009788299099022378
0.000633111339624186
0.0004176829853159635
0.0002289453645239726
0.0001638271230881627
5.464456997806095e-05
6.388626478219306e-06
0.0
0.0
8.833737082430329e-05
0.00024249449600295933
0.0003026232279464885
0.0003888467921355187
0.00045736659329171926
0.0
0.0
0.0
0.0
0.0
0.0
0.0
0.0
0.0011759506152519222
0.001039791357493133
0.00039328387706523025
0.00013858315905332619
4.7868931275594546e-05
2.6570054947835643e-06
0.0
0.0
0.0
0.0
0.0
1.0666433519305844e-06
6.406479444341486e-07
0.0
1.3645481752380779e-06
2.0305634095386946e-05
0.0
0.0
0.0
0.0
0.0
0.0
0.0
0.0
0.0004113453840578533
0.0004108389561843411
3.880353531042884e-05
0.0
0.0
0.0
0.0
0.0
0.0
0.0
0.0
0.0
6.508177890581069e-07
0.0
0.0
0.0
0.0
0.0
0.0
0.0
0.0
0.0
0.0
0.0
0.0004653236151688241
0.0004976425471169793
0.00019884185705819755
7.033851649149655e-05
1.2932194253544298e-05
0.0
0.0
0.0
0.0
0.0
0.0
0.0
0.0
0.0
0.0
0.0
0.0
0.0
0.0
0.0
0.0
0.0
0.0
0.0
0.0
0.0
0.0
0.0
0.0
0.0
0.0
0.0
0.0
0.0
0.0
0.0
0.0
0.0
0.0
0.0
0.0
0.0
0.0
0.0
0.0
0.0
0.0
0.0
0.0
0.0
0.0
0.0
0.0
0.0
0.0
0.0
0.0
0.0
0.0
0.0
0.0
0.0
0.0
0.0
0.0
0.0
0.0
0.0
0.0
0.0
0.0
0.0
0.00012229295283385357
0.00010579000730816098
0.0
0.0
0.0
0.0
0.0
0.0
0.0
0.0
0.0
4.860725175849942e-06
4.022713312250759e-06
0.0
0.0
0.0
0.0
0.0
0.0
0.0
0.0
0.0
0.0
0.0
1.911624746895021e-05
1.9499520723416806e-05
0.0
0.0
0.0
0.0
0.0
0.0
0.0
0.0
0.0
0.0
1.3916479893330937e-06
0.0
0.0
0.0
0.0
0.0
0.0
0.0
0.0
0.0
0.0
0.0
0.0007517525210205148
0.0008022727108592126
0.00023788666050895271
9.671088788920114e-05
3.831048493336896e-05
2.9305893114274923e-06
0.0
0.0
0.0
0.0
0.0
4.799930016397848e-06
2.8936419264116296e-05
6.913615020801315e-05
0.00012640856229520654
0.00020026519400448946
0.0
0.0
0.0
0.0
0.0
0.0
7.759006533808321e-06
4.867022678644667e-05
0.001221918561858324
0.0011916852143355767
0.0004949205964283347
0.00021263691502302503
0.00011213449054545523
4.499452278999868e-05
2.1259697044862223e-05
0.0
0.0
0.0
0.0
2.2425946471694626e-06
8.079359042136835e-06
3.732864262640492e-05
7.66505322419685e-05
0.0001177810694987165
0.0
0.0
0.0
0.0
0.0
0.0
0.0
0.0
0.0009697539784524039
0.000894014203948329
0.0005850675740641467
0.00036665144936867986
0.00017084989113097366
7.455634723291258e-05
5.421938844058016e-05
2.3973099422413545e-05
1.0628233011160252e-06
0.0
0.0
0.0
0.0
0.0
0.0
0.0
0.0
0.0
0.0
0.0
0.0
0.0
0.0
0.0
0.0
0.0
0.0
0.0
0.0
0.0
0.0
0.0
0.0
0.0
0.0
0.0
0.0
0.0
0.0
0.0
0.0
0.0
0.0
0.0
0.0
0.0
0.0
0.0
0.0006626951984311641
0.00046630102550859894
2.8005784607591222e-05
0.0
0.0
0.0
0.0
0.0
0.0
0.0
0.0
0.0
4.407362483315136e-07
0.0
0.0
0.0
0.0
0.0
0.0
0.0
0.0
0.0
0.0
0.0
0.0004981166173026593
0.0004690337320963733
3.9781275686159344e-05
1.2738553469924221e-06
0.0
0.0
0.0
0.0
0.0
0.0
0.0
2.954863757710386e-06
3.9115990949722704e-06
0.0
0.0
4.9055521897195445e-06
0.0
0.0
0.0
0.0
0.0
0.0
0.0
0.0
0.0005089164536005721
0.00047947025496680577
4.99964912549785e-05
1.15365570879852e-06
0.0
0.0
0.0
0.0
0.0
0.0
0.0
3.4282925032281884e-06
4.158912008720515e-06
8.838377506179398e-07
2.3564013057261544e-05
4.397236226192307e-05
0.0
0.0
0.0
0.0
0.0
0.0
0.0
0.0
0.0006593107517690842
0.0006573367276260085
0.00014896796940386047
5.496107999742531e-05
1.298246678790918e-05
0.0
0.0
0.0
0.0
0.0
0.0
8.93109749055858e-07
1.0179734660605945e-06
0.0
1.0657796635962261e-05
3.4897972666093706e-05
0.0
0.0
0.0
0.0
0.0
0.0
0.0
0.0
0.0007202305588118449
0.0007024148886696117
0.00012789254626816173
2.3020130699925224e-05
0.0
0.0
0.0
0.0
0.0
0.0
0.0
0.0
2.751428462209078e-07
0.0
0.0
0.0
0.0
0.0
0.0
0.0
0.0
0.0
0.0
0.0
0.0005528205331201276
0.0006771507899742855
0.0004083367009211558
0.00020932916613270277
0.00010148598506950536
5.193694452545429e-05
4.498758530783331e-05
1.8243680769793624e-05
0.0
0.0
0.0
0.0
0.0
0.0
0.0
0.0
0.0
0.0
0.0
0.0
0.0
0.0
0.0
0.0
0.0
0.0
0.0
0.0
0.0
0.0
0.0
0.0
0.0
0.0
0.0
0.0
0.0
0.0
0.0
0.0
0.0
0.0
0.0
0.0
0.0
0.0
0.0
3.853093521357295e-06
0.0011392380760051957
0.000979275087830869
0.0003319652371719314
0.0001327166312458988
5.154362382916322e-05
6.877696292221287e-06
0.0
0.0
0.0
0.0
0.0
6.631140293945634e-07
6.662637705093018e-07
0.0
0.0
1.2327325062437387e-05
0.0
0.0
0.0
0.0
0.0
0.0
0.0
0.0
0.0004875152472054869
0.0005169302984962537
6.466508959070532e-05
7.3719458815682435e-06
0.0
0.0
0.0
0.0
0.0
0.0
0.0
1.9752958713301297e-06
1.6049930178517783e-06
0.0
2.155445694216491e-06
0.0
0.0
0.0
0.0
0.0
0.0
0.0
0.0
0.0
0.0003717789026371894
0.0003537119781134063
2.283181029151113e-05
0.0
0.0
0.0
1.6847553488238143e-06
0.0
0.0
0.0
0.0
9.266833994672726e-06
1.4844450170686334e-05
3.876453272474302e-05
7.986170145426568e-05
9.657783627389193e-05
0.0
0.0
0.0
0.0
0.0
0.0
0.0
0.0
0.0005429067739622848
0.0004592018967233262
4.248401407197998e-05
0.0
0.0
0.0
0.0
0.0
0.0
0.0
0.0
5.92716812474406e-06
6.098754428684796e-06
0.0
0.0
1.1179847239077937e-05
0.0
0.0
0.0
0.0
0.0
0.0
0.0
0.0
0.0006360066978138904
0.0007178726034900923
0.0002670164664126736
9.45699088793142e-05
2.9377133258539013e-05
3.815305819075333e-06
8.201849584962707e-07
0.0
0.0
0.0
0.0
1.238591079322004e-05
5.20693399560133e-05
0.00015461629374572373
0.0002430927205180826
0.0002676911748169436
0.0
0.0
0.0
0.0
0.0
0.0
0.0
6.065552117534899e-06
0.0011722777976767432
0.0011588963771440345
0.0009580728657471806
0.0008689566379343507
0.00080090869341193
0.0007160278485770376
0.0007376013817003881
0.0007154387471758681
0.0006711434719236969
0.0006313379265428211
0.0006289893089276167
0.0007138761302283924
0.0
0.0
1.190939928042154e-06
1.3276797196504591e-05
5.532336817284203e-05
0.00014941907518223633
0.00023556037845067754
0.0002807756600798268
0.0003292546036245871
0.00034267012024039
0.00037145520488413025
0.00037652487186358257
0.000410644255382527
0.000391139679397169
0.0003699846025432829
0.0002929545331766932
0.00022223284728360606
0.00016183576268562837
0.00010924529022248752
3.757091159535323e-05
7.272338461779667e-06
0.0
0.0
0.0
0.0
0.0
3.6528354653521372e-06
2.0678514376677605e-05
3.464110048471176e-05
5.958868800694993e-05
9.704006098384894e-05
0.00015615819040259684
0.00020319527537045312
0.00024824691248536947
0.00026837629282575943
0.0017106772662969921
0.0015742855264825346
0.0008868548949862212
0.000561885042883551
0.0003091295545401885
0.00014952371243057256
0.00010758994612867125
2.336685434488317e-05
0.0
0.0
0.0
1.76284754308368e-06
4.868434559470336e-07
1.3730660262526306e-05
4.153151342404188e-05
6.979068067828268e-05
0.0
0.0
0.0
0.0
0.0
0.0
0.0
0.0
0.0008296711835321609
0.0008404238208190006
0.00031384734149330327
0.00015783600154233656
5.9073842548106114e-05
1.3268693537596978e-05
3.219619652127711e-06
0.0
0.0
0.0
0.0
8.427394824075504e-07
0.0
0.0
0.0
0.0
0.0
0.0
0.0
0.0
0.0
0.0
0.0
0.0
0.0003906599417660417
0.00048488101021928564
7.520861374243425e-05
1.0547123361204223e-05
0.0
0.0
0.0
0.0
0.0
0.0
0.0
0.0
0.0
0.0
0.0
0.0
0.0
0.0
0.0
0.0
0.0
0.0
0.0
0.0
2.3357317363640017e-05
5.738334674957634e-05
0.0
0.0
0.0
0.0
0.0
0.0
0.0
0.0
0.0
0.0
0.0
0.0
0.0
0.0
0.0
0.0
0.0
0.0
0.0
0.0
0.0
0.0
4.7788970382928936e-05
0.00020976071805281233
2.141081659340466e-06
0.0
0.0
0.0
0.0
0.0
0.0
0.0
0.0
0.0
4.037663541676901e-07
0.0
0.0
0.0
0.0
0.0
0.0
0.0
0.0
0.0
0.0
0.0
0.00019491964046655674
0.00028420301975845357
0.0002561110512681987
0.00033383006989352523
0.0003765051469169772
0.0004029497558618961
0.0005075708401750901
0.000541966703621451
0.000575163463053256
0.0005885248295618817
0.000571853761885061
0.000576228327596406
0.0
0.0
0.0
0.0
0.0
0.0
0.0
0.0
0.0
0.0
1.4028934472994941e-06
5.966018795202522e-06
8.438386549639499e-06
2.3653126563706583e-05
2.288320637164276e-05
8.514267538318044e-06
3.745666196549746e-06
0.0
0.0
0.0
0.0
0.0
0.0
0.0
0.0
0.0
0.0
0.0
0.0
0.0
0.0
0.0
0.0
0.0
0.0
0.0
0.0011300243271207449
0.0009546761745275004
0.00035741858221875544
0.0001478925272917542
1.9963072286543157e-05
0.0
0.0
0.0
0.0
0.0
0.0
0.0
0.0
0.0
0.0
0.0
0.0
0.0
0.0
0.0
0.0
0.0
0.0
0.0
0.00024073016414650572
0.00033170747951654067
1.4657033342642202e-05
0.0
0.0
0.0
0.0
0.0
0.0
0.0
0.0
0.0
0.0
0.0
0.0
0.0
0.0
0.0
0.0
0.0
0.0
0.0
0.0
0.0
9.879167708422333e-05
0.0002372782076126411
4.003417760279799e-06
0.0
0.0
0.0
0.0
0.0
0.0
0.0
0.0
0.0
0.0
0.0
0.0
0.0
0.0
0.0
0.0
0.0
0.0
0.0
0.0
0.0
3.26852982171003e-05
0.00013627209631365104
1.9300672551407966e-06
0.0
0.0
0.0
0.0
0.0
0.0
0.0
0.0
0.0
0.0
0.0
0.0
0.0
0.0
0.0
0.0
0.0
0.0
0.0
0.0
0.0
1.4163547591109597e-05
6.934138443554248e-05
2.5306263193733495e-06
0.0
0.0
0.0
3.5822797667422296e-06
0.0
0.0
0.0
0.0
7.471460229584356e-06
1.4603889887728995e-05
0.0
8.938346265108085e-06
2.07250537240798e-05
0.0
0.0
0.0
0.0
0.0
0.0
0.0
0.0
0.0003676444601818419
0.00034952527286523935
0.0002163899032555746
0.00014016446195715777
7.739208293803359e-05
1.9592334612024424e-05
8.734953895225536e-06
0.0
0.0
0.0
0.0
0.0
0.0
0.0
0.0
0.0
0.0
0.0
0.0
0.0
0.0
0.0
0.0
0.0
0.0
0.0
0.0
0.0
0.0
0.0
0.0
0.0
0.0
0.0
0.0
0.0
0.0
0.0
0.0
0.0
0.0
0.0
0.0
0.0
0.0
0.0
0.0
0.0
1.5399001432841045e-05
3.961908949634042e-05
0.0
0.0
0.0
0.0
0.0
0.0
0.0
0.0
0.0
0.0
3.097192896018731e-06
0.0
0.0
0.0
0.0
0.0
0.0
0.0
0.0
0.0
0.0
0.0
3.224516012601295e-05
3.5582473042278037e-05
0.0
0.0
0.0
0.0
0.0
0.0
0.0
0.0
0.0
0.0
0.0
0.0
0.0
0.0
0.0
0.0
0.0
0.0
0.0
0.0
0.0
0.0
0.0
3.88507853515852e-05
1.6509931577847693e-06
0.0
0.0
0.0
0.0
0.0
0.0
0.0
0.0
0.0
0.0
0.0
0.0
0.0
0.0
0.0
0.0
0.0
0.0
0.0
0.0
0.0
7.484921030207507e-06
3.618297016220158e-05
0.0
0.0
0.0
0.0
0.0
0.0
0.0
0.0
0.0
0.0
7.365405828792993e-06
8.629551916270393e-06
5.028771328540366e-06
4.391104985621976e-06
0.0
0.0
0.0
0.0
0.0
0.0
0.0
0.0
0.0009549026739049275
0.0010293308346863176
0.0005553195860015164
0.00044139625847427273
0.00036925053630087985
0.0003100259138427175
0.0003287710595929707
0.00019611841025625275
0.00016379994888534064
0.00013903898569128743
0.00011039730821988766
0.00026176702763764347
0.0004026518775561275
0.00048402769563529296
0.0005988103206022666
0.0006735722317969211
0.0
0.0
0.0
2.5625525820175734e-06
5.502843548323922e-05
0.0001022591927881693
9.031650504006731e-05
0.00014658107116771686
0.0014473737508895832
0.001388381567710567
0.0010935054460646657
0.0009214405788059584
0.0007884871453773954
0.0006634710862675629
0.0006301398976211894
0.00046124786795925576
0.0002415349124681797
0.00014821433448228
9.973547267440128e-05
9.01349844657151e-05
0.0
0.0
0.0
0.0
0.0
0.0
0.0
0.0
0.0
0.0
4.993901222914756e-06
4.277168192365047e-05
0.0001342983768601104
0.00020582730235467307
0.00015665851557511142
2.8535099606674305e-05
1.7949749246055063e-07
0.0
0.0
0.0
0.0
0.0
0.0
0.0
0.0
0.0
0.0
0.0
0.0
0.0
0.0
0.0
0.0
0.0
0.0
0.0
0.0011940985533613073
0.0009796642565598204
0.0003741801032478935
0.00011739693657815109
1.2272457884076953e-05
0.0
0.0
0.0
0.0
0.0
0.0
0.0
0.0
0.0
0.0
0.0
0.0
0.0
0.0
0.0
0.0
0.0
0.0
0.0
3.908641953994865e-05
9.377335451583368e-05
2.499831983854285e-06
0.0
0.0
0.0
0.0
0.0
0.0
0.0
0.0
0.0
3.2139288180400824e-06
2.3509951573808648e-07
1.003202241292566e-06
0.0
0.0
0.0
0.0
0.0
0.0
0.0
0.0
0.0
0.0006489921996244467
0.0006596572794052728
0.00016440596639532301
3.7660004015280284e-05
0.0
0.0
0.0
0.0
0.0
0.0
0.0
0.0
0.0
0.0
0.0
0.0
0.0
0.0
0.0
0.0
0.0
0.0
0.0
0.0
9.274652603971318e-05
0.00019608548529138797
2.1995919170733665e-06
0.0
0.0
0.0
0.0
0.0
0.0
0.0
0.0
0.0
0.0
0.0
0.0
0.0
0.0
0.0
0.0
0.0
0.0
0.0
0.0
0.0
3.88669386005864e-06
3.563084292308587e-05
2.669284076581179e-06
0.0
0.0
0.0
0.0
0.0
0.0
0.0
0.0
0.0
0.0
0.0
0.0
0.0
0.0
0.0
0.0
0.0
0.0
0.0
0.0
0.0
5.083383297909647e-06
7.525064772807497e-05
4.4848256016026157e-05
6.158669146138005e-05
4.6993901269996936e-05
2.3516427868266353e-05
5.048719852584968e-05
3.379531187068213e-05
1.2140412992029949e-05
1.7383904110543183e-06
0.0
7.0540920652718665e-06
0.0
0.0
0.0
0.0
0.0
0.0
0.0
0.0
0.0
0.0
0.0
0.0
0.0
5.384883537959133e-06
2.99646791562659e-06
0.0
0.0
0.0
0.0
0.0
0.0
0.0
0.0
0.0
0.0
0.0
0.0
0.0
0.0
0.0
0.0
0.0
0.0
0.0
0.0
0.0
0.0011229841889345
0.0010188306305315823
0.00038874729500993385
0.00015474626435096209
3.186849753043261e-05
0.0
0.0
0.0
0.0
0.0
0.0
0.0
0.0
0.0
0.0
0.0
0.0
0.0
0.0
0.0
0.0
0.0
0.0
0.0
0.00013243409629289484
0.00012635707042051467
2.121376560331385e-06
0.0
0.0
0.0
0.0
0.0
0.0
0.0
0.0
0.0
0.0
0.0
0.0
0.0
0.0
0.0
0.0
0.0
0.0
0.0
0.0
0.0
0.0
2.4540818348867243e-05
0.0
0.0
0.0
0.0
0.0
0.0
0.0
0.0
0.0
0.0
0.0
0.0
0.0
0.0
0.0
0.0
0.0
0.0
0.0
0.0
0.0
0.0
0.0
1.567750735397007e-05
0.0
0.0
0.0
0.0
0.0
0.0
0.0
0.0
0.0
0.0
0.0
0.0
0.0
0.0
0.0
0.0
0.0
0.0
0.0
0.0
0.0
0.0
0.0
1.3578944691483409e-05
0.0
0.0
0.0
0.0
0.0
0.0
0.0
0.0
0.0
0.0
0.0
0.0
0.0
0.0
0.0
0.0
0.0
0.0
0.0
0.0
0.0
0.0
3.0347537638213825e-06
1.0837876781041396e-05
0.0
0.0
0.0
0.0
0.0
0.0
0.0
0.0
0.0
0.0
0.0
0.0
0.0
0.0
0.0
0.0
0.0
0.0
0.0
0.0
0.0
0.0
0.0
0.0
0.0
0.0
0.0
0.0
0.0
0.0
0.0
0.0
0.0
0.0
0.0
0.0
0.0
0.0
0.0
0.0
0.0
0.0
0.0
0.0
0.0
0.0
5.182925610411517e-06
4.3221265603320125e-05
1.8605717522207648e-06
0.0
0.0
0.0
0.0
0.0
0.0
0.0
0.0
0.0
0.0
0.0
0.0
0.0
0.0
0.0
0.0
0.0
0.0
0.0
0.0
0.0
5.132969964877842e-06
5.597044280179542e-05
1.91360960947284e-06
0.0
0.0
0.0
0.0
0.0
0.0
0.0
0.0
0.0
0.0
0.0
0.0
0.0
0.0
0.0
0.0
0.0
0.0
0.0
0.0
0.0
4.1106699249913505e-06
5.125554079673337e-05
1.1136961670503633e-06
0.0
0.0
0.0
0.0
0.0
0.0
0.0
0.0
0.0
0.0
0.0
0.0
0.0
0.0
0.0
0.0
0.0
0.0
0.0
0.0
0.0
0.0
3.237455053251412e-05
4.337636752182915e-07
0.0
0.0
0.0
0.0
0.0
0.0
0.0
0.0
0.0
0.0
0.0
0.0
0.0
0.0
0.0
0.0
0.0
0.0
0.0
0.0
0.0
0.0
1.7907420226658545e-05
0.0
0.0
0.0
0.0
0.0
0.0
0.0
0.0
0.0
0.0
0.0
0.0
0.0
0.0
0.0
0.0
0.0
0.0
0.0
0.0
0.0
0.0
2.6589756677971734e-05
9.201522930200179e-05
2.0923660803349803e-05
8.451069232899716e-06
0.0
0.0
0.0
0.0
0.0
0.0
0.0
0.0
0.0
0.0
0.0
0.0
0.0
0.0
0.0
0.0
0.0
0.0
0.0
0.0
0.0
0.0
0.0
0.0
0.0
0.0
0.0
0.0
0.0
0.0
0.0
0.0
0.0
0.0
0.0
0.0
0.0
0.0
0.0
0.0
0.0
0.0
0.0
0.0
1.3640526395805791e-05
4.268684033630319e-05
1.894767841853776e-06
0.0
0.0
0.0
0.0
0.0
0.0
0.0
0.0
0.0
0.0
0.0
0.0
0.0
0.0
0.0
0.0
0.0
0.0
0.0
0.0
0.0
3.1216515493658163e-05
0.0001280098159204825
1.5124476855752059e-06
0.0
0.0
0.0
0.0
0.0
0.0
0.0
0.0
0.0
0.0
0.0
0.0
0.0
0.0
0.0
0.0
0.0
0.0
0.0
0.0
0.0
0.0001894646853519461
0.00027932308848681276
1.0242579260984653e-05
0.0
0.0
0.0
0.0
0.0
0.0
0.0
0.0
0.0
0.0
0.0
0.0
0.0
0.0
0.0
0.0
0.0
0.0
0.0
0.0
0.0
0.00011952919104122338
0.00017328577141368157
2.09384132011232e-06
0.0
0.0
0.0
0.0
0.0
0.0
0.0
0.0
0.0
0.0
0.0
0.0
0.0
0.0
0.0
0.0
0.0
0.0
0.0
0.0
0.0
2.6704262239227133e-05
7.3904021794738e-05
2.0363388310927296e-06
0.0
0.0
0.0
0.0
0.0
0.0
0.0
0.0
0.0
0.0
0.0
0.0
0.0
0.0
0.0
0.0
0.0
0.0
0.0
0.0
0.0
4.201687149969088e-06
4.805371152743343e-05
0.0
0.0
0.0
0.0
0.0
0.0
0.0
0.0
0.0
0.0
0.0
0.0
0.0
0.0
0.0
0.0
0.0
0.0
0.0
0.0
0.0
0.0
0.0
0.0
0.0
0.0
0.0
0.0
0.0
0.0
0.0
0.0
0.0
0.0
0.0
0.0
0.0
0.0
0.0
0.0
0.0
0.0
0.0
0.0
0.0
0.0
3.7936371268272346e-06
3.779904153925698e-05
8.295242412086307e-07
0.0
0.0
0.0
0.0
0.0
0.0
0.0
0.0
0.0
0.0
0.0
0.0
0.0
0.0
0.0
0.0
0.0
0.0
0.0
0.0
0.0
2.951889965838606e-06
2.423587968049215e-05
0.0
0.0
0.0
0.0
0.0
0.0
0.0
0.0
0.0
0.0
0.0
0.0
0.0
0.0
0.0
0.0
0.0
0.0
0.0
0.0
0.0
0.0
0.0
2.7306649477944257e-05
0.0
0.0
0.0
0.0
0.0
0.0
0.0
0.0
0.0
0.0
0.0
0.0
0.0
0.0
0.0
0.0
0.0
0.0
0.0
0.0
0.0
0.0
3.3249427643106767e-06
4.774534456042619e-05
0.0
0.0
0.0
0.0
0.0
0.0
0.0
0.0
0.0
0.0
0.0
0.0
0.0
0.0
0.0
0.0
0.0
0.0
0.0
0.0
0.0
0.0
5.275729985236609e-06
4.627469820058511e-05
9.849004147334332e-07
0.0
0.0
0.0
0.0
0.0
0.0
0.0
0.0
0.0
0.0
0.0
0.0
0.0
0.0
0.0
0.0
0.0
0.0
0.0
0.0
0.0
2.3758748133542076e-06
2.0459702543770177e-05
0.0
0.0
0.0
0.0
0.0
0.0
0.0
0.0
0.0
0.0
0.0
0.0
0.0
0.0
0.0
0.0
0.0
0.0
0.0
0.0
0.0
0.0
0.0
0.0
0.0
0.0
0.0
0.0
0.0
0.0
0.0
0.0
0.0
0.0
0.0
0.0
0.0
0.0
0.0
0.0
0.0
0.0
0.0
0.0
0.0
0.0
0.0
3.4743181720476115e-06
0.0
0.0
0.0
0.0
0.0
0.0
0.0
0.0
0.0
0.0
0.0
0.0
0.0
0.0
0.0
0.0
0.0
0.0
0.0
0.0
0.0
0.0
2.3046895259861347e-05
5.4270593020339324e-05
0.0
0.0
0.0
0.0
0.0
0.0
0.0
0.0
0.0
1.0489794736560247e-05
8.818262829957885e-06
0.0
0.0
0.0
0.0
0.0
0.0
0.0
0.0
0.0
0.0
0.0
1.1859452353488564e-05
3.260253256904891e-05
2.115486002484263e-06
0.0
0.0
0.0
0.0
0.0
0.0
0.0
0.0
0.0
0.0
0.0
0.0
0.0
0.0
0.0
0.0
0.0
0.0
0.0
0.0
0.0
3.047968452120441e-06
2.5231086047465742e-05
0.0
0.0
0.0
0.0
0.0
0.0
0.0
0.0
0.0
0.0
0.0
0.0
0.0
0.0
0.0
0.0
0.0
0.0
0.0
0.0
0.0
0.0
0.0
0.0
0.0
0.0
0.0
0.0
0.0
0.0
0.0
0.0
0.0
0.0
0.0
0.0
0.0
0.0
0.0
0.0
0.0
0.0
0.0
0.0
0.0
0.0
0.0
0.0
0.0
0.0
0.0
0.0
0.0
0.0
0.0
0.0
0.0
0.0
0.0
0.0
0.0
0.0
0.0
0.0
0.0
0.0
0.0
0.0
0.0
0.0
0.0
0.0
0.0
0.0
0.0
0.0
0.0
0.0
0.0
0.0
0.0
0.0
0.0
0.0
0.0
0.0
0.0
0.0
0.0
0.0
0.0
0.0
0.0
0.0
0.0
0.0
0.0
0.0
0.0
0.0
0.0
0.0
0.0
0.0
0.0
0.0
0.0
0.0
0.0
0.0
0.0
0.0
0.0
0.0
0.0
0.0
0.0
0.0
0.0
0.0
0.0
0.0
0.0
0.0
0.0
0.0
0.0
0.0
0.0
0.0
0.0
0.0
0.0
0.0
0.0
0.0
0.0
0.0
0.0
0.0
0.0
0.0
0.0
1.3962158575332169e-06
0.0
0.0
0.0
0.0
0.0
0.0
0.0
0.0
0.0
0.0
0.0
0.0
0.0
0.0
0.0
0.0
0.0
0.0
0.0
0.0
0.0
0.0
4.047427433733071e-06
3.707125684276346e-05
0.0
0.0
0.0
0.0
0.0
0.0
0.0
0.0
0.0
0.0
0.0
0.0
0.0
0.0
0.0
0.0
0.0
0.0
0.0
0.0
0.0
0.0
3.2378909779615634e-06
3.999171008331745e-05
8.777806280933369e-07
0.0
0.0
0.0
0.0
0.0
0.0
0.0
0.0
0.0
0.0
0.0
0.0
0.0
0.0
0.0
0.0
0.0
0.0
0.0
0.0
0.0
1.6584823550259268e-06
1.0851963079141235e-05
0.0
0.0
0.0
0.0
0.0
0.0
0.0
0.0
0.0
0.0
0.0
0.0
0.0
0.0
0.0
0.0
0.0
0.0
0.0
0.0
0.0
0.0
0.0
0.0
0.0
0.0
0.0
0.0
0.0
0.0
0.0
0.0
0.0
0.0
0.0
0.0
0.0
0.0
0.0
0.0
0.0
0.0
0.0
0.0
0.0
0.0
0.0
0.0
0.0
0.0
0.0
0.0
0.0
0.0
0.0
0.0
0.0
0.0
0.0
0.0
0.0
0.0
0.0
0.0
0.0
0.0
0.0
0.0
0.0
0.0
0.0
0.0
0.0
0.0
0.0
0.0
0.0
0.0
0.0
0.0
0.0
0.0
0.0
0.0
0.0
0.0
0.0
0.0
0.0
0.0
0.0
0.0
0.0
0.0
3.3420996445947566e-06
2.8319304814300033e-05
4.146508533677847e-07
0.0
0.0
0.0
0.0
0.0
0.0
0.0
0.0
0.0
0.0
0.0
0.0
0.0
0.0
0.0
0.0
0.0
0.0
0.0
0.0
0.0
3.0017081443146544e-06
2.809765815819412e-05
4.2416190955355683e-07
0.0
0.0
0.0
0.0
0.0
0.0
0.0
0.0
0.0
0.0
0.0
0.0
0.0
0.0
0.0
0.0
0.0
0.0
0.0
0.0
0.0
0.0
2.8058566487294715e-06
0.0
0.0
0.0
0.0
0.0
0.0
0.0
0.0
0.0
0.0
0.0
0.0
0.0
0.0
0.0
0.0
0.0
0.0
0.0
0.0
0.0
0.0
0.0
0.0
0.0
0.0
0.0
0.0
0.0
0.0
0.0
0.0
0.0
0.0
0.0
0.0
0.0
0.0
0.0
0.0
0.0
0.0
0.0
0.0
0.0
0.0
0.0
0.0
0.0
0.0
0.0
0.0
0.0
0.0
0.0
0.0
0.0
0.0
0.0
0.0
0.0
0.0
0.0
0.0
0.0
0.0
0.0
0.0
0.0
0.0
0.0
0.0
0.0
0.0
0.0
0.0
0.0
0.0
0.0
0.0
0.0
0.0
0.0
0.0
0.0
0.0
0.0
0.0
0.0
0.0
0.0
0.0
0.0
0.0
0.0
0.0
0.0
0.0
0.0
0.0
0.0
0.0
0.0
0.0
0.0
0.0
0.0
0.0
0.0
0.0
0.0
0.0
0.0
0.0
0.0
0.0
0.0
0.0
0.0
0.0
0.0
0.0
0.0
0.0
0.0
0.0
0.0
0.0
0.0
0.0
0.0
0.0
0.0
0.0
0.0
0.0
0.0
0.0
0.0
0.0
0.0
0.0
0.0
0.0
0.0
0.0
0.0
0.0
0.0
0.0
0.0
0.0
0.0
0.0
0.0
0.0
0.0
0.0
0.0
0.0
0.0
0.0
0.0
0.0
0.0
0.0
0.0
0.0
0.0
0.0
0.0
0.0
0.0
0.0
0.0
0.0
0.0
0.0
0.0
0.0
0.0
0.0
0.0
0.0
0.0
0.0
0.0
0.0
0.0
0.0
0.0
0.0
0.0
0.0
0.0
0.0
0.0
0.0
0.0
0.0
0.0
0.0
0.0
0.0
0.0
0.0
0.0
0.0
0.0
0.0
0.0
0.0
0.0
0.0
0.0
0.0
0.0
0.0
0.0
0.0
0.0
0.0
0.0
0.0
0.0
0.0
0.0
0.0
0.0
0.0
0.0
0.0
0.0
0.0
0.0
0.0
0.0
0.0
0.0
0.0
0.0
0.0
0.0
0.0
0.0
0.0
0.0
0.0
0.0
0.0
0.0
0.0
0.0
0.0
0.0
0.0
0.0
0.0
0.0
0.0
0.0
0.0
0.0
0.0
0.0
0.0
0.0
0.0
0.0
0.0
0.0
0.0
0.0
0.0
0.0
0.0
0.0
0.0
0.0
0.0
0.0
0.0
0.0
0.0
0.0
0.0
0.0
0.0
0.0
0.0
0.0
0.0
0.0
0.0
0.0
0.0
0.0
0.0
0.0
0.0
0.0
0.0
0.0
0.0
0.0
0.0
0.0
0.0
0.0
0.0
0.0
0.0
0.0
0.0
0.0
0.0
0.0
0.0
0.0
0.0
0.0
0.0
0.0
0.0
0.0
0.0
0.0
0.0
0.0
0.0
0.0
0.0
0.0
0.0
0.0
0.0
0.0
0.0
0.0
0.0
0.0
0.0
0.0
0.0
0.0
0.0
0.0
0.0
0.0
0.0
0.0
0.0
0.0
0.0
0.0
0.0
0.0
0.0
0.0
0.0
0.0
0.0
0.0
0.0
0.0
0.0
0.0
0.0
0.0
0.0
0.0
0.0
0.0
0.0
0.0
0.0
0.0
0.0
0.0
0.0
0.0
0.0
0.0
0.0
0.0
0.0
0.0
0.0
0.0
0.0
0.0
0.0
0.0
0.0
0.0
0.0
0.0
0.0
0.0
0.0
0.0
0.0
0.0
0.0
0.0
0.0
0.0
0.0
0.0
0.0
0.0
0.0
0.0
0.0
0.0
0.0
0.0
0.0
0.0
0.0
0.0
0.0
0.0
0.0
0.0
0.0
0.0
0.0
0.0
0.0
0.0
0.0
0.0
0.0
0.0
0.0
0.0
0.0
0.0
0.0
0.0
0.0
0.0
0.0
0.0
0.0
0.0
0.0
0.0
0.0
0.0
0.0
0.0
0.0
0.0
0.0
0.0
0.0
0.0
0.0
0.0
0.0
0.0
0.0
0.0
0.0
0.0
0.0
0.0
0.0
0.0
0.0
0.0
0.0
0.0
0.0
0.0
0.0
0.0
0.0
0.0
0.0
0.0
0.0
0.0
0.0
0.0
0.0
0.0
0.0
0.0
0.0
0.0
0.0
0.0
0.0
0.0
0.0
0.0
0.0
0.0
0.0
0.0
0.0
0.0
0.0
0.0
0.0
0.0
0.0
0.0
0.0
0.0
0.0
0.0
0.0
0.0
0.0
0.0
0.0
0.0
0.0
0.0
0.0
0.0
0.0
0.0
0.0
0.0
0.0
0.0
0.0
0.0
0.0
0.0
0.0
0.0
0.0
0.0
0.0
0.0
0.0
0.0
0.0
0.0
0.0
0.0
0.0
0.0
0.0
0.0
0.0
0.0
0.0
0.0
0.0
0.0
0.0
0.0
0.0
0.0
0.0
0.0
0.0
0.0
0.0
0.0
0.0
0.0
0.0
0.0
0.0
0.0
0.0
0.0
0.0
0.0
0.0
0.0
0.0
0.0
0.0
0.0
0.0
0.0
0.0
0.0
0.0
0.0
0.0
0.0
0.0
0.0
0.0
0.0
0.0
0.0
0.0
0.0
0.0
0.0
0.0
0.0
0.0
0.0
0.0
0.0
0.0
0.0
0.0
0.0
0.0
0.0
0.0
0.0
0.0
0.0
0.0
0.0
0.0
0.0
0.0
0.0
0.0
0.0
0.0
0.0
0.0
0.0
0.0
0.0
0.0
0.0
0.0
0.0
0.0
0.0
0.0
0.0
0.0
0.0
0.0
0.0
0.0
0.0
0.0
0.0
0.0
0.0
0.0
0.0
0.0
0.0
0.0
0.0
0.0
0.0
0.0
0.0
0.0
0.0
0.0
0.0
0.0
0.0
0.0
0.0
0.0
0.0
0.0
0.0
0.0
0.0
0.0
0.0
0.0
0.0
0.0
0.0
0.0
0.0
0.0
0.0
0.0
0.0
0.0
0.0
0.0
0.0
0.0
0.0
0.0
0.0
0.0
0.0
0.0
0.0
0.0
0.0
0.0
0.0
0.0
0.0
0.0
0.0
0.0
0.0
0.0
0.0
0.0
0.0
0.0
0.0
0.0
0.0
0.0
0.0
0.0
0.0
0.0
0.0
0.0
0.0
0.0
0.0
0.0
0.0
0.0
0.0
0.0
0.0
0.0
0.0
0.0
0.0
0.0
0.0
0.0
0.0
0.0
0.0
0.0
0.0
0.0
0.0
0.0
0.0
0.0
0.0
0.0
0.0
0.0
0.0
0.0
0.0
0.0
0.0
0.0
0.0
0.0
0.0
0.0
0.0
0.0
0.0
0.0
0.0
0.0
0.0
0.0
0.0
0.0
0.0
0.0
0.0
0.0
0.0
0.0
0.0
0.0
0.0
0.0
0.0
0.0
0.0
0.0
0.0
0.0
0.0
0.0
0.0
0.0
0.0
0.0
0.0
0.0
0.0
0.0
0.0
0.0
0.0
0.0
0.0
0.0
0.0
0.0
0.0
0.0
0.0
0.0
0.0
0.0
0.0
0.0
0.0
0.0
0.0
0.0
0.0
0.0
0.0
0.0
0.0
0.0
0.0
0.0
0.0
0.0
0.0
0.0
0.0
0.0
0.0
0.0
0.0
0.0
0.0
0.0
0.0
0.0
0.0
0.0
0.0
0.0
0.0
0.0
0.0
0.0
0.0
0.0
0.0
0.0
0.0
0.0
0.0
0.0
0.0
0.0
0.0
0.0
0.0
0.0
0.0
0.0
0.0
0.0
0.0
0.0
0.0
0.0
0.0
0.0
0.0
0.0
0.0
0.0
0.0
0.0
0.0
0.0
0.0
0.0
0.0
0.0
0.0
0.0
0.0
0.0
0.0
0.0
0.0
0.0
0.0
0.0
0.0
0.0
0.0
0.0
0.0
0.0
0.0
0.0
0.0
0.0
0.0
0.0
0.0
0.0
0.0
0.0
0.0
0.0
0.0
0.0
0.0
0.0
0.0
0.0
0.0
0.0
0.0
0.0
0.0
0.0
0.0
0.0
0.0
0.0
0.0
0.0
0.0
0.0
0.0
0.0
0.0
0.0
0.0
0.0
0.0
0.0
0.0
0.0
0.0
0.0
0.0
0.0
0.0
0.0
0.0
0.0
0.0
0.0
0.0
0.0
0.0
0.0
0.0
0.0
0.0
0.0
0.0
0.0
0.0
0.0
0.0
0.0
0.0
0.0
0.0
0.0
0.0
0.0
0.0
0.0
0.0
0.0
0.0
0.0
0.0
0.0
0.0
0.0
0.0
3.763033954438352e-06
0.0
0.0
0.0
0.0
0.0
0.0
0.0
0.0
0.0
0.0
0.0
0.0
0.0
0.0
0.0
0.0
0.0
0.0
0.0
0.0
0.0
0.0
0.0
0.0
0.0
0.0
0.0
0.0
0.0
0.0
0.0
0.0
0.0
0.0
0.0
0.0
0.0
0.0
0.0
0.0
0.0
0.0
0.0
0.0
0.0
0.0
0.0
0.0
0.0
0.0
0.0
0.0
0.0
0.0
0.0
0.0
0.0
0.0
0.0
0.0
0.0
0.0
0.0
0.0
0.0
0.0
0.0
0.0
0.0
0.0
0.0
0.0
0.0
0.0
0.0
0.0
0.0
0.0
0.0
0.0
0.0
0.0
0.0
0.0
0.0
0.0
0.0
0.0
0.0
0.0
0.0
0.0
0.0
0.0
0.0
0.0
0.0
0.0
0.0
0.0
0.0
0.0
0.0
0.0
0.0
0.0
0.0
0.0
0.0
0.0
0.0
0.0
0.0
0.0
0.0
0.0
0.0
0.0
0.0
0.0
0.0
0.0
0.0
0.0
0.0
0.0
0.0
0.0
0.0
0.0
0.0
0.0
0.0
0.0
0.0
0.0
0.0
0.0
0.0
0.0
0.0
0.0
0.0
0.0
0.0
0.0
0.0
0.0
0.0
0.0
0.0
0.0
0.0
0.0
0.0
0.0
0.0
0.0
0.0
0.0
0.0
0.0
0.0
0.0
0.0
0.0
0.0
0.0
0.0
0.0
0.0
0.0
0.0
0.0
0.0
0.0
0.0
0.0
0.0
0.0
0.0
0.0
0.0
0.0
0.0
0.0
0.0
0.0
0.0
0.0
0.0
0.0
0.0
0.0
0.0
0.0
0.0
0.0
0.0
0.0
0.0
0.0
0.0
0.0
0.0
0.0
0.0
0.0
0.0
0.0
0.0
0.0
0.0
0.0
0.0
0.0
0.0
0.0
0.0
0.0
0.0
0.0
0.0
0.0
0.0
0.0
0.0
0.0
0.0
0.0
0.0
0.0
0.0
0.0
0.0
0.0
0.0
0.0
0.0
0.0
0.0
0.0
0.0
0.0
0.0
0.0
0.0
0.0
0.0
0.0
0.0
0.0
0.0
0.0
0.0
0.0
0.0
0.0
0.0
0.0
0.0
0.0
0.0
0.0
0.0
0.0
0.0
0.0
0.0
0.0
0.0
0.0
0.0
0.0
0.0
0.0
0.0
0.0
0.0
0.0
0.0
0.0
0.0
0.0
0.0
0.0
0.0
0.0
0.0
0.0
0.0
0.0
0.0
0.0
0.0
0.0
0.0
0.0
0.0
0.0
0.0
0.0
0.0
0.0
0.0
0.0
0.0
0.0
0.0
0.0
0.0
0.0
0.0
0.0
0.0
0.0
0.0
0.0
0.0
0.0
0.0
0.0
0.0
0.0
0.0
0.0
0.0
0.0
0.0
0.0
0.0
0.0
0.0
0.0
0.0
0.0
0.0
0.0
0.0
0.0
0.0
0.0
0.0
0.0
0.0
0.0
0.0
0.0
0.0
0.0
0.0
0.0
0.0
0.0
0.0
0.0
0.0
0.0
0.0
0.0
0.0
0.0
0.0
0.0
0.0
0.0
0.0
0.0
0.0
0.0
0.0
0.0
0.0
0.0
0.0
0.0
0.0
0.0
0.0
0.0
0.0
0.0
0.0
0.0
0.0
0.0
0.0
0.0
0.0
0.0
0.0
0.0
0.0
0.0
0.0
0.0
0.0
0.0
0.0
0.0
0.0
0.0
0.0
0.0
0.0
0.0
0.0
0.0
0.0
0.0
0.0
0.0
0.0
0.0
0.0
0.0
0.0
0.0
0.0
0.0
0.0
0.0
0.0
0.0
0.0
0.0
0.0
0.0
0.0
0.0
0.0
0.0
0.0
0.0
0.0
0.0
0.0
0.0
0.0
0.0
0.0
0.0
0.0
0.0
0.0
0.0
0.0
0.0
0.0
0.0
0.0
0.0
0.0
0.0
0.0
0.0
0.0
0.0
0.0
0.0
0.0
0.0
0.0
0.0
0.0
0.0
0.0
0.0
0.0
0.0
0.0
0.0
0.0
0.0
0.0
0.0
0.0
0.0
0.0
0.0
0.0
0.0
0.0
0.0
0.0
0.0
0.0
0.0
0.0
0.0
0.0
0.0
0.0
0.0
0.0
0.0
0.0
0.0
0.0
0.0
0.0
0.0
0.0
0.0
0.0
0.0
0.0
0.0
0.0
0.0
0.0
0.0
0.0
0.0
0.0
0.0
0.0
0.0
0.0
0.0
0.0
0.0
0.0
0.0
0.0
0.0
0.0
0.0
0.0
0.0
0.0
0.0
0.0
0.0
0.0
0.0
0.0
0.0
0.0
0.0
0.0
0.0
0.0
0.0
0.0
0.0
0.0
0.0
0.0
0.0
0.0
0.0
0.0
0.0
0.0
0.0
0.0
0.0
0.0
0.0
0.0
0.0
0.0
0.0
0.0
0.0
0.0
0.0
0.0
0.0
0.0
0.0
0.0
0.0
0.0
0.0
0.0
0.0
0.0
0.0
0.0
0.0
0.0
0.0
0.0
0.0
0.0
0.0
0.0
0.0
0.0
0.0
0.0
0.0
0.0
0.0
0.0
0.0
0.0
0.0
0.0
0.0
0.0
0.0
0.0
0.0
0.0
0.0
0.0
0.0
0.0
0.0
0.0
0.0
0.0
0.0
0.0
0.0
0.0
0.0
0.0
0.0
0.0
0.0
0.0
0.0
0.0
0.0
0.0
0.0
0.0
0.0
0.0
0.0
0.0
0.0
0.0
0.0
0.0
0.0
0.0
0.0
0.0
0.0
0.0
0.0
0.0
0.0
0.0
0.0
0.0
0.0
0.0
0.0
0.0
0.0
0.0
0.0
0.0
0.0
0.0
0.0
0.0
0.0
0.0
0.0
0.0
0.0
0.0
0.0
0.0
0.0
0.0
0.0
0.0
0.0
0.0
0.0
0.0
0.0
0.0
0.0
0.0
0.0
0.0
0.0
0.0
0.0
0.0
0.0
0.0
0.0
0.0
0.0
0.0
0.0
0.0
0.0
0.0
0.0
0.0
0.0
0.0
0.0
0.0
0.0
0.0
0.0
0.0
0.0
0.0
0.0
0.0
0.0
0.0
0.0
0.0
0.0
0.0
0.0
0.0
0.0
0.0
0.0
0.0
0.0
0.0
0.0
0.0
0.0
0.0
0.0
0.0
0.0
0.0
0.0
0.0
0.0
0.0
0.0
0.0
0.0
0.0
0.0
0.0
0.0
0.0
0.0
0.0
0.0
0.0
0.0
0.0
0.0
0.0
0.0
0.0
0.0
0.0
0.0
0.0
0.0
0.0
0.0
0.0
0.0
0.0
0.0
0.0
0.0
0.0
0.0
0.0
0.0
0.0
0.0
0.0
0.0
0.0
0.0
0.0
0.0
0.0
0.0
0.0
0.0
0.0
0.0
0.0
0.0
0.0
0.0
0.0
0.0
0.0
0.0
0.0
0.0
0.0
0.0
0.0
0.0
0.0
0.0
0.0
0.0
0.0
0.0
0.0
0.0
0.0
0.0
0.0
0.0
0.0
0.0
0.0
0.0
0.0
0.0
0.0
0.0
0.0
0.0
0.0
0.0
0.0
0.0
0.0
0.0
0.0
0.0
0.0
0.0
0.0
0.0
0.0
0.0
0.0
0.0
0.0
0.0
0.0
0.0
0.0
0.0
0.0
0.0
0.0
0.0
0.0
0.0
0.0
0.0
0.0
0.0
0.0
0.0
0.0
0.0
0.0
0.0
0.0
0.0
0.0
0.0
0.0
0.0
0.0
0.0
0.0
0.0
0.0
0.0
0.0
0.0
0.0
0.0
0.0
0.0
0.0
0.0
0.0
0.0
0.0
0.0
0.0
0.0
0.0
0.0
0.0
0.0
0.0
0.0
0.0
0.0
0.0
0.0
0.0
0.0
0.0
0.0
0.0
0.0
0.0
0.0
0.0
0.0
0.0
0.0
0.0
0.0
0.0
0.0
0.0
0.0
0.0
0.0
0.0
0.0
0.0
0.0
0.0
0.0
0.0
0.0
0.0
0.0
0.0
0.0
0.0
0.0
0.0
0.0
0.0
0.0
0.0
0.0
0.0
0.0
0.0
0.0
0.0
0.0
0.0
0.0
0.0
0.0
0.0
0.0
0.0
0.0
0.0
0.0
0.0
0.0
0.0
0.0
0.0
0.0
0.0
0.0
0.0
0.0
0.0
0.0
0.0
0.0
0.0
0.0
0.0
0.0
0.0
0.0
0.0
0.0
0.0
0.0
0.0
0.0
0.0
0.0
0.0
0.0
0.0
0.0
0.0
0.0
0.0
0.0
0.0
0.0
0.0
0.0
0.0
0.0
0.0
0.0
0.0
0.0
0.0
0.0
0.0
0.0
0.0
0.0
0.0
0.0
0.0
0.0
0.0
0.0
0.0
0.0
0.0
0.0
0.0
0.0
0.0
0.0
0.0
0.0
0.0
0.0
0.0
0.0
0.0
0.0
0.0
0.0
0.0
0.0
0.0
0.0
0.0
0.0
0.0
0.0
0.0
0.0
0.0
0.0
0.0
0.0
0.0
0.0
0.0
0.0
0.0
0.0
0.0
0.0
0.0
0.0
0.0
0.0
0.0
0.0
0.0
0.0
0.0
0.0
0.0
0.0
0.0
0.0
0.0
0.0
0.0
0.0
0.0
0.0
0.0
0.0
0.0
0.0
0.0
0.0
0.0
0.0
0.0
0.0
0.0
0.0
0.0
0.0
0.0
0.0
0.0
0.0
0.0
0.0
0.0
0.0
0.0
0.0
0.0
0.0
0.0
0.0
0.0
0.0
0.0
0.0
0.0
0.0
0.0
0.0
0.0
0.0
0.0
0.0
0.0
0.0
0.0
0.0
0.0
0.0
0.0
0.0
0.0
0.0
0.0
0.0
0.0
0.0
0.0
0.0
0.0
0.0
0.0
0.0
0.0
0.0
0.0
0.0
0.0
0.0
0.0
0.0
0.0
0.0
0.0
0.0
0.0
0.0
0.0
0.0
0.0
0.0
0.0
0.0
0.0
0.0
0.0
0.0
0.0
0.0
0.0
0.0
0.0
0.0
0.0
0.0
0.0
0.0
0.0
0.0
0.0
0.0
0.0
0.0
0.0
0.0
0.0
0.0
0.0
0.0
0.0
0.0
0.0
0.0
0.0
0.0
0.0
0.0
0.0
0.0
0.0
0.0
0.0
0.0
0.0
0.0
0.0
0.0
0.0
0.0
0.0
0.0
0.0
0.0
0.0
0.0
0.0
0.0
0.0
0.0
0.0
0.0
0.0
0.0
0.0
0.0
0.0
0.0
0.0
0.0
0.0
0.0
0.0
0.0
0.0
0.0
0.0
0.0
0.0
0.0
0.0
0.0
0.0
0.0
0.0
0.0
0.0
0.0
0.0
0.0
0.0
0.0
0.0
0.0
0.0
0.0
0.0
0.0
0.0
0.0
0.0
0.0
0.0
0.0
0.0
0.0
0.0
0.0
0.0
0.0
0.0
0.0
0.0
0.0
0.0
0.0
0.0
0.0
0.0
0.0
0.0
0.0
0.0
0.0
0.0
0.0
0.0
0.0
0.0
0.0
0.0
0.0
0.0
0.0
0.0
0.0
0.0
0.0
0.0
0.0
0.0
0.0
0.0
0.0
0.0
0.0
0.0
0.0
0.0
0.0
0.0
0.0
0.0
0.0
0.0
0.0
0.0
0.0
0.0
0.0
0.0
0.0
0.0
0.0
0.0
0.0
0.0
0.0
0.0
0.0
0.0
0.0
0.0
0.0
0.0
0.0
0.0
0.0
0.0
0.0
0.0
0.0
0.0
0.0
0.0
0.0
0.0
0.0
0.0
0.0
0.0
0.0
0.0
0.0
0.0
0.0
0.0
0.0
0.0
0.0
0.0
0.0
0.0
0.0
0.0
0.0
0.0
0.0
0.0
0.0
0.0
0.0
0.0
0.0
0.0
0.0
0.0
0.0
0.0
0.0
0.0
0.0
0.0
0.0
0.0
0.0
0.0
0.0
0.0
0.0
0.0
0.0
0.0
0.0
0.0
0.0
0.0
0.0
0.0
0.0
0.0
0.0
0.0
0.0
0.0
0.0
0.0
0.0
0.0
0.0
0.0
0.0
0.0
0.0
0.0
0.0
0.0
0.0
0.0
0.0
0.0
0.0
0.0
0.0
0.0
0.0
0.0
0.0
0.0
0.0
0.0
0.0
0.0
0.0
0.0
0.0
0.0
0.0
0.0
0.0
0.0
0.0
0.0
0.0
0.0
0.0
0.0
0.0
0.0
0.0
0.0
0.0
0.0
0.0
0.0
0.0
0.0
0.0
0.0
0.0
0.0
0.0
0.0
0.0
0.0
0.0
0.0
0.0
0.0
0.0
0.0
0.0
0.0
0.0
0.0
0.0
0.0
0.0
0.0
0.0
0.0
0.0
0.0
0.0
0.0
0.0
0.0
0.0
0.0
0.0
0.0
0.0
0.0
0.0
0.0
0.0
0.0
0.0
0.0
0.0
0.0
0.0
0.0
0.0
0.0
0.0
0.0
0.0
0.0
0.0
0.0
0.0
0.0
0.0
0.0
0.0
0.0
0.0
0.0
0.0
0.0
0.0
0.0
0.0
0.0
0.0
0.0
0.0
0.0
0.0
0.0
0.0
0.0
0.0
0.0
0.0
0.0
0.0
0.0
0.0
0.0
0.0
0.0
0.0
0.0
0.0
0.0
0.0
0.0
0.0
0.0
0.0
0.0
0.0
0.0
0.0
0.0
0.0
0.0
0.0
0.0
0.0
0.0
0.0
0.0
0.0
0.0
0.0
0.0
0.0
0.0
0.0
0.0
0.0
0.0
0.0
0.0
0.0
0.0
0.0
0.0
0.0
0.0
0.0
0.0
0.0
0.0
0.0
0.0
0.0
0.0
0.0
0.0
0.0
0.0
0.0
0.0
0.0
0.0
0.0
0.0
0.0
0.0
0.0
0.0
0.0
0.0
0.0
0.0
0.0
0.0
0.0
0.0
0.0
0.0
0.0
0.0
0.0
0.0
0.0
0.0
0.0
0.0
0.0
0.0
0.0
0.0
0.0
0.0
0.0
0.0
0.0
0.0
0.0
0.0
0.0
0.0
0.0
0.0
0.0
0.0
0.0
0.0
0.0
0.0
0.0
0.0
0.0
0.0
0.0
0.0
0.0
0.0
0.0
0.0
0.0
0.0
0.0
0.0
0.0
0.0
0.0
0.0
0.0
0.0
0.0
0.0
6.925108550469518e-06
0.0
0.0
0.0
0.0
0.0
0.0
0.0
0.0
0.0
0.0
0.0
0.0
0.0
0.0
0.0
0.0
0.0
0.0
0.0
0.0
0.0
0.0
3.3073487328194826e-06
3.058106273103931e-05
0.0
0.0
0.0
0.0
0.0
0.0
0.0
0.0
0.0
0.0
0.0
0.0
0.0
0.0
0.0
0.0
0.0
0.0
0.0
0.0
0.0
0.0
0.0
0.0
0.0
0.0
0.0
0.0
0.0
0.0
0.0
0.0
0.0
0.0
0.0
0.0
0.0
0.0
0.0
0.0
0.0
0.0
0.0
0.0
0.0
0.0
0.0
0.0
0.0
0.0
0.0
0.0
0.0
0.0
0.0
0.0
0.0
0.0
0.0
0.0
0.0
0.0
0.0
0.0
0.0
0.0
0.0
0.0
0.0
0.0
0.0
0.0
0.0
0.0
0.0
0.0
0.0
0.0
0.0
0.0
0.0
0.0
0.0
0.0
0.0
0.0
0.0
0.0
0.0
0.0
0.0
0.0
0.0
0.0
0.0
6.095070912186685e-06
0.0
0.0
0.0
0.0
0.0
0.0
0.0
0.0
0.0
0.0
0.0
0.0
0.0
0.0
0.0
0.0
0.0
0.0
0.0
0.0
0.0
0.0
0.0
0.0
0.0
0.0
0.0
0.0
0.0
0.0
0.0
0.0
0.0
0.0
0.0
0.0
0.0
0.0
0.0
0.0
0.0
0.0
0.0
0.0
0.0
0.0
0.0
0.0
0.0
0.0
0.0
0.0
0.0
0.0
0.0
0.0
0.0
0.0
0.0
0.0
0.0
0.0
0.0
0.0
0.0
0.0
0.0
0.0
0.0
0.0
0.0
0.0
0.0
0.0
0.0
0.0
0.0
0.0
0.0
0.0
0.0
0.0
0.0
0.0
0.0
0.0
0.0
0.0
0.0
0.0
0.0
0.0
0.0
0.0
0.0
0.0
0.0
0.0
0.0
0.0
0.0
0.0
0.0
0.0
0.0
0.0
0.0
0.0
0.0
0.0
0.0
0.0
0.0
0.0
0.0
0.0
0.0
0.0
0.0
0.0
0.0
0.0
0.0
0.0
0.0
0.0
0.0
0.0
0.0
0.0
0.0
0.0
0.0
0.0
0.0
0.0
0.0
0.0
0.0
0.0
0.0
0.0
0.0
0.0
0.0
0.0
0.0
0.0
0.0
0.0
0.0
0.0
0.0
0.0
0.0
0.0
0.0
0.0
0.0
0.0
0.0
0.0
0.0
0.0
0.0
0.0
0.0
0.0
0.0
0.0
0.0
0.0
0.0
0.0
0.0
0.0
0.0
0.0
0.0
0.0
0.0
0.0
0.0
0.0
0.0
0.0
0.0
0.0
0.0
0.0
1.815687529633902e-06
2.2781834196669907e-06
0.0
0.0
0.0
0.0
0.0
0.0
0.0
0.0
0.0
0.0
0.0
0.0
0.0
0.0
0.0
0.0
0.0
0.0
0.0
0.0
0.0
0.0
0.0
0.0
0.0
0.0
0.0
0.0
0.0
0.0
0.0
0.0
0.0
0.0
0.0
0.0
0.0
0.0
0.0
0.0
0.0
0.0
0.0
0.0
0.0
0.0
0.0
0.0
0.0
0.0
0.0
0.0
0.0
0.0
0.0
0.0
0.0
0.0
0.0
0.0
0.0
0.0
0.0
0.0
0.0
0.0
0.0
0.0
0.0
0.0
0.0
0.0
0.0
0.0
0.0
0.0
0.0
0.0
0.0
0.0
0.0
0.0
0.0
0.0
0.0
0.0
0.0
0.0
0.0
0.0
0.0
0.0
0.0
0.0
0.0
0.0
0.0
0.0
0.0
0.0
0.0
0.0
0.0
0.0
0.0
0.0
0.0
0.0
0.0
0.0
0.0
0.0
0.0
0.0
0.0
0.0
0.0
0.0
0.0
0.0
0.0
0.0
0.0
0.0
0.0
0.0
0.0
0.0
0.0
0.0
0.0
0.0
0.0
0.0
0.0
0.0
0.0
0.0
0.0
0.0
0.0
0.0
0.0
2.2767717731359665e-06
0.0
0.0
0.0
0.0
0.0
0.0
0.0
0.0
0.0
0.0
0.0
0.0
0.0
0.0
0.0
0.0
0.0
0.0
0.0
0.0
0.0
0.0
5.302014399123443e-06
5.9462260628966584e-05
2.8156078303011922e-06
0.0
0.0
0.0
0.0
0.0
0.0
0.0
0.0
0.0
0.0
0.0
0.0
0.0
0.0
0.0
0.0
0.0
0.0
0.0
0.0
0.0
4.085008047948882e-06
4.5318663484182656e-05
0.0
0.0
0.0
0.0
0.0
0.0
0.0
0.0
0.0
0.0
6.295063615307572e-06
0.0
0.0
0.0
0.0
0.0
0.0
0.0
0.0
0.0
0.0
0.0
0.0002480332355923319
0.0003328778833246576
1.1601606177321266e-05
0.0
0.0
0.0
0.0
0.0
0.0
0.0
0.0
0.0
0.0
0.0
0.0
0.0
0.0
0.0
0.0
0.0
0.0
0.0
0.0
0.0
0.00013614361679857768
0.0002571308203046917
3.247228164446841e-06
0.0
0.0
0.0
0.0
0.0
0.0
0.0
0.0
0.0
0.0
0.0
0.0
0.0
0.0
0.0
0.0
0.0
0.0
0.0
0.0
0.0
2.0802994837165746e-05
7.29865971317443e-05
0.0
0.0
0.0
0.0
0.0
0.0
0.0
0.0
0.0
0.0
0.0
0.0
0.0
0.0
0.0
0.0
0.0
0.0
0.0
0.0
0.0
0.0
0.0
0.0
0.0
0.0
0.0
0.0
0.0
0.0
0.0
0.0
0.0
0.0
0.0
0.0
0.0
0.0
0.0
0.0
0.0
0.0
0.0
0.0
0.0
0.0
0.0
0.0
0.0
0.0
0.0
0.0
0.0
0.0
0.0
0.0
0.0
0.0
0.0
0.0
0.0
0.0
0.0
0.0
0.0
0.0
0.0
0.0
0.0
0.0
8.453446847849567e-06
7.676351689374052e-05
0.0
0.0
0.0
0.0
0.0
0.0
0.0
0.0
0.0
0.0
0.0
0.0
0.0
0.0
0.0
0.0
0.0
0.0
0.0
0.0
0.0
0.0
0.00017179639811367158
0.00030484270306377467
1.047196956807764e-05
0.0
0.0
0.0
0.0
0.0
0.0
0.0
0.0
0.0
0.0
0.0
0.0
0.0
0.0
0.0
0.0
0.0
0.0
0.0
0.0
0.0
2.836281233575705e-05
8.926718202390186e-05
2.4736312646292657e-06
0.0
0.0
0.0
0.0
0.0
0.0
0.0
0.0
0.0
0.0
0.0
0.0
0.0
0.0
0.0
0.0
0.0
0.0
0.0
0.0
0.0
0.0
4.13881641686275e-05
0.0
0.0
0.0
0.0
0.0
0.0
0.0
0.0
0.0
0.0
0.0
0.0
0.0
0.0
0.0
0.0
0.0
0.0
0.0
0.0
0.0
0.0
0.00025335053940852794
0.0004824248188806203
0.00031159824745057913
0.0001400908313685371
5.6999288057814134e-05
2.8280357642847497e-05
2.7826428702756604e-05
5.411913347831883e-06
0.0
0.0
0.0
0.0
0.0
0.0
0.0
0.0
0.0
0.0
0.0
0.0
0.0
0.0
0.0
0.0
0.0
0.0
0.0
0.0
0.0
0.0
0.0
0.0
0.0
0.0
0.0
0.0
0.0
0.0
0.0
0.0
0.0
0.0
0.0
0.0
0.0
0.0
0.0
0.0
0.00014926163709762998
0.00020302865975163698
5.7300284115313785e-06
0.0
0.0
0.0
0.0
0.0
0.0
0.0
0.0
0.0
0.0
0.0
0.0
0.0
0.0
0.0
0.0
0.0
0.0
0.0
0.0
0.0
3.883244343561497e-06
3.732716559391856e-05
0.0
0.0
0.0
0.0
0.0
0.0
0.0
0.0
0.0
0.0
0.0
0.0
0.0
0.0
0.0
0.0
0.0
0.0
0.0
0.0
0.0
0.0
3.919937456764786e-06
4.450327614445712e-05
0.0
0.0
0.0
0.0
0.0
0.0
0.0
0.0
0.0
0.0
0.0
0.0
0.0
0.0
0.0
0.0
0.0
0.0
0.0
0.0
0.0
0.0
3.2333151964598314e-06
1.784796347003676e-05
0.0
0.0
0.0
0.0
0.0
0.0
0.0
0.0
0.0
0.0
0.0
0.0
0.0
0.0
0.0
0.0
0.0
0.0
0.0
0.0
0.0
0.0
0.0
8.584189517839203e-06
0.0
0.0
0.0
0.0
0.0
0.0
0.0
0.0
0.0
0.0
0.0
0.0
0.0
0.0
0.0
0.0
0.0
0.0
0.0
0.0
0.0
0.0
0.0
8.847133352628588e-06
0.0
0.0
0.0
0.0
0.0
0.0
0.0
0.0
0.0
0.0
0.0
0.0
0.0
0.0
0.0
0.0
0.0
0.0
0.0
0.0
0.0
0.0
0.0
0.0
0.0
0.0
0.0
0.0
0.0
0.0
0.0
0.0
0.0
0.0
0.0
0.0
0.0
0.0
0.0
0.0
0.0
0.0
0.0
0.0
0.0
0.0
4.058305393272657e-06
4.966458813073672e-05
0.0
0.0
0.0
0.0
0.0
0.0
0.0
0.0
0.0
0.0
0.0
0.0
0.0
0.0
0.0
0.0
0.0
0.0
0.0
0.0
0.0
0.0
0.00023704561959189498
0.00038595756288071234
3.764747518017824e-05
1.012333881263953e-06
0.0
0.0
0.0
0.0
0.0
0.0
0.0
0.0
0.0
0.0
0.0
0.0
0.0
0.0
0.0
0.0
0.0
0.0
0.0
0.0
0.00025771045442727464
0.0004194107214139634
7.386503502394066e-05
1.5589549637204717e-05
0.0
0.0
0.0
0.0
0.0
0.0
0.0
0.0
0.0
0.0
0.0
0.0
0.0
0.0
0.0
0.0
0.0
0.0
0.0
0.0
0.0002231348333850115
0.0003272061669700148
1.9528296915868814e-05
0.0
0.0
0.0
0.0
0.0
0.0
0.0
0.0
0.0
0.0
0.0
0.0
0.0
0.0
0.0
0.0
0.0
0.0
0.0
0.0
0.0
0.0001390016919832882
0.000246345839352199
8.636590537398817e-06
0.0
0.0
0.0
0.0
0.0
0.0
0.0
0.0
0.0
0.0
0.0
0.0
0.0
0.0
0.0
0.0
0.0
0.0
0.0
0.0
0.0
6.672645236954801e-05
0.00018399684136946343
5.334915261814183e-05
1.7028364495935408e-05
0.0
0.0
0.0
0.0
0.0
0.0
0.0
0.0
0.0
0.0
0.0
0.0
0.0
0.0
0.0
0.0
0.0
0.0
0.0
0.0
0.0
0.0
0.0
0.0
0.0
0.0
0.0
0.0
0.0
0.0
0.0
0.0
0.0
0.0
0.0
0.0
0.0
0.0
0.0
0.0
0.0
0.0
0.0
0.0
0.00010049892638753301
7.587909500983284e-05
0.0
0.0
0.0
0.0
0.0
0.0
0.0
0.0
0.0
0.0
0.0
0.0
0.0
0.0
0.0
0.0
0.0
0.0
0.0
0.0
0.0
0.0
0.0
3.0310217146076856e-05
0.0
0.0
0.0
0.0
0.0
0.0
0.0
0.0
0.0
0.0
0.0
0.0
0.0
0.0
0.0
0.0
0.0
0.0
0.0
0.0
0.0
0.0
1.993047579566975e-05
4.5582024721980585e-05
0.0
0.0
0.0
0.0
0.0
0.0
0.0
0.0
0.0
1.709230706136562e-05
1.3264127243253378e-05
1.0992668653187804e-05
9.484151357892396e-05
0.00018203228326250264
0.0
0.0
0.0
0.0
0.0
0.0
0.0
0.0
0.0010828332268645402
0.0010877421913250082
0.0005213871799034356
0.0002724973281250826
0.00013012030950523896
7.450364156996686e-05
5.1134798258799673e-05
0.0
0.0
0.0
0.0
3.0023179546999352e-06
3.61592860620989e-05
7.641338026805026e-05
0.0001523332004084431
0.00024247452114206677
0.0
0.0
0.0
0.0
0.0
0.0
2.71906538737499e-05
8.970459459379219e-05
0.0012281292002686913
0.0013021117613910905
0.0006645299633400812
0.0003344660032441583
0.00014328325686729882
7.867789063212106e-05
5.0332750094152534e-05
5.749421596920525e-07
0.0
0.0
0.0
1.5757695721885785e-06
7.459326970814787e-07
1.0389805952539317e-05
3.971603479825762e-05
6.473866833276117e-05
0.0
0.0
0.0
0.0
0.0
0.0
0.0
0.0
0.0009121834586104368
0.0010132185403889378
0.0007810254884066922
0.0005340332368758969
0.00034907798788227353
0.00017542083494529104
0.00015837350247679648
8.610342811923319e-05
3.8381457413751614e-05
1.252243996051053e-05
0.0
2.799824065728917e-06
0.0
0.0
0.0
0.0
0.0
0.0
0.0
0.0
0.0
0.0
0.0
0.0
0.0
0.0
0.0
0.0
0.0
0.0
0.0
0.0
0.0
0.0
0.0
0.0
0.0
0.0
0.0
0.0
0.0
0.0
0.0
0.0
0.0
0.0
0.0
0.0
0.0
0.00039144758817615005
0.0003173958062985752
2.2939014805661933e-06
0.0
0.0
0.0
0.0
0.0
0.0
0.0
0.0
0.0
1.3079291630429977e-06
0.0
0.0
0.0
0.0
0.0
0.0
0.0
0.0
0.0
0.0
0.0
0.0002449564353702299
0.00025012549422017316
2.7267285031280255e-06
0.0
0.0
0.0
0.0
0.0
0.0
0.0
0.0
0.0
1.0209166782214e-06
0.0
0.0
0.0
0.0
0.0
0.0
0.0
0.0
0.0
0.0
0.0
0.0003377115364341757
0.00038415411766335513
2.8895623436922374e-05
0.0
0.0
0.0
0.0
0.0
0.0
0.0
0.0
0.0
1.3410884310718227e-06
0.0
0.0
1.6232111389218437e-06
0.0
0.0
0.0
0.0
0.0
0.0
0.0
0.0
0.00046783637925678707
0.000441058526117032
5.384619826912332e-05
7.715744459065611e-06
0.0
0.0
0.0
0.0
0.0
0.0
0.0
7.580179840226408e-06
1.4807356722484343e-05
1.5369778342879712e-06
5.732838497120338e-06
1.5621703999884777e-05
0.0
0.0
0.0
0.0
0.0
0.0
0.0
0.0
0.00028150563575073665
0.00023218765717056592
7.10313794470198e-07
0.0
0.0
0.0
0.0
0.0
0.0
0.0
0.0
0.0
4.982113891312601e-07
0.0
0.0
0.0
0.0
0.0
0.0
0.0
0.0
0.0
0.0
0.0
0.0
0.0
0.0
0.0
0.0
0.0
0.0
0.0
0.0
0.0
0.0
0.0
0.0
0.0
0.0
0.0
0.0
0.0
0.0
0.0
0.0
0.0
0.0
0.0
0.0
0.0
0.0
0.0
0.0
0.0
0.0
0.0
0.0
0.0
0.0
0.0
0.0
0.0
0.0
0.0
0.0
0.0
2.445236283763102e-06
8.459640077102892e-06
2.4537420561787614e-05
3.831253827743135e-05
3.977162333255351e-05
5.1759726097758854e-05
0.0013707565679697792
0.0012055824297351767
0.00045552418966741633
0.0002081628365664523
0.00013167708190181594
7.719115543655635e-05
6.721757560216068e-05
2.6836742051357252e-05
2.769283323987926e-05
3.292889860086366e-05
3.6996607746924945e-05
0.0001884444099195289
0.0003376001648300309
0.000453587990087205
0.000586442013363195
0.0006798900892938559
0.0
0.0
1.0095091158730605e-06
3.521983821728541e-05
7.352233199932494e-05
0.00010823836591062567
0.00012183753628251813
0.0001438025900803066
0.0014386782466710235
0.00131516788262485
0.0006640218402028212
0.0003779150855820418
0.00023111272239511238
0.00018693595603643394
0.00015682464293808866
5.2090436147523246e-05
2.8835182039308606e-05
1.906612296975138e-05
2.0392187826346162e-05
0.00015336901005501207
0.0003130886343766686
0.0004245248857387463
0.0005390934104848592
0.0006320063017143632
0.0
0.0
2.3020888004113926e-05
6.834450593254241e-05
0.0001235526796646262
0.0001489475524893229
0.00026522895039118925
0.0002789800580531813
0.0015640847599354235
0.0014976664331739
0.0007512846670977365
0.00043868645720540335
0.0002626699296181127
0.00018924286299260663
0.00014409479423128135
2.863452282294861e-05
8.197409623356255e-07
0.0
0.0
2.4772745339223923e-05
9.392385879244069e-05
0.00015355602127110313
0.00019093567339147668
0.0002614011790356149
0.0
0.0
0.0
0.0
0.0
8.279194025913044e-06
3.213061437967614e-05
6.505473336979743e-05
0.0012606194296461404
0.0011819007636343583
0.00045095117479494143
0.0001717467236554352
6.994421761506579e-05
1.6268885987259057e-05
2.633694981041035e-06
0.0
0.0
0.0
0.0
2.356341794886519e-06
2.741598310917534e-06
2.6783389699694238e-05
5.350007741813605e-05
7.604750706508405e-05
0.0
0.0
0.0
0.0
0.0
0.0
0.0
0.0
0.0006930261515052362
0.0007186711573808653
0.00018286355125296072
3.993977842692862e-05
0.0
0.0
0.0
0.0
0.0
0.0
0.0
5.212838801047765e-07
7.20120903415969e-07
0.0
0.0
1.359605518497785e-05
0.0
0.0
0.0
0.0
0.0
0.0
0.0
0.0
0.00041140566664984725
0.00044907024283636184
0.00015779249567159182
7.089616085474574e-05
2.4645987605792203e-05
0.0
0.0
0.0
0.0
0.0
0.0
1.9412676715593064e-07
0.0
0.0
0.0
0.0
0.0
0.0
0.0
0.0
0.0
0.0
0.0
0.0
0.0
0.0
0.0
0.0
0.0
0.0
0.0
0.0
0.0
0.0
0.0
0.0
0.0
0.0
0.0
0.0
0.0
0.0
0.0
0.0
0.0
0.0
0.0
0.0
0.0002675453949143417
0.0002790445380692259
1.7067297199693666e-05
0.0
0.0
0.0
0.0
0.0
0.0
0.0
0.0
0.0
4.6304722100765626e-07
0.0
0.0
0.0
0.0
0.0
0.0
0.0
0.0
0.0
0.0
0.0
3.82191734414179e-05
6.92862637805513e-05
0.0
0.0
0.0
0.0
0.0
0.0
0.0
0.0
0.0
0.0
0.0
0.0
0.0
0.0
0.0
0.0
0.0
0.0
0.0
0.0
0.0
0.0
1.797967066007833e-05
3.5745414796825425e-05
0.0
0.0
0.0
0.0
0.0
0.0
0.0
0.0
0.0
0.0
0.0
0.0
0.0
0.0
0.0
0.0
0.0
0.0
0.0
0.0
0.0
0.0
0.0
0.0
0.0
0.0
0.0
0.0
0.0
0.0
0.0
0.0
0.0
0.0
0.0
0.0
0.0
0.0
0.0
0.0
0.0
0.0
0.0
0.0
0.0
3.368063621506493e-06
0.0011488993963510636
0.0010949466533024586
0.0004423525152026002
0.00017432860189451057
6.529486161343079e-05
7.954262424008509e-06
0.0
0.0
0.0
0.0
0.0
2.9637022480454113e-06
1.8764106523576902e-06
2.7385964569372286e-06
3.401667387654489e-05
7.22582553997341e-05
0.0
0.0
0.0
0.0
0.0
0.0
0.0
0.0
0.0007910120897694276
0.0008473362648742193
0.0005328844708881587
0.0003301892037179659
0.00021789429816145416
0.00015185006378326372
0.0001495015750123641
0.0001252000831224583
0.00011518625587008257
0.00010581792163356449
0.00011193018815387497
0.00015994203875421172
0.0
0.0
0.0
0.0
0.0
0.0
0.0
0.0
0.0
0.0
0.0
0.0
0.0
0.0
0.0
0.0
0.0
0.0
0.0
0.0
0.0
0.0
0.0
4.3775061783535334e-07
1.7857795804528396e-06
1.8147994783839585e-06
6.105029249273017e-06
9.361768347433429e-07
2.9537841137900796e-06
2.7600595485351735e-06
1.4997223590922746e-06
0.0
0.0
8.953200666249776e-07
0.0
0.0
0.0013479256983180159
0.0010316582749056182
0.0004020767026641105
0.0001924348896757349
7.53369345583853e-05
8.456716181115536e-06
3.976515099625532e-06
0.0
0.0
0.0
0.0
8.027188756652845e-06
2.2401037276846517e-06
2.1834000112308354e-06
3.4923753188524046e-05
5.404590326729589e-05
0.0
0.0
0.0
0.0
0.0
0.0
0.0
0.0
0.00030345339279966326
0.00023687792710519508
0.0
0.0
0.0
0.0
0.0
0.0
0.0
0.0
0.0
1.2376817681405434e-05
8.825896786677471e-06
0.0
0.0
0.0
0.0
0.0
0.0
0.0
0.0
0.0
0.0
0.0
0.00028253932206659307
0.00043263063892098674
0.00016600208144206224
0.00014063629755766845
0.00014380079048444374
0.00012305569187732202
0.00017442445614661818
0.00012662484656814172
0.00013403812616770818
0.00013770059516144648
0.00014922311423022823
0.00037295610063499727
0.0005119944481928719
0.0005866599363141715
0.0006703163209516275
0.000750861940098397
0.0
0.0
9.71865035853022e-06
8.587055527074798e-05
0.00012700416491126407
0.0002055086303992286
0.0002120166833184664
0.00028450467322542537
0.0015956458653243154
0.0015302727848343978
0.0007846776181197773
0.0004922053155047252
0.0003055058752967513
0.00021875915619407393
0.0001753792805714368
6.378344858897918e-05
3.281634916914289e-05
2.9438735461867804e-05
2.907855073761808e-05
0.00018353661568981037
0.0003384072346211381
0.00045080503226812885
0.0005885133255173539
0.0006610749418062797
0.0
0.0
0.0
0.0
3.709972681921529e-06
1.1170314027848609e-05
2.308646304587719e-05
3.182143078933617e-05
0.0013168620084461507
0.0011067523159755811
0.00039229501699468606
0.00013421382031349733
3.502922617650599e-05
0.0
0.0
0.0
0.0
0.0
0.0
2.108078784406635e-06
3.4761288614068744e-06
0.0
1.8849198593198386e-05
6.743545410815312e-05
0.0
0.0
0.0
0.0
0.0
0.0
0.0
0.0
0.0006498955164129337
0.0007228965013657854
0.0004482713777952013
0.000265372609572269
0.00017009820216841025
0.00010815322714182169
9.806077852315997e-05
4.980309586482395e-05
3.0165982700647127e-05
1.751655317925425e-05
1.4212210070428896e-05
4.303028394498983e-05
0.0
0.0
0.0
0.0
0.0
0.0
0.0
0.0
0.0
0.0
0.0
0.0
0.0
0.0
0.0
0.0
0.0
0.0
0.0
0.0
0.0
0.0
0.0
0.0
0.0
0.0
0.0
0.0
0.0
0.0
0.0
0.0
0.0
0.0
0.0
0.0
0.0005012785216818565
0.00037988321881227854
1.3246558130417566e-05
0.0
0.0
0.0
0.0
0.0
0.0
0.0
0.0
4.647002941473846e-06
1.3038539039472719e-05
0.0
0.0
0.0
0.0
0.0
0.0
0.0
0.0
0.0
0.0
0.0
6.944838518435117e-05
0.0001157880246419373
0.0
0.0
0.0
0.0
0.0
0.0
0.0
0.0
0.0
5.060217322663098e-06
6.64165041444369e-06
1.4524874152082957e-05
7.238168985888289e-05
0.00013399093982984563
0.0
0.0
0.0
0.0
0.0
0.0
0.0
1.7320691514926515e-05
0.0010959652446533724
0.0011060541782843835
0.00043404182449504816
0.00018943770028880048
9.691706305822139e-05
4.0642776223278486e-05
1.9242162504895235e-05
0.0
0.0
0.0
0.0
1.527265963807634e-05
7.047748681550938e-05
0.0001411058167296306
0.00020796574862170624
0.0003067984602119175
0.0
0.0
0.0
0.0
0.0
2.0276669561990247e-05
7.318554920987793e-05
0.00010367768230251916
0.0012953821122423442
0.0012909975295474785
0.0007014938371965236
0.0004897474102652381
0.00034339288300868026
0.0002489142210837925
0.00019151693852427625
8.086848527808898e-05
4.7624035934682743e-05
3.433900594032254e-05
1.9570962538570886e-05
0.0001880889996763888
0.00034287482684348036
0.00041285534967389146
0.0004982006571940826
0.0005813266734827843
0.0
0.0
0.0
6.488307544624386e-06
4.12693555909852e-05
8.231647229290241e-05
9.86005028782945e-05
7.778085672076303e-05
0.0014035393461598246
0.0012380823424037743
0.0006434797839258335
0.00046700280932144943
0.00036670441593291157
0.00028665978636146887
0.00028254929946851855
0.00017998713596273862
0.00016493820473483114
0.0001414806765876699
0.0001274494543250968
0.0003638954176840963
0.0005259247997775083
0.0005781952453344277
0.0006350546582116633
0.0006685922868865025
0.0
0.0
0.0
0.0
3.3928994164574595e-05
8.765214631792194e-05
0.0001536431014372785
0.0001860973998850767
0.001522340749061133
0.0014961358393344047
0.001073811125319203
0.0008020882943498088
0.0005955464863380953
0.0004545041075280806
0.00044746853737741434
0.0003719670824155682
0.0002831104402888419
0.000229901210171697
0.0002698748912466414
0.0004049175193680844
0.0
0.0
0.0
0.0
0.0
4.286690998782219e-06
3.7483850829484375e-05
9.150709979263736e-05
0.00015487536691229315
0.00019670503150661625
0.00023610328387034578
0.00030971059620559633
0.0003392457591782176
0.00034250405610146753
0.00023401492252091624
0.00016593726141479002
0.00011256277472976229
8.587446662458794e-05
7.862042147506451e-05
0.00010122511571499524
8.399309346434372e-05
7.873009463828422e-05
9.722763198664377e-05
0.00013868536089758356
0.00018043694458301632
0.00023313359481727836
0.00029096461285198997
0.00035739160443294346
0.00039163267650769654
0.0004456631933084632
0.0004750688602112487
0.0005299027767195174
0.0005800981669103444
0.0006415564728585023
0.0006791754544197691
0.0006926529996551533
0.0023023985059818005
0.002165854310109852
0.0013462360375846472
0.0010156446924917731
0.0008150529506818741
0.0006507410825890482
0.0005889362891187847
0.00037763898354348723
0.0003131100533445501
0.0002560905412570392
0.0002448743481116711
0.0005463424913923607
0.0007676031623365475
0.0007904195765412493
0.0008351214042974944
0.0008674137755753027
0.0
8.876628668117087e-06
4.8939686376591726e-05
9.852410187975292e-05
0.00011238727946817681
0.00017320353349656672
0.00016281213044973554
0.0002194464572254878
0.0015777797192409167
0.0014268536345310688
0.0008041193482942343
0.0005756881824161411
0.00042280528019738916
0.00033114244940512307
0.00031023929414003494
0.000134857910561171
4.9481877872079625e-05
1.5787971818951314e-05
6.560716749939789e-06
0.00015800672606797677
0.000285058914068476
0.0003207575169728794
0.0003685964374829932
0.0003884510003229651
0.0
0.0
0.0
0.0
0.0
0.0
0.0
0.0
0.0007607457656304958
0.0006064451209600669
0.00011900568706405553
6.3679259162906145e-06
0.0
0.0
0.0
0.0
0.0
0.0
0.0
2.6639419829716553e-06
3.9132319067726545e-06
0.0
0.0
1.4373329612580432e-05
0.0
0.0
0.0
0.0
0.0
0.0
0.0
0.0
0.0007537542435829294
0.0008016978572348517
0.0002936137632247846
0.00013683976722745223
6.69173576868734e-05
2.067651559486797e-05
9.098162362255209e-06
0.0
0.0
0.0
0.0
7.097236440680078e-06
4.4603688190627646e-05
8.618345983277988e-05
0.00013927348008945547
0.00018724141217648009
0.0
0.0
0.0
0.0
0.0
0.0
0.0
0.0
0.0008208133977907113
0.000831548721590822
0.0003976400431921733
0.00029076029425503016
0.00023677977060646474
0.00016393933538409006
0.0002075160307018552
0.00012251726512402548
0.00013484985851098367
0.00016757757181526308
0.00017103307484230804
0.00039374194883161985
0.0005240720935787131
0.000560024261684343
0.000593103245458394
0.0006343503759659247
0.0
0.0
0.0
0.0
1.5931360517514062e-06
5.640880801015929e-06
3.8917462714150396e-05
7.901003779553431e-05
0.0013780276347672028
0.0013344326417122079
0.0010949329626854139
0.0010102975452177716
0.0009481953280088486
0.0008876427219097033
0.0009559716462366771
0.000942720721075961
0.0009469769379951534
0.0009513880307740223
0.000950010681251499
0.00102961187927689
0.0
5.149232443107151e-06
6.556285189216299e-05
0.0001591583276066468
0.0002185959925163495
0.00030301750199123687
0.0003285487737917251
0.0004051050175620436
0.0004272145165461944
0.0005004067198304662
0.0005047563116851912
0.0005316268610159943
0.0005755826197217098
0.0005519441002220988
0.0006139711312147115
0.0005892348502514446
0.0004736016437830025
0.00039640396943521253
0.000305115385820491
0.00026743632028519
0.00024403414852538133
0.00024198014808299222
0.00022501098271541774
0.00031123053886856805
0.0003639349046739591
0.0003541588269888411
0.00044324305139574027
0.000431873827461019
0.0005299698430289417
0.0005084113796661099
0.0005807187347922183
0.0005500389208977921
0.0006366402145572648
0.0005776310688009981
0.0006903805730607905
0.0005722818402095738
0.0023367321105963426
0.002110471598334051
0.0013417924318089962
0.000975498599313015
0.0007627052159367163
0.0005742748068971399
0.0004604959878690614
0.00027634542649349964
0.00017983552159100738
0.00011226649992233909
9.214113533890252e-05
0.00027977261613101336
0.0004901327536016345
0.000589259492013156
0.0006854305598236606
0.0007569821336762522
0.0
0.0
4.630698110937671e-05
0.00010891977996961044
9.996168156196865e-05
0.00022828459274612376
0.0002959280998061227
0.000340597259256636
0.0016759659914956525
0.0016430661838407958
0.0009215597266848444
0.0006233792069170253
0.0004938481618607286
0.00040386969408043224
0.0004125377941679259
0.00031563721750084043
0.0002776312315961463
0.00026232197704449694
0.0002518527798334707
0.0004859751363885411
0.0006580647219097111
0.0007048652366643506
0.0007484575919521428
0.0007705261119155374
0.0
0.0
0.0
2.7161755546339787e-06
3.387331212541615e-05
6.350373113556968e-05
0.00014644469242646276
0.0001814403396188043
0.001553444262987656
0.0014661378659862143
0.0009086485591100742
0.0007493350869858921
0.000587545551077311
0.00044769432375364
0.0004395540145963182
0.0003130399293125227
0.00031405872496126645
0.0002710932691906126
0.0002604924349536909
0.0004978713076152191
0.0006205503363999722
0.0006447997822018549
0.0007509948112535815
0.0008788103702718527
0.0
6.404973570539413e-06
8.33795419260825e-05
0.00018994143537136757
0.0002562986625270733
0.000348282471834558
0.00038675734007352186
0.00047220382773582566
0.0017846738410790517
0.0017939361455760648
0.0011992293194140898
0.0010186538062336274
0.0009007287684268975
0.0007851944891445685
0.0007519112325675109
0.0005314405342952563
0.00041214160760439603
0.0003527927039071915
0.0003529622861931923
0.0007237642197455202
0.0009568334373169047
0.001026702890996257
0.0011297553826060756
0.0011970020465450531
2.0987087913462864e-05
0.00017813860961589565
0.0003540855344767423
0.00042757696574593026
0.0005610523201363474
0.0005802409776608186
0.0007142125915371881
0.0007018069233546544
0.0021694455482423637
0.002163708758680236
0.0013981945040256298
0.001062516095043481
0.0008307144755734389
0.0006250273861386241
0.0005327511941547455
0.00034862752714190273
0.00023793056359786743
0.00015623411968792138
0.00012880256313799096
0.00035619362450019205
0.0006263620418520895
0.0006986832517789894
0.0007885750568103187
0.0008758102181226445
0.0
3.339642286042773e-05
0.0001284027338962294
0.00016144479237285964
0.0002732174735382033
0.00026824888765812746
0.0003645803869513122
0.0003463674063412404
0.0017586632512478443
0.0017101635129884328
0.0014029309740241668
0.0012240854481227444
0.0009940734238616583
0.0006767112869459311
0.0005708788332935556
0.0004413768581677464
0.00037608806837101936
0.0003530420198555522
0.0003530121385911111
0.000441089984787915
0.0
0.0
0.0
0.0
0.0
0.0
1.4588887364448243e-05
2.1973651931992804e-05
6.306475060202161e-05
0.00011502806601916093
0.00018166999398661106
0.00019609561232239312
0.0002881869618066057
0.00026809207602770095
0.00020877843775686034
9.054480830875902e-05
3.5906092342130624e-05
0.0
0.0
0.0
0.0
0.0
0.0
0.0
0.0
0.0
0.0
0.0
0.0
0.0
0.0
0.0
0.0
0.0
0.0
0.0
0.0
0.0
0.0
0.0
0.0
0.0
2.387860998985737e-06
0.0
0.0
0.0
0.0
0.0
0.0
0.0
0.0
0.0
0.0
0.0
0.0
0.0
0.0
0.0
0.0
0.0
0.0008723006478257789
0.0005407686967093162
4.991267303823788e-05
0.0
0.0
0.0
0.0
0.0
0.0
0.0
0.0
6.2830108988718774e-06
4.305120757494438e-06
0.0
0.0
2.8493979405645282e-05
0.0
0.0
0.0
0.0
0.0
0.0
0.0
0.0
0.0007990122823871878
0.0008500636158769175
0.00026236719502335446
6.32724981010998e-05
6.265527516576341e-06
0.0
0.0
0.0
0.0
0.0
0.0
7.295382937503587e-06
2.5845858136576275e-05
5.560228077089978e-05
0.00011868693154352131
0.0001781327696443922
0.0
0.0
0.0
0.0
0.0
0.0
7.042549246755361e-06
3.020191267182016e-05
0.0011460135089898646
0.0011532670958093651
0.00047315717850058084
0.00023413747104456673
0.0001353650812197039
6.237727013995937e-05
3.601429429473087e-05
0.0
0.0
0.0
0.0
1.215644221574125e-05
6.975405412428292e-05
0.00010634871057670455
0.00016735153855993088
0.0002109256255215707
0.0
0.0
0.0
0.0
0.0
0.0
1.8317015472677985e-06
8.279087088157545e-06
0.0010404072043379254
0.0009051282526161284
0.00034041519776339865
0.00017793386573865735
6.924062396483661e-05
9.928238424859697e-06
2.2245100754665782e-06
0.0
0.0
0.0
0.0
8.823789679094063e-06
9.30193295114201e-06
0.0
0.0
6.504720434690415e-06
0.0
0.0
0.0
0.0
0.0
0.0
0.0
0.0
0.000472271777975044
0.0005749529416830859
0.0004395169300140386
0.00031478356656203645
0.00015365692727073232
0.00011014299989639824
0.00018629762382813662
0.00017673091957592948
0.00021727478815539812
0.00024763631543807125
0.00022908257119505095
0.0002863849159672599
0.0
0.0
0.0
0.0
0.0
0.0
0.0
0.0
0.0
0.0
0.0
0.0
0.0
0.0
0.0
0.0
0.0
0.0
0.0
0.0
0.0
0.0
0.0
0.0
0.0
0.0
0.0
0.0
0.0
0.0
