0.0
0.0
0.0
0.0
0.0
0.0
0.0
0.0
0.0
0.0
0.0
0.0
0.0
0.0
0.0
0.0
0.0
0.0
0.0
0.0
0.0
0.0
0.0
0.0
0.0
0.0
0.0
0.0
0.0
0.0
0.0003334890933151715
0.0001597767141487653
1.975037928824587e-05
9.991339499602013e-06
1.4343573588372901e-07
1.2666572620913234e-07
0.0
2.094311606112884e-07
0.0
1.3128965135896932e-07
1.6578254506975532e-07
0.0
0.0
0.0
0.0
0.0
0.0
0.0
0.0
0.0
0.0
0.0
0.0
0.0
4.426273156532779e-06
0.0
5.6473329212189345e-08
0.0
0.0
0.0
0.0
1.4198069745208349e-08
2.8294353876722774e-08
2.020111062038839e-07
1.0604277601905741e-07
2.1175461915429997e-07
3.676201453221445e-07
0.0
0.0
0.0
0.0
0.0
0.0
0.0
0.0
0.0
0.0
0.0
0.0014781715413903689
0.0015284207766549573
0.0006061081243015503
0.00025707998762219595
0.00013971093957324964
7.005200632014892e-06
0.0
2.9860705760741842e-05
2.1716814330269954e-05
3.4576169211226386e-05
5.8312446107087137e-05
0.0001046826511752203
0.0001928712781366273
0.0005679062894376016
0.0008882771930728533
0.0
0.0
0.0
0.0
0.0
0.0
2.1972453940746092e-06
1.2424068755532753e-05
1.3159861122079473e-05
0.002822348987241301
0.0017213200426015082
0.0005391427134423711
0.00015008141840534955
3.4906151713546776e-05
1.38958557021476e-07
0.0
3.002519925725049e-07
2.313124990469076e-08
1.297953685377336e-07
3.400548586291796e-07
3.627620577015608e-07
1.9247866683623142e-06
1.2942251134846082e-05
3.463390532337737e-05
0.0
0.0
0.0
0.0
0.0
0.0
0.0
0.0
0.0
0.000340503416670164
0.00012373354508190203
2.0185132091513414e-05
7.021848264751789e-07
0.0
0.0
0.0
9.104873177430388e-08
0.0
1.3253589766928778e-07
9.977351272112077e-08
0.0
0.0
0.0
0.0
0.0
0.0
0.0
0.0
0.0
0.0
0.0
0.0
0.0
0.0
0.0
0.0
0.0
0.0
0.0
0.0
0.0
0.0
0.0
0.0
0.0
0.0
0.0
0.0
0.0
0.0
0.0
0.0
1.9749654529926847e-05
3.183641858197427e-05
3.285439507560422e-05
4.4154833735870955e-05
5.6158790432955546e-05
0.00017890083455766254
3.852391138358408e-05
4.1372629834695184e-05
1.9807668025770773e-05
0.0
0.0
0.0
0.0
0.0
0.0
0.0
0.0
0.0
0.0
0.0
2.1031495700791167e-05
5.5310812346175276e-05
0.0001628394009474981
0.0002709450596721303
0.0002754545137082751
0.00042438355088361153
0.00039215404097083813
0.0005951219392299039
0.0005101265315234513
0.004966944181131692
0.002831435534980403
0.0017787476877739337
0.0008118021950668931
0.00034629449650454774
9.15523399183653e-05
2.2200192870974197e-05
5.237291274489915e-05
3.1318706442678106e-05
4.0947709593889574e-05
5.1004976283734805e-05
0.0001222096332837275
0.00038128189850498225
0.0007223637453052594
0.000984587342955576
0.0
0.0
0.0
0.0
0.0
1.774626827012973e-06
1.2739414862377063e-05
1.5961266139417387e-05
2.808856667399774e-05
0.003299422481246758
0.0021426088657835805
0.0013663007110729381
0.0010220608456129006
0.0007202977183783288
0.0005361886132910181
0.0005141372120414552
0.0005438987265297323
0.0005243906246411153
0.0006121830134639281
0.0006885400742897832
0.0010646511970635304
0.0011332541693148729
0.0014515608808081842
0.0018261770225808155
0.0
2.120237103743835e-05
0.00020548295656120435
0.00036450753548841866
0.0004076580733115324
0.0007205182864140794
0.0006831878487481098
0.0011547629773728744
0.0009205006005761176
0.005561835529953663
0.004090700339017481
0.003079284963838404
0.0026073032988742063
0.002260999602580316
0.0018210115355621745
0.0015472063439274707
0.001449276216788904
0.0012941644583141126
0.0011824390034874093
0.0012643865605589104
0.0016045367412111284
0.0017940457943390643
0.001870512514470479
0.001926719526997694
0.0
5.791161302455196e-05
0.00024360692262970663
0.0002901552420173705
0.00040272464145047865
0.0004911142903147788
0.0005794508132438847
0.0006462704768315502
0.000664642764775081
0.0047819028016864405
0.0029218919963826767
0.002243797337333207
0.001981879683851929
0.0017419688601340035
0.0015244753172451895
0.0016270354926504827
0.001602754678322506
0.0013651439504620223
0.001109515636060316
0.0010936218086229797
0.0012585178780308208
0.0014516542826778745
0.0016244338522679903
0.0016067659232554725
0.0
0.0
6.605751876744968e-06
1.2450419197174361e-05
1.980255895168647e-05
2.8009489281575016e-05
0.0001349196922352509
0.0001746335826129258
0.0003566654983051135
0.004442177157879068
0.0029305695201991672
0.0022922530727293457
0.002118706223761364
0.002078879349044053
0.0018170083292184673
0.0016864553433348943
0.0020065159812263254
0.002129102818773541
0.002193916621561501
0.0023100916004088656
0.0023995436681690666
0.0024938277119396788
0.0025375312256825616
0.002580076314607577
1.251477578734701e-05
0.00019853046131890645
0.00035650890909344355
0.0005128647231963691
0.0006236464295548287
0.0008009584637618519
0.000858371242780497
0.0010534259088670814
0.0010125551420917043
0.0011605326641823367
0.0007013485240822739
0.0005243188206486706
0.0002732685550282628
0.00012297006556390304
5.525853547705407e-05
2.949480268109368e-05
3.7004141854904485e-06
0.0
0.0
0.0
0.0
0.0
0.0
0.0
5.1163696911637866e-05
0.0001878126531023842
0.00027433839303745604
0.00025118130747819076
0.00041430210046452425
0.00043226109717827896
0.000629107146854889
0.0005799661636151905
0.0008017046238330448
0.0006686928896001366
0.0004924780915675857
0.00023204923337236062
4.5396943822297556e-05
0.0
0.0
0.0
0.0
0.0
0.0
0.0
0.0
0.0
0.0
0.0
0.0
0.0
0.0
0.0
0.0
0.0
2.648682398837059e-05
5.8243092107181424e-05
6.339957039975166e-05
0.00022431912029494082
7.134560158731554e-05
2.258945768412933e-05
0.0
0.0
0.0
0.0
0.0
0.0
0.0
0.0
0.0
0.0
0.0
0.0
2.15366853016203e-05
7.020974489457929e-05
0.0002245773735417992
0.0003676400223446621
0.00037746588497726167
0.0006152250592092061
0.0005732023757631877
0.0008135994506670672
0.0007533398485811414
0.0053636927637967305
0.0032878035382883464
0.0023237855434924434
0.001815812189992879
0.0015691177432912264
0.0012710587917989114
0.001050416538574915
0.0010278006268392497
0.0009755585764246979
0.0009819996602996334
0.0010174898712979176
0.0012203353689446384
0.001417235733049012
0.0016046815088093282
0.0015930620707779103
0.0
0.0
4.393861918489678e-06
9.887521417631821e-06
8.781616402161854e-06
0.0
0.0
0.0
0.0
0.001895614586684356
0.0012246230935862724
0.0007676982784948263
0.000439944802873758
0.0001263368019888334
1.8382542365317659e-06
4.177305986115896e-09
3.186291361984265e-07
0.0
0.0
1.0892179400127923e-07
0.0
0.0
0.0
0.0
0.0
0.0
0.0
0.0
0.0
0.0
0.0
0.0
0.0
9.27521049507497e-05
1.916692734066575e-05
4.572197919653044e-08
0.0
0.0
0.0
0.0
2.1235263180196294e-07
0.0
1.4076161113249858e-07
1.0123805392044113e-07
0.0
0.0
0.0
0.0
0.0
0.0
0.0
0.0
0.0
0.0
0.0
0.0
0.0
1.2631067900150263e-05
5.3232282826507394e-08
6.52338676954642e-08
0.0
0.0
0.0
0.0
1.950565633904095e-07
0.0
1.4730845988148862e-07
9.622103223519135e-08
0.0
0.0
0.0
0.0
0.0
0.0
0.0
0.0
0.0
0.0
0.0
0.0
0.0
0.0
0.0
0.0
0.0
0.0
0.0
0.0
0.0
0.0
0.0
0.0
0.0
0.0
0.0
0.0
0.0
0.0
0.0
0.0
0.0
0.0
0.0
0.0
0.0
0.0
0.0
0.0
0.0
0.0
0.0
0.0
0.0
0.0
0.0
0.0
0.0
0.0
0.0
0.0
0.0
0.0
0.0
0.0
0.0
0.0
0.0
0.0
0.0
0.0002891152089899168
0.00014975615253654982
0.00010122914274914088
0.000130321564974804
0.00013625251445337843
7.480085622474673e-05
3.88427687862035e-05
7.755296508217812e-05
6.540362973668893e-05
7.001218187001992e-05
7.66011490819455e-05
0.00013414129838905964
0.0004528827240953324
0.001039689933609254
0.001165164707815426
0.0
0.0
0.0
0.0
0.0
0.0
9.819363812422056e-06
1.7588543278471565e-05
2.0339045227305048e-05
0.003256424360851852
0.0021915597217889906
0.0010478183513266401
0.00038044364152576665
0.00018298469115025324
1.1849540895580658e-05
0.0
4.099215453499612e-06
0.0
1.95395809629002e-05
5.060747405873174e-05
8.281845994225716e-05
0.00011751443783649357
0.00016024384234647295
0.0001975611326505858
0.0
0.0
0.0
0.0
0.0
0.0
0.0
0.0
0.0
0.0011375838485375833
0.0006115306160944818
0.0002171888732154119
0.00010127658827696067
6.046589927731797e-06
0.0
0.0
2.2519525749959894e-07
3.457721167312644e-08
1.730526590007553e-07
1.0770610346995531e-07
0.0
1.0139039842058648e-07
8.44980133950622e-06
3.284851089491088e-05
0.0
0.0
0.0
0.0
0.0
0.0
0.0
0.0
0.0
0.003088582152447421
0.0018618317409439995
0.0009651286201563543
0.00041550729175093907
0.00020425950755356272
2.6125633829195507e-05
3.593784709273653e-06
4.918257738541167e-05
3.8428021898980085e-05
5.101465259671306e-05
5.8496038964800675e-05
9.391352369088596e-05
0.000124126390209087
0.00017449206313794238
0.00032517574742344765
0.0
0.0
0.0
0.0
0.0
0.0
5.764261258372058e-06
1.5911099439646036e-05
2.684873328869021e-05
0.0031480558439080184
0.0018269523973543944
0.0007113682071620517
0.00027527348709005056
0.00010542890834101966
4.711580100998261e-07
0.0
3.5024005778510726e-07
0.0
0.0
1.6513932432277336e-07
0.0
0.0
1.059445084703099e-05
3.806359685027099e-05
0.0
0.0
0.0
0.0
0.0
0.0
0.0
0.0
0.0
0.0
0.0
0.0
0.0
0.0
0.0
0.0
0.0
0.0
0.0
0.0
0.0
0.0
0.0
0.0
0.0
0.0
0.0
0.0
0.0
0.0
0.0
0.0
0.0
0.0
0.0
0.0
0.0
0.0
0.0
0.0
0.0
0.0
0.0
0.0
0.0
0.0
0.0
0.0
0.0
0.0
0.0
0.0
0.0
0.0
0.0
0.0
0.0
1.3184081834227155e-05
3.275210437637e-06
5.90672422667073e-08
0.0
0.0
0.0
0.0
8.747080804262816e-08
1.0373786805199697e-07
1.1864983235001669e-05
6.188360420597052e-05
9.60940955164279e-05
0.00013234537477328778
0.00014462741654846882
0.0001590670528589153
0.0
0.0
0.0
0.0
0.0
0.0
0.0
0.0
0.0
0.001773220186553446
0.0016287373346708476
0.0011569192772128902
0.0007670408812053729
0.000573616462124641
0.00033702149586145504
0.00014920493391967185
0.00012499799175162303
9.138452233984292e-05
0.00010848629274917991
0.00011347099464049643
0.00014777587157196312
0.000501843336371185
0.0011199315048041228
0.001017411671660414
0.0
0.0
0.0
0.0
1.2094250196955689e-06
7.438146820263612e-06
1.030030614805324e-05
1.9413760617897783e-05
0.00018441721234456032
0.003640573200636046
0.002694241706437479
0.0019800997313706723
0.0015513723904142585
0.0012591871965830547
0.000981020361146589
0.0008711207836455793
0.0008752672695122773
0.0007081739972374502
0.0006303910666500669
0.0006118204803874886
0.0008257216678650124
0.0009588887502948531
0.0009751695980398386
0.0010677753487627428
0.0
0.0
0.0
0.0
5.539100865119496e-06
9.173976595816717e-06
2.0033761536433485e-05
0.00018788186811689053
0.0001995692788786593
0.0036883153961944216
0.0025440431351460456
0.0019994730059971367
0.0019096981300089182
0.0017590954442688507
0.0015166660788072156
0.0015547024090197762
0.0015353066033351854
0.0014473452830671898
0.0014456766617149518
0.0015477526996738784
0.0016111755797768683
0.0016700599518813769
0.0016537210415934107
0.0016278461905656922
0.0
0.0
9.400690582112679e-06
1.550804637675998e-05
1.6977764903595033e-05
2.9386904296266486e-05
3.0385493080400947e-05
4.4815284245279925e-05
6.57132201501527e-05
0.0034658588600323865
0.0022089758792027763
0.001518466583165315
0.001182334921369676
0.0010489676482359576
0.0008569958407929455
0.0006634379625652722
0.0005546931472939482
0.0003689367983289511
0.0002889392727377293
0.00021382477375241895
0.00028081366313155784
0.0005513977227081178
0.0008843131765178963
0.0012077855668706386
0.0
0.0
0.0
0.0
8.373084477391385e-06
1.0195600333538672e-05
1.912764099681184e-05
0.0001192143226365056
0.00022440861426142772
0.0002283049127630128
0.00014960057049696044
2.6758372642955884e-05
1.1201534622178354e-05
0.0
0.0
0.0
0.0
0.0
0.0
0.0
0.0
0.0
0.0
0.0
0.0
0.0
0.0
0.0
0.0
0.0
0.0
0.0
0.0
0.0
0.0
0.0
0.0
0.0
0.0
0.0
0.0
0.0
0.0
0.0
0.0
0.0
0.0
0.0
0.0
0.0
0.0
0.0
2.3799292691870453e-06
3.229920892461413e-05
3.432824464710585e-05
6.525717608168122e-05
0.0002235911811318538
0.003964433284246636
0.0022109091218370904
0.0008973127662228563
0.0003304977154358773
0.00016105901575339302
1.597238787516075e-05
2.393241087314677e-06
1.0028661544511111e-05
0.0
0.0
5.856902432520612e-06
4.426231234004506e-05
0.00010275162989540173
0.00013308391019655177
0.00013995418923596514
0.0
0.0
0.0
0.0
0.0
0.0
0.0
0.0
0.0
0.0009425854379775071
0.0005972357911612871
0.0003086708953282821
0.00020925185468911452
0.00014844314298144906
2.377183346758725e-05
1.4125464970589567e-05
9.445410690191042e-05
0.00011410455717957387
0.0001499857087179325
0.00014483717311009433
0.00022033919110976894
0.0003071776723123693
0.00041684431320369267
0.0004767959124419963
0.0
0.0
0.0
0.0
0.0
0.0
0.0
0.0
0.0
0.0009147921114546533
0.00034526964936552434
0.00010659790609350892
7.637738544514686e-05
4.924591228136217e-05
9.754358227554814e-08
0.0
3.5006239258565234e-07
4.112669405183167e-05
0.0005180908285723848
0.0012483725900104014
0.0012440378045539293
0.0011334909487700918
0.0011938864936192064
0.0013105002567826163
0.0
0.0
0.0
5.431162933162399e-06
6.196026607055205e-06
1.6929310458244904e-05
1.6874321239626976e-05
3.2892582579532734e-05
8.518045123914815e-05
0.003331118584745778
0.002245911068987238
0.0015943690476462836
0.0013538113762955751
0.0012750244901739939
0.0010881764450918756
0.0009482934574143245
0.0010221440935669712
0.0010314893699499596
0.001130615620605067
0.0013499634648332464
0.0015157690822092127
0.001765200387853598
0.0019647026149646396
0.001979847359971952
0.0
8.392808235144263e-06
1.5418996214661156e-05
2.6144963415215957e-05
8.473679277068078e-05
0.00018800417955262364
0.0002796018856287122
0.00032040848745159965
0.0003937072392252492
0.004421459369695024
0.0027108788379142656
0.00195649760024993
0.0016482380080842145
0.0014872427742364403
0.0012636648121885582
0.0011537839835148503
0.0011260838759068225
0.0010000749923466995
0.0009275724444326198
0.0008597510604384373
0.0009807020374548849
0.0011483911191438206
0.001321477796959248
0.0014478420559826187
0.0
0.0
6.906627012315221e-06
1.3685553762068849e-05
2.570382451925969e-05
0.00016856457133175473
0.0002131544407765543
0.0002929687082714475
0.00031947728321300234
0.00040094337813649674
0.00012967309410553415
4.5115010678187146e-05
1.2670700450778819e-05
0.0
0.0
0.0
0.0
0.0
0.0
0.0
0.0
0.0
0.0
0.0
0.0
0.0
0.0
0.0
0.0
2.0991388027646594e-05
3.175496042789485e-05
4.057725515893974e-05
3.632652410190327e-05
4.6719482199876814e-05
0.0
0.0
0.0
0.0
0.0
0.0
0.0
0.0
0.0
0.0
0.0
0.0
0.0
0.0
0.0
0.0
0.0
0.0
0.0
0.0
2.2698290424049185e-05
2.111344767432644e-05
2.4033541213287485e-05
0.003119550165405262
0.0016388492769854703
0.0009232821109783916
0.0006164602311330713
0.0004226118121712934
0.00016328139831908823
9.322926756424334e-05
0.00014548575808417144
9.623125566731223e-05
8.80670470277759e-05
9.098448451592695e-05
0.0001105869753736432
0.0001361880271956676
0.00018871268107048593
0.0002461150557808178
0.0
0.0
0.0
0.0
0.0
0.0
0.0
0.0
0.0
0.0011311287090322376
0.0005621272904953072
0.00029389078920313497
0.0002413376333247789
0.0001583619228358277
1.97489065571268e-05
1.7602155675731886e-06
1.002077757512022e-06
0.0
2.1279435735943144e-05
4.319340084728856e-05
6.204351808676007e-05
8.21720145880267e-05
0.00010136518187702089
0.00010703768950496285
0.0
0.0
0.0
0.0
0.0
0.0
0.0
0.0
0.0
0.0006567811809352834
0.00024310652869953412
7.350899250715437e-05
3.7588829057237995e-05
2.8368855064987182e-06
1.479767549020178e-07
0.0
1.9594449332927923e-07
0.0
1.3174881844951668e-07
1.0125076117508968e-07
0.0
3.3201382796181425e-07
1.137884192669272e-07
1.1878187285891216e-05
0.0
0.0
0.0
0.0
0.0
0.0
0.0
0.0
0.0
0.003598729296938455
0.0019933687875674016
0.0013876863414761234
0.001284674664725618
0.0013330493157319295
0.0011558621692443981
0.0009757609800414422
0.0010267285987667135
0.0010195710917297862
0.0010316047733718078
0.001111623631055889
0.0014275460707931565
0.0016255002506305317
0.0017488935922533575
0.0018240759057678052
0.0
9.025540871599472e-06
2.516718876967581e-05
0.00013986863881159086
0.00021352628693788937
0.0003218586145210088
0.0004245420416833921
0.0004911481734604061
0.0006421129149757588
0.004878733593033222
0.0030151670908874968
0.0021935625348748415
0.0017027040376749061
0.0013644229202648835
0.001079029974477766
0.00094013149881813
0.0008665444352496442
0.0007266692778181292
0.0006329245643588782
0.0006028012325872161
0.0007420118608217996
0.0009044595547705242
0.0010988806402288252
0.0011399765555760001
0.0
0.0
0.0
0.0
0.0
1.1974606641421256e-06
6.501231611467478e-06
8.198137931680141e-06
1.291537561274447e-05
1.2458202179605868e-05
6.570556989171646e-06
0.0
0.0
0.0
0.0
0.0
0.0
0.0
0.0
0.0
0.0
0.0
0.0
0.0
0.0
0.0
0.0
0.0
0.0
0.0
0.0
0.0
0.0
0.0
0.0
0.0
0.0
0.0
0.0
0.0
0.0
0.0
0.0
0.0
0.0
0.0
0.0
0.0
0.0
0.0
0.0
0.0
0.0
0.0
0.0
0.0
0.0
0.0
0.0
0.0
0.0
0.0
0.0
0.0
0.0
0.0
0.0
0.0
0.0
0.0
0.0
0.0
0.0
0.0
0.0
0.0
0.0
0.0
0.0
0.0
0.0
7.631955468201889e-05
1.6423651156901235e-05
3.1871674000156448e-06
0.0
0.0
3.4091492119415504e-09
2.3909883877157707e-08
1.9752177212511958e-07
3.095828013989535e-08
1.436455827644427e-07
1.5410147200411542e-07
0.0
2.6758570576951976e-07
1.5905241202682343e-05
2.7591296670361438e-05
0.0
0.0
0.0
0.0
0.0
0.0
0.0
0.0
0.0
0.0008393224794649265
0.0004611928954900819
0.00017217753368089204
8.553754677960513e-05
9.677203774852851e-06
1.6625322938321288e-07
4.9567609641719164e-08
2.5592286459245105e-07
7.115645296320376e-08
1.8274373642067233e-07
1.5417729533879288e-07
5.0710241646559713e-08
0.0
3.919503980848062e-07
1.2831400215535918e-07
0.0
0.0
0.0
0.0
0.0
0.0
0.0
0.0
0.0
0.00033846146615905425
0.00014086846332651043
4.117077468585017e-05
4.762387410958549e-06
0.0
0.0
3.1857218630029176e-08
2.610976783422307e-07
7.622011085885016e-08
2.2134918209167822e-07
1.77301778420612e-07
5.0638555630647126e-08
7.90312757216287e-08
4.427501748428626e-07
0.0
0.0
0.0
0.0
0.0
0.0
0.0
0.0
0.0
0.0
0.0011525602901442506
0.0005828354030169492
0.00019180477203223603
6.690250470914616e-05
1.4791195417740844e-06
0.0
3.911258146411936e-08
2.6404732918361873e-07
8.496305366996981e-08
2.0077544761690665e-07
1.521403428435633e-07
0.0
1.1570393655804133e-07
2.1673156777391243e-07
4.7288205614451454e-07
0.0
0.0
0.0
0.0
0.0
0.0
0.0
0.0
0.0
0.0
0.0
0.0
0.0
0.0
0.0
0.0
0.0
0.0
0.0
0.0
0.0
0.0
0.0
0.0
0.0
0.0
0.0
0.0
0.0
0.0
0.0
0.0
3.802140393597182e-05
4.39021006482369e-05
1.6608000714663318e-05
0.0
0.0
0.0
0.0
0.0
0.0
0.0
0.0
0.0
0.0
0.0
0.0
0.0
0.0
0.0
0.0
0.0
0.0
2.3280817124610536e-05
5.063320087658355e-05
4.735015108483679e-05
7.989411916880327e-05
0.004019879688504742
0.001825317890023176
0.0005406764835721923
0.00017826976928107547
5.1709926588974116e-05
1.275253388289104e-07
0.0
3.0021434512658155e-07
0.0
0.0
3.4516126995062735e-07
0.0
1.0274498709466516e-06
1.545742904947901e-05
4.750885425824284e-05
0.0
0.0
0.0
0.0
0.0
0.0
0.0
0.0
0.0
0.0018729194753271858
0.0009659371554593842
0.0003344113487918291
0.00012092390858248486
1.1957445617977035e-05
1.3217257223802257e-07
1.833697205345026e-08
2.5517365172973126e-07
7.32222919052016e-08
2.1194437873341023e-07
9.859303639949835e-08
0.0
2.402367883537111e-07
4.2342182269667513e-07
0.0
0.0
0.0
0.0
0.0
0.0
0.0
0.0
0.0
0.0
0.0001698183465758875
4.053197181487091e-05
1.4743161140216277e-06
0.0
0.0
0.0
0.0
2.1160468677043504e-07
0.0
1.4884408471029427e-07
1.2076370379870105e-07
0.0
0.0
3.0697235728552386e-06
8.904634906874621e-06
0.0
0.0
0.0
0.0
0.0
0.0
0.0
0.0
0.0
8.790583830892726e-05
1.4519519375476054e-05
4.2914403501972036e-08
0.0
0.0
1.2930678017876183e-07
0.0
3.9335252544611554e-07
1.1844100873125638e-07
2.9452647293963085e-07
1.4127817482936237e-05
2.197238431317075e-05
1.957868466924449e-05
2.8094988056505864e-05
3.83767507103734e-05
0.0
0.0
0.0
0.0
0.0
0.0
0.0
0.0
0.0
0.0005928005560265869
0.00045055202272944794
0.00043051458846535685
0.00038894254363636637
0.0002265435493210718
3.1587998135593676e-05
1.0915203268523048e-05
7.855788423155266e-05
6.553284920217449e-05
8.415681869510077e-05
8.04716861264361e-05
7.065526631324798e-05
9.826490739021545e-05
0.00014142503750670592
0.00032418641669493996
0.0
0.0
0.0
0.0
0.0
0.0
0.0
0.0
0.0
0.0
0.0
0.0
0.0
0.0
0.0
0.0
0.0
0.0
0.0
0.0
0.0
0.0
0.0
0.0
0.0
0.0
0.0
0.0
0.0
0.0
0.0
0.0
0.0
0.0
0.0
0.0
0.0
0.0
0.0
0.0
0.0
0.0
0.0
0.0
0.0
0.0
0.0
0.0
0.0
0.0
0.0
0.0
0.0
0.0
0.0
0.0
0.0
0.0018904469178535885
0.0009055252543184764
0.00022625533701686843
6.568966871799869e-05
4.550695823166497e-06
1.5435259727869128e-07
0.0
2.0525087442848528e-07
0.0
1.228098117647181e-07
9.224306626837223e-08
0.0
3.368968734503179e-07
2.379799601315532e-07
1.5972931328859013e-05
0.0
0.0
0.0
0.0
0.0
0.0
0.0
0.0
0.0
0.0012973912086574897
0.0006576692947810808
0.0002822156167412833
0.00014465981309458575
5.361802124416073e-05
1.2405232035317915e-07
0.0
2.0805282119056757e-07
0.0
3.677213317388239e-07
1.72273364581857e-07
0.0
0.0
0.0
0.0
0.0
0.0
0.0
0.0
0.0
0.0
0.0
0.0
0.0
3.656454458772731e-05
7.694053755882091e-06
7.204034770798384e-08
0.0
0.0
0.0
0.0
7.520338220307917e-07
1.013551775781761e-07
1.1828381837084162e-07
9.553639790133395e-08
0.0
0.0
0.0
6.865275187384105e-06
0.0
0.0
0.0
0.0
0.0
0.0
0.0
0.0
0.0
0.0007009544470801608
0.0003493455673355205
0.00011236015347899111
4.6640250462097345e-05
5.5865486921725735e-06
1.401799594100046e-07
0.0
3.070860206526975e-07
0.0
1.0343547558748102e-07
1.0115257801090134e-07
0.0
1.6588564418195244e-05
8.87265896653245e-05
0.00023368801118428827
0.0
0.0
0.0
0.0
0.0
0.0
0.0
0.0
0.0
0.0033903597220088506
0.0011613396931622745
0.00018696204865330658
2.646291851554632e-05
0.0
0.0
0.0
1.9743677364367619e-07
0.0
1.6628432425228145e-07
1.300327937776064e-07
0.0
0.0
4.811082528434088e-07
2.18435239025564e-07
0.0
0.0
0.0
0.0
0.0
0.0
0.0
0.0
0.0
0.0
0.0
0.0
0.0
0.0
0.0
0.0
0.0
0.0
0.0
0.0
0.0
0.0
0.0
0.0
0.0
0.0
0.0
0.0
0.0
0.0
0.0
0.0
0.0
0.0
0.0
0.0
0.0
0.0
0.0
0.0
0.0
0.0
0.0
0.0
0.0
0.0
0.0
0.0
0.0
0.0
0.0
0.0
0.0
0.0
0.0
0.0
0.001278282927093888
0.0010668138003571256
0.0006978251839108378
0.00032483732678256376
0.00011081768185398201
0.0
0.0
3.401056959624615e-07
0.0
0.0
9.382056641897011e-08
0.0
0.0
4.905476356230576e-06
4.6230923386608186e-05
0.0
0.0
0.0
0.0
0.0
0.0
0.0
0.0
0.0
0.0029594626694942733
0.0020084525402150714
0.0012967235340015195
0.0009630671386977995
0.0005740562937105067
0.00026998497966574335
0.0001689030297378231
0.00017574854351175718
0.00011863269785740794
9.872240659249946e-05
9.261431399434343e-05
9.76941643792627e-05
0.00011361350316661907
0.00021398685430752549
0.0005046137991875926
0.0
0.0
0.0
0.0
0.0
2.7949459902400524e-06
1.926419928490382e-05
2.2608317918725187e-05
3.6579624321080344e-05
0.003600268259939814
0.0023537313036842253
0.0012670614201762004
0.0004358235093999488
0.00018660783089924251
8.050544332993358e-06
0.0
2.9522026618757195e-06
5.335816918124396e-07
1.292334397938872e-05
2.023738811044457e-05
3.8097210403258074e-05
6.753209343049255e-05
0.00010725823786473507
0.00012570581805020236
0.0
0.0
0.0
0.0
0.0
0.0
0.0
0.0
0.0
0.0007516650748360621
0.0005929921508667192
0.0004070509746461123
0.0003499776722654204
0.0002456281105405914
7.31520057240815e-05
5.0118629404272994e-05
0.00010321022317729377
9.380658471628852e-05
0.0001313492318719516
0.00014609887161686432
0.00016234386523855245
0.0001538520321516386
0.00017357746812266797
0.00019772762681327714
0.0
0.0
0.0
0.0
0.0
0.0
0.0
0.0
0.0
0.0009776575820369562
0.00037728156136322927
0.0001223622918696127
7.6447174760208e-05
3.2030597830140145e-05
3.330678798065573e-07
0.0
9.222569828219665e-06
2.610711575034422e-05
4.758040497006814e-05
5.076587233381048e-05
6.931614656020246e-05
0.00011697710801676996
0.00014373690118603112
0.0001420614815134884
0.0
0.0
0.0
0.0
0.0
0.0
0.0
0.0
0.0
0.0
0.0
0.0
0.0
0.0
0.0
0.0
0.0
0.0
0.0
0.0
0.0
0.0
0.0
0.0
0.0
0.0
0.0
2.9334681536085997e-05
5.017380041941114e-05
7.891346711769559e-05
0.00019254669573832728
0.00030570119529956506
0.00038675496692448124
0.0004501640941532452
0.00020722360468873957
9.62943508654156e-05
2.4150413446926906e-05
0.0
0.0
0.0
0.0
0.0
0.0
0.0
0.0
0.0
0.0
0.0
0.0
0.0
0.0
0.0
0.0
0.0
0.0
0.0
0.0
0.003666653194367121
0.0017204469654875305
0.0005915239215797838
0.0001963300430162167
6.567197122265501e-05
1.0237402616194757e-07
0.0
3.1000560913785373e-07
0.0
1.091792886756976e-07
9.348518143247069e-08
0.0
0.0
2.20589985415346e-07
1.1122700962765105e-05
0.0
0.0
0.0
0.0
0.0
0.0
0.0
0.0
0.0
0.0014576455476624324
0.0011362367943986258
0.00038999513914134983
9.204012081643764e-05
1.7112878959001247e-05
1.407472976198288e-07
0.0
2.110791797859965e-07
5.655634016592593e-08
1.590850090933756e-07
3.6540593638004454e-07
0.0
0.0
0.0
3.57777535734373e-07
0.0
0.0
0.0
0.0
0.0
0.0
0.0
0.0
0.0
0.0006544809264005968
0.0004165764514149076
0.00013912132563285466
4.693070316206598e-05
2.597817679449333e-06
1.53425629436931e-07
0.0
2.520625255282512e-07
5.7708868315200714e-08
1.6576314280955644e-07
9.980895544192358e-08
0.0
0.0
3.464024260694537e-07
6.00213572146088e-06
0.0
0.0
0.0
0.0
0.0
0.0
0.0
0.0
0.0
0.00018572233744947812
4.9546541159367964e-05
4.583625372498305e-06
0.0
0.0
0.0
0.0
2.141965670742312e-07
0.0
1.4034989867784488e-07
9.582714418594231e-08
0.0
0.0
1.0406965969706473e-07
1.0479673332338042e-07
0.0
0.0
0.0
0.0
0.0
0.0
0.0
0.0
0.0
3.025863355811746e-05
7.644376332637059e-06
6.507613902249393e-08
0.0
0.0
0.0
0.0
1.5485892085058797e-07
4.364489616276521e-08
2.411040142442595e-07
9.330242983390986e-08
0.0
0.0
0.0
0.0
0.0
0.0
0.0
0.0
0.0
0.0
0.0
0.0
0.0
0.0
0.0
0.0
0.0
0.0
0.0
0.0
0.0
0.0
0.0
0.0
0.0
0.0
0.0
0.0
0.0
0.0
0.0
0.0
0.0
0.0
0.0
0.0
0.0
0.0
0.0
0.0
0.0
0.0
0.0
0.0
0.0
0.0
0.0
0.0
0.0
0.0
0.0
0.0
0.0
0.0
0.0
0.0
0.0
0.0
0.0
0.0
0.0
0.00020814017190349886
9.090158658799237e-05
1.813569812348796e-05
0.0
0.0
2.767913826721957e-08
1.2815881457153452e-07
2.319892295719581e-07
7.477710727115745e-08
2.2604011450016567e-07
1.5840513166532375e-07
4.602283425308204e-08
0.0
2.144500119245179e-07
2.2627061112984729e-07
0.0
0.0
0.0
0.0
0.0
0.0
0.0
0.0
0.0
1.2228888982276045e-05
0.0
6.27816275409584e-08
0.0
0.0
0.0
0.0
2.0516416810384812e-07
2.0251947683918993e-08
2.2082689324045657e-07
9.558222227133918e-08
0.0
0.0
0.0
0.0
0.0
0.0
0.0
0.0
0.0
0.0
0.0
0.0
0.0
2.876028710782968e-06
0.0
5.701370258842429e-08
0.0
0.0
0.0
1.2656994689413993e-08
3.5967833553641796e-08
0.0
1.6468564291088485e-05
0.0001029374624665684
0.00021532936948387432
0.0002926499042637212
0.0003389759292072029
0.0003385754887715118
0.0
0.0
0.0
0.0
0.0
0.0
0.0
0.0
0.0
0.001692103440848768
0.0011170458724561268
0.0008918155180886496
0.0008391502446768458
0.0006819239919451813
0.0004848748653842742
0.00039489631572663824
0.00044743494502051933
0.00045340387094641786
0.00047574621295542134
0.00047461854232657634
0.0004785231767785788
0.0003928019139759822
0.0003538650746859113
0.0003050177170246478
0.0
0.0
0.0
0.0
0.0
0.0
0.0
0.0
0.0
0.0005966762504465153
0.00015184035149899463
7.78369011298204e-06
3.390615973066225e-06
1.1184665826683391e-06
4.183207849801478e-07
0.0
1.9531810665127703e-07
0.0
1.2946246158204235e-07
9.887184645806198e-08
0.0
0.0
0.0
0.0
0.0
0.0
0.0
0.0
0.0
0.0
0.0
0.0
0.0
0.0
0.0
0.0
0.0
0.0
0.0
0.0
0.0
0.0
0.0
0.0
0.0
0.0
0.0
0.0
0.0
0.0
0.0
0.0
0.0
0.0
0.0
0.0
0.0
0.0
0.0
0.0
0.0
0.0
0.0
0.0
0.0
0.0
0.0
0.0
0.0
0.0
0.0
0.0
0.0
0.0
0.0
0.0
0.0
0.0
0.0
0.0
0.0
0.0006761899538830575
0.00039320992823528036
0.00014469300386791984
6.178692823759899e-05
1.247664086588412e-05
1.3747258063669e-07
0.0
8.377682068068859e-08
0.0
1.2672355659143493e-07
3.229196714901109e-07
0.0
0.0
3.2331818431462307e-07
8.360753008542811e-06
0.0
0.0
0.0
0.0
0.0
0.0
0.0
0.0
0.0
0.0005894663765863365
0.00023171552401757414
9.448115169296372e-05
2.121286452236343e-05
0.0
0.0
0.0
1.6966146079644557e-07
0.0
1.5828003638012712e-07
4.415618166733641e-07
1.1883341965402664e-07
5.040583339391954e-08
0.0
0.0
0.0
0.0
0.0
0.0
0.0
0.0
0.0
0.0
0.0
0.00018130996596041107
5.537410773149164e-05
1.0674561726568757e-06
0.0
0.0
8.217012485310633e-09
7.041855082082674e-08
9.616031008703053e-08
1.1697709900390239e-07
2.3100962417182978e-07
3.895405288328659e-07
1.0711453622853543e-07
4.2705857362110995e-08
0.0
0.0
0.0
0.0
0.0
0.0
0.0
0.0
0.0
0.0
0.0
5.6022227781239305e-05
4.789336936953938e-06
4.291193223081448e-06
3.379653839656749e-05
6.091199921735617e-05
0.0
0.0
5.5489978172209034e-05
6.0257227306401216e-05
7.392822832605106e-05
7.85602122964961e-05
9.403608242510623e-05
0.00010992685964148686
0.00011879094648397642
0.00016229140067011745
0.0
0.0
0.0
0.0
0.0
0.0
0.0
0.0
0.0
0.0031287954126047227
0.001324252891405776
0.0005742602376072734
0.0002631371484106381
0.00011754117771335182
0.0
0.0
1.652477973572453e-05
8.91421151183209e-06
6.716266770012559e-06
9.753447624859039e-08
0.0
4.638424863907281e-06
2.8167730148826166e-05
0.00010225493168521975
0.0
0.0
0.0
0.0
0.0
0.0
0.0
0.0
0.0
0.0
0.0
0.0
0.0
0.0
0.0
0.0
0.0
0.0
0.0
0.0
0.0
0.0
0.0
0.0
0.0
0.0
0.0
0.0
0.0
0.0
0.0
0.0
0.0
0.0
0.0
0.0
0.0
0.0
0.0
0.0
0.0
0.0
0.0
0.0
0.0
0.0
0.0
0.0
0.0
0.0
0.0
0.0
0.0
0.0
0.0
0.0
0.0
5.632919046778142e-07
0.0
5.493723041445123e-08
0.0
0.0
0.0
0.0
1.3690611156561054e-07
0.0
2.9522824368609167e-07
1.1007566260832121e-07
0.0
0.0
0.0
3.8947611935874086e-06
0.0
0.0
0.0
0.0
0.0
0.0
0.0
0.0
0.0
0.0004941612096729765
0.0002981580141727399
0.00012359023663204916
7.32545359783533e-05
2.6482399733542607e-05
1.203170575805096e-07
0.0
2.0354001176538842e-07
1.3911983546310634e-08
2.115271694450873e-07
3.4049601628078625e-07
0.0
0.0
2.4152765694282574e-07
1.7272360571238482e-05
0.0
0.0
0.0
0.0
0.0
0.0
0.0
0.0
0.0
0.0008901671072984995
0.0005133306038735723
0.00017518307921673195
5.4462823992977225e-05
2.310055168113289e-06
1.439732528791315e-07
0.0
8.698281434250181e-08
9.510502455843885e-08
2.2318456688189313e-07
3.654356123571835e-07
0.0
0.0
1.0281162089055051e-07
9.790410502236075e-06
0.0
0.0
0.0
0.0
0.0
0.0
0.0
0.0
0.0
0.00032249932420058003
0.00013694018577450914
5.106801391373351e-05
2.3985272055356973e-05
0.0
0.0
0.0
8.835641013870258e-08
0.0
6.229233030725991e-08
1.0307560855851792e-07
0.0
0.0
0.0
0.0
0.0
0.0
0.0
0.0
0.0
0.0
0.0
0.0
0.0
3.765165736021436e-05
3.8025690776305167e-06
2.5315255093265427e-05
7.06041055005333e-05
6.172298289441717e-05
0.0
0.0
1.9271591788022407e-07
1.2051293675387473e-08
4.175143892810967e-08
3.625037611358144e-07
9.474890347081446e-08
1.7208535870366445e-08
2.0359643755258115e-07
5.796758064706591e-07
0.0
0.0
0.0
0.0
0.0
0.0
0.0
0.0
0.0
0.0
0.0
0.0
0.0
0.0
0.0
0.0
0.0
0.0
0.0
0.0
0.0
0.0
0.0
0.0
0.0
0.0
0.0
0.0
0.0
0.0
0.0
0.0
0.0
0.0
0.0
0.0
0.0
0.0
0.0
0.0
0.0
0.0
0.0
0.0
0.0
0.0
0.0
0.0
0.0
0.0
0.0
0.0
0.0
0.0
0.0
0.0
0.0
8.162417727217721e-06
0.0
5.664816124529279e-08
0.0
0.0
0.0
4.3824157131675384e-08
8.925391945462121e-08
9.304363015022097e-08
6.894867908159049e-08
4.1377006978248964e-07
4.5506480232330495e-08
1.6562147624076637e-08
0.0
0.0
0.0
0.0
0.0
0.0
0.0
0.0
0.0
0.0
0.0
5.7012330411075726e-05
2.1258155149717833e-05
1.028280284985652e-05
1.6084047640622665e-05
4.084674718187781e-06
1.3481237265741226e-07
1.2246669860925488e-08
1.2556376952941458e-07
3.673932305139266e-08
1.7756711914531983e-07
3.374524059778673e-07
0.0
0.0
0.0
0.0
0.0
0.0
0.0
0.0
0.0
0.0
0.0
0.0
0.0
6.15951672941261e-05
2.635172570548259e-06
6.824229095422613e-08
0.0
6.353071717492933e-09
0.0
0.0
1.8104524074473867e-07
7.434558453363565e-08
2.3609811972151485e-07
9.409168926316699e-08
0.0
0.0
0.0
0.0
0.0
0.0
0.0
0.0
0.0
0.0
0.0
0.0
0.0
1.871442877243643e-07
0.0
5.823717366807077e-08
0.0
0.0
0.0
6.966804289789969e-08
1.0363412307580735e-07
5.71571094816403e-08
1.452017580895992e-07
1.5739186669580713e-07
0.0
0.0
0.0
0.0
0.0
0.0
0.0
0.0
0.0
0.0
0.0
0.0
0.0
1.4704455986683166e-05
0.0
7.64372859942657e-08
0.0
0.0
6.916042175869528e-08
9.558250443121722e-08
9.043800147863276e-08
5.229376486804395e-08
5.248034074689965e-08
2.1960772931183088e-07
3.5829350240810046e-08
6.3573369570928415e-09
0.0
0.0
0.0
0.0
0.0
0.0
0.0
0.0
0.0
0.0
0.0
0.0
0.0
0.0
0.0
0.0
0.0
0.0
0.0
0.0
0.0
0.0
0.0
0.0
0.0
0.0
0.0
0.0
0.0
0.0
0.0
0.0
0.0
0.0
0.0
0.0
0.0
0.0
0.0
0.0
0.0
0.0
0.0
0.0
0.0
0.0
0.0
0.0
0.0
0.0
0.0
0.0
0.0
0.0
0.0
0.0
0.0
0.0
0.0
0.0
0.0
5.114799444943469e-08
0.0
0.0
0.0
0.0
4.566117287009086e-08
7.305121630200282e-08
2.3565375710690264e-07
9.434264365821712e-08
0.0
0.0
0.0
0.0
0.0
0.0
0.0
0.0
0.0
0.0
0.0
0.0
0.0
0.0
0.0
0.0
0.0
0.0
0.0
0.0
0.0
8.568946055036746e-09
1.755650056674447e-07
3.426345590262851e-07
0.0
0.0
0.0
0.0
0.0
0.0
0.0
0.0
0.0
0.0
0.0
0.0
0.0
0.0
0.0
0.0
0.0
0.0
4.5539587477962494e-08
8.43461643963515e-09
0.0
3.5574456381652517e-07
6.462864064402303e-07
2.4663651538475424e-06
1.6884420395729153e-05
2.0648633482758288e-05
1.9126488952406015e-05
2.09429260451273e-05
0.0
0.0
0.0
0.0
0.0
0.0
0.0
0.0
0.0
7.951043776362254e-05
1.2946982798275406e-05
7.514066975035978e-08
0.0
0.0
0.0
0.0
5.228362071107494e-08
7.415369872703824e-08
8.93934298376602e-08
3.943941996723199e-07
2.4746307769229597e-08
0.0
0.0
0.0
0.0
0.0
0.0
0.0
0.0
0.0
0.0
0.0
0.0
0.00037649897518487205
0.0001417979157841846
2.606138745941116e-05
0.0
0.0
6.682835740287478e-08
4.386692301364048e-08
9.60210449872777e-08
8.259044856319848e-08
8.532380545151864e-08
4.4260968200965774e-07
9.368820650864709e-08
1.0391575347960099e-07
0.0
0.0
0.0
0.0
0.0
0.0
0.0
0.0
0.0
0.0
0.0
0.0
0.0
0.0
0.0
0.0
0.0
0.0
0.0
3.079702764199466e-09
2.081235487165784e-09
6.074493951309397e-09
0.0
0.0
0.0
0.0
0.0
0.0
0.0
0.0
0.0
0.0
0.0
0.0
0.0
0.0
0.0
0.0
0.0
0.0
0.0
0.0
0.0
0.0
0.0
0.0
0.0
1.885023729467549e-07
0.0
0.0
0.0
0.0
0.0
0.0
0.0
0.0
0.0
0.0
0.0
6.62114475964209e-08
0.0
5.268962172108481e-08
0.0
1.405916201676117e-08
2.4627733801470345e-08
3.1604187832147023e-09
2.363497172513089e-08
9.33845078765167e-09
5.7538112906815705e-09
1.8508230659116334e-07
0.0
0.0
0.0
0.0
0.0
0.0
0.0
0.0
0.0
0.0
0.0
0.0
0.0
1.0697034178841434e-07
0.0
0.0
1.8262607311749298e-08
5.965761358946296e-08
8.568946224821401e-08
9.28309398050026e-08
9.373227032287757e-08
9.824753683346849e-08
9.573812112591702e-08
4.2500888457941225e-07
1.6380246297536053e-08
0.0
0.0
0.0
0.0
0.0
0.0
0.0
0.0
0.0
0.0
0.0
0.0
1.2388462290919937e-07
0.0
0.0
0.0
0.0
0.0
0.0
9.579100722045478e-08
0.0
1.5088858802093033e-07
1.5845633706634442e-07
0.0
0.0
0.0
0.0
0.0
0.0
0.0
0.0
0.0
0.0
0.0
0.0
0.0
0.0
0.0
0.0
0.0
0.0
0.0
0.0
0.0
0.0
2.8695249319415457e-07
9.819214916041929e-08
0.0
0.0
0.0
0.0
0.0
0.0
0.0
0.0
0.0
0.0
0.0
0.0
0.0
1.5641459156623596e-05
0.0
6.116897350974775e-08
0.0
0.0
0.0
9.678011753040074e-09
3.2548496780157486e-08
4.520600306563915e-08
4.255319603110946e-08
1.1169459151533915e-07
0.0
0.0
0.0
0.0
0.0
0.0
0.0
0.0
0.0
0.0
0.0
0.0
0.0
0.0
0.0
0.0
0.0
0.0
0.0
0.0
0.0
0.0
0.0
0.0
0.0
0.0
2.0433515597831243e-07
0.0
0.0
0.0
0.0
0.0
0.0
0.0
0.0
0.0
0.0
0.0
0.0
0.0
0.0
0.0
0.0
0.0
0.0
0.0
0.0
0.0
0.0
9.358443746111932e-08
0.0
0.0
0.0
0.0
0.0
0.0
0.0
0.0
0.0
0.0
0.0
9.14998206062806e-08
0.0
0.0
0.0
1.0859288583911755e-08
4.359012744204769e-08
7.757765423018268e-08
8.878009909168592e-08
4.2435785976814e-08
5.0400842931076276e-08
2.812867772696764e-07
0.0
0.0
0.0
0.0
0.0
0.0
0.0
0.0
0.0
0.0
0.0
0.0
0.0
0.0
0.0
0.0
0.0
0.0
0.0
0.0
0.0
0.0
1.4325403942538016e-07
1.6353781487682943e-07
6.334166201171518e-08
0.0
0.0
0.0
0.0
0.0
0.0
0.0
0.0
0.0
0.0
0.0
0.0
0.00031720751740030626
0.00011735025230078308
2.1318914920253567e-05
0.0
0.0
0.0
2.2047609482235674e-08
2.7320837144654107e-07
6.792005904196435e-08
1.9730624415471914e-07
3.731174718429106e-07
3.7900985043746355e-08
0.0
0.0
3.86822752733037e-07
0.0
0.0
0.0
0.0
0.0
0.0
0.0
0.0
0.0
0.0011899587736907814
0.0003593319202598718
4.374474177258738e-05
0.0
0.0
0.0
0.0
0.0
0.0
1.2884350890125846e-07
3.1403482791845445e-07
0.0
0.0
0.0
0.0
0.0
0.0
0.0
0.0
0.0
0.0
0.0
0.0
0.0
0.0003096794109291623
9.188058845921728e-05
2.2766420387682777e-06
0.0
2.0829181181320312e-08
7.162200011670455e-08
8.052370779494332e-08
7.988597009257794e-08
6.593518107063246e-08
5.842668731331819e-08
3.8671969868517763e-07
7.052598136166317e-08
5.497004175875574e-08
0.0
0.0
0.0
0.0
0.0
0.0
0.0
0.0
0.0
0.0
0.0
0.0
0.0
0.0
0.0
0.0
0.0
0.0
0.0
0.0
0.0
0.0
0.0
0.0
0.0
0.0
0.0
0.0
0.0
0.0
0.0
0.0
0.0
0.0
0.0
0.0
0.0
0.0
0.0
0.0
0.0
0.0
0.0
0.0
0.0
0.0
0.0
2.391523471189332e-07
0.0
0.0
0.0
0.0
0.0
0.0
0.0
0.0
0.0
0.0
0.0
5.3021570758112396e-05
4.1167903801917444e-07
6.516794832800918e-08
0.0
1.1129122848280101e-08
7.596928945119952e-08
8.498033749373436e-08
2.0766171034220544e-07
8.301615854065515e-08
2.2284237956055444e-07
2.1784464358706674e-07
0.0
0.0
0.0
0.0
0.0
0.0
0.0
0.0
0.0
0.0
0.0
0.0
0.0
2.523024913812379e-06
0.0
6.755104350814484e-08
0.0
0.0
1.6910033394392727e-09
1.9344065493649593e-08
2.6816780023326428e-08
1.3192128450968273e-08
3.9326427344642956e-09
2.216714603376957e-07
1.1807779456447577e-08
0.0
0.0
0.0
0.0
0.0
0.0
0.0
0.0
0.0
0.0
0.0
0.0
1.137876327355565e-07
0.0
0.0
0.0
3.156861753483879e-08
1.2854707992432316e-08
2.615450850211214e-08
0.0
9.921087835543119e-09
1.2562620972371606e-08
1.1204218950860271e-08
3.714946006314625e-08
1.011054919981168e-08
0.0
0.0
0.0
0.0
0.0
0.0
0.0
0.0
0.0
0.0
0.0
1.6614163120038996e-07
0.0
0.0
0.0
9.20057487544814e-09
7.0031602044879856e-09
1.528052485974663e-08
0.0
0.0
0.0
3.2024280412963298e-09
3.3436740773031574e-09
0.0
0.0
0.0
0.0
0.0
0.0
0.0
0.0
0.0
0.0
0.0
0.0
3.797053915152643e-07
0.0
7.262365756009057e-08
6.869736442572206e-08
9.174729771643645e-08
1.0730051402111722e-07
1.1040809940333386e-07
1.1266925818140628e-07
9.5631059192322e-08
7.21606999716339e-08
3.811548838756913e-07
9.222141690036056e-08
8.04219147551543e-08
9.124779604428336e-08
1.2909700935205197e-07
0.0
0.0
0.0
0.0
0.0
0.0
0.0
0.0
0.0
0.0
0.0
0.0
0.0
0.0
0.0
0.0
0.0
0.0
0.0
0.0
0.0
0.0
0.0
0.0
0.0
0.0
0.0
0.0
0.0
0.0
0.0
0.0
0.0
0.0
0.0
0.0
0.0
0.0
0.0
0.0
0.0
0.0
0.0
0.0
0.0
0.0
0.0
0.0
0.0
0.0
0.0
0.0
0.0
0.0
0.0
0.0
0.0
1.7643033314342736e-05
5.176680849390917e-08
7.663212080160381e-08
0.0
0.0
1.1525646809023121e-08
1.1509142387260646e-08
2.8529255719962883e-08
6.306833652106974e-08
2.2425273354365902e-07
3.4107825323669727e-07
0.0
0.0
0.0
0.0
0.0
0.0
0.0
0.0
0.0
0.0
0.0
0.0
0.0
0.0
0.0
0.0
0.0
0.0
4.572746881038501e-09
5.07213429129384e-08
5.315503845775747e-09
3.428392710795975e-08
3.992191976921813e-08
2.5484024655922446e-07
0.0
0.0
0.0
0.0
0.0
0.0
0.0
0.0
0.0
0.0
0.0
0.0
0.0
2.1094740483933916e-07
0.0
0.0
0.0
0.0
1.878657706276846e-08
8.941830954116894e-08
8.895388047514345e-08
8.357321151357134e-08
6.313109984571405e-08
2.6223709473682257e-07
5.668783966475272e-08
2.0845022057684776e-08
0.0
0.0
0.0
0.0
0.0
0.0
0.0
0.0
0.0
0.0
0.0
6.389016667645625e-08
0.0
0.0
0.0
0.0
0.0
7.037981508701486e-08
4.0993013867487095e-08
3.783595933067051e-08
6.990140062112796e-08
3.0452309339250954e-07
7.01585589315212e-08
8.244977715462156e-08
2.6428449247909462e-08
0.0
0.0
0.0
0.0
0.0
0.0
0.0
0.0
0.0
0.0
2.41291664050713e-07
5.759006307535607e-08
6.722773060714778e-08
0.0
0.0
1.662656190612222e-08
2.6001106084903016e-08
2.6622995199189794e-08
2.1122380917631536e-08
2.2845003659162877e-08
2.033327929289509e-08
2.929111520675575e-08
5.0566368289844976e-08
3.6350872728538906e-08
0.0
0.0
0.0
0.0
0.0
0.0
0.0
0.0
0.0
0.0
0.0
0.0
0.0
0.0
0.0
0.0
0.0
0.0
0.0
0.0
5.041543314512682e-09
3.5944777622922438e-09
2.6271374229984492e-09
0.0
0.0
0.0
0.0
0.0
0.0
0.0
0.0
0.0
0.0
0.0
0.0
0.0
0.0
0.0
0.0
0.0
0.0
0.0
0.0
1.4697421470537938e-09
5.130039762842545e-09
2.230507323045886e-09
2.329121794202422e-09
0.0
0.0
2.200475496316121e-07
0.0
0.0
0.0
0.0
0.0
0.0
0.0
0.0
0.0
0.0
0.0
0.0
0.0
0.0
0.0
0.0
0.0
0.0
0.0
1.7897118887479188e-06
0.0
0.0
0.0
0.0
0.0
0.0
0.0
0.0
0.0
0.0
0.0
0.0
7.781137818049367e-08
0.0
0.0
0.0
0.0
0.0
0.0
0.0
0.0
0.0
2.1419487922437035e-07
0.0
0.0
0.0
0.0
0.0
0.0
0.0
0.0
0.0
0.0
0.0
0.0
0.0
1.3071618366929787e-07
5.8053152667413304e-08
5.3632515982112615e-08
0.0
0.0
0.0
1.9187321555797455e-09
1.524735482711534e-08
1.7989047724563502e-08
2.2229051025589573e-08
1.651565049428574e-07
2.6625748471548124e-08
6.8093533543629e-09
0.0
0.0
0.0
0.0
0.0
0.0
0.0
0.0
0.0
0.0
0.0
9.971280241028245e-08
0.0
5.1279982515500514e-08
0.0
0.0
1.0518474580811055e-08
2.5986766041397803e-08
1.7560223436411698e-08
0.0
0.0
1.1519917413222491e-07
3.5459668579913743e-09
0.0
0.0
0.0
0.0
0.0
0.0
0.0
0.0
0.0
0.0
0.0
0.0
7.870347906183657e-08
0.0
0.0
0.0
2.3730417500553165e-09
2.4080554171068203e-08
1.8106078302226244e-08
3.6880533851530346e-08
2.9591169498587714e-08
4.00327882588597e-08
2.2980353191601473e-07
1.2084392958595295e-08
1.6431860165522215e-08
0.0
0.0
0.0
0.0
0.0
0.0
0.0
0.0
0.0
0.0
0.0
0.0
0.0
0.0
0.0
0.0
0.0
0.0
0.0
0.0
0.0
0.0
0.0
0.0
0.0
0.0
0.0
0.0
0.0
0.0
0.0
0.0
0.0
0.0
0.0
0.0
0.0
0.0
0.0
0.0
0.0
0.0
0.0
0.0
0.0
1.4682523878034737e-09
7.1531020423432174e-09
3.576424788662461e-09
0.0
5.500180423059948e-07
0.0
0.0
0.0
0.0
0.0
0.0
0.0
0.0
0.0
4.653605098667331e-06
7.557917173198187e-08
6.433869613966869e-08
0.0
1.9767947302957187e-09
2.4605473129370204e-08
4.670038994741252e-08
1.5936918274432533e-08
3.666662970472219e-08
4.033589570717635e-08
3.249098479961582e-08
3.522460544125353e-08
7.913184339225672e-08
7.032601301220949e-08
0.0
0.0
0.0
0.0
0.0
0.0
0.0
0.0
0.0
0.0
2.427696811848625e-05
5.436124231127928e-08
8.75628174718855e-08
0.0
2.1044879745627422e-09
3.4819900332440306e-08
6.354341302068394e-08
4.7812701269465526e-08
6.392699631572374e-08
2.8244351630048706e-08
4.755894796648123e-08
4.607125052068689e-08
4.243528193854353e-08
2.792260169992026e-08
0.0
0.0
0.0
0.0
0.0
0.0
0.0
0.0
0.0
0.0
2.9908149558979653e-07
7.387449940145587e-08
5.998876106838469e-08
0.0
1.5991635218764832e-08
2.4353345585840594e-08
6.59621816859406e-08
5.655377137173326e-08
4.0055811390992394e-08
1.933188979190588e-08
5.7745261100143493e-08
5.3516686019960564e-08
7.59546706752448e-08
3.387483809594208e-08
8.873360307263574e-09
0.0
0.0
0.0
0.0
0.0
0.0
0.0
0.0
0.0
1.7092095857676163e-07
6.784746234560413e-08
5.2448638017038854e-08
0.0
1.339436332874282e-08
2.9826426033074786e-08
6.52321703091009e-08
5.694483550551424e-08
4.780035156225434e-08
1.9407563462205333e-08
1.36266687758834e-07
4.35189834834736e-08
5.189281219046881e-08
1.7113667394498908e-08
0.0
0.0
0.0
0.0
0.0
0.0
0.0
0.0
0.0
0.0
1.6621726756566899e-07
0.0
5.361280285732197e-08
0.0
1.949147984417272e-08
3.288266499780263e-08
2.501420943360648e-08
1.4658105623823763e-08
1.5379848142159013e-08
1.3966248192261914e-08
1.845300307554015e-08
2.6142635461346577e-08
2.5950149918231908e-08
9.05530526687314e-09
0.0
0.0
0.0
0.0
0.0
0.0
0.0
0.0
0.0
0.0
0.0
0.0
0.0
0.0
0.0
0.0
0.0
0.0
0.0
0.0
0.0
0.0
2.067286379963964e-06
3.7557097590928024e-06
0.0
0.0
0.0
0.0
0.0
0.0
0.0
0.0
0.0
0.0
0.0
0.0
0.0
0.0
0.0
0.0
0.0
0.0
0.0
1.0832454451182869e-09
3.5099082758896036e-09
3.1487912447098994e-09
5.866733011516981e-09
6.91504807244683e-10
0.0
0.0
0.0
0.0
0.0
0.0
0.0
0.0
0.0
0.0
7.033165579720918e-08
0.0
0.0
0.0
3.8913845084800075e-08
1.2471131852149513e-08
2.0364529380045243e-08
2.3061912105731817e-08
3.1928950694078416e-08
5.7555878173210955e-09
0.0
2.7609236910155346e-08
6.340456303647319e-08
2.351518898585053e-08
0.0
0.0
0.0
0.0
0.0
0.0
0.0
0.0
0.0
0.0
2.301442597240489e-07
0.0
5.373659321258668e-08
0.0
1.4703691151252234e-09
4.088910450167108e-08
2.1947190666731697e-08
3.888538302032503e-08
5.931664727366105e-09
0.0
0.0
0.0
1.9221929713627335e-08
4.353821895801972e-08
1.660386315788258e-08
0.0
0.0
0.0
0.0
0.0
0.0
0.0
0.0
0.0
2.2637622924331736e-07
6.390959607046415e-08
5.1153296173562805e-08
0.0
2.6965177300047072e-08
2.3916147756631905e-08
4.336543906599744e-08
3.718579780295256e-08
2.312551153251836e-08
1.0767313376575976e-08
3.546108102954722e-08
3.335435670548896e-08
4.307887959158685e-08
6.994658831455317e-08
8.668923405055262e-09
0.0
0.0
0.0
0.0
0.0
0.0
0.0
0.0
0.0
1.198894767348571e-07
0.0
0.0
0.0
3.26092349547201e-08
5.1285264595385625e-09
2.6250396177795538e-08
2.4228132133699207e-08
0.0
2.7611721541936975e-09
8.283527927012083e-09
3.076570324629042e-08
3.037926948907939e-08
1.2685685195172358e-08
0.0
0.0
0.0
0.0
0.0
0.0
0.0
0.0
0.0
0.0
1.0166221722318231e-07
0.0
0.0
0.0
0.0
1.4055912401978772e-08
2.3897593023336895e-08
1.2578285745555422e-08
5.0084247393253465e-09
1.4379293573860724e-08
1.356101509126123e-07
1.7152058195714413e-08
0.0
0.0
0.0
0.0
0.0
0.0
0.0
0.0
0.0
0.0
0.0
0.0
0.0
0.0
0.0
0.0
0.0
0.0
0.0
0.0
0.0
4.431506573280237e-09
0.0
0.0
4.5487891589708115e-09
0.0
0.0
0.0
0.0
0.0
0.0
0.0
0.0
0.0
0.0
0.0
0.0
0.0
0.0
0.0
0.0
5.316348351464891e-07
1.3892202480683756e-06
0.0
0.0
0.0
0.0
0.0
0.0
0.0
0.0
0.0
0.0
0.0
0.0
0.0
0.0
0.0
0.0
0.0
0.0
0.0
0.0
0.0
0.0
0.0
0.0
8.366535796063018e-09
0.0
9.878398010755352e-09
1.4001461889435924e-07
0.0
0.0
0.0
0.0
0.0
0.0
0.0
0.0
0.0
0.0
0.0
0.0
0.0
5.756300425723427e-08
0.0
0.0
0.0
0.0
0.0
0.0
5.26542771738938e-08
4.887545744971922e-09
1.6623443533289616e-08
2.513738437504208e-07
0.0
0.0
0.0
0.0
0.0
0.0
0.0
0.0
0.0
0.0
0.0
0.0
0.0
0.0
0.0
5.119162515412346e-08
0.0
0.0
4.113802633641214e-08
3.818189043533737e-08
3.168350506522639e-08
5.5829379549544496e-08
5.509190523275691e-08
1.5780288779370197e-07
4.703281936393327e-08
1.49978215740382e-08
0.0
0.0
0.0
0.0
0.0
0.0
0.0
0.0
0.0
0.0
0.0
1.332417847573816e-07
0.0
5.2520921468648635e-08
0.0
8.70823332358754e-09
2.0274749334352367e-08
1.2188160700209336e-08
5.188537487689609e-08
2.4604500945622203e-08
1.7553662989165576e-08
1.2366656733721923e-07
0.0
0.0
0.0
0.0
0.0
0.0
0.0
0.0
0.0
0.0
0.0
0.0
0.0
7.737958853197713e-08
0.0
5.088530174646819e-08
0.0
0.0
0.0
8.719609033369803e-09
2.340272193403418e-09
5.747657241249644e-09
1.3748352908101352e-08
2.7244107715301427e-08
5.478647157602058e-08
7.44329915452537e-08
4.395826399913323e-08
2.5601234411930865e-09
0.0
0.0
0.0
0.0
0.0
0.0
0.0
0.0
0.0
0.0
0.0
0.0
0.0
0.0
0.0
0.0
0.0
0.0
2.9358029353598534e-09
4.3364064381548394e-09
6.84296646464047e-09
8.474650166009755e-09
2.1839078083490746e-09
1.878659245446128e-09
3.0514096243464817e-07
0.0
0.0
0.0
0.0
0.0
0.0
0.0
0.0
0.0
0.0
0.0
0.0
0.0
0.0
0.0
0.0
0.0
7.1629337066919455e-09
1.4425486311504722e-08
6.945620388783912e-09
1.0056296529232117e-08
2.157182856672533e-09
0.0
3.0487322631824156e-07
0.0
0.0
0.0
0.0
0.0
0.0
0.0
0.0
5.957099888506737e-08
0.0
5.098716750803883e-08
0.0
0.0
1.2308372306001867e-08
1.870176678840602e-08
0.0
0.0
1.388141054924817e-09
8.328856408410184e-09
3.539214893656968e-08
0.0
0.0
0.0
0.0
0.0
0.0
0.0
0.0
0.0
0.0
0.0
0.0
7.376756033165207e-08
0.0
0.0
0.0
0.0
1.5733057251617613e-08
3.94313555770526e-08
2.5061208332583234e-08
5.444256752556239e-08
3.294991431859118e-08
2.090712422185009e-07
0.0
0.0
0.0
0.0
0.0
0.0
0.0
0.0
0.0
0.0
0.0
0.0
0.0
6.932964921627976e-08
0.0
0.0
0.0
0.0
0.0
0.0
0.0
1.4876023094236798e-09
2.3134547186117722e-08
2.2544179306658286e-07
0.0
0.0
0.0
0.0
0.0
0.0
0.0
0.0
0.0
0.0
0.0
0.0
0.0
1.1555000096941944e-07
0.0
0.0
0.0
5.108976526361089e-09
2.440378051362781e-08
0.0
0.0
0.0
0.0
0.0
1.6779526977107178e-08
4.5120641276774375e-09
0.0
0.0
0.0
0.0
0.0
0.0
0.0
0.0
0.0
0.0
0.0
1.2079723096779566e-07
0.0
0.0
0.0
4.385172336789299e-08
8.165749476515957e-09
6.575869282791092e-08
1.599190985734142e-08
6.83861615499568e-09
2.7265897544410863e-08
5.655720951095109e-09
2.602984602497046e-08
3.098760669387185e-08
5.135585889598114e-08
1.360813667155038e-09
0.0
0.0
0.0
0.0
0.0
0.0
0.0
0.0
0.0
0.0
0.0
0.0
0.0
0.0
0.0
0.0
0.0
0.0
0.0
3.2598290413856836e-09
3.1788463033751847e-06
8.063759350067345e-06
0.0
0.0
0.0
0.0
0.0
0.0
0.0
0.0
0.0
0.0
0.0
0.0
0.0
0.0
0.0
0.0
0.0
0.0
0.0
0.0
0.0
0.0
0.0
0.0
0.0
0.0
0.0
0.0
0.0
0.0
0.0
0.0
0.0
0.0
0.0
0.0
0.0
0.0
0.0
0.0
0.0
0.0
0.0
0.0
1.170623112077278e-08
4.232420320155162e-08
0.0
0.0
0.0
0.0
0.0
0.0
0.0
0.0
0.0
0.0
0.0
0.0
0.0
0.0
0.0
0.0
0.0
0.0
0.0
0.0
0.0
0.0
2.9150337230540737e-09
7.026626690365374e-09
9.801459336892515e-09
6.883212402789719e-09
3.994209937337523e-09
0.0
0.0
0.0
0.0
0.0
0.0
0.0
0.0
0.0
0.0
4.653130675917968e-08
2.976636201465759e-07
0.0
0.0
0.0
0.0
0.0
0.0
1.881743093283649e-08
4.0141512447675865e-08
1.8430384094351847e-08
5.313556490387213e-09
0.0
0.0
0.0
0.0
0.0
0.0
0.0
0.0
0.0
0.0
0.0
0.0
6.803392451634567e-08
4.259273302154044e-07
0.0
0.0
0.0
0.0
0.0
0.0
0.0
2.515737542302831e-07
0.0
0.0
8.44928640645607e-08
0.0
1.0759187137179815e-07
0.0
0.0
0.0
0.0
0.0
0.0
0.0
0.0
0.0
0.0
4.7527886975004595e-08
0.0
0.0
0.0
0.0
0.0
1.6657455207485769e-07
0.0
1.3831369991539936e-07
0.0
0.0
5.5006366693308326e-08
0.0
6.051261796814683e-08
0.0
0.0
0.0
0.0
0.0
0.0
0.0
0.0
0.0
0.0
0.0
0.0
0.0
0.0
0.0
0.0
0.0
0.0
0.0
0.0
0.0
0.0
0.0
0.0
0.0
0.0
0.0
0.0
0.0
0.0
0.0
0.0
0.0
0.0
0.0
0.0
0.0
0.0
0.0
0.0
0.0
0.0
0.0
0.0
0.0
0.0
0.0
0.0
0.0
0.0
0.0
0.0
0.0
0.0
0.0
0.0
0.0
4.359935127099254e-08
6.56281629739962e-08
0.0
0.0
0.0
0.0
0.0
1.1885168615010511e-07
0.0
1.230159062935323e-07
9.261564770832769e-09
0.0
0.0
0.0
0.0
0.0
0.0
0.0
0.0
0.0
0.0
0.0
0.0
0.0
4.2976253194771956e-08
6.866784507889224e-08
0.0
0.0
0.0
0.0
0.0
0.0
0.0
0.0
0.0
0.0
0.0
0.0
0.0
0.0
0.0
0.0
0.0
0.0
0.0
0.0
0.0
0.0
4.157503917968797e-08
6.805719486762693e-08
0.0
0.0
0.0
0.0
0.0
0.0
2.6854190103958125e-08
2.658290142617193e-08
2.8624094094756943e-08
0.0
0.0
0.0
0.0
0.0
0.0
0.0
0.0
0.0
0.0
0.0
0.0
0.0
0.0
6.623840143367704e-08
0.0
0.0
0.0
0.0
0.0
0.0
1.7093699560993704e-08
3.0337501925004626e-08
3.787672227736828e-08
4.398966462338623e-08
0.0
0.0
0.0
1.2681247083060521e-07
0.0
0.0
0.0
0.0
0.0
0.0
0.0
0.0
0.0
6.300060183832253e-08
0.0
0.0
0.0
0.0
0.0
1.353543893904084e-07
0.0
0.0
0.0
0.0
0.0
0.0
0.0
0.0
0.0
0.0
0.0
0.0
0.0
0.0
0.0
0.0
0.0
0.0
0.0
0.0
0.0
0.0
0.0
0.0
0.0
0.0
2.24554590028175e-09
0.0
0.0
0.0
0.0
0.0
0.0
0.0
0.0
0.0
0.0
0.0
0.0
0.0
0.0
0.0
0.0
0.0
0.0
0.0
0.0
0.0
0.0
0.0
0.0
0.0
0.0
0.0
0.0
0.0
0.0
0.0
0.0
0.0
0.0
0.0
0.0
0.0
7.360587702502973e-08
5.596644980976923e-07
0.0
0.0
0.0
0.0
0.0
0.0
3.229743808655386e-08
7.873169044799911e-09
3.998671981151536e-08
2.0674664707037943e-08
0.0
0.0
0.0
0.0
0.0
0.0
0.0
0.0
0.0
0.0
0.0
0.0
5.3032874099963283e-08
4.072979978282718e-07
0.0
0.0
0.0
0.0
0.0
0.0
0.0
0.0
0.0
0.0
0.0
0.0
0.0
0.0
0.0
0.0
0.0
0.0
0.0
0.0
0.0
0.0
0.0
0.0
0.0
0.0
0.0
0.0
0.0
1.1648059674425094e-08
6.911625290012825e-08
3.7932137830009536e-08
6.740310404701302e-08
4.930150809135436e-08
0.0
0.0
0.0
0.0
0.0
0.0
0.0
0.0
0.0
0.0
0.0
0.0
5.130558351816432e-08
3.651499104856819e-08
0.0
0.0
0.0
0.0
0.0
0.0
0.0
1.2472837607150752e-07
0.0
0.0
7.554281311025003e-08
0.0
0.0
0.0
0.0
0.0
0.0
0.0
0.0
0.0
0.0
0.0
0.0
0.0
0.0
0.0
0.0
0.0
0.0
1.2475386695216291e-07
0.0
1.0259472326576974e-07
0.0
0.0
8.874034418979363e-08
0.0
0.0
0.0
0.0
0.0
0.0
0.0
0.0
0.0
0.0
0.0
0.0
0.0
0.0
0.0
0.0
0.0
0.0
0.0
0.0
0.0
6.134006813834828e-09
2.1007664139827865e-09
2.86971599838645e-09
0.0
0.0
0.0
0.0
0.0
0.0
0.0
0.0
0.0
0.0
0.0
0.0
0.0
0.0
0.0
0.0
0.0
0.0
0.0
0.0
4.058680159459251e-09
5.497801235481529e-09
8.856187579785721e-09
0.0
0.0
0.0
0.0
0.0
0.0
0.0
0.0
0.0
0.0
0.0
0.0
0.0
3.625284049814653e-08
0.0
0.0
0.0
0.0
0.0
0.0
1.250432110694233e-07
1.3495440772236965e-07
0.0
0.0
0.0
0.0
0.0
0.0
0.0
0.0
0.0
0.0
0.0
0.0
0.0
0.0
7.374679570035836e-08
0.0
0.0
0.0
0.0
0.0
0.0
0.0
0.0
1.1171198333483703e-07
2.2057202362718214e-08
0.0
0.0
0.0
0.0
0.0
0.0
0.0
0.0
0.0
0.0
0.0
0.0
0.0
1.2297021070597956e-07
0.0
0.0
0.0
0.0
0.0
0.0
0.0
0.0
0.0
0.0
0.0
0.0
0.0
0.0
0.0
0.0
0.0
0.0
0.0
0.0
0.0
0.0
0.0
6.156705385942724e-08
0.0
0.0
0.0
0.0
0.0
0.0
0.0
0.0
1.2089572217212074e-07
2.9025677847605347e-08
3.230036176240618e-08
0.0
0.0
0.0
0.0
0.0
0.0
0.0
0.0
0.0
0.0
0.0
0.0
7.851300380074571e-08
0.0
0.0
0.0
0.0
0.0
5.3443268993976336e-09
1.9736667241675348e-08
4.4711553915000065e-08
7.384126976806439e-08
5.18650523362762e-08
3.34118363634757e-08
0.0
0.0
0.0
0.0
0.0
0.0
0.0
0.0
0.0
0.0
0.0
0.0
0.0
0.0
0.0
0.0
0.0
0.0
0.0
0.0
6.029171174358275e-09
1.0288513923195603e-08
8.257879126001595e-09
1.3504004971938235e-08
8.020529527571723e-09
1.2967510405433573e-08
0.0
0.0
0.0
0.0
0.0
0.0
0.0
0.0
0.0
0.0
0.0
0.0
0.0
0.0
0.0
0.0
0.0
0.0
3.541294801669339e-09
4.354411311951181e-09
3.6761054280995324e-09
6.835900755722313e-09
6.072721832723753e-09
7.49582859656541e-09
2.38402577616436e-09
0.0
0.0
0.0
0.0
0.0
0.0
0.0
0.0
0.0
0.0
6.571853490168269e-08
0.0
0.0
0.0
0.0
4.7185142585460006e-09
2.450353702617661e-08
5.762521517878368e-08
7.140874945039671e-08
4.3633230767043164e-08
2.7296663697697562e-08
0.0
0.0
0.0
0.0
0.0
0.0
0.0
0.0
0.0
0.0
0.0
0.0
0.0
7.534588869813307e-08
0.0
0.0
0.0
0.0
0.0
1.5516981346473504e-07
0.0
1.2178977494226114e-07
0.0
0.0
0.0
0.0
0.0
0.0
0.0
0.0
0.0
0.0
0.0
0.0
0.0
0.0
7.005464547183226e-08
3.778918102480051e-07
0.0
0.0
0.0
0.0
0.0
1.385382803750549e-07
0.0
1.0472934784164748e-07
0.0
0.0
0.0
0.0
0.0
0.0
0.0
0.0
0.0
0.0
0.0
0.0
0.0
0.0
0.0
9.452385853112574e-08
0.0
0.0
0.0
0.0
0.0
0.0
0.0
0.0
0.0
0.0
0.0
0.0
0.0
0.0
0.0
0.0
0.0
0.0
0.0
0.0
0.0
0.0
0.0
8.89569975150872e-08
0.0
0.0
0.0
0.0
0.0
0.0
0.0
3.973559548900297e-09
3.096485570908297e-08
0.0
0.0
0.0
0.0
0.0
0.0
0.0
0.0
0.0
0.0
0.0
0.0
0.0
0.0
0.0
0.0
0.0
0.0
0.0
0.0
0.0
0.0
4.454340252715624e-09
1.6088787076063475e-09
3.5360733333184703e-09
1.5129954529883703e-09
1.8156578652641804e-09
0.0
0.0
0.0
0.0
0.0
0.0
0.0
0.0
0.0
0.0
0.0
0.0
0.0
0.0
0.0
0.0
0.0
0.0
4.6274219694869696e-10
7.1331498988440555e-09
4.555905976242987e-09
9.175990440144677e-09
8.094131810826891e-09
4.852221494187397e-09
0.0
0.0
0.0
0.0
0.0
0.0
0.0
0.0
0.0
0.0
0.0
6.542823913350989e-08
0.0
0.0
0.0
0.0
0.0
0.0
0.0
1.2234362082589672e-07
0.0
0.0
0.0
0.0
0.0
0.0
0.0
0.0
0.0
0.0
0.0
0.0
0.0
0.0
7.475137323349097e-08
0.0
0.0
0.0
0.0
0.0
0.0
1.2236491169440753e-07
0.0
0.0
0.0
0.0
0.0
0.0
3.060409305814283e-07
0.0
0.0
0.0
0.0
0.0
0.0
0.0
0.0
0.0
6.289830380819957e-07
8.440804641170636e-05
5.982746388697166e-06
0.0
0.0
0.0
0.0
1.3735185162565584e-07
0.0
5.1052264990832835e-08
3.9198203372592753e-08
3.833062348897732e-08
0.0
0.0
3.918423758523889e-07
0.0
0.0
0.0
0.0
0.0
0.0
0.0
0.0
0.0
6.266563118984666e-07
8.970248939639902e-05
4.412764470720146e-06
0.0
0.0
0.0
0.0
1.3838154000744076e-07
2.810279239054753e-08
8.594740696303615e-08
1.2840361946166905e-07
0.0
0.0
0.0
3.012711936577773e-07
0.0
0.0
0.0
0.0
0.0
0.0
0.0
0.0
0.0
2.851278410154738e-07
2.9510316317374655e-05
0.0
0.0
0.0
0.0
0.0
1.3367148430921982e-07
5.721185630489794e-08
1.7280220775538308e-07
6.450934632917218e-08
8.024591985585687e-08
0.0
0.0
1.2208670364144583e-07
0.0
0.0
0.0
0.0
0.0
0.0
0.0
0.0
0.0
0.0
0.0
0.0
0.0
0.0
0.0
0.0
0.0
0.0
0.0
0.0
6.815991642318598e-09
0.0
0.0
0.0
0.0
0.0
0.0
0.0
0.0
0.0
0.0
0.0
0.0
0.0
0.0
0.0
6.310706584432089e-07
0.0
0.0
0.0
0.0
0.0
8.200553873668945e-09
1.3955330723323515e-08
7.713105047402215e-09
2.064974768264105e-09
0.0
3.167470314320971e-07
0.0
0.0
0.0
0.0
0.0
0.0
0.0
0.0
0.0
2.0644840890309363e-07
0.0
0.0
0.0
0.0
0.0
0.0
1.4870195739038632e-07
0.0
1.0287672024573602e-07
0.0
0.0
0.0
0.0
0.0
0.0
0.0
0.0
0.0
0.0
0.0
0.0
0.0
0.0
0.0
0.0
0.0
0.0
0.0
0.0
0.0
1.376236350908291e-07
0.0
1.0956528618155744e-07
0.0
0.0
0.0
0.0
0.0
0.0
0.0
0.0
0.0
0.0
0.0
0.0
0.0
0.0
1.3671961077282742e-07
3.7756412808971333e-07
0.0
0.0
0.0
0.0
0.0
1.223696328184942e-07
0.0
1.0183653038169284e-07
0.0
0.0
0.0
0.0
0.0
0.0
0.0
0.0
0.0
0.0
0.0
0.0
0.0
0.0
8.339040901135013e-08
0.0
0.0
0.0
0.0
0.0
0.0
0.0
0.0
1.1559931939650385e-07
1.3089759412777937e-08
0.0
0.0
0.0
0.0
0.0
0.0
0.0
0.0
0.0
0.0
0.0
0.0
0.0
5.905111534287229e-08
0.0
0.0
0.0
0.0
0.0
0.0
1.4858485886712705e-07
0.0
1.0884107891687298e-07
0.0
0.0
0.0
0.0
0.0
0.0
0.0
0.0
0.0
0.0
0.0
0.0
0.0
0.0
0.0
0.0
0.0
0.0
0.0
0.0
0.0
0.0
0.0
0.0
0.0
0.0
0.0
0.0
0.0
0.0
0.0
0.0
0.0
0.0
0.0
0.0
0.0
0.0
0.0
0.0
0.0
0.0
0.0
0.0
0.0
0.0
5.62147295570362e-09
2.448779414887899e-09
6.2748235168183875e-09
3.2050947171346808e-09
5.417437057869927e-09
0.0
0.0
0.0
0.0
0.0
0.0
0.0
0.0
0.0
0.0
0.0
5.34501414641581e-08
0.0
0.0
0.0
0.0
0.0
0.0
1.3985334695849596e-08
8.945564329804555e-09
3.251963289729355e-08
4.357970306106304e-08
2.1015288137179973e-08
0.0
0.0
0.0
0.0
0.0
0.0
0.0
0.0
0.0
0.0
0.0
0.0
7.746681807896376e-08
0.0
0.0
0.0
0.0
0.0
0.0
1.2737451283826943e-07
0.0
0.0
2.607940786294952e-08
0.0
0.0
0.0
0.0
0.0
0.0
0.0
0.0
0.0
0.0
0.0
0.0
0.0
0.0
0.0
0.0
0.0
0.0
0.0
0.0
9.690682669012633e-09
2.1452775790377644e-08
1.2679644298484232e-08
0.0
0.0
0.0
0.0
0.0
0.0
0.0
0.0
0.0
0.0
0.0
0.0
0.0
0.0
5.299643428308491e-08
2.4092831362778164e-07
0.0
0.0
0.0
0.0
0.0
1.9334742903987112e-07
0.0
1.0513635902273791e-07
0.0
0.0
0.0
0.0
0.0
0.0
0.0
0.0
0.0
0.0
0.0
0.0
0.0
0.0
0.0
4.612511860522643e-08
0.0
0.0
0.0
0.0
0.0
0.0
2.6345929003554716e-08
3.696308741810665e-08
1.0184092028289717e-07
0.0
0.0
0.0
0.0
0.0
0.0
0.0
0.0
0.0
0.0
0.0
0.0
0.0
0.0
0.0
0.0
0.0
0.0
0.0
0.0
0.0
4.205566192506568e-09
9.189686558693293e-09
1.1395681493839054e-08
1.1385967715576358e-08
8.79135940877318e-09
0.0
0.0
0.0
0.0
0.0
0.0
0.0
0.0
0.0
0.0
0.0
0.0
0.0
0.0
0.0
0.0
0.0
0.0
1.5025255912968992e-09
4.013355272100764e-09
5.925142721269486e-09
7.223000008474704e-09
9.118556841402e-09
7.399907140083215e-09
1.9705296432876784e-09
0.0
0.0
0.0
0.0
0.0
0.0
0.0
0.0
0.0
0.0
0.0
0.0
0.0
0.0
0.0
0.0
0.0
2.7810253306948137e-08
2.379059433849194e-08
2.5044621831841956e-08
4.003172151934107e-08
2.2568281253647997e-08
0.0
0.0
0.0
0.0
0.0
0.0
0.0
0.0
0.0
0.0
0.0
0.0
0.0
3.908545969873425e-08
0.0
0.0
0.0
0.0
0.0
0.0
0.0
1.0209249125012028e-08
1.0003670046535792e-08
1.2160808443430895e-08
0.0
0.0
0.0
0.0
0.0
0.0
0.0
0.0
0.0
0.0
0.0
0.0
0.0
9.572980810436158e-08
0.0
0.0
0.0
0.0
0.0
0.0
0.0
1.1554364389879894e-07
0.0
0.0
0.0
0.0
0.0
0.0
0.0
0.0
0.0
0.0
0.0
0.0
0.0
0.0
4.17391729707487e-08
2.4088712339499706e-07
0.0
0.0
0.0
0.0
0.0
3.149020185826543e-08
1.7393668912896132e-08
2.6076380158295023e-08
3.0908265928956964e-08
1.6497664745857805e-08
0.0
0.0
0.0
0.0
0.0
0.0
0.0
0.0
0.0
0.0
0.0
0.0
0.0
0.0
0.0
0.0
0.0
0.0
0.0
1.2120402342817085e-07
1.6014087588845312e-08
1.4263082668898195e-07
3.702799034672989e-08
0.0
0.0
0.0
0.0
0.0
0.0
0.0
0.0
0.0
0.0
0.0
0.0
0.0
0.0
0.0
0.0
0.0
0.0
0.0
0.0
0.0
0.0
0.0
0.0
0.0
0.0
0.0
0.0
0.0
0.0
0.0
0.0
0.0
0.0
0.0
0.0
0.0
0.0
0.0
0.0
0.0
0.0
0.0
0.0
0.0
0.0
0.0
0.0
0.0
0.0
0.0
0.0
0.0
0.0
0.0
0.0
0.0
0.0
0.0
0.0
0.0
0.0
0.0
0.0
0.0
0.0
0.0
0.0
0.0
0.0
0.0
0.0
0.0
0.0
0.0
0.0
0.0
0.0
0.0
0.0
0.0
0.0
0.0
0.0
0.0
7.485186586564958e-08
0.0
0.0
0.0
0.0
0.0
0.0
0.0
0.0
1.4014966582929057e-07
1.4989300661489523e-07
0.0
0.0
0.0
0.0
0.0
0.0
0.0
0.0
0.0
0.0
0.0
0.0
0.0
0.0
0.0
0.0
0.0
0.0
2.4189993423023694e-08
6.68186618740821e-08
7.808181790328075e-08
6.532918061042879e-08
4.7501412803194005e-08
2.257210729526028e-07
1.8616111494240163e-08
0.0
0.0
0.0
0.0
0.0
0.0
0.0
0.0
0.0
0.0
0.0
0.0
8.165374133425484e-08
0.0
0.0
0.0
2.319949417941205e-09
1.7059866351095612e-08
1.781620953452121e-08
2.939682286179551e-08
1.2048239379600161e-08
1.2048268971319682e-08
1.6983833641792665e-07
3.586093343910177e-08
5.1919650431351585e-09
0.0
0.0
0.0
0.0
0.0
0.0
0.0
0.0
0.0
0.0
0.0
8.682927900136409e-08
0.0
0.0
0.0
0.0
0.0
0.0
0.0
6.724693886854628e-09
1.3746900741553306e-08
1.7872394052962096e-07
0.0
0.0
0.0
0.0
0.0
0.0
0.0
0.0
0.0
0.0
0.0
0.0
0.0
0.0
0.0
0.0
0.0
0.0
0.0
0.0
0.0
0.0
0.0
0.0
0.0
0.0
0.0
0.0
0.0
0.0
0.0
0.0
0.0
0.0
0.0
0.0
0.0
0.0
0.0
0.0
0.0
0.0
0.0
0.0
0.0
0.0
3.552614804631008e-09
5.288468324647136e-09
0.0
0.0
0.0
0.0
0.0
0.0
0.0
0.0
0.0
0.0
0.0
0.0
0.0
2.4490714206890115e-07
5.6569802597321486e-08
7.639061871486439e-08
4.0487568193319105e-09
3.926877698167545e-08
5.900453048043234e-08
4.5733174082483995e-08
6.462454483522561e-08
1.000480590586257e-07
1.1781587939588014e-07
2.7240648900438505e-07
7.36793037144582e-08
5.790388512533946e-08
1.1895844743792303e-07
4.856627618553308e-08
0.0
0.0
0.0
0.0
0.0
0.0
0.0
0.0
0.0
4.872304422645881e-06
0.0
7.789437826483894e-08
0.0
4.346555445887249e-08
6.03856736328756e-08
5.765770853388812e-08
5.765724871896597e-08
5.975292698045929e-08
1.065536614348217e-07
3.4421681933557206e-07
9.14069588104634e-08
4.5874842809284595e-08
0.0
0.0
0.0
0.0
0.0
0.0
0.0
0.0
0.0
0.0
0.0
2.5537045880002515e-06
0.0
7.850675434503312e-08
0.0
1.9371978883944998e-08
5.8061213995121866e-08
5.6091285245108555e-08
6.798124697131174e-08
7.090233319512091e-08
7.383035426513706e-08
4.288618613367734e-07
1.0454767693033515e-07
5.12195227401652e-08
0.0
0.0
0.0
0.0
0.0
0.0
0.0
0.0
0.0
0.0
0.0
1.072363743459128e-07
0.0
0.0
0.0
0.0
0.0
0.0
0.0
0.0
1.4061839087545877e-07
1.5169490404813638e-07
0.0
0.0
0.0
0.0
0.0
0.0
0.0
0.0
0.0
0.0
0.0
0.0
0.0
4.505183687137633e-08
0.0
0.0
0.0
0.0
0.0
0.0
0.0
0.0
0.0
7.379775540553205e-10
0.0
0.0
0.0
0.0
0.0
0.0
0.0
0.0
0.0
0.0
0.0
0.0
0.0
0.0
0.0
0.0
0.0
0.0
0.0
3.914199148232702e-10
1.982548748044538e-09
1.6007147077860664e-09
2.1096461973370823e-09
2.031209331004357e-09
1.271862701818911e-09
0.0
0.0
3.296740915135685e-07
0.0
0.0
0.0
0.0
0.0
0.0
0.0
0.0
0.0
0.0
0.0
0.0
0.0
0.0
0.0
0.0
0.0
0.0
0.0
0.0
0.0
0.0
0.0
0.0
0.0
0.0
0.0
0.0
0.0
0.0
0.0
0.0
0.0
0.00010181794131064188
1.595568863423651e-05
9.340844087984308e-08
0.0
4.491200864194679e-08
9.832048439695404e-08
8.179083087376491e-08
1.1166046654558968e-07
1.1711828030594013e-07
1.183327172552888e-07
3.2961515814986445e-07
7.100670140792785e-08
6.140113333084624e-08
1.0492770291954572e-07
5.377582111561107e-08
0.0
0.0
0.0
0.0
0.0
0.0
0.0
0.0
0.0
8.555523995892773e-05
5.759074813262826e-06
9.61933981168481e-08
0.0
2.895775122886192e-08
5.253174495464127e-08
9.250360464211143e-08
7.961033986254414e-08
9.606071128379606e-08
1.184897746441718e-07
2.529397698240515e-07
7.975120398463574e-08
7.319713670625915e-08
0.0
0.0
0.0
0.0
0.0
0.0
0.0
0.0
0.0
0.0
0.0
6.060343179609443e-08
0.0
5.2741712715680594e-08
0.0
0.0
0.0
1.7331966250431923e-08
2.7191205991054976e-08
3.5800549892315225e-08
0.0
1.7332265737865165e-08
0.0
0.0
0.0
0.0
0.0
0.0
0.0
0.0
0.0
0.0
0.0
0.0
0.0
7.143667115537978e-08
0.0
0.0
0.0
0.0
0.0
9.892122710249432e-09
0.0
0.0
0.0
1.217989530404238e-07
2.048254172556162e-08
1.5478363757391574e-08
0.0
0.0
0.0
0.0
0.0
0.0
0.0
0.0
0.0
0.0
0.0
7.218392065693731e-08
0.0
0.0
0.0
0.0
2.7595685429089592e-09
1.5652713394214073e-08
6.2803188255993e-09
0.0
2.811701182347841e-09
1.64879308171717e-07
3.329754726845195e-08
0.0
0.0
0.0
0.0
0.0
0.0
0.0
0.0
0.0
0.0
0.0
0.0
0.0
0.0
0.0
0.0
0.0
0.0
2.007089912063141e-09
1.6919677940186421e-09
6.19872630045481e-09
1.0265821163435212e-08
7.2854050922620766e-09
1.0673490445707368e-08
1.3025596556414692e-09
0.0
0.0
0.0
0.0
0.0
0.0
0.0
0.0
0.0
0.0
0.0
0.0
0.0
0.0
0.0
0.0
0.0
1.1711024131998777e-09
8.578063192575243e-09
5.588023958954025e-09
8.636717468392763e-09
7.957146931654445e-09
9.906186172968572e-09
1.2707298479978403e-09
0.0
7.375896435683238e-08
0.0
0.0
0.0
0.0
0.0
0.0
0.0
0.0
0.0
5.533199602820675e-08
0.0
0.0
0.0
0.0
1.5431149877722237e-08
1.2886548019366589e-08
3.349134646874702e-08
3.0220003947647405e-08
4.908737268832855e-08
3.032495161801963e-07
7.515365432523037e-08
8.861783177346136e-08
0.0
0.0
0.0
0.0
0.0
0.0
0.0
0.0
0.0
0.0
0.0
1.7520331135892504e-06
0.0
7.375952056818118e-08
4.48161433238873e-08
1.0734465314356846e-07
9.042130441158677e-08
9.8047136992981e-08
9.964741613490157e-08
9.316941138128235e-08
9.296264988440196e-08
1.779664226585466e-07
9.249643257342235e-08
8.237874430185481e-08
1.0962418176420934e-07
8.491597559104754e-08
0.0
0.0
0.0
0.0
0.0
0.0
0.0
0.0
0.0
6.516688909392428e-05
1.8603044930836793e-06
8.43225960968063e-08
6.118608385167974e-08
1.1334318084912595e-07
6.782731403259985e-08
9.331969218864308e-08
7.951319470142525e-08
8.181462811284e-08
7.239921276947997e-08
2.7228641079220573e-07
6.743078765678916e-08
1.4944363343303275e-07
9.287644772497706e-08
0.0
0.0
0.0
0.0
0.0
0.0
0.0
0.0
0.0
0.0
2.8273226429907137e-05
0.0
7.966813025818082e-08
1.5729705807299662e-08
6.337305017980441e-08
7.909469892146634e-08
1.0822867057759477e-07
6.089859127572674e-08
5.2230793231911695e-08
5.3716838070061416e-08
2.1434470148622688e-07
1.0359934621233003e-07
7.523533331043243e-08
0.0
0.0
0.0
0.0
0.0
0.0
0.0
0.0
0.0
0.0
0.0
7.361764792525234e-06
5.4393395430633826e-08
8.71644061849427e-08
4.38056612835062e-09
4.5612245994977575e-08
6.242318405316823e-08
9.805334067030825e-08
1.39324628727433e-07
1.2284295761652396e-07
1.230478703013456e-07
3.204970525214911e-07
1.5552701055862918e-07
1.2785555768098803e-07
9.819141251717456e-08
1.916412721091681e-08
0.0
0.0
0.0
0.0
0.0
0.0
0.0
0.0
0.0
0.0
0.0
0.0
0.0
0.0
0.0
0.0
7.289413282658067e-09
1.8583498813847076e-09
1.7765778240442917e-09
7.967356996804167e-10
0.0
0.0
0.0
0.0
0.0
0.0
0.0
0.0
0.0
0.0
0.0
0.0
0.0
0.0
0.0
0.0
0.0
0.0
0.0
0.0
7.237610683956053e-10
0.0
0.0
0.0
0.0
0.0
0.0
0.0
0.0
0.0
0.0
0.0
0.0
0.0
0.0
0.0
0.0
0.0003381799530494805
0.00014687413076233438
1.7368527487138587e-05
0.0
0.0
3.440450501065298e-08
5.833335724508165e-08
4.000199586035659e-08
7.49192550762978e-08
9.228749632555315e-08
2.829813556804493e-07
8.647082040750016e-08
8.246490036553989e-08
0.0
5.5342271157374226e-08
0.0
0.0
0.0
0.0
0.0
0.0
0.0
0.0
0.0
0.0001742027570714855
8.367142070082794e-05
1.1165679711841876e-05
0.0
0.0
1.8086242726205208e-08
4.609665988884127e-08
5.849275780498187e-08
6.353404614420224e-08
2.0215628350673166e-07
3.1223415948808324e-07
1.1259423229509404e-07
3.554001762764998e-08
0.0
2.1483376030736396e-07
0.0
0.0
0.0
0.0
0.0
0.0
0.0
0.0
0.0
0.0002230326807051038
0.00012429771238085764
2.4622286840059377e-05
0.0
0.0
1.2368008797142845e-08
5.0473792573233755e-08
6.435328871801018e-08
1.0091938529614072e-07
1.9109295860290472e-07
1.9686163685979433e-07
4.541949650813267e-08
0.0
0.0
0.0
0.0
0.0
0.0
0.0
0.0
0.0
0.0
0.0
0.0
3.6590699215300826e-05
4.6589030050209236e-07
6.996586488650589e-08
0.0
0.0
9.028305267232717e-09
6.986956179379366e-08
8.194367024063595e-08
6.093597479378754e-08
7.487019722898603e-08
1.6299977080322046e-07
3.964400920435634e-08
0.0
0.0
0.0
0.0
0.0
0.0
0.0
0.0
0.0
0.0
0.0
0.0
8.328002458251383e-06
0.0
6.93208963413997e-08
0.0
0.0
6.842068951230678e-08
8.990762710142258e-08
7.888046236169649e-08
4.8164798556026496e-08
4.26112035289535e-08
2.1953198218983445e-07
8.212604601214071e-08
2.9145826020582192e-08
0.0
5.906757913849959e-08
0.0
0.0
0.0
0.0
0.0
0.0
0.0
0.0
0.0
0.0
0.0
0.0
0.0
0.0
0.0
0.0
3.0324353087449436e-09
4.255253128452471e-09
7.263918125650892e-09
4.949161688734665e-09
9.963605777964966e-09
0.0
0.0
0.0
0.0
0.0
0.0
0.0
0.0
0.0
0.0
0.0
0.0
0.0
0.0
0.0
0.0
0.0
0.0
0.0
0.0
0.0
0.0
0.0
0.0
0.0
0.0
0.0
0.0
0.0
0.0
0.0
0.0
0.0
0.0
0.0
0.0
0.0
0.0
0.0
0.0
0.0
0.0
0.0
0.0
0.0
2.5348086653051023e-09
4.232221064377615e-09
9.691825630732924e-10
0.0
0.0
0.0
0.0
0.0
0.0
0.0
0.0
0.0
0.0
0.0
0.0
4.524643226648637e-05
1.4478510666286843e-06
7.185522136163393e-08
0.0
0.0
0.0
1.607871735459035e-08
1.3475516576561059e-08
4.622470874468328e-08
8.592773430094312e-08
2.013178089810124e-07
2.457725069927138e-08
0.0
0.0
0.0
0.0
0.0
0.0
0.0
0.0
0.0
0.0
0.0
0.0
0.0001116488769341201
3.6226394777166064e-05
6.189960402933185e-08
0.0
0.0
4.0567922588478514e-08
6.689970334171471e-08
7.684229984139557e-08
1.0825859210777116e-07
1.225429277609878e-07
2.414011324675462e-07
9.908145619563216e-08
4.373500335333522e-08
0.0
0.0
0.0
0.0
0.0
0.0
0.0
0.0
0.0
0.0
0.0
0.00014320009957112246
5.000572971894667e-05
5.833462185512547e-08
0.0
0.0
0.0
2.9240237680527537e-08
5.512464767940142e-08
9.106251419423279e-08
1.0263130768522196e-07
1.624909728500922e-07
6.739271698691654e-08
1.0356822969968516e-08
0.0
0.0
0.0
0.0
0.0
0.0
0.0
0.0
0.0
0.0
0.0
1.2042926368759567e-07
0.0
5.4911134989358025e-08
0.0
0.0
1.7584471699689526e-08
4.649798393464188e-08
5.7178256842450254e-08
3.4691387456729155e-08
5.2498914521464126e-08
1.4120624846502596e-07
1.3445254245743784e-07
2.078517401486649e-08
0.0
0.0
0.0
0.0
0.0
0.0
0.0
0.0
0.0
0.0
0.0
0.0
0.0
0.0
0.0
0.0
0.0
0.0
0.0
0.0
0.0
0.0
0.0
0.0
0.0
0.0
0.0
0.0
0.0
0.0
0.0
0.0
0.0
0.0
0.0
0.0
0.0
0.0
0.0
0.0
0.0
0.0
0.0
0.0
0.0
0.0
0.0
0.0
0.0
0.0
0.0
0.0
0.0
0.0
0.0
0.0
0.0
0.0
0.0
0.0027274200632770727
0.0012696900456871016
0.0004419398166556358
0.00012825795427389444
2.8826835836843702e-05
1.4336502560593476e-07
0.0
2.065131428721858e-07
0.0
1.3232419050415056e-07
3.3615531263908715e-07
0.0
9.408761679579237e-06
7.530516291364621e-05
0.0001496017586245719
0.0
0.0
0.0
0.0
0.0
0.0
0.0
0.0
0.0
0.0014951546800258263
0.001007893580047981
0.00028007559893211
4.430300142248503e-05
0.0
2.717070869918457e-08
3.381580270276912e-08
2.3824226742335799e-07
7.193804844017836e-08
1.8189947017549074e-07
1.2694842700202125e-07
5.695835152221562e-08
1.0182331115491152e-08
5.554108919200406e-07
3.0102840922087803e-05
0.0
0.0
0.0
0.0
0.0
0.0
0.0
0.0
0.0
0.0008218709603509399
0.0005079971073245449
0.0001141959210463254
7.74058920781456e-06
7.861729305575529e-09
6.246460968364657e-08
5.717036356981246e-08
7.0157531686769e-08
5.2383665730591596e-08
6.126434289794403e-08
1.4231179878766218e-07
6.623299645826525e-08
8.881112001715805e-09
3.631157922834122e-07
1.524523904852484e-06
0.0
0.0
0.0
0.0
0.0
0.0
0.0
0.0
0.0
0.0004983569760905003
0.00025301328911752046
8.052734310650645e-05
2.0654620930603026e-05
0.0
0.0
2.2184571746727086e-08
6.390358808978383e-08
6.028197049987561e-08
1.9327043979239656e-07
1.435273004771962e-07
0.0
0.0
0.0
0.0
0.0
0.0
0.0
0.0
0.0
0.0
0.0
0.0
0.0
0.0002806748016591145
0.00017271807438228243
5.7408778241649865e-05
9.179762088783961e-06
0.0
4.338741221492865e-08
4.338678012412103e-08
2.0991446389137506e-07
6.760249662021354e-08
2.0906622754150994e-07
1.244679556266972e-07
0.0
0.0
0.0
0.0
0.0
0.0
0.0
0.0
0.0
0.0
0.0
0.0
0.0
0.0
0.0
0.0
0.0
0.0
0.0
0.0
0.0
0.0
0.0
0.0
0.0
0.0
0.0
0.0
0.0
0.0
0.0
0.0
0.0
0.0
0.0
0.0
0.0
0.0
0.0
0.0
0.0
0.0
0.0
0.0
0.0
0.0
0.0
0.0
0.0
0.0
0.0
0.0
0.0
0.0
0.0
0.0
0.0
0.0
0.0
0.0
0.0
1.1394696788869607e-05
0.0
6.942025895355415e-08
0.0
0.0
0.0
0.0
5.0787901019777626e-08
7.997216427053738e-08
2.1852777658029768e-07
1.494704788302593e-07
0.0
0.0
0.0
0.0
0.0
0.0
0.0
0.0
0.0
0.0
0.0
0.0
0.0
8.592458579530158e-05
3.172097688717433e-05
2.718459954327537e-06
0.0
0.0
1.763978652401531e-08
4.91059421151365e-08
4.926122701571585e-08
5.695866571902952e-08
2.040968470331237e-07
1.58091315454663e-07
0.0
0.0
0.0
0.0
0.0
0.0
0.0
0.0
0.0
0.0
0.0
0.0
0.0
4.194793865644667e-05
1.428008279678898e-07
5.299811208867612e-08
0.0
0.0
0.0
0.0
2.1326704624253193e-07
4.747802820429595e-08
1.6221533381347127e-07
9.169575682411551e-08
0.0
0.0
0.0
0.0
0.0
0.0
0.0
0.0
0.0
0.0
0.0
0.0
0.0
0.0002476586075694405
0.00013701575997004337
5.383909695189076e-05
8.089014566451212e-06
6.734243588085115e-09
6.205789473710583e-08
8.992101657302065e-08
1.8149791169992754e-07
1.206287526254874e-07
2.9080010951680673e-07
2.6807470984700714e-07
6.606872637931833e-08
1.6718649753674292e-07
1.0747659811289437e-07
1.6246259897843023e-06
0.0
0.0
0.0
0.0
0.0
0.0
0.0
0.0
0.0
0.0002516463247925009
0.00011152040655217531
2.5468758207054576e-05
0.0
0.0
0.0
0.0
2.069677666682356e-08
3.772783749654615e-08
1.7934261247862204e-07
9.647467811368039e-08
0.0
0.0
0.0
0.0
0.0
0.0
0.0
0.0
0.0
0.0
0.0
0.0
0.0
0.0
0.0
0.0
0.0
0.0
0.0
0.0
0.0
0.0
0.0
0.0
0.0
0.0
0.0
0.0
0.0
0.0
0.0
0.0
0.0
0.0
0.0
0.0
0.0
0.0
0.0
0.0
0.0
0.0
0.0
0.0
0.0
0.0
0.0
2.3717514866612166e-09
0.0
0.0
0.0
0.0
0.0
0.0
0.0
0.0
0.0
0.0
0.0
0.0
0.0
3.8700637420025795e-08
0.0
0.0
0.0
0.0
0.0
0.0
0.0
0.0
0.0
1.0040304850773804e-07
0.0
0.0
0.0
0.0
0.0
0.0
0.0
0.0
0.0
0.0
0.0
0.0
0.0
5.952002581926962e-08
0.0
0.0
0.0
0.0
0.0
0.0
0.0
0.0
4.1102578823556507e-07
2.48550657721668e-07
0.0
0.0
0.0
0.0
0.0
0.0
0.0
0.0
0.0
0.0
0.0
0.0
0.0
0.0007383712265891346
0.0004484501569598387
0.00019885725456726864
6.360453590822838e-05
7.834732822222865e-07
0.0
3.926853993373834e-08
2.1138008769793855e-07
5.938873810696245e-08
1.9885724234912075e-07
2.0415228695858988e-07
0.0
0.0
0.0
1.0095401359011306e-07
0.0
0.0
0.0
0.0
0.0
0.0
0.0
0.0
0.0
0.00019787766535221934
8.389017624574136e-05
2.420958669889079e-05
1.7633235121372184e-06
0.0
0.0
0.0
2.0723981690159403e-07
6.121813916238015e-08
1.6767033555914708e-07
1.0199583007046805e-07
0.0
0.0
0.0
0.0
0.0
0.0
0.0
0.0
0.0
0.0
0.0
0.0
0.0
1.4711010032889204e-05
0.0
7.252029139408924e-08
0.0
0.0
1.6550133074943495e-08
1.0386771738680873e-07
6.750290400539166e-08
4.960846995277479e-08
1.7439826679661983e-07
9.508621019743467e-08
0.0
0.0
0.0
0.0
0.0
0.0
0.0
0.0
0.0
0.0
0.0
0.0
0.0
0.0
0.0
0.0
0.0
0.0
0.0
0.0
0.0
0.0
0.0
0.0
0.0
0.0
0.0
0.0
0.0
0.0
0.0
0.0
0.0
0.0
0.0
0.0
0.0
0.0
0.0
0.0
0.0
0.0
0.0
0.0
0.0
0.0
0.0
0.0
0.0
0.0
0.0
0.0
0.0
0.0
0.0
0.0
0.0
0.0
0.0
0.0
2.0371993748088333e-05
2.585991243777558e-05
0.0036044775816783925
0.0011414731382652329
0.0003432064313431944
0.00012731065154642456
4.740698243520141e-05
1.0517820562394868e-07
0.0
2.113200269324049e-07
0.0
1.5541364583789934e-07
1.1824229896211116e-07
1.5411625699448486e-05
4.896808608519183e-05
7.842503645217047e-05
9.473049635496098e-05
0.0
0.0
0.0
0.0
0.0
0.0
0.0
0.0
0.0
0.0004199738884911577
0.00017736740225169717
8.207788604002285e-05
3.901512331213364e-05
5.641792267241564e-07
1.4752234224191095e-07
3.355110430355122e-08
1.595655929628281e-07
8.839650119833954e-08
2.2187941337374838e-07
1.1550319175322201e-07
1.0084751749957565e-07
7.321864248723133e-06
4.904643665649134e-05
7.026147258175369e-05
0.0
0.0
0.0
0.0
0.0
0.0
0.0
0.0
0.0
0.0010489815447130904
0.0006107901122323837
0.00037392782891939664
0.0003252416173629407
0.00028221122423777216
0.00012754289884628852
5.2220650994937344e-05
0.0001257747700889097
0.000138980888558834
0.0001801138622785258
0.0001959218794416305
0.0002291664494395994
0.00023839120807443828
0.00024643769438285987
0.00029120905537021347
0.0
0.0
0.0
0.0
0.0
0.0
0.0
0.0
0.0
0.0014926355586341383
0.0007346633320869511
0.0004042192336923432
0.0002970965684443863
0.0002104162779828952
5.075421236485023e-05
1.530186487536072e-05
8.807556012547024e-05
6.940872516473956e-05
7.680664187490916e-05
8.733833252006402e-05
0.000126941798815459
0.0004262871794249128
0.0005708054322009921
0.0007289206524620349
0.0
0.0
0.0
0.0
0.0
0.0
0.0
0.0
0.0
0.0032443579861435447
0.0014948706839347141
0.00042972985205164534
0.00012393907513228296
3.8517458789261746e-05
1.0679030848974694e-07
0.0
3.2628754858228856e-07
0.0
0.0
1.1085130483239748e-07
2.6999395175323813e-05
0.00010750206435097355
0.00022524135085927083
0.00040865405055382425
0.0
0.0
0.0
0.0
0.0
0.0
0.0
0.0
0.0
0.0
0.0
0.0
0.0
0.0
0.0
0.0
0.0
0.0
0.0
0.0
0.0
0.0
0.0
0.0
0.0
0.0
0.0
0.0
0.0
0.0
0.0
0.0
0.0
0.0
0.0
0.0
0.0
0.0
0.0
0.0
0.0
0.0
0.0
0.0
0.0
0.0
0.0
0.0
0.0
0.0
0.0
0.0
0.0
0.0
0.0
0.0
0.0
0.0016529503176498988
0.0007761266769730086
0.00016826609530727784
2.8707279752140877e-05
0.0
3.205416459051608e-08
7.521080793321296e-08
2.1513987553047307e-07
1.3789669587609351e-08
1.562672030483684e-07
9.959267627757503e-08
0.0
6.656891247403462e-06
1.2795300037781003e-05
6.888551855606511e-05
0.0
0.0
0.0
0.0
0.0
0.0
0.0
0.0
0.0
0.0018630353824297572
0.0007747744090171168
0.0001801070190049572
3.5227019905957186e-05
0.0
3.6492735485875356e-08
4.8998667950725547e-08
2.652394102386522e-07
8.071592704590451e-08
1.9500982643582971e-07
1.3014606387909473e-07
0.0
1.225644118349128e-06
1.6540475374806147e-05
2.2859421867079243e-05
0.0
0.0
0.0
0.0
0.0
0.0
0.0
0.0
0.0
0.000809076510969178
0.0003602922193995348
7.890692253817402e-05
5.113510503330825e-06
0.0
0.0
0.0
2.397538939848862e-07
5.887366445290521e-08
2.0430599205264487e-07
1.3989437743502973e-07
0.0
3.285292673984485e-07
2.2943935145241194e-07
0.0
0.0
0.0
0.0
0.0
0.0
0.0
0.0
0.0
0.0
7.609584829597042e-05
1.1488131176287686e-05
6.498808863811611e-08
0.0
0.0
0.0
1.9494117805776722e-08
2.5354255453119695e-07
3.030744131422252e-08
1.7526623672477251e-07
1.185619523215297e-07
0.0
0.0
3.229343575452177e-07
3.066634045959099e-06
0.0
0.0
0.0
0.0
0.0
0.0
0.0
0.0
0.0
0.00038404742804582593
0.00012782179935088208
2.9545383972772187e-05
2.0088617466165154e-05
0.0
4.0407978162319195e-09
3.455249834270965e-08
2.660086265896543e-07
6.757353548406579e-08
1.9869033007188736e-07
1.2653653814587367e-07
2.492802071414427e-07
1.2701102984049942e-06
0.0
5.9717074793024344e-06
0.0
0.0
0.0
0.0
0.0
0.0
0.0
0.0
0.0
0.0
0.0
0.0
0.0
0.0
0.0
0.0
0.0
0.0
0.0
0.0
0.0
0.0
0.0
0.0
0.0
0.0
0.0
0.0
0.0
0.0
0.0
0.0
0.0
0.0
0.0
0.0
0.0
0.0
0.0
0.0
0.0
0.0
0.0
0.0
0.0
0.0
0.0
0.0
0.0
0.0
0.0
0.0
0.0
0.0
0.0
0.0
0.0
1.6081662880299382e-05
0.0
8.419167504001041e-08
0.0
0.0
0.0
3.383996885057238e-08
3.478053731574135e-08
4.920323533799319e-08
1.674486420256938e-07
1.0104750539806599e-07
0.0
0.0
0.0
0.0
0.0
0.0
0.0
0.0
0.0
0.0
0.0
0.0
0.0
5.544893550926282e-05
7.820666423974683e-06
7.965422503793158e-08
0.0
3.1403885895520026e-08
5.057887078737589e-08
6.032458241730937e-08
9.157828433032392e-08
8.094234543235974e-08
1.857923950401583e-07
9.821534817041095e-08
0.0
0.0
0.0
0.0
0.0
0.0
0.0
0.0
0.0
0.0
0.0
0.0
0.0
1.6309852676052974e-05
0.0
6.97586538887243e-08
0.0
0.0
0.0
0.0
0.0
1.3636164219016545e-07
1.5253418917656447e-07
3.988560211795111e-07
6.477650197247914e-08
0.0
3.447645704896772e-07
0.0
0.0
0.0
0.0
0.0
0.0
0.0
0.0
0.0
0.0
0.0
0.0
0.0
0.0
0.0
0.0
0.0
0.0
0.0
0.0
0.0
0.0
0.0
0.0
0.0
0.0
0.0
0.0
0.0
0.0
0.0
0.0
0.0
0.0
0.003290909159817501
0.0012200280596752567
0.00027955047467718763
6.06126511820764e-05
2.627227512004607e-06
1.397221601173138e-07
0.0
1.9719047069753422e-07
0.0
1.2766355615107542e-07
9.89780383801874e-08
1.7455186129263468e-07
0.0
0.0
0.0
0.0
0.0
0.0
0.0
0.0
0.0
0.0
0.0
0.0
0.0
0.0
0.0
0.0
0.0
0.0
0.0
0.0
0.0
0.0
0.0
0.0
0.0
0.0
0.0
0.0
0.0
0.0
0.0
0.0
0.0
0.0
0.0
0.0
0.0
0.0
0.0
0.0
0.0
0.0
0.0
0.0
0.0
0.0
0.0
0.0
0.0
0.0
0.0
0.0
0.0
0.0
0.0
0.0
0.0
0.0
0.0
0.0
0.0
0.0
0.0
0.0
0.0
0.0
0.0
0.0
0.0
1.4168648584684515e-07
9.63959180440133e-08
0.0
0.0
0.0
0.0
0.0
0.0
0.0
0.0
0.0
0.0
0.0
0.0
0.0
0.00011631493787444785
9.814088877773302e-05
8.290211117454726e-05
8.738643720902953e-05
5.129817908251688e-05
0.0
0.0
3.32066603220296e-07
0.0
1.6060090105794127e-07
2.555110439833868e-06
4.254598749838936e-05
8.240893959788294e-05
0.00011099962832419896
0.0001363773865748969
0.0
0.0
0.0
0.0
0.0
0.0
0.0
0.0
0.0
0.0014388213147121113
0.0009010202286469001
0.00046350363890805356
0.00024122644865485782
0.00012754053074707605
1.090308454936498e-06
0.0
4.347602923575031e-06
4.068636609180648e-06
2.963130776470523e-05
5.079667882285298e-05
0.0001192042227346204
0.0002255629469518097
0.0005218744687684694
0.0008891504042691037
0.0
0.0
0.0
0.0
0.0
0.0
9.8967568014537e-06
2.5889384530521688e-05
2.8695006860584267e-05
0.0034646905765972533
0.0021716089064183746
0.0012370741009857151
0.00046374590732655037
0.00020670762532083245
3.163585652573865e-05
5.552837543158844e-06
5.0045849657842326e-05
3.888356753048786e-05
5.799266455232194e-05
7.962506993471889e-05
0.00011347594118147811
0.00014754704311616395
0.00021485871309761203
0.00029457873805076816
0.0
0.0
0.0
0.0
0.0
0.0
0.0
0.0
0.0
0.0011626337483078343
0.0005508993466764768
0.00016514578677095265
5.6107721653043275e-05
2.9370795239489324e-06
1.5616177004777295e-07
0.0
2.0420906643736292e-07
3.048056372694704e-08
1.7887873811651153e-07
1.0205273715748197e-07
1.1554728527183285e-07
2.200272394202142e-07
0.0
0.0
0.0
0.0
0.0
0.0
0.0
0.0
0.0
0.0
0.0
0.0
0.0
0.0
0.0
0.0
0.0
0.0
0.0
0.0
0.0
0.0
0.0
0.0
0.0
0.0
0.0
0.0
0.0
0.0
0.0
0.0
0.0
0.0
0.0
0.0
0.0
0.0
0.0
0.0
0.0
0.0
0.0
0.0
0.0
0.0
0.0
0.0
0.0
0.0
0.0
0.0
0.0
0.0
2.1410357586125254e-05
4.216700743024279e-05
4.1820807986486e-05
0.00021758366902544725
0.00033126999632052253
0.0045138761012268455
0.002690329764898319
0.0019994774299187425
0.0016727430650955938
0.0012042374746356703
0.0007557549359343015
0.00045003269844520483
0.0003330898812000382
0.00022805624504988045
0.00022269330228836577
0.00042948400181168486
0.0009975561210303506
0.0011027394112444846
0.0011881713479872916
0.0013753064368743771
0.0
0.0
1.8328703699539446e-06
1.0403990239783748e-05
1.2915707978102986e-05
2.2781635774213035e-05
0.00014072648687692756
0.0002034246275434868
0.0002151678381107146
0.0038574702145094428
0.0023058817566221487
0.0007924868381110841
0.00019568107577278736
7.049010046951451e-05
9.888620117921239e-08
0.0
3.0527053779732775e-07
0.0
1.0366625071159627e-07
6.105872008484537e-07
1.8513260458048765e-05
5.682576294211404e-05
7.951132637206531e-05
9.787655197222225e-05
0.0
0.0
0.0
0.0
0.0
0.0
0.0
0.0
0.0
0.00012876453049170147
1.7503569233324002e-05
7.989861720855044e-08
0.0
0.0
0.0
0.0
9.102993904100827e-08
0.0
1.4845127922068524e-07
1.1201199943305599e-07
0.0
0.0
7.453301945936327e-06
5.16172943991312e-05
0.0
0.0
0.0
0.0
0.0
0.0
0.0
0.0
0.0
0.0006045883220536228
0.0003480065078322251
0.00019329431484679287
0.00019445860453433278
0.00018438203867689504
0.00011356179769425904
0.00012907137900996545
0.0002612817028496553
0.0002986498818984776
0.0003618762005635496
0.0004846715184313053
0.0006714463776008476
0.0007032507760984701
0.0007768221431551493
0.0008357033515527364
0.0
0.0
0.0
0.0
0.0
1.5778882981486844e-05
2.6963612615464216e-05
4.453398588949032e-05
0.00012938601110728734
0.0038943917755052846
0.0025795806037189526
0.0019826874589322753
0.001781260234056598
0.0015854565578968134
0.0012218222551847505
0.0011249837565667988
0.0011914854209577272
0.001345503212961368
0.001602718736339618
0.0018156765796585198
0.0019289509321102482
0.0021099921835503565
0.0022212220923540932
0.0021112834497846486
0.0
2.0558938741952613e-05
2.5460980514922436e-05
0.0001529538078360515
0.00017484635166205797
0.00033561585062561204
0.0003266883163691372
0.0005314135586168373
0.00047218983951368516
0.000750725353437633
0.0003430040117000483
0.0001383987444608471
6.96905423951221e-05
5.1866662307344935e-05
1.8692613888189923e-05
0.0
0.0
0.0
0.0
0.0
0.0
0.0
3.0215166576610647e-05
0.00017328216326294328
0.0004232369722741875
0.0005947299144006075
0.0006990781664034518
0.0008058478330146223
0.0009318093972746743
0.0009490870799124637
0.0010791958958156008
0.0010115410964301396
0.001131047742380926
0.0010778433949215126
0.0006872148976173778
0.00042240627325085446
0.00011931934723360648
5.77084350787172e-05
0.0
0.0
0.0
0.0
0.0
0.0
0.0
0.0
0.0
9.629548575681119e-06
7.283599356315191e-05
0.00021862451892336101
0.00019860885771619448
0.00027444490624926827
0.0002744679831571195
0.00047581555284891995
0.00046360719628013575
0.0005919923106268845
0.00047768346647447137
0.004775316896263042
0.0026015826572972148
0.001753180672189343
0.0012672599362004288
0.000812158797263926
0.0006356921029123277
0.00053156405049667
0.00038989357888108
0.0002796801354082253
0.00028347457121071065
0.00048665492973298883
0.0012287641087375758
0.001239836066794301
0.001405853423404076
0.0015930002088669626
0.0
7.248728433727007e-06
1.7350051616434615e-05
0.00013131740959465403
0.00019877133940737776
0.000312619003695987
0.00035699503587643743
0.0004755252171258167
0.0005741167575162441
0.004899066709491528
0.0029642877954079946
0.0018279210330791836
0.0009091931393052593
0.00038668176704830757
0.00011732334103663192
7.203607022960798e-05
0.00012218638754328705
9.736367823536495e-05
0.0001109322804489732
0.00012811126661755275
0.0002535442933164536
0.000432353134106303
0.0005280562614886835
0.0006181898576978082
0.0
0.0
0.0
0.0
0.0
0.0
0.0
0.0
0.0
0.0021476214466480976
0.0011888974653769225
0.0006841603387431934
0.0004034611637831316
0.00019528183033543247
6.149629851729523e-05
2.979836277212097e-05
9.300011707297433e-05
9.070308809759961e-05
0.00014659661543075579
0.00016093979804791632
0.00018152585016122775
0.0001786583565265244
0.00018198325033304282
0.00020066917400773522
0.0
0.0
0.0
0.0
0.0
0.0
0.0
0.0
0.0
0.001441058801923487
0.0009058002537271205
0.0006596479719471435
0.0006100781318745901
0.0005647692295031414
0.0004405079287422157
0.000360151217371049
0.0003579157664647653
0.000556287358221306
0.000808986365473921
0.0008829798109888801
0.0010394972538927943
0.0011103198420133785
0.0011318221520794976
0.0011622073731870997
0.0
0.0
0.0
0.0
0.0
0.0
0.0
0.0
0.0
0.001864493937323709
0.001254512898627572
0.000845979571784962
0.0006368704726665737
0.00047054114358052474
0.00024917222933865417
0.00012724082379973457
0.00015111222917476314
0.0001538335992507327
0.00018531384906257027
0.0001428425120836011
0.00015649062392644896
0.00016553334435975522
0.00016144034652972597
0.0001505528067062747
0.0
0.0
0.0
0.0
0.0
0.0
0.0
0.0
0.0
0.0
0.0
0.0
0.0
0.0
0.0
0.0
0.0
0.0
0.0
0.0
0.0
0.0
0.0
0.0
0.0
0.0
0.0
0.0
0.0
0.0
0.0
0.0
0.0
0.0
0.0
0.0
0.0
0.0
0.0
0.0
0.0
0.0
0.0
0.0
0.0
0.0
0.0
0.0
0.0
0.0
0.0
0.0
0.0
0.0
0.0
7.508856915579063e-06
1.4391623868497683e-05
0.0027628857637185924
0.0014433150600183017
0.0005017026753401
0.00014354978021910154
1.881944108791849e-05
3.7866353877715866e-07
0.0
1.9132265184969213e-07
0.0
1.2733557782170489e-07
1.1472115961233541e-07
0.0
0.0
0.0
0.0
0.0
0.0
0.0
0.0
0.0
0.0
0.0
0.0
0.0
5.467679326092695e-05
1.3684607937784879e-05
4.360220186010557e-08
0.0
0.0
0.0
0.0
2.403598308155144e-07
7.025114991288344e-08
2.0535250291997066e-07
1.0495952503816605e-07
0.0
0.0
0.0
0.0
0.0
0.0
0.0
0.0
0.0
0.0
0.0
0.0
0.0
1.439069315028749e-05
1.3110811413323636e-06
6.284271869305372e-08
0.0
0.0
0.0
0.0
2.129351578678153e-07
0.0
1.4103718028766058e-07
1.0000455788217249e-07
0.0
3.380806975762022e-07
2.3443079555575932e-07
0.0
0.0
0.0
0.0
0.0
0.0
0.0
0.0
0.0
0.0
0.001932448311890927
0.001465244517169955
0.0007201119674624726
0.00037318011444590645
0.000205736508677309
2.759189510572528e-05
6.309241638018687e-06
7.40273826425853e-05
6.21378476629663e-05
9.934984756972424e-05
0.00014138997856268917
0.0006288406622259181
0.0011266481558348872
0.0010175436792279134
0.0011665554227918815
0.0
0.0
1.498690186616387e-06
9.998146356742741e-06
1.515010862984713e-05
0.0001328207800680225
0.00018969986473718422
0.0002493643889111033
0.0003670315582615441
0.00440581870910544
0.0028070692713689288
0.0016713779774463573
0.0005635945835864939
0.00021241703032735807
4.072137297381897e-05
7.724381350650462e-06
3.273746405204533e-05
2.8651697778804495e-05
5.275285566657169e-05
8.725414989354633e-05
0.00013276472380839918
0.00031096086535597605
0.0005932037722033342
0.0007794448468312471
0.0
0.0
0.0
0.0
0.0
0.0
0.0
0.0
0.0
1.2276181191380875e-05
3.0043665353436136e-06
0.0
0.0
0.0
0.0
0.0
0.0
0.0
0.0
0.0
0.0
0.0
0.0
0.0
0.0
0.0
0.0
0.0
0.0
0.0
0.0
0.0
0.0
0.0
0.0
0.0
0.0
0.0
0.0
0.0
0.0
0.0
0.0
0.0
0.0
0.0
0.0
0.0
0.0
7.09179300893526e-06
2.138680445612471e-05
9.41178580447508e-05
0.0002037479349701189
0.00022103013308628482
0.0003369905536398967
0.00033624091774364027
0.000502671913721068
0.000456677078020359
0.00022905954461234517
5.318497384045739e-05
1.649825099480919e-05
0.0
0.0
0.0
0.0
0.0
0.0
0.0
0.0
0.0
0.0
0.0
0.0
0.0
0.0
0.0
0.0
0.0
0.0
0.0
0.0
0.0020565413408279794
0.0008394446247655835
0.00024379602100073472
0.00012700178830317397
2.014951306442307e-05
1.5497124869485683e-07
0.0
4.508324005033299e-07
0.0
2.6796231796060197e-07
6.627564766418499e-07
1.127377115292663e-05
4.078375607604751e-05
6.910561211511613e-05
9.072662731160572e-05
0.0
0.0
0.0
0.0
0.0
0.0
0.0
0.0
0.0
0.0017854034413340486
0.001186627284623229
0.0007592403439928357
0.0004786262614511466
0.00028336921554940466
0.00013313141424453972
7.308628235476016e-05
0.00010479789956939972
8.264134029104016e-05
8.853218779298311e-05
0.00011043861589384243
0.00015056212420239758
0.00020690411567134424
0.00046317792688644254
0.0009080615842574435
0.0
0.0
0.0
0.0
0.0
0.0
1.935768198478285e-05
2.956348287394392e-05
3.134369731546508e-05
0.0035010023758474634
0.0020931801056500404
0.0009764078552840662
0.00042051393427821915
0.00023288947524524074
4.4984190524251705e-05
2.2267929188097046e-06
9.092564894500931e-07
6.559069605517515e-07
2.8703459057951767e-05
5.621589186785981e-05
8.226386476880039e-05
0.00010220151900437492
0.00011244916436847168
0.00013961253864040951
0.0
0.0
0.0
0.0
0.0
0.0
0.0
0.0
0.0
0.0005342532915087553
0.00024550037456454215
8.666031410701782e-05
4.7315002932472594e-05
1.8380254890013617e-05
1.9606525607509582e-06
1.324305314718127e-06
1.2368723135127154e-06
4.7230113018000624e-07
2.1733162243904831e-07
1.543696756312906e-07
1.0755508089407486e-05
2.168275532265145e-05
1.2552153683472994e-05
5.592462881906589e-06
0.0
0.0
0.0
0.0
0.0
0.0
0.0
0.0
0.0
0.0
0.0
0.0
0.0
0.0
0.0
0.0
0.0
0.0
0.0
0.0
0.0
0.0
0.0
0.0
0.0
0.0
0.0
0.0
0.0
0.0
0.0
0.0
0.0
0.0
0.0
0.0
0.0
0.0
0.0
0.0
0.0
0.0
0.0
0.0
0.0
3.501779841987138e-05
3.236972917053915e-05
4.906326247425435e-05
0.000211445079676232
0.00037161625879297567
0.0003516523692107128
