0.00014107356517838364
0.0003155662207288067
0.00030243412233502164
0.0004319488303733052
0.000369738094074957
0.0005113655197640958
0.0004384389030233757
0.0005439431768310372
0.00037421651776203965
0.0003561241099053427
0.00024011001086084947
0.0002282202695995647
6.160631183947566e-05
3.38894991176144e-05
1.8665486364870133e-05
1.7149666571747636e-05
2.1765376872727344e-05
2.8838706787031748e-05
2.267349826177295e-05
2.235338477099321e-05
2.22321083660348e-05
1.650127495120243e-05
2.1756618329660914e-05
2.21638322867897e-05
1.8927395987154925e-05
1.2330269755867516e-05
0.0
0.0
0.0
0.0
0.003485490660123887
0.002385494062631642
0.0011890638131293154
0.0008939750066883214
0.0006585558005604983
0.00047391693426815834
0.0004868832809277784
0.00024070510677747967
0.00015531969481462568
0.00010311920386799256
7.60189613779448e-05
0.00019083841272284053
0.0004373891355784743
0.0004543153424137825
0.0006540940353017091
0.0006642427786156691
0.0
0.0
0.0
0.0
0.0
0.0
0.0
0.0
0.00061618727959844
0.0005907804287746588
7.284812972299007e-05
3.821283177801792e-05
1.2117198991971407e-05
1.1302472690586315e-06
1.1897430589096698e-07
0.0
0.0
0.0
0.0
4.007876392167665e-06
6.897922315131056e-05
9.060203306641027e-05
0.0001359684145490612
0.00018020810149296345
0.0
0.0
0.0
0.0
0.0
0.0
0.0
0.0
0.000967662209315182
0.0007366098742989508
0.0003163754749794315
0.0001703378313314699
0.00012980949975710415
0.00010005607205523068
0.0001189056032736898
4.249929542000979e-05
1.5769298911094597e-05
1.5832897839113102e-05
2.4602661293059255e-05
9.709246825438284e-05
0.00024096850366542232
0.0003168603999685711
0.0004594407954431224
0.0004973271221653437
0.0
0.0
0.0
0.0
0.0
2.7059679596936363e-05
3.567881070124979e-05
4.2921587853758196e-05
0.0016155270200686137
0.0009741758407841751
0.0003743628190305245
0.00019473140790639214
0.00012703837916197384
9.749008539518617e-05
9.749988656475138e-05
2.916151468962838e-05
3.6386383024781916e-06
8.987316736364222e-07
3.218551810971551e-06
3.891519563110726e-05
0.00012242408166069293
0.00014298715519091577
0.00021038928122342333
0.00023708695338123714
0.0
0.0
0.0
0.0
0.0
0.0
0.0
0.0
0.0004437667933321742
0.0003633746563699682
8.110191065393691e-05
3.703434659292131e-05
1.3056053434534665e-05
2.45536718932349e-06
1.3407297034148138e-06
0.0
0.0
0.0
0.0
8.690098491305677e-08
1.5511441915477232e-05
2.3886516091852757e-05
6.0203818088281484e-05
7.469066952180074e-05
0.0
0.0
0.0
0.0
0.0
0.0
0.0
0.0
0.00020143988873060761
0.00044517303603052886
0.0004100680521244035
0.00042237819368477005
0.00043355773592144785
0.0004281963192809098
0.0004447164111187054
0.00045955204760174916
0.0005817292754011708
0.0006490190156751271
0.0007289601747141873
0.0008563904462877919
0.0
0.0
0.0
2.1276721905742322e-05
2.007292787636396e-05
3.3048266066639755e-05
3.008550736562578e-05
5.095622304711911e-05
4.857480274816513e-05
0.00020120026905648132
0.00025469113221829613
0.0004212265612162691
0.00043403466652368203
0.0006106034014554032
0.0004629801437635061
0.00045880776938005753
0.00019300287190708097
7.726661073130582e-05
2.5989223963324853e-05
2.4760469375803433e-05
1.2126712402775596e-05
1.2583679459991873e-05
1.0828028797071173e-05
2.4047219399507624e-05
7.783903960485885e-05
0.00017848333771142494
0.00027662774070946316
0.00047519311208383863
0.0005678132043145651
0.0006372608300428556
0.0006566273157704314
0.0006613837230549721
0.0006641691756911124
0.0006797819982922378
0.0007218820691548982
0.0007248748363846675
0.003091563390840707
0.002615833868549157
0.0010948875048529315
0.0005116122461325412
0.00037029976637561633
0.0003393604020721204
0.00034015059547133533
0.00022647467378363243
0.00016589345877402156
0.00012298651990938999
0.00011415986606038049
0.00023801331411358166
0.0004126288176836525
0.0004924674294380641
0.0006958244059088253
0.0007933398900473856
0.0
0.0
0.0
1.322672564252167e-05
4.764567741159154e-05
8.486900936764348e-05
0.0003068052247337033
0.0003436320097196097
0.0023895887480564646
0.0016155536797858084
0.0008140293334676422
0.0005637611814144733
0.00042522528331431856
0.000395824724000295
0.00042689693309300495
0.0003330130157377
0.0002760491715261114
0.000245912332500204
0.00026612232808813726
0.0004312584931928158
0.0007049202745366852
0.000995584200630297
0.0017003288022630083
0.002013624913483916
0.00016588627132631742
0.0004847774348259465
0.0006667673419209929
0.000856183088879408
0.0008992266328183954
0.0010466125481054113
0.0010776740883161886
0.0012120890662504125
0.003057301591204585
0.004157488745278217
0.002481822793516772
0.0018894422429580992
0.0016270161276517477
0.0011820448985723404
0.0008411606095985379
0.0007082379197307393
0.0006172603029875159
0.00043730476712163993
0.0004956992901169065
0.0007607422448327996
0.0010069106502021024
0.0011108043415503847
0.0013018663943311411
0.0014341988102544447
0.0001465436962518775
0.0005371939547942202
0.0005183852715873902
0.000850494585350375
0.0007229190068413264
0.001052044461618606
0.0007728630690610756
0.001048974924361711
0.003136216253410936
0.002754606740371581
0.001856118876943071
0.0015326930392952026
0.001188994808826589
0.0012893830290293582
0.0014839168030357233
0.0012167893406161562
0.0008955599244771259
0.000634158154562046
0.0006254482581752166
0.0007368153224864094
0.0011037610178258814
0.0012641650531185328
0.0013746850766603116
0.0013178995515820574
1.2223555715479194e-05
0.00015305561651818704
0.00028426868293253025
0.00043400065139015653
0.00046926619895251324
0.0005972753997498444
0.0007010816709007021
0.0009544186141240174
0.003515496631094031
0.0029813252156416017
0.002022301023479013
0.0018286968454147364
0.0018115549727299824
0.001487383246549916
0.0015983316222007867
0.0018689578481209214
0.001986333330981752
0.0019414500286965817
0.001715559755703788
0.0017329860368949894
0.0019320235750561725
0.002056486125635233
0.0022303675484671636
0.0022467978197062257
0.0002260005687173666
0.0005307414009517903
0.0007109894765596619
0.0008450506920308795
0.0009539247245180528
0.0009758212593896495
0.001077968180093052
0.001102147492644964
0.0034395754655540157
0.004332118870919619
0.002852826638230626
0.0018007753666873822
0.0013428362127489147
0.0011491318441936777
0.0008947806713578182
0.0008077115620595918
0.0010482202615797742
0.0010931473875416874
0.0012028583545339367
0.0015565828539348865
4.259045520877822e-06
4.3253433998701086e-05
0.00019488510300555737
0.0002556302571787529
0.0004694397009898371
0.0004948100217096711
0.0006885308184449635
0.000699877675986872
0.000857576465743894
0.0007903566883474561
0.0008937653697906682
0.0008726973028063521
0.0008800367841196462
0.0006997856044420391
0.000600522177010032
0.0002751391452967241
9.215981399136193e-05
1.5976010343934298e-05
0.0
0.0
0.0
0.0
0.0
0.0
0.0
1.5486835161819067e-06
6.076169050015055e-06
6.9231872267170186e-06
1.3457389346024867e-05
5.872442646034597e-05
0.00015905331908966147
0.00016822612543577087
0.0002884083093406273
0.0002665541740001647
0.0004855323846253146
0.00045354574243598896
0.0007043772831461288
0.0005190653811950695
0.00039903027707365913
0.00010511595626949752
2.409417468618064e-05
3.502251317762607e-06
0.0
0.0
0.0
0.0
6.036837818474308e-06
9.280450513263501e-05
0.0001724316047427689
0.0003447600749251669
0.00039327229550456446
0.0005941563662576056
0.0005981839458969382
0.0008576720798132677
0.0007146942813113312
0.0009623549894150772
0.0007764639560595043
0.0010421717049902176
0.0008254362537678479
0.0011600077144556344
0.00397623663076235
0.004673161915815555
0.002564352891016718
0.0014221934685204464
0.0012299636175297243
0.0010100960461681128
0.0008607632036353263
0.0006551617219108644
0.000599220733731724
0.0005941843005066265
0.0006501535273952676
0.0008045115785515568
0.001304812380494611
0.0014894009783002864
0.001583494591463176
0.001456985067052533
0.0
0.00015215216699195292
0.0002508145233911273
0.0002594093840239325
0.0001843505501069923
0.0002254856061647249
0.00020368362058333181
0.00021757646732146647
0.002836731547850913
0.0018559989135675393
0.0009340804756791184
0.0006778434912816114
0.00042966075833139134
0.0003289511112714476
0.0002821131146285924
0.00019232136729161215
0.00016380813937395125
0.0001382477058000934
0.00012292141507940228
0.0001944556323213485
0.00029322093105057265
0.0002957481758281429
0.0005000063367263838
0.0005513066875291255
0.0
0.0
0.0
0.0
0.0
0.0
0.0
0.0
0.000633566406283535
0.0006104346407557596
0.0001492809857376421
7.587558578438298e-05
3.1502348658356964e-05
1.3034744443770501e-05
9.926710537803226e-06
0.0
0.0
0.0
0.0
1.2906150315322987e-05
6.303878483888994e-05
7.842260915515828e-05
0.00011460043448765092
0.0001252401590567711
0.0
0.0
0.0
0.0
0.0
0.0
0.0
0.0
0.00014362928961738117
0.00014459495921055696
2.8021828838064264e-05
3.3589032410059347e-06
0.0
0.0
0.0
0.0
0.0
0.0
0.0
0.0
6.076975390602674e-07
1.1876815514509393e-05
5.264369593030066e-05
7.604360975309486e-05
0.0
0.0
0.0
0.0
0.0
0.0
0.0
0.0
0.00010688341718436043
0.00012701818185632252
7.564304445962218e-05
3.068679774875547e-05
1.82069595700946e-05
1.3814014058651895e-05
2.293374055460498e-06
0.0
5.267797243204792e-08
1.4044472294938853e-05
2.3171643012160338e-05
7.249443437607649e-05
0.0
0.0
0.0
0.0
0.0
0.0
0.0
0.0
0.0
0.0
0.0
0.0
0.0
0.0
0.0
0.0
0.0
0.0
0.0
0.0
0.0
0.0
0.0
0.0
0.0
0.0
0.0
0.0
0.0
0.0
0.0
0.0
0.0
0.0
0.0
0.0
0.0002096430383594846
0.000243633874947595
7.003874237023582e-05
4.8612627522730584e-05
3.967516579746367e-05
3.757726646301532e-05
5.802802464910155e-05
1.0083451720461151e-05
2.7273497402984454e-06
6.2569663529032585e-06
1.1320920494169992e-05
4.498018608953177e-05
0.00017470240781005495
0.00027897781117267517
0.0004420138763913584
0.0005186860365195353
0.0
0.0
0.0
0.0
1.7752703963381957e-05
4.3655129443131826e-05
6.281340277545292e-05
0.00012111458211230123
0.0016654502013737906
0.0011196928761594029
0.00042146780967467574
0.00022630172421522093
0.00016112179334153487
0.00011780930407915027
0.0001273829889007363
4.840612775731794e-05
1.66125165290347e-05
1.6566241453852623e-05
2.509232354058423e-05
7.061515563245836e-05
0.00019935945833947878
0.00024942382776102804
0.00032568016972034413
0.0003868227006770658
0.0
0.0
0.0
0.0
0.0
0.0
0.0
0.0
0.0009520886268334202
0.0006678035739568299
0.00031053810589523725
0.00015671977282255724
5.532149494832614e-05
2.6657741000376353e-05
1.782089924563437e-05
1.6153516516251197e-06
0.0
0.0
0.0
3.0889116982384547e-06
5.612353158270192e-05
9.291477021294328e-05
0.0001708151815975893
0.00021935782725366484
0.0
0.0
0.0
0.0
0.0
0.0
0.0
0.0
0.0011721338825996235
0.0008149248674971213
0.00029300739234122637
0.00020548522487776863
0.0001502227859067053
0.0001060342235067075
0.00012416398913999444
4.761543663657648e-05
1.3076231029541413e-05
1.1399432887570986e-05
1.7254951063146448e-05
5.7770050606665604e-05
0.00017779487288359968
0.00023441184158373547
0.00033702800867158034
0.0004021472023356485
0.0
0.0
0.0
0.0
1.1634701888834682e-05
3.3685004509892887e-05
5.606935692358202e-05
0.00010458014967054464
0.0015781337314144527
0.0009444681130363947
0.0003864183998358652
0.0002301319329084799
0.00016813004353591248
0.0001171924061757097
0.00010458790758521547
5.5981332483106075e-05
3.916028173061075e-05
2.6944056797120926e-05
3.387401540726765e-05
7.080322035546293e-05
0.00012138515828142986
0.00014235784148425323
0.00022238130090855278
0.00026106215816466756
0.0
0.0
0.0
0.0
0.0
0.0
0.0
0.0
0.0005870476770881154
0.0005100272502464522
0.00028824907389323905
0.00023185453287987413
0.00012675574580283937
7.080232005630979e-05
6.624460368088117e-05
5.2136176722810604e-05
0.00010900506331829172
9.451874611777057e-05
0.0001369955421065402
0.00029074061814238304
0.0
0.0
0.0
0.0
0.0
0.0
0.0
0.0
0.0
0.0
0.0
0.0
0.0
0.0
0.0
0.0
0.0
0.0
0.0
0.0
0.0
0.0
0.0
0.0
0.0
0.0
0.0
0.0
0.0
0.0
0.0
0.0
0.0
0.0
0.0
0.0
0.0001273489994560638
0.00013075437295520534
2.658288951827809e-05
5.466320100439277e-06
1.263375994231038e-05
1.8066835792851757e-05
3.058095499655946e-05
1.1776583703345892e-05
1.0688610912243592e-05
3.926646788885625e-05
6.062846033849853e-05
0.00012255004409697525
0.000251211845744414
0.00025653907401024207
0.00036584581560247494
0.00041838862561919307
0.0
0.0
0.0
0.0
0.0
0.0
0.0
0.0
0.001270408541719575
0.0008965923063564788
0.0005545090246593852
0.000380162485362205
0.00027871902285702896
0.000253312027692023
0.00025658285285042216
0.00015224593380286616
8.037452764991947e-05
6.466367178719127e-05
6.807961502039304e-05
0.00013082897647644304
0.0003255323222841988
0.0004394354283383065
0.0005954421159460523
0.0006670107493530622
0.0
0.0
1.3189359378302987e-05
3.923617731393823e-05
4.41908705910102e-05
0.0001303332833385686
0.00024442998431522124
0.0005197443403544255
0.0020799917365211264
0.0019493118068093305
0.0012626780193739813
0.0008224344482640177
0.00047658888181740795
0.00037016107622269334
0.00034263827033699886
0.00026439808073975895
0.00019003743369219912
0.00015220553728868545
0.00017768594608153057
0.0002782089956959799
0.00042846283994130374
0.0004866457426850363
0.0006070177121092576
0.0006709132670931254
0.0
0.0
1.6806659599373176e-05
3.782214707944526e-05
0.0001370863867311401
0.0001956444971747079
0.0005176443563061283
0.0004863023802431587
0.0022431697663493353
0.0018514340713897252
0.0014753879496331532
0.0013853763304917006
0.0011087723564509383
0.0010327224604214447
0.0011432305644147264
0.0010051224158456307
0.0009810103747881676
0.0009974657104983686
0.0008364363411305293
0.000767545269159298
0.0009281884680696487
0.0009324970881213711
0.0010275883068788887
0.001071196604789811
1.2049211975751626e-05
4.472138358158715e-05
9.679666277730846e-05
0.00023824873096450153
0.0003426569000279689
0.0003045946417292956
0.0003550894826299513
0.0003407013243206241
0.002357463801919163
0.0016335229265994268
0.0009047663848063739
0.0007233769229351585
0.0006148239745492601
0.0005236068068733781
0.0005070454864087103
0.00033787616551858373
0.00023011125286646626
0.0001729886968953719
0.00017306184602316923
0.0002524234074922492
0.0005165803073654137
0.0005963854689032057
0.0007387896583111537
0.0008106927011190574
0.0
6.594492592636601e-06
3.4102126031252986e-05
8.72361975266824e-05
0.00019906807526980322
0.0003816455466110744
0.0004525410176990484
0.0006492431957143183
0.0024706702876085597
0.0020286961088201503
0.001201892541669905
0.0008247148639970172
0.0006221688370429613
0.0005329142033839026
0.00047008368287297945
0.00039881799993278267
0.0006161034923122611
0.0006453378248465559
0.0007250629671930393
0.0009753374966625342
0.0
0.0
0.0
0.0
0.0
0.0
0.0
0.0
0.0
0.0
0.0
8.519364166245002e-06
1.3615592363169015e-05
1.640632548972002e-05
0.0
0.0
0.0
0.0
0.0
0.0
0.0
0.0
0.0
0.0
0.0
0.0
0.0
9.887135254230486e-06
2.574271373803415e-05
2.9655950845761858e-05
6.135721389039452e-05
6.045517693392812e-05
0.0002650315688453879
0.00040312341482437604
0.0005265192219081891
0.0006201029791294062
0.0028190102872695483
0.0017753482204804463
0.0006308199515462463
0.0003744853771387806
0.0002785149591718876
0.0002349644923794462
0.00025341166167045556
0.00014848291030061025
6.826855728730131e-05
5.1640270779746614e-05
5.229739048938161e-05
0.00010600076528214296
0.0002536082279369955
0.0002980820922843045
0.0003790574111647043
0.00042809833018193395
0.0
0.0
0.0
0.0
0.0
0.0
0.0
0.0
0.0011288723152246365
0.0008420919645134766
0.0004237021206559314
0.0003307093217017095
0.0002515285355850271
0.00018404726651759953
0.0002097194887823932
0.0001484473250152328
0.00015212734676313362
0.00015809245327235008
0.00018911231220915123
0.000303176281186699
0.00045088374218147753
0.0005853096291566948
0.0007313507654975798
0.0007637773645767591
0.0
0.0
0.0
0.0
0.0
0.0
0.0
0.0
0.0009901894955177692
0.0006977445243786245
0.0003449379883490544
0.00024029175232026433
0.0001539946692882097
9.27482199835981e-05
8.689762252763307e-05
9.166176616089394e-05
0.00017881244585278748
0.0003919286439740045
0.0005490753771486141
0.0005970991583610683
0.0007688746506509562
0.0008806564761615681
0.001008545516952641
0.001069365085112497
0.0
1.52754978008499e-05
2.5424539612938733e-05
3.8670206974814614e-05
0.0002673699977388636
0.00027254531239576617
0.00039670130782279114
0.00034994409386139824
0.0028583808933204183
0.0018540079572927752
0.0011868019742427782
0.0010790958886279143
0.0010399906940181383
0.000820091712483695
0.0006548902311709977
0.0005779530742705575
0.0006165965874666612
0.0008943131905270121
0.0008872765728617226
0.0008463080107398611
0.0012454622924262017
0.0014074224248346355
0.0014361734422145775
0.0012616035355260413
1.8429941370974366e-05
0.00017237638342146314
0.0003087888572671267
0.00048141539747034734
0.0005616455291480215
0.0006900539735711253
0.0007196700016281485
0.000710563755972269
0.002627386155646177
0.0023366173556031303
0.0014084199673964296
0.0011681451062105805
0.0010130251292248935
0.0008590923613904907
0.0007857360351543729
0.0005289053853287713
0.00036538005794662667
0.00028583604583928764
0.0003658031345643269
0.0005110445181208675
0.0006846849688081345
0.0007798975007952641
0.0009564320770847442
0.0010778064314988334
1.2013606412830505e-05
3.41020760370979e-05
0.00030307485545041414
0.0003411755954129953
0.0006263674644034323
0.0005345006605217214
0.0007312291180750193
0.0005592705542536387
0.0026613366717955834
0.002264151818887348
0.0013099341193439573
0.0008838512564875755
0.0008309949532670656
0.0007606470156997876
0.0006884924350171323
0.0006277932437123399
0.0009733622585564721
0.0010407480660226257
0.0011191327945458205
0.0013367020726356349
0.0
0.0
0.0
0.0
1.2620196418223459e-05
2.2758131769690887e-05
3.243477132174834e-05
3.777636417969321e-05
4.412400028667261e-05
0.00011999903213534152
0.0002000048236149262
0.00028186430456909515
0.0002565384536720145
0.00032193851133582467
0.00022668148903035994
0.00015560483937806908
3.8173648447669626e-05
2.590828825479252e-05
2.1841966784521925e-05
1.518990422755235e-05
1.9615899201579486e-05
1.6464776482602063e-05
2.2531099558203697e-05
2.3924514135352984e-05
3.6504623502858936e-05
4.055119397958412e-05
4.815126325539162e-05
4.251569406581295e-05
0.00016164041730894912
0.00026880897818460053
0.0002488258581814735
0.0003584598062660122
0.00031157670891706057
0.0003760481180341657
0.00032220204955210195
0.0003836755513298871
0.0033951535540971897
0.0022005578950415475
0.001123243380102054
0.00085837570344295
0.0006616639305618046
0.0004904697647254887
0.0005269319426673875
0.00033089983332760387
0.0002769269454402225
0.0002455166843227665
0.0002520150260481103
0.0003533920184083345
0.000524234725691181
0.0006007447836069781
0.0008526925810943242
0.0009311348768306076
0.0
0.0
0.0
0.0
0.0
0.0
0.0
0.0
0.0016638644039003445
0.0012074864440156656
0.0005125523986867605
0.0003939913579366728
0.0003075471272518568
0.0002364360811372182
0.00022015139838025733
0.0001136313244117669
8.701111671261856e-05
0.0001567935922787729
0.00021467102332163064
0.00024726257242868805
0.00036327929938734075
0.00041583787593757677
0.0004717011121252575
0.0004997248582556213
0.0
0.0
0.0
0.0
0.0
0.0
0.0
0.0
0.0008346796949452689
0.0006549002371378075
0.00026328392612737835
0.00013939157167204262
8.376138789043849e-05
5.048914412000372e-05
4.712827176181596e-05
8.277410410072487e-06
0.0
0.0
0.0
9.211202356721424e-06
6.120362999066234e-05
9.471965946945527e-05
0.0001663788879861875
0.0002065768226554228
0.0
0.0
0.0
0.0
0.0
0.0
0.0
1.3541217464794186e-05
0.001876325062691748
0.001346874371993487
0.0009798606396476046
0.0009761077911907973
0.0009930540230420114
0.0007652863016363743
0.0005830736460213978
0.0005385476384165191
0.0005457609648649932
0.0005437348759123121
0.0006128538056309
0.0007543941074562191
0.000947943530206083
0.0010407357873059061
0.0012126728244234934
0.0013419630827292727
2.1041466367340468e-05
0.0002491727896296108
0.00039525656839607773
0.0006629297551354403
0.0006203936481044695
0.0007672205093320223
0.000693469732344091
0.0008328623639984656
0.0025249787135017045
0.0025966706795676024
0.0014573779633908813
0.000952019819557853
0.0006459905532291327
0.00047509891922647014
0.00043020768828297217
0.000306309723429717
0.00024307593399247466
0.00021596328786969545
0.00021007893078121956
0.0003508441909130316
0.0005458014945806338
0.000601508511620414
0.00072505621554404
0.0007723171408954744
0.0
0.0
2.5367472254185823e-05
2.6571570732150993e-05
5.606033775758769e-05
4.891396736189102e-05
0.0001783960021524278
0.00018925541049788806
0.0021854739920481783
0.0015612302219493398
0.001068310203682974
0.0009255914340521775
0.0008125911541335428
0.0007162773160437828
0.0006752185511618564
0.0006443281391480995
0.0009688922827755513
0.0010367044015141432
0.0011109822642111592
0.0012928796985712614
0.0
0.0
0.0
0.0
0.0
0.0
0.0
0.0
0.0
0.0
0.0
0.0
0.0
0.0
0.0
0.0
0.0
0.0
0.0
0.0
0.0
0.0
0.0
0.0
0.0
0.0
0.0
0.0
0.0
0.0
0.0
0.0
0.0
0.0
0.0
0.0
0.0
0.0
0.0
0.0
0.0
0.0
0.0
0.0
0.0
0.0
0.0
0.0
0.0
0.0
0.0
0.0
0.0
0.0
0.0
0.0
0.0
0.0
0.0
0.0
0.0002871926912911916
0.0002756790633014529
5.128788826007897e-05
1.9815801609684063e-05
2.222418393764611e-06
2.5245728280388505e-08
0.0
0.0
0.0
0.0
0.0
0.0
3.2351030985119704e-07
1.3306055991994733e-05
5.744094896680292e-05
6.941438685005862e-05
0.0
0.0
0.0
0.0
0.0
0.0
0.0
0.0
0.000540398055258092
0.0004301939499002545
0.00013379505758658546
6.92172689471155e-05
1.9243863000754418e-05
2.9364273519789797e-06
9.37749805631264e-07
0.0
0.0
0.0
0.0
0.0
5.360466616804221e-09
8.123785297174316e-06
3.320559395812096e-05
5.7147985913739084e-05
0.0
0.0
0.0
0.0
0.0
0.0
0.0
0.0
0.00027805736268227257
0.0003221929708815269
8.486504809101298e-05
1.1946590855472351e-05
1.2524447244511794e-06
0.0
0.0
0.0
0.0
0.0
0.0
0.0
0.0
5.4109419899150775e-08
2.431971077569867e-05
5.9915733419756945e-05
0.0
0.0
0.0
0.0
0.0
0.0
0.0
0.0
0.00048751380430984206
0.0003278483801510559
8.029802501679576e-05
3.831283055402018e-05
1.0180114810796628e-05
1.5844172335754782e-06
4.78567581575696e-07
0.0
0.0
0.0
0.0
0.0
0.0
1.1813866895046943e-07
2.9440034109780592e-05
7.567523647745174e-05
0.0
0.0
0.0
0.0
0.0
0.0
0.0
0.0
0.0010091820423290588
0.0006271319464322752
0.00033599336954284476
0.000223858507517183
0.00016798087815853658
0.00014317711866901673
0.00012443658065514017
6.842549929098171e-05
7.621488459065107e-05
8.500094771299413e-05
0.00010640617375691196
0.0001606957372529648
0.0
0.0
0.0
0.0
0.0
0.0
0.0
0.0
8.234293244180164e-06
1.8055598703620066e-05
3.320344347208701e-05
5.756906661063523e-05
9.47955555205736e-05
0.000143077455037402
7.568320680087917e-05
2.889151178628282e-05
1.3975058334293824e-05
6.036973576926528e-06
0.0
0.0
0.0
0.0
0.0
0.0
0.0
5.656058618717459e-06
1.584766299101291e-05
1.3038750418212324e-05
2.4419542130151675e-05
2.459978914847296e-05
4.316210402128165e-05
4.840645802558058e-05
0.00014817276750996806
0.00015448099566770873
0.000270115949085635
0.00029085896359589634
0.0019026659201702453
0.001031109178253905
0.00043227994264163325
0.00023630122203271273
0.00016510770066627525
0.00011804889156292378
0.00012503611931617784
3.28241329333912e-05
5.077781693640304e-06
2.6776745162859195e-06
1.4584714514399675e-06
1.174869038998795e-05
6.572478744147086e-05
0.00012136095510044493
0.0001983527178204449
0.00024759167402890747
0.0
0.0
0.0
0.0
0.0
0.0
0.0
0.0
0.0010452966366113865
0.0006450490024560172
0.0002486805853789037
0.0001534063204219568
5.856499961514562e-05
3.0992388569793045e-05
1.5196205631831012e-05
8.468986034164208e-07
0.0
0.0
0.0
0.0
2.075513663597888e-05
5.572891393263063e-05
0.00010813594825229723
0.0001390610737161618
0.0
0.0
0.0
0.0
0.0
0.0
0.0
0.0
0.0002578488276721332
0.00023656837579647411
5.6561250093379684e-05
2.136362559468466e-05
3.3479994162768777e-06
4.110095965545923e-07
3.9910327543801835e-07
0.0
0.0
0.0
0.0
0.0
2.7676714900061415e-05
5.3524549811025813e-05
9.201438891890891e-05
0.00010886315944228871
0.0
0.0
0.0
0.0
0.0
0.0
0.0
0.0
0.00017073496260409086
0.00016083783740290471
3.820561458595208e-05
4.2431332189764995e-05
5.0819657774628035e-05
4.593990768251655e-05
6.121036439482961e-05
3.8550276879826265e-05
3.448354306382201e-05
1.7701498638342143e-05
3.4320212508014953e-06
6.493771503967683e-05
0.0001139482719337757
0.00011959187107029241
0.0001905607256968472
0.00023009942132607645
0.0
0.0
0.0
0.0
0.0
0.0
0.0
0.0
0.0004970150454163623
0.0005017784763028827
0.00026130033442654533
0.00017204236307983355
0.00011420972875831204
7.528050076965796e-05
7.77882513153541e-05
5.0115551289653465e-05
3.9333930884189825e-05
3.427023430142455e-05
4.2488728064547063e-05
5.030785895487562e-05
0.0001696800965561651
0.00026015319207618536
0.0004277730470632085
0.0005302631089989212
0.0
0.0
0.0
0.0
0.0
9.36188104936208e-06
2.0147032304417247e-05
3.283660243741606e-05
0.001531494157969561
0.0010085643102514755
0.0007346332910960034
0.0005414649323512321
0.00044482229597207713
0.0003427334878545264
0.00032032862037438173
0.00025537604726685815
0.00033147953904448367
0.00035470917402778083
0.00040407328394937624
0.000642065547435454
0.0
0.0
0.0
0.0
0.0
0.0
0.0
0.0
0.0
2.1854985256956422e-05
2.046355323289337e-05
3.171739756700528e-05
2.8838124569793412e-05
3.0313969110245163e-05
9.640656791145045e-06
0.0
0.0
0.0
0.0
0.0
0.0
0.0
0.0
0.0
0.0
0.0
0.0
0.0
0.0
0.0
0.0
0.0
0.0
0.0
0.0
0.0
0.0012073876454006746
0.0006623256849290219
0.00024594888539904375
0.00014026255639495742
6.900679422813675e-05
3.927172399864261e-05
3.223531268065038e-05
1.385219016792518e-06
0.0
0.0
0.0
0.0
6.587724781067468e-06
3.4306783767155276e-05
0.00011906596260839611
0.00016758617864506806
0.0
0.0
0.0
0.0
0.0
0.0
0.0
0.0
0.0007598413974129421
0.0005634862948302447
0.00023690876927295423
0.00013858410279670008
5.1473384533861486e-05
2.3724391108366103e-05
1.3402209067418937e-05
2.004517142750607e-06
6.134620871441893e-07
8.923290326803311e-07
9.233380605941369e-07
6.11579926729702e-06
6.45235008383957e-05
8.589713209067251e-05
0.00012582807628686466
0.00014648545403246223
0.0
0.0
0.0
0.0
0.0
0.0
0.0
0.0
0.00017329772289484527
0.00015438043807986754
2.4209727824804004e-05
2.199219135929252e-06
1.5776447096082684e-07
0.0
6.310592158579065e-09
0.0
0.0
0.0
0.0
0.0
9.715054686593352e-06
3.836043329096792e-05
8.761257747865138e-05
0.00012029772063115709
0.0
0.0
0.0
0.0
0.0
0.0
0.0
0.0
0.0005305453700282606
0.0004264907828129628
9.698580199208961e-05
5.8095360088179935e-05
3.957151529550935e-05
2.5761050603830506e-05
2.576027893526575e-05
1.3595160484196706e-06
0.0
0.0
0.0
0.0
1.5703770215032678e-05
7.00147472768887e-05
0.0001983161137817589
0.000244367927697571
0.0
0.0
0.0
0.0
0.0
0.0
0.0
0.0
0.0012081927027349434
0.0006059558661462594
0.0001731433656734231
7.638229642729675e-05
3.971711712154247e-05
1.6603508447304713e-05
8.963458844485131e-06
2.972087272988731e-07
0.0
0.0
0.0
0.0
0.0
9.192070301995393e-09
3.0880083719235716e-05
7.439503621554194e-05
0.0
0.0
0.0
0.0
0.0
0.0
0.0
0.0
0.00026577904410033385
0.00017230036411935109
7.725628294025447e-05
4.3017872687626493e-05
2.623378455928303e-05
1.6282255433892765e-05
9.378238779323937e-06
1.1018655681871706e-06
4.528988594567644e-06
1.5019511568200671e-05
4.528470222850495e-05
0.00014451805931200773
0.0
0.0
0.0
0.0
0.0
0.0
0.0
0.0
0.0
0.0
0.0
0.0
0.0
0.0
0.0
0.0
0.0
0.0
0.0
0.0
0.0
0.0
0.0
0.0
0.0
0.0
0.0
0.0
0.0
0.0
0.0
0.0
0.0
0.0
0.0
0.0007415582308337139
0.0006367271500686394
0.0002684319190637592
0.00013928905978885346
7.396057467877541e-05
4.67378404433418e-05
4.22124798521805e-05
1.611400797612426e-05
6.841104459362738e-07
0.0
0.0
0.0
0.0
1.1008654884547116e-05
9.565244955083789e-05
0.00018977511859039878
0.0
0.0
0.0
0.0
0.0
0.0
3.0011834716447712e-06
2.1173671214719174e-05
0.001431101645191173
0.0010600453040376643
0.0005357402150717193
0.0003037393781879732
0.0002046441401164907
0.00015982099180883192
0.00016040066589036498
0.00011373966350203745
6.847104154406051e-05
2.5160442691859373e-05
2.3698510116242086e-05
5.64547903329926e-05
0.00012117694239756544
0.00021550398572745772
0.0003921749661394483
0.0005088302912240223
0.0
0.0
0.0
1.4441041691294444e-05
5.091493808712948e-05
8.234379591233682e-05
0.00015219508442304897
0.00020058539712346
0.0017147081218626045
0.0013148457519190772
0.0005297340153571148
0.0002760683753708743
0.00016102001711890867
0.00010948024787138888
9.979027088093672e-05
5.138114597184096e-05
1.574901214242701e-05
4.266836918272759e-06
3.0604379472295384e-06
1.594545284676934e-05
7.200878787902906e-05
0.0001394838025036213
0.00023137091278932213
0.00026569145736144085
0.0
0.0
0.0
0.0
0.0
0.0
0.0
0.0
0.0007240899174461187
0.0007577894828379225
0.00047507004146710825
0.00045553634905692094
0.0003707602015231291
0.00034840278068050705
0.0004786343678362553
0.0004178629948189114
0.0004222753324252516
0.00043046084915408355
0.0004325891286017884
0.0003727339630355075
0.00032857332707480216
0.00040238389459054696
0.0005158065440491323
0.0005453925688737439
0.0
0.0
0.0
0.0
0.0
0.0
0.0
0.0
0.0009132586387292364
0.0006922449667240393
0.0003527885100662885
0.0002493584765876261
0.00015193862931333222
9.765438281519734e-05
9.394785869432638e-05
0.00013166039108923467
0.00016701936250838864
0.00015901046175779553
0.0001536661585712522
0.00020497157178269308
0.00035792275118087574
0.00042349380982638346
0.0005030392816393639
0.0005525646076268413
0.0
0.0
0.0
0.0
0.0
5.027556985062483e-06
2.2359158297093387e-05
1.9208100890438944e-05
0.001546488590414462
0.0011318453293914805
0.0009128640472437377
0.0008004078956852636
0.0007273799241301075
0.0006684729204108291
0.000586850042197006
0.0005653269526827146
0.000646286300113422
0.0006960425871251256
0.0007135584379730245
0.0008632851064793482
0.0
0.0
0.0
1.1314998392941407e-05
2.3921711647994426e-05
3.797029303750531e-05
8.561216504988909e-05
0.0002835643314520134
0.0004037465332359944
0.0005518283393322254
0.000594588746917994
0.0007416718774471557
0.0006993760599033668
0.0007363852165580952
0.00046203361300009484
0.0002651511804659928
4.673591029075846e-05
1.6944887218155255e-05
9.400767372169417e-06
8.896630280569312e-06
0.0
0.0
0.0
0.0
0.0
0.0
3.357252573628647e-06
7.495232242205755e-06
1.2910938107012219e-05
1.4870562464802297e-05
2.1712955152748508e-05
1.980650488514765e-05
2.493780152992735e-05
3.47315478372432e-05
9.970030177843268e-05
0.00015203647018604063
0.0022246076354769002
0.0015599749932346935
0.0006365688476657631
0.0003781367822576815
0.00023178462554260734
0.00015296866185193599
0.0001491461281395817
8.455769484023033e-05
1.9816640905740024e-05
7.108316019079025e-07
0.0
2.5288648201083274e-06
3.794222545620165e-05
9.230075754826826e-05
0.00020598181209079947
0.00026873877284871046
0.0
0.0
0.0
0.0
0.0
0.0
0.0
0.0
0.0010952360688911051
0.0007988394163837704
0.0003007254367229167
0.00014661286923680996
8.21789172820269e-05
4.9930897634034754e-05
4.180379402684838e-05
1.3947088069342479e-05
1.4676474090313296e-07
0.0
0.0
0.0
0.0
1.7294569030651294e-06
5.0540691023537295e-05
0.00011618710157634231
0.0
0.0
0.0
0.0
0.0
0.0
0.0
0.0
0.0005405165883036613
0.0004789447446808913
0.00017016809485184573
4.7349275739054186e-05
2.3175082250069214e-05
7.767322967434174e-06
4.12308717925309e-06
1.5761151116543493e-07
0.0
0.0
0.0
0.0
9.811920556329895e-07
3.119064992005423e-05
9.685264822306058e-05
0.00012852110241213876
0.0
0.0
0.0
0.0
0.0
0.0
0.0
0.0
0.00031161021633895
0.000317961488112384
9.730921703962636e-05
3.14617794738552e-05
5.160567051123653e-06
2.609608583751203e-07
1.864013946699273e-08
0.0
0.0
0.0
0.0
0.0
0.0
3.636014299525851e-06
5.2336582521432426e-05
6.911176910939218e-05
0.0
0.0
0.0
0.0
0.0
0.0
0.0
0.0
0.00012330261097772622
0.00013209458856203556
3.731419476502971e-05
1.0753870113208949e-05
1.5700643619978992e-07
0.0
0.0
0.0
0.0
0.0
0.0
0.0
0.0
0.0
4.694018995255271e-06
2.003579551945894e-05
0.0
0.0
0.0
0.0
0.0
0.0
0.0
0.0
4.7404159458088344e-05
7.728872146007145e-05
2.7175567673802134e-05
6.580275144525427e-06
3.280646463188671e-07
0.0
0.0
0.0
0.0
0.0
0.0
0.0
0.0
0.0
0.0
0.0
0.0
0.0
0.0
0.0
0.0
0.0
0.0
0.0
0.0
0.0
0.0
0.0
0.0
0.0
0.0
0.0
0.0
0.0
0.0
0.0
0.0
0.0
0.0
0.0
0.0
0.0
0.0
0.0
0.0
0.0
0.0
0.0
9.572478951940956e-05
0.00010299783902281482
4.761467722968183e-06
2.3128507927500197e-07
0.0
0.0
0.0
0.0
0.0
0.0
0.0
0.0
0.0
0.0
0.0
1.916849228271525e-07
0.0
0.0
0.0
0.0
0.0
0.0
0.0
0.0
1.6443437085433214e-05
3.4947719681770486e-05
3.38360235719069e-08
0.0
0.0
0.0
0.0
0.0
0.0
0.0
0.0
0.0
0.0
0.0
0.0
0.0
0.0
0.0
0.0
0.0
0.0
0.0
0.0
0.0
1.1477499714159926e-05
2.8156396132264326e-05
2.1167170947796656e-09
0.0
0.0
0.0
0.0
0.0
0.0
1.7456839941094475e-06
1.1221918001658586e-05
7.999734757739535e-05
0.0001542581861367528
0.0001465385092443128
0.00026017691006292393
0.00044092641491546734
0.0
0.0
0.0
0.0
0.0
0.0
0.0
0.0
0.0009135366706122237
0.0008707070394963258
0.0006676114217329543
0.00048466702746586453
0.0004703534689513057
0.0005348697209345385
0.000564171283734259
0.0004781690614399957
0.0004665131471750629
0.00047255180602399596
0.0004707567252710582
0.000525095332394994
0.000605720823448726
0.0006091968768932451
0.00062313734366866
0.0005561284685837444
0.0
0.0
0.0
0.0
0.0
0.0
0.0
0.0
0.0007224789155607141
0.0005502249319122002
0.0002778032360609336
0.00017598229457281447
0.00012241620287362589
7.541931286534598e-05
2.8539794021186704e-05
5.342866216329645e-06
1.5083049647730836e-06
9.351087794530604e-07
1.7933804894240828e-07
3.558154081483516e-05
0.00010741933914529196
0.00010886772484304049
0.00013135335217011142
0.00015896385623199167
0.0
0.0
0.0
0.0
0.0
0.0
0.0
0.0
0.00028116216954501383
0.00032585254890107554
0.00018611945851736288
0.00011076680200150948
6.264508457423049e-05
1.9412116083906007e-05
9.671054965885233e-06
3.9820733427193415e-06
1.2002251420485152e-05
1.8687038230260526e-05
2.943362285790512e-05
0.0001204046302239744
0.0
0.0
0.0
0.0
0.0
0.0
0.0
0.0
0.0
0.0
0.0
0.0
0.0
0.0
0.0
0.0
0.0
0.0
0.0
0.0
0.0
0.0
0.0
0.0
0.0
0.0
0.0
0.0
0.0
0.0
0.0
0.0
0.0
0.0
0.0
0.0
0.0004752390792733605
0.00041210322533736377
9.28978657980254e-05
4.3573848762639976e-05
2.10593259992634e-05
4.845628936566845e-06
2.6613683404426768e-06
1.2436644980899508e-07
0.0
0.0
0.0
0.0
0.0
0.0
2.5027388704995396e-05
6.78699732069716e-05
0.0
0.0
0.0
0.0
0.0
0.0
0.0
0.0
0.0004304010742060836
0.000377605827680479
9.959917281182908e-05
2.5485113765733797e-05
2.6990989839943006e-06
1.0429348843404972e-06
5.214734538772092e-07
0.0
0.0
0.0
0.0
0.0
0.0
0.0
0.0
6.048357976665618e-06
0.0
0.0
0.0
0.0
0.0
0.0
0.0
0.0
0.00019247760875868596
0.0001410537001231595
1.744946259409474e-05
2.320441771501908e-06
2.5653321247207014e-07
0.0
0.0
0.0
0.0
0.0
0.0
0.0
0.0
0.0
0.0
0.0
0.0
0.0
0.0
0.0
0.0
0.0
0.0
0.0
6.723203807545973e-05
7.585952541478737e-05
1.540769606347786e-05
1.2959971241315913e-05
1.8055499317887927e-06
4.2217419485605375e-06
1.1674559238391766e-05
1.6681038983408682e-06
1.4802250674880087e-06
1.2132125357280995e-06
1.318731343559342e-06
2.587792569954987e-05
8.865430799939543e-05
0.00012553059203531923
0.0002398815311895336
0.0003329513844529257
0.0
0.0
0.0
0.0
0.0
0.0
0.0
0.0
0.0012646409621131414
0.0007616019619411481
0.00033232708431442696
0.00020221397613079826
0.0001276188381410381
8.06108171289749e-05
7.120667179949683e-05
4.9439912890265014e-05
1.3535890972307853e-05
4.6724465470678577e-07
0.0
4.159055462435397e-07
1.3451323684544268e-05
4.8469922733306585e-05
0.00018291674422082652
0.00027394188375633573
0.0
0.0
0.0
0.0
0.0
0.0
0.0
0.0
0.0009146672774681377
0.0007246306757300571
0.0005383233319152276
0.00043743143021345867
0.0003330635943141919
0.0002453536668260692
0.00017906207767807712
0.0001243472813260484
0.00021392179884608436
0.0002245427317021016
0.00023772541374671995
0.00033345169773893777
0.0
0.0
0.0
0.0
0.0
0.0
0.0
0.0
0.0
0.0
0.0
0.0
0.0
0.0
0.0
0.0
0.0
0.0
0.0
0.0
0.0
0.0
0.0
0.0
0.0
0.0
0.0
0.0
0.0
0.0
0.0
0.0
0.0
0.0
0.0
0.0
9.557134088258846e-05
9.30470994807928e-05
1.4108681915972077e-05
8.34780015862659e-06
3.3929664808729533e-06
1.3461339427389808e-06
1.2469358985914419e-06
0.0
0.0
0.0
0.0
2.6385279511262875e-07
1.5258149991572331e-05
4.923737099215978e-05
0.00010547458474833614
0.00012833096620821618
0.0
0.0
0.0
0.0
0.0
0.0
0.0
0.0
0.0005954658694135369
0.00047897498577305266
0.0001539482886984426
7.596170338253105e-05
4.968002925519229e-05
2.954823517400264e-05
2.324600101456427e-05
3.491829699365036e-06
3.2397225663706335e-08
0.0
0.0
0.0
0.0
4.6901948209845787e-07
4.462305366923304e-05
0.0001067454984502495
0.0
0.0
0.0
0.0
0.0
0.0
0.0
0.0
0.0006430540655983395
0.00048568976849312366
0.00013055747994865572
4.950002100048789e-05
2.2683944170011742e-05
7.542008789169753e-06
3.799046342139731e-06
6.264358177633102e-07
0.0
0.0
0.0
0.0
0.0
4.048425104873625e-06
4.6470568820074356e-05
0.0001015406525936089
0.0
0.0
0.0
0.0
0.0
0.0
0.0
0.0
0.0003841065511351411
0.0003464816860342944
9.262329525011773e-05
3.3851495143477744e-05
5.3957613802832175e-06
1.8138103485706835e-06
1.7813572471581775e-06
7.151543940399531e-08
0.0
0.0
0.0
5.851269960800077e-08
7.91021735090044e-06
5.643118556749495e-05
0.00012072114123369897
0.0001271542875044903
0.0
0.0
0.0
0.0
0.0
0.0
0.0
0.0
0.00018478914009615018
0.00015766230119924454
9.542349792613505e-05
0.00012204432092881294
6.585016252274425e-05
1.1152725286259868e-05
1.1762594929633883e-05
6.31102993548431e-07
0.0
0.0
0.0
0.0
0.0
1.8825653667471728e-06
3.8327855666804915e-05
7.451459193910571e-05
0.0
0.0
0.0
0.0
0.0
0.0
0.0
0.0
0.0004958342584783237
0.0003786575445446035
0.00015173274374143692
7.180986374843228e-05
4.2891718972462e-05
2.4558051493807436e-05
9.800482650040078e-06
1.7035183032918682e-06
7.564010463204407e-07
4.0122472513943955e-07
0.0
0.0
0.0
0.0
0.0
0.0
0.0
0.0
0.0
0.0
0.0
0.0
0.0
0.0
0.0
0.0
0.0
0.0
0.0
0.0
0.0
0.0
0.0
0.0
0.0
0.0
0.0
0.0
0.0
0.0
0.0
0.0
0.0
0.0
0.0
0.0
0.0
0.0
4.4059700770511274e-05
6.20484545018571e-05
9.824891258597968e-07
0.0
0.0
0.0
0.0
0.0
0.0
0.0
0.0
0.0
0.0
0.0
0.0
0.0
0.0
0.0
0.0
0.0
0.0
0.0
0.0
0.0
6.0123775071354625e-05
7.759146831893875e-05
2.1830589036927175e-06
5.64077548756909e-07
1.97922735341341e-08
0.0
0.0
0.0
0.0
0.0
0.0
0.0
0.0
0.0
4.221387426532064e-06
3.173803010842688e-05
0.0
0.0
0.0
0.0
0.0
0.0
0.0
0.0
0.00010256226771174212
9.902491872148568e-05
4.190501131870576e-06
5.88636146519418e-07
0.0
0.0
0.0
0.0
0.0
0.0
0.0
0.0
0.0
0.0
9.920877871840577e-08
7.834775596046983e-06
0.0
0.0
0.0
0.0
0.0
0.0
0.0
0.0
2.618447486148387e-05
3.063466905216678e-05
3.9714755293156455e-08
0.0
0.0
0.0
0.0
0.0
0.0
0.0
0.0
0.0
0.0
0.0
0.0
0.0
0.0
0.0
0.0
0.0
0.0
0.0
0.0
0.0
1.6691311095456924e-05
1.8696676699792517e-05
0.0
0.0
0.0
0.0
0.0
0.0
0.0
0.0
0.0
0.0
0.0
0.0
0.0
0.0
0.0
0.0
0.0
0.0
0.0
0.0
0.0
0.0
8.284114629837499e-07
6.742947574119321e-06
2.2185676232059907e-07
0.0
0.0
0.0
0.0
0.0
0.0
0.0
0.0
0.0
0.0
0.0
0.0
0.0
0.0
0.0
0.0
0.0
0.0
0.0
0.0
0.0
0.0
0.0
0.0
0.0
0.0
0.0
0.0
0.0
0.0
0.0
0.0
0.0
0.0
0.0
0.0
0.0
0.0
0.0
0.0
0.0
0.0
0.0
0.0
0.0
6.42841560904969e-07
1.3089088415424662e-06
0.0
0.0
0.0
0.0
0.0
0.0
0.0
0.0
0.0
0.0
0.0
0.0
0.0
0.0
0.0
0.0
0.0
0.0
0.0
0.0
0.0
0.0
4.829392015571932e-07
7.74871209117034e-07
0.0
0.0
0.0
0.0
0.0
0.0
0.0
0.0
0.0
0.0
0.0
0.0
0.0
0.0
0.0
0.0
0.0
0.0
0.0
0.0
0.0
0.0
1.5885121723209342e-07
1.6557190105434137e-08
0.0
0.0
0.0
0.0
0.0
0.0
0.0
0.0
0.0
4.207390755876359e-06
3.6166543224338964e-05
4.571469053517275e-05
8.882246136381123e-05
0.0001060100935468822
0.0
0.0
0.0
0.0
0.0
0.0
0.0
0.0
0.00016566619151349392
0.00014394832598406976
2.1932745660722634e-05
2.5284788450922667e-06
4.825283436362689e-07
0.0
0.0
0.0
0.0
0.0
0.0
0.0
0.0
0.0
0.0
5.771966921590625e-06
0.0
0.0
0.0
0.0
0.0
0.0
0.0
0.0
0.00027051536048181793
0.00016643685773725934
3.066134717177744e-05
6.129339433556507e-06
7.397715568372011e-07
0.0
0.0
0.0
0.0
0.0
0.0
0.0
0.0
0.0
0.0
0.0
0.0
0.0
0.0
0.0
0.0
0.0
0.0
0.0
0.0
2.6325348352836556e-07
0.0
0.0
0.0
0.0
0.0
0.0
0.0
0.0
0.0
0.0
0.0
0.0
0.0
0.0
0.0
0.0
0.0
0.0
0.0
0.0
0.0
0.0
0.0
0.0
0.0
0.0
0.0
0.0
0.0
0.0
0.0
0.0
0.0
0.0
0.0
0.0
0.0
0.0
0.0
0.0
0.0
0.0
0.0
0.0
0.0
0.0
0.0
0.0
0.0
0.0
0.0
0.0
0.0
0.0
0.0
0.0
0.0
0.0
0.0
0.0
0.0
0.0
0.0
0.0
0.0
0.0
0.0
0.0
0.0
0.0
0.0
0.0
0.0
0.0
0.0
0.0
0.0
0.0
0.0
0.0
0.0
0.0
0.0
0.0
0.0
6.577142071757887e-07
0.0
0.0
0.0
0.0
0.0
0.0
0.0
0.0
1.110079039779535e-05
3.530756742968678e-05
2.344874678226109e-07
0.0
0.0
0.0
0.0
0.0
0.0
0.0
0.0
0.0
3.0243883508988846e-06
1.5658683514911095e-05
5.787180946553008e-05
7.128832385834476e-05
0.0
0.0
0.0
0.0
0.0
0.0
0.0
0.0
5.297793621291225e-05
7.439061844640823e-05
4.37505812525129e-06
9.826858200155955e-07
1.303570162311848e-07
0.0
0.0
0.0
0.0
0.0
0.0
0.0
0.0
8.997823477234036e-07
3.548217654557291e-05
5.706172940549709e-05
0.0
0.0
0.0
0.0
0.0
0.0
0.0
0.0
8.665198777686628e-05
8.254606546102849e-05
3.3742175060133933e-06
1.9093335820810078e-07
0.0
0.0
0.0
0.0
0.0
0.0
0.0
0.0
0.0
0.0
0.0
0.0
0.0
0.0
0.0
0.0
0.0
0.0
0.0
0.0
2.1827348951058176e-05
2.9888991533281457e-05
5.606401062927151e-06
9.11585371107818e-07
0.0
0.0
0.0
0.0
0.0
0.0
0.0
0.0
0.0
0.0
0.0
0.0
0.0
0.0
0.0
0.0
0.0
0.0
0.0
0.0
0.0
0.0
0.0
0.0
0.0
0.0
0.0
0.0
0.0
0.0
0.0
0.0
0.0
0.0
0.0
0.0
0.0
0.0
0.0
0.0
0.0
0.0
0.0
0.0
0.0
0.0
0.0
0.0
0.0
0.0
0.0
0.0
0.0
0.0
0.0
0.0
0.0
0.0
0.0
0.0
0.0
0.0
0.0
0.0
0.0
0.0
0.0
0.0
0.0
0.0
0.0
0.0
0.0
0.0
0.0
0.0
0.0
0.0
0.0
0.0
0.0
6.70286261260329e-09
8.732306799058201e-06
2.5538759254303904e-05
0.0
0.0
0.0
0.0
0.0
0.0
0.0
0.0
0.00027901265937033115
0.0001754902093312688
4.7521503878844446e-05
2.2382727891062688e-05
7.418700352332819e-06
2.1197994300804006e-06
1.958534833277289e-06
4.025038381444328e-08
0.0
0.0
0.0
0.0
0.0
0.0
3.7768195663593564e-07
1.8903104909063758e-05
0.0
0.0
0.0
0.0
0.0
0.0
0.0
0.0
0.000547706629868358
0.00029667847198969183
4.980318498606983e-05
1.3332865786798571e-05
2.905936430965135e-06
1.137128883832208e-06
7.314941005756976e-07
0.0
0.0
0.0
0.0
0.0
0.0
0.0
0.0
0.0
0.0
0.0
0.0
0.0
0.0
0.0
0.0
0.0
0.00023865414130250521
0.00012633125292854522
1.3969384693431257e-05
1.5741413502609007e-06
2.6624181764704725e-08
0.0
0.0
0.0
0.0
0.0
0.0
0.0
0.0
0.0
0.0
0.0
0.0
0.0
0.0
0.0
0.0
0.0
0.0
0.0
1.8771782132852693e-06
9.35098818679603e-06
6.324039341498011e-08
0.0
0.0
0.0
0.0
0.0
0.0
0.0
0.0
0.0
0.0
0.0
0.0
0.0
0.0
0.0
0.0
0.0
0.0
0.0
0.0
0.0
0.0
0.0
0.0
0.0
0.0
0.0
0.0
0.0
0.0
0.0
0.0
0.0
0.0
0.0
0.0
0.0
0.0
0.0
0.0
0.0
0.0
0.0
0.0
0.0
6.269112248738466e-05
3.50995773381542e-05
8.882727279083095e-07
0.0
0.0
0.0
0.0
0.0
0.0
0.0
0.0
0.0
0.0
0.0
2.740093852611628e-06
1.6364206902665134e-05
0.0
0.0
0.0
0.0
0.0
0.0
0.0
0.0
5.438130401940049e-05
5.156588743735066e-05
3.379605847188314e-07
0.0
0.0
0.0
0.0
0.0
0.0
0.0
0.0
0.0
0.0
0.0
0.0
0.0
0.0
0.0
0.0
0.0
0.0
0.0
0.0
0.0
0.0
0.0
0.0
0.0
0.0
0.0
0.0
0.0
0.0
0.0
0.0
0.0
0.0
0.0
0.0
0.0
0.0
0.0
0.0
0.0
0.0
0.0
0.0
0.0
0.0
0.0
0.0
0.0
0.0
0.0
0.0
0.0
0.0
0.0
0.0
0.0
0.0
0.0
0.0
0.0
0.0
0.0
0.0
0.0
0.0
0.0
0.0
0.0
0.0
0.0
0.0
0.0
0.0
0.0
0.0
0.0
0.0
0.0
0.0
0.0
0.0
0.0
0.0
0.0
0.0
0.0
0.0
0.0
0.0
0.0
0.0
0.0
0.0001900305226771676
0.0001291695724709008
5.190742957820605e-05
3.3605567206783306e-05
2.3191271099608683e-05
1.3486965433861996e-05
4.754562115281641e-06
1.44972223683649e-06
1.0021197036997206e-07
0.0
0.0
0.0
0.0
0.0
0.0
0.0
0.0
0.0
0.0
0.0
0.0
0.0
0.0
0.0
0.0
0.0
0.0
0.0
0.0
0.0
0.0
0.0
0.0
0.0
0.0
0.0
0.0
0.0
0.0
0.0
0.0
0.0
0.0
0.0
0.0
0.0
0.0
0.0
3.751929677933707e-05
3.1680443018191916e-05
3.6931795209156364e-07
0.0
0.0
0.0
0.0
0.0
0.0
0.0
0.0
0.0
0.0
0.0
0.0
1.2795414383711251e-06
0.0
0.0
0.0
0.0
0.0
0.0
0.0
0.0
2.415657088430275e-06
1.0528518820894895e-06
0.0
0.0
0.0
0.0
0.0
0.0
0.0
0.0
0.0
0.0
0.0
0.0
0.0
0.0
0.0
0.0
0.0
0.0
0.0
0.0
0.0
0.0
0.0
0.0
0.0
0.0
0.0
0.0
0.0
0.0
0.0
0.0
0.0
0.0
0.0
0.0
0.0
0.0
0.0
0.0
0.0
0.0
0.0
0.0
0.0
0.0
0.0
0.0
0.0
0.0
0.0
0.0
0.0
0.0
0.0
0.0
0.0
0.0
0.0
0.0
0.0
0.0
0.0
0.0
0.0
0.0
0.0
0.0
0.0
0.0
4.3451267581988164e-08
2.707352715331489e-07
0.0
0.0
0.0
0.0
0.0
0.0
0.0
0.0
0.0
0.0
0.0
0.0
0.0
0.0
0.0
0.0
0.0
0.0
0.0
0.0
0.0
0.0
0.0
0.0
0.0
0.0
0.0
0.0
0.0
0.0
0.0
0.0
0.0
0.0
0.0
0.0
0.0
0.0
0.0
0.0
0.0
0.0
0.0
0.0
0.0
0.0
0.0
0.0
0.0
0.0
0.0
0.0
0.0
0.0
0.0
0.0
0.0
0.0
0.0
0.0
0.0
0.0
0.0
0.0
0.0
0.0
0.0
0.0
0.0
0.0
0.0
0.0
0.0
0.0
0.0
0.0
0.0
0.0
0.0
0.0
0.0
0.0
0.0
0.0
0.0
0.0
0.0
0.0
0.0
0.0
0.0
0.0
0.0
0.0
0.0
0.0
0.0
0.0
0.0
0.0
0.0
0.0
0.0
0.0
0.0
0.0
0.0
0.0
0.0
0.0
0.0
0.0
0.0
0.0
0.0
0.0
0.0
0.0
6.01634983235134e-08
3.225438509600847e-07
0.0
0.0
0.0
0.0
0.0
0.0
0.0
0.0
0.0
0.0
0.0
0.0
0.0
0.0
0.0
0.0
0.0
0.0
0.0
0.0
0.0
0.0
0.0
0.0
0.0
0.0
0.0
0.0
0.0
0.0
0.0
0.0
0.0
0.0
0.0
0.0
0.0
0.0
0.0
0.0
0.0
0.0
0.0
0.0
0.0
0.0
0.0
0.0
0.0
0.0
0.0
0.0
0.0
0.0
0.0
0.0
0.0
0.0
0.0
0.0
0.0
0.0
0.0
0.0
0.0
0.0
0.0
0.0
0.0
0.0
0.0
7.353346598152573e-08
0.0
0.0
0.0
0.0
0.0
0.0
0.0
0.0
0.0
0.0
0.0
0.0
0.0
0.0
0.0
0.0
0.0
0.0
0.0
0.0
0.0
0.0
0.0
0.0
0.0
0.0
0.0
0.0
0.0
0.0
0.0
0.0
0.0
0.0
0.0
0.0
0.0
0.0
0.0
0.0
0.0
0.0
0.0
0.0
0.0
0.0
4.1513087192441626e-07
5.832584943652217e-07
0.0
0.0
0.0
0.0
0.0
0.0
0.0
0.0
0.0
0.0
0.0
0.0
0.0
0.0
0.0
0.0
0.0
0.0
0.0
0.0
0.0
0.0
9.004642725974071e-07
1.183250066927603e-06
0.0
0.0
0.0
0.0
0.0
0.0
0.0
0.0
0.0
0.0
0.0
0.0
0.0
0.0
0.0
0.0
0.0
0.0
0.0
0.0
0.0
0.0
0.0
0.0
0.0
0.0
0.0
0.0
0.0
0.0
0.0
0.0
0.0
0.0
0.0
0.0
0.0
0.0
0.0
0.0
0.0
0.0
0.0
0.0
0.0
0.0
0.0
0.0
0.0
0.0
0.0
0.0
0.0
0.0
0.0
0.0
0.0
0.0
0.0
0.0
0.0
0.0
0.0
0.0
0.0
0.0
0.0
0.0
0.0
0.0
0.0
0.0
0.0
0.0
0.0
0.0
0.0
0.0
0.0
0.0
0.0
0.0
0.0
0.0
0.0
0.0
0.0
0.0
0.0
0.0
0.0
0.0
0.0
0.0
0.0
0.0
0.0
0.0
0.0
0.0
0.0
0.0
0.0
0.0
0.0
0.0
0.0
0.0
0.0
0.0
0.0
0.0
0.0
0.0
0.0
0.0
0.0
0.0
0.0
0.0
0.0
0.0
0.0
0.0
0.0
0.0
0.0
0.0
0.0
0.0
0.0
0.0
0.0
0.0
0.0
0.0
0.0
0.0
0.0
0.0
0.0
0.0
0.0
0.0
0.0
0.0
0.0
0.0
0.0
0.0
0.0
0.0
0.0
0.0
0.0
0.0
0.0
0.0
0.0
0.0
0.0
0.0
0.0
0.0
0.0
0.0
0.0
0.0
0.0
0.0
0.0
0.0
0.0
0.0
0.0
0.0
0.0
0.0
0.0
0.0
0.0
0.0
0.0
0.0
0.0
0.0
0.0
0.0
0.0
0.0
0.0
0.0
0.0
0.0
0.0
0.0
0.0
0.0
0.0
0.0
0.0
0.0
0.0
0.0
0.0
0.0
0.0
0.0
0.0
0.0
0.0
0.0
0.0
0.0
0.0
0.0
0.0
0.0
0.0
0.0
0.0
0.0
0.0
0.0
0.0
0.0
0.0
0.0
0.0
0.0
0.0
0.0
0.0
0.0
0.0
0.0
0.0
0.0
0.0
0.0
0.0
0.0
0.0
0.0
0.0
0.0
0.0
0.0
0.0
0.0
0.0
0.0
0.0
0.0
0.0
0.0
0.0
0.0
0.0
0.0
0.0
0.0
0.0
0.0
0.0
0.0
0.0
0.0
0.0
0.0
0.0
0.0
0.0
0.0
0.0
0.0
0.0
0.0
0.0
0.0
0.0
0.0
0.0
0.0
0.0
0.0
0.0
0.0
0.0
0.0
0.0
0.0
0.0
0.0
0.0
0.0
0.0
0.0
0.0
0.0
0.0
0.0
0.0
0.0
0.0
0.0
0.0
0.0
0.0
0.0
0.0
0.0
0.0
0.0
0.0
0.0
0.0
0.0
0.0
0.0
0.0
0.0
0.0
0.0
0.0
0.0
0.0
0.0
0.0
0.0
0.0
0.0
0.0
0.0
0.0
0.0
0.0
0.0
0.0
0.0
0.0
0.0
0.0
0.0
0.0
0.0
0.0
0.0
0.0
0.0
0.0
0.0
0.0
0.0
0.0
0.0
0.0
0.0
0.0
0.0
0.0
0.0
0.0
0.0
0.0
0.0
0.0
0.0
0.0
0.0
0.0
0.0
0.0
0.0
0.0
0.0
0.0
0.0
0.0
0.0
0.0
0.0
0.0
0.0
0.0
0.0
0.0
0.0
0.0
0.0
0.0
0.0
0.0
0.0
0.0
0.0
0.0
0.0
0.0
0.0
0.0
0.0
0.0
0.0
0.0
0.0
2.3264063330744373e-07
3.4093987624233343e-07
0.0
0.0
0.0
0.0
0.0
0.0
0.0
0.0
0.0
0.0
0.0
0.0
0.0
0.0
0.0
0.0
0.0
0.0
0.0
0.0
0.0
0.0
0.0
0.0
0.0
0.0
0.0
0.0
0.0
0.0
0.0
0.0
0.0
0.0
0.0
0.0
0.0
0.0
0.0
0.0
0.0
0.0
0.0
0.0
0.0
0.0
0.0
0.0
0.0
0.0
0.0
0.0
0.0
0.0
0.0
0.0
0.0
0.0
0.0
0.0
0.0
0.0
0.0
0.0
0.0
0.0
0.0
0.0
0.0
0.0
0.0
0.0
0.0
0.0
0.0
0.0
0.0
0.0
0.0
0.0
0.0
0.0
0.0
0.0
0.0
0.0
0.0
0.0
0.0
0.0
0.0
0.0
0.0
0.0
0.0
0.0
0.0
0.0
0.0
0.0
0.0
0.0
0.0
0.0
0.0
0.0
0.0
0.0
0.0
0.0
0.0
0.0
0.0
0.0
0.0
0.0
0.0
0.0
0.0
0.0
0.0
0.0
0.0
0.0
0.0
0.0
0.0
0.0
0.0
0.0
0.0
0.0
0.0
0.0
0.0
0.0
0.0
0.0
0.0
0.0
0.0
0.0
0.0
0.0
0.0
0.0
0.0
0.0
0.0
0.0
0.0
0.0
0.0
0.0
0.0
0.0
0.0
0.0
0.0
0.0
0.0
0.0
0.0
0.0
0.0
0.0
0.0
0.0
0.0
0.0
0.0
0.0
0.0
0.0
0.0
0.0
0.0
0.0
0.0
0.0
0.0
0.0
0.0
0.0
0.0
0.0
0.0
0.0
0.0
0.0
0.0
0.0
0.0
0.0
0.0
0.0
0.0
0.0
0.0
0.0
0.0
0.0
0.0
0.0
0.0
0.0
0.0
0.0
0.0
0.0
0.0
0.0
0.0
0.0
0.0
0.0
0.0
0.0
0.0
0.0
0.0
0.0
0.0
0.0
0.0
0.0
0.0
0.0
0.0
0.0
0.0
0.0
0.0
0.0
0.0
0.0
0.0
0.0
8.342582843765431e-07
1.0228350611468565e-06
0.0
0.0
0.0
0.0
0.0
0.0
0.0
0.0
0.0
0.0
0.0
0.0
0.0
0.0
0.0
0.0
0.0
0.0
0.0
0.0
0.0
0.0
0.0
0.0
0.0
0.0
0.0
0.0
0.0
0.0
0.0
0.0
0.0
0.0
0.0
0.0
0.0
0.0
0.0
0.0
0.0
0.0
0.0
0.0
0.0
0.0
0.0
0.0
0.0
0.0
0.0
0.0
0.0
0.0
0.0
0.0
0.0
0.0
0.0
0.0
0.0
0.0
0.0
0.0
0.0
0.0
0.0
0.0
0.0
0.0
0.0
0.0
0.0
0.0
0.0
0.0
0.0
0.0
0.0
0.0
0.0
0.0
0.0
0.0
0.0
0.0
0.0
0.0
0.0
0.0
0.0
0.0
0.0
0.0
0.0
0.0
0.0
0.0
0.0
0.0
0.0
0.0
0.0
0.0
0.0
0.0
0.0
0.0
0.0
0.0
0.0
0.0
0.0
0.0
0.0
0.0
0.0
0.0
4.064628138782845e-07
1.2066961101999117e-06
0.0
0.0
0.0
0.0
0.0
0.0
5.132754717117541e-07
6.334172705989845e-06
1.0099120584801503e-06
0.0
0.0
0.0
0.0
0.0
0.0
0.0
0.0
0.0
0.0
0.0
0.0
0.0
0.0
0.0
0.0
0.0
0.0
0.0
0.0
0.0
0.0
0.0
0.0
0.0
0.0
0.0
0.0
0.0
0.0
0.0
0.0
0.0
0.0
0.0
0.0
0.0
0.0
0.0
0.0
0.0
0.0
0.0
0.0
0.0
0.0
0.0
0.0
0.0
0.0
0.0
0.0
0.0
0.0
0.0
0.0
0.0
0.0
0.0
0.0
0.0
0.0
0.0
0.0
0.0
0.0
0.0
0.0
0.0
0.0
0.0
0.0
0.0
0.0
0.0
0.0
0.0
0.0
0.0
0.0
0.0
0.0
0.0
0.0
0.0
0.0
0.0
0.0
0.0
0.0
0.0
0.0
0.0
0.0
0.0
0.0
0.0
0.0
0.0
0.0
0.0
0.0
0.0
0.0
0.0
0.0
0.0
0.0
0.0
0.0
0.0
0.0
0.0
0.0
0.0
0.0
0.0
0.0
0.0
0.0
0.0
0.0
0.0
0.0
0.0
0.0
0.0
0.0
0.0
0.0
0.0
0.0
0.0
0.0
0.0
0.0
0.0
0.0
0.0
0.0
0.0
0.0
0.0
0.0
0.0
0.0
0.0
0.0
0.0
0.0
0.0
0.0
0.0
0.0
0.0
0.0
0.0
0.0
0.0
0.0
0.0
0.0
0.0
0.0
0.0
0.0
0.0
0.0
0.0
0.0
0.0
0.0
0.0
0.0
0.0
0.0
0.0
0.0
0.0
0.0
0.0
0.0
0.0
0.0
0.0
0.0
0.0
0.0
0.0
0.0
0.0
0.0
0.0
0.0
0.0
0.0
0.0
0.0
0.0
0.0
0.0
0.0
0.0
0.0
0.0
0.0
0.0
0.0
0.0
0.0
0.0
0.0
0.0
0.0
0.0
0.0
0.0
0.0
0.0
0.0
0.0
0.0
0.0
0.0
0.0
0.0
0.0
0.0
0.0
0.0
0.0
0.0
0.0
0.0
0.0
0.0
0.0
0.0
0.0
0.0
0.0
0.0
0.0
0.0
0.0
0.0
0.0
0.0
0.0
0.0
0.0
0.0
0.0
0.0
0.0
0.0
0.0
0.0
0.0
0.0
0.0
0.0
0.0
0.0
0.0
0.0
0.0
0.0
0.0
0.0
0.0
0.0
0.0
0.0
0.0
0.0
0.0
0.0
0.0
0.0
0.0
0.0
0.0
0.0
0.0
0.0
0.0
0.0
0.0
0.0
0.0
0.0
0.0
0.0
0.0
0.0
0.0
0.0
0.0
0.0
0.0
0.0
0.0
0.0
0.0
0.0
0.0
0.0
0.0
0.0
0.0
0.0
0.0
0.0
0.0
0.0
0.0
0.0
0.0
0.0
0.0
0.0
0.0
0.0
0.0
0.0
2.10605546519082e-07
0.0
0.0
0.0
0.0
0.0
0.0
0.0
0.0
0.0
0.0
0.0
0.0
0.0
0.0
0.0
0.0
0.0
0.0
0.0
0.0
0.0
0.0
0.0
0.0
0.0
0.0
0.0
0.0
0.0
0.0
0.0
0.0
0.0
0.0
0.0
0.0
0.0
0.0
0.0
0.0
0.0
0.0
0.0
0.0
0.0
0.0
0.0
0.0
0.0
0.0
0.0
0.0
0.0
0.0
0.0
0.0
0.0
0.0
0.0
0.0
0.0
0.0
0.0
0.0
0.0
0.0
0.0
0.0
0.0
0.0
0.0
0.0
0.0
0.0
0.0
0.0
0.0
0.0
0.0
0.0
0.0
0.0
0.0
0.0
0.0
0.0
0.0
0.0
0.0
0.0
0.0
0.0
0.0
0.0
0.0
0.0
0.0
0.0
0.0
0.0
0.0
0.0
0.0
0.0
0.0
0.0
0.0
0.0
0.0
0.0
0.0
0.0
0.0
0.0
0.0
0.0
0.0
0.0
0.0
0.0
0.0
0.0
0.0
0.0
0.0
0.0
0.0
0.0
0.0
0.0
0.0
0.0
0.0
0.0
0.0
0.0
0.0
0.0
0.0
0.0
0.0
0.0
0.0
0.0
0.0
0.0
0.0
0.0
0.0
0.0
0.0
0.0
0.0
0.0
0.0
0.0
0.0
0.0
0.0
0.0
0.0
0.0
0.0
0.0
0.0
0.0
0.0
0.0
0.0
0.0
0.0
0.0
0.0
0.0
0.0
0.0
0.0
0.0
0.0
0.0
0.0
0.0
0.0
0.0
0.0
0.0
0.0
0.0
0.0
0.0
0.0
0.0
0.0
0.0
0.0
0.0
0.0
0.0
0.0
0.0
0.0
0.0
0.0
0.0
0.0
0.0
0.0
0.0
0.0
0.0
0.0
0.0
0.0
0.0
0.0
0.0
0.0
0.0
0.0
0.0
0.0
0.0
0.0
0.0
0.0
0.0
0.0
0.0
0.0
0.0
0.0
0.0
0.0
0.0
0.0
0.0
0.0
0.0
0.0
0.0
0.0
0.0
0.0
0.0
0.0
0.0
0.0
0.0
0.0
0.0
0.0
0.0
8.624845625338325e-07
3.645310410780544e-06
0.0
0.0
0.0
0.0
0.0
0.0
0.0
0.0
0.0
0.0
0.0
0.0
0.0
0.0
0.0
0.0
0.0
0.0
0.0
0.0
0.0
0.0
0.0
0.0
0.0
0.0
0.0
0.0
0.0
0.0
0.0
0.0
0.0
0.0
0.0
0.0
0.0
0.0
0.0
0.0
0.0
0.0
0.0
0.0
0.0
0.0
0.0
0.0
0.0
0.0
0.0
0.0
0.0
0.0
0.0
0.0
0.0
0.0
0.0
0.0
0.0
0.0
0.0
0.0
0.0
0.0
0.0
0.0
0.0
0.0
0.0
0.0
0.0
0.0
0.0
0.0
0.0
0.0
0.0
0.0
0.0
0.0
0.0
0.0
0.0
0.0
0.0
0.0
0.0
0.0
0.0
0.0
0.0
0.0
0.0
0.0
0.0
0.0
0.0
0.0
0.0
0.0
0.0
0.0
0.0
0.0
0.0
0.0
0.0
0.0
0.0
0.0
0.0
0.0
0.0
0.0
0.0
0.0
0.0
0.0
0.0
0.0
0.0
0.0
0.0
0.0
0.0
0.0
0.0
0.0
0.0
0.0
0.0
0.0
0.0
0.0
0.0
0.0
0.0
0.0
0.0
0.0
0.0
0.0
0.0
0.0
0.0
0.0
0.0
0.0
0.0
0.0
0.0
0.0
0.0
0.0
0.0
0.0
0.0
0.0
0.0
0.0
0.0
0.0
0.0
0.0
0.0
0.0
0.0
0.0
0.0
0.0
0.0
0.0
0.0
0.0
3.491257216933396e-05
2.9052827186360596e-05
4.4600204148084423e-07
0.0
0.0
0.0
0.0
0.0
0.0
0.0
0.0
0.0
0.0
0.0
0.0
0.0
0.0
0.0
0.0
0.0
0.0
0.0
0.0
0.0
2.3114023085386914e-05
2.1144634874262045e-05
1.1377590436852873e-07
0.0
0.0
0.0
0.0
0.0
0.0
0.0
0.0
0.0
0.0
0.0
0.0
0.0
0.0
0.0
0.0
0.0
0.0
0.0
0.0
0.0
4.521860576122017e-06
1.039805903949953e-05
0.0
0.0
0.0
0.0
0.0
0.0
0.0
0.0
0.0
0.0
0.0
0.0
0.0
0.0
0.0
0.0
0.0
0.0
0.0
0.0
0.0
0.0
4.572197043103297e-06
1.5595126438315573e-05
1.2452609068832703e-06
6.694993022779923e-08
0.0
0.0
0.0
0.0
0.0
0.0
0.0
0.0
0.0
0.0
0.0
0.0
0.0
0.0
0.0
0.0
0.0
0.0
0.0
0.0
0.0
0.0
0.0
0.0
0.0
0.0
0.0
0.0
0.0
0.0
0.0
0.0
0.0
0.0
0.0
0.0
0.0
0.0
0.0
0.0
0.0
0.0
0.0
0.0
0.0
0.0
0.0
0.0
0.0
0.0
0.0
0.0
0.0
0.0
0.0
0.0
0.0
0.0
0.0
0.0
0.0
0.0
0.0
0.0
0.0
0.0
0.0
0.0
0.0
0.0
0.0
0.0
0.0
0.0
0.0
0.0
0.0
0.0
0.0
0.0
0.0
0.0
0.0
0.0
0.0
0.0
0.0
0.0
0.0
0.0
0.0
0.0
0.0
0.0
0.0
0.0
0.0
0.0
0.0
0.0
0.0
0.0
0.0
0.0
0.0
0.0
0.0
0.0
0.0
0.0
0.0
0.0
0.0
0.0
0.0
0.0
0.0
0.0
0.0
0.0
0.0
0.0
0.0
0.0
0.0
0.0
0.0
0.0
0.0
0.0
0.0
0.0
0.0
0.0
0.0
0.0
0.0
0.0
0.0
0.0
0.0
0.0
0.0
0.0
0.0
0.0
0.0
0.0
0.0
0.0
0.0
0.0
0.0
0.0
0.0
0.0
0.0
0.0
0.0
0.0
0.0
0.0
0.0
0.0
0.0
0.0
0.0
0.0
0.0
0.0
0.0
0.0
0.0
0.0
0.0
0.0
0.0
0.0
0.0
0.0
0.0
0.0
0.0
0.0
0.0
0.0
0.0
0.0
0.0
0.0
0.0
0.0
0.0
0.0
0.0
0.0
0.0
0.0
0.0
0.0
0.0
0.0
0.0
0.0
0.0
0.0
0.0
0.0
0.0
0.0
0.0
0.0
0.0
0.0
0.0
0.0
0.0
0.0
0.0
0.0
0.0
0.0
0.0
0.0
0.0
0.0
0.0
0.0
0.0
0.0
0.0
0.0
0.0
0.0
0.0
0.0
0.0
0.0
0.0
0.0
0.0
0.0
0.0
0.0
0.0
0.0
0.0
0.0
0.0
0.0
0.0
0.0
0.0
0.0
0.0
0.0
0.0
0.0
0.0
0.0
0.0
0.0
0.0
0.0
0.0
0.0
0.0
0.0
0.0
0.0
0.0
0.0
0.0
0.0
0.0
0.0
0.0
0.0
0.0
0.0
0.0
0.0
0.0
0.0
0.0
0.0
0.0
0.0
0.0
0.0
0.0
0.0
0.0
0.0
0.0
0.0
0.0
0.0
0.0
0.0
0.0
0.0
0.0
0.0
0.0
0.0
0.0
0.0
0.0
0.0
0.0
0.0
0.0
0.0
0.0
0.0
0.0
0.0
0.0
0.0
0.0
0.0
0.0
0.0
0.0
0.0
0.0
0.0
0.0
0.0
0.0
0.0
0.0
0.0
0.0
0.0
0.0
0.0
0.0
0.0
0.0
0.0
0.0
0.0
0.0
0.0
0.0
0.0
0.0
0.0
0.0
0.0
0.0
0.0
0.0
0.0
0.0
0.0
0.0
0.0
0.0
0.0
0.0
0.0
0.0
0.0
0.0
0.0
0.0
0.0
0.0
0.0
0.0
0.0
0.0
0.0
0.0
0.0
0.0
0.0
0.0
0.0
0.0
0.0
0.0
0.0
0.0
0.0
0.0
0.0
0.0
0.0
0.0
0.0
0.0
0.0
0.0
0.0
0.0
0.0
0.0
0.0
0.0
0.0
0.0
0.0
0.0
0.0
0.0
0.0
0.0
0.0
0.0
0.0
0.0
0.0
0.0
0.0
0.0
0.0
0.0
0.0
0.0
0.0
0.0
0.0
0.0
0.0
0.0
0.0
0.0
0.0
0.0
0.0
0.0
0.0
0.0
0.0
0.0
0.0
0.0
0.0
0.0
0.0
0.0
0.0
0.0
0.0
0.0
0.0
0.0
0.0
0.0
0.0
0.0
0.0
0.0
0.0
0.0
0.0
0.0
0.0
0.0
0.0
0.0
0.0
0.0
0.0
0.0
0.0
0.0
0.0
0.0
0.0
0.0
0.0
0.0
0.0
0.0
0.0
0.0
0.0
0.0
0.0
0.0
0.0
0.0
0.0
0.0
0.0
0.0
0.0
0.0
0.0
0.0
0.0
0.0
0.0
0.0
0.0
0.0
0.0
0.0
0.0
0.0
0.0
0.0
0.0
0.0
0.0
0.0
0.0
0.0
0.0
0.0
0.0
0.0
0.0
0.0
0.0
0.0
0.0
0.0
0.0
0.0
0.0
0.0
0.0
0.0
0.0
0.0
0.0
0.0
0.0
0.0
0.0
0.0
0.0
0.0
0.0
0.0
0.0
0.0
0.0
0.0
0.0
0.0
0.0
0.0
0.0
0.0
0.0
0.0
0.0
0.0
0.0
0.0
0.0
0.0
0.0
0.0
0.0
0.0
0.0
0.0
0.0
0.0
0.0
0.0
0.0
0.0
0.0
0.0
0.0
0.0
0.0
0.0
0.0
0.0
0.0
0.0
0.0
0.0
0.0
0.0
0.0
0.0
0.0
0.0
0.0
0.0
0.0
0.0
0.0
0.0
0.0
3.77598345960621e-07
7.230645456900263e-07
0.0
0.0
0.0
0.0
0.0
0.0
0.0
0.0
0.0
0.0
0.0
0.0
0.0
0.0
0.0
0.0
0.0
0.0
0.0
0.0
0.0
0.0
0.0
0.0
0.0
0.0
0.0
0.0
0.0
0.0
0.0
0.0
0.0
0.0
0.0
0.0
0.0
0.0
0.0
0.0
0.0
0.0
0.0
0.0
0.0
0.0
0.0
0.0
0.0
0.0
0.0
0.0
0.0
0.0
0.0
0.0
0.0
0.0
0.0
0.0
0.0
0.0
0.0
0.0
0.0
0.0
0.0
0.0
0.0
0.0
0.0
0.0
0.0
0.0
0.0
0.0
0.0
0.0
0.0
0.0
0.0
0.0
0.0
0.0
0.0
0.0
0.0
0.0
0.0
0.0
0.0
0.0
0.0
0.0
0.0
0.0
0.0
0.0
0.0
0.0
0.0
0.0
0.0
0.0
0.0
0.0
0.0
0.0
0.0
0.0
0.0
0.0
0.0
0.0
0.0
0.0
0.0
0.0
1.4289971810544878e-06
4.195549641631606e-06
0.0
0.0
0.0
0.0
0.0
0.0
0.0
0.0
0.0
0.0
0.0
0.0
0.0
0.0
0.0
0.0
0.0
0.0
0.0
0.0
0.0
0.0
4.234701907496575e-06
6.78791234733314e-06
0.0
0.0
0.0
0.0
0.0
0.0
0.0
0.0
0.0
0.0
0.0
0.0
0.0
0.0
0.0
0.0
0.0
0.0
0.0
0.0
0.0
0.0
2.39796837419848e-06
4.40124935388269e-06
0.0
0.0
0.0
0.0
0.0
0.0
0.0
0.0
0.0
0.0
0.0
0.0
0.0
0.0
0.0
0.0
0.0
0.0
0.0
0.0
0.0
0.0
1.764952294503754e-06
4.483113377482361e-06
0.0
0.0
0.0
0.0
0.0
0.0
0.0
0.0
0.0
0.0
0.0
0.0
0.0
0.0
0.0
0.0
0.0
0.0
0.0
0.0
0.0
0.0
0.0
0.0
0.0
0.0
0.0
0.0
0.0
0.0
0.0
0.0
0.0
0.0
0.0
0.0
0.0
0.0
0.0
0.0
0.0
0.0
0.0
0.0
0.0
0.0
0.0
0.0
0.0
0.0
0.0
0.0
0.0
0.0
0.0
0.0
0.0
0.0
0.0
0.0
0.0
0.0
0.0
0.0
0.0
0.0
0.0
0.0
0.0
0.0
0.0
0.0
0.0
0.0
0.0
0.0
0.0
0.0
0.0
0.0
0.0
0.0
0.0
0.0
0.0
0.0
0.0
0.0
0.0
0.0
0.0
0.0
0.0
0.0
8.97924100935299e-05
6.466126928478804e-05
3.2482182744134966e-06
3.687065047442906e-07
0.0
0.0
0.0
0.0
0.0
0.0
0.0
0.0
0.0
0.0
0.0
0.0
0.0
0.0
0.0
0.0
0.0
0.0
0.0
0.0
5.473645229295266e-05
4.087903761887322e-05
4.125602181389336e-07
0.0
0.0
0.0
0.0
0.0
0.0
0.0
0.0
0.0
0.0
0.0
0.0
0.0
0.0
0.0
0.0
0.0
0.0
0.0
0.0
0.0
0.0
0.0
0.0
0.0
0.0
0.0
0.0
0.0
0.0
0.0
0.0
0.0
0.0
0.0
0.0
0.0
0.0
0.0
0.0
0.0
0.0
0.0
0.0
0.0
0.0
0.0
0.0
0.0
0.0
0.0
0.0
0.0
0.0
0.0
0.0
0.0
0.0
0.0
0.0
0.0
0.0
0.0
0.0
0.0
0.0
0.0
0.0
0.0
0.0
0.0
0.0
0.0
0.0
0.0
0.0
0.0
0.0
0.0
0.0
0.0
0.0
0.0
0.0
0.0
0.0
0.0
0.0
0.0
0.0
0.0
0.0
0.0
0.0
0.0
0.0
0.0
0.0
0.0
0.0
0.0
0.0
0.0
0.0
0.0
0.0
0.0
0.0
0.0
0.0
0.0
0.0
0.0
0.0
0.0
0.0
0.0
0.0
0.0
0.0
0.0
0.0
0.0
0.0
0.0
0.0
0.0
0.0
0.0
0.0
0.0
0.0
0.0
0.0
0.0
0.0
0.0
0.0
0.0
0.0
0.0
0.0
0.0
0.0
0.0
0.0
0.0
0.0
0.0
0.0
0.0
0.0
0.0
0.0
0.0
0.0
0.0
0.0
0.0
0.0
0.0
0.0
0.0
0.0
0.0
2.126105769156008e-06
4.692149473122158e-06
0.0
0.0
0.0
0.0
0.0
0.0
0.0
0.0
0.0
0.0
0.0
0.0
0.0
0.0
0.0
0.0
0.0
0.0
0.0
0.0
0.0
0.0
3.456211766151192e-05
3.247709229177138e-05
2.76884054728705e-07
0.0
0.0
0.0
0.0
0.0
0.0
0.0
0.0
0.0
0.0
0.0
0.0
0.0
0.0
0.0
0.0
0.0
0.0
0.0
0.0
0.0
1.4409170871342407e-05
2.0028344015717858e-05
0.0
0.0
0.0
0.0
0.0
0.0
0.0
0.0
0.0
0.0
0.0
0.0
0.0
0.0
0.0
0.0
0.0
0.0
0.0
0.0
0.0
0.0
1.5724790083306583e-05
2.1726367715180863e-05
2.098884828224515e-08
0.0
0.0
0.0
0.0
0.0
0.0
0.0
0.0
0.0
0.0
0.0
0.0
0.0
0.0
0.0
0.0
0.0
0.0
0.0
0.0
0.0
1.4690332972780246e-06
9.060322517983318e-06
3.6775934670507575e-07
0.0
0.0
0.0
0.0
0.0
0.0
0.0
0.0
0.0
0.0
0.0
0.0
0.0
0.0
0.0
0.0
0.0
0.0
0.0
0.0
0.0
0.0
0.0
0.0
0.0
0.0
0.0
0.0
0.0
0.0
0.0
0.0
0.0
0.0
0.0
0.0
0.0
0.0
0.0
0.0
0.0
0.0
0.0
0.0
0.0
0.0002291152605555916
0.00018383104768387862
2.1130662976699285e-05
2.8118980087964334e-06
3.760153504353848e-07
0.0
0.0
0.0
0.0
0.0
0.0
0.0
0.0
0.0
0.0
0.0
0.0
0.0
0.0
0.0
0.0
0.0
0.0
0.0
0.00013693368386392133
0.00012714573145142892
1.2087301444611031e-05
1.6063567437573765e-06
4.704842874529541e-08
0.0
0.0
0.0
0.0
0.0
0.0
0.0
0.0
0.0
0.0
7.363556501947576e-07
0.0
0.0
0.0
0.0
0.0
0.0
0.0
0.0
0.0001641983555086384
0.00016338832266376576
1.6467954558434273e-05
1.907119813460614e-06
8.072528194031289e-08
0.0
0.0
0.0
0.0
0.0
0.0
0.0
0.0
0.0
0.0
0.0
0.0
0.0
0.0
0.0
0.0
0.0
0.0
0.0
6.751089775001976e-05
6.394415052362546e-05
2.3096158613018064e-06
8.079399256553498e-08
0.0
0.0
0.0
0.0
0.0
0.0
0.0
0.0
0.0
0.0
0.0
0.0
0.0
0.0
0.0
0.0
0.0
0.0
0.0
0.0
1.830020962277265e-05
3.15630970315258e-05
2.239525047745505e-07
0.0
0.0
0.0
0.0
0.0
0.0
0.0
0.0
0.0
0.0
0.0
0.0
0.0
0.0
0.0
0.0
0.0
0.0
0.0
0.0
0.0
0.00010479855142247636
0.00012256427615760373
4.780967326508323e-05
2.479710677035502e-05
5.321766431144121e-06
1.234098726029733e-06
1.5510615059486187e-07
0.0
0.0
0.0
0.0
0.0
0.0
0.0
0.0
0.0
0.0
0.0
0.0
0.0
0.0
0.0
0.0
0.0
0.0
0.0
0.0
0.0
0.0
0.0
0.0
0.0
0.0
0.0
0.0
0.0
0.0
0.0
0.0
0.0
0.0
0.0
0.0
0.0
0.0
0.0
0.0
0.0
0.0
0.0
0.0
0.0
0.0
0.0
0.0
0.0
0.0
0.0
0.0
0.0
0.0
0.0
0.0
0.0
0.0
0.0
0.0
0.0
0.0
0.0
0.0
0.0
5.512695635686698e-05
6.922447114212412e-05
1.4924759248843257e-06
1.552094611714477e-07
0.0
0.0
0.0
0.0
0.0
0.0
0.0
0.0
0.0
0.0
0.0
0.0
0.0
0.0
0.0
0.0
0.0
0.0
0.0
0.0
9.430248157533445e-05
8.332247088376789e-05
3.819778986440619e-06
1.9923999581729366e-07
0.0
0.0
0.0
0.0
0.0
0.0
0.0
0.0
0.0
0.0
0.0
0.0
0.0
0.0
0.0
0.0
0.0
0.0
0.0
0.0
0.00010842777619899155
9.773246594707215e-05
8.956881241429286e-06
8.787058398894318e-07
0.0
0.0
0.0
0.0
0.0
0.0
0.0
0.0
0.0
0.0
0.0
0.0
0.0
0.0
0.0
0.0
0.0
0.0
0.0
0.0
1.190317270978124e-06
6.013429727310818e-06
0.0
0.0
0.0
0.0
0.0
0.0
0.0
0.0
0.0
0.0
0.0
0.0
0.0
0.0
0.0
0.0
0.0
0.0
0.0
0.0
0.0
0.0
2.0278955058061301e-07
2.2759036833967676e-06
1.960333478358578e-07
0.0
0.0
0.0
0.0
0.0
0.0
0.0
0.0
3.3315210830967635e-06
0.0
0.0
0.0
0.0
0.0
0.0
0.0
0.0
0.0
0.0
0.0
0.0
0.0
0.0
0.0
0.0
0.0
0.0
0.0
0.0
0.0
0.0
0.0
0.0
0.0
0.0
0.0
0.0
0.0
0.0
0.0
0.0
0.0
0.0
0.0
0.0
0.0010464554373798816
0.0007631019784672786
0.0002788256050359006
0.00011106954664035247
4.845837396851603e-05
2.7787991332275698e-05
2.4606179222902034e-05
3.0865064081189556e-06
4.526911781626878e-08
0.0
0.0
0.0
1.2425211669267196e-05
7.521155494078657e-05
0.00018453381585097076
0.00024355736165042585
0.0
0.0
0.0
0.0
0.0
0.0
0.0
0.0
0.0009366149763683574
0.0006763102330625754
0.00019425601070667862
7.985113047161866e-05
3.978102734057991e-05
1.3831641701996487e-05
5.612456068290959e-06
9.453861367052208e-07
0.0
0.0
0.0
0.0
0.0
0.0
4.1639640313769386e-05
9.116034563774641e-05
0.0
0.0
0.0
0.0
0.0
0.0
0.0
0.0
0.0005564559887734171
0.0004583180799808421
0.00010155945762685787
3.292725996550106e-05
5.36960784449351e-06
9.045083819036216e-07
6.369846498980208e-08
0.0
0.0
0.0
0.0
0.0
0.0
0.0
5.253758701304459e-06
3.795820619431733e-05
0.0
0.0
0.0
0.0
0.0
0.0
0.0
0.0
0.0003665523126175787
0.00030959101635963035
5.354409145627674e-05
2.032391181143722e-05
2.762973401571499e-06
2.885760351124995e-07
0.0
0.0
0.0
0.0
0.0
0.0
0.0
0.0
1.5782498002330137e-06
1.749216112682735e-05
0.0
0.0
0.0
0.0
0.0
0.0
0.0
0.0
0.0002696520629102984
0.0002620559562589933
5.2722215455529815e-05
2.4670504931386165e-05
7.3907181785366656e-06
1.4270104792977823e-06
5.876035489805584e-07
0.0
0.0
0.0
0.0
0.0
0.0
0.0
1.392315068869932e-05
3.864725538408302e-05
0.0
0.0
0.0
0.0
0.0
0.0
0.0
0.0
0.0002266009979253077
0.0002712032650310025
0.00014835322583496246
6.583712011765459e-05
4.1623607179115144e-05
2.5522901668073702e-05
1.33186580037219e-05
2.4318642206629843e-06
2.6062807426989723e-08
6.515703841885258e-09
2.638865979959708e-07
1.4247804184738232e-05
0.0
0.0
0.0
0.0
0.0
0.0
0.0
0.0
0.0
0.0
0.0
0.0
0.0
0.0
0.0
0.0
0.0
0.0
0.0
0.0
0.0
0.0
0.0
0.0
0.0
0.0
0.0
0.0
0.0
0.0
0.0
0.0
0.0
0.0
0.0
0.0
9.407117771592218e-05
0.0001068115847688516
9.767588232369249e-06
1.1108947409411764e-06
5.881261395368043e-08
0.0
0.0
0.0
0.0
0.0
0.0
0.0
0.0
0.0
1.1269762673686548e-05
4.399428937894931e-05
0.0
0.0
0.0
0.0
0.0
0.0
0.0
0.0
0.00014164193037668386
0.00015311061282416945
2.4610712798019295e-05
2.997078309687267e-06
1.0499284275872557e-07
0.0
0.0
0.0
0.0
0.0
0.0
0.0
0.0
0.0
2.9535343441171517e-06
1.7601776239511877e-05
0.0
0.0
0.0
0.0
0.0
0.0
0.0
0.0
9.312994682452695e-05
0.0001100038664971168
1.5213747685308955e-05
1.589149987293629e-06
2.7637741857553617e-07
0.0
0.0
0.0
0.0
0.0
0.0
0.0
0.0
1.0199670600774007e-07
2.391160659674148e-05
5.279233547905627e-05
0.0
0.0
0.0
0.0
0.0
0.0
0.0
0.0
0.00027612097254413326
0.00026674118706592864
5.219682057247671e-05
2.3445899497982978e-05
4.293373887943534e-06
8.159722940056514e-07
2.246416657782203e-07
0.0
0.0
0.0
0.0
0.0
0.0
0.0
1.1629709125470358e-05
5.2429497754797946e-05
0.0
0.0
0.0
0.0
0.0
0.0
0.0
0.0
0.00023331726048981226
0.0002255559891025615
5.346097782855263e-05
1.2285364455519815e-05
1.2261452827158906e-06
0.0
0.0
0.0
0.0
0.0
0.0
0.0
0.0
9.941790512939259e-09
9.48918294525367e-06
2.585678818584369e-05
0.0
0.0
0.0
0.0
0.0
0.0
0.0
0.0
2.0890029738571284e-05
4.7498272751370505e-05
1.5595425447842763e-05
1.9350458987384564e-06
6.238918569953871e-07
1.3274346004876875e-08
0.0
5.542058212683714e-07
3.172239374365702e-05
5.5921299417634263e-05
5.5819516574578356e-05
6.546164018733571e-05
0.0
0.0
0.0
0.0
0.0
0.0
0.0
0.0
0.0
0.0
0.0
0.0
0.0
0.0
0.0
0.0
0.0
0.0
0.0
0.0
0.0
0.0
0.0
0.0
0.0
0.0
0.0
0.0
0.0
0.0
0.0
0.0
0.0
0.0
0.0
0.0
0.0
0.0
0.0
0.0
0.0
0.0
0.0
0.0
0.0
0.0
0.0
0.0
0.0
0.0
0.0
0.0
0.0
0.0
0.0
0.0
0.0
0.0
0.0
0.0
0.0
0.0
0.0
0.0
0.0
0.0
0.0
0.0
0.0
0.0
0.0
0.0
1.4084771698912352e-06
1.1313462108353487e-05
5.085680270638517e-05
6.980485495750742e-05
0.0
0.0
0.0
0.0
0.0
0.0
0.0
0.0
0.0003771653761612756
0.00035623641502943867
7.876557028799463e-05
3.8869796462560966e-05
1.1421339576278871e-05
7.993822543547881e-07
2.0983899982796727e-07
0.0
0.0
0.0
0.0
0.0
0.0
0.0
1.1456212071308309e-06
2.5947024206630336e-05
0.0
0.0
0.0
0.0
0.0
0.0
0.0
0.0
0.0001668718938638949
0.00018218427839181484
3.4594874663640934e-05
5.371908182169856e-06
1.3052289430852023e-06
7.344050670446319e-08
0.0
0.0
0.0
0.0
0.0
0.0
1.9361616092311043e-07
3.7329925044757475e-06
3.002809195859392e-05
5.040420297617833e-05
0.0
0.0
0.0
0.0
0.0
0.0
0.0
0.0
6.587996309864895e-05
8.147090632925876e-05
3.455584761111261e-06
8.028215453856713e-08
0.0
0.0
0.0
0.0
0.0
0.0
0.0
0.0
0.0
0.0
0.0
2.414923001309565e-06
0.0
0.0
0.0
0.0
0.0
0.0
0.0
0.0
1.653746215256983e-05
4.691793345540373e-05
1.2052433088341239e-05
1.5578572596954304e-06
8.034171081417037e-08
4.3051975472469786e-05
0.00015153565798920333
0.00022646961506175947
0.0002726026766352015
0.00019335075634030602
0.0002192756886526986
0.00034373067874068046
0.0
0.0
0.0
0.0
0.0
0.0
0.0
0.0
0.0
1.3686282865555144e-05
2.417098636254865e-05
3.559089117278083e-05
4.737472126151253e-05
6.466414140162404e-05
5.757235581454256e-05
2.2905622709571846e-05
1.1796460148087697e-05
3.7910464008126917e-06
0.0
0.0
0.0
0.0
0.0
0.0
0.0
0.0
0.0
9.13458866688052e-06
1.5982570301761037e-05
1.90611630894419e-05
3.165058095157756e-05
4.284415439614679e-05
5.669047548971028e-05
9.911641155354716e-05
0.0001241184071246941
0.00018300694555373298
0.00019753674926480165
0.0018292711518342248
0.0009052474022355432
0.0003774669198858849
0.00023270631233086753
0.00016142873013953884
0.00012934957196443774
0.00012506700239180407
2.5418147798169156e-05
1.1671879847418078e-05
1.1485922181221484e-05
1.6365606021463982e-05
6.362107854913456e-05
0.00016509188457864275
0.00020324510575785488
0.0002803214719797653
0.00031234263257420386
0.0
0.0
0.0
0.0
0.0
0.0
0.0
0.0
0.0005699753415119276
0.00046597086024579887
0.00016759911456827638
7.724888244950108e-05
3.9411455826625346e-05
2.4817792211784986e-05
1.87740879571606e-05
7.736909228737688e-07
7.296212337380693e-08
0.0
0.0
1.0678107215978578e-05
5.572446226848255e-05
0.00010111244514288813
0.0001808532376301852
0.0002157698004597574
0.0
0.0
0.0
0.0
0.0
0.0
0.0
0.0
0.0009063931809756006
0.0007591924692363018
0.0005148661984320826
0.00048216926897218286
0.00045393198385496974
0.00029543883807382407
0.00016957878856045644
0.00012799577587412043
0.0002693337505094017
0.00035444177336559904
0.0003556185956969706
0.0004228614549242461
0.0005280549443542335
0.0005541713950339116
0.0006582546990568073
0.000709663115490394
0.0
0.0
0.0
0.0
0.0
0.0
0.0
0.0
0.001287641573757021
0.0008349635575635907
0.0004646126640276126
0.00035571948430629694
0.00027063983316284377
0.00020471110889476473
0.00021225445333778774
0.00014745168045531237
0.00011942433102724157
0.00010519457553724843
9.638434653825785e-05
0.00022648935381345642
0.0004199361126084644
0.0004813913355780538
0.000595932363126381
0.0006377698863793357
0.0
0.0
0.0
0.0
0.0
2.2185219093371024e-05
3.560132135849016e-05
5.6315282338963114e-05
0.0017689032412817498
0.0008810398787244346
0.0003190773143634432
0.00018408834370709767
0.00012562802644535846
9.883179155013875e-05
9.751183485463507e-05
1.4493176096517126e-05
2.9003549476733467e-06
1.2285045315129127e-06
2.6235081247744937e-06
4.736112123388266e-05
0.0001865527259585419
0.0002442470996622054
0.0003480163870312864
0.000412349103735801
0.0
0.0
0.0
0.0
0.0
1.4593419610380321e-05
2.2406541624279222e-05
2.9762580267544173e-05
3.879682338269315e-05
2.7021342789616087e-05
4.121516119569744e-06
0.0
0.0
0.0
0.0
0.0
0.0
0.0
0.0
0.0
0.0
0.0
0.0
0.0
0.0
0.0
0.0
0.0
6.845129034436997e-06
1.145895328599531e-05
1.717803917646583e-05
2.4965591104719726e-05
3.298645722749091e-05
2.0062640220181064e-05
3.947335210301823e-06
0.0
0.0
0.0
0.0
0.0
0.0
0.0
0.0
0.0
0.0
0.0
0.0
0.0
0.0
0.0
0.0
0.0
0.0
6.0913567280458156e-06
1.3679443731740022e-05
1.294108225150391e-05
0.0012857103710228793
0.0006210098158577647
0.00022261727577844575
0.00012984870423714853
6.361134865820772e-05
3.398602750004489e-05
2.28004200855346e-05
2.4502892975404286e-07
0.0
0.0
0.0
0.0
3.6387217246496545e-05
8.068118052266874e-05
0.00017582593825912475
0.00023926902072810867
0.0
0.0
0.0
0.0
0.0
0.0
0.0
0.0
0.0009755534368435582
0.0004644506327767247
0.00015894796089741916
8.199658981547502e-05
4.0267691520567025e-05
1.8802198785331112e-05
7.4654642689441016e-06
0.0
0.0
0.0
0.0
0.0
1.3332865778869914e-05
5.4130195283280816e-05
0.00011732280429989359
0.0001764561730776686
0.0
0.0
0.0
0.0
0.0
0.0
0.0
0.0
0.0005969348920213977
0.00045662648050850393
0.0001092186186381772
4.014439390634871e-05
1.2404435730131074e-05
2.4609980951140998e-06
1.5267759125068514e-06
0.0
0.0
0.0
0.0
0.0
2.602346710920653e-06
2.8587432040664003e-05
7.550132151560221e-05
9.353698840469505e-05
0.0
0.0
0.0
0.0
0.0
0.0
0.0
0.0
0.00013938405736539894
0.00013455315795727002
2.163595307361508e-05
3.9788312627927805e-06
8.270581603334837e-07
0.0
0.0
0.0
0.0
0.0
0.0
0.0
0.0
4.844134225898868e-06
5.1737696111472084e-05
8.313029808502391e-05
0.0
0.0
0.0
0.0
0.0
0.0
0.0
0.0
0.0002805358766571742
0.00021499013497093005
3.7710446598797626e-05
1.662505021951305e-05
5.34872193883071e-06
1.43846907462864e-06
5.088164255863383e-07
0.0
0.0
0.0
0.0
0.0
8.140605382882233e-06
2.980789470648324e-05
7.589673710584762e-05
0.0001089137057491413
0.0
0.0
0.0
0.0
0.0
0.0
0.0
0.0
0.0003021808386093494
0.00031253972562080316
0.00013385124331024694
7.263510348247481e-05
4.16295924440003e-05
2.643277315780068e-05
8.05625555046628e-06
1.2459490442575065e-06
7.208712686870809e-06
4.9907302263997226e-05
6.1000199448531725e-05
0.0001411157661759132
0.0
0.0
0.0
0.0
0.0
0.0
0.0
0.0
0.0
0.0
0.0
0.0
0.0
0.0
0.0
0.0
0.0
0.0
0.0
0.0
0.0
0.0
0.0
0.0
0.0
0.0
0.0
0.0
0.0
0.0
0.0
0.0
0.0
0.0
0.0
0.0
6.956021854375398e-05
6.691214501723883e-05
1.4546747075520595e-06
0.0
0.0
0.0
0.0
0.0
0.0
0.0
0.0
0.0
1.8834682740324636e-07
7.2916844153968145e-06
3.975144730030661e-05
6.407504173107075e-05
0.0
0.0
0.0
0.0
0.0
0.0
0.0
0.0
0.00011440836916187055
7.245660817435254e-05
1.0679947754901173e-05
6.403176905643832e-07
0.0
0.0
0.0
0.0
0.0
0.0
0.0
0.0
0.0
6.46789756438525e-08
1.877817356308234e-05
3.4054833574420247e-05
0.0
0.0
0.0
0.0
0.0
0.0
0.0
0.0
5.078738972096511e-05
3.865860095321795e-05
4.7329803786709964e-07
0.0
0.0
0.0
0.0
0.0
0.0
0.0
0.0
4.323902560471141e-06
3.0208721538643852e-05
3.7284822887716474e-05
9.340628482894909e-05
0.00011059244156799182
0.0
0.0
0.0
0.0
0.0
0.0
0.0
0.0
0.0
0.0
0.0
0.0
0.0
0.0
0.0
0.0
0.0
0.0
0.0
0.0
0.0
0.0
0.0
0.0
0.0
0.0
0.0
0.0
0.0
0.0
0.0
0.0
0.001147480527459273
0.0006222421442285624
0.0001674417603932928
7.783260537969587e-05
4.7470935490678416e-05
2.876636814254601e-05
1.8963303457527855e-05
5.564971083812373e-07
0.0
0.0
0.0
6.565471094627863e-08
1.2003439581471868e-05
3.536092860846223e-05
8.15287514021784e-05
0.00011214272225966829
0.0
0.0
0.0
0.0
0.0
0.0
0.0
0.0
0.00012154097286953931
0.00013092895277469894
6.747487266196486e-05
3.1642296768245896e-05
1.2695069727918095e-05
3.2377695503116997e-06
1.1090592474203083e-06
3.4856758283890743e-07
8.365741106869337e-07
4.5632022815193006e-07
1.579945860368527e-05
6.893970937430479e-05
0.0
0.0
0.0
0.0
0.0
0.0
0.0
0.0
0.0
0.0
0.0
0.0
0.0
0.0
0.0
0.0
0.0
0.0
0.0
0.0
0.0
0.0
0.0
0.0
0.0
0.0
0.0
0.0
0.0
0.0
0.0
0.0
0.0
0.0
0.0
0.0
7.577003508431646e-07
3.4415939774843653e-07
0.0
0.0
0.0
0.0
0.0
0.0
0.0
0.0
0.0
0.0
0.0
0.0
7.206630450727747e-08
5.267469432826225e-06
0.0
0.0
0.0
0.0
0.0
0.0
0.0
0.0
0.00011941990477444344
0.0001426211086197023
4.617428072556755e-05
2.160518623608429e-05
8.155916664731997e-06
1.6362382712636012e-06
1.7743409502477495e-06
0.0
0.0
0.0
0.0
1.0671251455766943e-05
8.068717609480971e-05
0.00011606971251723982
0.00019747334810527216
0.00025081825437987663
0.0
0.0
0.0
0.0
0.0
0.0
0.0
0.0
0.0009185349578728068
0.0006125161835376518
0.00025359357351673794
0.0001600409628404632
0.00010624225227423539
8.048758266652018e-05
8.249047450567148e-05
2.2572194912258076e-05
1.5905931850720174e-05
1.738149188316081e-05
2.4973106097192365e-05
0.0001120110714867552
0.00023305298126112764
0.00029420556714412427
0.0004416205665734783
0.000533428331683115
0.0
0.0
0.0
0.0
4.1101724017765336e-05
6.075740771642486e-05
0.00014379511663415698
0.0001991589248101713
0.0017670229730415725
0.0011878720909857111
0.0005261883070634534
0.000288588252382117
0.00019766057722697553
0.00015786700821572266
0.00015662719562753953
7.112790315582301e-05
3.668149392363647e-05
3.633581933831027e-05
5.2428548971899135e-05
0.00015528823631662134
0.00025814110596662055
0.0002963403557428133
0.0003981338582059107
0.00045223009338055483
0.0
0.0
0.0
0.0
0.0
0.0
0.0
0.0
0.00100208221343525
0.000663989232411763
0.000290696290004754
0.00012156679773865537
6.877817893712018e-05
3.5288617052237666e-05
2.081106890421959e-05
1.8960037159514428e-06
8.986140012467146e-09
0.0
0.0
5.582934438443555e-06
5.140668374423895e-05
7.357226816144656e-05
0.00011547402143587221
0.0001328868943144022
0.0
0.0
0.0
0.0
0.0
0.0
0.0
0.0
0.00014064765866395293
0.00015914627475918446
7.216732623877718e-05
3.53224466313723e-05
7.877414917559201e-06
1.0849603548533831e-06
2.2437339443042426e-07
0.0
3.451550511884543e-06
4.679510743778275e-05
6.596563911017147e-05
9.073914834992956e-05
0.0
0.0
0.0
0.0
0.0
0.0
0.0
0.0
0.0
0.0
0.0
0.0
0.0
0.0
0.0
0.0
0.0
0.0
0.0
0.0
0.0
0.0
0.0
0.0
0.0
0.0
1.1869829978018246e-05
1.9086480762284705e-05
3.0090448093205497e-05
4.086083682867542e-05
4.9632635818967085e-05
6.503756356760378e-05
7.292818891437994e-05
0.00020819069388263294
0.00047482122629362636
0.0007853710992296179
0.0027164271412993346
0.0019496559189058531
0.001311469883019025
0.0009750370920879101
0.0005443381278811911
0.0003933031660925538
0.0003834379451385432
0.00026961653165872743
0.0001972366737691415
0.00016266188741192151
0.0001935512378179716
0.00036878989052321177
0.0005408118392503722
0.0006255295289052423
0.0007840368499381794
0.0008652944552592686
0.0
4.369861294078921e-05
5.9261241782854596e-05
0.0001487745183856091
0.00019778004200882824
0.0004216978997357846
0.0003649461772633692
0.0005577812679772563
0.002074041351389687
0.0012876936372919314
0.0004448781890489597
0.0002585121990495732
0.00020088726873773445
0.00017110782017031107
0.00017265399381697372
7.24293199920555e-05
2.790983248367381e-05
2.1914571601996388e-05
2.7546000366909648e-05
0.00010139444821332884
0.00020080493382318803
0.00022967656171575453
0.00029741478698410524
0.00031817630579360516
0.0
0.0
0.0
0.0
0.0
0.0
0.0
0.0
0.0003770757353845129
0.000325101490526858
0.00010218480208858832
5.91043923462602e-05
2.7123758212748037e-05
8.018341796532738e-06
3.355571756338769e-05
1.1593957524591494e-05
3.532750262182246e-07
4.3063857994132655e-06
4.134834687757624e-06
3.06318403130205e-05
7.15608850067291e-05
0.00011179950939193005
0.0002506453102029528
0.0002991461769436248
0.0
0.0
0.0
0.0
0.0
0.0
0.0
0.0
0.0006992463855071151
0.0006461654245457497
0.00037181328172005313
0.00023275987917904
0.0001886248349056093
0.00015483190884841506
0.000188826491132936
0.0001374961453832306
0.00012904227579999504
0.00013976097151072276
0.00032075770053252464
0.0005137140395006688
0.0006458884273526741
0.0006936505858334165
0.000799333709558444
0.0008596133119037613
0.0
0.0
4.8394029140072345e-06
2.7033163971213804e-05
3.292659601172403e-05
9.340528839481373e-05
0.0003487925578846692
0.00043975612353889046
0.0026937320402860418
0.0020207799004679805
0.0014323184972173477
0.001248540382723268
0.0009769044734832743
0.0007437936438984772
0.0007716506907803624
0.0007219211701263082
0.0010411601306853475
0.001293712151005785
0.0011872404064516354
0.0011139374876580142
0.0014642472812118241
0.001553344725255203
0.00146614695087893
0.0014524593524071342
9.794022589343944e-05
0.0002733923343346165
0.00045885414212045285
0.0005136698959025623
0.0006956614228225051
0.0006715971479671383
0.0008207216550915361
0.0007643342037655181
0.0028768723782614195
0.002640523244377157
0.0016992562649006879
0.0013053753203895206
0.0009383547396650073
0.0008401369627220648
0.0007941919722541973
0.0007239245264262643
0.0009617820229388464
0.0010298579257614101
0.001234553498410538
0.001660315419881495
4.500676418118896e-05
0.00037006462223089964
0.0005953641800097194
0.0008317651649408491
0.0007479196677417737
0.0009268167249458434
0.0009096995516175124
0.001014227382608922
0.0010077548033541532
0.0010639214106239715
0.0010275498370286816
0.0010810786878989907
0.001063881510443802
0.0009569590466389845
0.0006260637214672194
0.000510244101033885
0.0003240445801933123
0.00026728615649816473
0.0002007403834046339
0.0001604855030498364
0.00011929628418632813
0.0001712676227546296
0.00016642910921804864
0.0002652018498256227
0.0003179132080539413
0.00048681307424401643
0.0005137729660822276
0.0007074001856204708
0.000643982140030895
0.0007629464530769817
0.0006306961832075831
0.0007360883703653288
0.0007304109237467669
0.0008713560822420789
0.0007747233812646746
0.0008241249741960183
0.003769954593046745
0.0031551555902033213
0.001721687397488702
0.0012720511852946344
0.0010172475342352571
0.000873464833800755
0.0009077207943764515
0.0005608088305205305
0.00039472441262713856
0.0003315433570532248
0.0004309905418060266
0.000711610059386347
0.0011109635938065287
0.0012418898110355314
0.0017067169456673468
0.0021243568292302097
4.148271567385074e-05
0.00037196534006663645
0.0005289659725678169
0.0006400887592766889
0.0006377347711444671
0.0007530507104752348
0.0007093180912017308
0.0008450265667093194
0.0028798568497359804
0.003232214384219066
0.001034218623223195
0.00046268500025011547
0.0003478440576821726
0.0002977591280602803
0.00030765669730597605
0.0002230829645738965
0.0001617522585668897
0.0001403624602252762
0.00018959182680077774
0.00030721275923855957
0.0004495585046030946
0.0004985688999111367
0.0007182411519463035
0.0007984049544505709
0.0
0.0
0.0
4.482483905440391e-06
2.015881187245173e-05
2.8947281505134818e-05
3.694827032686909e-05
3.8434207355614665e-05
0.001964071494674251
0.0013080952716041836
0.0006254328956068404
0.00046460817204623694
0.0003501921985874506
0.0002796441202765988
0.0002935725895251618
0.0002084969542471517
0.00020554345698814454
0.0003409376346916942
0.000414906265323407
0.00042367072594398327
0.0004504136611471729
0.0004540424938911771
0.0005518051198598792
0.0005791483932500122
0.0
0.0
0.0
0.0
0.0
0.0
0.0
0.0
0.0014317449622563145
0.0010209228832283722
0.0005288154362857728
0.0004278129694436212
0.0003728721042477711
0.0003366836576845824
0.00035823753354486835
0.0002666362379131695
0.0005211933815540013
0.0006621935352056402
0.0006824051401922842
0.0007807376138994639
0.0009042274699354968
0.0009303707575378833
0.0010478196387638855
0.0009594279162731827
0.0
0.0
0.0
1.2152784768925672e-05
2.9989254373249326e-05
2.406415111279614e-05
2.8364926141643053e-05
2.2323847616832797e-05
0.0017979909301088066
0.0011831126731896033
0.0006542397664203735
0.0005146640913812434
0.00041129298702131055
0.0003291625833760007
0.00032250795471272764
0.00023194543467010056
0.00022816131756701262
0.00026822039570042995
0.0002787057006099436
0.0003376309197477945
0.00044011650088153975
0.0004502615157439211
0.0005257709666714801
0.0005571773194757432
0.0
0.0
0.0
0.0
0.0
0.0
0.0
0.0
0.0009485930554106952
0.0008413021262388681
0.0004625643538206689
0.0003731936943956638
0.00024144053594254148
0.00021981284209284164
0.0001779913933621378
0.00011212394759318072
0.0002172973647921019
0.0002850544172146583
0.0003747743848220643
0.0006297483236010361
0.0
0.0
0.0
0.0
0.0
0.0
0.0
0.0
0.0
0.0
0.0
1.934204314471704e-05
2.059700110361009e-05
2.6555483345652144e-05
1.2546051799801107e-05
7.087771493693521e-06
0.0
0.0
0.0
0.0
0.0
0.0
0.0
0.0
5.316466039801002e-06
1.4218724962132538e-05
2.3492550482749368e-05
1.546823133413249e-05
2.1722774589942507e-05
2.5821208593242924e-05
5.110912785726551e-05
4.885349687233926e-05
0.00010203044764219654
6.634348308890068e-05
8.93906641435456e-05
6.630853863733259e-05
0.0022023154304258393
0.0013522046860931364
0.0005746340724830635
0.0003763346997065743
0.00026476868525878545
0.00017730835490807213
0.0001572891800447782
6.968885067822518e-05
4.6976263008990494e-05
4.212881510341603e-05
4.451355025548704e-05
8.830518304828839e-05
0.00015089397462411024
0.00016980008367802846
0.000262241612136668
0.00028542835569486837
0.0
0.0
0.0
0.0
0.0
0.0
0.0
0.0
0.00032790136570964314
0.00030982195181393344
8.207132019524598e-05
3.69115006426533e-05
1.4240785597634846e-05
2.230361708217439e-06
4.7309409453899167e-07
0.0
0.0
0.0
0.0
0.0
4.5311426167832074e-06
2.5491946620051524e-05
7.15921688363905e-05
8.874203503589751e-05
0.0
0.0
0.0
0.0
0.0
0.0
0.0
0.0
0.00010018016840248895
0.00010582444012709163
1.8528475030025857e-05
2.8936654752128226e-07
0.0
0.0
0.0
0.0
0.0
0.0
0.0
0.0
8.097682576155832e-06
3.412353805889645e-05
7.860501234039722e-05
0.0001029820798629491
0.0
0.0
0.0
0.0
0.0
0.0
0.0
0.0
0.0008116187925941651
0.0006065709056514745
0.00023169307954889172
0.00014687550307067508
0.00010314287535315001
7.638284604189204e-05
9.495126200142675e-05
4.0071028405465605e-05
1.608802330093529e-05
2.0900641557949916e-05
3.506178422668578e-05
0.00015014563078464445
0.00031643710590741617
0.0003848634084111297
0.0005369672811919848
0.0006824656620198986
0.0
2.2011597143018667e-05
5.508803001415673e-05
0.00015545909470139887
0.00021772884269545304
0.0002751867595460838
0.0004973533493742266
0.00048169649338334545
0.0018058334951002624
0.0015603584108620106
0.0005855526683025849
0.00025253528022696335
0.00018808575975690406
0.00016011783827910147
0.0001549588940023351
7.422827492531207e-05
4.5836611020726094e-05
4.634640464314409e-05
5.7445537717453487e-05
0.0001575275602713914
0.0002761333839073065
0.00033708518765791383
0.00046863633682055417
0.000532012156754473
0.0
0.0
0.0
0.0
2.8808112580178732e-06
1.587008256480638e-05
1.9162091797957792e-05
3.167193308613602e-05
0.0014169850654712469
0.000909596283221389
0.0006356665976662474
0.0005419077824085096
0.00045495771438285135
0.000327906616899697
0.0002674290052323807
0.00022447260283812108
0.0003200581639279938
0.00037206058148906877
0.0004693788735124441
0.0006880613082740585
0.0
0.0
0.0
0.0
0.0
0.0
0.0
0.0
0.0
0.0
0.0
0.0
8.182751173163843e-06
1.2640581085999755e-05
1.098116026773752e-05
1.8036653658193685e-06
0.0
0.0
0.0
0.0
0.0
0.0
0.0
0.0
1.5513812544673983e-05
2.097384593263848e-05
5.201775812742424e-05
0.00011910543440315602
0.0003412385278302445
0.0004333894921703271
0.000572070867275647
0.000585245913269073
0.0006473524295340818
0.0006216777319818014
0.0006496042125032618
0.000698033661140466
0.0006995181822931933
0.0005570664796073494
0.00038647408074185096
0.00013553479551152862
2.9503188577034876e-05
1.3863637449853469e-05
0.0
0.0
0.0
0.0
0.0
0.0
3.267616620661697e-06
5.951176585970917e-06
9.085038762448658e-06
1.0210661346591449e-05
1.3597098442544176e-05
1.386283950175069e-05
1.818170107675755e-05
1.8966348522187955e-05
2.5837029307247574e-05
2.810792599216685e-05
3.109722106820223e-05
2.3198529310588382e-05
0.0016767625411052355
0.001228419772569656
0.0004740169249569291
0.0003313036081419677
0.0002181586021017549
0.00016974123523339743
0.0001778340985331618
0.00010198033927478669
7.938722629822764e-05
8.367231540026149e-05
9.559487321979228e-05
0.00014423338923912199
0.00022479891707886203
0.0002654183359344158
0.0003727719352038313
0.00043863332442926477
0.0
0.0
0.0
0.0
0.0
0.0
0.0
0.0
0.0012426460425025182
0.0009280022250748248
0.0004968630546219479
0.0003925074361112285
0.00030561140942430036
0.00023019085865752962
0.00023104803915021934
0.00015056429224966832
0.00012921607857132924
0.00012180731184472765
0.0001521976456968352
0.00025182971681137774
0.0003824877040405375
0.0004596834437061568
0.0006188611629296204
0.0006721667078953187
0.0
0.0
0.0
1.6579111997344367e-05
3.7170357323155946e-05
5.099086157140562e-05
9.661778253282437e-05
0.00019179627306328283
0.002109406545537043
0.0012666558839470004
0.0005337589420673709
0.0003727900352207817
0.00033380455641418127
0.00022715026235140332
0.000211606519573475
0.0001247818572733546
0.00010043478501491263
0.00010896491037249485
0.00012730199785413316
0.0001991566207024179
0.00031328281018298354
0.0003434402823925338
0.0005292698590127457
0.000568605193237745
0.0
0.0
0.0
0.0
0.0
0.0
0.0
0.0
0.0008234697736577748
0.0006314255591195146
0.00036172851177689405
0.0002599177558793392
0.00020596807886170967
0.0002041204868425259
0.0002284479351562435
0.0001544062258825059
0.0001277882607647223
0.00011633985411660552
9.807488563183127e-05
0.00013679915708912966
0.00023093347784710946
0.00022022979366341047
0.0002881889855253754
0.00030481730628473404
0.0
0.0
0.0
0.0
0.0
0.0
0.0
0.0
0.0004519825939679225
0.00045140785305795774
0.0002943827535100432
0.00022167936608309422
0.00017086086426720712
0.000125093013742964
0.00016861276986845445
0.00013768048534148258
0.00016174634196418564
0.000257319261284074
0.0003606496634007611
0.0005454388286307582
0.0
0.0
0.0
0.0
0.0
0.0
0.0
0.0
0.0
0.0
0.0
0.0
0.0
1.8688113102612723e-05
4.377710356605876e-05
3.0922904908312656e-05
3.5504539687140725e-05
2.1307764644725607e-05
2.7287151694351916e-05
4.4766726230692544e-05
0.00012286951986990836
0.0001624592875156806
0.0003786365848588106
0.000382296251203613
0.0006141637056161805
0.0005883642541930068
0.0008206526571317362
0.0007252962548820517
0.0009623770671606242
0.0008909874910053956
