0.0
0.0
0.0
0.0
0.0
0.0
0.0
0.0
0.0
0.0
0.0
0.0
0.0
0.0
0.0
0.0
0.00036355021857504985
0.0
0.0
0.0
0.0
0.0003335007317777659
0.0
0.00013771885055183106
0.0
0.0
0.0001225453117702763
0.0
0.0
0.0
0.0
0.0
0.0
0.0
0.0
0.0
0.0
0.0
0.0
0.0
0.0
0.0
0.0
0.0
0.0
0.0
0.0
0.0
0.0
0.0
0.0
0.0
0.0
0.0
0.0
0.0
0.0
0.0
0.0
0.0
0.0
0.0
0.0
0.0
0.0
0.0
0.0
0.0
0.0
0.0
0.0
0.0
0.0
0.0
0.0
0.0
0.0
0.0
0.0
0.0
0.0
0.0
0.0
0.0
0.0
0.0
0.0
0.0
0.0
0.0
0.0
0.0
0.0
0.0
0.0
0.0
0.0
0.0
0.0
0.0
0.0
0.0
0.0
0.0
0.0
0.0
0.0
0.0
0.0
0.0
0.0
0.0
0.0
0.0
0.0
0.0
0.0
0.0
0.0
0.0
0.0
0.0
0.0
0.0
0.0
0.0
0.0
0.0
0.0
0.0
0.0
0.0
0.0
0.0
0.0
0.0
0.0
0.0
0.0
0.0
0.0
0.0
0.0
0.0
0.0
0.0
0.0
0.0
0.0
0.0
0.0
0.0
0.0
0.0
0.0
0.0
0.0
0.0
0.0
0.0
0.0
0.0
0.0
0.0
0.0
0.0
0.0
0.0
0.0
0.0
0.0
0.0
0.0
0.0
0.0
0.0
0.0
0.0
0.0
0.0
0.0
0.0
0.0
0.0
0.0
0.0
0.0
0.0
0.0
0.0
0.0
0.0
0.0
0.0
0.0
0.0
0.0
0.0
0.0
0.0
0.0
0.0
0.0
0.0
0.0
0.0
0.0
0.0
0.0
0.0
0.0
0.0
0.0
0.0
0.0
0.0
0.0
0.0
0.0
0.0
0.0
0.0
0.0
0.0
0.0
0.0
0.00015627613910212883
0.00020704611849701812
0.0
0.0005253061166799598
0.0
0.0
0.0
0.0
0.0
0.0
0.0
0.0
0.0
0.0
0.0
0.0
0.0
0.0
0.0
0.0
0.0
0.0
0.0
0.0
0.0
0.0
9.13379487007237e-05
0.0006452005001482317
0.0006015962480476015
6.729246385485727e-05
0.0
0.0
0.0
0.0
0.0
0.0
0.0
0.0
0.0
0.0
0.0
0.0006650838674432787
0.000490344421321224
0.0
0.0
0.0
0.0
0.0
0.0
0.0
0.0
0.0004968731201953274
0.0
0.0
0.0
0.0
0.0
0.0
0.0
0.0
0.0
0.0
0.0
0.0
0.0
0.0
0.0
0.0
0.0
0.0
0.0
0.0
0.0
0.0
0.0
0.0
0.0
0.0
0.0
0.0
0.0
0.0
0.0
0.0
0.0
0.0
0.0
0.0
0.0
0.0
0.0
0.0
0.0
0.0
0.0
0.0
0.0
0.0
0.0
0.0
0.0
0.0
0.0
0.0
0.0
0.0
0.0
0.0
0.0
0.0
0.0
0.0
0.0
0.0
0.0
0.0
0.0
0.0
0.0
0.0
0.0
0.0
0.0
0.0
0.0
0.0
0.0
0.0
0.0
0.0
0.0
0.0
0.0
0.0
0.0
0.0
0.0
0.0
0.0
0.0
0.0
0.0
0.0
0.0
0.0
0.00012882197495314103
0.00028126310385913616
0.0
0.0013097853257535105
0.0
0.000548650725540563
0.0
0.0
0.0
0.0
0.0
0.0
0.0
0.0
0.0
0.0
0.0
0.0
0.0
0.0
0.0
0.0
0.00010533378673982844
0.000292418662638212
0.00043646245749537636
0.0007861481487182307
0.003733660118574844
0.0
0.0
0.0
0.0003410747194448318
0.0
0.0
0.0
0.0
0.0
0.0
0.0
0.0
0.0
0.0
0.0
0.0
0.0
0.0
0.00025623037766959306
0.0
0.00031766176163670494
0.00047677653811630774
0.0
0.00028533976577432087
0.0
0.0
0.0
0.0
0.0
0.0
0.0
0.0
0.0
0.0
0.0
0.0
0.0
0.0
0.0
0.0
0.0
0.0
0.0
0.0
0.0
0.0
0.0
0.0
0.0
0.0
0.0
0.0
0.0
0.0
0.0
0.0
0.0
0.0
0.0
0.0
0.0
0.0
0.0
0.0
0.0
0.0
0.0
0.0
0.0
0.0
0.0
9.72435707021503e-05
0.0
0.0
0.0
0.0
0.0
0.0
0.0
0.0
0.0
0.0
0.0
0.0
0.0
0.0
0.0
0.0
0.0
0.0
0.0
0.0
0.0
0.0
0.0
0.0
0.0
0.0
0.0
0.0
0.0
0.0
0.0
0.0
0.0
0.0
0.0
0.0
0.0
0.0
0.0
0.0
0.0
0.0
0.0
0.0
0.0
0.0
0.0
0.0
0.0002057920519281565
0.0
0.0
0.0
0.0
0.0
0.0
0.0
0.0
0.0
0.0
0.0
0.0
0.0
9.610452727439038e-05
0.0
0.0
0.0
0.0
0.0
0.0
4.062110188128181e-05
0.0
0.0003023731657083353
0.0
0.0
0.0
0.0
0.0
0.0
0.0
0.0
0.0
0.0
0.0
0.0
0.0
0.0
0.0
0.0
0.0
0.0
0.0
0.0
0.0
0.0
0.0
0.0
0.0
0.0
0.0
0.0
0.0
0.0
0.0
0.0
0.0
0.0
0.0
0.0
0.0
0.0
0.0
0.0
0.0
0.0
0.0
0.0
0.0
0.0
0.0
0.0
0.0
0.0
0.0
0.0
0.0
0.0
0.0
0.0
0.0
0.0
0.0
0.0
0.0
0.0
0.0
0.0
0.0
0.0
0.0
0.0
0.0
0.0
0.0
0.0
0.0
0.0
0.0
0.0
0.0
0.0
0.0
0.0
0.0
0.0
0.0
0.0
0.0
0.0
0.0
0.0
0.0
0.0
0.0
0.0
0.0
0.0
0.0
0.0
0.0
0.0
0.0
0.0
0.0
0.0
0.0
0.0
0.0
0.0
0.0
0.0
0.0
0.0
0.0
0.0
0.0
0.0
0.0
0.0
0.0
0.0
0.0
0.0
0.0
0.0
0.0
0.0
0.0
0.0
0.0
0.0
0.0
0.0
0.0
0.0
0.0
0.0
6.546746398521822e-05
0.0
0.0
0.0
0.0
0.0
0.0
0.0
0.0
0.0
0.0
0.0
0.0
0.0
0.0
0.0
0.0
0.0
0.0
0.0
0.0
0.0
0.0
0.0
0.0
0.0
0.0
0.0
0.0
0.0
0.0
0.0
0.0
0.0
0.0
0.0
0.0
0.0
0.0
0.0
0.0
0.0
0.0
0.0
0.0
0.0
0.0
0.0
0.0
0.0
0.0
0.0
0.0
0.0
0.0
0.0
0.0
0.0
0.0
0.0
0.0
0.0
0.0
0.0
0.0
0.0
0.0
0.0
0.0
0.0
0.0
0.0
0.0
0.0
0.0
0.0
0.0
0.0
0.0
0.0
0.0
0.0
0.0
0.0
0.0
0.0
0.0
0.0
0.0
0.0
0.0
0.0
0.0
0.0
0.0
0.0
0.0
0.0
0.0
0.0
0.0
0.0
0.0
0.0
0.0
0.0
0.0
0.0
0.0
0.0
0.0
0.0
0.0
0.0
0.0
0.0
0.0
0.0
0.0
0.0
0.0
0.0
0.0
0.0
0.0
0.0
0.0
0.0
0.0
0.0
0.0
0.0
0.0
0.0
0.0
0.0
0.0
0.0
0.0
0.0
0.0
0.0
0.0
0.0
0.0
0.0
0.0
0.0
0.0
0.0
0.0
0.0
0.0
0.0
0.0
0.0
0.0
0.0
0.0
0.0
0.0
0.0
0.0
0.0
0.0
0.0
0.0
0.0
0.0
0.0
0.0
0.0
0.0
0.0
0.0
0.0
0.0
0.0
0.0
0.0
0.00024905936113911616
0.0
0.00012993043763106414
0.0001413516370444274
0.00011320000996093308
0.0
0.0
6.740253188563771e-05
0.00012780533740096097
0.0
7.558277199606082e-05
6.86391345742174e-05
6.26990860277841e-05
6.313723854772121e-05
0.0
0.0
0.0
0.0
0.0
0.0
0.0
0.0
0.0
0.0
0.0
0.0
0.0
0.0
0.0
0.0
0.0
0.0
0.0
0.0
0.0
0.0
0.0
0.0
0.0
0.0
0.0
0.0
0.0
0.0
0.0
0.0
0.0
0.0
0.0
0.0
0.0
0.0
0.0
0.0
0.0
0.0
0.0
0.0
0.0
0.0
0.0
0.0
0.0
0.0
0.0
0.0
0.0
0.0
0.0
0.00019427948688608375
0.0
0.0
0.0
0.0
0.0
0.0
0.0
0.0
0.0
0.0
0.0
0.0
0.0
0.0
0.0
0.0
0.0
0.0
0.0
0.0
0.0
0.0
0.0
9.403551100943998e-05
0.0
0.0
0.0
0.0
0.0
0.0
0.0
0.0
0.0
0.0
0.0
0.0
0.0
0.0
0.0
0.0
0.0
0.0
0.0
0.0
0.0
0.0
0.0
0.0
0.0
0.0
0.0
0.0
0.0
0.0
0.0
0.0
0.0
0.0
0.0
0.0
0.0
0.0
0.0
0.0
0.0
0.0
0.0
0.0
0.0
0.0
0.0
0.0
0.0
0.0
0.0
0.0
0.0
0.0
0.0
0.0
0.0
0.0
0.0
0.0
0.0
0.0
0.0
0.0
0.0
0.0
0.0
0.0
0.00014430185352811835
0.0
0.0
0.0027630214242378498
0.0
0.0
0.00038212690706598563
0.00038674162613327014
0.0
0.0
0.0
0.0
0.0
0.0
0.0
0.0
0.0
0.0
0.0
0.0
0.0
0.0
0.0
0.0
0.0
0.0
0.0
0.0
0.0
0.0
0.0
0.0
0.0
0.0
0.0
0.0
0.0
0.0
0.0
0.0
0.0
0.0
0.0
0.0
0.0
0.0
0.0
0.0
0.0
0.0
0.0
0.0
0.0
0.0
0.0
0.0
0.0
0.0
0.0
0.0
0.0
0.0
0.0
0.0
0.0
0.0
0.0
0.0
0.0
0.0
0.0
0.0
0.0
5.755812952987672e-05
0.0
0.00044695527538982565
0.0
0.0
0.0
0.0
0.0
0.0
0.0
0.0
0.0
0.0
0.0
0.0
0.0
0.0
0.0
0.0
0.0
0.0
0.0
0.0
0.00024985575614316035
0.0003140395554552126
0.0
0.001197188741937001
0.0014672193275376152
0.0001859037970893769
0.0
0.00047151742795300774
0.0
0.0
0.0
0.0
0.0
0.0
0.0
0.0
0.0
0.0
0.0
0.0
0.0
0.0
0.0
2.1737351376898452e-05
0.00015932338413407964
0.00017302905583524225
0.0
0.0014278375346123496
0.0013798757385154322
5.022083972077092e-05
0.0
0.0002514431289011857
0.0
0.0
0.0
0.0
0.0
0.0
0.0
0.0
0.0
0.0
0.0
0.0
0.0
0.0
0.0
0.0
0.0
0.0
0.0
0.0
0.0
0.0
0.0
0.0
0.0
0.0
0.0
0.0
0.0
0.0
0.0
0.0
0.0
0.0
0.0
0.0
0.0
0.0
0.0
0.0
0.0
0.0
0.0
0.00045368592685354975
0.0
0.0
0.0
0.0
0.0
0.0
0.0
0.0
0.0
0.0
0.0
0.0
0.0
0.0
0.0
0.0
0.0
0.0
0.0
0.0
0.0
0.0
0.0007570019737700107
0.0037745341377363553
0.0006686540099119428
0.0028845598996097717
0.000402861744697995
0.00032798524271805967
0.0
0.0
0.0
0.0
0.0
0.0
0.0
0.0
0.0
0.0
0.0
0.0
0.0
0.0
0.0
0.0
0.0
0.00020385092316318066
0.0
0.0013118455000354441
0.0
0.0
0.0
0.0
0.0
0.0
0.0
0.0
0.0
0.0
0.0
0.0
0.0
0.0
0.0003385279746591405
0.0
0.0
0.0
0.0
0.0
0.0
0.0
0.0
0.0
0.00018443659531269506
0.00027444342241962746
0.0
0.0
0.0
0.0
0.0
0.0
0.0
0.0
0.0
0.0
0.0
0.0
0.0
0.0
0.0
0.0
0.0
0.0
0.0
0.0
0.0
0.0
0.0
0.0
0.0
0.0
0.0
0.0
0.0
0.0
0.0
0.0
0.0
0.0
0.0
0.0
0.0
0.0
0.0
0.0
0.0
0.0
0.0
0.0
0.0
0.0
0.0
0.0
0.0
0.0
0.0
0.0
0.0
0.0
0.0
0.0
0.0
0.0
0.0
0.0
0.0
0.0
0.0
0.0
0.0
0.0
0.0
0.0
0.0
0.0
0.0
0.0
0.0
0.0
0.0
0.0
0.0
0.0
0.0
0.0
0.0
0.0
0.0
0.0
0.0
0.0
0.0
0.0
0.00014886721879200349
0.0
0.0
0.0
0.0
0.0
0.0
0.0
0.0
0.0
0.0
0.0
0.0
0.0
0.0
0.0
0.0
0.0
0.0
0.0
0.0
0.0
0.0
0.0
0.0
0.0
0.0
0.0
0.0
0.0009834213320231598
0.0
0.0
0.0
0.0
0.0
0.0
0.0
0.0
0.0
0.0
0.0
0.0
0.0
0.0
0.0
0.0
0.0
0.0
0.0
0.00035994856727957847
0.0003464702649943055
0.000671245816365738
0.0
0.0035979170537949893
0.0002210500271689353
0.0
0.0
0.00020217005310663966
0.0
0.0
0.0
0.0
0.0
0.0
0.0
0.0
0.0
0.0
0.0
0.0
0.0
0.0
0.0
0.0
3.660942242932698e-05
0.00019532137482105937
0.0
0.00011642343767622373
0.00023383310661750852
0.0
0.0
8.33471918527473e-05
0.0
0.0
0.0
0.0
0.0
0.0
0.0
0.0
0.0
0.0
0.0
0.0
0.0
0.0
0.0
0.0
0.0
0.0
3.166427924371497e-05
0.00012066051614457211
0.0
0.0
0.0
0.0
0.0
0.0
0.0
0.0
0.0
0.0
0.0
0.0
0.0
0.0
0.0
0.0
0.0
0.0
0.0
0.0
0.0
0.0
0.0
0.0
0.0
0.0
0.0
0.0
0.0
0.0
0.0
0.0
0.0
0.0
0.0
0.0
0.0
0.0
0.0
0.0
0.0
0.0
0.0
0.0
0.0
0.0
0.0
0.0
0.0
0.0
0.0
0.0
0.0
0.0
0.0
0.0
0.0
0.0
0.0
0.0
0.0
0.0
0.0
0.0
0.0
0.0
0.0
0.0
0.0
0.0
0.0
0.0
0.0008709233782312147
0.0
0.0
0.0
0.0
0.0
0.0
0.0
0.0
0.0
0.0
0.0
0.0
0.0
0.0
0.0
0.0
0.0
0.0
0.0
0.0
0.0
0.0
0.0
0.0
0.0
0.0
0.0
0.0
0.0
0.0
0.0
0.0
0.0
0.0
0.0
0.0
0.0
0.0
0.0
0.0
0.0
0.0
0.0
0.0
0.0
0.0
0.0
0.0
0.0
0.0
0.0
0.0
0.0
0.0
0.0
0.0
0.0
0.0
0.0
0.0
0.0
0.0
0.0
0.0
0.0
0.0
0.0
0.0
0.0
0.0
0.0004142867311559179
0.00014722621259435976
8.883492653397023e-05
0.0
0.0
0.0
0.0
0.0
0.0
0.0
0.0
0.0
0.0
0.0
0.0
0.0
0.0
0.0
0.0
0.0
0.0
0.0
0.0
0.0
0.0
0.0
0.0
0.0
0.0
0.0
0.0
0.0
0.0
0.0
0.0
0.0
0.0
0.0
0.0
0.0
0.0
0.0
0.0
0.0
0.0
0.0
0.0
0.0
0.00023586614799792215
0.0
0.0
0.0
0.0
0.0
0.0
0.0
0.0
0.0
0.0
0.0
0.0
0.0
0.0
0.0
0.0
0.0
0.0
0.0
0.0
0.0
0.0
0.0
0.0
0.0
0.0
0.0
0.0
0.0
0.0
0.0
0.0
0.0001929271760432387
0.0
0.0
0.0
0.0
0.0
0.0
0.0
0.0
0.0
0.0
0.0
0.0
0.00023432972795647288
0.0
0.0
0.0
0.0017532264161606473
0.0
0.0
0.0
0.0
0.0
0.0
0.0
0.0
0.0
0.0
0.0
0.0
0.0
0.0
0.0
0.0
0.0
0.0
0.0
0.0
0.00023957674080095053
0.0005853729261494012
0.0009693928843359241
0.0017089787264402039
0.00047157333139189584
0.00010157370222509697
0.0
0.0
0.0
0.0
0.0
0.0
0.0
0.0
0.0
0.0
0.0
0.0
0.0
0.0013179537657898447
0.000914318461914855
0.0004378491179487225
0.0
0.0
0.005410598019216159
0.013199256412258529
0.030639113970103403
0.0419858934329815
0.003725846682898104
0.0
0.0
0.0
0.0
0.0
0.0
0.0
0.0
0.0
0.0
0.0
0.0
0.001318748631420236
0.0
0.0006219011693367628
0.0005086546222259013
0.0
0.0
0.0
0.0016945969879160548
0.0
0.0
0.0
0.0
0.0
0.0
0.0
0.0
0.0
0.0
0.0
0.0
0.0
0.0
0.0
0.0
0.0
0.0
0.0
0.0
0.0
0.0
0.0
0.0
0.0
0.0
0.0
0.0
0.0
0.0
0.0
0.0
0.0
0.0
0.0
0.0
0.0
0.0
0.0
0.0
0.0
0.0
0.0
0.0
0.0
7.609619790075981e-05
8.509708102401373e-05
0.0006110936579792735
0.0
0.0007157310411419429
5.631868773854941e-05
0.0002952444412005925
0.0
0.0
0.0
0.0
0.0
0.0
0.0
0.0
0.0
0.0
0.0003784119055670011
0.0
0.0
0.0
0.0
0.0
0.0
0.0
0.0
0.0
0.0
0.0
0.0
0.0
0.0
0.0
0.0
0.0
0.0
0.0
0.00021662944938746263
0.0
0.0
0.0
0.0
0.0
0.0
0.0
0.0
0.0
0.0
0.0
0.0
0.0
0.0
0.0
0.0
0.0
0.0
0.0
0.0
0.0
0.0
0.0
0.0
0.0
0.0
0.0
0.0
0.0
0.0
0.0
0.0
0.0
0.0
0.0
0.0
0.00033388639615548025
0.0
0.00034722934224498014
0.00010006003607369244
0.00018699675361964817
0.0
0.0
0.0
0.0
0.0
0.0
0.0
0.0
0.0
0.00010351642606196551
0.0
0.0
0.0
0.0
0.0
0.0
4.8804425590667324e-05
0.00021796230914319562
9.64842531307315e-05
0.0009191825098090884
0.00019387823736785357
0.0006434557563836623
0.0
0.0005527285184938978
0.0
0.0
0.0
0.0
0.0
0.0
0.0
0.0
0.0
0.0
0.0
0.0
0.0
0.0
0.0
0.0
0.0
0.0
0.0
0.0005891947691768572
0.0
0.000487328389364217
0.00022509041444194084
0.00014509613209400698
0.0
0.0
0.0
0.0
0.0
0.0
0.0
0.0
0.0
0.0
0.0
0.0
0.0
0.0
0.0
0.0
0.0
0.0
0.0
0.00011576780219653326
0.0
0.0
0.0
0.0
0.0
0.0
0.0
0.0
0.0
0.0
0.0
0.0
0.0
0.0
0.0
0.0
0.0
0.0
0.0
0.0
0.0
0.0
0.0
0.0
0.0
0.00035396879334292496
0.00014817548437514436
0.0001661024969948822
0.0
0.0
0.0
0.0
0.0
0.0
0.0
0.0
0.0
0.0
0.0
0.0
0.0
0.0
0.0
0.0
0.0
0.0
0.0
0.0
0.0
0.0
0.0
0.0
0.0
0.0
0.0
0.0
0.0
0.0
0.0
0.0
0.0
0.0
0.0
0.0
0.0
0.0
0.0009708213570151388
0.0
0.0006340272105993162
0.0
0.0
0.0
0.0020656422463671623
0.0
0.0
0.0
0.00037614207969321496
0.0
0.0
0.00020318300326533932
0.0
0.0
0.0
0.0
0.0
0.0
0.0
0.0
0.0
0.0
0.0
0.0
0.0
0.0
0.0
0.0002558801828350901
0.0
0.0
0.0
0.0
0.0
0.0
0.0
0.0
0.0
0.0
0.0
0.0
0.0
0.0
0.0
0.0
0.0
0.0
0.00018480687597475067
0.0
0.0
0.0
0.0
0.0027071264261601014
0.0008782497022258187
0.00015671821383256537
0.0
0.0
0.0
0.0
0.0
0.0
0.0
0.0
0.0
0.0
0.0
0.0
0.0
0.0
0.0
0.0
0.0
0.0
0.0
0.0
0.0
0.00022881336571197459
0.00030081047077908004
0.0007389567751851245
0.00021084428423207764
0.0004412743638874912
7.723792909158773e-05
0.0
0.0
0.0
0.0
0.0
0.0
0.0
0.0
0.0
0.0
0.0
0.0
0.0
0.0
0.0
0.0
0.00010241202158418052
9.725710453227328e-05
0.0012187799239584897
0.0010888000335007638
0.0022546490439479803
0.004871467922345783
0.0013024512788149555
0.00022096438862282116
7.50486888994353e-05
0.0
0.0
0.0
0.0
0.0
0.0
0.0
0.0
0.0
0.0
0.0
0.0
0.0004858199525912423
0.0007247294897153701
0.0006415420520663364
0.001005228323894143
0.008686137953385442
0.04714185058277801
0.07390357280934
0.10066429227426556
0.10895871060831719
0.09215334173241449
0.05261318005108263
0.011488036902334658
0.0004967289511039345
0.0
0.0
0.0
0.0
0.0
0.0
0.0
0.0
0.0
0.011484898760155179
0.0
0.0007299457185826936
0.00018673217583536837
0.0005234463127988839
0.000544835155038861
0.0
0.0
0.0010183473478538134
0.0036546499817126953
0.005939042769795998
0.0034287528525215587
0.0
0.0
0.0
0.0
0.0
0.0
0.0
0.0
0.0
0.0
0.0
0.0
0.0
0.0
0.0
0.0
0.0
0.0
0.0
0.0
0.0
0.0
0.0
0.0
0.0
0.0
0.0
0.0
0.0
0.0
0.0
0.0
0.0
0.0
0.0
0.0
0.0
0.0
0.0
0.0
0.0
0.00018615082610105543
0.00016412440889729238
0.001494545628912163
0.014745798119171986
0.03602665168063857
0.03555827001478199
0.009268307549781802
0.00044800079894298143
5.455628252085252e-05
0.0
0.0
0.0
0.0
0.0
0.0
0.0
0.0
0.0
0.0
0.00015289151573876888
0.0
0.001090875422788954
0.0024702689521551684
0.0016334846847405606
0.0
0.0
0.0028157120500035917
0.0032527040245550073
0.00514628861166077
0.008749153899808067
0.0
0.0
0.0
0.0
0.0
0.0
0.0
0.0
0.0
0.0
0.0
0.0
0.0
0.0
0.0
0.00014724026263337564
0.00024868773502184876
0.00017429943383007873
0.00021211436574283585
0.0016633280168761267
0.013105303131601612
0.014281169844917934
0.01739350182297952
0.022090793730554528
0.00028479464881691675
0.0
6.508189474708835e-05
0.0
0.0
0.0
0.0
0.0
0.0
0.0
0.0
0.0
0.0
0.00015110155786560164
0.0
0.0012103119976929417
0.002414689075742955
0.0027517415887504935
0.0017871753077856496
0.0004257721974512321
0.010017505847645923
0.012121557241374651
0.02074779777820671
0.023774805306546597
0.0
0.0
0.0
0.0
0.0
0.0
0.0
0.0
0.0
0.0
0.0
0.0
0.0
0.00013765392275950477
0.0
0.0013289055798192334
0.004934737601130104
0.011792782887826278
0.03507982196032392
0.05531043630314879
0.09223998467640467
0.1119624372497089
0.12618259861492653
0.10854862187446812
0.05917481738905706
0.012269539733484157
0.00012123658303699068
0.0
0.0
0.0
0.0
0.0
0.0
0.0
0.0
0.0
0.0
0.0014225483488166319
0.0
0.0
0.0
0.0
0.0
0.0
0.0
0.0
0.0
0.0
0.0
0.0
0.0
0.0
0.0
0.0
0.0
0.0
0.0
0.0
0.0
0.0
0.0002093900272303654
0.0
0.0
0.0019527334944596626
0.0006165378092438406
0.0
0.0
0.0
0.0
0.0
0.0
0.0
0.0
0.0
0.0
0.0
0.0
0.0
0.0
0.0
0.0
0.0
0.0
0.0
0.0
0.0
0.0
0.004670407383687145
0.001938985262681482
0.0
0.000859483265517505
0.0014317857832325963
0.009323437634251166
0.008698251227635099
0.006584331128100775
0.0045336649222900635
0.0
0.0
0.0
0.0
0.0
0.0
0.0
0.0
0.0
0.0
0.0
0.0
0.0
0.0
0.0
0.00034646735514027595
9.189350278873335e-05
0.0
0.0
5.544981160205885e-05
0.00025041268522752467
0.0
0.003374176456586849
0.010280018974444409
0.000845679685275631
0.0
8.618516389884632e-05
0.0
0.0
0.0
0.0
0.0
0.0
0.0
0.0
0.0
0.0
0.0
0.0
0.0009406228160737275
0.0010197519342362647
0.0009700200031932999
0.00040148895556521054
0.0004453564765609622
0.021766347363398435
0.042222290534751426
0.06596100358161083
0.06847495494504821
0.02633976861426419
0.007912138858035019
0.000122726138292386
0.0
0.0
0.0
0.0
0.0
0.0
0.0
0.0
0.0
0.0
0.0005479601834511825
0.0
0.00017717117208509338
8.541439670916985e-05
0.00011383106588610739
0.00022035980185266814
0.0
0.0013316463878816785
0.002665017399880578
0.00912377689806508
0.02011741752001314
0.011925867848364042
0.0032900325191100466
0.0
0.0
0.0
0.0
0.0
0.0
0.0
0.0
0.0
0.0
0.0
0.0
0.0
0.00012388776639453495
2.7994237270263058e-05
2.334389618999411e-05
0.0
0.0
7.786575562852767e-05
0.0
0.002514560369837582
0.009439152131911729
0.0036647442521003585
0.0
0.0
0.0
0.0
0.0
0.0
0.0
0.0
0.0
0.0
0.0
0.0
0.0
0.0
0.0
0.0
0.0
0.0
0.0
0.0
0.0
0.000985076870468797
0.00024059063624893637
0.0
0.0
0.0
0.0
0.0
0.0
0.0
0.0
0.0
0.0
0.0
0.0
0.0
0.0
0.0
0.0007639581552986616
0.0
0.0
0.0
0.0
0.0
0.0
0.0
0.0
0.0
0.0
0.0
0.0
0.0
0.0
0.0
0.0
0.0
0.0
0.0
0.0
0.0
0.0
0.0
2.7164857271600115e-05
2.459917964089443e-05
0.0
0.0002588307685688704
0.0
0.0018395975788662226
0.0
0.0
0.0
0.0005593685243273582
0.0
0.0
0.0
0.0
0.0
0.0
0.0
0.0
0.0
0.0
0.0
0.0
0.0
0.0
0.0007223266393749679
0.0006748170129776136
0.0004578026388007193
3.287202503863138e-05
0.0
0.0011723512294769237
0.0024543831458730125
0.015885273066513748
0.02533339026592071
0.0003877001005778964
0.0005587763017520415
0.0
0.0
0.0
0.0
0.0
0.0
0.0
0.0
0.0
0.0
0.0
0.0
0.0
0.00022563178888541571
0.0
0.0
0.0
0.0
0.0008760865334161471
0.0
0.0
0.0
0.0
0.0
0.0
0.0
0.0
0.0
0.0
0.0
0.0
0.0
0.0
0.0
0.0
0.0
0.0
0.0
0.0
0.0
0.0
0.0
0.0003484044314299525
0.0
0.0
0.0
0.0
0.0
0.0
0.0
0.0
0.0
0.0
0.0
0.0
0.0
0.0
0.0
0.0
0.0
0.0
0.0
0.0
0.0
0.0
0.0
0.00034795480615828844
0.0004358490349254929
0.00108637652088083
0.002380124970013496
0.00042512165829022294
0.00018672812265166404
0.00017205620015100349
0.0
0.0
0.0
0.0
0.0
0.0
0.0
0.0
0.0
0.0
0.0
0.0
0.0
0.0
0.0
0.0
0.0
0.0
0.0
0.0025178397165200616
0.00015739041512249018
0.0
0.0
0.0
0.0
0.0
0.0
0.0
0.0
0.0
0.0
0.0
0.0
0.0
0.0
0.0
0.0
0.0
0.0
0.0
0.0
0.0
0.0
0.0
0.0
0.0
0.0
0.0
0.0
0.0
0.0
0.0
0.0
0.0
0.0
0.0
0.0
0.0
0.0
0.0
0.00037783036510545927
0.0004700371284197787
0.0004903865881662656
0.0009310220440530368
0.0032851680618492187
0.01635491743284534
0.022675979827008422
0.01260534064087602
0.008141247485004733
0.0
0.0006577729359843172
0.0
0.0
0.0
0.0
0.0
0.0
0.0
0.0
0.0
0.0
0.0
0.00017611143925693517
0.0
0.0006572144801240867
0.00012571056587990038
0.0
6.609572811443742e-05
0.0
0.004725128072990018
0.01626354884519983
0.029044411654484906
0.03607585048747766
0.016231055292400223
0.008485001922359226
0.00013441072722195646
8.29691885701373e-05
0.0
0.0
0.0
0.0
0.0
0.0
0.0
0.0
0.0
0.0
6.562331984767782e-05
0.0007118120242055931
0.0018819313223277425
0.0025331322824455804
0.0012545877748306312
0.0013604111731709983
0.023177908407081668
0.03603768721489239
0.04916093446002339
0.057985954657150285
0.02111170651498003
0.004640889737581479
0.0
0.0
0.0
0.0
0.0
0.0
0.0
0.0
0.0
0.0
0.0
0.0
0.0
0.0007118791000023789
0.0030949765294604964
0.005863761151385218
0.011712161297419981
0.02446731203372505
0.05326996204485437
0.06264890673852185
0.0762746224925128
0.0869900613236994
0.06649420869501173
0.029251938124600717
0.003621330092404361
0.0
0.0
0.0
0.0
0.0
0.0
0.0
0.0
0.0
0.0
0.0021421350641616815
0.00022654560504824128
0.006168848709448307
0.013435353257063461
0.02296285584469315
0.0478440103107207
0.05523407762663141
0.08024132922226428
0.10072690795853545
0.11359691393923904
0.12639306317417054
0.1152529735381814
0.08219756901192374
0.024012762372750494
0.0008218201972890721
0.0
0.0
0.0
0.0
0.0
0.0
0.0
0.0
0.0
0.005860332243152986
0.0004536744239629493
0.0019538934796642787
0.01271766869231063
0.015336339649031331
0.016774828635229968
0.0010466393211336009
0.0
0.0
0.0005518342346988378
0.0
0.0
0.0
0.0
0.0
0.0
0.0
0.0
0.0
0.0
0.0
0.0
0.0
0.0
0.0
0.0
0.0
0.0
0.0
0.0
0.0
0.0
0.0
0.0
0.0
0.0
0.0
0.0
0.0
0.0
0.0
0.0
0.0
0.0
0.0
0.0
0.0006835830171884131
0.0
0.0
0.0
0.00011984467773648905
0.0005608046336638598
0.000468449452812882
0.0002853328697142923
0.0
0.002534946751273142
0.008379998676983245
0.025366582010183943
0.042497991287423736
0.012332104025476147
0.0011024098119827587
0.0
0.0
0.0
0.0
0.0
0.0
0.0
0.0
0.0
0.0
0.0
0.0019508245044025036
0.0
0.0018530802822689296
0.0019298885664254925
0.017919681525754346
0.05729806338263694
0.0764720522964256
0.10828725669253926
0.12710984670749315
0.14126894604744694
0.14683528637564003
0.14669912004247976
0.1067145677939297
0.041372858772492284
0.006525330950199824
0.0
0.0
0.0
0.0
0.0
0.0
0.0
0.0
0.0
0.005313177297226497
0.00041034700293304533
0.014965080454428691
0.04004045676704758
0.07422716991425281
0.1064059675260122
0.11901654313243659
0.1369662172964166
0.14896012267573508
0.1662735466742163
0.1761275528399017
0.194279345590523
0.17958081601363865
0.10969975348703534
0.03893308127047581
0.008370200985243431
0.0
0.0
0.0
0.0
0.0
0.0
0.0
0.0
0.015716798208171928
0.001871703210955651
0.037503123091309695
0.10431839611287415
0.1461219252312058
0.16390671813284144
0.17515533383398404
0.19958849028347372
0.20958385397703294
0.22980625518781359
0.24443228779151954
0.29044653980695767
0.2864898011643963
0.2192265060431364
0.1485351436180615
0.10178440033042974
0.0
0.0
0.0
0.0
0.0
0.0
0.0
0.0
0.025602383729211517
0.02477611478910775
0.0918154486441472
0.13344089492446048
0.15680560809573615
0.18265385402365722
0.20008383034401003
0.22781392568898814
0.24259324800166673
0.22351788080081053
0.2156705080830278
0.25934358006444846
0.27559885403609624
0.1366594134591043
0.021629352832795306
0.001170523465699727
0.0
0.0
0.0
0.0
0.0
0.0
0.0
0.0
0.012065003415303296
0.0007584016030400862
0.01189519862984921
0.018916502233072226
0.015972510292140925
0.015259473451292476
0.03146296370966925
0.04535698560743863
0.06951222376411276
0.08182786195071134
0.08107891330722107
0.05570238349411251
0.0
0.0
0.0
0.0
0.0
0.0
0.0
0.0
0.0
0.0
0.0
0.0
0.0
0.0
0.0
0.0
0.0
0.0
0.0
0.0
0.0
0.0
0.0
0.0
0.0
0.0
0.0
0.0
0.0
0.0
0.0
0.0
0.0
0.0
0.0
0.0
0.0
0.0
0.00014435743390256512
0.0001214705158668904
0.0
0.0
0.0
0.003369327387665401
0.0012877103410410984
0.005009952180223067
0.012024330787801992
0.00022351691954766768
0.0
0.0
0.0
0.0
0.0
0.0
0.0
0.0
0.0
0.0
0.0
0.0
0.0
0.00012923534517566518
0.0006192443666263597
0.0031306617607748067
0.003857560472175241
0.0062013873926119595
0.006591870112397243
0.03187745487165135
0.04941471185010607
0.06728951753903398
0.08329814965915693
0.07379187417409057
0.04673006356605789
0.016351078465359173
0.00021117978788129884
0.0
0.0
0.0
0.0
0.0
0.0
0.0
0.0
0.0
0.003243852240574816
0.0
0.003219128265291511
0.002149473629691496
0.013843722291037726
0.04561916895066903
0.06409275612298351
0.09566607679635515
0.10055563383465073
0.09349158773137603
0.09156115370505566
0.0740978576498363
0.012203383052624901
0.0
0.0
0.0
0.0
0.0
0.0
0.0
0.0
0.0
0.0
0.0
0.007327541224387251
0.00037322739859996874
0.005374995456156084
0.007441673604280509
0.013971663931498927
0.027000798332020463
0.033020618989958436
0.06168936511392752
0.08149023669059806
0.08967814695973406
0.09333076370006546
0.0800235193664737
0.035341818630941324
0.005988959627695256
0.0
0.0
0.0
0.0
0.0
0.0
0.0
0.0
0.0
0.0
0.007832694803305588
0.00015985510061328518
0.004173503708146602
0.0070625394192154155
0.02457322217557173
0.04132769145906214
0.039948376516459855
0.058564117955215156
0.07313773483946086
0.07667620768272433
0.07694250352637987
0.06738856454313659
0.023353632602215957
0.002988252107668598
0.0
0.0
0.0
0.0
0.0
0.0
0.0
0.0
0.0
0.0
0.004201816594588062
0.00029905408626074403
0.0
0.0
0.0
0.0009613403523385057
0.00445590091810353
0.0005352635329355502
0.0
0.0
0.0
0.0
0.0
0.0
0.0
0.0
0.0
0.0
0.0
0.0
0.0
0.0
0.0
0.0
0.0
0.0
0.0
0.0
0.0
0.0
0.0
0.0
0.0
0.0
0.0
0.0
0.0
0.0
0.0
0.0
0.0
0.0
0.0
0.0
0.0
0.0
0.0
0.0
0.0
0.0
0.0006823569705362504
0.0008422253468112303
0.001976388818309099
0.003178589335432281
0.005029071127959663
0.027491027389933864
0.040644497924294205
0.055423634950918746
0.0669434376782923
0.044066341491960793
0.02674219154737588
0.008801283886350791
0.0
0.0
0.0
0.0
0.0
0.0
0.0
0.0
0.0
0.0
0.0027301834605135103
0.0002856978800176856
0.0025375959748056296
0.0067454973126005475
0.015377345901869902
0.03456723949398142
0.035088531684124256
0.05400665754676248
0.05896746897411553
0.05884111261412053
0.06115052762198032
0.016657795793078415
0.0
0.0
0.0
0.0
0.0
0.0
0.0
0.0
0.0
0.0
0.0
0.0
0.0038491592573693437
0.0
0.0035014647132161837
0.001521682499724928
0.0020372248404904613
0.007612729905304709
0.00650146436673136
0.031074600429504995
0.04228839190195391
0.03802882722050128
0.03692213428317608
0.0031129668709831645
0.0
0.0
0.0
0.0
0.0
0.0
0.0
0.0
0.0
0.0
0.0
0.0
0.0050609177002389335
0.0
0.004030501311739366
0.002599197235006451
0.007828370168493148
0.0268946675592044
0.03745032415546088
0.062489291843213675
0.07083884950372904
0.07528544003022888
0.07965318932745011
0.04566460352804619
0.005693018990532541
0.0
0.0
0.0
0.0
0.0
0.0
0.0
0.0
0.0
0.0
0.0
0.0033545085881431865
0.0
0.0052536930356753865
0.0016256556567668537
0.007690798724029251
0.02958457100919058
0.04961565232347572
0.0862018706457516
0.09595027023366144
0.10540708866617708
0.11463132220666016
0.10295379422011494
0.05881710749265819
0.019082475862431975
0.0005740011298731484
0.0
0.0
0.0
0.0
0.0
0.0
0.0
0.0
0.0
0.0037348234232345103
0.00038055242725088445
0.0007292802869496699
0.005605719988591533
0.007619637982557345
0.005638281453046855
0.005443761830944234
0.0131763979603484
0.04462484689785794
0.08358944130042642
0.09542583915253948
0.0834716382515423
0.0
0.0
0.0
0.0
0.0
0.0
0.0
0.0
0.0
0.0
0.0
0.0
0.0
0.0
0.0
0.0
0.0
0.0
0.0
0.0
0.0
0.0
0.0
0.0
0.0
0.0
0.0
0.0
0.0
0.0
0.0
0.0
0.0
0.0
0.0
0.0
0.007932313724076951
0.005506202512487995
0.03902622991337259
0.10094512399526366
0.13075483058823922
0.1416892540301165
0.14512953898618194
0.17339669952837172
0.18860306046683417
0.20540712124627547
0.21672566694334341
0.25353051903944235
0.24995973923588205
0.20017335241535522
0.12154483179778315
0.08677619917801586
0.0
0.0
0.0
0.0
0.0
0.0
0.0
0.0
0.018462090440371275
0.0010018211454336813
0.06310492590701158
0.10835774682627301
0.13701945247449826
0.14092041503359606
0.1216809836165158
0.11735424739116998
0.12519177627151193
0.1393193304931307
0.14763323511825813
0.1676278951607802
0.14054653570440165
0.07636092838497012
0.017007126531388708
0.004184590934131424
0.0
0.0
0.0
0.0
0.0
0.0
0.0
0.0
0.024078115774395427
0.0
0.026024257579209543
0.07214162662802516
0.10028787644788904
0.1285473132366482
0.1474426694134353
0.18144616025768728
0.1926830548461359
0.19934900199836733
0.1990147602156025
0.22098886804411408
0.19364077810266384
0.1290674775188413
0.04614374888072518
0.018781464591510855
0.0
0.0
0.0
0.0
0.0
0.0
0.0
0.0
0.022232826768856885
0.0057403597426815035
0.0787145710800368
0.13378966100905154
0.16624748944305126
0.18894757223051412
0.19529800723056387
0.21000908361669626
0.19760579188214075
0.19655407743950756
0.20175444095733325
0.2144780386390598
0.19344509953903685
0.12596299571624037
0.03923096881631157
0.008788300566994247
0.0
0.0
0.0
0.0
0.0
0.0
0.0
0.0
0.016355732898295977
0.0005063569219141326
0.022537890203382614
0.0633890694513505
0.08509743690521554
0.09328647833253194
0.09736867516331804
0.1212789012886965
0.13965441192696135
0.15413348558309153
0.15653771032445535
0.16081155214730625
0.1382345648114853
0.08096452552246815
0.020595260932590377
0.0022290344232294185
0.0
0.0
0.0
0.0
0.0
0.0
0.0
0.0
0.004789056929405039
0.0010872876871552565
0.0040938281707450525
0.013802305984592348
0.02252511180998936
0.061836242125492685
0.10235694586302563
0.1479341158671948
0.1868214353106728
0.22781030722972373
0.26384201890264225
0.30859707348458326
0.0
0.0
0.0
0.0
0.0
0.0
0.0
0.0
0.0
0.0
0.0
0.0
0.0
0.0
0.0
0.0
0.0
0.0
0.0
0.0
0.0
0.0
0.0
0.0
0.0
0.0
0.0
0.0
0.0
0.0
0.0
0.0
0.0
0.0
0.0
0.0
0.0
0.0
0.0
0.0
0.0
0.0
0.0
0.0
0.0
0.0
0.0
0.0
0.0
0.0
0.0
0.0
0.0
0.0
0.0
0.0
0.0
0.0
0.0
0.0
0.026014663602729853
0.0
0.08627556547605242
0.14448489617278593
0.16404701368451485
0.15409974809309088
0.14733646444438306
0.19080420374668486
0.22651232137676303
0.24052492249371207
0.2563791723948394
0.30139225595481717
0.30493618399572747
0.24063829965046063
0.14612035345887633
0.11456113392609713
0.0
0.0
0.0
0.0
0.0
0.0
0.0
0.0
0.032523968415433806
0.023968011071288393
0.10769649648002892
0.1364533443214796
0.15467880090494054
0.16507842189323377
0.1648677932216445
0.18390879238413735
0.19878225043271824
0.21089864772586692
0.21849049069195345
0.24973933924778455
0.2395715370502715
0.19102008380453644
0.11761716934627968
0.08653932504695061
0.0
0.0
0.0
0.0
0.0
0.0
0.0
0.0
0.07871741385209693
0.010630884269431443
0.08657481788152782
0.12580866200063254
0.1476990824861896
0.15999843297554997
0.1585958089362174
0.17683898122889613
0.18934072228666432
0.20492449359175807
0.22141422489622178
0.25801506761953047
0.2617381643304806
0.21871033572706736
0.12011813436347094
0.0637965314888868
0.0
0.0
0.0
0.0
0.0
0.0
0.0
0.0
0.03353901870455132
0.017166079791062223
0.10080495620876026
0.13929214962976894
0.15835241811487907
0.17577460277932475
0.18038172981240588
0.19722846439277347
0.21109322428466992
0.2197066691170319
0.22187502725579641
0.2501620867774499
0.263667467122583
0.2273063783463757
0.14027502118254878
0.09702413045780296
0.0
0.0
0.0
0.0
0.0
0.0
0.0
0.0
0.05403265993419732
0.03782275147792625
0.09532864202208591
0.1447952314082682
0.17601033642405844
0.1956058311017914
0.2464796505171909
0.2787528418354684
0.29027663954707333
0.27019758520666576
0.25234055537765543
0.27683410891200366
0.0
0.0
0.0
0.0
0.0
0.0
0.0
0.0
0.0
0.0
0.0
0.0
0.0
0.0
0.0
0.0
0.0
0.0
0.0
0.0
0.0
0.0
0.08257573140454282
0.06437449629077463
0.0
0.0
0.0
0.0
0.0
0.0
0.0
0.0
0.0
0.0
0.0
0.0
0.14264683835605657
0.08267091395018443
0.1109882130710705
0.12466389381883096
0.12998969411062458
0.14520847598761208
0.1589845642159283
0.17413530081407438
0.17921493119890633
0.19041676492736562
0.1997173126048455
0.21407201706927625
0.19010219377382234
0.13564747149837605
0.06636752527385356
0.030383361731109518
0.0
0.0
0.0
0.0
0.0
0.0
0.0
0.0
0.023528107752022746
0.017850508958071568
0.08196404193915834
0.14498262759119895
0.1789640756045774
0.20898981358922997
0.2291174960086094
0.26083960834352077
0.283250133685721
0.30263290030096024
0.3176099099172907
0.3712170642486494
0.3850291084493478
0.34233649422727785
0.2680877151819953
0.24983356693860853
0.0
0.0
0.0
0.0
0.0
0.0
0.0
0.0
0.33042343892541276
0.2716528644658033
0.23294097768540087
0.2373008382100944
0.24024091554637186
0.21765314576793085
0.19228956404253988
0.2202557003171821
0.23833202837828513
0.24406340936362056
0.260519001902739
0.3137812711510898
0.34145485056836017
0.30803021345983544
0.2349073973873261
0.19935316624844499
0.0
0.0
0.0
0.0
0.0
0.0
0.0
0.0
0.26524888372422595
0.26268254148055276
0.25574708462708173
0.2882549233054697
0.3023433832332329
0.3168992173391399
0.3264875015320027
0.3533308169668214
0.3363239189733658
0.2821183287526602
0.2589246085374732
0.30922365646712724
0.3277906007424263
0.2603712568705202
0.1654394421375293
0.12276514392184408
0.0
0.0
0.0
0.0
0.0
0.0
0.0
0.0
0.09980907315620662
0.07574787198372004
0.13729170773937704
0.16266527717612775
0.18642925002150157
0.22650738274807533
0.2490763851511454
0.2552619343449715
0.24725166269095716
0.24626853521621817
0.2497539619093026
0.2775466864016173
0.261767980344624
0.2161616390273274
0.16727764090724076
0.15521306702936558
0.0
0.0
0.0
0.0
0.0
0.0
0.0
0.0
0.2354623902288331
0.218744278926356
0.16839359054748332
0.12899165328149878
0.08720894670760057
0.07537910039832262
0.05767639799344412
0.05227441748663073
0.04311062596057238
0.045092185854903065
0.021761358485241532
0.00634789128978983
0.0
0.0
0.0
0.0
0.0
0.0
0.0
0.0
0.0
0.0
0.0
0.0
0.0
0.0
0.0
0.0
0.0
0.0
0.0
0.0
0.0
0.0
0.0
0.0
0.0
0.0
0.0
0.0
0.0
0.0
0.0
0.0
0.0
0.0
0.0
0.0
0.022073610823278935
0.018004470446901084
0.07426962853445705
0.11022264239810559
0.13056600151320205
0.1348566185061547
0.11894038836657617
0.13090443298100177
0.15871286038903443
0.1816851084237703
0.18952850086485412
0.19648612783801425
0.17444677146635804
0.14136486951359972
0.09179024511084169
0.06168309921288397
0.0
0.0
0.0
0.0
0.0
0.0
0.0
0.0
0.03996026232213426
0.013042291902394873
0.0996069595888463
0.14204671430830784
0.16225525551173642
0.17393386842371056
0.17607693283595455
0.19076949172223095
0.18369924489486053
0.19692691019040218
0.21376677680998027
0.249002108635486
0.2607044395010834
0.23556735854724017
0.17024177479875413
0.13315422250488956
0.0
0.0
0.0
0.0
0.0
0.0
0.0
0.0
0.09763037659377137
0.09291792109457805
0.15244243974902066
0.1910984548886394
0.21677876635735704
0.23704181586604056
0.24449586940775347
0.26568781872533515
0.29045226933108287
0.3037773705356557
0.30279434614753864
0.35880487254161864
0.38405530086900175
0.35550982686229143
0.2827003459849642
0.23674155571001765
0.0
0.0
0.0
0.0
0.0
0.0
0.0
0.0
0.28769781923416576
0.2521512847224351
0.22568671177375188
0.25299140739877785
0.26987481211749265
0.28372320223201253
0.2886091505571552
0.3067959997214421
0.3212971072698141
0.3313127953117155
0.336915542875517
0.395741128467979
0.4200743934699821
0.38464462194696186
0.3160755817552958
0.2738188380170072
0.0
0.0
0.0
0.0
0.0
0.0
0.0
0.0
0.2721873228909883
0.2401224096431997
0.21791533664184393
0.249242202957992
0.2686676019471038
0.28282247535605354
0.2925142905397412
0.30807565718052626
0.3199123999317386
0.32800362520623455
0.3299494226092588
0.39024096221992605
0.4117020864032295
0.3827606321132715
0.3204448395962484
0.2836587802919557
0.0
0.0
0.0
0.0
0.0
0.0
0.0
0.0
0.3292024051351838
0.2809070283118501
0.2550063435249304
0.2652840385377511
0.23015467554956318
0.21409717043147744
0.23634257858411686
0.23017087068051426
0.24723662141094022
0.2574294782651107
0.23653696370731875
0.18802795477439005
0.0
0.0
0.0
0.0
0.0
0.0
0.0
0.0
0.0
0.0
0.0
0.0
0.0
0.0
0.0
0.0
0.0
0.0
0.0
0.0
0.0
0.0
0.0
0.0
0.0
0.0
0.0
0.0
0.0
0.0
0.0
0.0
0.0
0.0
0.0
0.0
0.022869180038488025
0.0005375591928294171
0.04659579640500888
0.11349003368195083
0.14813568368040422
0.1542497442793462
0.16187745454130412
0.21795683196869897
0.250216033818662
0.2689314929099973
0.2846594769313486
0.3309035085012194
0.3517920966039871
0.3215580490470836
0.2634742053260965
0.23412755239072283
0.0
0.0
0.0
0.0
0.0
0.0
0.0
0.0
0.3254148760391348
0.270196161611178
0.23291891668325615
0.2638923395971814
0.28185240533560607
0.29717803208693905
0.30520202369046373
0.3241942102005519
0.3430320758147719
0.35460270887459516
0.3458713127788079
0.39590961868958774
0.4100180115629135
0.36643305283862526
0.2833800354905495
0.21363532152803835
0.0
0.0
0.0
0.0
0.0
0.0
0.0
0.0
0.23121897978880107
0.22204375833368348
0.2149040469567324
0.24934392889534188
0.2660171399229484
0.27605231086783744
0.2801744474831755
0.2874967965077884
0.29504990412129534
0.3046016232228609
0.30706198811526014
0.3594575028973988
0.3813528060513286
0.3524788433723265
0.28101840582496984
0.23135090565357372
0.0
0.0
0.0
0.0
0.0
0.0
0.0
0.0
0.15339231109002666
0.1463177795661506
0.17188135953740044
0.1945506613903927
0.2050835092984659
0.21463295103454708
0.2118414754991588
0.21856972980661302
0.22330541747862462
0.23403830597779643
0.2387141557008949
0.2575113009167573
0.2615180799229734
0.2186635031650177
0.12896228254530245
0.0780591452210004
0.0
0.0
0.0
0.0
0.0
0.0
0.0
0.0
0.021084911062687856
0.0
0.013540257555629204
0.0374058949167246
0.06035523909897939
0.07334487409995305
0.069704894995308
0.08820690605204679
0.09712615292238727
0.10308515581267812
0.10637413882398733
0.09292794262662295
0.06412621716019044
0.0434601341516255
0.013166728539300876
0.003243089729056696
0.0
0.0
0.0
0.0
0.0
0.0
0.0
0.0
0.019100506669318403
0.004770218470258104
0.01936590708248068
0.026592469636913436
0.028815080816697293
0.04245775531617621
0.05368964408162201
0.07428657806483568
0.08785176631888873
0.11359734417655955
0.139611844550205
0.16258312273968212
0.0
0.0
0.0
0.0
0.0
0.0
0.0
0.0
0.0
0.0
0.0
0.0
0.0
0.0
0.0
0.0
0.0
0.0
0.0
0.0
0.0
0.0
0.0
0.0
0.0
0.0
0.0
0.0
0.0
0.0
0.0
0.0
0.0
0.0
0.0
0.0
0.02218903470755162
0.02321959978299087
0.10629547601562751
0.15015069418620475
0.1772833382440304
0.1986452000902379
0.2102990578088508
0.2335264462521374
0.25115765710774074
0.2730939898358362
0.2880334295348326
0.3462754395712416
0.36755429630760766
0.3156029751992396
0.22775811772474847
0.17323381414797423
0.0
0.0
0.0
0.0
0.0
0.0
0.0
0.0
0.1649801587374424
0.13809749790006234
0.15807227023862572
0.1988493963501867
0.23573287810841187
0.2620337774650769
0.2705153257180821
0.2944350046090623
0.30791449107417257
0.31380953611131424
0.3141297454584189
0.3615447846443665
0.3912120741004168
0.3665702868753066
0.2872271289215563
0.23094219181080777
0.0
0.0
0.0
0.0
0.0
0.0
0.0
0.0
0.22841475125869734
0.2119474666263843
0.2233547155865895
0.2624543513634456
0.2784593431769703
0.2837526875706536
0.2814153082258521
0.2980313698490143
0.3154830302509898
0.31299229664583195
0.3128326365523006
0.37912526087594206
0.4011239227531307
0.3443609476347497
0.2628746829534419
0.212876041438912
0.0
0.0
0.0
0.0
0.0
0.0
0.0
0.0
0.18265931676969363
0.11977614940870558
0.16685253862183438
0.2100994884389994
0.2373781085352372
0.26417394351377194
0.23779267268761956
0.19449485481046588
0.17734000948652281
0.1867747515367887
0.20139689733070135
0.22674272348690455
0.19811133200959938
0.13646870995484559
0.08569571261325834
0.0669377871362681
0.0
0.0
0.0
0.0
0.0
0.0
0.0
0.0
0.03247364487303235
0.026293466072755463
0.14463539901622868
0.17019485357902076
0.17684638261063088
0.1918738091410308
0.19385424757325692
0.21248417895133867
0.22495406175841437
0.24119398259138095
0.2138159552116821
0.2539600110021132
0.27892200649491977
0.2098457572054007
0.12182797835571023
0.08170001774894135
0.0
0.0
0.0
0.0
0.0
0.0
0.0
0.0
0.04669053470596077
0.053555145939278
0.1508631595383434
0.21300773215700122
0.24217161912879784
0.26323451641223866
0.32569537334534815
0.3406182422517571
0.3638278761050662
0.3695661437934155
0.36229865043238285
0.3993376259844351
0.0
0.0
0.0
0.0
0.0
0.0
0.0
0.0
0.0
0.0
0.0
0.0
0.0
0.0
0.0
0.0
0.09495033432264424
0.03789544115441644
0.10752653808888744
0.13427973017147143
0.24676136114621192
0.3936406295535669
0.3741218057179449
0.37965919674425996
0.37611393212131095
0.31437887848148066
0.1925801649238658
0.14323707674873357
0.10315639657949804
0.05399202995137646
0.0
0.0
0.0
0.0
0.0
0.0
0.4430090563837
0.36425586667535187
0.29275789901148225
0.3164113172681486
0.3320066743150057
0.3416462894406135
0.3508613923898907
0.3692067429099229
0.37620680589306005
0.3841191010577877
0.3868492832064564
0.44443226084196435
0.4693581080007628
0.4408008649193588
0.38485035297259296
0.34853625162347446
0.0
0.0
0.0
0.0
0.0
0.0
0.0
0.0
0.0
0.0
0.0
0.0
0.0
0.0
0.0
0.0
0.0
0.0
0.0
0.0018404513260964655
0.09952981406537177
0.0
0.0
0.0
0.0
0.0
0.0
0.0
0.0
0.0
0.0
0.0
0.08645315552716629
0.07692373502375045
0.13793452059093814
0.1692334515272292
0.1825218438893918
0.18884384476244426
0.1906347837235674
0.20750838355298895
0.21786804268705234
0.23420497971951323
0.24313156424935659
0.2877570923688157
0.30581608644208014
0.2661342999424423
0.1853354960709424
0.13489362753483683
0.0
0.0
0.0
0.0
0.0
0.0
0.0
0.0
0.07062391005062257
0.09606980076798537
0.1618534579798068
0.19685302972802643
0.21301343283291438
0.22536743604041204
0.2318140912245002
0.2491584080061986
0.2607897619806583
0.27372601323530543
0.2816463621192273
0.3372164874394895
0.3622654472887784
0.3187302174239631
0.24233697255566145
0.19125960429851122
0.0
0.0
0.0
0.0
0.0
0.0
0.0
0.0
0.1862636218408725
0.21575827290179259
0.23184072171695733
0.26460685326010924
0.2827476316075584
0.293439230118779
0.3007610881182459
0.3159771649067404
0.32684047255850784
0.339808043734796
0.3496085404342362
0.4171551523018649
0.44756457385527226
0.4137356346138522
0.3382245126032771
0.29831713204410437
0.0
0.0
0.0
0.0
0.0
0.0
0.0
0.0
0.3117189829621203
0.33070590780678416
0.3344901667762137
0.37310291697322234
0.3993193189329967
0.41107548717782144
0.47208627648187496
0.47678188543552
0.47734472016861446
0.5025715737769936
0.5108284417278127
0.5500473216970582
0.1669775429998463
0.28138832525940105
0.10646077643978297
0.05823540116941065
0.030433096370598753
0.0
0.0
0.0
0.0
0.0
0.0
0.0
0.0
0.028281716459008874
0.13029458203224073
0.14763553907244148
0.30788828869003104
0.3233758525555115
0.3590009084724762
0.37757581563078885
0.3962825204461592
0.4342095284330377
0.4493972085978486
0.42689861923248196
0.37705589009591933
0.20779142716458604
0.011951858267495407
0.0
0.0
0.0
0.0
0.0
0.0
0.0
0.0
0.0
0.3496443381699194
0.2354555976669776
0.19447690503114773
0.2049073906148165
0.22571896836845848
0.2501117703652897
0.26109055645095575
0.26723640816948424
0.27106178467955117
0.2819473237009338
0.28685856119921127
0.33385497971176115
0.33608707517933106
0.2966096136498456
0.23794327439078397
0.19942750154115974
0.0
0.0
0.0
0.0
0.0
0.0
0.0
0.0
0.22362426654071135
0.14303208656665284
0.14873447954766839
0.17020020638006336
0.18620765290084898
0.20094294142048547
0.20473077626246516
0.22231109422434386
0.2256847728215164
0.22476021347070727
0.2369484983781111
0.2872811572454522
0.29846039905156513
0.262677648354593
0.18128157298133069
0.13248185409547736
0.0
0.0
0.0
0.0
0.0
0.0
0.0
0.0
0.13703590257791634
0.11397495304187293
0.1471109706028329
0.1810522447882149
0.19699421574676315
0.21192023844911773
0.21811014342264035
0.24577363811480768
0.26498721070547704
0.2804626373409401
0.29171080694586665
0.36086612903901644
0.39517040269464043
0.3566206564386996
0.2871917595742328
0.2581535401024724
0.0
0.0
0.0
0.0
0.0
0.0
0.0
0.0
0.28384834910210405
0.26881493586248834
0.2570597901664698
0.2919522962681139
0.3173122071798153
0.3334039740296307
0.34328089227764885
0.362546530579321
0.37319441989050806
0.3819685130622694
0.38519798116546883
0.4590809532192111
0.4902104502578287
0.4572417666589683
0.3786413088898104
0.3296886920163176
0.0
0.0
0.0
0.0
0.0
0.0
0.0
0.0
0.4234662190277572
0.36051002057603937
0.29233208779585346
0.32263157892182
0.3462142804251195
0.3666776738423697
0.3737210152846125
0.3077932612504318
0.2898947593943702
0.33317080854458997
0.3440686027518466
0.4231029517979102
0.4639874758537817
0.4337087621303367
0.36074587283359005
0.30997061125206676
0.0
0.0
0.0
0.0
0.0
0.0
0.0
0.0
0.3017846564887466
0.2835523691029628
0.2675831613505675
0.28692833229978354
0.2938027254765625
0.2962686200811242
0.3491950235634704
0.3552373638475871
0.35511958423845974
0.36075910667975064
0.3487981444168694
0.3812329376836942
0.03079657076631766
0.049348775384558695
0.0
0.0
0.0
0.0
0.0
0.0
0.0
0.0
0.0
0.0
0.0
0.0
0.0
0.0
0.0
0.0
0.0
0.0
0.0
0.001956901233634886
0.11061731582062638
0.08254192515645035
0.10090980143321877
0.028969106560388643
0.0
0.0
0.0
0.0
0.0
0.0
0.0
0.0
0.0
0.0
0.18221749375876783
0.15712313591112734
0.18670345983853298
0.22976372706983553
0.2551366646461049
0.27193272442441163
0.28337809563625094
0.30015780120761176
0.3112874814821701
0.32160495454054505
0.3111120900829364
0.3647828483829054
0.3936411490306778
0.37024219261072927
0.3059260942492414
0.26356841894887817
0.0
0.0
0.0
0.0
0.0
0.0
0.0
0.0
0.34602217936488683
0.2617791072521397
0.21119625895961974
0.22557821924222257
0.22936420168744975
0.23177419767177762
0.22877787670574173
0.24698774369126078
0.27038717952761415
0.28744861682837825
0.2940651724178115
0.3433905210894861
0.37702600270894576
0.3602699329585439
0.2921910574075181
0.2580082341377296
0.0
0.0
0.0
0.0
0.0
0.0
0.0
0.0
0.35278704955522383
0.3001931921490219
0.26441406189391037
0.28946325049468896
0.3072984733305074
0.3213930992313783
0.33243052998980577
0.3472463663550555
0.35488100896556907
0.3626629895689126
0.37232550740303183
0.44273302055136005
0.4678168922910343
0.40684533400569683
0.32527567855143247
0.28446822562892726
0.0
0.0
0.0
0.0
0.0
0.0
0.0
0.0
0.28594064895432747
0.205147160563449
0.19819817692320746
0.22952524264749533
0.24180588085651647
0.24521742314790979
0.2398663508514103
0.2509773924338276
0.25918550926891976
0.2656652273964127
0.26741329468853237
0.30744666332749077
0.3154952098856315
0.26835339669464137
0.18855260875509638
0.14751197825376447
0.0
0.0
0.0
0.0
0.0
0.0
0.0
0.0
0.10882212921741777
0.09202396937549055
0.14397002201097273
0.18029690539919527
0.19983963872632807
0.21581230061055875
0.22335201771400212
0.2414793946103323
0.25277082244538973
0.25560444594150944
0.25238393396581105
0.2838210046001654
0.3016177048240138
0.2798336975349373
0.22592039443678377
0.1861368709856765
0.0
0.0
0.0
0.0
0.0
0.0
0.0
0.0
0.11049584521801604
0.023991270056243227
0.05830308253266479
0.08070077931150235
0.1000181910515098
0.12134635999494214
0.12580805688974192
0.1369528939317938
0.13917194367818025
0.1515347479478195
0.1636929509332262
0.174091852856447
0.0
0.0
0.0
0.0
0.0
0.0
0.0
0.0
0.0
0.0
0.0
0.0
0.0
0.0
0.0
0.0
0.0
0.0
0.0
0.0
0.0
0.0
0.0
0.0
0.0
0.0
0.0
0.0
0.0
0.0
0.0
0.0
0.0
0.0
0.0
0.0
0.029110918084461743
0.005740100725234121
0.10700298240355546
0.15624561518803773
0.18408774999469318
0.19606144010899237
0.19954498391817704
0.22290549534267734
0.23683940565719225
0.24956929050314663
0.26068822196357105
0.30674601715075833
0.32011468940759374
0.28394944668750577
0.2056807092560777
0.17170281860429343
0.0
0.0
0.0
0.0
0.0
0.0
0.0
0.0
0.15809475355892227
0.1343438885873397
0.16344380325643973
0.19817006817006635
0.21520738914955517
0.2270000177567358
0.2314548225867328
0.24281623169777167
0.2447303966532254
0.2529940551880616
0.2532626045279195
0.289132314636143
0.2991588601232631
0.27350444291300624
0.19978344372741297
0.17485744102825637
0.0
0.0
0.0
0.0
0.0
0.0
0.0
0.0
0.1439647818250433
0.1377484390560283
0.1866086328148869
0.23157844176237832
0.24445086816999287
0.2510323486002072
0.2584627003929648
0.28203909431963037
0.2987428817124664
0.30972849070614833
0.31867116469534157
0.3754904629143846
0.3932579988742188
0.35106732384559647
0.2705796908621734
0.2524245673073318
0.0
0.0
0.0
0.0
0.0
0.0
0.0
0.0
0.3122178390825537
0.26118584990215493
0.22444074718166737
0.2358022220134221
0.23942408488866967
0.2437721905232784
0.24169223956741212
0.25971007363985227
0.2769520686519579
0.2882935666846971
0.3036650068179153
0.37029190384326194
0.3824160992842623
0.3467111819591533
0.2566789084511652
0.20121817229916164
0.0
0.0
0.0
0.0
0.0
0.0
0.0
0.0
0.1963846436408194
0.15199681077492427
0.1918710944881109
0.23215349831263202
0.24616121065212718
0.262344734913432
0.2767329890202691
0.2999828257625534
0.3120866706234845
0.3312192230447547
0.34695780203932425
0.40738775976419356
0.432029740415517
0.3929200968390381
0.2969320643735694
0.26775459398683515
0.0
0.0
0.0
0.0
0.0
0.0
0.0
0.0
0.16523805227868957
0.14562783278546929
0.1760119624133406
0.20966980638092544
0.22720793994598906
0.23651436203474663
0.2774516150766256
0.27038297713582315
0.2662351932823897
0.2808627633418864
0.28797663492716746
0.31925672474243355
0.0
0.0
0.0
0.0
0.0
0.0
0.0
0.0
0.0
0.0
0.0
0.0
0.0
0.0
0.0
0.0
0.0
0.0
0.0
0.0
0.0
0.0
0.0
0.0
0.0
0.0
0.0
0.0
0.0
0.0
0.0
0.0
0.0
0.0
0.0
0.0
0.052998387219671705
0.04604120389698553
0.13311923378954907
0.1734709388090096
0.19231220504098293
0.20455211894556885
0.21393270887839408
0.23210005735882128
0.2371733158953461
0.24888398698521147
0.25224848060194793
0.2957531611549081
0.3173717121189742
0.266451331874165
0.16243482927440706
0.12204058846255343
0.0
0.0
0.0
0.0
0.0
0.0
0.0
0.0
0.13601732912803496
0.1176384078237805
0.16619353947284737
0.20045485273829378
0.2256865206660665
0.24292091453227935
0.25022978551849306
0.2642505130605314
0.2749375193992419
0.2788979235784152
0.2898567492309167
0.34781183573770413
0.3652507908071158
0.3404846204426957
0.2507552853870987
0.2227170446424369
0.0
0.0
0.0
0.0
0.0
0.0
0.0
0.0
0.18843002526027725
0.17827359262809486
0.20326237048467455
0.24415685091396896
0.25968023748006175
0.27234832268403375
0.2787385523446903
0.29250737627452267
0.30385825394811816
0.31604988682075075
0.32607070850264297
0.391571462294591
0.4148909671169797
0.3800080966887684
0.2908605972642228
0.2632149172276086
0.0
0.0
0.0
0.0
0.0
0.0
0.0
0.0
0.33522600676251146
0.29358041315269834
0.2644866773345726
0.29680348909871884
0.3158502244478399
0.331874359990998
0.3362119242809452
0.3432455195095313
0.3560260873502334
0.3662459414790751
0.36924752491552787
0.43205626995394997
0.46923755511314663
0.44499565333911445
0.37121046090702414
0.33291764955414715
0.0
0.0
0.0
0.0
0.0
0.0
0.0
0.0
0.43289954079518045
0.30459632837456174
0.24657514999766475
0.28151077442047456
0.3030897138048873
0.32506485641828575
0.3365330942913562
0.3490594614258424
0.3552001592403312
0.36411648345052383
0.3742353899126439
0.4441996404394794
0.47634927914295566
0.45196975745401735
0.375796621130501
0.3632097972251679
0.0
0.0
0.0
0.0
0.0
0.0
0.0
0.0
0.30151081092395593
0.2575629223731074
0.24895422901285735
0.2710848896090346
0.30387748862697783
0.3321048449675364
0.3998075444037823
0.407471693057769
0.3962049883684346
0.4147163171715371
0.4360299544904019
0.4808658852188202
0.07550857294038264
0.10142579512728558
0.01010080009045996
0.0
0.0
0.0
0.0
0.0
0.0
0.0
0.0
0.0
0.0
0.0
0.0
0.0
0.0
0.0
0.0
0.0
0.0
0.0
0.0
0.0
0.0
0.0
0.0
0.0
0.0
0.0
0.0
0.0
0.0
0.0
0.0
0.0
0.02152533734141624
0.007789572624751669
0.04695640467512516
0.09171680675737857
0.11005609583920428
0.12309246325522838
0.12605152020462837
0.14740826682829317
0.1588983527197135
0.1694034909047141
0.1779107131253462
0.19663166209776176
0.19985314276756583
0.14383406731328757
0.07911080505640447
0.050163432623884
0.0
0.0
0.0
0.0
0.0
0.0
0.0
0.0
0.03195982465357171
0.01288161188772114
0.08176880110813818
0.1258663919720224
0.1545992358005015
0.17693790591716754
0.17717051425530936
0.19807170179700928
0.20632729857711993
0.21262701187137614
0.2232251037971201
0.25078746908773597
0.2551266372227637
0.1854626887913976
0.13073912768482346
0.11045422253988436
0.0
0.0
0.0
0.0
0.0
0.0
0.0
0.0
0.09017457459198065
0.06971951530085849
0.14317378202151207
0.1828011741978176
0.20911814301839673
0.2269838075441859
0.23202586793497215
0.23604466651471567
0.25179163796860676
0.25454703864945916
0.24922077542400356
0.27943946011133575
0.2858863908948492
0.23235040963378378
0.17555454604035192
0.14965498684948383
0.0
0.0
0.0
0.0
0.0
0.0
0.0
0.0
0.11527681478637657
0.09402366471791394
0.15598773233911334
0.2002797320952967
0.2252512048722752
0.24216151690081747
0.2487067411914998
0.26417127871931306
0.27492561364538337
0.282892908871757
0.25822071056096046
0.26808485686176375
0.26334991244104883
0.21320288735156537
0.17280375346803442
0.17233495653073153
0.0
0.0
0.0
0.0
0.0
0.0
0.0
0.0
0.1125092228377745
0.1091428599381468
0.18074511015362799
0.21016152123462242
0.22838160957717019
0.2387089543671854
0.2127013353557938
0.22207068449976805
0.21806920170718586
0.22172948911679655
0.24739110624154434
0.30691730486795943
0.3247984164150961
0.25675586579928916
0.17235606769849418
0.13826699448531665
0.0
0.0
0.0
0.0
0.0
0.0
0.0
0.0
0.08153953470720277
0.06496379597507795
0.1707007969805255
0.2281376658801988
0.2521577311138091
0.2700047322115263
0.31323881922315533
0.33247988998189515
0.2837883285175298
0.23291370826880703
0.24273250682167097
0.25302036956541496
0.0
0.0
0.0
0.0
0.0
0.0
0.0
0.0
0.0
0.0
0.0
0.0
0.0
0.0
0.0
0.0
0.0
0.0
0.0
0.0
0.0
0.0
0.06882179727934111
0.059374169073717925
0.0
0.0
0.0
0.0
0.0
0.0
0.0
0.0
0.0
0.0
0.0
0.0
0.2189221756375995
0.1607875381192925
0.16977545661386712
0.19408158490603392
0.2267884794870255
0.2505080999210766
0.24454823684122928
0.23929723146924126
0.2333119604353662
0.20555503377574433
0.19206964360203302
0.22151379828129267
0.21639121324344657
0.17970427714559448
0.14868006151352053
0.13476852438869621
0.0
0.0
0.0
0.0
0.0
0.0
0.0
0.0
0.09197515129092483
0.06772754535168199
0.1381995766362372
0.17820339177933425
0.20534870279586614
0.21952198688740876
0.21946169985807254
0.21979590289047377
0.221864950903092
0.22795473146755071
0.233044539425087
0.25718720942401646
0.23935534585859977
0.18917179643217064
0.1483217805903617
0.1328246021564736
0.0
0.0
0.0
0.0
0.0
0.0
0.0
0.0
0.05849282825404586
0.021828529786862613
0.10500142472798493
0.14264012599674117
0.16736486858271102
0.17911694851077084
0.1762141306623032
0.1988953006441764
0.21128104089034547
0.22224103555644176
0.22644541902434787
0.2574591647011056
0.2608037835618768
0.21226886596104771
0.15577792290077722
0.12876247474113553
0.0
0.0
0.0
0.0
0.0
0.0
0.0
0.0
0.03721755305789495
0.008452912767224732
0.0961058732416756
0.1509027966428336
0.18545053814936013
0.20042875599027293
0.20551404942340618
0.22183230164228382
0.22750957130490915
0.23136239074859608
0.232947199547598
0.2598501832648716
0.2550998799262109
0.20449823980452286
0.14809058789582638
0.12562730268891814
0.0
0.0
0.0
0.0
0.0
0.0
0.0
0.0
0.05578590165673094
0.04843784230510931
0.12699585347984507
0.1678092660978883
0.19388555284410025
0.20677894109719036
0.20693752966884202
0.2192777761233548
0.22270044886587684
0.23091050923554646
0.24043159987778182
0.27778939479635284
0.27983046806746753
0.2051387925402284
0.15717151079585476
0.13301559053108522
0.0
0.0
0.0
0.0
0.0
0.0
0.0
0.0
0.05500190127450854
0.0306261727685168
0.11748246297320723
0.17790721581016208
0.20917410065222766
0.2262048065239096
0.27026618361498694
0.27830693718204363
0.2942227424446549
0.3113905576685777
0.3134454197418206
0.3337390070535598
0.0
0.0
0.0
0.0
0.0
0.0
0.0
0.0
0.0
0.0
0.0
0.0
0.0
0.0
0.0
0.0
0.0
0.0
0.0
0.0
0.0
0.04846557930653502
0.07195308658523357
0.09306362280127582
0.030540099550828884
0.0
0.0
0.0
0.0
0.0
0.0
0.0
0.0
0.0
0.0
0.0
0.1344727965629317
0.13018266538475912
0.17977114304127545
0.21780811545670156
0.24325310168978106
0.2592897001956947
0.2674966350647103
0.2870695493245924
0.3059579886351704
0.3080272280099319
0.3068041922969456
0.3529396844312816
0.37343700095238747
0.3128430603323918
0.27901705076514866
0.26104586351524617
0.0
0.0
0.0
0.0
0.0
0.0
0.0
0.0
0.35541361946990047
0.2530024426206401
0.2077796102804519
0.22356125230583343
0.24115508589513374
0.2529626723217729
0.2628271478794456
0.280799368723659
0.29329044488000167
0.31482515520066634
0.32356712493615336
0.38757067050965316
0.41239943633004256
0.3417575206710252
0.299840838843354
0.2736614813001772
0.0
0.0
0.0
0.0
0.0
0.0
0.0
0.0
0.3201513242826872
0.22492226423970124
0.19744038000581812
0.2115126303328537
0.20672827566833407
0.20458822003306532
0.1973324189350771
0.20965459464740113
0.21646287078244286
0.21867637047199087
0.20963975423506404
0.22025964501643128
0.21928048476016032
0.16779350105373372
0.137128978638255
0.12954040972172895
0.0
0.0
0.0
0.0
0.0
0.0
0.0
0.0
0.16996710913908925
0.12323626741896705
0.1478359873772191
0.1715660472845807
0.1875289807965315
0.19801432082922285
0.1994696404243794
0.21631659954626611
0.21906739321227658
0.22193354431777984
0.22973271454537803
0.26435072190058484
0.26544444546072016
0.19713732984989762
0.1642874148140944
0.15213128386249145
0.0
0.0
0.0
0.0
0.0
0.0
0.0
0.0
0.1397688320329456
0.10678627809451484
0.14909198078501062
0.1821031184078261
0.2019758001492262
0.21104603571391076
0.21344592037910437
0.23070779732197047
0.23527645058866195
0.2418716336481901
0.24180233788636724
0.2769655828896559
0.27952006874625784
0.20912544313228104
0.16904280620909962
0.14531236604162165
0.0
0.0
0.0
0.0
0.0
0.0
0.0
0.0
0.1359522702422274
0.11259665365498095
0.133416883219365
0.15472763892508634
0.17731292084337705
0.19753736685547799
0.2430618043624141
0.2705071359180034
0.30973269829482
0.3123578635012582
0.30035367303170607
0.2819466786109195
0.0
0.0
0.0
0.0
0.0
0.0
0.0
0.0
0.0
0.0
0.0
0.0
0.0
0.0
0.0
0.0
0.0
0.0
0.0
0.0
0.0
0.0
0.1016965830650412
0.10174387633739373
0.0
0.0
0.0
0.0
0.0
0.0
0.0
0.0
0.0
0.0
0.0
0.0
0.2912139174498744
0.21875684051813532
0.19621354449601516
0.2246255001180962
0.24836151458271055
0.2516174554508597
0.26151209148178445
0.2858806719567588
0.3035446502396512
0.29925991936470825
0.28781597744834314
0.3285255724425552
0.3522705649692532
0.27830556937919604
0.24564790762603675
0.2212543651466269
0.0
0.0
0.0
0.0
0.0
0.0
0.0
0.0
0.2474421004846301
0.19891646594436183
0.19713406461994398
0.2177286939151933
0.25152705385938456
0.2732250286087586
0.2833888304839416
0.2944735966968022
0.30558581243225624
0.3008336986547026
0.2940657260931649
0.33058529814958226
0.336012695098109
0.2473972519578482
0.2086596483965004
0.17834820686539485
0.0
0.0
0.0
0.0
0.0
0.0
0.0
0.0
0.07876833737545542
0.05834410403902594
0.1313820277261285
0.16635099236009504
0.1867690733216135
0.20251860235360059
0.21173048001385586
0.2361011473856378
0.2563210678167099
0.2691711015924634
0.27582311068469534
0.3304485387755758
0.3444113095599214
0.2508103919916609
0.2164362429320059
0.1822552102763171
0.0
0.0
0.0
0.0
0.0
0.0
0.0
0.0
0.11966300895253505
0.10816732584492625
0.17106532771584498
0.21531470855228613
0.25594740728147053
0.26244223171609693
0.24964473962609976
0.2532878336787877
0.24934938169124327
0.25419774026233477
0.26051377208803095
0.2781368129512794
0.26802658035259364
0.1894288986778887
0.15257461546337836
0.1271429545554719
0.0
0.0
0.0
0.0
0.0
0.0
0.0
0.0
0.028513169169178322
0.006044588489390613
0.062224169715164354
0.10357455167878052
0.12728030680924904
0.14427321390459552
0.1533140809810763
0.17768318793742288
0.19741912707739687
0.21225059412444439
0.22319836948806387
0.2568984811204419
0.24551291781902307
0.1528729775112563
0.12469526146033949
0.10946474214436243
0.0
0.0
0.0
0.0
0.0
0.0
0.0
0.0
0.03471443876776471
0.001268662895141677
0.024050934972720282
0.05759146316542227
0.07841291135416756
0.09286057347309191
0.10597172294568978
0.12337545741615617
0.11587297155912353
0.1281836140817511
0.1312060515001849
0.12701118997467026
0.0
0.0
0.0
0.0
0.0
0.0
0.0
0.0
0.0
0.0
0.0
0.0
0.0
0.0
0.0
0.0
0.0
0.0
0.0
0.0
0.0
0.0
0.0
0.0
0.0
0.0
0.0
0.0
0.0
0.0
0.0
0.0
0.0
0.0
0.0
0.0
0.0
0.0
0.0
0.0
0.0
0.0
0.0
0.0
0.0
0.0
0.0
0.0
0.0
0.0
0.0
0.0
0.0
0.0
0.0
0.0
0.0
0.0
0.0
0.0
0.03440443866515422
0.022433806618945402
0.12571242769898777
0.1771990114508682
0.21454268298500562
0.24229933231054376
0.2557717204808598
0.2757321535779884
0.28830587010599373
0.29368838673271674
0.290084295439624
0.32468697427978244
0.3142568680056061
0.2185502941467086
0.19261595900977654
0.1720810661682134
0.0
0.0
0.0
0.0
0.0
0.0
0.0
0.0
0.11584563255657157
0.10959215804052015
0.16268485185859952
0.20594484577940447
0.24237527969558453
0.2744808582412084
0.2817228373923381
0.285024845376093
0.28698878610672857
0.27147672675284806
0.2706046711181504
0.319396702296465
0.3289510658636027
0.23599974546673552
0.21807337848138136
0.20047277710367242
0.0
0.0
0.0
0.0
0.0
0.0
0.0
0.0
0.18792972765160057
0.14795680759615842
0.16099381732487372
0.18259768379274605
0.2004590067341976
0.21712623990911048
0.21957022030195106
0.23019299886018488
0.2325380807458124
0.2281001595366265
0.2216148532643811
0.24330627821442088
0.2440375308937609
0.1713982451378397
0.165524758487037
0.14977528665709777
0.0
0.0
0.0
0.0
0.0
0.0
0.0
0.0
0.10653524037320673
0.07184673845808286
0.13158612295662755
0.15681812866519712
0.170323141331143
0.19448956966719824
0.20555941740562353
0.22929755726949771
0.24624926426253543
0.25780575539504214
0.26409246592849034
0.29941121040180585
0.2935748395615521
0.19814029905786565
0.17622334866817566
0.14457292053022042
0.0
0.0
0.0
0.0
0.0
0.0
0.0
0.0
0.04744928613337424
0.020631310250989448
0.07904562514867634
0.14603224357811026
0.18546361607426795
0.19850158581827726
0.25762847804419053
0.2641397326798105
0.27911371105108307
0.25616377536842905
0.26375955586319855
0.2811456325367784
0.0
0.0
0.0
0.0
0.0
0.0
0.0
0.0
0.0
0.0
0.0
0.0
0.0
0.0
0.0
0.0
0.0
0.0
0.0
0.0
0.0
0.0
0.0
0.0
0.0
0.0
0.0
0.0
0.0
0.0
0.0
0.0
0.0
0.0
0.0
0.0
0.018637194580200068
0.005404787371292274
0.09653182469894786
0.14996454923182034
0.18062794121387618
0.19321880044196668
0.2038888110825664
0.23375701582891345
0.24785168481672756
0.25872732902961043
0.2605294381751027
0.28968663833750197
0.2750620337343441
0.19310057145126405
0.16535759894923674
0.13803030575390218
0.0
0.0
0.0
0.0
0.0
0.0
0.0
0.0
0.04683427081216418
0.0014902983848933832
0.08984044191190449
0.14564730862612058
0.17300883977868067
0.1928043807331812
0.20823413460731244
0.21210420365043456
0.21838732262665653
0.23019661006539321
0.2256737496597772
0.23701579105683152
0.20290541421100095
0.11844825374026623
0.08079185513484789
0.03815281124273209
0.0
0.0
0.0
0.0
0.0
0.0
0.0
0.0
0.016681514683835708
0.001095061805335332
0.033690340301608446
0.08026731343872946
0.0831602680477778
0.07666808825409299
0.06496235873854972
0.09712973260222721
0.13708548136976265
0.15144181552989958
0.14299188189031659
0.1408859582147344
0.1176668001955876
0.054631880858849804
0.04526056148316035
0.039933360894038726
0.0
0.0
0.0
0.0
0.0
0.0
0.0
0.0
0.014300816404582249
0.0009838916064541356
0.030952230055446554
0.09198711728955355
0.12567930507571287
0.14532930617536102
0.15593140370247033
0.17617218495632633
0.18991522675716643
0.20132114679343138
0.2062874354949148
0.21464908135101124
0.19642824795122102
0.12982354780390556
0.12317104025942824
0.10302846299945306
0.0
0.0
0.0
0.0
0.0
0.0
0.0
0.0
0.06408892222853209
0.0397376562699422
0.11805718891727476
0.1602888789751206
0.1938071729636308
0.2170519856488815
0.22533540713156688
0.235813388672293
0.23943868859113365
0.24513484622195475
0.24924689968053884
0.27553572190609743
0.26394876305738496
0.20084952556416516
0.1854578939577747
0.1649044866469752
0.0
0.0
0.0
0.0
0.0
0.0
0.0
0.0
0.13587603986855026
0.11336044666841386
0.13754251575930224
0.1392066143684717
0.13877022547037723
0.15028087384447741
0.15110042732613027
0.14525180149883832
0.1629674472253534
0.18719949874041159
0.19541262577832433
0.1968102661460705
0.0
0.0
0.0
0.0
0.0
0.0
0.0
0.0
0.0
0.0
0.0
0.0
0.0
0.0
0.0
0.0
0.0
0.0
0.0
0.0
0.0
0.0
0.0
0.0
0.0
0.0
0.0
0.0
0.0
0.0
0.0
0.0
0.0
0.0
0.0
0.0
0.028677517644650766
0.0
0.037007381778037064
0.07974332252391447
0.095556013886493
0.10869706649305308
0.11420828682793956
0.13945631763252625
0.13469864737862314
0.1306404722673287
0.13300632774555995
0.11566040828392295
0.06876024703576097
0.03267382738761624
0.017934552306249074
0.010326975223550826
0.0
0.0
0.0
0.0
0.0
0.0
0.0
0.0
0.016561787486186773
0.0004014704986262482
0.017267725554421704
0.05361021936941675
0.09178155071290435
0.11068969830569801
0.11639720043816704
0.13539652703155441
0.14418144263117896
0.13761974957318665
0.12547821119107685
0.09853603162688003
0.05115117111131655
0.017757910273131092
0.0017734491611580698
0.0
0.0
0.0
0.0
0.0
0.0
0.0
0.0
0.0
0.01522241516438095
0.0
0.009580112751930898
0.01808879645622625
0.04846068099401839
0.041950183966127985
0.053579253666321956
0.07651709242545049
0.08029344592625058
0.08899427037721734
0.08056159915509188
0.052363416170916804
0.012927701846838386
0.0007696503896689737
0.0
0.0
0.0
0.0
0.0
0.0
0.0
0.0
0.0
0.0
0.006437231013800789
0.0
0.006730013939580168
0.007496176820053715
0.01515231650246844
0.0234550922495417
0.01879071768547752
0.05860283583191716
0.06360738616052339
0.07039582064400207
0.07652923775242618
0.02307657520205913
0.0011487750819675756
0.0
0.0
0.0
0.0
0.0
0.0
0.0
0.0
0.0
0.0
0.0
0.02260165353434279
0.0
0.010096832426538112
0.027685349354388766
0.05970670563854728
0.08909895475585015
0.09018937230508699
0.10800328679635836
0.130603361072903
0.10963155384751161
0.10287214516107826
0.08943857410516744
0.03882838289498484
0.005175793926347206
0.0
0.0
0.0
0.0
0.0
0.0
0.0
0.0
0.0
0.0
0.007385879434215686
0.00044350414547120664
0.002697781475897714
0.01296426283293624
0.020652695744666823
0.04887503622156769
0.06887850657215962
0.09015207637277017
0.1251972643517805
0.17121061853203573
0.18017142027521132
0.16646819819196235
0.0
0.0
0.0
0.0
0.0
0.0
0.0
0.0
0.0
0.0
0.0
0.0
0.0
0.0
0.0
0.0
0.0
0.0
0.0
0.0
0.0
0.0
0.0
0.0
0.0
0.0
0.0
0.0
0.0
0.0
0.0
0.0
0.0
0.0
0.0
0.0
0.0030416634769547296
0.0
0.0023333076494369276
0.013369351355179864
0.04847650154924019
0.0776101268891891
0.086928307559559
0.1182483160391465
0.13515346133325803
0.144424944519936
0.1459066597934023
0.14327790075964145
0.07172692365959499
0.013806268722720437
0.0
0.0
0.0
0.0
0.0
0.0
0.0
0.0
0.0
0.0
0.007648615225628022
0.0002776788318734418
0.010488598805817768
0.05470971260117374
0.10973121547392063
0.147296277224865
0.16685976669463606
0.19611393002479477
0.21961068156538802
0.23704521458987374
0.24285794273689748
0.2623820064752548
0.2149654314313338
0.1724982963512151
0.17063795122945277
0.13812413678732674
0.0
0.0
0.0
0.0
0.0
0.0
0.0
0.0
0.057838092575802684
0.048773916599891054
0.13054104240842995
0.178335325227063
0.2044517255588355
0.20701219261471582
0.21228526255010471
0.25435897242419386
0.2758253716741871
0.2938556537651423
0.30017577022785785
0.333369676872926
0.2698381274122035
0.19892079025585233
0.1700696358265255
0.12260997756198841
0.0
0.0
0.0
0.0
0.0
0.0
0.0
0.0
0.029937472116187348
0.012983658311286781
0.10996522450594018
0.15860366018033478
0.17143715100473936
0.2040957974911695
0.2162545367813653
0.2432439434341855
0.246842678413176
0.252268273311296
0.24502054929456257
0.2627490340716373
0.22901477155562053
0.15713430582866106
0.12228829459294184
0.09683556181496894
0.0
0.0
0.0
0.0
0.0
0.0
0.0
0.0
0.03975685938134386
0.006770636958427592
0.07836656829419342
0.11641504905466858
0.13494751718349493
0.12448028458291292
0.11270512583436247
0.13992320742650943
0.13987234682647617
0.14761005837384825
0.15474653227197932
0.15574994847115506
0.10528473460799243
0.05567554609682614
0.029009830416180302
0.025413677239825336
0.0
0.0
0.0
0.0
0.0
0.0
0.0
0.0
0.014139609296350615
0.001541500745381516
0.0010128030175066897
0.0
0.00033120434886458477
0.012694260273974889
0.028476926401611556
0.034725017259444296
0.047093660781369985
0.04919434884761568
0.023344413476074473
0.004605910841172901
0.0
0.0
0.0
0.0
0.0
0.0
0.0
0.0
0.0
0.0
0.0
0.0
0.0
0.0
0.0
0.0
0.0
0.0
0.0
0.0
0.0
0.0
0.0
0.0
0.0
0.0
0.0
0.0
0.0
0.0
0.0
0.00010774499574639935
0.0
0.0
0.0
0.0
0.0
0.0
0.0
0.0
0.00019720039115057872
0.0001978878068447025
0.0
0.0038464060658416396
0.004271047475669743
0.004806949672338749
0.004348296709570141
0.00045184335906485115
0.0004230649460973717
0.0
0.0
0.0
0.0
0.0
0.0
0.0
0.0
0.0
0.0
0.0
0.0
0.0
5.6766569265318544e-05
0.00016656520840508654
0.000307583761195948
0.003160473105991328
0.011318468221769074
0.021473296764278702
0.03091544104896268
0.042845005660843725
0.0439080780886271
0.013220420445558937
0.0
0.0
0.0
0.0
0.0
0.0
0.0
0.0
0.0
0.0
0.0
0.0
0.002401852797204992
0.0
0.0038078378585239946
0.0013969367730228522
0.015975164190805576
0.05434402356084465
0.08713085590659883
0.13316078808204684
0.15703546924477252
0.17472265364278428
0.17697075069362264
0.17413993048919268
0.10638598891443589
0.06574852788162223
0.042052156325306025
0.027936895376928624
0.0
0.0
0.0
0.0
0.0
0.0
0.0
0.0
0.01562975611220266
0.0008121811534940286
0.0253321718609197
0.07338226620603981
0.1117409144628689
0.13881818247257982
0.15266959992172038
0.1762196755571757
0.18950072190891343
0.17636688999251365
0.17044181536773556
0.1767429949242343
0.1255969818791944
0.0885277079901364
0.06823118162339496
0.05669716061570507
0.0
0.0
0.0
0.0
0.0
0.0
0.0
0.0
0.0201451721630325
0.0
0.021056450007314216
0.05428837773048372
0.06537366458055036
0.07278700024487972
0.06293377037245967
0.062251947994756
0.055370203974831764
0.054501245836985956
0.055137241714705056
0.01331078159493863
0.0
0.0
0.0
0.0
0.0
0.0
0.0
0.0
0.0
0.0
0.0
0.0
0.0
0.0
0.0
0.0
0.0
0.0
0.0
0.0
0.0
0.0007977728657561725
0.0
0.0
0.0
0.0
0.0
0.0
0.0
0.0
0.0
0.0
0.0
0.0
0.0
0.0
0.00045113937173346316
0.002246207641485893
0.0
0.0
0.0
0.0
0.0
0.0
0.0
0.0
0.0
0.0
0.0
0.0
0.0
0.0
0.0
0.0
0.0
0.0
0.0
0.0
0.0
0.0
0.0
0.0
0.0
0.0
0.0
0.0
0.0
0.0
0.0
0.0
0.0
0.0
0.0
0.0
0.0
0.0
0.0
0.0
0.0
0.0
0.0
0.0
0.0
0.0
0.0
0.0
8.215305769074932e-05
0.0003100085493335099
0.0005160279833134306
0.016922981301646774
0.030108594328610773
0.05619041345235374
0.08148302714840618
0.10061963580957127
0.10311521954993505
0.07602270847033844
0.009259417804982404
0.0
0.0
0.0
0.0
0.0
0.0
0.0
0.0
0.0
0.0
0.0
0.002012765964152056
0.000248755395217926
0.0035725568526310827
0.003901421967762966
0.029052406526617676
0.06116286229382634
0.085362354582861
0.1192071284458271
0.12155405143078482
0.1286111252921959
0.12997527861568703
0.11190051235898675
0.0622421791806014
0.04808905163613187
0.033716539453822296
0.026128858338998008
0.0
0.0
0.0
0.0
0.0
0.0
0.0
0.0
0.014916022711849003
0.0
0.017676388556090585
0.022659066659601056
0.011152405116378748
0.014353630375005127
0.01079591526830205
0.02596732931678837
0.02706531072036986
0.02573723538680088
0.02591555909323809
0.0005199236273331305
0.0
0.0
0.0
0.0
0.0
0.0
0.0
0.0
0.0
0.0
0.0
0.0
0.0030404633153485712
0.0
0.004946199867285231
0.003715928722128991
0.0015642917689908116
0.007610363823641224
0.0073302713053755375
0.018481609637566065
0.020354210339994894
0.024594834723286472
0.025670406766251826
0.0022619622361757822
0.0
0.0
0.0
0.0
0.0
0.0
0.0
0.0
0.0
0.0
0.0
0.0
0.006810901904418368
0.0
0.0
0.0
0.0
0.0
0.0
0.0
0.0
0.0
0.0
0.0
0.0
0.0
0.0
0.0
0.0
0.0
0.0
0.0
0.0
0.0
0.0
0.0
0.0
0.0
0.0
0.0
0.0
0.0
0.0
0.0
0.0
0.0
0.0
0.0
0.0
0.0
0.0
0.0
0.0
0.0
0.0
0.0
0.0
0.0
0.0
0.0
0.0
0.0
0.00013256528860270504
0.0004803386455542884
0.0023149372447052313
0.01712403129733215
0.024725624271849534
0.041606840767034914
0.058802293004448114
0.07061545919733998
0.07222092128164004
0.035331627179363674
7.460315000028658e-05
0.0
0.0
0.0
0.0
0.0
0.0
0.0
0.0
0.0
0.0
0.0
0.0019024787066242092
0.0
0.0029484752547148
0.007412530916907007
0.033831431254662314
0.054752450106989814
0.06387184254194336
0.08546608391832704
0.071935343650713
0.059639186153523434
0.04167214669370888
0.0013300017902392548
8.782442073121142e-05
0.0
0.0
0.0
0.0
0.0
0.0
0.0
0.0
0.0
0.0
0.0
0.0010137500816382037
0.0
0.0013867103980715638
0.00010775440285227976
0.0
0.0
0.0
0.0014086777555488272
0.0
0.0
0.0
0.0
0.0
0.0
0.0
0.0
0.0
0.0
0.0
0.0
0.0
0.0
0.0
0.0
0.0
0.0
0.0
0.0
0.0
0.0
0.0
0.002063207147648758
0.002462548728797793
0.0007915104544131329
0.0
0.0
0.0
0.0
0.0
0.0
0.0
0.0
0.0
0.0
0.0
0.0
0.0
0.0
0.0
0.0
0.0
0.0001725176968991268
0.00017717619791692953
0.0
0.0
0.0010031033416164582
0.0
0.0
0.0
0.00045409583339023205
0.0
0.0
0.0
0.0
0.0
0.0
0.0
0.0
0.0
0.0
0.0
0.0
0.0
0.0
0.0
0.0
0.0
9.862665924729285e-05
0.0
0.0
0.0
0.00041609089395430173
0.0
0.0
0.0
0.0
0.0
0.0
0.0
0.0
0.0
0.0
0.0
0.0
0.0
0.0
0.0
0.0
0.0
0.0
0.0
0.0
0.0
0.0
0.0
0.0
0.0
0.0
0.0
0.0
0.0
0.0
0.0
0.0
0.0
0.0
0.0
0.0
0.0
0.0
0.0016547414538996114
0.0
0.005016685124881392
0.0025164320875186398
0.0002201834640574003
0.005668768822449349
0.015399044344279906
0.03561637676558686
0.031280875691983866
0.028467114882481236
0.02891001045034291
0.00013374914201923023
0.0
0.0
0.0
0.0
0.0
0.0
0.0
0.0
0.0
0.0
0.0
0.0
0.0023243665271672743
0.0
0.0027601196125754085
0.004187214586540041
0.034388164586259734
0.06418433129792286
0.06935153845193534
0.11674601720117582
0.13277459244164075
0.12262121417222603
0.12681639821817192
0.09263537332683427
0.037463922716916294
0.018881404595108953
0.012712102083532883
0.007388657681407596
0.0
0.0
0.0
0.0
0.0
0.0
0.0
0.0
0.013557278971368379
0.0
0.00829267412819006
0.031653541160509946
0.057893019343573916
0.07833805952680373
0.07943625249392841
0.08966551035183318
0.08297217543544357
0.07966751414578184
0.06948824114935223
0.016712670930564
0.0
0.0
0.0
0.0
0.0
0.0
0.0
0.0
0.0
0.0
0.0
0.0
0.00037901255699345073
0.0
0.00029238801969395174
0.000696561308567791
0.005421030886272352
0.023666442847808274
0.032615576857554875
0.05085910283219345
0.0718921073201352
0.08441279530538777
0.08726384263009626
0.03456700385463415
0.0001704134818965042
0.0
0.0
0.0
0.0
0.0
0.0
0.0
0.0
0.0
0.0
0.0
0.0006657433834450716
0.0
0.0006171919688712029
0.0008683798085083373
0.012248945269859304
0.04115742599712309
0.05412338893927695
0.083545169974387
0.10284919967742426
0.10909639136072091
0.10104857200692068
0.05848913450317716
0.009517974777089733
0.0
0.0
0.0
0.0
0.0
0.0
0.0
0.0
0.0
0.0
0.0
0.0035215916525021774
0.0
0.000884335930512808
0.0011773502653702557
0.0031378555070788036
0.029776940625727583
0.052921062992220394
0.06023347516731228
0.053240528019572186
0.059692813434581084
0.04186659950076859
0.011290190586958576
0.0
0.0
0.0
0.0
0.0
0.0
0.0
0.0
0.0
0.0
0.0
0.0
0.0
0.0
0.0
0.0
0.0
0.0
0.0
0.0
0.0
0.0
0.0
0.0
0.0
0.0
0.0
0.0
0.0
0.0
0.0
0.0
0.0
0.0
0.0
0.0
0.014004536299917162
0.0076776075217555246
0.010024321931957484
0.023752620746469392
0.0759912761254687
0.12108798307475886
0.14209394705295125
0.16664496474195079
0.17365909643044777
0.16190662499082115
0.15325134778118077
0.136880795295152
0.08972531317216723
0.06846037619793299
0.049324525582057854
0.045991578794577145
0.0
0.0
0.0
0.0
0.0
0.0
0.0
0.0
0.02169892658854147
0.004703906330696267
0.07162456118118511
0.10728050707150767
0.13104183168122205
0.16455992106193085
0.1760155412763462
0.1960863717977577
0.2027204478687542
0.19091158164897018
0.1864854407858241
0.17185182062163049
0.13517607585401886
0.11210681555258999
0.08175931606179901
0.05076305388753343
0.0
0.0
0.0
0.0
0.0
0.0
0.0
0.0
0.005092424563769647
0.0004247992363874945
0.0033587778840178093
0.0011526305127631906
0.0007400000294110878
0.0039133003402540955
0.003229846197202816
0.019162874695656015
0.02474647730575218
0.029020752896951486
0.03247611139557905
0.0011486606943051658
0.0
0.0
0.0
0.0
0.0
0.0
0.0
0.0
0.0
0.0
0.0
0.0
0.02390744143852657
0.005989429726795194
0.013930685225415457
0.04775641200791286
0.10163258174348391
0.1394242505522425
0.14857815127627116
0.16328765926745975
0.16755775210237586
0.18289165127174883
0.17483010660770604
0.14581114409485435
0.10968451265310891
0.09287026530056097
0.08262150326437236
0.019469003832202736
0.0
0.0
0.0
0.0
0.0
0.0
0.0
0.0
0.005189707546693815
0.00039169795780993075
0.0007414300244969689
0.0
0.0
0.0
0.0
0.0003848440926849209
0.0
0.0017497588531097045
0.000707876457324184
0.000395279509988596
0.0
0.0
0.0
0.0
0.0
0.0
0.0
0.0
0.0
0.0
0.0
0.0
0.0
0.0
0.0
0.0
0.0
0.0
0.0
0.0
0.0
0.0
0.0
0.0
0.0
0.0
0.0
0.0
0.0
0.0
0.00011141701288959072
0.0
0.0
0.0
0.0
0.0
0.0
0.0
0.0
0.0
0.0
0.00023887926606364613
0.0002465249343742574
0.000866495192638829
0.0009552117026101329
0.001131385173132679
0.0003027696391986468
0.0
0.0
0.0
0.0
0.0
0.0
0.0
0.0
0.0
0.0
0.0
0.0
0.0
0.0
0.0
0.0
0.0
0.0
0.0
0.0
0.0
0.0
0.0
0.0
0.0
0.0
0.0
0.0
0.0
0.0
0.0
0.0
0.0
0.0
0.0
0.0
0.0
0.0
0.0
0.0
0.0
0.00012315184241150449
0.000295632395979104
0.00027230240784154134
0.000990963576835004
0.008423703891980548
0.005141091013358051
0.0004031359376547435
3.464619086355462e-05
0.00029898799333865874
0.0
0.0
0.0
0.0
0.0
0.0
0.0
0.0
0.0
0.0
0.0
0.0
0.0
0.0
0.0
0.0
0.0
9.118368999370125e-05
0.0
0.0007152436849050609
0.00022775873507335936
0.0
0.0
0.0
0.0
0.0
0.0
0.0
0.0
0.0
0.0
0.0
0.0
0.0
0.0
0.0
0.0
0.0
0.0
0.0001072694100529763
0.00019566747162165062
0.0009165862418966984
0.0036504044693777696
0.009622296818692104
0.007767480215104175
0.0019442333043188016
3.162534568813071e-05
0.00031772576545692775
0.0
0.0
0.0
0.0
0.0
0.0
0.0
0.0
0.0
0.0
0.0
0.0
0.0
0.0
0.0
8.291615920090339e-05
0.00023232658997276399
0.00028451371209570723
0.0
0.003422777130151663
0.0007815951925357647
0.0
0.0
0.00025286487393008563
0.0
0.0
0.0
0.0
0.0
0.0
0.0
0.0
0.0
0.0
0.0
0.0
0.0
0.0017538304046263943
0.0001567294120237437
0.0
0.0
0.0
0.0
0.0
0.0
0.0
0.0
0.0
0.0
0.0
0.0
0.0
0.0
0.0
0.0
0.0
0.0
0.0
0.0
0.0
0.0
0.0
0.0
0.0
0.0
0.0
0.0
0.0
0.0
0.0
0.0
0.0
0.0
0.0
0.0
0.0
0.0
0.0
0.0
0.0
0.0
0.0
0.0
0.0
0.0
0.0
0.0013524973551004443
0.0004593579632333462
0.0
0.0
0.0
0.0014592205237964604
0.0
0.0
0.0
0.0
0.0
0.0
0.0
0.0
0.0
0.0
0.0
0.0
0.0
0.0
0.0
0.0
0.0
0.0
0.0
0.0
0.0
0.0
0.0
0.0021133046425682255
0.0021868302021664622
0.00046664191572890065
0.0
0.0003119669130840554
0.0
0.0
0.0
0.0
0.0
0.0
0.0
0.0
0.0
0.0
0.0
0.0
0.0
0.0
0.0
0.0
0.0
0.0
0.0
0.0010494596712232321
0.0
0.0
0.0
0.0
0.0
0.0
0.0
0.0
0.0
0.0
0.0
0.0
0.0
0.0
0.0
0.0
0.0
0.0
0.0012366677300920065
0.0006046388816865618
0.0
0.0
0.0
0.001435866605438746
0.0
0.0
0.0
0.0
0.0
0.0
0.0
0.0
0.0
0.0
0.0
0.0
0.0
0.0005569559426775713
0.0
0.0
0.0
0.0
0.0
4.455986090650792e-05
0.0
0.0
0.0
0.00010507522261474435
0.000220878508139736
0.0
0.0
0.0
0.0
0.0
0.0
0.0
0.0
0.0
0.0
0.0
0.0
0.0
0.0
0.0
0.0
0.0
0.0
0.0
0.0
0.0
0.0
0.0
0.0
0.0
0.0
0.0
0.0
0.0
0.0
0.0
0.0
0.0
0.0
0.0
0.0
0.0
0.0
0.0
0.0
0.0
0.0
0.0
0.0
0.0
0.0
0.0
0.0
0.0
0.0
0.0
0.0
0.0
0.0
0.0
0.0
0.0
0.0
0.0
0.0
0.0
0.0
0.0
0.0
0.0
0.0
0.0
0.0
0.0
0.0
0.0
0.0
0.0
0.0
0.0
0.0
0.0
0.0
0.0
0.0
0.0
0.0
0.0
0.0
0.0
0.0
0.0
0.0
0.0
0.0
0.0
0.0
0.0
0.0
0.00047949671101777985
0.0
0.0
0.0
0.0
0.0
0.0
0.0
0.0
0.0
0.0
0.0
0.0
0.0
0.0
0.0
0.0
0.0
0.0
0.0
0.0
0.0
0.0
0.0
0.0006418741820397831
0.0
0.0
0.0
0.0
0.0
0.0
0.0
0.0
0.0
0.0
0.0
0.0
0.0
0.0
0.0
0.0
0.0
0.0
0.0
0.0
0.0
0.0
0.0
0.0
0.0
0.0010937121607810306
0.0
0.0
0.0
0.0
0.0
0.0
0.0
0.0
0.0
0.0
0.0
0.0
0.0
0.0
0.0
0.0
0.0
0.0
0.0
0.00015876302007575093
6.175116307391963e-05
0.00025071815836888374
0.0007285570814976794
0.0
0.0
0.00020581624910215784
0.0
0.0
0.0
0.0
0.0
0.0
0.0
0.0
0.0
0.0
0.0
0.0
0.0
0.0
0.0
0.0
0.0
0.0
0.0
0.0
0.0
0.0
0.0
0.0
0.0
0.0
0.0
0.0
0.0
0.0
0.0
0.0
0.0
0.0
0.0
0.0
0.0
0.0
0.0
0.0
0.0
0.0
0.0
0.0
0.0
0.0
0.0
0.0
0.0
0.0
0.0
0.0
0.002065401247304119
0.0005368101632040194
0.0
0.0
0.0
0.0
0.0
0.0
0.0
0.0
0.0
0.0
0.0
0.0
0.0
0.0
0.0
0.0
0.0
0.0
0.0
0.0
0.0
0.0
0.0
0.0
0.0
0.0
0.0
0.0
0.0
0.0
0.0
0.0
0.0
0.0
0.00018239806348518975
0.0002869469947138541
0.0
0.0007565212862622764
6.811970894244258e-05
0.0
0.0
0.0
0.0
0.0
0.0
0.0
0.0
0.0
0.0
0.0
0.0
0.0
0.0
0.0
0.0
0.0
0.0
0.0
0.00013096955397863606
0.00033714851983792385
0.0
0.0012842992570149358
0.0004242825915267949
6.984590588778004e-05
0.0
0.00016674832936150517
0.0
0.0
0.0
0.0
0.0
0.0
0.0
0.0
0.0
0.0
0.0
0.0
0.0
0.0
0.0
0.0
0.0
0.0
0.0
0.0007070581148183672
0.0002287288673090083
0.0
0.0
0.00015389420989869333
0.0
0.0
0.0
0.0
0.0
0.0
0.0
0.0
0.0
0.0
0.0
0.0
0.0
0.0
0.0
0.0
0.0
0.0
0.0
0.00018072944766287142
0.0
0.0
0.0
0.0
0.0
0.0
0.0
0.0
0.0
0.0
0.0
0.0
0.0
0.0
0.0
0.0
0.0
0.0
0.0
0.0
0.0
0.0
0.0
0.0
0.0
0.0
0.0
0.0
0.0
0.0
0.0
0.0
0.0
0.0
0.0
0.0
0.0
0.0
0.0
0.0
0.0
0.0
0.0
0.0
0.0
0.0
0.0
0.0
0.0
0.0
0.0
0.0
0.0
0.0
0.0
0.0
0.0
0.0
0.0
0.0
0.0
0.0
0.0
0.0
0.0
0.0
0.0
0.0
0.0
0.0
0.0
0.00012975642173235167
0.0
0.0
0.0
0.0
0.0
0.0
0.0
0.0
0.0
0.0
0.0
0.0
0.0
0.0
0.0
0.0
0.0
0.0
0.0
0.0
0.0
0.0
0.0
0.0002964419718486602
0.0
0.0
0.0
0.0
0.0
0.0
0.0
0.0
0.0
0.0
0.0
0.0
0.0
0.0
0.0
0.0
0.0
0.0
0.0
0.0
0.0
0.0
0.0
0.00020583439996423077
0.0
0.0
0.0
0.0
0.0
0.0
0.0
0.0
0.0
0.0
0.0
0.0
0.0
0.0
0.0
0.0
0.0
0.0
0.0
0.0
0.0
0.0
0.0
0.0
0.0
0.0
0.0
0.0
0.0
0.0
0.0
0.0
0.0
0.0
0.0
0.0
0.0
0.0
0.0
0.0
0.0
0.0
0.0
0.0
0.0
0.00015393180632521192
0.0
0.0001999469817197406
0.0
0.0
0.0
0.0
0.0
0.0
0.0
0.0
0.0
0.0
0.0
0.0
0.0
0.0
0.0
0.0
0.0
0.0
0.0
0.0
0.0
0.0
0.0
0.0
0.0
0.0
0.0
0.0
0.0
0.0
0.0
0.0
0.0
0.0
0.0
0.0
0.0
0.0
0.0
0.0
0.0
0.0
0.0
0.0
0.0
0.0001723916605311796
0.00017931890984497685
0.0
0.0
0.0
0.0
0.0
0.0
0.0
0.0
0.0
0.0
0.0
0.0
0.0
0.0
0.0
0.0
0.0
0.0
0.0
0.0
0.0
0.00021822631490888791
0.00033262351341670053
0.0
0.0009252881197642875
0.00035392612638247936
0.0
0.0
0.0
0.0
0.0
0.0
0.0
0.0
0.0
0.0
0.0
0.0
0.0
0.0
0.0
0.0
0.0
0.0006716010931179668
0.00069421066128385
0.0010068447530335726
0.0007793639859097975
0.0
0.001888601370392469
0.0
0.0
0.0
0.0
0.0
0.0
0.0
0.0
0.0
0.0
0.0
0.0
0.0
0.0
0.0
0.0
0.0
0.0
0.0
0.0
0.0
0.0
0.0
0.0
0.0
0.0
0.0
0.0
0.0
0.0
0.0
0.0
0.0
0.0
0.0
0.0
0.0
0.0
0.0
0.0
0.0
0.0
0.0
0.0
0.0
0.0
0.0
0.0
0.0
0.0
0.0
0.0
0.0
0.0
0.0
0.0
0.0
0.0
0.0
0.0
0.0
0.0
0.0
0.0
0.0
0.0
0.0
0.0
0.0
0.0
0.0
0.0
0.0
0.0
0.0
0.0
0.0
0.0
0.0
0.0
0.0
0.0
0.0
0.0
0.0
0.0
0.0
0.0
0.0
0.0
0.0
0.0
0.0
0.0
0.0
0.0
0.0
0.0
0.0
0.0
0.0
0.0
0.0
0.0
0.0
0.0
0.0
0.0
0.0
0.0
0.0
0.0
4.506994202112683e-05
0.0
0.0
0.0
0.0
0.0
0.0
0.0
0.0
0.0
0.0
0.0
0.0
0.0
0.0
0.0
0.0
0.0
0.0
0.0
0.0
0.0
0.0
0.0
0.0
0.0
0.0
0.0
0.0
0.0
0.0
0.0
0.0
0.0
0.0
0.0
0.0
0.0
0.0
0.0
0.0
0.0
0.0
0.0
0.0
0.0
0.0
0.0
0.0
0.0
0.0
0.0
0.0
0.0
0.0
0.00026954567966118605
0.0
0.0
0.0
0.0
0.0
0.0
0.0
0.0
0.0
0.0
0.0
0.0
0.0
0.0
0.0
0.0
0.0
0.0
0.0
0.0
0.0
0.0
0.0
0.0
0.0
0.0
0.0
0.0
0.0
0.0
0.0
0.0
0.0
0.0
0.0
0.0
0.0
0.0
0.0
0.0
0.0
0.0
0.0
0.0
0.0
0.0
0.0
0.0
0.0
0.0
0.0
0.0
0.0
0.0
0.0
0.0
0.0
0.0
0.0
0.0
0.0
0.0
0.0
0.0
0.0
0.0
0.0
0.0
0.0
0.0
0.0
0.00020184338326267718
0.0
0.0
0.0
0.0
0.0
0.0
0.0
0.0
0.0
0.0
0.0
0.0
0.0
0.0
0.0
0.0
0.0
0.0
0.0
0.0
0.0
0.0
0.0
0.0
0.0
0.0
0.0
0.0
0.0
0.0
0.0
0.0
0.0
0.0
0.0
0.0
0.0
0.0
0.0
0.0
0.0
0.0
0.0
0.0
0.0
0.0
0.0
0.0
0.0
0.0
0.0
0.0
0.0
0.0
0.0
0.0
0.0
0.0
0.0
0.0
0.0
0.0
0.0
0.0
0.0
0.0
0.0
0.0
0.0
0.0
0.0
0.0
0.0
0.0
0.0
0.0
0.0
0.0
0.0
0.0
0.0
0.0
0.0
0.0
0.0
0.0
0.0
0.0
0.0
0.0
0.0
0.0
0.0
0.0
0.0
0.0
0.0
0.0
0.0
0.0
0.0
0.0
0.0
0.0
0.0
0.0
0.0
0.0
0.0
0.0
0.0
0.0
0.0
0.0
0.0
0.0
0.0
0.0
0.0
0.00042672667134783637
0.0
0.0
0.0
0.0
0.0
0.0
0.0
0.0
0.0
0.0
0.0
0.0
0.0
0.0
0.0
0.0
0.0
0.0
0.0
0.0
0.0
0.0
0.0
0.0
0.0
0.0
0.0
0.0
0.0
0.0
0.0
0.0
0.0
0.0
0.0
0.0
0.0
0.0
0.0
0.0
0.0
0.0
0.0
0.0
0.0
0.0
0.0
0.0001756024603541575
0.0
0.0
0.0
0.0
0.0
0.0
0.0
0.0
0.0
0.0
0.0
0.0
0.0
0.0
0.0
0.0
0.0
0.0
0.0
0.0
0.0
0.0
0.0
0.0
0.0
0.0
0.0
0.0
0.0
0.0
0.0
0.0
0.0
0.0
0.0
0.0
0.0
0.0
0.0
0.0
0.0
0.0
0.0
0.0
0.0
0.0
0.0
0.0
0.0
0.0
0.0
0.0
0.0
0.0
0.0
0.0
0.0
0.0
