0.0
0.0
0.0
0.0
0.0
0.0
0.0
0.0
0.0
0.0
0.0
0.0
0.0
0.0
0.0002722685968945453
0.0
9.692142541906687e-05
0.0
0.0
0.0
0.0
0.0
0.0
0.0
0.0
0.0
0.0
0.0
0.0
0.0
0.0
0.0
0.0
0.0
0.0
8.266802981883745e-05
0.0
0.00016909068894426334
0.0
0.0
0.0
0.0
0.0
0.0
0.0
0.0
0.0
0.0
0.0
0.0
0.0
0.0
0.0
0.0
0.0
0.0
0.0
0.0
0.0
3.3825974243479106e-05
0.00014433880040512454
0.0002493270084093257
0.0
0.0
0.0
0.0
0.0
0.0
0.0
0.0
0.0
0.0
0.0
0.0
0.0
0.0
0.0
0.0
0.0
0.0
0.0
0.0
7.094389338116595e-05
0.00013302835186238123
0.0
0.00026479688039804454
0.0
0.0
2.2043945894510994e-05
0.0
0.0
0.0
0.0
0.0
0.0
0.0
0.0
0.0
0.0
0.0
0.0
0.0
0.0
0.0
0.0
0.0
0.0
0.0
0.0
7.970656680709693e-05
0.0
0.0
0.0
0.0
0.0
0.0
0.0
0.0
0.0
0.0
0.0
0.0
0.0
0.0
0.0
0.0
0.0
0.0
0.0
0.0
0.0
0.0
0.0
0.0
0.0
0.0
0.0
0.0
0.0
0.0
0.0
0.0
0.0
0.0
0.0
0.0
0.0
0.0
0.0
0.0
0.0
0.0
0.0
0.0
0.0
0.0
0.0
0.0
0.0
0.0
0.0
0.0
0.0
0.0
0.0
0.0
0.0
0.0
0.0
0.0
0.0
0.0
0.0
0.0
0.0
0.0
0.0
0.0
0.0
0.0
0.0
0.0
0.0
0.0
0.0
0.0
0.0
0.0
0.0
0.0
0.0
0.0
0.0
0.0
0.0
0.0
0.0
0.0
0.0
0.0
0.0
0.0
0.0
0.0
0.0
0.0
0.0
0.0
0.0
0.0
0.0
0.0
0.0
0.0
0.0
0.0
0.0
0.0
0.0
0.0
0.0
0.0
0.0
0.0
0.0
0.0
0.0
0.0
0.0
0.0009878740441790043
0.0
0.0
0.0
0.00011397229190289445
0.0
0.0
0.0
0.0
0.0
0.0
0.0
0.0
0.0
0.0
0.0
0.0
0.0
0.0
0.0
7.492344426462182e-05
0.0001983011422852223
0.0002226237261741439
0.00028289253680943737
0.006315849655137977
0.004956713554346719
0.0005151893121905778
0.0
0.00022496046630276242
0.0
0.0
0.0
0.0
0.0
0.0
0.0
0.00015878650633865756
0.0
0.0
0.0
0.0
0.0
0.0
0.0
8.257343479784557e-05
0.00019032313647653073
0.0014352414964336187
0.008414389644735933
0.015937205052017775
0.015510564958802446
0.010723049111832021
0.0030440494331529736
0.0004616777797366624
0.0
0.0
0.0
0.0
0.0
0.0
0.0
0.0
0.0
0.0
0.0
0.0
0.0
0.0
0.0
0.0
0.0
0.0
0.0
0.00046072701271096306
0.0
0.0
0.0
0.00013209554405398325
0.0
0.0
0.0
0.0
0.0
0.0
0.0
0.0
0.0
0.0
0.0
0.0
0.0
0.0
0.0
0.0
0.0
7.22831241581964e-05
0.00011398989229903407
0.0
0.0
0.0
0.0
0.0
0.0
0.0
0.0
0.0
0.0001585417441969089
0.0
0.0
0.0
0.0
0.0
0.0
0.0
0.0
0.0
0.0
0.0
0.0
0.0
0.002625283872379009
0.0022703936958419673
0.0
0.003040347716093044
0.0
0.0003799025785771184
0.0
0.0
0.0
0.0
0.0
0.0
0.0
0.0
0.0
0.0
0.0
0.0
0.0
0.0
0.0
0.0
0.0
0.0
0.0
0.0
0.0
0.0
0.0
0.0
0.0
0.0
0.0
0.0
0.0
0.0
0.0
0.0
0.0
0.0
0.0
0.0
0.0
0.0
0.0
0.0
0.0
0.0
0.0
0.0
0.0
0.0
0.0
0.0
0.0
0.0
0.0
0.0
0.0
0.0
0.0
0.0
0.0
0.0
0.0
0.0
0.0
0.0
0.0
2.0981252622776594e-05
0.00019391092058187345
0.00030072640873355825
0.0
0.0008967840620027472
0.0
0.0
0.0
0.0002633735174355946
0.0
0.0
0.0
0.0
0.0
0.0
0.0
0.0
0.0
0.0
0.0
0.0
0.0
0.0
0.0
0.0
0.00016029815365943938
0.0
0.0
0.00010279914874683866
0.0
0.0
0.0
0.00011057303735473305
0.0
0.0
0.0
0.0
0.0
0.0
0.0
0.0
0.0
0.0
0.0
0.0
0.0
0.0
0.0
0.0
6.358063998042031e-05
0.0002621841344027615
0.0004602088731971256
0.01032826194923403
0.01131895237589471
0.003215617520914101
0.0
0.00031373716837686586
0.0
0.0
0.0
0.0
0.0
0.0
0.0
0.0
0.0
0.0
0.0005017361754136346
0.0
0.0
0.0
0.0
0.0
6.52373331645665e-05
0.00015890788579240312
0.0
0.0
0.0
0.0
0.0
0.0
0.0
0.0
0.0
0.0
0.0
0.0
0.0
0.0
0.0
0.0
0.0
0.0
0.0
0.003236328298623019
0.0007547171743961822
0.0
0.0
0.0
0.0
0.0
0.0
0.0
0.0
0.0
0.0
0.0
0.0
0.0
0.0
0.0
0.0
0.0
0.0
0.0
0.0
0.00013369642268582052
0.0
0.0
0.0
0.00016785071112699785
0.00021066353899453315
0.004044032395951931
0.012401224968986338
0.023022176875088684
0.026213217367647004
0.02424214528032661
0.022212133273570394
0.00016055027270633486
0.0
0.0
0.0
0.0
0.0
0.0
0.0
0.0
0.0
0.0
0.0
0.0
0.0001634765988518111
0.0
0.0019945611969978865
0.0012071562363739977
0.009824126949782996
0.022709356242325663
0.028675712563702726
0.051836096822574375
0.06205068031328344
0.06108239023342979
0.050375413476649214
0.005360431968341892
0.0
0.0
0.0
0.0
0.0
0.0
0.0
0.0
0.0
0.0
0.0
0.0
8.274465587290375e-05
0.0
0.001274519071641684
0.00033766887276672966
0.007908061867763291
0.013335930677704853
0.01703796400796234
0.022420442810286337
0.023835056430021602
0.02636927204373047
0.022086039138366435
0.000195290864457684
0.0
0.0
0.0
0.0
0.0
0.0
0.0
0.0
0.0
0.0
0.0
0.0
0.0
0.0
0.00014657279001302175
0.0002736616974698188
0.00065713292196568
0.01181883650536752
0.017438119505889416
0.025013407659175355
0.02813740732106741
0.02543460505448429
0.016012956244763888
0.00023257137411029907
6.511791753054393e-05
0.0
0.0
0.0
0.0
0.0
0.0
0.0
0.0
0.0
0.0
0.0
0.0
0.0
0.0003715165368972988
0.001062927427951603
0.017839688698137443
0.03149831848547672
0.02950244456316782
0.040504935620736746
0.04625079729457439
0.0487662996908163
0.04717257148818928
0.006497574845872653
0.0
0.0
0.0
0.0
0.0
0.0
0.0
0.0
0.0
0.0
0.0
0.0
0.0
0.0
0.0
0.0
0.0
0.0
0.0
0.0
0.0
0.0
0.0
0.0
0.0
0.0
0.0
0.0
0.0
0.0
0.0
0.0
0.0
0.0
0.0
0.0
0.0
0.0
0.0
0.0003624906101828868
0.0
0.0
0.0
0.0
0.0
0.0005315402298151681
0.00027456104295855803
0.0
0.0
0.0
0.0
0.0
0.0
0.0
0.0
0.0
0.0003142012456309382
0.0
0.0
4.959054140322684e-05
0.0
0.0
0.0
0.0
0.00011233818986839578
0.00012922575146194409
0.0
0.0005534389956784078
0.00041387369279431084
0.0
0.0
0.0002306185231698287
0.0
0.0
0.0
0.0
0.0
0.0
0.0
0.0
0.0
0.0
0.0
0.0
0.0
0.0
0.0
5.241932406008674e-05
0.000156803531031269
0.0013261323751615512
0.007968629162823615
0.016867362696491844
0.016020621290159975
0.010361214140781075
0.003278450119311173
0.00046299183415080165
0.0001190792897911955
0.0
0.0
0.0
0.0
0.0
0.0
0.0
7.53819620550222e-05
0.0
0.0
0.0
0.0
0.0
0.0
6.131579681893826e-05
0.00012911568490268525
0.00017838403164600298
0.0012124579721731906
0.006888590327288567
0.005700764585403343
8.645688497153515e-05
0.0
0.00017080207637287572
0.0
0.0
0.0
0.0
0.0
0.0
0.0
0.0
0.0
0.0
0.0
0.0
0.0
0.0
0.0
0.0
0.0
0.0
0.0
0.0
0.0
0.0
0.0
0.0
0.0
0.0
0.0
0.0
0.0
0.0
0.0
0.0
0.0
0.0
0.0
0.0
0.0
0.0
0.0
0.0
9.299415429449337e-05
0.00014170921902062058
0.00012236737564724843
0.002919617624082987
0.0034703257377725
0.0006254720069905712
0.0
0.00023852070306611548
0.0
0.0
0.0
0.0
0.0
0.0
0.0
0.0
0.0
0.0
0.0
0.0
0.0
0.0
0.0
0.0
0.0
0.0
0.0
0.0
0.0
0.0005268887075974374
0.00022443766514342042
0.0
0.0
0.0
0.0
0.0
0.0
0.0
0.0
0.00018114095749474318
0.0
0.0
0.0
0.0
0.0
0.0
0.0
0.00017766584535552476
0.0
0.0
0.0
0.0
0.0
0.0
0.0
0.0
0.0
0.0
0.0
0.0
0.0
0.0
0.0
0.0
0.0
0.0
0.0
0.0
0.0
0.0
0.0
6.580810705041308e-05
0.00016210303356996596
0.0010864628255888506
0.007414106737404324
0.014548683857286292
0.011779912380832109
0.0075688320706858115
0.0017285646839556737
0.00048130225346879746
0.00011972911983846232
0.0
0.0
0.0
0.0
0.0
0.0
0.0
0.0
0.0
0.0
0.0
0.0
0.0
0.0001254551436784507
0.0002505786831864248
0.005109965993331144
0.018359599456668017
0.02173324494439409
0.029489431887497825
0.036799080044162366
0.03644923992489625
0.024419355040274614
0.00012689956411849812
0.0
0.0
0.0
0.0
0.0
0.0
0.0
0.0
0.0
0.0
0.0
0.0
0.0
0.0
0.0
0.0
8.77410967864664e-05
0.000365183192179697
0.005226021664365287
0.011540225741666849
0.011543794048463875
0.007907232701401562
0.0012359703819354224
0.00034169366512422426
5.622872964920144e-05
0.0
0.0
0.0
0.0
0.0
0.0
0.0
0.00025107715269959466
0.0004144489619450571
0.0006857729110514883
0.0
0.0
0.0
0.0
0.00017839553139563816
0.0002606198926882328
0.007622261762709385
0.01248455504095578
0.019035483106402525
0.018938407521811414
0.014564338468086965
0.0073447306151625735
0.00045489188225338067
6.62661128783001e-05
0.0
0.0
0.0
0.0
0.0
0.0
0.0
0.0
0.0
0.0
0.0
0.0
0.0
0.0005115225836924441
0.00037895306677158025
0.0030889362759979476
0.012585542962530274
0.0113484136640026
0.022946677645659785
0.02903756376556245
0.028251721770772554
0.022728641030146317
0.00016396107423678974
0.0
0.0
0.0
0.0
0.0
0.0
0.0
0.0
0.0
0.0
0.0
0.0
0.0
0.0
0.0
0.00041437685808422427
0.0005359021457140626
0.020997676288182016
0.043264921002415725
0.04461124546070945
0.03639129994342569
0.019918826957143844
0.0012422832263596815
0.0003445469429405615
0.0
0.0
0.0
0.0
0.0
0.0
0.0
0.0
0.0
0.0
0.0
0.0
0.0
0.0
0.0
0.0
0.0
0.0
0.0
0.0
0.0
0.0
0.0
0.0
0.0
0.0
0.0
0.0
0.0
0.0
0.0
0.0
0.0
0.0
0.0
0.0
0.0
0.0
0.0
0.0
0.0
0.0
0.0
0.0
0.0
0.0
0.0
0.0
0.0
0.0
0.0
0.0
0.0
0.0
0.0
0.0
0.0
0.0
0.0
0.0
0.0
0.0
0.0
0.0
0.0
0.0
0.0
0.0
0.0
0.0
0.0
0.0
0.0
0.0
0.0
0.0
0.0
0.0
0.0
0.0
0.0
0.0
0.0
0.0
0.0
0.0
0.0
0.0
0.0
0.0
0.0
0.0
0.0
0.0
0.0
0.0
0.0
0.0
0.0
0.0
0.0
0.0
0.0
0.0
0.0
0.0
0.0
0.0
0.0
0.0
0.0
0.0
0.0
0.00011943705512810488
0.0
0.0002479391705353919
0.0
3.64250073509821e-05
0.0
0.0
0.0
0.0
0.0
0.0
0.0
0.0
0.0
0.0
0.0002504392441148015
0.0
0.0
0.0
0.0
0.0
0.0
7.981098935801024e-05
0.00017343360118495126
0.0
0.0
0.0012098148563156647
0.0
0.0
0.0
0.00023970076554303887
0.0
0.0
0.0
0.0
0.0
0.0
0.0
0.0
0.0
0.0
0.0
0.0
0.0
0.0
0.0
0.0
0.0
0.0
0.0
0.0
0.0
0.0
0.0
0.0
0.0
0.0
0.0
0.0
0.0
0.0
0.0
0.0
0.0
0.0
0.0
0.0
0.0
0.0
8.219522780835391e-05
0.0
0.0
0.0
0.0
0.0
0.0
0.00013877290063825633
0.0
0.0
0.0
0.0
0.0
0.0
0.0
0.0
0.0
0.0
0.0
0.0
0.0
0.0
0.0
0.0
0.0
0.0
0.0
0.0
0.0
0.0
0.0006406544363361054
0.000482868140269851
0.00021909057336884304
0.0
0.0
0.0
0.0
0.0
0.0
0.0
0.0
0.0
0.0
0.0
0.0
0.0
0.0
0.0
0.0
0.0
0.0
0.0
0.00010541620948172878
0.00044399586105332806
0.0
5.875430488771469e-05
0.00014291519114897729
0.00016017890314463202
0.0
0.0
0.0
0.0
0.0
0.0
0.0
0.0
0.0
0.0
0.0
0.0
0.0
0.0
0.0
2.5908383548970938e-05
0.00016389707973069035
0.00019501763593062995
0.0012644216821268517
0.008778299973358092
0.008516007918012772
0.0046068968209756755
0.001749013832993052
0.0005045120245998771
0.0002187254397891359
0.0
0.0
0.0
0.0
0.0
0.0
0.0
0.0
0.0
0.00013213428626723773
0.0
0.0
0.0
0.00017168519044358208
0.0002275980999084713
0.004625728089698971
0.017454271240907294
0.019747059784118347
0.024644250157287433
0.026041392235945173
0.03238319731952027
0.02986399677867803
0.0007072711567840131
0.0002807786298239412
0.0
0.0
0.0
0.0
0.0
0.0
0.0
0.0
0.0
0.0
0.0
0.0
0.0
0.00010240062662583862
0.00018947745939571045
0.0027842809938820943
0.012766682276522973
0.00679975028003728
0.004455338100360642
0.0019449835741562824
0.0037351386010480835
0.007492952202540245
0.00036055587621191415
6.672139296559569e-05
0.0
0.0
0.0
0.0
0.0
0.0
0.0
0.0
0.0
0.0
0.0
0.0
0.0
0.0
0.0
0.00021884050583073427
0.0005878720577864493
0.0
0.0
0.0
0.0005135783391535598
0.0
0.0
0.0
0.0
0.0
0.0
0.0
0.0
0.0
0.0
0.0
0.0
0.0
0.0
0.0003324865684882884
0.0028568576860223825
0.0005422691756705183
0.0
0.0
0.0
0.0
0.0
0.0
0.0
0.0
0.0
0.0
0.0001995963017320945
0.0
0.0002385958031867675
0.0
0.0
0.0
0.0
0.0
0.0
0.0
0.0
0.0
0.0
0.0
0.0
0.0
0.0
0.0
0.00031674233315673344
0.0
0.0
0.0
0.0
0.0
0.0
0.0
0.0
0.0
0.0
0.0
0.0
0.0
0.0
0.0
0.0
0.0
0.0
0.0
0.0
0.0
0.0
0.0
0.0
0.0
0.0
0.0
0.00011818684424113369
0.0
0.0
0.0
0.0
0.0
0.0
0.0
0.0
0.0
0.0
0.0
0.0
0.0
0.0
0.0
0.0
0.0
0.0
0.0
0.0
0.0
0.0
0.0
0.0
0.0
0.0
0.0
0.0
0.0
0.0
0.0
0.0
0.0
0.0
0.0
0.0
0.0
0.0
0.0
0.0
0.0
0.0
0.0
0.0
0.0
0.0
0.0
0.0
0.0
0.0
0.0
0.0
0.0
0.0
0.0
0.0
0.0
0.0
0.0
0.0
0.0
0.0
0.0
0.0
0.00014703344839764185
0.0002346528207820808
0.0
0.0005263076072080102
0.003218261592099227
0.0033691308677024053
0.0010912424401848528
0.0004881649043515509
0.0002832759865735257
0.0
0.0
0.0
0.0
0.0
0.0
0.0
0.0
0.0
0.0
0.0
0.0
0.0
0.0
7.340202098389394e-05
0.00038225886708703055
0.00033222444967667333
0.0
0.0
0.000233031059720169
0.0
0.0
0.0
0.0
0.0
0.0
0.0
0.0
0.0
0.0
0.00044048976550963595
0.0
0.0
0.0
0.0
0.0
0.0
0.0
0.0
0.0
0.0
0.0
0.0
0.0
0.0
0.0
0.0
0.0
0.0
0.0
0.0
0.0
0.0
0.0
0.0
0.0
0.0
0.0
0.0
0.0
0.0
0.0
0.0
0.0
2.515592296364799e-05
0.0
9.626091583690762e-05
0.0
0.0
0.0
0.0
0.0
0.0
0.0
0.0
0.0
0.0
0.0
0.0
0.0
0.0
0.0
0.0
0.0
0.0
0.0
0.0
2.691046620211626e-05
2.5427719581876756e-05
0.0
0.0002329600522531309
4.009460388214158e-05
0.00011215980677131635
0.0
5.3026382027317844e-05
0.0
0.0
0.0
0.0
0.0
0.0
0.0
0.0
0.0
0.0
0.0
0.0
0.0
0.0
0.0
0.0
2.3854026024085507e-05
0.00011747906238975862
0.0
0.0006997968135444878
0.0
0.0
0.0
0.00010594027998678592
0.0
0.0
0.0
0.0
0.0
0.0
0.0
0.0
0.0
0.0
0.0
0.0
0.0
0.0
0.0
0.0
0.00011802329693182318
0.00023371837859271883
0.00018636394918861534
0.0029428265230285727
0.0032628092696808477
0.0007872720310507467
9.65294311740804e-05
0.00038317882819610785
0.00024823726377742026
0.0
0.0
0.0
0.0
0.0
0.0
0.0
0.0
0.0
0.00011709590493011439
0.0007978644902567199
0.0
0.0
0.0
6.010954157508704e-05
0.00013930106178631122
0.00012190469136715445
0.0
0.0016414409164177122
0.0006462821382061027
0.0018484192655822175
0.0012562321289885236
0.000502591480215943
0.00022277144779638008
0.0
0.0
0.0
0.0
0.0
0.0
0.0
0.0
0.0
0.0
0.0005937821048105941
0.0
0.0
0.0
0.0
0.0
0.0
0.0
0.0
0.0
0.0
0.0
0.0
0.0
0.0
0.0
0.0
0.0
0.0
0.0
0.0
0.0005354738381458298
0.0
0.0
0.0
0.0
0.00020752677557037513
0.001079837451289654
0.00023412435107317275
0.0
0.0
0.0
0.0
0.0
0.0
0.0
0.0
0.0
0.0
0.0
0.0
0.0
0.0
0.0
0.0
0.0
0.0
0.0
0.0
0.0
0.00025864866011361535
0.0002291389835437547
0.00023000570706420079
0.007424950698859919
0.016887114482128776
0.027286558343135186
0.036057867473043015
0.04067531274337534
0.040180643206442435
0.013298519865852008
0.00047007039715774924
0.0
0.0
0.0
0.0
0.0
0.0
0.0
0.0
0.0
0.0
0.0
0.0
0.0
0.0
1.4200595496167949e-05
0.00011296635982102397
0.0002382394118107659
0.00015573174385645117
0.004235920801271719
0.0068225804354283565
0.00800959575758361
0.005251674789088562
0.0003320901496892832
0.0001566982979017044
9.016857922676182e-05
0.0
0.0
0.0
0.0
0.0
0.0
0.0
0.0
0.0
0.0
0.0
0.0
2.8504971842560088e-05
5.9797402785938754e-05
0.00014621465870165895
0.00018416526401217833
0.0
0.0004838953101038049
0.0
0.0
0.0
0.0004517841886715022
0.00013436331948997213
0.0
0.0
0.0
0.0
0.0
0.0
0.0
0.0
0.0
0.0
0.0002865689292376649
0.0
0.0
7.796495624721042e-05
7.066248259892628e-05
0.00013610928642319797
0.0002204820178831838
0.00016642169404600511
0.006113142933656658
0.010086557560874381
0.01017125659521149
0.009891405722542974
0.00022513259254794415
0.00037313162573730395
8.610018329105897e-05
0.0
0.0
0.0
0.0
0.0
0.0
0.0
0.0
0.0
0.0
0.0
0.0
0.000171802153425306
0.0002603726201311684
0.00024726836835648207
0.005033685478508589
0.004064131156871072
0.00845794775040838
0.009827941607607216
0.007303995699700804
0.0020151656077173675
0.0006716559664588265
0.00014791915675011041
0.0
0.0
0.0
0.0
0.0
0.0
0.0
0.0
0.0
0.0
0.0
0.0
0.0
0.0
0.0
0.0
0.0
0.0
0.0
0.0
0.0
0.0
0.0
0.0
0.0
0.0
0.0
0.0
0.0
0.0
0.0
0.0
0.0
0.0
0.0
0.0
0.0
0.0
0.0
0.0
0.0
0.0
0.0007825147906235318
0.003886100653533543
0.0
0.0
0.0
0.0
0.0
6.690170586937207e-05
0.00031832084423348203
0.0
0.0
0.0
0.0
0.0
0.0
0.0
0.0
0.0
0.0
4.233233976375251e-05
6.194195876866653e-05
0.00011877267129332496
0.00019520191551401452
0.003559021091991293
0.017352359983807825
0.026782134672052926
0.04022978154645304
0.044414931308072406
0.010495057736457461
0.0009071328650420197
6.80506705974916e-05
0.0
0.0
0.0
0.0
0.0
0.0
0.0
0.0
0.0
0.0
0.0
0.0
3.0815386546317154e-05
0.00013322595823626163
0.00013184294953189058
0.00016246834038867783
0.0019906601103491946
0.009735832693563954
0.014949729483353269
0.02264098867178812
0.03184751541203701
0.007101921576063337
5.121478666377779e-05
9.379406301951542e-05
0.0
0.0
0.0
0.0
0.0
0.0
0.0
0.0
0.0
0.0
0.0
0.0
0.0
0.0
0.0
0.0
0.0
0.00012056032134960372
0.0
0.0
0.0
0.00017635455062593727
0.0
0.0
0.0
0.0
0.0
0.0
0.0
0.0
0.0
0.0
0.0
0.0
0.0
0.0
0.0
0.0
0.0
0.00018115750879081708
0.0
0.0014294961943971602
0.0
0.0
0.0
0.0004444718057437764
0.0
0.0
0.0
0.0
0.0
0.0
0.0
0.0
0.0
0.0
0.0002620150589636027
0.0002690115358315405
0.0
0.0
0.0
0.0
3.967379301535805e-05
0.00011477436094034678
0.00015443307194948458
0.004362250383867722
0.0147024980136545
0.015578103882935387
0.012945067392917274
0.0006918405190534222
0.0003246574836925072
8.173561240774029e-05
0.0
0.0
0.0
0.0
0.0
0.0
0.0
0.0
0.0
0.00015062074529995512
0.0
0.0
0.0
0.0
0.0
0.0
0.0
0.0
0.0
0.0
0.0
0.0
0.0
0.0
0.0
0.0
0.0
0.0
0.0
0.0
0.0
0.0
0.000100129317315449
0.0
0.0
0.0018276086847653368
0.0002461835657571907
0.0
0.0
0.0
0.0
0.0
0.0
0.0
0.0
0.0
0.0
0.0
0.0
0.0
0.0
0.0
0.0
0.0
0.0
0.0
0.0
0.0
0.0
8.961704150963409e-05
0.0017163273273190422
0.007408440695456791
0.01702908967531238
0.047494620223858475
0.06482599246515255
0.09511435460521558
0.11111874047621517
0.1166220270341961
0.10917140144698743
0.08054329140334594
0.03334443541489095
0.0033268899627936356
0.0
0.0
0.0
0.0
0.0
0.0
0.0
0.0
0.0
0.0
0.001424781410330414
6.138386584562494e-05
0.0010688479866051742
0.0038375017607065716
0.004146947341202225
0.007277739216831866
0.011299717208977758
0.026449057609786643
0.040842628100833826
0.04060717332372935
0.03205865386059852
9.440244911447324e-05
0.00023451383063759527
0.0
0.0
0.0
0.0
0.0
0.0
0.0
0.0
0.0
0.0
0.0
0.0
0.0
0.00011643843084054404
7.525261839063971e-05
0.00016054960168390274
0.0006701333189211219
0.006124709986265383
0.018102849452345457
0.026241212828131116
0.038946224645566796
0.05198021610556109
0.04441815513294756
0.019491103091771485
0.0007173668118584133
4.1893815153997044e-05
0.0
0.0
0.0
0.0
0.0
0.0
0.0
0.0
0.0
0.00017061944876370873
8.733571995170775e-05
0.002191881372953915
0.009108497532453162
0.022487409563388253
0.05214227368182804
0.06657290975211023
0.09838869332205148
0.11520757524700227
0.12863020897586322
0.13913025441473936
0.15470700014072147
0.12739820175314084
0.04968299675439201
0.009846991718414362
0.0
0.0
0.0
0.0
0.0
0.0
0.0
0.0
0.0
0.0025577806573110007
0.000528054990891928
0.012590920737247333
0.03292668782387793
0.060950123892813214
0.0826739068631802
0.08241299906821999
0.08925936691327238
0.08830203244148263
0.080384839962041
0.06406396636070041
0.02219469207850404
0.00043923879319552765
0.0
0.0
0.0
0.0
0.0
0.0
0.0
0.0
0.0
0.0
0.0
0.0
0.0
0.0002136316801695038
2.8862536748390328e-05
6.404183758982414e-05
0.00034499146558876855
0.0
0.0
0.00020660543856208284
0.0
0.0
0.0
0.0
0.0
0.0
0.0
0.0
0.0
0.0
0.0
0.0
0.0
0.0
0.0
0.0
0.0
0.0
0.0
0.0
0.0
0.0
0.0
0.0
0.0
0.0
0.0
0.0
0.0
0.0
0.0
0.0
0.0006784126295795638
0.0
0.0
0.0
0.0
0.0
0.0
0.0
0.0
0.0
0.0
0.0
0.0
0.0
0.00033739478381928853
0.0
7.148361383000692e-05
0.0
0.000162807809611497
0.0
0.0
0.0
0.0
0.0
0.0
0.0
0.0
0.0
0.0
0.0
0.0
0.0
0.0
0.0
0.0
0.0
0.0
0.0
0.0001846974235464706
0.0002435194434485702
0.0
5.521112155173785e-05
0.0002414745280220322
0.0
0.0
0.0
0.0
0.0
0.0
0.0
0.0
0.0
0.00013057497082828736
0.0
0.0
0.0
0.0
6.295238672935963e-05
3.351330039508453e-05
3.258076605815213e-05
0.00014556504354104518
9.286039292051787e-05
0.002344934233886828
0.0030296864816180646
0.004853346475255843
0.010573818494220831
0.00029537896300939847
0.0003642874119677557
0.0
0.0
0.0
0.0
0.0
0.0
0.0
0.0
0.0
0.0
0.0
0.0
0.0
0.00041490204941259807
0.0024298063446661117
0.007015264639608894
0.010815637571873444
0.01733522344487363
0.03857714290365844
0.05086941601733707
0.06410421319482003
0.06574465448260226
0.023322376035488816
0.0
0.0
0.0
0.0
0.0
0.0
0.0
0.0
0.0
0.0
0.0
0.0
0.0015843961948785183
0.0
0.001345361897681247
0.000634718345247664
0.002220323002876796
0.0017934479975714802
0.0015029480146911283
0.015847089781912713
0.01840514011335323
0.020646695841615034
0.026175337461557764
0.007055738510702268
0.00057430812991446
5.670518566662902e-05
0.0
0.0
0.0
0.0
0.0
0.0
0.0
0.0
0.0
0.0
0.0
0.0
0.00010662093887242775
6.201809397674521e-05
0.0
5.2369249393801244e-05
0.0
0.0
0.0002901753427623972
0.0024570743999308754
0.0007157024746656462
0.0
0.0
0.0
0.0
0.0
0.0
0.0
0.0
0.0
0.0
0.0
0.0
0.0
0.0
0.0
0.0
0.0
0.0
0.0
0.0
0.0
0.0
0.0
0.0
0.0
0.0
0.0
0.0
0.0
0.0
0.0
0.0
0.0
0.0
0.0
0.0
0.0
0.00012987857827618496
0.000220122164390258
0.0015541308722776298
0.005947528609379351
0.005415288284546914
0.0032882420115638612
0.001710059287823138
0.020839200138286284
0.029679290355169
0.01994174074921912
0.019422445243261432
0.0003164638610277303
0.0
0.0
0.0
0.0
0.0
0.0
0.0
0.0
0.0
0.0
0.0
0.0
0.0
0.0
6.894613447375299e-05
0.0
0.0
0.0
0.0
0.0
0.00018683309859366247
0.0
0.0
0.0
0.0
0.0
0.0
0.0
0.0
0.0
0.0
0.0
0.0
0.0
0.0
0.0
0.0
0.0
0.0002697101164438635
0.00013029288636661474
0.0017291464400861424
0.0005709987273731572
0.0
0.004139263651134943
0.007301890543004069
0.0051599798264172795
0.005024346057021941
0.0
0.0
0.0
0.0
0.0
0.0
0.0
0.0
0.0
0.0
0.0
0.0
0.0
0.0
0.0
0.0
0.0
0.0
0.0
0.0
7.807933592881512e-05
0.0
8.598517979105628e-05
0.00011874226232531616
0.00021413894744528689
0.0
0.0
0.0
0.0
0.0
0.0
0.0
0.0
0.0
0.0
0.0
0.0
0.0
0.0
3.260866022206267e-05
0.0
0.0
0.0
0.0
0.00035501168162245365
0.00016081717853117398
0.0008903109855291275
0.0011828880258038057
0.0002664114358772927
7.930599026512137e-05
0.00012258677263431316
0.0
0.0
0.0
0.0
0.0
0.0
0.0
0.0
0.0
0.0
0.0
0.0
0.0
0.0
0.0
0.0
0.0
0.0
0.0
0.002168795101582194
0.0014151655811163203
0.0012665028332955863
0.0
0.0
0.0
0.0
0.0
0.0
0.0
0.0
0.0
0.0
0.0
0.0
0.0008624721075316559
0.001356545327568078
0.0004999516387002302
0.0
0.0
0.0
0.0
0.0
0.0
0.0
0.0
0.0
0.0
0.0
0.0
0.0
0.0
0.0
0.0
0.0
0.0
0.0
0.0
0.0
0.0
5.4914162979328156e-05
0.0005695627167982729
0.005563921172485426
0.007703127180496984
0.005723221838492485
0.009915186296398636
0.035123665799272286
0.05350952043739075
0.07278981499894079
0.08807686846410467
0.08699331239199981
0.06875968173214438
0.014233483831887524
0.0
0.0
0.0
0.0
0.0
0.0
0.0
0.0
0.0
0.0
0.0022356915600575413
0.00023127601550246342
0.0037955199517354537
0.009696465803969103
0.016020250822429347
0.04047502205862147
0.05655041152304813
0.09026187312403802
0.10520643615527916
0.1223329001897792
0.1337667123362033
0.13346866206639652
0.10366772919378854
0.06470296802830414
0.04015245843564738
0.021199632130747
0.0
0.0
0.0
0.0
0.0
0.0
0.0
0.0
0.01292795147609028
0.0
0.004111869400519939
0.007812090253403899
0.0341506273571766
0.0640655706221617
0.07996821565495661
0.0971777294565426
0.09324928904008897
0.09953054433503089
0.10723651717843587
0.10692398197869928
0.08172943291032882
0.020372687557413498
0.000418064174049497
0.0
0.0
0.0
0.0
0.0
0.0
0.0
0.0
0.0
0.0015745782785721802
9.995105171843119e-05
0.001546015389745263
0.0002252920802315473
0.0004331155389796651
0.003109094556570574
0.008549574630536176
0.03096450846373417
0.05105343511307895
0.0638327696070865
0.07696720790283902
0.07026569528103253
0.04383458126645165
0.012246829287244966
0.00040727165543915907
0.0
0.0
0.0
0.0
0.0
0.0
0.0
0.0
0.0
0.0020920477964540608
0.0
0.0009648787373722358
0.0009598974741185796
0.0004695114537389954
0.006698426438499682
0.0167838359144223
0.02649118997371307
0.02471814373747692
0.03103391449690354
0.027092790085725103
0.0003471644994210911
0.0002959017962646421
0.0
0.0
0.0
0.0
0.0
0.0
0.0
0.0
0.0
0.0
0.0
0.0
0.0
0.00019024676880797036
0.0
0.0
0.0
0.0
0.0
0.0006969703901855608
0.0026589736285265527
0.01254917613142487
0.03577627067056037
0.0
0.0
0.0
0.0
0.0
0.0
0.0
0.0
0.0
0.0
0.0
0.0
0.0
0.0
0.0
0.0
0.0
0.0
0.0
0.0
0.0
0.0
0.0
0.0
0.0
0.0
0.0
0.0
0.0
0.0
0.0
0.0
0.0
0.0
0.0
0.0
0.0
0.00015978111416519299
0.0035985023274523226
0.013169585323851736
0.03164958697830731
0.07413761280979488
0.09205188376702154
0.1127506567935419
0.12609079081954477
0.14026076455534306
0.14699559505332255
0.13720122058829573
0.11245925644622769
0.06580010207859067
0.03597122097817261
0.029052583387718458
0.0
0.0
0.0
0.0
0.0
0.0
0.0
0.0
0.015601288965908752
0.002330083344159773
0.03416172309404198
0.0809836152467167
0.10471636962366379
0.1154988515014813
0.11856166927145091
0.1403869044498912
0.1582973110466473
0.17856795811140527
0.16654139799364007
0.14885338803898882
0.1474958262963333
0.11864851990291275
0.09061548749232055
0.07157660025877878
0.0
0.0
0.0
0.0
0.0
0.0
0.0
0.0
0.01686524248093593
0.009659661293091783
0.045486756981034444
0.08589038264626953
0.10335906622575906
0.11954898796867619
0.1261450287982434
0.1480770378030975
0.1622843782473032
0.17073321469283484
0.18123344616184395
0.20563980092147696
0.20337408408149368
0.13506937303711475
0.08156618277697772
0.028005400279848762
0.0
0.0
0.0
0.0
0.0
0.0
0.0
0.0
0.007700861534702385
0.002165522533859567
0.01865824145100571
0.038943456968249385
0.053771243354662705
0.0735422917419277
0.08419729270537094
0.10427839591581312
0.12016304271149757
0.1377849656281385
0.14609667012470476
0.1553573388034529
0.13780041641639781
0.07726566860056662
0.029712456775106626
0.006102707984518579
0.0
0.0
0.0
0.0
0.0
0.0
0.0
0.0
0.003332099166318672
0.0002170206221611296
0.00512386910774728
0.00926363170766597
0.015826706396803166
0.029188885501668455
0.03680920214169202
0.06755325215994892
0.08330778716982165
0.08138472834187291
0.0800765490802975
0.048746809674991474
0.006907930084238378
8.790559121367787e-05
0.00022181114972833223
0.0
0.0
0.0
0.0
0.0
0.0
0.0
0.0
0.0
0.0005464638158935858
0.0
0.0
0.0
0.0
0.0
0.0
0.0
0.0
0.0
0.0
0.0
0.0
0.0
0.0
0.0
0.0
0.0
0.0
0.0
0.0
0.00045294351178300414
0.0
0.0
0.0004943090963456356
0.002215661842356886
0.0
0.0
0.0
0.0
0.0
0.0
0.0
0.0
0.0
0.0
0.0
0.0
0.0
0.0
0.0
0.0
0.0
0.0
0.0
0.0
0.0
0.0
0.0
0.0
0.0
0.0
0.0
0.0
0.0
0.0006837226099010417
0.0
0.0
0.0
0.0006887594838678809
0.0
0.0
0.0
0.0
0.0
0.0
0.0
0.0
0.0
0.0
0.0
0.0
0.0
0.0
0.00020179288745904422
0.0
0.0
0.0
6.505428255627302e-05
0.0012900441324308776
0.008557372667200065
0.024334749886897947
0.03361584797836461
0.007086003654757272
0.0
0.0
0.0
0.0
0.0
0.0
0.0
0.0
0.0
0.0
0.0
0.0
0.00013399656727154947
0.0
0.0003989253453727948
0.00012980828358710616
0.000251858897252962
0.0
0.0
0.002724982892938182
0.0035454778704088093
0.00805613223661869
0.021959689472052034
0.007124014630861632
0.005968425562099889
6.92734533898111e-05
6.555823591761351e-05
0.0
0.0
0.0
0.0
0.0
0.0
0.0
0.0
0.0
0.0
4.314543395385848e-05
0.00048506688306798455
0.0020697844676763302
0.0018355888259500815
0.001985313780273427
0.003471564353841942
0.018864355731865973
0.03408782259344888
0.0478217922765519
0.04606289433659197
0.0031491318246337227
0.00046543287546962697
0.0
0.0
0.0
0.0
0.0
0.0
0.0
0.0
0.0
0.0
0.0
6.892013045028985e-05
0.0001066999588843197
0.001111755658078357
0.005575056269275381
0.0051264963673734835
0.004478755984960559
0.005314142207605992
0.02273659329223481
0.03844835655909035
0.057890079470985276
0.07410723893793335
0.07078912650501154
0.05790049191657353
0.026783109474305258
0.0007132541795657942
0.0
0.0
0.0
0.0
0.0
0.0
0.0
0.0
0.0
0.0035533141969933887
0.0005065368655947703
0.005259302604361518
0.018571810418361298
0.020260354776950464
0.01479774697564321
0.013164328503869272
0.026507570389784886
0.06150727746790507
0.11446703778585884
0.15229084246148
0.19012285636251838
0.0
0.0
0.0
0.0
0.0
0.0
0.0
0.0
0.0
0.0
0.0
0.0
0.0
0.0
0.0
0.0
0.0
0.0
0.0
0.0
0.0
0.0
0.0
0.0
0.0
0.0
0.0
0.0
0.0
0.0
0.0
0.0
0.0
0.0
0.0
0.0
0.0028538924957693095
0.0
0.002025964503777232
0.00039476074149475386
0.0
0.0
0.0
0.0014124969482134835
0.0016758341079421044
0.003610624796556966
0.00549061651693531
0.0007568269529158594
0.0
0.0
0.0
0.0
0.0
0.0
0.0
0.0
0.0
0.0
0.0
0.0
0.0
0.0
0.00016980155934582286
7.414621641997578e-05
0.0
0.0
0.0
0.001853135532811926
0.0046293012711403105
0.018174384474742428
0.030014849401534864
0.017844530733394686
0.015867425209853698
0.0041261167329332315
0.00015835187730625953
0.0
0.0
0.0
0.0
0.0
0.0
0.0
0.0
0.0
0.0
0.0
0.00022307890327413223
0.0
0.0010002082242275539
0.0018538549136696521
0.0057776894350963885
0.03823991453264049
0.07229063818297495
0.09585946636476593
0.10557862222894426
0.10552036039999493
0.09050758374940289
0.041454691903444564
0.00805188421448546
0.00021530637374049527
0.0
0.0
0.0
0.0
0.0
0.0
0.0
0.0
0.004073153380880031
0.00017057388286655502
0.002840525532899068
0.0003394687933273027
0.0
0.001837487288673845
0.002112533814455765
0.01301741610271301
0.01585059145792486
0.011514459175613943
0.011783093538045327
0.0
0.00019702939466888618
0.0
0.0
0.0
0.0
0.0
0.0
0.0
0.0
0.0
0.0
0.0
0.0
0.0
0.0003210017765590595
5.827545800410223e-05
0.0
0.0003985913748550099
0.004800637162783791
0.024876179920735746
0.044728562556926116
0.05853218342082357
0.04752854532869183
0.021168148555818306
0.011414024005191056
0.0009043106633917573
0.0
0.0
0.0
0.0
0.0
0.0
0.0
0.0
0.0
0.0
0.0021932114469917067
0.00024222763996926118
0.0002388056906747345
4.432029461475765e-05
0.0021466356808297607
0.0005989515251392087
0.0
0.0061231626390767235
0.014951745334419942
0.046769012592962844
0.07281443395752545
0.07326935836397848
0.0
0.0
0.0
0.0
0.0
0.0
0.0
0.0
0.0
0.0
0.0
0.0
0.0
0.0
0.0
0.0
0.0
0.0
0.0
0.0
0.0
0.0
0.0
0.0
0.0
0.0
0.0
0.0
0.0
0.0
0.0
0.0
0.0
0.0
0.0
0.0
0.0
0.0002125707876278976
0.005000673222347438
0.00919059775630674
0.015374598658197706
0.04215653554053115
0.04735211003503804
0.07392538881882763
0.04683094926532587
0.0638770268405502
0.09473502712608542
0.04660881106016931
0.0049590927658611115
0.0
0.0
8.589950182349832e-05
0.0
0.0
0.0
0.0
0.0
0.0
0.0
0.0
0.0017576567755485772
0.0
0.00039244877835561075
0.0
0.0
0.0
0.0
0.0075902334648405515
0.01135397351441405
0.025397164265644413
0.04769796151392093
0.029584099907289187
0.02306398737496477
0.012864553340426002
0.0
0.0
0.0
0.0
0.0
0.0
0.0
0.0
0.0
0.0
0.0014235388613825168
0.0
0.0008025889854265635
0.000138037828936976
0.001089798998307751
0.00811232709063592
0.022133020440885276
0.06800691704938215
0.08635552764718815
0.10242955319592491
0.11438907818821413
0.12244522463851687
0.12107192144106421
0.07662272899287108
0.016815157739180644
0.006772696699419446
0.0
0.0
0.0
0.0
0.0
0.0
0.0
0.0
0.01084019889492241
0.004368616295870943
0.032288196515276896
0.08642606426501699
0.11272763887749497
0.12357772778864749
0.13173654852545982
0.1624372518491118
0.16126178966383561
0.14209915426191658
0.12607558211568226
0.1301955888192045
0.11246619309043773
0.07780511872900962
0.025377338986249224
0.005258181561834878
0.0
0.0
0.0
0.0
0.0
0.0
0.0
0.0
0.006796917187458186
0.0004195294708440605
0.014856298735391503
0.043505434888046784
0.07690479862065895
0.10050775597433531
0.10301035037947431
0.12734774137068047
0.14010379062189493
0.1582657620318094
0.16408008405572155
0.17328560446938787
0.16209767407912798
0.10683915018079183
0.0395860576454617
0.03394532534079449
0.0
0.0
0.0
0.0
0.0
0.0
0.0
0.0
0.012637031042741149
0.0
0.001297377988116538
0.0023495571730175148
0.0058822102684402714
0.002995156298004725
0.0006318545790621418
0.005849729714792811
0.021038988940626523
0.04946367652237657
0.036304681051478986
0.016936445710807532
0.0
0.0
0.0
0.0
0.0
0.0
0.0
0.0
0.0
0.0
0.0
0.0
0.0
0.0
0.0
0.0
0.0
0.0
0.0
0.0
0.0
0.0
0.0
0.0
0.0
0.0
0.0
0.0
0.0
0.0
0.0
0.0
0.0
0.0
0.0
0.0
0.011454603378257173
0.005337119626257914
0.030919623977533863
0.0859997358231243
0.11699004297721052
0.1408935880756477
0.15248126410329627
0.17557363663479789
0.18306598768257792
0.2028584563910201
0.21885199672488798
0.2532370800975304
0.2579664103168076
0.22749184370167624
0.14172015251870548
0.09257699092094913
0.0
0.0
0.0
0.0
0.0
0.0
0.0
0.0
0.019527133234733592
0.01803283080022531
0.06694631976408003
0.12066032474526968
0.15314493969510876
0.17108081079659196
0.18277963191490815
0.1969116435902909
0.20736210393126228
0.22349359507245
0.24292204642203225
0.3005519278976375
0.3125098536959711
0.272937172300359
0.17365287784512407
0.11509050123584706
0.0
0.0
0.0
0.0
0.0
0.0
0.0
0.0
0.01763819921496604
0.008108125253394695
0.06484855487350405
0.10727019500601227
0.14550026832766003
0.1678090198930771
0.17092889795639732
0.1920098238547952
0.20267020562066418
0.20407085223951726
0.22704224998819322
0.2731998580614378
0.29439784034857613
0.26411744004697835
0.17184211567456015
0.12955676178506062
0.0
0.0
0.0
0.0
0.0
0.0
0.0
0.0
0.01657296969171546
0.004864416046917831
0.040795762643656634
0.07086555995780522
0.09285039966740233
0.11579554714595519
0.13627862912803915
0.16098397483110322
0.17981554508274092
0.1942237244513993
0.1979165643244697
0.23666916639723212
0.2542873863457714
0.21530894207677154
0.13761018289923582
0.08902337230043013
0.0
0.0
0.0
0.0
0.0
0.0
0.0
0.0
0.014666652476016106
0.009738406527492206
0.040227683934443495
0.06957290323132548
0.09401689923499264
0.11414316911258657
0.12003312167684589
0.14610897551537835
0.16084538869169704
0.15377506659854073
0.12693054725456984
0.12071225894932804
0.08848424735824169
0.03794625919978618
0.010020672504518989
0.0022152689557553497
0.0
0.0
0.0
0.0
0.0
0.0
0.0
0.0
0.012066120397906346
0.0007982281841414074
0.005681078580018069
0.0
0.0
0.00023064518877504887
0.0
0.0
0.002309188857160335
0.018264330218617116
0.022405943460030078
0.030899081063873856
0.0
0.0
0.0
0.0
0.0
0.0
0.0
0.0
0.0
0.0
0.0
0.0
0.0
0.0
0.0
0.0
0.0
0.0
0.0
0.0
0.0
0.0
0.0
0.0
0.0
0.0
0.0
0.0
0.0
0.0
0.0
0.0
0.0
0.0
0.0
0.0
0.0
0.0
0.0
0.0
0.0
0.0
0.0
0.0
0.0
0.0
0.0
0.0
0.0
0.0
0.0
0.0
0.0
0.0
0.0
0.0
0.0
0.0
0.0
0.0
0.0
4.401281334969011e-05
0.0005017663105064282
0.002029255974434709
0.004912244297095442
0.004327381883582535
0.005251939253729792
0.030938304894416124
0.06440296373623752
0.08337387196267507
0.09553354913842173
0.07234294570457803
0.0500602692431104
0.019688254835966576
0.0002990705780843426
0.0
0.0
0.0
0.0
0.0
0.0
0.0
0.0
0.0
0.0037426476700699453
0.00025776967867375053
0.006909587406397241
0.02033566679380275
0.049823730737306705
0.07989789735873148
0.08882018375071439
0.11286010846121448
0.12982593777950477
0.13713992993539506
0.1556972095034225
0.17801828809042053
0.16589842525225995
0.11651336800101962
0.05229817179921465
0.016679332585241416
0.0
0.0
0.0
0.0
0.0
0.0
0.0
0.0
0.015365948365197602
0.0
0.006517213957970533
0.025100849611006757
0.05017235901015877
0.06759910019475891
0.06463706561414337
0.08914522295056451
0.10275268393388563
0.09117705961532876
0.10014040933394773
0.1083921367570689
0.09477033493720942
0.033806945500900985
0.002862103987026211
0.0
0.0
0.0
0.0
0.0
0.0
0.0
0.0
0.0
0.008465513059624629
0.0
0.005453777158338579
0.003787655020214287
0.009477892732550465
0.02454148949492076
0.03647151545868475
0.06211104546968042
0.07354838783196897
0.09104741406498248
0.1030073562758882
0.10179553109209068
0.06355582533184609
0.030538264194440688
0.006668690794231612
0.00011393613357811354
0.0
0.0
0.0
0.0
0.0
0.0
0.0
0.0
0.0066859177114542544
0.00042646904358743055
0.0047273273039736925
0.011935285819241937
0.012266485921471051
0.009717829079331521
0.011851200908488263
0.029604779210584367
0.08830446576991154
0.13736189389424724
0.17214054519640873
0.19217990830080495
0.0
0.0
0.0
0.0
0.0
0.0
0.0
0.0
0.0
0.0
0.0
0.0
0.0
0.0
0.0
0.0
0.0
0.0
0.0
0.0
0.0
0.0
0.0
0.0
0.0
0.0
0.0
0.0
0.0
0.0
0.0
0.0
0.0
0.0
0.0
0.0
0.014028955990988688
0.004589636805642713
0.019993814364760068
0.04836127788582928
0.06867218734749994
0.08411781774919981
0.09669541809181488
0.12898075278885002
0.15070838082168173
0.15050239716117336
0.15619863035372342
0.1749493886759288
0.15364508984157507
0.08718476088775665
0.030044765243279883
0.013776519361748722
0.0
0.0
0.0
0.0
0.0
0.0
0.0
0.0
0.016469442987745577
0.0
0.01100367107992529
0.039761458281852034
0.06871909777966781
0.09162556351368494
0.09998139257534362
0.1270638394354275
0.13833358867756843
0.13443847179727803
0.14820032088953827
0.16681113596259375
0.1470762413824635
0.05697752232028182
0.006182474036815141
0.00043321070830462226
0.0
0.0
0.0
0.0
0.0
0.0
0.0
0.0
0.008074727872797645
0.0
0.005979039762186866
0.0058447508347074005
0.008426791812379843
0.010903912734230355
0.008830862150209546
0.014796508361964217
0.015071054617183268
0.0181292407942111
0.024216222167648457
0.0022587469055404498
0.0
0.0
0.0
0.0
0.0
0.0
0.0
0.0
0.0
0.0
0.0
0.0
0.001820384748426446
0.0
0.0012473628170212392
0.0018397526661417063
0.0
0.0
0.0
0.0021407486240211126
0.00162322904358493
0.004957410002013419
0.015515633815182001
0.008116018380499516
0.0013781870912874291
0.0
0.0
0.0
0.0
0.0
0.0
0.0
0.0
0.0
0.0
0.0
0.001895043706866243
0.000289696248166248
0.00398030078659872
0.015262146058057454
0.02686608897424254
0.04817047143267108
0.056803357495856494
0.08820367884176056
0.10959404822207754
0.13215669247636774
0.15474141265188396
0.17746256159633825
0.18701891125085673
0.16209680892854683
0.08123731777692314
0.03173241319914369
0.0
0.0
0.0
0.0
0.0
0.0
0.0
0.0
0.014808851793760514
0.01657739021551093
0.03123691924562563
0.05583392890497075
0.10209750661344097
0.1352854925886238
0.1577144466610793
0.16659530323404512
0.18914726519327626
0.23975872282419894
0.26789443069867164
0.3155731019936756
0.034652373957363335
0.03183837605480174
0.0
0.0
0.0
0.0
0.0
0.0
0.0
0.0
0.0
0.0
0.0
0.0
0.0
0.0
0.0
0.0
0.0
0.0
0.0
0.0
0.0
0.0
0.0
0.0
0.0
0.0
0.0
0.0
0.0
0.0
0.0
0.0
0.0
0.0
0.01804714024417509
0.014317405874611206
0.03841913575907747
0.08184817663103976
0.11340583176492615
0.13822793364595765
0.15892653184780114
0.14308046601469424
0.12130531956604401
0.13829148421674123
0.15235374141122746
0.1710795207848145
0.17828476480621372
0.1407198021261586
0.07291926975996554
0.033926572958759796
0.0
0.0
0.0
0.0
0.0
0.0
0.0
0.0
0.01783566488019168
0.010356314837264654
0.04448774940361388
0.08851787094037315
0.11325711491155324
0.14098152300968494
0.16660252792659455
0.19899703280474998
0.21723845776747686
0.2263774960859736
0.23390343922576914
0.2747813242543766
0.26898301321713164
0.22888843246045665
0.16286434873884625
0.14027131632732187
0.0
0.0
0.0
0.0
0.0
0.0
0.0
0.0
0.033335834515211896
0.024601142089409653
0.10324812678114821
0.1427777743263859
0.16523951036047171
0.18786304627037806
0.19736097144956338
0.22184392615827628
0.23473281006599148
0.2534000515966024
0.2536393998426929
0.28760736016833005
0.31146878743054773
0.2762372767644941
0.17827554097338036
0.12283296198207375
0.0
0.0
0.0
0.0
0.0
0.0
0.0
0.0
0.0266712977087972
0.024594319067687977
0.08445902800997647
0.12236725513326374
0.14463982609584525
0.15732536644688305
0.1586818395425102
0.18623968681253755
0.202123655391137
0.22332011182624628
0.24320029452504116
0.2856135348732882
0.2987783441653085
0.26508370402995896
0.17392905835924383
0.10404147580619247
0.0
0.0
0.0
0.0
0.0
0.0
0.0
0.0
0.015778602921567957
0.001057538060103046
0.04446247109437171
0.06887018489672503
0.08172937540274881
0.09240014736891297
0.09139776046633065
0.11262193843813383
0.12407195255037563
0.13567837420987158
0.14971468383079936
0.15663735116442173
0.12511792653560944
0.10255473273600951
0.04027188524185705
0.00855012954103101
0.0
0.0
0.0
0.0
0.0
0.0
0.0
0.0
0.007740266714847732
0.0005459500203318738
0.008242939484648182
0.017361186114580304
0.016642077720516093
0.02372720208617992
0.025971028817912706
0.04109778549756756
0.07775126157521133
0.12731028077318063
0.1528856968692627
0.17751645120514967
0.0
0.0
0.0
0.0
0.0
0.0
0.0
0.0
0.0
0.0
0.0
0.0
0.0
0.0
0.0
0.0
0.0
0.0
0.0
0.0
0.0
0.0
0.0
0.0
0.0
0.0
0.0
0.0
0.0
0.0
0.0
0.0
0.0
0.0
0.0
0.0
0.020617070724176543
0.022106759829239774
0.06833210165154294
0.10958011247045996
0.13187600210530767
0.15358007412310748
0.16864195904854123
0.19404160022186567
0.2109953930544672
0.23717802557835455
0.2536899747047221
0.3100220444904359
0.32478352506919195
0.27840174376784715
0.20651343807526068
0.1550165120017407
0.0
0.0
0.0
0.0
0.0
0.0
0.0
0.0
0.05548174381108364
0.04159324245262408
0.10395851114047959
0.13751070773551657
0.15953138347923174
0.18716003796317096
0.20573113455530953
0.22740267760369967
0.23607725124657386
0.24315521837572895
0.24163888876687825
0.27756270825431756
0.257022362574828
0.22328409189507334
0.16639274346915672
0.1136934407939875
0.0
0.0
0.0
0.0
0.0
0.0
0.0
0.0
0.02746793653561171
0.02603682398959955
0.09991152991105176
0.13286690342958601
0.1524210767637715
0.1638883525552649
0.17514356729818417
0.20066816599541082
0.21424015147998143
0.20909601958979931
0.2211202371708254
0.2394027491851039
0.2266491358232341
0.2052768992062073
0.1370134550843504
0.0785355492163255
0.0
0.0
0.0
0.0
0.0
0.0
0.0
0.0
0.013760687579571147
0.007855967712692357
0.08595680381898291
0.1279179460551535
0.13986903169485745
0.12020658566578919
0.1404877466865929
0.1636885443914732
0.17915337408387477
0.1978876236048573
0.19420775193171083
0.20960638003989238
0.2063273949556631
0.16440442101076885
0.12577070558895942
0.09687268183381681
0.0
0.0
0.0
0.0
0.0
0.0
0.0
0.0
0.02502627647591187
0.025507697054805874
0.10789726609370759
0.15906805768817442
0.18507965595628031
0.19491486771401356
0.20370149327041073
0.22605944980655027
0.22916784411931646
0.19948354247042296
0.20967391312354328
0.26585763741177776
0.2589770568542443
0.1999570946344009
0.1241400777921898
0.08091252904678811
0.0
0.0
0.0
0.0
0.0
0.0
0.0
0.0
0.023875844122611796
0.027170245590149137
0.05933314852016526
0.11703203636098056
0.15143904501572056
0.16882815781496394
0.2237645476907062
0.2550060409200571
0.24287416440566656
0.24653208109491193
0.2725325536351797
0.28771830861044884
0.0
0.0
0.0
0.0
0.0
0.0
0.0
0.0
0.0
0.0
0.0
0.0
0.0
0.0
0.0
0.0
0.0
0.0
0.0
0.0
0.0
0.0
0.0
0.0
0.0
0.0
0.0
0.0
0.0
0.0
0.0
0.0
0.0
0.0
0.0
0.0
0.025811334928794318
0.022200470891503492
0.07346653480778916
0.11245019571443986
0.1349514711842139
0.15525358332052874
0.1708367540263163
0.20132529695350482
0.21748123670873623
0.23822767686571497
0.25480069948304734
0.3133962244405622
0.3342579136799552
0.28846312218935677
0.20746975500590054
0.16030270551195902
0.0
0.0
0.0
0.0
0.0
0.0
0.0
0.0
0.08377980553488339
0.07952260286249359
0.13269969367791593
0.16775555554984856
0.1881039130652465
0.2108835375774741
0.23057113454177947
0.25341064509611166
0.2713134433592176
0.291088518076656
0.305343959736287
0.36125424586818605
0.3657920085728115
0.3284110897668663
0.24220349721681123
0.1930419702638325
0.0
0.0
0.0
0.0
0.0
0.0
0.0
0.0
0.12798816437013866
0.11807708692372938
0.15650291271813535
0.2101847790345477
0.24283199444237127
0.2573222245747238
0.2754318911832253
0.2920482257761669
0.29761614985835755
0.25967408636726474
0.24744421428063984
0.2923127029512267
0.3046980422753841
0.27748880388141983
0.21091691816883493
0.16877811083773606
0.0
0.0
0.0
0.0
0.0
0.0
0.0
0.0
0.07298420467190525
0.058937715889551295
0.11581512914836876
0.1699849985540301
0.2033650066816986
0.22017104429264994
0.22393323755213407
0.22687287980340748
0.21370398772617039
0.17229013420232653
0.15034399568258222
0.16346708138379404
0.17206414401266557
0.15391618756558376
0.09191914102482368
0.06013246366040465
0.0
0.0
0.0
0.0
0.0
0.0
0.0
0.0
0.02298833737575104
0.0037104463512911265
0.09239481915608923
0.14242810459634386
0.16486289687630545
0.18680833786453005
0.19876956861264225
0.2184729333755041
0.20264088189395912
0.1824793387212329
0.19944907568919892
0.20298956389438788
0.17879102401720584
0.1315189793326754
0.06363946405135282
0.039147996001796914
0.0
0.0
0.0
0.0
0.0
0.0
0.0
0.0
0.024632192215327874
0.02514688031999667
0.06272737969336487
0.10713786763627052
0.14507978355790116
0.1807793812844098
0.2511531941276237
0.2872124162337616
0.31829145946449583
0.3596143024665076
0.3837326303314827
0.4335200219901917
0.0
0.0
0.0
0.0
0.0
0.0
0.0
0.0
0.0
0.0
0.0
0.0
0.0
0.023891855501410948
0.09893727922795147
0.08859173436315705
0.11454454774336607
0.08785411904690292
0.0746763499778023
0.12729389587958423
0.26256777456866837
0.2992159111880864
0.3013189623036645
0.3299262655705025
0.28934251082556967
0.25512219175577217
0.11759492778181495
0.02728138183776459
0.0
0.0
0.0
0.0
0.0
0.0
0.0
0.0
0.2447673741067599
0.20927304136515426
0.19544594034160834
0.22600926422746181
0.24521640214034213
0.26462935166951324
0.27311545277623583
0.2875774613671125
0.2993342928179271
0.3131240747709695
0.3131727164870546
0.3582183971480866
0.38164205622948294
0.34378888916196276
0.2834777996348792
0.24229881084126428
0.0
0.0
0.0
0.0
0.0
0.0
0.0
0.0
0.0
0.0
0.04007926293456271
0.09521929453221192
0.090518641882469
0.06083304817485928
0.11017334503556285
0.14676860752024126
0.25353724455944593
0.3342512936647438
0.28860335843537543
0.24447062244800288
0.16985169422176796
0.02246336475364618
0.0
0.0
0.0
0.0
0.0
0.0
0.0
0.0
0.0
0.0
0.19959032992564432
0.15876398990881374
0.18404409592314003
0.21992582190550228
0.23721781426477587
0.24390015616722624
0.2445997910067267
0.2663567418482631
0.28823897038363283
0.27916733929646703
0.2470978830935056
0.24108202116203892
0.23833958254246881
0.19818904180919036
0.13599913261973678
0.11475592257795708
0.0
0.0
0.0
0.0
0.0
0.0
0.0
0.0
0.06458969999526928
0.06416075625284795
0.1386612644717352
0.17735764582135446
0.19644327195973346
0.20874266258708415
0.21752944134526236
0.2333846036060953
0.24227651483376134
0.24789603226749513
0.24219848294870025
0.2812428723911292
0.3065082248115166
0.2824138923852452
0.22132202660905154
0.18509661557470403
0.0
0.0
0.0
0.0
0.0
0.0
0.0
0.0
0.14293872099282273
0.11931693498104623
0.13868958013058358
0.1690148509152049
0.18180172961331667
0.19425095305957277
0.20932736964058707
0.22740794053609042
0.2404171312512119
0.26151273638460304
0.2770905488442155
0.32616502849896745
0.28926250527488323
0.2191381515006613
0.1602999659600244
0.1454473657106049
0.0
0.0
0.0
0.0
0.0
0.0
0.0
0.0
0.0929296366096808
0.06388701314695258
0.10565126825931291
0.14166228094952862
0.15877189672787306
0.1908206698334289
0.24819959376848938
0.25789815629816615
0.24603900287231656
0.2546814719374808
0.2782857404587286
0.31789041620116515
0.0
0.0
0.0
0.0
0.0
0.0
0.0
0.0
0.0
0.0
0.0
0.0
0.0
0.0
0.0
0.0
0.0
0.0
0.0
0.0
0.0
0.0
0.0
0.0
0.07121239546180375
0.019098740938605578
0.0
0.0
0.0
0.0
0.0
0.0
0.0
0.0
0.0
0.0
0.07542959811548715
0.09252361054336652
0.13952178565255083
0.1859035219795013
0.21475758570619508
0.22897373092154158
0.24312625464078608
0.2688647683487079
0.28261396574229497
0.30019658922310855
0.32313816975267484
0.3932005975099699
0.4224324908690218
0.397447619582771
0.32100735201840186
0.26883365150627303
0.0
0.0
0.0
0.0
0.0
0.0
0.0
0.0
0.11913203699068473
0.09695096325516787
0.13222404444353025
0.155569129617039
0.171660525124075
0.18051422961165714
0.19328041685817102
0.22522834629294183
0.24852554493149093
0.26195957613561976
0.27859757537013363
0.34429428350455227
0.3812949669373568
0.3434069263444987
0.26606042420551235
0.21963877408456714
0.0
0.0
0.0
0.0
0.0
0.0
0.0
0.0
0.1489773025783989
0.12513063003051697
0.1588247421216422
0.20118368875374718
0.22984433813910662
0.24818007188675204
0.2594684910419167
0.28077052068344255
0.29885155708477
0.3150825636037201
0.3087046909099367
0.36063573715521346
0.41067780551660904
0.39062581209761094
0.3131411602141739
0.25576953927107887
0.0
0.0
0.0
0.0
0.0
0.0
0.0
0.0
0.23360735513218275
0.22523217578780702
0.19700056457463963
0.23250949826208397
0.2518239598400926
0.26576457724787844
0.2686985059208386
0.2845106613076937
0.2705299084965707
0.24346902932600123
0.2449339192044467
0.29505780943100174
0.3170059841249702
0.28594075594876617
0.22281077555805812
0.17468830779571348
0.0
0.0
0.0
0.0
0.0
0.0
0.0
0.0
0.11226711816581089
0.12255226784526187
0.1568819702775452
0.18911895682690674
0.2109447785363766
0.2225961075723782
0.22528279444942959
0.2515109576902038
0.25886230880492844
0.26577572128065996
0.2788767354796125
0.3191688744828055
0.3086052523508245
0.2548792836530597
0.20901561643222466
0.18483919018814113
0.0
0.0
0.0
0.0
0.0
0.0
0.0
0.0
0.13890102122645787
0.13612382233987771
0.1675038603528196
0.20534572131998474
0.2297280396862243
0.2478863648683825
0.31231854832553774
0.3330731160273529
0.3555517209775357
0.330363574178722
0.28884536656654525
0.3288196986504896
0.0
0.0
0.0
0.0
0.0
0.0
0.0
0.0
0.0
0.0
0.0
0.0
0.0
0.0
0.0
0.03436895626906323
0.08296049158874935
0.025301297010466964
0.03440903501232142
0.10523388708916834
0.11324510309045666
0.1936589677744024
0.3177512695493468
0.32889469635236035
0.2626237520567474
0.19594665516049123
0.07063294579614493
0.0221836076746376
0.0
0.0
0.0
0.0
0.0
0.0
0.0
0.0
0.2169834541376258
0.20471486388103574
0.2015039150397845
0.2394440376072981
0.26386613028014033
0.2909963056462636
0.3052203094426841
0.31378606262060404
0.3223349899016756
0.33768467774534816
0.34789129337393926
0.3997476057822136
0.4136290981102755
0.3852029484188936
0.32327526395881573
0.2790075140951801
0.0
0.0
0.0
0.0
0.0
0.0
0.0
0.0
0.2678704205603108
0.24124816895126153
0.22557939761216403
0.2602519682449958
0.2837426997062598
0.2953120277828989
0.3000206076538629
0.31772188350970465
0.33180702613640856
0.3393314220105904
0.33070125051723503
0.3763615794297189
0.4034254362798094
0.3602754148729024
0.2908299986586107
0.28174011016221273
0.0
0.0
0.0
0.0
0.0
0.0
0.0
0.0
0.27800755941759775
0.2460026888416887
0.22668115781680728
0.25504979512599213
0.27715910083394857
0.2962896572646817
0.3031894828779123
0.3245055642970059
0.3282423477488337
0.3021910194379209
0.2854915961824518
0.3291736716313814
0.3524924357436361
0.32779174357526053
0.28269597461407275
0.233622737422112
0.0
0.0
0.0
0.0
0.0
0.0
0.0
0.0
0.1953546972234515
0.1442014903759063
0.14727504052136797
0.1691318274867129
0.1889678482072113
0.20327364560435732
0.2019693589504141
0.22767635230283698
0.2507088476174034
0.25724693153656625
0.2450179715575761
0.22634516582801048
0.19022200890135654
0.16512295342386074
0.12071739494497015
0.09187408909821429
0.0
0.0
0.0
0.0
0.0
0.0
0.0
0.0
0.04447425107252752
0.003948914831340244
0.06920367357054345
0.09923887689157465
0.11454519366746035
0.12369430694900174
0.12877748382210866
0.14685261206073358
0.15287279831549924
0.1587508246014723
0.15922460238001948
0.15840973274896075
0.1465299410568545
0.1255391460262803
0.0838263390507035
0.06067655395809739
0.0
0.0
0.0
0.0
0.0
0.0
0.0
0.0
0.04295522557992404
0.0
0.04608330570799946
0.08192484631635899
0.1220981576422281
0.15444371909997734
0.20920715964206002
0.23018157232683592
0.2386390293630417
0.22954705630821648
0.22598189931830684
0.24585871691180697
0.0
0.0
0.0
0.0
0.0
0.0
0.0
0.0
0.0
0.0
0.0
0.0
0.0
0.0
0.0
0.0
0.0
0.0
0.0
0.0
0.0
0.0
0.0
0.0
0.0
0.0
0.0
0.0
0.0
0.0
0.0
0.0
0.0
0.0
0.0
0.0
0.13966873392666096
0.12728263569928694
0.15658625761271364
0.1774145644520436
0.189833769607381
0.20059662447370813
0.21474618505484008
0.24627011588065226
0.25468795856793436
0.25599179104088376
0.2328228406565224
0.23716192468187042
0.23051940412414665
0.21862357930149023
0.17287430762126696
0.1554419192786986
0.0
0.0
0.0
0.0
0.0
0.0
0.0
0.0
0.09319092603911547
0.05408629872699899
0.11605418402441708
0.13274009711066792
0.14074767603929692
0.16376980770371505
0.1753609177828036
0.19407741407871265
0.19627935282181497
0.17662800047739702
0.15726912293295675
0.14960903375267165
0.13345037374951113
0.11270127446205958
0.07991499386697937
0.06703269558184556
0.0
0.0
0.0
0.0
0.0
0.0
0.0
0.0
0.04253747242998538
0.0013435324919683295
0.08481462121188761
0.12305232107586593
0.1461475582459202
0.15844863179611068
0.163343844696306
0.19742931397383517
0.2201711123157166
0.2377502127517221
0.2509598648633733
0.2995854841314331
0.3093885968470249
0.2827455262074994
0.23799336056078896
0.19968836577279375
0.0
0.0
0.0
0.0
0.0
0.0
0.0
0.0
0.12418332385733136
0.11614305559394186
0.1575097269726742
0.19914147814695632
0.22312381202032364
0.22832825352082103
0.22831796069583893
0.2521517513942792
0.2590655279888815
0.24462870184014168
0.22735003465077955
0.2485156633059924
0.2620485584841182
0.21792439213995052
0.15002062139659922
0.12555094912976614
0.0
0.0
0.0
0.0
0.0
0.0
0.0
0.0
0.07019354284652028
0.06841379539885833
0.13057983612981114
0.1568659891620071
0.1722508546995943
0.18783121712148407
0.19416267983019933
0.21164219377723717
0.22525776157723437
0.24529548722922453
0.2620010864653211
0.31707826749552126
0.3456722687139391
0.3107803614772964
0.22564380458948055
0.18769385707181976
0.0
0.0
0.0
0.0
0.0
0.0
0.0
0.0
0.11925548116951741
0.13562324115407567
0.18029681822419116
0.22770733032739573
0.2520846251360571
0.2619682652500075
0.2984712330584571
0.3008023520609976
0.3173771567341376
0.34481154821607357
0.37069194459045074
0.41375144367665023
0.0
0.0
0.0
0.0
0.0
0.0
0.0
0.0
0.0
0.0
0.0
0.0
0.0
0.0
0.0
0.0
0.0
0.0
0.0
0.0
0.0
0.0
0.040568263186900766
0.11727453396139173
0.12215157503950241
0.0629124924969437
0.0
0.0
0.0
0.0
0.0
0.0
0.0
0.0
0.0
0.0
0.13062608501514206
0.10355831437686931
0.12867176942690764
0.15610480495659917
0.17157866653450504
0.17956499179980273
0.1888745483244282
0.2138287656043862
0.22467531364871413
0.24187448099965259
0.26002918480165155
0.31219888475647734
0.32654935025750537
0.2770408768175502
0.18612201768039696
0.152312738427045
0.0
0.0
0.0
0.0
0.0
0.0
0.0
0.0
0.11176188866566637
0.10192563552152421
0.14388993789492877
0.18185368147150177
0.21060415904401839
0.23119107683989504
0.23884180844582503
0.24049382099753375
0.2443554683915852
0.23744671919143143
0.2373621595649913
0.2698618662696048
0.2809781544770384
0.24311816021411073
0.17199160533180607
0.15375410605848294
0.0
0.0
0.0
0.0
0.0
0.0
0.0
0.0
0.09855435615987065
0.06257780941332015
0.12629853396887888
0.15494152210716305
0.17899758390400097
0.19335932510656498
0.20008015289900097
0.21691832936692654
0.23440492465481116
0.22024915657589636
0.20339691371910049
0.22819829931215624
0.24602839557848347
0.21747218691542525
0.14398772313421995
0.12161815220644712
0.0
0.0
0.0
0.0
0.0
0.0
0.0
0.0
0.04077740575846305
0.03446435924518497
0.11500452059636168
0.15650669893823216
0.17766514456939012
0.1929524323512472
0.20077789654433678
0.2212240697510536
0.23206339702987136
0.24146231023476988
0.22991055803396968
0.2544512910662024
0.27084225351297786
0.24337998272448993
0.1586924052229254
0.1229282121042025
0.0
0.0
0.0
0.0
0.0
0.0
0.0
0.0
0.04998580374530129
0.037198259632403315
0.10622960790413788
0.13972530235051
0.15840504159520707
0.1749013973789148
0.19418187621875357
0.21271534749332663
0.19880584123645811
0.16884073360338717
0.15703939765078165
0.20157007784845615
0.2245563097486605
0.15424654686776235
0.06594313372888432
0.044741498725801174
0.0
0.0
0.0
0.0
0.0
0.0
0.0
0.0
0.02134712645158944
0.0
0.0025506038927493656
0.00021211087764197355
0.020098682201851677
0.06548254530238994
0.07224987022591942
0.09127994785112972
0.12290671988344454
0.14141878876053557
0.155866880690234
0.15298325231997079
0.0
0.0
0.0
0.0
0.0
0.0
0.0
0.0
0.0
0.0
0.0
0.0
0.0
0.0
0.0
0.0
0.0
0.0
0.0
0.0
0.0
0.0
0.0
0.043618124387607905
0.06338065004149966
0.050937890073960296
0.0
0.0
0.0
0.0
0.0
0.0
0.0
0.0
0.0
0.0
0.03632823106102565
0.03476469682336937
0.11587596479110278
0.15790016156609843
0.18555657606453077
0.20374720013409128
0.21495037759403487
0.23954112131878819
0.25360983474365684
0.2712172001682777
0.28695586969249604
0.3520200497398505
0.38201056672546313
0.3242449342992238
0.21278630692257286
0.1868164546204865
0.0
0.0
0.0
0.0
0.0
0.0
0.0
0.0
0.1354826963288102
0.1287818277435819
0.15903077487487366
0.2014487914482888
0.23266593409139083
0.24869256807348455
0.2519804638407509
0.27215301756454796
0.28476624298701936
0.29568825507157626
0.30563948982104333
0.3316286014625756
0.33881441996868567
0.30365404167012006
0.2241781999880902
0.18662754828418687
0.0
0.0
0.0
0.0
0.0
0.0
0.0
0.0
0.10224473646848872
0.08382638671927503
0.1391375110852878
0.17361025171038183
0.19446370198987453
0.2120781111240445
0.22816896990859542
0.25487370132763165
0.27192808010136627
0.2852910212409904
0.2988402005502977
0.3430866355970163
0.34970837061689775
0.313959399295499
0.23372364085963723
0.21337918743640166
0.0
0.0
0.0
0.0
0.0
0.0
0.0
0.0
0.1390460915270343
0.11767509933990344
0.15893311780458258
0.20115452744987278
0.22706403060484606
0.25454995900931315
0.27004104329849216
0.2877295688886294
0.2906428858007374
0.2799815928777222
0.2662704313874844
0.3110714316464278
0.3215166644169084
0.2816308217926217
0.2035487129500882
0.17492001232557225
0.0
0.0
0.0
0.0
0.0
0.0
0.0
0.0
0.14506745976791915
0.12298821817216646
0.16874052825118813
0.19851474720262724
0.21423696449383928
0.2285188143376769
0.24112115302905465
0.2666430317173232
0.27395253841555833
0.26007304390034647
0.20576511008111142
0.20561816717384238
0.22538509288497022
0.2093847491007349
0.1566869178570615
0.12645351604836472
0.0
0.0
0.0
0.0
0.0
0.0
0.0
0.0
0.04283026820296273
0.003478445653329867
0.040457190132493805
0.07568748398481337
0.10444005840109831
0.13191879417124888
0.1256971894174287
0.12286794058249977
0.13892642089194965
0.09893821928152137
0.04453369940164691
0.023067676635286947
0.0
0.0
0.0
0.0
0.0
0.0
0.0
0.0
0.0
0.0
0.0
0.0
0.0
0.0
0.0
0.0
0.0
0.0
0.0
0.0
0.0
0.0
0.0
0.0
0.0
0.0
0.0
0.0
0.0
0.0
0.0
0.0
0.0
0.0
0.0
0.0
0.027974431307677933
0.007949320848034444
0.10005192582272965
0.13883875421069322
0.16922536035179042
0.18572959146872253
0.189409154249762
0.21008446408945125
0.2216783114220905
0.21091933836546628
0.19813541256680017
0.21167372007389335
0.22023736468608576
0.16627115155572597
0.10913268494032512
0.08469382560403935
0.0
0.0
0.0
0.0
0.0
0.0
0.0
0.0
0.034845784894630194
0.004148937632951119
0.08901032277615409
0.13256816974019348
0.15776590772609905
0.1677305928790324
0.1828829614288807
0.21109626807612383
0.22100421897262323
0.2107862236585896
0.17422060761067515
0.15540469501178888
0.14182206093828115
0.1071375336097751
0.0758596856985916
0.06316759699643158
0.0
0.0
0.0
0.0
0.0
0.0
0.0
0.0
0.02405407643671549
0.013160555859071325
0.09102839650659408
0.139697456046806
0.16918471426228301
0.1853043048106948
0.1906505857367145
0.21566137909732994
0.2377663725407706
0.24847812247250797
0.26350455436053827
0.3096225154710368
0.31178594069732724
0.26568914723194875
0.20568807460070576
0.17566946999260177
0.0
0.0
0.0
0.0
0.0
0.0
0.0
0.0
0.11629146104050248
0.11638893472529939
0.1574377241685762
0.19556596424617326
0.21589074503410016
0.22701869807843883
0.23562267994284095
0.25676561859068653
0.2165115111062896
0.18622699764974307
0.1874252914520452
0.20737747173900176
0.1829917144233985
0.13144148085186297
0.09491844103093822
0.07964512324931405
0.0
0.0
0.0
0.0
0.0
0.0
0.0
0.0
0.029432822117338133
0.009411183480661129
0.08362728641349389
0.1258738853209869
0.15320960054687255
0.17120419064730388
0.18348121329355382
0.20778763698538524
0.2227407384092025
0.23809278377183926
0.2468918808782324
0.2797287274872769
0.25330810622636835
0.165494766312237
0.10720414664229648
0.10833286763675469
0.0
0.0
0.0
0.0
0.0
0.0
0.0
0.0
0.043103993610987365
0.04174084935091227
0.10371081691063237
0.14563766999212432
0.17216966646177978
0.19011611801651626
0.2422250672014513
0.2739578385950472
0.29476188266003045
0.3210562244239133
0.32818694094646567
0.30641307930426864
0.0
0.0
0.0
0.0
0.0
0.0
0.0
0.0
0.0
0.0
0.0
0.0
0.0
0.0
0.0
0.0
0.0
0.0
0.0
0.0
0.0
0.0
0.0
0.0
0.0
0.0
0.0
0.0
0.0
0.0
0.0
0.0
0.0
0.0
0.0
0.0
0.05649367182272838
0.05928270866224003
0.13056706611071595
0.16288800304635015
0.18860274198778196
0.20442117207541186
0.21899400745086975
0.24405186515304356
0.2604942330832548
0.2696977512411387
0.28133674064999675
0.32082329570422935
0.3094780227287224
0.25053432376314133
0.19012915957016532
0.17303640465676853
0.0
0.0
0.0
0.0
0.0
0.0
0.0
0.0
0.12370430151413396
0.0947969276900387
0.14959408913790803
0.1925655530893933
0.20539491711345215
0.2185590938457131
0.22522117593933727
0.2364244753743949
0.238998309092165
0.24208285219796483
0.24105186376664978
0.24159817000778683
0.1918958587087793
0.16066512833599444
0.12863612967304222
0.11092765828842534
0.0
0.0
0.0
0.0
0.0
0.0
0.0
0.0
0.03258422664657823
0.010313414839327798
0.08688252053194467
0.12964773401248206
0.16263092208868277
0.18092570477149625
0.1887089790095349
0.21123213776734617
0.22567538036949528
0.2324828211723237
0.22413120834747846
0.2487195785144481
0.24839562475978544
0.18017327655181892
0.1288615394991259
0.10241003197919521
0.0
0.0
0.0
0.0
0.0
0.0
0.0
0.0
0.04226924770386473
0.033390030450567085
0.11464584014454006
0.1572037628114414
0.18103141151107685
0.19726926792677008
0.20628388023469624
0.22207650813483024
0.21440103179286354
0.23913395042855326
0.255472072138274
0.2946060205972942
0.32826062856577926
0.23246041973177664
0.15316826589467947
0.12791993425719847
0.0
0.0
0.0
0.0
0.0
0.0
0.0
0.0
0.058889445143281004
0.06841237230561391
0.12200057119117706
0.16204891050293246
0.19715282884923824
0.22016027495296545
0.23128447519174916
0.24941024726138902
0.258701382133314
0.2772966434416598
0.2959011232033415
0.3612741623999322
0.38332889169854717
0.2875741021810125
0.21332392956724341
0.16798426875409714
0.0
0.0
0.0
0.0
0.0
0.0
0.0
0.0
0.0909801544361451
0.11288614862043393
0.15965207039895057
0.20344825424891344
0.23518233383446094
0.2644575476094219
0.32766080997415503
0.3454362057948544
0.36352842285157605
0.38528850255979036
0.412277342167607
0.4752940897109466
0.1175372839168848
0.05660282700516732
0.0
0.0
0.0
0.0
0.0
0.0
0.0
0.0
0.0
0.0
0.0
0.0
0.0
0.0
0.07336329201418858
0.0
0.0
0.12826896671751933
0.18282067634720794
0.23419017754384383
0.26024483118173153
0.28753072088859266
0.2580576641011091
0.11963367729720845
0.024736966796017563
0.0
0.0
0.0
0.0
0.0
0.0
0.0
0.0
0.0
0.12287900571260528
0.12046666893701809
0.16135013756652272
0.20815746145567382
0.2332641833817726
0.2529379408988196
0.26823807804357436
0.2887255527920315
0.2985956995293679
0.30789166213041247
0.3119405795961934
0.37336523422684487
0.3933717166882
0.3108839280963772
0.23630481893745342
0.1976773527489979
0.0
0.0
0.0
0.0
0.0
0.0
0.0
0.0
0.10317157120348051
0.09751729343304052
0.14498868989602387
0.18992400721127647
0.21872289793120456
0.245285260566245
0.2623559933114756
0.2851459940707382
0.30174781017962327
0.3143355016445593
0.32708666293151584
0.3986689822997489
0.4238479363562458
0.3263630655237458
0.2655440516160743
0.24464657307356508
0.0
0.0
0.0
0.0
0.0
0.0
0.0
0.0
0.14941601915087951
0.16648103569732514
0.19366408308308994
0.2432683539455511
0.27549448819160177
0.2986022387604697
0.31168012009072443
0.32746126910267204
0.34052235745805565
0.32665227525206036
0.3213058968868132
0.38313446676297835
0.3944109848281642
0.3108691753030708
0.2603026924669
0.23490782926900444
0.0
0.0
0.0
0.0
0.0
0.0
0.0
0.0
0.15745805987857417
0.15232524566139097
0.1762649070230693
0.21688044328693434
0.24680454230968915
0.2665347167666974
0.2733836174260116
0.28541940768077734
0.2947151305065213
0.27048963852915514
0.27727417073414024
0.330159168604199
0.29695353496507154
0.20491477618161202
0.15671213228034045
0.12790536268502195
0.0
0.0
0.0
0.0
0.0
0.0
0.0
0.0
0.039970762244131305
0.0454364270701032
0.11520444275092594
0.15258207118084238
0.1936508089961066
0.21470546592295353
0.22133281549417416
0.24304201655591376
0.2397486429099916
0.24523616502465542
0.25887872709888343
0.31917210680288866
0.3359573477143986
0.24409073884943983
0.19209038723766533
0.17025798774809012
0.0
0.0
0.0
0.0
0.0
0.0
0.0
0.0
0.08361758554399187
0.11861818168543609
0.16210747326703404
0.21215352712523441
0.24231014145461321
0.25065375834309744
0.31247735352721173
0.34165309279249967
0.36162008847564414
0.3850329993123558
0.3984431607666894
0.415040461801175
0.04994404146864765
0.017786762539735327
0.0
0.0
0.0
0.0
0.0
0.0
0.0
0.0
0.0
0.0
0.0
0.0
0.0
0.0
0.0
0.0
0.0
0.0
0.0
0.0
0.04372633757092112
0.07379962600933088
0.08649487849851757
0.00828661852603229
0.0
0.0
0.0
0.0
0.0
0.0
0.0
0.0
0.0
0.0
0.0
0.0
0.0
0.0
0.0
0.0
0.0
0.0
0.0
0.0
0.0
0.03134351552616067
0.0
0.0
0.0
0.0
0.0
0.0
0.0
0.0
0.0
0.0
0.0
0.0
0.01164256917189703
8.374272114086286e-05
0.03314505727362793
0.08719942703632118
0.14160111173894405
0.18750355667632548
0.21099373668887117
0.23160324192468695
0.25161118496360246
0.26312015495574026
0.25160895720248694
0.258854448116645
0.2587646404837799
0.19074203445318302
0.14968846484765885
0.10414600496831673
0.0
0.0
0.0
0.0
0.0
0.0
0.0
0.0
0.012216095836762706
0.001983895562801653
0.07222918244459696
0.12343101608784517
0.16104429746827909
0.18989459442715076
0.2080004988767865
0.23399061420777195
0.24966994130351264
0.265564073161548
0.2692192654694139
0.2915973653031492
0.26915099818178195
0.19146469790589063
0.15175027227869517
0.1203275631617659
0.0
0.0
0.0
0.0
0.0
0.0
0.0
0.0
0.016884081592938558
0.007931314750250702
0.08121354502179313
0.12699572869706827
0.15999232979230915
0.18614669293754302
0.19792030429613258
0.2188484411304238
0.23580558477738078
0.24874413102432252
0.2589321749888209
0.3159178507908693
0.31844642306683085
0.2173691061104421
0.18867115383392227
0.15326800471027807
0.0
0.0
0.0
0.0
0.0
0.0
0.0
0.0
0.027647994949197275
0.007005279489522916
0.0869352735564525
0.13491620848245262
0.1728513642048369
0.19691807463987368
0.20090980025708444
0.23027465381709775
0.23231996859153906
0.20843348028382414
0.2107195360049943
0.25489833485843777
0.25711067965064466
0.16095829942685863
0.1098690639134946
0.08124788530349662
0.0
0.0
0.0
0.0
0.0
0.0
0.0
0.0
0.011534156198640427
0.00255324054414099
0.03174639434185274
0.10636187548473403
0.16977840742405048
0.21261964796519472
0.28139178341197624
0.3082257188607578
0.3154622070304471
0.2820715875210366
0.21179281643322526
0.22527617328678412
0.0
0.0
0.0
0.0
0.0
0.0
0.0
0.0
0.0
0.0
0.0
0.0
0.0
0.0
0.0
0.0
0.0
0.0
0.0
0.0
0.0
0.0
0.0
0.0
0.0
0.0
0.0
0.0
0.0
0.0
0.0
0.0
0.0
0.0
0.0
0.0
0.012514095440255692
0.0
0.004526637795023987
0.013977746717417808
0.048832970520601045
0.07352162311586799
0.08809950451418422
0.12029657501891045
0.1481051011705349
0.17552173506900348
0.18607594310362294
0.20753756041920277
0.19069637765228742
0.09801722422319321
0.06186350082428803
0.03297605075982399
0.0
0.0
0.0
0.0
0.0
0.0
0.0
0.0
0.011000112929007775
0.0011596781005939513
0.0074009759512663155
0.02945881834711112
0.05896446515054065
0.08359132286761282
0.09200868598227903
0.11622207393375458
0.1351367111165472
0.15207590323686682
0.16663083058999045
0.1889476403885037
0.17184938220683021
0.0865941262931237
0.05110771268084964
0.0244022627729875
0.0
0.0
0.0
0.0
0.0
0.0
0.0
0.0
0.0115081521619773
0.0009342010114422068
0.03219309038824683
0.08281278636488994
0.1269288530348209
0.15827338778198485
0.17592943967950958
0.20479476425655607
0.218862359669619
0.22697786676624193
0.2281591391774125
0.2533236638798969
0.22819531415027702
0.12931190440851223
0.10045921546337752
0.06985868990245432
0.0
0.0
0.0
0.0
0.0
0.0
0.0
0.0
0.011634083335220908
0.0
0.014803116878220317
0.0451590042885064
0.07651338157575033
0.10460504493298088
0.11631493435577547
0.1416078593873603
0.1474960228569859
0.14696405602187126
0.1458913098230535
0.1390252342112896
0.11346970464571346
0.052793104407928206
0.020862914159528817
0.0059469909734823105
0.0
0.0
0.0
0.0
0.0
0.0
0.0
0.0
0.011489363007614058
0.0
0.015011834660403732
0.04614193923717366
0.06811120581921364
0.08632683635040403
0.08931473877786464
0.11043743547779962
0.10976920400450939
0.10570436008705922
0.08774622506738103
0.054748238919762444
0.018296926112624914
0.004353879246649141
0.0
0.0
0.0
0.0
0.0
0.0
0.0
0.0
0.0
0.0
0.002946518037637925
0.00105255875422501
0.0017996848117935705
0.011720296966219101
0.012225453510575536
0.01105564070547356
0.024912894939072193
0.04123110139254575
0.05050062220683921
0.07779619231784556
0.09896546755180516
0.10461004300388793
0.0
0.0
0.0
0.0
0.0
0.0
0.0
0.0
0.0
0.0
0.0
0.0
0.0
0.0
0.0
0.0
0.0
0.0
0.0
0.0
0.0
0.0
0.0
0.0
0.0
0.0
0.0
0.0
0.0
0.0
0.0
0.0
0.0
0.0
0.0
0.0
0.00891895586784539
0.00036978423910578076
0.020415289259788114
0.0742690130413112
0.11922709126899637
0.15549540567907527
0.17134340119025362
0.19369758649413535
0.21132473193387086
0.22382678779592854
0.20986623335400653
0.2237897656313831
0.1979543877741793
0.1286963445265484
0.11136312220039243
0.07842470806143259
0.0
0.0
0.0
0.0
0.0
0.0
0.0
0.0
0.010138677793509826
0.0
0.006356947664010524
0.00775561661368199
0.01421648011418837
0.02051439390167968
0.016934410631744903
0.019262020116554687
0.015857283194040464
0.017059092822253097
0.0174963231557923
0.0015412286233040375
0.0
0.0
0.0
0.0
0.0
0.0
0.0
0.0
0.0
0.0
0.0
0.0
0.000801874903712704
0.0
0.0006837408618457576
0.0011048858340132561
0.0029429080495208784
0.013719540499610125
0.026995487499434746
0.054082777487287785
0.07959581351557098
0.09802323679971894
0.11222498569863996
0.11281953675494283
0.06814698898184976
0.024707291945592413
0.007425452715460245
0.0009513444562969115
0.0
0.0
0.0
0.0
0.0
0.0
0.0
0.0
0.0017986939136751324
0.00022633298981838352
0.0036076965737976874
0.018102212179846297
0.04222550466261131
0.06445163954582006
0.07336079119032608
0.10000600831307926
0.1056271714694579
0.1119312479047781
0.11171800030245803
0.09655490396400292
0.05577688506751887
0.016478590900571757
0.001023605400846063
0.0
0.0
0.0
0.0
0.0
0.0
0.0
0.0
0.0
0.005452653678322728
0.00038814057110903065
0.008105178984369783
0.03675325803943169
0.08072166074264207
0.11333857243637582
0.12599599779640844
0.15393957079360396
0.16809539507154636
0.17486204982296139
0.17256318067991794
0.18498280275315485
0.14353831629629504
0.07282800257130773
0.03566741934739817
0.009029356256538928
0.0
0.0
0.0
0.0
0.0
0.0
0.0
0.0
0.0024516670446821202
0.0002848844127837949
0.00040907457777872075
0.005734259546293273
0.006531050232375104
0.009731962147648444
0.024941205233348883
0.03671968465301271
0.04557060277034458
0.06423001306208755
0.07291653380268082
0.08376585495694726
0.0
0.0
0.0
0.0
0.0
0.0
0.0
0.0
0.0
0.0
0.0
0.0
0.0
0.0
0.0
0.0
0.0
0.0
0.0
0.0
0.0
0.0
0.0
0.0
0.0
0.0
0.0
0.0
0.0
0.0
0.0
0.0
0.0
0.0
0.0
0.0
0.003631797734597559
0.0005294036929004196
0.011428279405977147
0.06126965682681277
0.11619206384660538
0.1459713746924223
0.16660087659499018
0.18728221325736466
0.19556337694639175
0.197074352940372
0.2082793025453499
0.24940367165653105
0.2236484864990653
0.12025767473575501
0.10091446417349509
0.09182766451394246
0.0
0.0
0.0
0.0
0.0
0.0
0.0
0.0
0.011477280794279905
0.000878069370854934
0.004297742006393997
0.004750941338675195
0.011408245194524892
0.018876952507331228
0.01630691539555378
0.0318144138319492
0.03355646984272095
0.03262898802050596
0.025323771246175898
0.0005888078028846441
0.0
0.0
0.0
0.0
0.0
0.0
0.0
0.0
0.0
0.0
0.0
0.0
0.0008913312310434112
0.0
0.0005146899067535785
0.00019403320213002653
0.000497660603467494
0.009041700692458937
0.02154327776603456
0.050311115857423
0.07698250867238936
0.09418229581635236
0.10629637075921264
0.1034199411038647
0.050684467551048516
0.006300361271628281
0.0
0.0
0.0
0.0
0.0
0.0
0.0
0.0
0.0
0.0
0.0015026279237457959
8.091217097385492e-05
0.003541488942717638
0.025421285643833013
0.0672085023803433
0.10400263735549557
0.12526161127683158
0.15560148703026164
0.17289061940630243
0.1863927923245739
0.18457559290649075
0.1825017519463167
0.13806715971460565
0.08198739376959872
0.05554358944136419
0.0370363558086831
0.0
0.0
0.0
0.0
0.0
0.0
0.0
0.0
0.00849686124142456
0.0004111842095839246
0.011365254328250836
0.04040843010186135
0.08681298428169099
0.11965004108427492
0.13467297084043156
0.1584796872073461
0.16868315664865646
0.1836102514355055
0.1760510871249095
0.17289723869433862
0.12757107724833083
0.077759375911859
0.04201311544490404
0.013262678770778864
0.0
0.0
0.0
0.0
0.0
0.0
0.0
0.0
0.01057859989869299
0.0006672398543379462
0.008436776174449505
0.02619639262569789
0.06798152473986512
0.12539096668904423
0.1705376384817365
0.1779873463982388
0.20689646513445736
0.23462685351958798
0.2406540433051306
0.2549024860593605
0.0
0.0
0.0
0.0
0.0
0.0
0.0
0.0
0.0
0.0
0.0
0.0
0.0
0.0
0.0
0.0
0.0
0.0
0.0
0.0
0.0
0.0
0.0
0.0
0.0
0.0
0.0
0.0
0.0
0.0
0.0
0.0
0.0
0.0
0.0
0.0
0.011530709575742062
0.0
0.014536365480572175
0.051312757884830286
0.07620031354630762
0.08750145933258764
0.06302153329087044
0.05969429314677825
0.053669906834274674
0.04801226588322959
0.048158288677094305
0.01615111081097968
0.0
0.0
0.0
0.0
0.0
0.0
0.0
0.0
0.0
0.0
0.0
0.0
0.0011693932466468116
0.0
0.0006280775818666097
0.00022539363006823787
0.002649108256735035
0.015513043207757801
0.02626719032106434
0.04918321269064779
0.06704507462308666
0.08202191247520324
0.08290244365394957
0.05378475532217184
0.016665504278396925
0.0012813709675226104
0.0
0.0
0.0
0.0
0.0
0.0
0.0
0.0
0.0
0.0
0.008421344265322388
0.0005652533244661263
0.007900014613799751
0.03988265897282823
0.082314860864386
0.11169346818696115
0.11339548553729654
0.12649071352387817
0.13292965088074343
0.14954925466516614
0.1645159474728682
0.179494816159662
0.12004454689362666
0.03518128475021329
0.002236881630450003
0.0
0.0
0.0
0.0
0.0
0.0
0.0
0.0
0.0
0.004703027108441461
0.0005327164493368099
0.01386983884283773
0.058812414100248955
0.11111761641842567
0.14902223165940792
0.16807800539992693
0.19573505679468386
0.20846372271411895
0.22218460562771702
0.22578502057448316
0.24912862416019577
0.16792670930240458
0.08056988211970147
0.05185023476227733
0.027460433351946333
0.0
0.0
0.0
0.0
0.0
0.0
0.0
0.0
0.008022263017765556
0.0
0.0031450526029408086
0.002466987246127173
0.01921160158915664
0.039938250471183497
0.05471037161796362
0.09178367729505665
0.11687201181466889
0.13578467400413613
0.13497066950880807
0.10036529643309636
0.023302932575918346
0.000422276460853225
0.0
0.0
0.0
0.0
0.0
0.0
0.0
0.0
0.0
0.0
0.0018609643919693009
0.0
0.0
0.0
0.0
0.0
0.0
0.0
0.0
0.0
0.0
0.0
0.0
0.0
0.0
0.0
0.0
0.0
0.0001710462254116344
0.0
0.0
0.0
0.0
0.0
0.0
0.0
0.0
0.0
0.0
0.0005318801403895861
0.0
0.0
0.0
0.0009130946552737837
0.0
0.0
0.0
0.0
0.0
0.0
0.0
0.0
0.0
0.0
0.0
0.0
0.0
0.0
0.0
0.0
0.0005625153878352038
0.00042912968100912007
0.0
0.0005373280441226025
0.001081920717700784
0.0
0.0
0.0
0.0
0.0
0.0
0.0
0.0
0.0
0.0009319330967430256
0.0
0.0002840729065265956
0.000269924937855983
0.0010820968175165877
0.0012441192896603724
0.0006831992172097068
0.0006295064471086067
0.0
0.0
0.00015299470696322602
0.00028909323442186205
0.0020752726176170933
0.020419881080775273
0.032663297064149804
0.059524562699264885
0.0843746594564863
0.10635804803264755
0.11844508551544958
0.103984027092871
0.02841411281745513
0.003535708056188646
0.0
0.0
0.0
0.0
0.0
0.0
0.0
0.0
0.0
0.0
0.0013987050566335404
0.0
0.0007725113138354953
0.0
0.0
0.0
0.0
0.0012127903974137855
0.0
0.0009509226561933615
0.0026477352412669014
0.00015887691114202426
0.0
0.0
0.0
0.0
0.0
0.0
0.0
0.0
0.0
0.0
0.0
0.0
0.0
0.0
0.00013580148979072066
0.00019744150656056362
0.00019037776008713864
0.006890763619726334
0.018373363439701543
0.04442970720422305
0.05892186385473566
0.060361014332417876
0.05651496510117857
0.0255605520238462
0.0006166385802745248
0.0
0.0
0.0
0.0
0.0
0.0
0.0
0.0
0.0
0.0
0.0
0.00044001444624357087
0.0
0.0007499784348265686
0.0007463348557544575
0.012715538899364397
0.05161941138124594
0.06461034109110932
0.09389528378683742
0.10615455666895846
0.10209735349699153
0.1094294834553077
0.09777425599129459
0.03679148411125557
0.007576018017596721
0.0
0.0
0.0
0.0
0.0
0.0
0.0
0.0
0.0
0.0
0.00016212246808721206
0.0
6.649853474193454e-05
0.0003336276199761144
0.00037448384322296676
0.0004520106180097942
0.0005978858400469356
0.008418412929953632
0.018938712572464513
0.010348326540420403
0.0015400130431738645
0.0
0.0
0.0
0.0
0.0
0.0
0.0
0.0
0.0
0.0
0.0
0.0
0.0
0.0
0.0
0.0
0.0
0.0
0.0
0.0
0.0
0.0
0.0
0.0
0.0
0.0
0.0
0.0
0.0
0.0
0.0
0.0
0.0
0.0
0.0
0.0
0.0
0.0
0.0
0.0011108890628433855
0.011421555369432497
0.0444664415550772
0.0835916307192202
0.11085090723372776
0.15105663413313963
0.15979659822985973
0.1656403605228463
0.16060540292151954
0.15783249856797144
0.09113498030028962
0.041103264740228684
0.023569311094676026
0.002418479155744145
0.0
0.0
0.0
0.0
0.0
0.0
0.0
0.0
0.0015460357585046036
0.0
0.0016313088578958194
0.0004973951078992569
0.00016746537657772158
0.009224236852585048
0.017733087151225287
0.031607523466887104
0.03787126722702775
0.048117568115433274
0.04494517514827932
0.007363596713757748
0.0003427004858255608
0.0
0.0
0.0
0.0
0.0
0.0
0.0
0.0
0.0
0.0
0.0
0.0
0.0
0.00013913706035970753
0.0005361516638378236
0.002008828209992829
0.015874377563460777
0.015365536442687393
0.03131537449310378
0.03595173814140573
0.036797044170345135
0.03760841455974486
0.0037604950940616534
0.0002539281265253048
0.0
0.0
0.0
0.0
0.0
0.0
0.0
0.0
0.0
0.0
0.0
0.00032474732324439074
0.0
0.0011084632560443663
0.006518454005234098
0.03752581271892211
0.07025284803666972
0.0860672805038157
0.10004857286876506
0.09067220916604037
0.08068334210780619
0.07400488168703503
0.025831301422848597
0.0
0.00015153343100005975
0.0
0.0
0.0
0.0
0.0
0.0
0.0
0.0
0.0
0.0
0.0
0.0
0.0
0.0
0.0
0.0
0.0
0.00011715300967226977
0.0
0.000117669014554663
0.0001509384102127475
0.0003230765931957898
0.0
0.0
0.0
0.0
0.0
0.0
0.0
0.0
0.0
0.0003291599925773039
0.0
0.0
0.0
0.0
0.0
0.0
0.0
0.00013885153827150826
0.0
0.0
0.0
0.0006344499228998624
0.00031934987955578017
0.00013633288508730306
0.0
0.0
0.0
0.0
0.0
0.0
0.0
0.0
0.0
0.0
0.0
0.0
0.0
0.0
0.0
0.0
0.0
0.0
0.0
0.0
0.0
0.0
0.0
0.0
0.0
0.0
0.0
0.0
0.0
0.0
0.0
0.0
0.0
0.0
0.0
0.0
0.0
0.0
0.00029325366033857754
0.0002640216440673852
0.0011276837969842524
0.011188614710920464
0.01997893577617309
0.023979870251249848
0.03823345948855638
0.04063916569807594
0.040478853784248994
0.0061298177560554
0.00020434860023131374
0.0
0.0
0.0
0.0
0.0
0.0
0.0
0.0
0.0
0.0
0.0
9.212908312800845e-05
0.0
0.0005371884018738
0.0003327562021998822
0.0019062257204443644
0.013026797427031214
0.021719477726934642
0.03483142556434297
0.046355554527658174
0.06417504364002354
0.06587276181586857
0.025492143959761113
0.00011237200548271509
0.0
0.0
0.0
0.0
0.0
0.0
0.0
0.0
0.0
0.0
0.0
0.0004529857701396612
0.0
0.0012937558566774282
0.005063380998327861
0.03129101012576306
0.06174602697608033
0.08405880488377748
0.11924782838023304
0.13830609559156226
0.15047654957182116
0.1537034345022684
0.13575279669864654
0.037735400634269736
0.007091094293088221
0.000526635282770493
0.0
0.0
0.0
0.0
0.0
0.0
0.0
0.0
0.0
0.0023396951212186342
0.0001714606380592362
0.002856378835169505
0.018518592627479912
0.06281335493186019
0.10697169283120074
0.12614924499579513
0.14008299250832312
0.14208046008260847
0.14581844256383053
0.14064021066009544
0.1205415674103026
0.04101269001929424
0.01627657105205804
0.0058568743724622
0.000493469784776684
0.0
0.0
0.0
0.0
0.0
0.0
0.0
0.0
0.0013787156846919424
0.0
0.0018237970583929563
0.00764917533481972
0.026217707824006297
0.043498234266278336
0.05931849775154632
0.09170481521110975
0.10823477960836789
0.11748630665424385
0.1163565010872133
0.08473766463531444
0.019998617617452353
0.0017376343815940073
0.0
0.0
0.0
0.0
0.0
0.0
0.0
0.0
0.0
0.0
0.0013813348817286002
0.0
0.0008249928723904118
0.0006670160477364193
0.019234325132556646
0.05523259145867359
0.09679538480145923
0.11418585429223133
0.13043086527172848
0.14802281549335522
0.14232391498155395
0.11647044625312472
0.0
0.0
0.0
0.0
0.0
0.0
0.0
0.0
0.0
0.0
0.0
0.0
0.0
0.0
0.0
0.0
0.0
0.0
0.0
0.0
0.0
0.0
0.0
0.0
0.0
0.0
0.0
0.0
0.0
0.0
0.0
0.0
0.0
0.0
0.0
0.0
0.0006589029156468373
0.0
0.0023070074235310126
0.011957600995760098
0.044791271801323154
0.0791516437556992
0.10148166810273393
0.12925332529897257
0.14263239556451224
0.15755823502977417
0.15656123617755074
0.12464077070923126
0.04434962296400272
0.011439051326783
0.001385830482234521
0.0
0.0
0.0
0.0
0.0
0.0
0.0
0.0
0.0
0.001987478864533416
0.00011048674034908336
0.002629324042655593
0.01223125585949118
0.04887358475370967
0.07608350151639909
0.09234193376371821
0.11732307804735616
0.11657189834182138
0.11632060365166799
0.11401029852040283
0.09233663056397028
0.02737225373562644
0.0029499126682662998
0.0
0.0
0.0
0.0
0.0
0.0
0.0
0.0
0.0
0.0
0.001020242022538855
0.0
0.0009350009925269516
0.00036291780404021335
0.003816633247886985
0.015816062835605174
0.02340913488650307
0.03587252978296994
0.04534886488784638
0.05032644997784624
0.044618603267400136
0.011534343094093208
0.0002453854511982112
0.0
0.0
0.0
0.0
0.0
0.0
0.0
0.0
0.0
0.0
0.0
0.0
0.0
0.0004617396727179081
0.00038008945067115465
0.0003183311609219858
0.004786246063341963
0.009381436073090325
0.01730218429852758
0.017308820227179344
0.014609057231475724
0.009504610902920234
0.00024146821270154046
0.00030804120335409984
0.0
0.0
0.0
0.0
0.0
0.0
0.0
0.0
0.00011454124137575119
0.00020464607360768164
0.0
0.0
0.0
0.0
0.00010552516426837188
0.00020214207707356524
0.008728850281329201
0.016789342492835115
0.028301954938190228
0.03517929232741954
0.03786931945834698
0.03936454885268206
0.008442001513125859
0.0
0.0
0.0
0.0
0.0
0.0
0.0
0.0
0.0
0.0
0.0
0.0
0.0
0.0
0.0
0.000289266631542263
0.00043614980155685354
0.00046685454870355075
0.010993939542949707
0.04363805483725197
0.058012113430011544
0.047956224351397854
0.026202581135688754
0.0006562512631985092
0.0
0.0
0.0
0.0
0.0
0.0
0.0
0.0
0.0
0.0
0.0
0.0
0.0
0.0
0.0
0.0
0.0
0.0
0.0009944288407414703
0.0
0.0010967039000285938
0.0
0.0
0.0
0.0
0.0
0.0
0.0
0.0
0.0
0.0
0.0
0.0
0.0
0.0
0.0
0.0
0.0
0.0
0.0
1.919317487888856e-05
0.00012554309660819872
0.00023973010763055688
0.0
0.003460230606643945
0.0026845013915584495
6.521896001220916e-05
0.0
0.0002517704618073189
0.0
0.0
0.0
0.0
0.0
0.0
0.0
0.0
0.0
0.0
0.0
0.0
0.0
0.0
0.0
0.00014886957166733005
0.000675999984562144
0.010867573594053066
0.01720240600316001
0.026643286709287124
0.022506843988430184
0.01727517729145504
0.008570488597304684
0.00040231597092291166
6.0412212400804813e-05
0.0
0.0
0.0
0.0
0.0
0.0
0.0
0.0
0.0
0.0
0.0010712207790520116
0.0
0.0
9.115834349260213e-05
0.00023431821328220203
0.00039991360225621176
0.0002992272543203745
0.00024376599259907683
0.009534755184550221
0.008483562445466783
0.009233094480607792
0.0029586763788626265
0.0004111505396247276
0.0
0.0
0.0
0.0
0.0
0.0
0.0
0.0
0.0
0.0
8.016929993405566e-05
0.0
0.0
0.0
2.8681290335394237e-05
0.00014696699642864102
9.383820104324065e-05
0.0
0.0
0.001546235397823787
0.0
0.0
0.0
0.0002941911992225603
0.0
0.0
0.0
0.0
0.0
0.0
0.0
0.0
0.0
0.0
0.0
0.0
0.0
0.0
0.0004071418260822154
0.0011412278045979975
0.019105999140383245
0.037094965453434554
0.04884396859378846
0.07820417089332861
0.08051986536370458
0.06464559157756959
0.040585234063717675
0.004045659010671611
0.0
0.0
0.0
0.0
0.0
0.0
0.0
0.0
0.0
0.0
0.0
0.0
0.0
0.0
0.0
0.0
0.0
0.0
0.0
0.0
0.0
0.0
0.0
0.0
0.0
0.0
0.0
0.0
0.0
0.0
0.0
0.0
0.0
0.0
0.0
0.0
0.0
0.0
0.0
0.0
0.0
0.0
0.0
0.0
0.0
0.0
0.0
0.0
0.0
0.0
0.0
0.0
0.0
0.0
0.0
0.0
0.0
0.0
0.0
0.0
0.0
0.0
0.0018402017698141656
0.0006523971155884617
0.0012759546532545246
0.011121254050931836
0.011974887298516519
0.03173290787882045
0.03940570934936061
0.03624019541071907
0.020892104898504908
0.0002355047764453058
6.465333141418014e-05
0.0
0.0
0.0
0.0
0.0
0.0
0.0
0.0
0.0
0.0
0.0002629239305551381
0.0
0.0
0.00010060130755704999
0.00017735402463725446
0.005751415049581475
0.01612760507512707
0.021120270131204134
0.029316984051642382
0.026768456394894977
0.02485028482313175
0.011721320589959333
0.0003686139558812854
6.003577512766974e-05
0.0
0.0
0.0
0.0
0.0
0.0
0.0
0.0
0.0
7.537759788754586e-05
0.0
0.0
0.0
0.0
6.707123133390224e-05
0.0001639102428985896
0.0
0.0
0.0014754402183660747
0.0
0.0
0.0
0.00027704050004949497
0.0
0.0
0.0
0.0
0.0
0.0
0.0
0.0
0.0
0.0
0.0
0.0
0.0
0.0
0.0
0.0
0.0
0.0
0.0
0.0010068927494805572
0.0
0.0
0.0
0.00014937164638015532
0.0
0.0
0.0
0.0
0.0
0.0
0.0
0.0
0.0
0.0
0.0
0.0
0.0
0.0
0.0
0.0
0.0
0.0
0.0
0.00020658970581350372
0.0
0.0
0.0
0.0
0.0
0.0
0.0
0.0
0.0
0.0
0.0
0.0
0.0
0.0
0.0
0.0
0.0
0.0
0.0
0.0
0.0
0.0
0.0
0.0
0.0
0.0
0.0
0.0
0.0
0.0
0.0
0.0
0.0
0.0
0.0
0.0
0.0
0.0
0.0
0.0
0.0
0.0
0.0
0.0
0.0
0.0
0.0
0.0016130171470094639
0.0015871473498863102
0.0
0.0
0.0
0.0
0.0
0.0
0.0
0.0
0.0
0.0
0.0
0.0
0.0
0.0
0.0
0.0
0.0
5.9398482041934414e-05
0.00025864226994519603
0.002355039096976638
0.014521705594752434
0.019258092377265806
0.02678901643777765
0.02221589519176884
0.015676148025817016
0.004938124814511537
0.00043402623204278555
0.0
0.0
0.0
0.0
0.0
0.0
0.0
0.0
0.0
8.98244077205468e-05
0.0
0.0
0.0
0.0
0.00011125513941367599
0.0002735841777254213
0.00252404014960165
0.01126324603746999
0.014211204431989413
0.019728565361205624
0.015395144380472922
0.008022469843072904
0.0005588923249068225
0.00031198156292881475
0.0
0.0
0.0
0.0
0.0
0.0
0.0
0.0
0.0
0.0
0.00019501348149030247
0.0
0.0
0.0
0.0
0.0
0.0
0.0
0.0
0.00034513109944442317
0.0
0.0
0.0
0.00013879903348572303
0.0
0.0
0.0
0.0
0.0
0.0
0.0
0.0
0.0
0.0
0.0
0.0
0.0
0.0
0.0
0.0
0.0
0.0
0.0
0.0
0.0
0.0
0.0
0.0
0.0
0.0
0.0
0.0
0.0
0.0
0.0
0.0
0.0
0.0
0.0
0.0
0.0
0.0
0.0
0.0
0.00011814153132673316
0.00020361537879685522
0.00011865332806446439
0.008544783649552039
0.007945525860481584
0.0014968698058177748
0.0
0.0002966131369466999
0.0
0.0
0.0
0.0
0.0
0.0
0.0
0.0
0.0
0.0
0.0
0.0
0.0
0.0
0.0
0.0
0.00020899841042821285
0.0
0.0002976717185318045
0.0007646903088609117
0.0
0.0
0.0
0.0
0.0
0.0
0.0
0.0
0.0
0.0
0.0
0.0
0.0
0.0
0.0
0.0
0.0
0.0
0.0
0.0
0.0
0.001213985074397964
0.0014794888405940145
0.0
0.0
0.000654347916949178
0.0
0.0003956524013261623
0.0
0.0
0.0
0.0
0.0
0.0
0.0
0.0
0.0
0.0
0.0
0.0
0.0
0.0
0.0
8.110512598637551e-05
0.00019764499050090248
0.00021446962132739506
0.00013172667111844947
0.00015830893890617299
0.0
0.0
0.0
0.00025989337078480664
0.0
0.0
0.0
0.0
0.0
0.0
0.0
0.0
0.0
0.0
0.0
0.0
0.0
0.0
0.0
3.509297995003988e-05
0.00020021514636071072
0.0
0.0
0.0010594189535814739
0.0
0.0
0.0
8.774022053916372e-05
0.0
0.0
0.0
0.0
0.0
0.0
0.0
0.0
0.0
0.0
0.0
0.0
0.0
0.0
0.0
0.0
0.0001274242957912045
0.0002015906036274483
0.00021633257618192863
0.006312914195359117
0.0039025834167258776
0.0001861241995693212
1.9302932094538386e-05
0.00020594761716544725
0.0
0.0
0.0
0.0
0.0
0.0
0.0
0.0
0.0
0.0
0.0
0.0
0.0
0.0
0.0
0.0
0.00010466912582382091
0.00018250400114869428
0.0
0.00039744171691157465
7.051594631138904e-05
0.0
0.0
0.00016619104784332015
0.0
0.0
0.0
0.0
0.0
0.0
0.0
0.0
0.0
0.0
0.0
0.0
0.0
0.0
0.0
0.0
0.0
0.0
0.0
0.0
0.0
0.0
0.0
0.0
0.0
0.0
0.0
0.0
0.0
0.0
0.0
0.0
0.0
0.0
0.0
0.0
0.0
0.0
0.0
0.0
0.0
0.0
0.0
0.0
0.0
0.0
0.0
0.0
0.0
0.0
0.0
0.0
0.0
0.0
0.0
0.0
0.0
4.576905910516555e-05
0.0
0.0
0.0
0.0
0.0
0.00016783136312581657
0.0
0.0
0.0008604069424194095
0.0018327095677096285
0.0
0.0
0.00027993608996145213
0.0002786154309758899
0.0
0.0
0.0
0.0
0.0
0.0
0.0
0.0
0.0
0.0
0.0
0.0
0.0
0.0
4.197848621939117e-05
0.00024033863276085748
0.00029707645034154933
0.007007234507976552
0.009639653637995712
0.012225879021233208
0.011158261040744376
0.00788416304170905
0.00048133546215398343
0.000248719812687413
0.0
0.0
0.0
0.0
0.0
0.0
0.0
0.0
0.0001228821142774286
0.0
0.0
0.0
0.0
0.0
0.0
0.0002009072990344174
0.00020347430381684704
0.004727730591471336
0.003066404981322744
0.0009880140551034185
0.0
0.0
0.0
0.00023191848874350689
0.0
0.0
0.0
0.0
0.0
0.0
0.0
0.0
0.0
0.0
0.0
0.0
0.0
0.0
0.0
0.0
0.0
0.00020592659296835974
0.0
0.0011661521102267788
0.00036964634373396426
4.281288650310115e-05
0.0
0.000245300817801548
0.0
0.0
0.0
0.0
0.0
0.0
0.0
0.0
0.0
0.0
0.0
0.0
0.0
0.0
0.0
0.00013430121149461859
0.00025581987465890554
0.0007754950457319099
0.004895595644059577
0.00965234213699888
0.00799412055155955
0.0030831264649700246
0.0
0.00021856595633816455
0.0
0.0
0.0
0.0
0.0
0.0
0.0
0.0
0.00035998735811794603
0.0
0.0
0.0
0.0
0.0
0.0
0.0
0.0
5.5362993403226923e-05
0.0001490660132988902
5.214113512290474e-05
0.0
0.0
0.0
0.0
0.0
0.0
0.0
0.0
0.0
0.0
0.0
0.0
0.0
0.0
0.0
0.0
0.0
0.0
0.0
0.0
0.0
0.0
0.0
0.0
0.0
0.0
0.0
0.0
0.0
0.0
0.0
0.0
0.0
0.0
0.0
0.0
0.0
0.0
0.0
0.0
0.0
0.0
0.0
0.0
0.0
0.0
0.0
0.0
0.0
0.0
0.0
0.0
0.0
0.0
0.0
0.0
0.0
0.0
0.0
0.0
0.0
0.0
0.0
0.0
0.0
0.0
0.0
0.0
0.0
0.0
0.0
0.0
0.0
0.0
0.0
0.0
0.0
0.0
0.0
0.0
0.0
0.0
0.0
0.0
0.0
0.0
0.0
0.0
0.0
0.0
0.0
0.0
0.0
0.0
0.0
0.0001960131540567171
0.0
0.0
0.0
0.0
0.0
0.0
0.0
0.0
0.0
0.0
0.0
0.0
0.0
0.0
0.0
0.0
0.0
0.0
0.0
0.0
0.0
8.604791473464526e-05
0.0
0.00021289559580234247
0.0
0.0
0.0
0.0
0.0
0.0
0.0
0.0
0.0
0.0
0.0
0.0
0.0
0.0
0.0
0.0
0.0
0.0
0.0
0.0
0.00013939160101682376
0.0001839517076863881
0.0
0.0006405511545242843
0.00023656819148838192
0.0
2.5229702201862282e-05
8.3307902794532e-05
0.0
0.0
0.0
0.0
0.0
0.0
0.0
0.0
0.0
0.0
0.0
0.0
0.0
0.0
0.0
3.826032334257828e-05
0.00015851411718505892
0.0006783288190486533
0.0035980211416584687
0.007388174311267495
0.0026436431265802218
0.0
0.0
0.0001768425174059979
0.0
0.0
0.0
0.0
0.0
0.0
0.0
0.0
0.0
0.0
0.0
0.0
0.0
0.0
0.0
0.0
0.0001287326187482518
0.0002783652699071336
0.0
0.0
0.0
0.0
0.0
0.0
0.0
0.0
0.0
0.0
0.0
0.00015972977879067816
0.0
0.0
0.0
0.0
0.0
0.0
0.0
0.0
0.0
0.0
0.0
0.0
0.0
0.0
0.0
0.0
0.0
0.0
0.0
0.0
0.0
0.0
0.0
0.0
0.0
0.0
0.0
0.0
0.0
0.0
0.0
0.0
0.0
0.0
0.0
0.0
0.0
0.0
0.0
0.0
0.0
0.0
0.0
0.0
0.0
0.0
0.0
0.0
0.0
0.00029370654044438285
0.0
0.0
0.0
0.0
0.0
0.0
0.0
0.0
7.16328205617391e-05
0.0001677645503457458
0.0
9.493409024655594e-05
0.00017637800916050928
0.0
0.0
8.699628866759809e-05
0.0
0.0
0.0
0.0
0.0
0.0
0.0
0.0
0.0
0.0
0.0
0.0
0.0
0.0
0.0
0.00010985786791128875
0.00016705653118854596
0.003891824020542843
0.008820824086711535
0.013818711687749227
0.010368667265110022
0.0036867993949639146
0.0
0.00021488635843940992
0.0
0.0
0.0
0.0
0.0
0.0
0.0
0.0
0.0
0.0
0.0
0.0
0.0
0.0
7.714668430367485e-05
0.00020471318839008687
0.0004913073567832149
0.011793119439947956
0.018214933109617307
0.025962962863748395
0.02715548344200222
0.026460706627747715
0.01401963519148456
0.0003507090247478241
6.226381063196545e-05
0.0
0.0
0.0
0.0
0.0
0.0
0.0
0.0
0.0
0.0
0.0
0.0
0.0
0.00010150626524294814
0.0002854464677640977
0.0046143881021828
0.01543377269811167
0.020933763219222624
0.027032275340189475
0.02424792443803538
0.02157178085606949
0.009264637012472078
0.00046081890044478725
5.878153039427072e-05
0.0
0.0
0.0
0.0
0.0
0.0
0.0
0.0
0.0
0.0
0.0
0.0
0.0
0.0
0.0
0.0
0.0
0.0
0.0
0.0
0.0
0.0
0.0
0.0
0.0
0.0
0.0
0.0
0.0
0.0
0.0
0.0
0.0
0.0
0.0
0.0
0.0
0.0
0.0
0.0
0.0
0.0
0.0
0.0
0.0
0.0
0.0
0.0
0.0
0.0
0.0
0.0
0.0
0.0
0.0
0.0
0.0
0.0
0.0
0.0
0.0
0.0
0.0
0.0
0.0
0.0
0.003362907124062365
0.0
0.0
0.00036669325446892555
0.000255756372429238
0.0
0.0
0.0
0.0
0.0
0.0002906275933402233
0.0
0.0
0.0005871231014262839
0.0
0.0
0.0
0.0
0.0
0.0
0.00014995915439609944
0.0002657516579878227
5.4616033028761726e-05
0.00016296305453441186
0.004624487352946231
0.004635175040106442
0.0026563810515673665
6.579939273512364e-05
0.00017498480937095813
0.0
0.0
0.0
0.0
0.0
0.0
0.0
0.0
0.0
0.0
0.0
0.0
0.0
0.0
0.0
3.629204242112101e-05
0.00014658214064961828
0.00019518412085044184
0.0
0.0014644213282392978
0.0008279539080132708
0.0
2.3801434725954356e-05
0.0
0.0
0.0
0.0
0.0
0.0
0.0
0.0
0.0
0.0
0.0
0.0
0.0
0.0
0.0
0.0
0.00013428909590368452
0.0002213418177241605
0.008794463285039213
0.01337214482486166
0.014791234670214261
0.012442674143427918
0.00457943285508473
5.116612780648482e-05
0.00018458361572884033
0.0
0.0
0.0
0.0
0.0
0.0
0.0
0.0
0.0
0.0
0.0
0.0
0.0
0.0
0.0
0.00010882762206476541
0.00015886911227980965
0.0038448136627544935
0.008786221300480786
0.005865023177855939
0.013613066751547487
0.007569243689390615
0.0005248001926635105
0.000423440296068874
0.0
0.0
0.0
0.0
0.0
0.0
0.0
0.0
0.0
0.0
0.0
0.0
0.0
0.0
0.0
0.0
0.0004051524524392977
0.0005783350391941684
0.0
0.0
0.00012047799806336197
0.0
0.0
0.0
0.0
0.0
0.0
0.0
0.0
0.0
0.0
0.0
0.0
0.0
0.0
0.0
0.0
0.0
0.0
0.00012105661714855565
0.0
0.00014686426345255035
0.0
0.0
0.0013785759144420576
0.0
0.0003951966970343781
0.0
0.0
0.0
0.0
0.0
0.0
0.0
