0.0
0.0
0.0
0.0
0.0
0.0
0.0
0.0
0.0
0.0
0.0
0.0
0.0
0.0
0.0
0.0
0.0
0.0
0.0
0.0
0.0
0.0
0.0
0.0
0.0
0.0
0.0
0.0
0.0
0.0
0.0
0.0
0.0
0.0
0.0
0.0
0.0
0.0
0.0
0.0
0.0
0.0
0.0
0.0
0.0
0.0
0.0
0.0
0.0
0.0
0.0
0.0
0.0
0.0
0.0
0.0
0.0
0.0
0.0
0.0
0.0
0.0
0.0
0.0
0.0
0.0
0.0
0.0
0.0
0.0
0.0
0.0
0.0
0.0
0.0
0.0
0.0
0.0
0.0
0.0
0.0
0.0
0.0
0.0
0.0
0.0
0.0
0.0
0.0
0.0
0.0
0.0
0.0
0.0
0.0
0.0
0.0
0.0
0.0
0.0
0.0
0.0
0.0
0.0
0.0
3.678274474517764e-05
0.0007799696945179687
0.0031764173750387322
0.006705681755597189
0.011550841493181533
0.012111604401624272
0.015280888561079715
0.014542602297261256
0.03940908031733448
0.04401437506688338
0.04155956111352584
0.052663839500323106
0.05439847381130354
0.0
0.0
0.0
0.0
0.0
0.0
0.0
0.0
0.0
0.0
0.001555938485464764
0.0
0.0
0.02505364513933887
0.0490188121378468
0.05794237852189899
0.06362485106495012
0.07020463542082092
0.05644721480538365
0.03954516489349086
0.035013748468849755
0.03425678712894645
0.0
0.0
0.0
0.0
0.0
0.0
0.0
0.0
0.0
0.0
0.0
0.0
0.0
0.0
0.011250977056916172
0.0
0.0
0.0
0.0
0.0
0.0
0.0
0.0
0.0
0.0
0.0
0.0
0.0
0.0
0.0
0.0
0.0
0.0
0.0
0.0
0.0
0.0
0.0
0.0
0.0
0.0
0.0
0.0
0.0
0.0
0.0
0.0
0.0
0.0
0.0
0.0
0.0
0.0
0.0
0.0
0.0
0.0
0.0
0.0
0.0
0.0
0.0
0.0
0.0
0.0
0.0
0.0
0.0
0.0
0.0
0.0
0.0
0.0
0.0
0.0
0.0
0.0
0.0
0.0
0.0
0.0
0.0
0.0
0.0
0.0
0.0
0.0
0.0
0.0
0.0
0.0
0.0
0.0
0.0
0.0
0.0
0.0
0.0
0.0
0.0
0.0
0.0
0.0
0.0
0.0
0.0
0.0
0.0
0.0
0.0
0.0
0.0
0.0
0.0
0.0
0.0
0.0
0.0
0.0
0.0
0.0
0.0
0.0
0.0
0.0
0.0
0.0
0.0
0.0
0.0
0.0
0.0
0.0
0.0
0.0
0.0
0.0
0.02672853791617628
0.029265742957709076
0.02933497462986542
0.019401552483313027
0.0
0.0
0.0
0.0
0.0
0.0
0.0
0.0
0.0
0.0
0.0
0.0
0.0
0.0
0.0
0.0
0.0
0.0
0.0
0.0
0.0
0.0
0.0
0.0
0.0
0.0
0.0
0.0
0.0
0.0
0.0
0.0
0.0
0.0
0.0
0.0
0.0
0.0
0.0
0.0
0.0
0.011250448658577036
0.0
0.0
0.003350067253072082
0.048235935468034494
0.08068120945362749
0.061468838010704
0.0
0.0
0.0
0.0
0.0
0.0
0.0
0.0
0.0
0.0
0.0
0.0
0.0
0.0
0.0
0.0
0.0
0.0331891184902603
0.0
0.11218778881876558
0.13326786469166094
0.13136605150903008
0.0
0.0
0.0
0.0
0.0
0.0
0.0
0.0
0.0
0.0
0.0
0.0
0.0
0.0
0.0
0.0
0.0
0.0
0.0
0.02380163531713772
0.14786190421262316
0.15275870106668824
0.14940850007706227
0.17930020018466253
0.06726636516536427
0.0
0.0
0.0
0.0
0.0
0.0
0.0
0.0
0.0
0.0
0.0
0.0
0.0
0.0
0.0
0.0
0.0
0.0
0.01408417332258871
0.037213795710801356
0.04335741670786809
0.05007267997077545
0.0607636235494424
0.05567400977893238
0.03612550192948153
0.014007747753143536
0.0
0.0
0.0
0.0
0.0
0.0
0.0
0.0
0.0
0.0
0.0
0.0
0.0
0.0
0.0
0.0
0.0
0.0
0.0
0.0
0.0
0.0
0.0
0.0
0.0
0.0
0.0
0.0
0.0
0.0
0.0
0.0
0.0
0.0
0.0
0.0
0.0
0.0
0.0
0.0
0.0
0.0
0.0
0.0
0.0
0.0
0.0
0.0
0.0
0.0
0.0
0.0
0.0
0.0
0.0
0.0
0.0
0.0
0.0
0.0
0.0
0.0
0.0
0.0
0.0
0.0
0.0
0.014542691313289766
0.03284317900604405
0.02214478234994301
0.0
0.0
0.0
0.0
0.0
0.0
0.0
0.0
0.0
0.0
0.0
0.0
0.0
0.0
0.0
0.0
0.008036150983973337
0.0
0.0
0.0
0.0
0.0
0.0
0.0
0.0
0.0
0.0
0.0
0.0
0.0
0.0
0.0
0.0
0.0
0.0
0.0
0.0
0.0
0.0
0.0
0.0
0.0
0.0
0.0
0.0
0.0
0.0
0.0
0.0
0.0
0.0
0.0
0.0
0.0
0.0
0.0
0.0
0.0
0.0
0.0
0.0
0.0
0.0
0.007444539067043355
0.0
0.0
0.0
0.0
0.0
0.0
0.0
0.0
0.0
0.0
0.0
0.0
0.0
0.0
0.0
0.0
0.0
0.0
0.0
0.0
0.0
0.0
0.0049952786504427705
0.0
0.0
0.0
0.0
0.0
0.0
0.0
0.0
0.0
0.0
0.0
0.0
0.0
0.0
0.0
0.0
0.0
0.0
0.0
0.0
0.0
0.0
0.0
0.0
0.0
0.0
0.0
0.0
0.0
0.0
0.0
0.0
0.0
0.0
0.0
0.0
0.0
0.0
0.0
0.0
0.0
0.0
0.0
0.0
0.0
0.0
0.0
0.0
0.0
0.0
0.0
0.0
0.0
0.009247788862978272
0.023270819503932852
0.052234351788722266
0.05713227148805151
0.0475188521403381
0.02710030373844442
0.0
0.0
0.0
0.0
0.0
0.0
0.0
0.0
0.0
0.0
0.0
0.0
0.0
0.0
0.0
0.0
0.0
0.03528290360425482
0.04854404437323918
0.05046315551861809
0.060702132625725595
0.06683980934250187
0.04725957847071021
0.024053783158849835
0.008802557463591001
0.0
0.0
0.0
0.0
0.0
0.0
0.0
0.0
0.0
0.0
0.0
0.0
0.0
0.0
0.0
0.011252272562899863
0.0
0.0
0.028350404118409542
0.15249533520914524
0.1594396837649706
0.07540981867512077
0.0
0.0
0.0
0.0
0.0
0.0
0.0
0.0
0.0
0.0
0.0
0.0
0.0
0.0
0.0
0.0
0.0
0.0
0.0
0.0
0.0
0.0
0.0
0.0
0.0
0.0
0.0
0.0
0.0
0.0
0.0
0.0
0.0
0.0
0.0
0.0
0.0
0.0
0.0
0.00207191569979723
0.0
0.0
0.0066011182795350145
0.0
0.0
0.0
0.0
0.0
0.0
0.0
0.0
0.0
0.01212814747397971
0.0
0.0
0.0
0.0
0.0
0.0
0.0
0.0
0.0
0.0
0.0015557739414910295
0.0
0.0
0.0
0.0
0.0
0.0
0.0
0.0
0.0
0.0
0.0
0.0
0.0
0.0
0.0
0.0
0.0
0.0
0.0
0.0
0.0
0.002431017431763905
0.0
0.0
0.0
0.0
0.0
0.02549633046996105
0.037475236427717204
0.04020690064013566
0.042833014264214826
0.03565857250498369
0.02190523477034702
0.0
0.0
0.01169619072141738
0.0
0.0
0.0
0.0
0.0
0.0
0.0
0.0
0.0
0.0
0.0
0.0
0.0
0.0
0.0
0.0
0.0
0.0
0.0
0.0
0.0
0.0
0.0
0.0
0.0
0.0
0.0
0.0
0.0
0.0
0.0
0.0
0.0
0.0024320563647782013
0.0
0.0
0.0
0.0
0.0
0.0
0.0
0.013526353198379082
0.03241047932575263
0.028296219159759307
0.0
0.0
0.0
0.0
0.0
0.0
0.0
0.0
0.0
0.0
0.0
0.0
0.0
0.0
0.0
0.0
0.0
0.0
0.02199264515405382
0.007778805536253191
0.05714019215078379
0.14567447718237458
0.17109435874214743
0.14639650593422035
0.11853384819442951
0.0
0.0
0.0
0.0
0.0
0.0
0.0
0.0
0.0
0.0
0.0
0.0
0.0
0.0
0.0
0.0
0.0
0.0
0.0
0.0
0.0
0.0
0.0
0.0
0.0
0.0
0.0
0.0
0.0
0.0
0.0
0.0
0.0
0.0
0.0
0.0
0.0
0.013400604709587335
0.0
0.0
0.0
0.015928020345494894
0.04650017019326344
0.05115735780931956
0.05763235376605813
0.06650932221143978
0.058459995984290275
0.04431444336756551
0.018668726361685643
0.0
0.0
0.0
0.0
0.0
0.0
0.0
0.0
0.0
0.0
0.0
0.0
0.0
0.001555958806946855
0.0
0.0
0.013716273897641155
0.04285417712863217
0.055191109094400746
0.0583777819143786
0.0617069149003904
0.05325059288852832
0.04405181242682318
0.029095522140941552
0.026162988468575628
0.04567986256633726
0.04977186657306072
0.0
0.0
0.0
0.0
0.0
0.0
0.0
0.0
0.0
0.0
0.0
0.006007510621555295
0.019530852463343074
0.04098469373562268
0.045819283538744884
0.040598996071992424
0.033367828016021756
0.020450219851813393
0.0
0.0
0.0
0.0
0.0
0.0
0.0
0.0
0.0
0.0
0.0
0.0
0.0
0.0
0.0
0.013404523909083556
0.0
0.009454979211903176
0.019281242698043276
0.027010528363050554
0.03119424223495447
0.0347586664315974
0.04143124606331193
0.04882591084951339
0.04511403944116358
0.039220563878577815
0.027696941686327258
0.0
0.011695029546447985
0.04511524992350153
0.0
0.0
0.0
0.0
0.0
0.0
0.0
0.0
0.0
0.0
0.0
0.0
0.0
0.0
0.0
0.002046767107213159
0.03165149625299257
0.0709303457682619
0.06957713202782166
0.05343931623792541
0.021048425011781318
0.0
0.0
0.03464950554931008
0.0
0.0
0.0
0.0
0.0
0.0
0.0
0.0
0.0
0.0
0.0
0.0
0.0
0.0
0.058123306815570354
0.08572005924154456
0.1846536946469592
0.20168258482470328
0.1806509681752484
0.14525315984468806
0.0
0.0
0.0
0.0
0.0
0.0
0.0
0.0
0.0
0.0
0.0
0.0
0.0
0.0
0.0
0.0
0.0
0.0
0.0
0.0
0.0
0.0
0.0
0.0
0.0
0.0
0.0
0.0
0.0
0.0
0.0
0.0
0.0
0.0
0.0
0.0
0.0
0.0
0.0
0.0
0.0
0.028829901224151175
0.06173074287747005
0.07517186776819572
0.0770123457012958
0.07827955770577304
0.07587562265009591
0.08261641501932072
0.09799952754613865
0.08103898167800815
0.06941308197920561
0.03636162121844823
0.0
0.0
0.0
0.0
0.0
0.0
0.0
0.0
0.0
0.01340572230803973
0.007500408759687786
0.04575218447682572
0.07180196534566173
0.07650135694621975
0.08952137302125794
0.09104698126551587
0.08633066575861253
0.0799410073344961
0.0748092162466743
0.0804878891015129
0.08979508737051986
0.08614807541879878
0.0654946934690068
0.0
0.0
0.0
0.0
0.0
0.0
0.0
0.0
0.0
0.0
0.0
0.007115293348646148
0.0400746348823415
0.06557855740606348
0.07520037676906295
0.08219646356540405
0.0864932535874513
0.0942957993180595
0.10505141832860866
0.1018449981462753
0.0944578973287226
0.10307306197011176
0.10302364134846866
0.12592733150932203
0.1198897767443637
0.0
0.0
0.0
0.0
0.0
0.0
0.0
0.0
0.0
0.0
0.006897920681949515
0.03733979433523394
0.058482015377816075
0.07466069276825718
0.0798380123984409
0.07794648093723834
0.07816687184020488
0.07817367768450638
0.07490631993669286
0.07757991836312242
0.06345171489402689
0.045745809700250946
0.035576080834150474
0.0
0.0
0.0
0.0
0.0
0.0
0.0
0.0
0.0
0.0
0.0
0.0
0.01672759689158617
0.05226966476506207
0.0732229053636412
0.07956760958298398
0.08217639799597477
0.08674223755768816
0.09007919859680266
0.0853378066078911
0.08531916608969625
0.09643085003646273
0.09614588902358552
0.11044041332961622
0.08845325851707107
0.0
0.0
0.0
0.0
0.0
0.0
0.0
0.0
0.0
0.0
0.0
0.06976949355300727
0.10593564218324736
0.1169955358247622
0.11791982661199768
0.11894605659904821
0.20000308451773796
0.20472298000866748
0.18881793554126974
0.1501193802837769
0.0
0.0
0.0
0.0
0.0
0.0
0.0
0.0
0.0
0.0
0.0
0.0
0.0
0.0
0.0
0.0
0.0
0.0
0.0
0.0
0.0
0.0
0.0
0.0
0.0
0.0
0.0
0.0
0.0
0.0
0.0
0.0
0.0
0.0
0.0
0.0
0.0
0.0
0.0
0.0
0.0
0.0
0.0
0.0
0.0
0.0
0.0
0.0
0.0
0.0
0.0
0.0
0.0
0.0
0.04666417546973179
0.0676611445956487
0.02606760887525475
0.0030038489229921713
0.002523999110884418
0.03939069983592227
0.08037257489713913
0.05678266554549578
0.024695577725862235
0.006344053418708339
0.013030649916067354
0.027246527764320443
0.0316802121232617
0.0310427040295918
0.03056549338670974
0.03030178219459023
0.027664686685830747
0.02847687996944447
0.01728736692008533
0.01775810554088463
0.03345862225619204
0.0
0.0
0.0
0.0
0.0
0.0
0.0
0.0
0.0
0.0
0.0
0.003102022598159266
0.0
0.0
0.006604922757288588
0.0281848911603165
0.029461713786670493
0.03123030194019364
0.03331256579061913
0.030235403200581955
0.021946229085763626
0.0
0.0
0.0
0.0
0.0
0.0
0.0
0.0
0.0
0.0
0.0
0.0
0.0
7.772790242560254e-07
0.0
0.0
0.0019790218014741237
0.03287179640676454
0.040653882772185984
0.03808159073574673
0.032138470386164075
0.02028789211560733
0.0
0.0
0.0
0.0
0.0
0.0
0.0
0.0
0.0
0.0
0.0
0.0
0.0
0.0
0.0
0.0
0.0
0.0
0.0
0.0
0.0217217546646759
0.03107223736820951
0.0325553508238196
0.03434004643386379
0.0280698111019289
0.0
0.0
0.0
0.011694960185260252
0.0
0.0
0.0
0.0
0.0
0.0
0.0
0.0
0.0
0.0
0.017914009147256705
0.0
0.0
3.072849302420245e-07
0.022721794309598888
0.05241233691275124
0.05780704411193923
0.1029630963855453
0.10296394760182041
0.08093792386920459
0.02139443267198245
0.0
0.0
0.0
0.0
0.0
0.0
0.0
0.0
0.0
0.0
0.0
0.0
0.0
0.0
0.0
0.0
0.0
0.0
0.0
0.0
0.0
0.0
0.0
0.0
0.0
0.0
0.0
0.0
0.0
0.0
0.0
0.0
0.0
0.0
0.0
0.0
0.0
0.0
0.0
0.0
0.0010855850787118257
0.026261137019471508
0.05848903479732779
0.06914589345221196
0.07163876020101602
0.07267618222811209
0.06814598631725671
0.05591355737156616
0.033110401131612385
0.0
0.0
0.0
0.0
0.0
0.0
0.0
0.0
0.0
0.0
0.0
0.0
0.0
0.0
0.0
0.0
0.0
0.020885189165613226
0.027529194057406427
0.025940562109731835
0.006600508772935853
0.0
0.0
0.0
0.0
0.0
0.0
0.0
0.0
0.0
0.0
0.0
0.0
0.0
0.0
0.0
0.0
0.0033210273072406854
0.014733825879606094
0.025723510023119088
0.06979248361303622
0.07962175585282262
0.07783270410553902
0.07525828651326272
0.07173853041645498
0.04687707301424109
0.017149426420832045
0.0
0.0
0.0
0.0
0.0
0.0
0.0
0.0
0.0
0.0
0.0
0.0
0.0
0.0
0.0
0.0
0.026783803106359694
0.034821932003458234
0.0431023062002403
0.043666444558765
0.04013976750966228
0.03318908961470674
0.006753013110484075
0.0
0.0
0.0
0.005919774169776283
0.0
0.0
0.0
0.0
0.0
0.0
0.0
0.0
0.0
0.0
0.0
0.0
0.0
0.03517545864283187
0.049473608795915704
0.06357384730359641
0.057658342832533016
0.05179274649688133
0.05122848871791474
0.04494357680467642
0.04231949420429702
0.010322179871193493
0.0
0.0
0.0
0.0
0.0
0.0
0.0
0.0
0.0
0.0
0.0
0.0
0.0
0.0
0.0
0.05699668679846384
0.0723049995631045
0.08391351104949663
0.09746110728334949
0.1744380550768437
0.17129693595241507
0.1358130592396186
0.07935921999312939
0.0
0.0
0.0
0.0
0.0
0.0
0.0
0.0
0.0
0.0
0.0
0.0
0.0
0.0
0.0
0.0
0.0
0.0
0.0
0.0
0.0
0.0
0.0
0.0
0.0
0.0
0.0
0.0
0.0
0.0
0.0
0.0
0.0
0.0
0.0
0.0
0.0
0.0
0.0031015863825208496
0.0
0.0
0.0
0.0
0.0
0.0
0.0
0.0
0.0
0.0
0.0
0.0
0.0
0.0
0.0
0.0
0.0
0.0
0.0
0.0
0.0
0.0026036242496339447
0.0
0.0
0.0025829924233782644
0.016848224442184555
0.040283012563284475
0.05451392200163624
0.06340930556819634
0.0687808606552075
0.05911397176878056
0.049770992246810114
0.03127144003412963
0.0
0.0
0.0
0.0
0.0
0.0
0.0
0.0
0.0
0.0
0.0
0.0
0.0
0.0
0.0
0.026244218956439625
0.04782657487766585
0.04620294044793777
0.05115494533772542
0.02920317262284256
0.006602112456742779
0.0
0.0
0.0
0.0
0.0
0.0
0.0
0.0
0.0
0.0
0.0
0.0
0.0
0.0
0.0
0.0026036558030940846
0.0
0.006163922928418179
0.0
0.0
0.03489090118886749
0.045142583309823514
0.040492917861613215
0.04150895536845408
0.04025177932170502
0.014547958965495636
0.0
0.0
0.0
0.0
0.0
0.0
0.0
0.0
0.0
0.0
0.0
0.0
0.0
0.0
0.013406898259195651
0.0015560754828279088
0.0
0.027788915637214077
0.03960295160316162
0.04349171739762227
0.049632035366580944
0.05213086752968786
0.04685080016907794
0.037060610080646435
0.00777001154134167
0.0
0.0
0.0
0.0
0.0
0.0
0.0
0.0
0.0
0.0
0.0
0.0
0.0
0.0
0.010038542342306665
0.05439505649565515
0.07675588360988643
0.08096104276869279
0.0888068466506082
0.09529883253477575
0.1611453150870921
0.12983213266774585
0.09359721260126606
0.04334182743208986
0.0
0.0
0.0
0.0
0.0
0.0
0.0
0.0
0.0
0.0
0.0
0.0
0.0
0.0
0.0
0.0
0.0
0.0
0.0
0.0
0.0
0.0
0.0
0.0
0.0
0.0
0.0
0.0
0.0
0.0
0.0
0.0
0.0
0.0
0.0
0.0
0.0
0.0
0.0
0.0
0.013702511383708014
0.04562406069614799
0.06338163898141963
0.06327719120364368
0.05519588692218282
0.03747045048344734
0.014832199844845864
0.0
0.0
0.0
0.0
0.0
0.0
0.0
0.0
0.0
0.0
0.0
0.0
0.0
0.0
0.0
0.0
0.0
0.0
0.0
0.0
0.0
0.0
0.0
0.0
0.0
0.0
0.0
0.0
0.0
0.0
0.0
0.0
0.0
0.0
0.0
0.0
0.0
0.0
0.0
0.0
0.0
0.0
0.0
0.0
0.0
0.0
0.0
0.0
0.0
0.0
0.0
0.0
0.0
0.0
0.0
0.0
0.0
0.0
0.0
0.0
0.0
0.0
0.0
0.0
0.0
0.0
0.0
0.0
0.0
0.0
0.0
0.0
0.0
0.0
0.0
0.0
0.0
0.0
0.0
0.0
0.0
0.0
0.0
0.0
0.0
0.0
0.0
0.0
0.0
0.0
0.0
0.0
0.0
0.0
0.0
0.0
0.0
0.0
0.0
0.0
0.0
0.0
0.0
0.0
0.0
0.0
0.0
0.0
0.0
0.0
0.0
0.010524521027005278
0.0
0.0
0.0
0.03895648669030071
0.1267729017288262
0.11920384154609505
0.09466306372593399
0.08735288916297759
0.0
0.0
0.0
0.0
0.0
0.0
0.0
0.0
0.0
0.0
0.0
0.0
0.0
0.0
0.0
0.0
0.0
0.0
0.0
0.0
0.061642685195115815
0.0
0.0
0.0
0.0
0.0
0.0
0.0
0.0
0.0
0.0
0.0
0.0
0.0
0.0
0.0
0.0
0.0
0.0
0.0
0.0
0.0
0.04082911408971384
0.055103103825595315
0.07069732899625453
0.07452042274791101
0.07253446982439475
0.08019054005482154
0.07608797687781045
0.013074988657082225
0.0
0.0
0.0
0.0
0.0
0.0
0.0
0.0
0.0
0.0
0.0
0.0
0.0
0.006344505558337933
0.0
0.0331544246966709
0.04283554822256047
0.046703096101808124
0.04484570374960857
0.05404176514541061
0.05646445693069793
0.04992916631750328
0.04611055957651047
0.027138802699108917
0.011695541375010216
0.0
0.0
0.0
0.0
0.0
0.0
0.0
0.0
0.0
0.0
0.0
0.006164510140481342
0.03390026657003053
0.05414761444755298
0.05828399099052243
0.0537417039399711
0.01717351582157355
0.0
0.0
0.0
0.0
0.0
0.009206834731367792
0.0
0.012129097084622297
0.0
0.0
0.0
0.0
0.0
0.0
0.0
0.0
0.0
0.0
0.0
0.0
0.0
0.0
0.027746410631803047
0.028719650526439232
0.03850085393379233
0.04415523417946117
0.041273647904306515
0.04259931694702799
0.04016777810138589
0.0
0.0
0.0
0.0
0.0
0.0
0.0
0.0
0.0
0.0
0.0
0.0
0.0
0.0
0.0
0.0
0.0
0.024655162534164863
0.04756263221413541
0.06255272600915017
0.06833187698636599
0.06758023316550821
0.06584079249005871
0.05997843350308433
0.03752464737963629
0.0
0.0
0.0
0.0
0.0
0.0
0.0
0.0
0.0
0.0
0.0
0.0
0.0
0.010525080090911859
4.7424372666830397e-07
0.0046390732915076284
0.061308807664134254
0.08315193643934357
0.16580507375051456
0.19064120687591005
0.17598620634926765
0.19886998825135088
0.0
0.0
0.0
0.0
0.0
0.0
0.0
0.0
0.0
0.0
0.0
0.0
0.0
0.0
0.0
0.0
0.0
0.0
0.0
0.0
0.0
0.0
0.0
0.0
0.0
0.0
0.0
0.0
0.0
0.0
0.0
0.0
0.0
0.0
0.0
0.0
0.036622030897242114
0.0
0.021364066186665972
0.03104484089505956
0.031484550803614085
0.03144584721603761
0.03685154945799463
0.0416507606324393
0.04501054688208582
0.04642072562356191
0.03993114370407977
0.037119494444579085
0.043181664772789445
0.009801705325652308
0.0
0.0
0.0
0.0
0.0
0.0
0.0
0.0
0.0
0.0
0.0
0.0
0.02001004158050465
0.039193351166531505
0.0407113348240482
0.04251423065415744
0.06186294745832381
0.07237827415667668
0.06836435172055037
0.07106962383348363
0.05862013491727069
0.06376969395623786
0.06399777550347038
0.0448567420963159
0.03527984808359879
0.0236670835719543
0.0
0.0
0.0
0.0
0.0
0.0
0.0
0.0
0.0
0.0
0.0
0.005297452172302208
0.041223628184590175
0.04456522648282664
0.0563340651350185
0.06616041733395377
0.07115725167455726
0.07486765207816704
0.07188009910317157
0.07526210399229234
0.07382082324230059
0.04936021847117018
0.052188467885830404
0.036637093636113734
0.0
0.0
0.0
0.0
0.0
0.0
0.0
0.0
0.0
0.0
0.0
0.030025118496763252
0.04952593696577294
0.07053734063149976
0.0757700784844133
0.07374578842296721
0.07431113408775074
0.07515345581526395
0.07294236090509074
0.07777554158058478
0.07491737126947959
0.05033101560096586
0.0524120367585497
0.0367192325310018
0.0
0.0
0.0
0.0
0.0
0.0
0.0
0.0
0.0
0.0
0.0
0.0314876618161741
0.007949834256022002
0.0
0.0
0.0
0.0
0.0
0.0
0.0
0.0
0.0
0.0
0.012130588265466615
0.0
0.0
0.0
0.0
0.0
0.0
0.0
0.0
0.005682329555742801
0.02042840200039179
0.022845079455654085
0.06880197321519448
0.09298931975452421
0.09473871230114651
0.10300392826433083
0.10063993706217168
0.1475661578207245
0.11987386246199372
0.08884295554399006
0.06492699170130932
0.0
0.0
0.0
0.0
0.0
0.0
0.0
0.0
0.0
0.0
0.0
0.0
0.0
0.0
0.0
0.0
0.0
0.0
0.0
0.0
0.0
0.0
0.0
0.0
0.0
0.0
0.0
0.0
0.0
0.0
0.0
0.0
0.0
0.0
0.0
0.0
0.0
0.0
0.0
0.0
0.0
0.030902868719387057
0.04463834601396103
0.04893223647971721
0.05465719599400374
0.05843223927024695
0.04820261423912403
0.03946773465347054
0.010042455335809329
0.0
0.0
0.0
0.0
0.0
0.0
0.0
0.0
0.0
0.0
0.0
0.0
0.0
0.0
0.0
0.006602580099171478
0.035012354278067884
0.056084710634824377
0.06887764177912273
0.07298315834240594
0.07437573984096714
0.07237242376101641
0.08157351755428914
0.10113645172533998
0.09787969030588291
0.11951417563529253
0.10511325935976573
0.0
0.0
0.0
0.0
0.0
0.0
0.0
0.0
0.06854111974952375
0.07003056393995118
0.03617646582317777
0.05447152958645106
0.0663772775693656
0.06097455830887907
0.04372389677711771
0.0212133378623356
0.045760406348861624
0.047896963777892786
0.051051700475553345
0.049928910945638956
0.03292118631332609
0.0
0.0
0.0
0.0
0.0
0.0
0.0
0.0
0.0
0.0
0.0
0.0
0.0
0.0
0.02224461372876312
0.042017815966041476
0.0487792554077995
0.065157620089506
0.06943122518502035
0.07247166120675323
0.07296023204399145
0.06666982923170295
0.06304005058973788
0.05419478199595652
0.018965309651404947
0.0
0.0
0.0
0.0
0.0
0.0
0.0
0.0
0.0
0.0
0.0
0.0
0.007233043558420407
0.04038292463798802
0.057730823966242725
0.05974069491527299
0.07408953112157364
0.07232566013673736
0.0735314170351427
0.07512730692706482
0.07508653357965069
0.08425147892621454
0.1012306823683676
0.0927681436452042
0.09032929864980274
0.06662001975226504
0.0
0.0
0.0
0.0
0.0
0.0
0.0
0.0
0.0
0.0
3.822472784054894e-07
0.00408208961691883
0.029418240515519552
0.08794624496862258
0.09871451841396613
0.08571978144330562
0.1315563498050711
0.15060269575718202
0.1320166872543676
0.10899252566512684
0.0
0.0
0.0
0.0
0.0
0.0
0.0
0.0
0.0
0.0
0.0
0.0
0.0
0.0
0.0
0.0
0.0
0.0
0.0
0.0
0.0
0.0
0.0
0.0
0.0
0.0
0.0
0.0
0.0
0.0
0.0
0.0
0.0
0.0
0.0
0.0
0.0
0.0
0.0
0.0
0.014100000493374025
0.03468149165946644
0.04611244528581826
0.048967483159191666
0.050256599046567194
0.05826984497187355
0.05725618127245476
0.04750348969029797
0.032404077828150024
0.0
0.0
0.023667106214329832
0.0
0.0
0.0
0.0
0.0
0.0
0.0
0.0
0.017074243299648576
0.013405777455579339
0.0009945531644969558
0.015642386722575632
0.05983305325057546
0.07437511201313357
0.0791993664958556
0.07637080441106844
0.07655032519823103
0.07614363606195557
0.07325790593340613
0.08285652953568046
0.09088567930853045
0.0746101427423165
0.07415855590395336
0.08109236465697152
0.0
0.0
0.0
0.0
0.0
0.0
0.0
0.0
0.0
0.01340870655571573
0.028542082052741693
0.055219279942217814
0.07263550778164227
0.07291556348662595
0.07886449765672707
0.0832676973510235
0.08637467373367001
0.08515039749596824
0.0786091285804389
0.08245105937880198
0.10133076351562685
0.09670334706281018
0.08752463312028656
0.06454082373971291
0.0
0.0
0.0
0.0
0.0
0.0
0.0
0.0
0.0
0.03028300216254203
0.050150065596353204
0.06645358825784901
0.07092734099237384
0.07442467381627382
0.08062840341408
0.08166970849565769
0.08817650703327078
0.09732161037464612
0.09228931333951215
0.08859151797511654
0.09871875423273732
0.09592124536985408
0.11445849651468487
0.11104775159669562
0.0
0.0
0.0
0.0
0.0
0.0
0.0
0.0
0.0
0.023837985633564183
0.053681232199385295
0.0693256508762606
0.07360364901459719
0.08089203080591678
0.08923372350841718
0.09137472932348205
0.09793705963508556
0.0896009292597541
0.07597689701367724
0.08333705088166858
0.08709123449424187
0.07698425761443858
0.05297202661652463
0.0
0.0
0.0
0.0
0.0
0.0
0.0
0.0
0.0
0.0
0.017919942841985826
0.00673940655582647
0.0
0.05167181231501662
0.07214576962328897
0.0945113882969966
0.07864622860796126
0.1662267477892852
0.1434567262307914
0.11591175999208847
0.10858373879291794
0.0
0.0
0.0
0.0
0.0
0.0
0.0
0.0
0.0
0.0
0.0
0.0
0.0
0.0
0.0
0.02778481914165588
0.04178757746387946
0.0
0.0
0.0
0.0
0.002684777532438835
0.1580694867278459
0.18643369924433098
0.1463904154370072
0.0
0.0
0.0
0.0
0.0
0.0
0.0
0.0
0.0
0.0
0.0
0.0
0.0
0.0
0.0
0.0
0.0
0.02864858741946685
0.039228821686597054
0.01788026431957368
0.0
0.0
0.0
0.0
0.0
0.0
0.0
0.0
0.0
0.0
0.0
0.0
0.0
0.0
0.0
0.0
0.013405309208732579
0.0
0.0031932684924638865
0.026743869620876975
0.007005245403503115
0.0
0.0
0.006602364080237697
0.030974851130663863
0.03551365155409671
0.036190519929630724
0.010041436828875637
0.0
0.0
0.0
0.0
0.0
0.0
0.0
0.0
0.0
0.0
0.0
0.0
0.0
0.0
0.0
0.022337880347485288
0.040591089634175063
0.04174168741583748
0.04605576839494106
0.049873280849308824
0.05093552345722693
0.038884050692926025
0.03639970370186525
0.041592708715202306
0.0
0.0
0.0
0.0
0.0
0.0
0.0
0.0
0.0
0.0
0.0
0.0
0.0
0.008184116483384744
0.03510197139604845
0.05921073134681529
0.06403539338358613
0.07299656046009101
0.07329547752960769
0.07401598734084851
0.07120383048093201
0.05790574206358068
0.0503441826779387
0.0474114952797109
0.010009483162105249
0.011696885857687044
0.012132485448249037
0.0
0.0
0.0
0.0
0.0
0.0
0.0
0.0
0.0
0.0
0.0
0.01616246285692077
0.0443859392067654
0.04561656117731318
0.05774302205451563
0.06318901455128081
0.06486655661447685
0.05994530151267553
0.04467174585092211
0.025994773812240312
0.0
0.0
0.0
0.0
0.0
0.0
0.0
0.0
0.0
0.0
0.0
0.0
0.0
0.0
0.0
0.0
0.0
0.035046070619985686
0.06704512785400916
0.07587316405176997
0.11943493007463266
0.1256717435536661
0.10535809311263958
0.0908001200909953
0.0
0.0
0.0
0.0
0.0
0.0
0.0
0.0
0.0
0.0
0.0
0.0
0.0
0.0
0.0
0.0
0.0
0.0
0.0
0.0
0.0
0.0
0.0
0.0
0.0
0.0
0.0
0.0
0.0
0.0
0.0
0.0
0.0
0.0
0.0
0.0
0.0
0.0
0.0
0.0
0.0
0.013911878051480699
0.029884678857869426
0.0322684427316594
0.038473485122857094
0.04200088301552578
0.03366383949180239
0.022388021190568895
0.0
0.0
0.0
0.0
0.0
0.0
0.0
0.0
0.0
0.0
0.0
0.0
0.0
0.0
0.0
0.0
0.0
0.0066024196279763775
0.03662314793651422
0.05038008887229488
0.05026220750371667
0.04622694143775424
0.03766578491843434
0.0314261872917919
0.0
0.009548039763453848
0.0
0.0
0.0
0.0
0.0
0.0
0.0
0.0
0.0
0.0
0.0
0.0
0.0018830904927954768
2.7069085773932744e-06
0.0
0.0
0.007218668519237123
0.042275985477193766
0.04990044307497019
0.04072620364606651
0.044114065474267126
0.04275108213867986
0.029128525311825994
0.009548203861458738
0.0
0.0
0.0
0.0
0.0
0.0
0.0
0.0
0.0
0.0
0.0
0.0
0.0
0.008120941813431124
0.02977132354703729
0.062165040008668425
0.07614510850105652
0.07437347313317844
0.07353974943302763
0.07290081388208457
0.05978406215733002
0.04920157688590535
0.04733778776771459
0.019356486877978602
0.0
0.012132032893061922
0.0
0.0
0.0
0.0
0.0
0.0
0.0
0.0
0.0
0.0
0.003226028872000041
0.03715598508208991
0.07325094920599608
0.07667953827003075
0.08744348576511149
0.08886766418571886
0.08506079124703952
0.08001836400348472
0.07679178389313175
0.08514748557388474
0.10463637474560485
0.10396479904532951
0.09893865179538416
0.07191971938308032
0.0
0.0
0.0
0.0
0.0
0.0
0.0
0.0
0.0
0.06915860877936413
0.0983954809268131
0.11698659200603309
0.13260004540866613
0.141410589546038
0.15265774959717837
0.15985586875877766
0.2650062487418333
0.2611281866789988
0.22827733369157158
0.23935020501575555
0.0
0.0
0.0
0.0
0.0
0.0
0.0
0.0
0.0
0.0
0.0
0.0
0.0
0.0
0.0
0.0
0.0
0.0
0.0
0.0
0.0
0.0
0.0
0.0
0.0
0.0
0.0
0.0
0.0
0.0
0.0
0.0
0.0
0.0
0.0
0.0
0.0
0.01340598276175246
0.032684844734293006
0.04301952563253189
0.04933262389273443
0.05758064782359171
0.07500126335592545
0.0744075579883033
0.07537957818176033
0.07564867785131042
0.07243328211169645
0.08137551115227844
0.08374678834496906
0.06911020092370694
0.07805936566105953
0.08038792578888146
0.0
0.0
0.0
0.0
0.0
0.0
0.0
0.0
0.09680558797631268
0.0874544704891884
0.053788793318864395
0.07173287545111799
0.07826485964512178
0.07920743709082029
0.08259657447054229
0.07939522991671293
0.07893796048606076
0.07855111084044036
0.07529938180435049
0.0848951746376756
0.10528299088279101
0.09447042223517556
0.09604960990527624
0.08608954975551138
0.0
0.0
0.0
0.0
0.0
0.0
0.0
0.0
0.0
0.06188451647762827
0.03981672613214013
0.044800174616236005
0.05633963445593724
0.07205804244261028
0.07817973725842142
0.07499297548817764
0.07477976090781015
0.0747774638869729
0.07156440724303313
0.07978645959406111
0.0846208513316725
0.054559204860862534
0.024764636356325014
0.0
0.0
0.0
0.0
0.0
0.0
0.0
0.0
0.0
0.0
0.015066681971468049
0.033667410878468314
0.04374960251729605
0.06056713125860786
0.07218785858297597
0.07643450721055176
0.07463339696039213
0.07474233361218814
0.07468747840967115
0.07208747182006411
0.08131089368152597
0.08489600603760268
0.05586617879231696
0.024930451459865888
0.034653710452743625
0.0
0.0
0.0
0.0
0.0
0.0
0.0
0.0
0.005358522376145665
0.0260904911645471
0.020452498877267127
0.03369153937331899
0.03606584274036994
0.052880220775657114
0.06381572755691634
0.06884463502602453
0.06153031707156488
0.06132533417567387
0.05188300491383903
0.029580209902862212
0.0
0.0
0.0
0.0
0.0
0.0
0.0
0.0
0.0
0.0
0.0
0.0
0.0
0.0
0.010038144318278128
0.03300461298326234
0.05867779208527007
0.028242296766496505
0.0542852281687538
0.04296827893787911
0.08723723406967827
0.125942699387383
0.11948374536339777
0.1180645988161227
0.0
0.0
0.0
0.0
0.0
0.0
0.0
0.0
0.0
0.0
0.0
0.0
0.0
0.0
0.0
0.0
0.0
0.0
0.0
0.0
0.0
0.0
0.0
0.0
0.0
0.0
0.0
0.0
0.0
0.0
0.0
0.0
0.0
0.0
0.0
0.0
0.0
0.0
0.017869522942898612
0.04744174752259399
0.06901299724251836
0.07526683120574945
0.0819814499741976
0.08399261956295782
0.08376516537152925
0.07835844620929804
0.07373064110605007
0.08287118479092333
0.10251064460352138
0.08463259803008853
0.06204838025539899
0.03664800311594676
0.0
0.0
0.0
0.0
0.0
0.0
0.0
0.0
0.0
0.05554796949941631
0.06590362901945943
0.07342921839755201
0.08216018322713416
0.0910205993067997
0.09910448298316289
0.09839083070071404
0.09197031650242452
0.0850569972603077
0.07808050974790554
0.0825836041551382
0.09002578985028131
0.05279003911026145
0.05215824130235421
0.03660080883163258
0.0
0.0
0.0
0.0
0.0
0.0
0.0
0.0
0.0
0.013409381467827792
0.038691135397931016
0.05124657741922428
0.06743971882254748
0.05473801478865188
0.0682603917876112
0.06645619092368468
0.06165437856452541
0.056680585572942595
0.05155547171712427
0.04820286987587903
0.04073050039051243
0.0
0.0
0.012132418436443453
0.0
0.0
0.0
0.0
0.0
0.0
0.0
0.0
0.0
0.0
0.013446861543871133
0.03602606356475333
0.05636470621689888
0.06692025354202712
0.07478980782292709
0.07309370779481648
0.07312016885614227
0.07253091322206286
0.06738705757115118
0.059811179506332794
0.05192722287258038
0.02867943554258557
0.017335752983946368
0.0
0.0
0.0
0.0
0.0
0.0
0.0
0.0
0.0
0.0
0.0
0.019535412037786044
0.06249449379207201
0.07373546296547162
0.07748851611589172
0.09073547992583147
0.09369175084863787
0.09851413876441668
0.09964320710340324
0.08976262306355763
0.08820742337327263
0.10322683862464145
0.08116746485064598
0.03141906769986756
0.023671081510271832
0.0
0.0
0.0
0.0
0.0
0.0
0.0
0.0
0.0
0.0
0.04165335946187145
0.09930852641002845
0.1193935961786288
0.12150087614587629
0.1272914885412338
0.13704529667345058
0.21163496048596683
0.20456881912173927
0.18494574247129894
0.2061207979368412
0.0
0.0
0.0
0.0
0.0
0.0
0.0
0.0
0.0
0.0
0.0
0.0
0.0
0.0
0.0
0.0
0.0
0.0
0.0
0.0
0.0
0.0
0.0
0.0
0.0
0.0
0.0
0.0
0.0
0.0
0.0
0.0
0.0
0.0
0.0
0.0
0.0
0.0
0.019525671681114323
0.04903677139177444
0.0569293567837308
0.06112298181602389
0.07361815344342616
0.07218457178025364
0.07269856951884371
0.07308388495339375
0.06852489733329421
0.07952349116326562
0.08893553723626547
0.061304938680262676
0.03465683713638608
0.02366898285663171
0.0
0.0
0.0
0.0
0.0
0.0
0.0
0.0
0.0
0.0038774987651133
0.03996511430076731
0.06820720706469906
0.07578427212780338
0.08353264982067633
0.1014401061882806
0.10420707722110831
0.10561089107513595
0.10222045365626141
0.08579460598206465
0.09356145307863611
0.10804044522870271
0.08996802799162365
0.06210633678841035
0.054197801697074485
0.0
0.0
0.0
0.0
0.0
0.0
0.0
0.0
0.0
0.05578175552865831
0.06357529314747129
0.07245954045336718
0.08003903503153115
0.09456652600916536
0.10570490945059485
0.11182015145260096
0.12217782617329155
0.12517715807175786
0.10354165658886054
0.09084580858880223
0.1052303237529712
0.08204313852540653
0.05555077146784793
0.0
0.0
0.0
0.0
0.0
0.0
0.0
0.0
0.0
0.0
0.0
0.00978666115282873
0.029995591983118217
0.046915878793671845
0.05946086388081234
0.07504896079992006
0.07434841913958351
0.07472983074829875
0.0728458435834616
0.0601132711160858
0.057506148002056626
0.05268964461540781
0.019727360719092372
0.0
0.0
0.0
0.0
0.0
0.0
0.0
0.0
0.0
0.0
0.0
0.0
0.0
0.016758475969192464
0.05068244401328937
0.062277529336548634
0.07132396582847103
0.07398106891572202
0.07490830863285602
0.07264912637974967
0.07215054590685
0.058530915601092325
0.04435952163424576
0.04456843883413913
0.024857117530781885
0.0
0.0
0.0
0.0
0.0
0.0
0.0
0.0
0.0
0.018939183101096817
0.0
0.010037206384109723
0.05256557733331997
0.08362368556642542
0.110449404185931
0.1221498243417606
0.12398157387509282
0.2077409424936068
0.20746151435215016
0.18783061978802945
0.19113747865288525
0.0
0.0
0.0
0.0
0.0
0.0
0.0
0.0
0.0
0.0
0.0
0.0
0.0
0.0
0.0
0.0
0.0
0.0
0.0
0.0
0.0
0.0
0.04395096536364368
0.08893577707091435
0.0
0.0
0.0
0.0
0.0
0.0
0.0
0.0
0.0
0.0
0.0
0.0
0.002801728563319595
0.0
0.04411971902557162
0.05958667355243098
0.07049208607909294
0.07179182074102783
0.07971633487400473
0.0825868551940316
0.0827402407462135
0.07785878959640372
0.07092697658791128
0.07444526879078253
0.07542051011309714
0.05986640778079027
0.02619649685897156
0.0
0.0
0.0
0.0
0.0
0.0
0.0
0.0
0.0
0.005571804154991426
0.0
0.0015561007113293504
0.038099672450053475
0.0487140971551626
0.06227692727569509
0.07318259742394294
0.06675481415143604
0.07150558545947469
0.07190237421329874
0.0693816451836342
0.07829913479526285
0.09282793466120678
0.0716305424430467
0.03959486740719691
0.0
0.0
0.0
0.0
0.0
0.0
0.0
0.0
0.0
0.0
0.017560034113061652
0.04098276723184758
0.07131607287824977
0.0780739373129721
0.07971915806061983
0.08759109938358321
0.08966439638608686
0.09294713239627304
0.10446688906438584
0.11374862975593843
0.12719920517316927
0.14894887631697198
0.12095519338525636
0.1234393290471246
0.1080738806535637
0.0
0.0
0.0
0.0
0.0
0.0
0.0
0.0
0.0
0.05475223668986094
0.0475212639129982
0.070515305231243
0.07875460064967359
0.090638457114335
0.11336043712111958
0.11957603391231755
0.10745081340588379
0.11148616512514702
0.1197292184180151
0.12763718896551912
0.1385380999974212
0.12203493713501458
0.1324934423003741
0.1343937363110815
0.0
0.0
0.0
0.0
0.0
0.0
0.0
0.0
0.11002933776598493
0.09192553821697272
0.06998927650631519
0.07738418787534353
0.09289232235262679
0.10872426728277808
0.12027296334304433
0.12600656039643707
0.13413174609441253
0.12568158225215503
0.10210148941051043
0.10103955117878805
0.12158640574564128
0.11875974354486458
0.13511965754162855
0.09320822829017036
0.0
0.0
0.0
0.0
0.0
0.0
0.0
0.0
0.0
0.0
0.03207878150979727
0.0558208452991437
0.07666816668496491
0.10333423377767746
0.1095963589615532
0.11700753090125975
0.17924004394041876
0.17967453040247083
0.1682648724294638
0.18003426354778976
0.0
0.0
0.0
0.0
0.0
0.0
0.0
0.0
0.0
0.0
0.0
0.0
0.0
0.0
0.0
0.0
0.0
0.0
0.0
0.0
0.0
0.0
0.0853780682355027
0.10705272414357396
0.04346995355810306
0.0
0.0
0.0
0.0
0.0
0.0
0.0
0.0
0.0
0.0
0.0
0.0
0.0
0.0
0.01666767921434116
0.0
0.0
0.0
0.0
0.0
0.13328349109658072
0.1967409230718292
0.20264827483301098
0.19539328911512605
0.0
0.0
0.0
0.0
0.0
0.0
0.0
0.0
0.0
0.0
0.0
0.024107550524629956
0.04423881825919251
0.03864867249204453
0.06253912888801483
0.0771423014891189
0.07920110585917453
0.08325061523621492
0.08644251859117398
0.09307851963030978
0.08908314357814623
0.07831876553247871
0.08688775758889813
0.10752709185076356
0.09464318908577465
0.07807539523724771
0.06003513619772625
0.0
0.0
0.0
0.0
0.0
0.0
0.0
0.0
0.09213379314796165
0.07220597048198753
0.0399269935646633
0.05381919222333827
0.07215108642422866
0.07731717275731362
0.08141718431497638
0.07882431391952358
0.07899757113554721
0.0790626545173129
0.0758017549444761
0.08518032727883364
0.10558993753615417
0.07873335014560724
0.06159050307541776
0.05033331420855921
0.0
0.0
0.0
0.0
0.0
0.0
0.0
0.0
0.0
0.0
0.0
0.0
0.0
0.019918574324182866
0.030532625865125236
0.033214461172231174
0.0368970930843615
0.04014441545897329
0.0484326644227014
0.04244265721514996
0.01916334859197461
0.0
0.0
0.0
0.0
0.0
0.0
0.0
0.0
0.0
0.0
0.0
0.005564878120963651
0.0
0.0
0.013110731249845405
0.0371144392136965
0.052234051074296475
0.06900438616151647
0.07321602614756482
0.0738635820099248
0.06863777152938438
0.05201293857533728
0.043120742742345744
0.029500700298718152
0.0
0.0
0.0
0.0
0.0
0.0
0.0
0.0
0.0
0.0
0.0
0.0
0.0
0.01003768820804815
0.0
0.0
0.04207078843396949
0.04434805180685548
0.04841422375055233
0.08920554802647587
0.08937375067780462
0.080287278611277
0.08353135303804286
0.0
0.0
0.0
0.0
0.0
0.0
0.0
0.0
0.0
0.0
0.0
0.0
0.0
0.0
0.0
0.0
0.0
0.0
0.0
0.0
0.0
0.0
0.0015075324777429546
0.002779310526354165
0.0
0.0
0.0
0.0
0.0
0.0
0.0
0.0
0.0
0.0
0.0
0.0
0.0
0.0031686532865734837
0.017103245746178334
0.06495515419106142
0.07760590597864862
0.07971613274888235
0.08296545251286455
0.07964071737346369
0.07887058538664515
0.07766019602536724
0.07371064760545101
0.07280510278324477
0.07001814557084292
0.05170039432412069
0.04658501834942699
0.04512247488728783
0.0
0.0
0.0
0.0
0.0
0.0
0.0
0.0
0.0
0.013408845553942431
0.012097236902160706
0.022586850455769344
0.05340679381890386
0.06913657967674772
0.07689080165677255
0.07527282397382315
0.07582382374240111
0.07593366805000115
0.07319608776269221
0.08217941655688699
0.08867240076170155
0.0734448604340735
0.06751477138628195
0.04784301663816506
0.0
0.0
0.0
0.0
0.0
0.0
0.0
0.0
0.0
0.0
0.0
0.0
0.028167616556963898
0.038596640673576536
0.05281735055407578
0.06505091737689013
0.07343312796114378
0.07442310263367148
0.0718182707630094
0.07132879357344053
0.0634401200012303
0.03361545652821182
0.011967540162589246
0.04512127070730035
0.0
0.0
0.0
0.0
0.0
0.0
0.0
0.0
0.0
0.0
0.0
0.0
0.027244230231286796
0.03455616289260236
0.043187829171039666
0.04939480801904008
0.0533561695709513
0.054144142322829485
0.05276965350089575
0.05252112148991585
0.05084988879485917
0.03893094199288063
0.0
0.04512044526779774
0.0
0.0
0.0
0.0
0.0
0.0
0.0
0.0
0.0
0.0
0.000633671952800361
0.0042160470134163805
0.021675123882251932
0.0468283770090429
0.06969931083754845
0.0757568754772725
0.07701153534969726
0.07714236424091936
0.07427428193397242
0.0841087754497867
0.10473466441548351
0.09962468988802878
0.10153293863056911
0.09368253522197964
0.0
0.0
0.0
0.0
0.0
0.0
0.0
0.0
0.14306646632737072
0.1480709504863992
0.10652788138862877
0.1172591906839022
0.12552982298544776
0.12623721913748334
0.12545208220545498
0.1241071001661271
0.20522927116093131
0.19527791436219177
0.15030802791592737
0.14572877269804896
0.0
0.0
0.0
0.0
0.0
0.0
0.0
0.0
0.0
0.0
0.0
0.0
0.0
0.0
0.0
0.0
0.0
0.0
0.0
0.0
0.0
0.02069918643261272
0.1663299096991953
0.1709157272318751
0.08133885594659952
0.0
0.0
0.0
0.0
0.0
0.0
0.0
0.0
0.0
0.0
0.0
0.0
0.0
0.018641641923544675
0.03422143183523594
0.04737985226557278
0.057408167403920615
0.06913296578567864
0.07342041819184066
0.07454191419826046
0.07468390029682635
0.07152572283415234
0.07302833937398283
0.07519822610339053
0.060740895275159634
0.059371716697258055
0.051992427826465515
0.0
0.0
0.0
0.0
0.0
0.0
0.0
0.0
0.05859759380989883
0.06564674451001784
0.04561726226865905
0.06714448382448156
0.07437202701899395
0.0759253689826192
0.08002712655453523
0.07869131610406939
0.08013857985487251
0.08088659945513545
0.07947084353873604
0.08774528811005385
0.101860448628163
0.06281449509899482
0.051649668910197885
0.046924196855266886
0.0
0.0
0.0
0.0
0.0
0.0
0.0
0.0
0.07138335670637318
0.06968893001801733
0.05081307124054522
0.0712664240228257
0.07714624703090456
0.08367069227715893
0.09422170949843056
0.10470418437889564
0.11215481640048468
0.10884934843149623
0.10069299398195633
0.1022850771678115
0.11295332757959858
0.10726781896223667
0.1250582167672513
0.11545525188863677
0.0
0.0
0.0
0.0
0.0
0.0
0.0
0.0
0.1338401230419181
0.13263289266032388
0.07066929499530011
0.08071932468316029
0.09748058891537303
0.11274851631387328
0.12307105460976603
0.13016580463438387
0.1350284825419527
0.1336376174028329
0.12259851858178603
0.12112242573763571
0.12486420699186251
0.11224326174886275
0.12755819377883865
0.12708990807345333
0.0
0.0
0.0
0.0
0.0
0.0
0.0
0.0
0.1789151394857325
0.13670015721368806
0.0740191536510232
0.09301762056525169
0.12100298361265496
0.1339686932057829
0.13686930666099215
0.1351933400424536
0.13638865547896495
0.13860643090620478
0.13656867512432272
0.14145470126471316
0.14342634656219955
0.12199529403161789
0.1287049944985002
0.12727368926595964
0.0
0.0
0.0
0.0
0.0
0.0
0.0
0.0
0.17431305194412317
0.17480724505639805
0.11488841039799876
0.13556763510873368
0.16416064448970563
0.17098650651974434
0.16789747860661144
0.16496903888376482
0.2562916142179448
0.2446111564390835
0.21299567714096626
0.2244007139856273
0.12908006901654046
0.0
0.0
0.0
0.0
0.0
0.0
0.0
0.0
0.0
0.0
0.0
0.0
0.0
0.0
0.04325611573397324
0.19259008544707898
0.0
0.0
0.0
0.0
0.10634476359860277
0.22209155908666822
0.1474435348663412
0.0
0.0
0.0
0.0
0.0
0.0
0.0
0.0
0.0
0.0
0.0
0.0
0.10778933476882144
0.08639182070829848
0.05645240537095848
0.07433365841753078
0.07899444990841493
0.08166465571057815
0.08740714835133247
0.08963870975827715
0.09140386868266949
0.08985448907721144
0.08601707068061265
0.09114902015997743
0.10867987315471185
0.10975903540539762
0.12637743561179243
0.1088411151316075
0.0
0.0
0.0
0.0
0.0
0.0
0.0
0.0
0.0
0.026093762307524655
0.030633962170819845
0.04660357485513141
0.0667983368707463
0.0753260891995256
0.07973662976027948
0.07765199735337067
0.0799664100776447
0.08454251992593675
0.08756815785438296
0.09351474617038558
0.10750952362300711
0.09683319665477745
0.08711676424900673
0.07830835430995724
0.0
0.0
0.0
0.0
0.0
0.0
0.0
0.0
0.13737807924004294
0.13402079219095475
0.07294608722752433
0.07652751967804906
0.08538258808028176
0.0910304546898339
0.09524597336396153
0.09721476646438634
0.09780352634160411
0.09594135676965754
0.09060860917171926
0.09240261525992725
0.10819808610183383
0.1092563888858322
0.11411711466054981
0.09527502359002572
0.0
0.0
0.0
0.0
0.0
0.0
0.0
0.0
0.08249558377713041
0.06907851823908549
0.04250507653209017
0.058258121750480486
0.07467019491760658
0.07672804146878152
0.08047886754494571
0.07772035972877149
0.07804724391010377
0.078190252414297
0.07560991882684923
0.08597070121776615
0.10783958328424254
0.10922758488130653
0.12584275031042286
0.13247666182054096
0.0
0.0
0.0
0.0
0.0
0.0
0.0
0.0
0.10287745010411825
0.07427644003501949
0.04066972646927755
0.04950971240289408
0.06120356599689079
0.07406905018216042
0.08074645596263616
0.07863533920004957
0.07896898428778852
0.07858469516821788
0.07662970826128852
0.08508059463674394
0.10547490690268177
0.10073500160896898
0.09525306976591177
0.0716544474603229
0.0
0.0
0.0
0.0
0.0
0.0
0.0
0.0
0.08533070997672619
0.10316493332482254
0.07313157166424439
0.08882977247552473
0.10774278947491238
0.11763172372010586
0.11825068101372885
0.11820889202695854
0.19629023327521938
0.19765095630043075
0.18164814878194882
0.20597035201296632
0.0
0.0
0.0
0.0
0.0
0.0
0.0
0.0
0.0
0.0
0.0
0.0
0.0
0.0
0.0
0.0
0.025286639230898626
0.0
0.0
0.0
0.0
0.0
0.0
0.0
0.0
0.0
0.0
0.0
0.0
0.0
0.0
0.0
0.0
0.0
0.0
0.0
0.18884394490549303
0.14755338977725352
0.07920144033315629
0.08704927086894343
0.09629239540903012
0.10106003517965323
0.10811208491762406
0.10975286370911996
0.11481166054057387
0.11884132368532126
0.11921444752350199
0.12300304759390006
0.12330827278862788
0.114149309576283
0.10902732198756158
0.09007901850721246
0.0
0.0
0.0
0.0
0.0
0.0
0.0
0.0
0.07274511438327758
0.0587573019396282
0.04103754142286157
0.06181893671403015
0.07490725127276154
0.07626745501868358
0.07921819183732802
0.07556607315106388
0.07522788850717202
0.07528370902360035
0.07287438185225953
0.08252329883827499
0.09597040560342276
0.0755258796764257
0.07149745903724687
0.0590556636881876
0.0
0.0
0.0
0.0
0.0
0.0
0.0
0.0
0.07093717049563288
0.0675505783901712
0.04736922356746085
0.06724912484914868
0.07311338314221474
0.07442342575834886
0.07787720072323544
0.07520039326755874
0.07519322019681618
0.07494832005296036
0.07217753382278419
0.08170696418565405
0.09125904071568264
0.06489969113867682
0.06034545734407445
0.052856979995960555
0.0
0.0
0.0
0.0
0.0
0.0
0.0
0.0
0.0027924299763912148
0.06050953343107096
0.04546619947903771
0.06757382233393466
0.0754716748434376
0.07739496275155011
0.08343064335109734
0.08625223779101322
0.08728820798524807
0.08344689480164873
0.07710580869379664
0.08533260236989648
0.10612978712152729
0.107503987878308
0.1150414300197508
0.09392895239059555
0.0
0.0
0.0
0.0
0.0
0.0
0.0
0.0
0.05395358587624565
0.06577148591153845
0.048310190254240624
0.0699451912407307
0.07634925995878167
0.07853866421391392
0.08241336298682704
0.08211817480710018
0.08181036372693129
0.07885406655499407
0.07504459144384899
0.08433396239350796
0.10071104919711288
0.07738185474779667
0.07296468795900093
0.06368394944804107
0.0
0.0
0.0
0.0
0.0
0.0
0.0
0.0
0.16370842543754255
0.1737559491883658
0.1140392264403942
0.13554072736647255
0.16630184606499768
0.1836656060181414
0.19554147433533797
0.2052953233332036
0.32016564430576033
0.3040302972922121
0.26642688272917786
0.2823028389931326
0.19541725860062262
0.10108972963118744
0.0
0.0
0.0
0.0
0.0
0.0
0.0
0.0
0.0
0.0
0.0
0.12405293053391014
0.1998017763840482
0.2723157578793226
0.3084258996345709
0.28266716821517585
0.3302451001170215
0.3411451721625686
0.30893286462104924
0.3473327907143002
0.31431984163091636
0.25549923624826604
0.2822935976911902
0.2840903741390157
0.218450689397147
0.20278240788953322
0.1644955257147665
0.0
0.0
0.0
0.0
0.0
0.0
0.0
0.2090861893669675
0.17231587109967456
0.10855971764291082
0.1298182424708954
0.14925699874134946
0.16082115167674946
0.16621844932693688
0.1667075022402731
0.1696510892541516
0.16662080157916512
0.15653666855033496
0.15525360899235274
0.15596301562427878
0.12866921111737858
0.13465930310583463
0.13337518144079272
0.0
0.0
0.0
0.0
0.0
0.0
0.0
0.0
0.0
0.10292663304078437
0.1515125307656065
0.20420493896826097
0.23486546497619423
0.18904526812035463
0.0
0.0
0.0
0.0876827595105767
0.20901491736506111
0.16864595838954544
0.1826465025738982
0.10502505996524439
0.0
0.0
0.0
0.0
0.0
0.0
0.0
0.0
0.0
0.0
0.0055591017592062295
0.038108534787155805
0.02704652884787257
0.037632190609646086
0.04913393124184352
0.06128173482364089
0.07558148621623954
0.07541313963617782
0.07603080538798553
0.07599900551780464
0.07308605846656428
0.07562871895688847
0.07103659209583227
0.05200515921947259
0.05103331959436773
0.04675712733724379
0.0
0.0
0.0
0.0
0.0
0.0
0.0
0.0
0.0
0.0
0.0
0.0
0.0
0.030430283073187313
0.04449358364211792
0.05658925883054069
0.06826799469264279
0.0734997448671413
0.07144021788178405
0.07647399041825453
0.06852378977892924
0.035190985115007754
0.0
0.045121368208504174
0.0
0.0
0.0
0.0
0.0
0.0
0.0
0.0
0.057021393518712674
0.013408084959364274
0.010046850456144094
0.052375940452722765
0.07495533068079345
0.07763429178417398
0.0820005102235628
0.08314797777839698
0.08633705661003702
0.08877974821435466
0.09064587035575444
0.09742208301610687
0.1107572462569092
0.1107249261428104
0.12919428639957514
0.10852674120279422
0.0
0.0
0.0
0.0
0.0
0.0
0.0
0.0
0.05706028724400513
0.07295032278415632
0.0642412718517582
0.09589153877002556
0.11920792589336926
0.12170414863245671
0.12357483150516795
0.1256768726766998
0.2103524925236884
0.2106169106901276
0.19274290366092425
0.214453216408875
0.15200424724393038
0.07876149691449448
0.0
0.0
0.0
0.0
0.0
0.0
0.0
0.0
0.0
0.0
0.0
0.0
0.0
0.0
0.0
0.0
0.0
0.0
0.0
0.021667541845408863
0.1740168691840996
0.12699501479575423
0.0
0.0
0.0
0.0
0.0
0.0
0.0
0.0
0.0
0.0
0.0
0.0
0.08546923340166204
0.06095009684561791
0.039099023633738544
0.05705850271290421
0.07390647106227796
0.07630732730423034
0.08156216847269074
0.08422682358796796
0.08786380281310081
0.08780500822457141
0.0860186670658734
0.09210819794958461
0.10907078727906888
0.11009620293405205
0.1245455955268417
0.10110142594611383
0.0
0.0
0.0
0.0
0.0
0.0
0.0
0.0
0.09271026158654329
0.070879808146758
0.044972618567818146
0.06466699435310122
0.07556321826208537
0.07704413237203588
0.08086401211121844
0.0780778135985867
0.07827611689035564
0.07818838606903684
0.07539489989473289
0.08499503902378913
0.10312731742614122
0.0799377168240497
0.07228126181508636
0.05930177387771754
0.0
0.0
0.0
0.0
0.0
0.0
0.0
0.0
0.06343400613346908
0.055173488463457696
0.039884464975711985
0.06110142112352769
0.07519847385630134
0.07691247626815446
0.08078416489537771
0.07876678735677765
0.07876718216153744
0.07764391529831781
0.07457656148868858
0.08395152743871848
0.10268612275102112
0.08629181004515306
0.08708372569074853
0.07913346970980212
0.0
0.0
0.0
0.0
0.0
0.0
0.0
0.0
0.06283217763324614
0.06424733633073654
0.04781189749911031
0.0699793802347478
0.07745332033712861
0.08025848311284492
0.08707031167478757
0.09073093768326554
0.09278302649352838
0.08988217716496065
0.08535917413646667
0.08888940711695933
0.10719876035292196
0.08538112953904632
0.07581191584970962
0.06733448470637743
0.0
0.0
0.0
0.0
0.0
0.0
0.0
0.0
0.08437904349489873
0.07925947370837971
0.05628344965037723
0.07282713396983675
0.07961053447176997
0.08506077079380128
0.08845581383351983
0.09030323403211092
0.0919413539405341
0.09031647787922975
0.08696200631049977
0.09154510819388345
0.10929689202654892
0.11016526271249445
0.11785082403813232
0.10391839435073205
0.0
0.0
0.0
0.0
0.0
0.0
0.0
0.0
0.11539546261699696
0.12428886446634464
0.09730129504106108
0.11497526449777837
0.12451308390110317
0.1264291715501836
0.1294595139577598
0.1319765449668013
0.21586789337480744
0.2111665849360149
0.19191154710694902
0.21530740372338955
0.0
0.0
0.0
0.0
0.0
0.0
0.0
0.0
0.0
0.0
0.0
0.0
0.0
0.0
0.0
0.0
0.0
0.0
0.0
0.0
0.0
0.022132317077826986
0.18638193926283536
0.19751246595477173
0.1638463626623453
0.0
0.0
0.0
0.0
0.0
0.0
0.0
0.0
0.0
0.0
0.0
0.08553404236323621
0.06139205016911779
0.041363540174513644
0.06206078811363833
0.07611942657908861
0.07825658518794457
0.08389834117574436
0.08848143508160204
0.09200193917211509
0.08972747372894008
0.0852257836334652
0.08921494652130121
0.10852550355311719
0.09597021880587338
0.08439214923308626
0.06533944764349213
0.0
0.0
0.0
0.0
0.0
0.0
0.0
0.0
0.0
0.026093052020255046
0.036028118575270225
0.06132755488991057
0.07554523454961365
0.07761122768365716
0.08199226225494614
0.08322633544953364
0.0836713711944871
0.08070016913811758
0.0759615052011612
0.08517776087147431
0.09959322569236241
0.0687364794301616
0.06073361239712131
0.052655866091187074
0.0
0.0
0.0
0.0
0.0
0.0
0.0
0.0
0.061385268608090224
0.06687387817570895
0.050113356839917564
0.0721038372981576
0.07889609058568972
0.08587727284353971
0.09524081953000049
0.10172551550753929
0.10588988561834921
0.09965448236071206
0.0884712738022243
0.08927662516692915
0.10778112339410463
0.09510422024408313
0.08844614192488776
0.0798075599460394
0.0
0.0
0.0
0.0
0.0
0.0
0.0
0.0
0.08151883444794225
0.06854168797663002
0.04370667933886538
0.06217689556482073
0.07498876020657007
0.0761364317627642
0.0798782282417663
0.07741552847442887
0.07769081522876246
0.07763378038311264
0.0747464280652408
0.08440832377319371
0.10534929242702745
0.09807745236677397
0.09956315281651504
0.08650510877330249
0.0
0.0
0.0
0.0
0.0
0.0
0.0
0.0
0.09259566599744508
0.08117842850367975
0.05043756208935621
0.06773739973772491
0.07515759872645882
0.07621740868322144
0.08011081620459755
0.07865377706108805
0.08059520084860261
0.08122000084056816
0.07994709122345259
0.08792273026993004
0.10582990963877198
0.1068582831826927
0.12572822571939188
0.11377957552573795
0.0
0.0
0.0
0.0
0.0
0.0
0.0
0.0
0.1105419904998982
0.11998243048160638
0.09526677409934127
0.11225168609057523
0.12122909935531595
0.1245476978905818
0.12965671333194298
0.13541830168897084
0.22294084700395075
0.21558590335568972
0.190792393180845
0.21279711591884715
0.10644074590466429
0.0578905482184893
0.0
0.0
0.0
0.0
0.0
0.0
0.0
0.0
0.0
0.0
0.0
0.0
0.09321897548134807
0.18702226051248172
0.23076242322316348
0.13544185928175356
0.0
0.0
0.0
0.07730676164852195
0.21065752945575297
0.1705321817549359
0.15659546579909234
0.0
0.0
0.0
0.0
0.0
0.0
0.0
0.0
0.0
0.0
0.0
0.10454819603125122
0.0837426901869567
0.05303198670173636
0.0709432325524795
0.07697933428171495
0.07878326872296774
0.08627748585750171
0.09154650515317443
0.09744795941945443
0.10076145764858174
0.10129328602637618
0.10388827471047947
0.11147892065965706
0.10688093472300454
0.1004173310553441
0.08076662174555353
0.0
0.0
0.0
0.0
0.0
0.0
0.0
0.0
0.10982593486661509
0.08587635799564296
0.05507143317756514
0.07252499503073939
0.07780320414994914
0.08042025288092777
0.08861284144548194
0.09560259762507521
0.09877901681663286
0.09532662044542255
0.08884379487915167
0.09219934908720222
0.10986189346060635
0.11123124101046278
0.12967146869444474
0.11809743571750907
0.0
0.0
0.0
0.0
0.0
0.0
0.0
0.0
0.11495474083923135
0.08779369026213589
0.0559451696326364
0.07308273373826944
0.07804305137410876
0.08144076015390779
0.09062392500293785
0.09721945081003376
0.1026117575651444
0.10350712078412334
0.10088378557849573
0.10342961732463231
0.11312438555742489
0.11271135919548907
0.13255105760254668
0.1192409719436987
0.0
0.0
0.0
0.0
0.0
0.0
0.0
0.0
0.13383459765551373
0.10199099306872772
0.06524146829852823
0.07535840701390192
0.08187586182583283
0.09070390059524228
0.10307171156126707
0.11293738581526976
0.12010661318092693
0.12094906237971073
0.1192374655437158
0.1223830977361231
0.12574393445549695
0.11443003151852875
0.1334042107905102
0.1312853135943832
0.0
0.0
0.0
0.0
0.0
0.0
0.0
0.0
0.16152248764195454
0.13800791929933381
0.07249344382508184
0.07729097648881715
0.08909730898400584
0.09484596593698248
0.09619687690585435
0.09306024410128262
0.09233275728051246
0.090206484700622
0.0860127135156223
0.09145035659920876
0.1073158557347067
0.10876517384720648
0.12860532414211742
0.1224524660139631
0.0
0.0
0.0
0.0
0.0
0.0
0.0
0.0
0.12522168612378684
0.14016527420150865
0.106949568669751
0.11586760353665558
0.13107637168294323
0.13670494049063026
0.13839608534636544
0.14023200286749965
0.2260346794851285
0.2168224579043582
0.18959800822089826
0.21083897617952083
0.1506628350069998
0.07842289056573647
0.0
0.0
0.0
0.0
0.0
0.0
0.0
0.0
0.0
0.0
0.0
0.0
0.1190115642773095
0.19477934849531706
0.22837068092941323
0.0
0.0
0.0
0.0
0.0
0.047576025135173235
0.0
0.0
0.0
0.0
0.0
0.0
0.0
0.0
0.0
0.0
0.0
0.0
0.0
0.0807017650353741
0.06001385314576607
0.03272363300577979
0.04066032677944066
0.050110103797243954
0.061368503784473845
0.07736890566211035
0.07704549521596017
0.07806186744739152
0.07850732189213805
0.07619601563800942
0.08632311654052882
0.1044775533284881
0.07831304017699249
0.06805378596296342
0.05757359082798179
0.0
0.0
0.0
0.0
0.0
0.0
0.0
0.0
0.0
0.057759670846911595
0.05974852857390205
0.07287968072261088
0.07851624547748744
0.08766189015047442
0.1008398152403209
0.10903534970541094
0.11470882607708643
0.10651183904690274
0.09184783123321302
0.1035303134151721
0.11337336448916045
0.10615365089999325
0.08413673822641694
0.06016767991623613
0.0
0.0
0.0
0.0
0.0
0.0
0.0
0.0
0.07943934735249611
0.07648717766334381
0.04696059415543259
0.06204297325479641
0.07439809957931129
0.07631296749606592
0.08078194980838821
0.08014619230823927
0.07955867329094744
0.07792503290663504
0.07442242563100383
0.0809112737924829
0.08284184037293943
0.07151329366247576
0.07048359588798223
0.06626017545902195
0.0
0.0
0.0
0.0
0.0
0.0
0.0
0.0
0.10372484812888505
0.07292592579482858
0.035600072922342234
0.03640397073724443
0.04648338124929183
0.06431365095912067
0.07988716854261846
0.07935608943578838
0.08402371091452733
0.08259207226291598
0.07647976538671826
0.085720349821924
0.09364268461461006
0.06501011958811445
0.06503665983444394
0.06651887933587586
0.0
0.0
0.0
0.0
0.0
0.0
0.0
0.0
0.0790298300445454
0.05960877083446898
0.0369524296023311
0.058408435272283954
0.07652764671923924
0.07935680253882639
0.09001409515471535
0.09567525514492978
0.09231047003250455
0.08921185904480468
0.08231131536810704
0.08675338911567677
0.10356436411634785
0.07188637429614654
0.05024607291697136
0.0451242346771453
0.0
0.0
0.0
0.0
0.0
0.0
0.0
0.0
0.002695478176866506
0.0697108130498615
0.05221800646453581
0.07971569666628468
0.11717102012893771
0.12392942913111689
0.1302103999718305
0.13422914124445157
0.21999127731324408
0.21226093737834142
0.19074739934900425
0.21206035539980123
0.0
0.0
0.0
0.0
0.0
0.0
0.0
0.0
0.0
0.0
0.0
0.0
0.0
0.0
0.0
0.0
0.0
0.0
0.0
0.0
0.0
0.04397447651122069
0.19886363846154995
0.1903738514113584
0.10425681855575208
0.0
0.0
0.0
0.0
0.0
0.0
0.0
0.0
0.0
0.0
0.0
0.0
0.0
0.035531943769425714
0.05916883378542677
0.07738087120959276
0.08105012543360583
0.09646119348036432
0.10100202148566276
0.10366921447394863
0.10227014182959164
0.0931035255141244
0.09865618085262062
0.11296151873339491
0.11216616411986863
0.1209502622471484
0.10321768042056963
0.0
0.0
0.0
0.0
0.0
0.0
0.0
0.0
0.11123513229135444
0.0969464988921746
0.056215648978362356
0.0677786397280866
0.0775390457436575
0.07842852897336608
0.08285264389690188
0.0918828198474501
0.09906197867930047
0.08886660113329661
0.07948532774042538
0.08751538248953367
0.10885720645407373
0.11126969219237909
0.12058075943718898
0.11165365929293343
0.0
0.0
0.0
0.0
0.0
0.0
0.0
0.0
0.1467109326549984
0.13436503095413943
0.07631457291649107
0.08944536871190016
0.10405528437622638
0.11521909615064624
0.12166554575456946
0.12583203244426008
0.13093730343558202
0.13521246812263132
0.12261894141563877
0.11996521163411414
0.12457734821178464
0.11444680542180896
0.12621980878453432
0.10890818914058122
0.0
0.0
0.0
0.0
0.0
0.0
0.0
0.0
0.018220752596287883
0.07257195755546134
0.06622537226281891
0.07556552049775513
0.08801425444755849
0.11256700689924581
0.13740298517873384
0.14143832678606233
0.13027723871560729
0.11276808680639838
0.1047452579798621
0.11276746420879813
0.11594335139667221
0.10746607597830471
0.09309282871388645
0.07406643487130937
0.0
0.0
0.0
0.0
0.0
0.0
0.0
0.0
0.028024494713197307
0.04328104504645876
0.04145044659505293
0.06680483630790682
0.07755309520337321
0.08108833392064836
0.08598354307317625
0.08608989495874356
0.08845275363205439
0.08973606503191522
0.0833006881198167
0.08815338153062484
0.10908790151946136
0.09193341842566337
0.08540376288491512
0.08254060679760984
0.0
0.0
0.0
0.0
0.0
0.0
0.0
0.0
0.0689366593226802
0.10072279112806592
0.07583132856680194
0.08379820399167336
0.10679048115981084
0.12391882240306301
0.12598798825732332
0.1268408017670386
0.21516676562203207
0.21927585195463492
0.20092565538269924
0.22132251585226126
0.16620096621836253
0.07961492480185448
0.0
0.0
0.0
0.0
0.0
0.0
0.0
0.0
0.0
0.0
0.0
0.0
0.04058028284935532
0.17356335855364277
0.12383851593484162
0.0
0.0
0.0
0.0
0.1350738274456965
0.21638893366705997
0.18331371528326804
0.19763380421122984
0.08006546988009422
0.0
0.0
0.0
0.0
0.0
0.0
0.0
0.0
0.0
0.0
0.0
0.07002785361600165
0.06708039827974938
0.0775338789561617
0.09353547835692474
0.11202028267394544
0.13093307433438858
0.1357410284807017
0.1407418571817811
0.13289042498830886
0.11601604483889234
0.11848995410027585
0.13328456527647914
0.11766727347011031
0.12866915965373868
0.12193391114384242
0.0
0.0
0.0
0.0
0.0
0.0
0.0
0.0
0.06873999801920955
0.10219532562981531
0.07334914682618723
0.09601077385015282
0.12985065046129762
0.1495629360548309
0.16270964955254263
0.16040175866659567
0.15003317341446507
0.12916237385627508
0.10628774104145183
0.10182162805685298
0.10991624857113017
0.07608190667073554
0.05823814592127318
0.054702155489916526
0.0
0.0
0.0
0.0
0.0
0.0
0.0
0.0
0.0053439234263900955
0.05837968726289153
0.0519827451552212
0.07280322746057308
0.07687521811404059
0.0799019171573342
0.08601890055077537
0.08461405192279207
0.08173226424179963
0.0799661590171819
0.07737501272313821
0.08578524557844708
0.10380987026608698
0.07880829183366456
0.0710335158484481
0.06665098208126725
0.0
0.0
0.0
0.0
0.0
0.0
0.0
0.0
0.002592693612982455
0.059429455717522804
0.04906652437252125
0.07069777978444038
0.07679368832027159
0.08010143528465867
0.08485817003586778
0.08216578551288552
0.08395566431563274
0.0853415774754091
0.08366963945167638
0.09220115747482481
0.10767365926952407
0.10604570171542385
0.1235856032455814
0.11401185506563458
0.0
0.0
0.0
0.0
0.0
0.0
0.0
0.0
0.07744559484364512
0.0927864955675381
0.0676768736481644
0.0738707098730393
0.08158975341146264
0.085115237818244
0.09089489880988742
0.09222573665316496
0.09601855206220535
0.09934177477458643
0.09545923917911729
0.10018221273095966
0.11321355369698893
0.10965473519714009
0.12806862524669801
0.1299820167775376
0.0
0.0
0.0
0.0
0.0
0.0
0.0
0.0
0.0
0.10265537000191578
0.10893037613259005
0.12469225580323517
0.1488987988469857
0.16192108680469444
0.16525003726268384
0.1621559403737503
0.2532848688352825
0.250634015234876
0.2223283348285729
0.2338850026069961
0.1579624655624041
0.07698558556377429
0.0
0.0
0.0
0.0
0.0
0.0
0.0
0.0
0.0
0.0
0.0
0.0
0.07630290847260061
0.20794550090518943
0.2300943694711154
0.17485684219223205
0.0
0.0
0.0
0.1622506180112568
0.18515122961215894
0.19651117615794667
0.18161096965559026
0.0
0.0
0.0
0.0
0.0
0.0
0.0
0.0
0.0
0.0
0.0
0.017651746271755878
0.06829983296893855
0.0648969426837039
0.07454920093555531
0.07998771145055283
0.09327640916115397
0.10812751568791372
0.11246697010503566
0.11404769124629546
0.10854493230462345
0.09662316297973118
0.09171617145220153
0.10877871976872848
0.10724808903270475
0.11316198365082925
0.10146985083128492
0.0
0.0
0.0
0.0
0.0
0.0
0.0
0.0
0.09560287458007376
0.08269693412799922
0.04751827115407957
0.06615110350521922
0.07653609358052377
0.07928774345894427
0.08756326397474468
0.0872839634228006
0.08336559393622242
0.07983701939655977
0.07489671937316376
0.0775123096075381
0.10004886400773452
0.10428739196936776
0.12413388509071255
0.11878415241294775
0.0
0.0
0.0
0.0
0.0
0.0
0.0
0.0
0.11912299063271051
0.09026170252335916
0.04836633225080114
0.06235947721718457
0.0760250091810137
0.07726155803955428
0.08101255284057135
0.07810964316976635
0.07965883708451124
0.08404112501821963
0.08163152190185798
0.08923073473539947
0.1101756461696408
0.11079457188984482
0.13081887785884727
0.1345645664694572
0.0
0.0
0.0
0.0
0.0
0.0
0.0
0.0
0.0
0.06446078203198902
0.041333094713261076
0.059851428631723755
0.07580809263593262
0.07705170374110464
0.08114144417075053
0.07857416015091832
0.08016910123732024
0.08011381152820637
0.0758957509108569
0.08462478779712343
0.10489388620364923
0.0872799315444178
0.08500037754658284
0.08233574699743028
0.0
0.0
0.0
0.0
0.0
0.0
0.0
0.0
0.0
0.04735918619137526
0.04073457554622205
0.06304909742820214
0.07612081170872244
0.08010085911422662
0.09025468699482916
0.09331603256164636
0.1000333660365412
0.09641242945283843
0.08518242959429458
0.09023452142630442
0.10981486657340266
0.10981941565702343
0.1281177411517001
0.11923182234958571
0.0
0.0
0.0
0.0
0.0
0.0
0.0
0.0
0.0
0.13156087171068218
0.11344118275397776
0.13797862917975373
0.15900193629213083
0.16465651522227
0.1759147306898628
0.19556422451680328
0.3176101234705416
0.2981366897529866
0.26241258787742566
0.27619249284992803
0.1931318727081661
0.08479576076410643
0.0
0.0
0.0
0.0
0.0
0.0
0.0
0.0
0.0
0.0
0.0
0.0
0.1541668382336361
0.2116918039181324
0.24547844989993964
0.2025144010382004
0.026004267815956203
0.15403127419264973
0.1393967633364995
0.23426434614626826
0.23915854178892743
0.20162691052267986
0.21141954732677526
0.07602024505058691
0.0
0.0
0.0
0.0
0.0
0.0
0.0
0.0
0.0
0.0
0.05312900355198032
0.06248167760253085
0.0550628199872623
0.07379213491492413
0.07852873960223382
0.08317713154579204
0.09182122266848244
0.08855016478567745
0.08782627896975906
0.08468290495352508
0.08075599129308192
0.08872224843553066
0.10918301094870587
0.10720344024202551
0.12690489611931655
0.12736090512263593
0.0
0.0
0.0
0.0
0.0
0.0
0.0
0.0
0.09576504769510694
0.07363002455875378
0.04995981354034692
0.07381988803147276
0.08299397564516929
0.0978280524450802
0.10541193418209437
0.09708715812764783
0.09347692720763284
0.08406528152815448
0.07736046202366546
0.0872020305660662
0.10898769146491685
0.10673432193800161
0.12500848159079112
0.12992291550377738
0.0
0.0
0.0
0.0
0.0
0.0
0.0
0.0
0.15373900199350815
0.12213044265945949
0.0685468541090735
0.07523894266020573
0.07838963521396294
0.08025659774092406
0.08591671811934416
0.08570046341266802
0.09092761472333136
0.09530642989613372
0.09546211668704425
0.10027931227210908
0.11242535646401054
0.10910034528826337
0.1297776231014477
0.13384196535840537
0.0
0.0
0.0
0.0
0.0
0.0
0.0
0.0
0.16251047890043968
0.12606769987143696
0.06347618181566417
0.07431065645674853
0.0789476551444973
0.08359216079863076
0.099568142640105
0.10437621654119988
0.10225282681469654
0.10019192772253802
0.0941307524308623
0.09631957805056404
0.11122287430619521
0.10817145403328673
0.12576047124913228
0.12302819583685382
0.0
0.0
0.0
0.0
0.0
0.0
0.0
0.0
0.0834046165896737
0.08014223118161028
0.051202452605505495
0.07333444610065429
0.08067819421391298
0.09521886297461882
0.12135783638590089
0.13047450241170527
0.12154537768062339
0.11176326620758749
0.09487664789550757
0.09908954048499542
0.1126646272771579
0.10441651322608281
0.09265853588201386
0.07418870318435204
0.0
0.0
0.0
0.0
0.0
0.0
0.0
0.0
0.0
0.038619719797395924
0.06547591239382917
0.11152659553677777
0.12571338558935707
0.13051697846004096
0.14945761867968332
0.1662856931176873
0.26405895366706045
0.2558583958462184
0.21701509857102486
0.2205126069513583
0.0
0.0
0.0
0.0
0.0
0.0
0.0
0.0
0.0
0.0
0.0
0.0
0.0
0.0
0.0
0.0
0.0
0.0
0.024229750008246998
0.1635138402791251
0.18349033032030582
0.022783204048635198
0.17320009359097857
0.0
0.0
0.0
0.0
0.0
0.0
0.0
0.0
0.0
0.0
0.0
0.0
0.0
0.0
0.0
0.0
0.0
0.0
0.0
0.102925145912329
0.23683303874804695
0.20025080258194186
0.10438767726927116
0.21688989052116284
0.16924546824608885
0.12509525155816043
0.0
0.0
0.0
0.0
0.0
0.0
0.0
0.0
0.0
0.0
0.0
0.0025161233981703854
0.038102527129483595
0.03511586177595538
0.06696419279724418
0.07785081052615138
0.07951689637793778
0.08998424054068842
0.09454420072355692
0.09170644614890197
0.08412988372542853
0.07820432421793436
0.0874124862235242
0.1079000026751016
0.08838391191560119
0.08559855378149205
0.0823762738931098
0.0
0.0
0.0
0.0
0.0
0.0
0.0
0.0
0.0646499445815082
0.06849068978514418
0.04937393936358569
0.07005273536222832
0.07762738455701274
0.07909499849439287
0.08926202887545841
0.09706943542338475
0.10044725024658711
0.09538854737256333
0.08832929845548675
0.09252023430954841
0.10998357734984503
0.10512600268034884
0.12444668326781225
0.11875176504129992
0.0
0.0
0.0
0.0
0.0
0.0
0.0
0.0
0.16408149649470374
0.13807158580392026
0.07260072271032819
0.07559351067782233
0.08014259790417864
0.0848161369755246
0.09226242913462016
0.0941055706626559
0.09669061511628813
0.0971376441186384
0.09539800825697639
0.09705184007704298
0.11037664225384233
0.10608580147162287
0.1294961305781634
0.13341114467075446
0.0
0.0
0.0
0.0
0.0
0.0
0.0
0.0
0.078059770848653
0.10484474498112463
0.07180177210137521
0.07647547326110381
0.08002677459796452
0.08102347577474654
0.08805784251072744
0.09168480261947883
0.0947614587620035
0.09431192961763245
0.08740915572014119
0.09191925250745962
0.10744917389226606
0.10408941170002171
0.12583701053344706
0.11830875361816813
0.0
0.0
0.0
0.0
0.0
0.0
0.0
0.0
0.0
0.0
0.023062152464809544
0.08710357484657356
0.12099216675015965
0.12359404162336604
0.13109802243595411
0.14024806279616384
0.22385846924698075
0.21465050591089493
0.19283919851490344
0.21604492628566271
0.0
0.0
0.0
0.0
0.0
0.0
0.0
0.0
0.0
0.0
0.0
0.0
0.0
0.0
0.0
0.0
0.0
0.0
0.0
0.0
0.0
0.0
0.048765573726729704
0.0
0.0
0.0
0.0
0.0
0.0
0.0
0.0
0.0
0.0
0.0
0.0
0.0
0.08540552321897539
0.0700138139389784
0.04456610441270738
0.06231277804222947
0.07433075956210647
0.0755083457928235
0.07918005508724266
0.07684378205241175
0.07719786852660994
0.07713881077158127
0.07423210563286951
0.08336537444669256
0.09876100020346507
0.07231949130197646
0.06979298561429503
0.06519127516700443
0.0
0.0
0.0
0.0
0.0
0.0
0.0
0.0
0.009883912131099317
0.013409237381638643
0.034078842332890935
0.052276855894879265
0.07094631353974605
0.07399527724571414
0.07742196807181467
0.07469003718404564
0.07568315453835449
0.07625070056383378
0.07358804356156315
0.08328661005740967
0.09626925455707579
0.07248882649704871
0.07860236150820628
0.08011984670632366
0.0
0.0
0.0
0.0
0.0
0.0
0.0
0.0
0.07459533770838597
0.06841598132838964
0.053392347840955326
0.07239778568731176
0.07668790566114649
0.07634904266258231
0.08036244851185308
0.08089136901403715
0.08060497603783139
0.07830313061558844
0.07543286789310699
0.0840363644824279
0.10436858447417892
0.09603689997678137
0.09483036819331911
0.08576630643957006
0.0
0.0
0.0
0.0
0.0
0.0
0.0
0.0
0.0
0.028769592921601223
0.04599912206260346
0.07031258731511045
0.07605963704399245
0.07766555679331646
0.08903683411921566
0.10011360334744024
0.10642810749057613
0.10329872921925945
0.099429080427353
0.09842389283960473
0.10605560303801985
0.09027243217804301
0.08264176751661624
0.08049124571544361
0.0
0.0
0.0
0.0
0.0
0.0
0.0
0.0
0.0
0.054491071393912204
0.06179155950128906
0.0724204206529786
0.07932711988126002
0.09436619751008457
0.11209740320838481
0.12333967643407907
0.12626306655462669
0.11521960628326122
0.10376092902613954
0.09885287419989353
0.10610955591210422
0.10022950493488368
0.12156793884006802
0.11445811173142598
0.0
0.0
0.0
0.0
0.0
0.0
0.0
0.0
0.0
0.0
0.05868634743573204
0.1081634392192333
0.12168642029001622
0.13142230087243825
0.15443191234098708
0.1658116316978601
0.2530410497403611
0.2691819587314397
0.2549657459291475
0.27627370206239743
0.12786033382865544
0.0
0.0
0.0
0.0
0.0
0.0
0.0
0.0
0.0
0.0
0.0
0.0
0.0
0.0
0.0
0.0
0.15596318240146315
0.27442637579736784
0.2599670418115827
0.23748898539853133
0.2929840660453851
0.11724274406047783
0.0
0.0
0.0
0.0
0.0
0.0
0.0
0.0
0.0
0.0
0.0
0.0
0.0
0.2118800256108941
0.16070629142612405
0.07687178897170113
0.07780492653937172
0.08042989009860516
0.08217335677127591
0.08488218814860247
0.08086771087417496
0.07986035029855183
0.07936966813900155
0.07625750107193761
0.08584435014099621
0.09739537030252224
0.07425517977718261
0.07154792987215682
0.06700957187702375
0.0
0.0
0.0
0.0
0.0
0.0
0.0
0.0
0.09040686679549459
0.08933588789182834
0.055264337842027264
0.07047331639723294
0.07767897266465788
0.08148552781050007
0.08743630994279845
0.0984277872881435
0.10721790446757953
0.10226205483978179
0.10719990798995836
0.10769456375566067
0.11076623302834289
0.10422895710270674
0.12870075870072553
0.13200842975040009
0.0
0.0
0.0
0.0
0.0
0.0
0.0
0.0
0.10196128000543835
0.08500959486403539
0.0648322164901391
0.08212598765610599
0.08776793822389461
0.09526654690991303
0.11197482061116594
0.11709228506090283
0.1185070181713901
0.11475809696867909
0.10608392452726152
0.1033865964403311
0.1104821066452772
0.10362059109055533
0.12746912966066304
0.13090685322209517
0.0
0.0
0.0
0.0
0.0
0.0
0.0
0.0
0.06758178918003177
0.08804990009437492
0.06430690788570394
0.07387197789433791
0.08281725975374386
0.08694773616987911
0.10017291154200464
0.10953830780459727
0.1166172579172562
0.11803310118736624
0.10371077768551047
0.10179654889268064
0.11193054854983525
0.10444410579280082
0.12928176171419267
0.1313350655393152
0.0
0.0
0.0
0.0
0.0
0.0
0.0
0.0
0.07847837252241817
0.09066669738832234
0.06622383148711596
0.07507986175697558
0.08322492119354655
0.09557213956587507
0.10732221575889221
0.10946904588385681
0.1157281890744479
0.1255583872393636
0.12318767079560528
0.12113462032969988
0.12083376005012571
0.10641361376586697
0.13086124881439465
0.13434031859625134
0.0
0.0
0.0
0.0
0.0
0.0
0.0
0.0
0.0024219366783054426
0.039907784190377965
0.05279323766085716
0.09207288343054754
0.12294211266909685
0.12586990306546744
0.13903035762367635
0.1388714621758866
0.2131727956889639
0.21094362423891522
0.190700150848931
0.21339573860814157
0.0
0.0
0.0
0.0
0.0
0.0
0.0
0.0
0.0
0.0
0.0
0.0
0.0
0.0
0.0
0.0
0.0
0.11167412291105289
0.2570494047897905
0.26695442274576237
0.2938044845761895
0.2751153553689575
0.06634465530670818
0.0
0.0
0.0
0.0
0.0
0.0
0.0
0.0
0.0
0.0
0.0
0.0
0.0
0.17568751381491224
0.1472247978946767
0.07536359191708229
0.07857129656948252
0.0841244355681021
0.08556039258604728
0.097326984248063
0.10201126457520746
0.09900174777833652
0.09526039789381203
0.0908389027191622
0.0951498793494776
0.10926203280281058
0.10503364596153958
0.10939433982810347
0.10561116983677056
0.0
0.0
0.0
0.0
0.0
0.0
0.0
0.0
0.08021080417072703
0.0685014580488004
0.044590336994264415
0.06605643800456837
0.07735912253242772
0.0812589856217986
0.09648485639500756
0.0986160656344545
0.09162473072112519
0.08600414612367581
0.08237209849361692
0.08867815873054354
0.10672988094692532
0.10319323033820964
0.12658543942765405
0.12726403247601709
0.0
0.0
0.0
0.0
0.0
0.0
0.0
0.0
0.1642501816425783
0.14444541768167074
0.08328076673929365
0.09904460508420118
0.11613493145618553
0.13007232293912416
0.14034494963331154
0.14542862397499848
0.15462792181515003
0.16079392671803572
0.15600242021292485
0.15842927124481498
0.15667124809513125
0.127228823576702
0.1446783555746741
0.1470891854585692
0.0
0.0
0.0
0.0
0.0
0.0
0.0
0.0
0.16760877427557186
0.13966319666980442
0.0764250291662279
0.10387637355953655
0.13201246444523498
0.14391803377082138
0.15654976262874765
0.16641030063360387
0.1779498472787711
0.19037644512624805
0.19085345224679592
0.19755937366816226
0.1953497789652232
0.15510885763086685
0.1781786407100976
0.1759866787034244
0.0
0.0
0.0
0.0
0.0
0.0
0.0
0.0
0.1710967896717743
0.14146425926846265
0.08822912072184737
0.1428517120693699
0.18555924466541696
0.19240829904397685
0.19181544779362955
0.186952563987281
0.18509247210504493
0.1852381627393079
0.1741692707512802
0.16996060252588555
0.16509482779585313
0.13742598736793704
0.15141879514810566
0.14584676736965896
0.0
0.0
0.0
0.0
0.0
0.0
0.0
0.0
0.17268661587385423
0.18819716921778074
0.13661932798122464
0.15915416275845423
0.18097149968635437
0.2048564964470339
0.22817880792542405
0.23724296190274194
0.3419947469113625
0.32361284687585273
0.28183030398668335
0.27350261039402685
0.0
0.0
0.0
0.0
0.0
0.0
0.0
0.0
0.0
0.0
0.0
0.0
0.0
0.0
0.0
0.0
0.0
0.0
0.0
0.09651490450905556
0.18638331313624817
0.038857569385378314
0.1505336890351932
0.10333650934226707
0.0
0.0
0.0
0.0
0.0
0.0
0.0
0.0
0.0
0.0
0.0
0.0
0.0
0.0
0.022879331498349736
0.03440264231691966
0.0477151322010779
0.06535074027958093
0.07559772461626252
0.07436337315214459
0.07548727855825402
0.07453623838984838
0.07130365006906411
0.08064378366409006
0.09534839291738569
0.07068693933631595
0.06687358776342969
0.051782491350440496
0.0
0.0
0.0
0.0
0.0
0.0
0.0
0.0
0.0
0.0
0.0074841954857296665
0.04548749520145322
0.07172076186802084
0.0779875857060596
0.0914551079855285
0.10499537058936487
0.11464594446206738
0.11272515311563074
0.10441758927628039
0.10092500852950476
0.10637371080521457
0.09108190340810897
0.08566575553041715
0.07858774151998177
0.0
0.0
0.0
0.0
0.0
0.0
0.0
0.0
0.0
0.0
0.013756012656068937
0.051243206352363714
0.07538304964762
0.08252918850279907
0.0948914785470194
0.10519729198102075
0.1074496228856096
0.09759132202036082
0.08369478999207294
0.0839921491773152
0.09742732568557153
0.06428371843376611
0.057249489212581876
0.03672649179098138
0.0
0.0
0.0
0.0
0.0
0.0
0.0
0.0
0.0
0.013409390333388008
0.026651916886530676
0.06090337241646415
0.07490585167895698
0.08113212823225953
0.09116561052120997
0.09755844961640038
0.09999713848452484
0.09016516688662216
0.07814197503982462
0.08396080326407537
0.08970181599436067
0.05503517305871794
0.050159395877671514
0.046815031447479734
0.0
0.0
0.0
0.0
0.0
0.0
0.0
0.0
0.05894834309411079
0.08111028316773354
0.04986340133595333
0.06653441086481013
0.07537237261409249
0.07644027730274723
0.08064672955286442
0.07918321120679309
0.0799026687609333
0.07871277420678047
0.07504547419909847
0.08426231455280318
0.10142949955957757
0.0908409238733811
0.09685333122329065
0.08569851942386095
0.0
0.0
0.0
0.0
0.0
0.0
0.0
0.0
0.07850462624683956
0.07948857997881063
0.05042768133404528
0.05997677413198473
0.07223870844364937
0.07887154484500015
0.0826198360079878
0.08658157659941838
0.1501726147133678
0.14515222811051373
0.12484064092311241
0.12293239848091689
0.0
0.0
0.0
0.0
0.0
0.0
0.0
0.0
0.0
0.0
0.0
0.0
0.0
0.0
0.0
0.0
0.0
0.0
0.0
0.0
0.0
0.0
0.0
0.0
0.0
0.0
0.0
0.0
0.0
0.0
0.0
0.0
0.0
0.0
0.0
0.0
0.0
0.0
0.0
0.0
0.0
0.0
0.035988477589250625
0.14006955970857662
0.2011206072361382
0.07460241010942914
0.0
0.0
0.0
0.0
0.0
0.0
0.0
0.0
0.0
0.0
0.0
0.0
0.0
0.0
0.0
0.0
0.0
0.04387834848494
0.07064061187247117
0.07683906024381222
0.08267818227494274
0.08549466994347438
0.08752603234536148
0.0806994014220575
0.07444765419186379
0.08339112327713376
0.08815938997085726
0.061207130564423166
0.058737230306506925
0.05230666762370461
0.0
0.0
0.0
0.0
0.0
0.0
0.0
0.0
0.0
0.0
0.0
0.02306976398459705
0.049628883607969757
0.07029314559943503
0.07983145819682344
0.07768574083872898
0.07784651731455135
0.07754527353078818
0.07444661839754627
0.07567384641484869
0.06151447610402373
0.020233465732564588
0.0
0.023668377280395492
0.0
0.0
0.0
0.0
0.0
0.0
0.0
0.0
0.0
0.0
0.004127468621770543
0.035569892470044474
0.0588909121629347
0.07607861391077228
0.08369930613432418
0.09123898925274755
0.09644166272030545
0.09327714107789603
0.08596828874628878
0.0893763598711566
0.10303703010086313
0.10112440983817958
0.12496632617090855
0.11922873379901057
0.0
0.0
0.0
0.0
0.0
0.0
0.0
0.0
0.07415532768707755
0.058867226301755754
0.0422724701247747
0.06717047077547046
0.0776829469594028
0.08648867962164554
0.10056306772571011
0.11191237160911725
0.12330562865519148
0.13025626315862424
0.13036553657423797
0.13400986237523468
0.13022840066389227
0.1111654675943657
0.1302089275142651
0.13293131778838052
0.0
0.0
0.0
0.0
0.0
0.0
0.0
0.0
0.10048320763011738
0.09492193544384477
0.07601337411806958
0.11389677276949611
0.1299227396641101
0.14799267649965905
0.1663843003267854
0.17965676698729616
0.2819178678394103
0.2692495122692344
0.23524058947365803
0.23376972525752313
0.0
0.0
0.0
0.0
0.0
0.0
0.0
0.0
0.0
0.0
0.0
0.0
0.0
0.0
0.0
0.0
0.0
0.0
0.14667111670248303
0.19305727363544137
0.1542850322552743
0.14042574514423237
0.0
0.0
0.0
0.0
0.0
0.0
0.0
0.0
0.0
0.0
0.0
0.0
0.0
0.0
0.01878993941283318
0.0
0.0
0.02106354294820593
0.03476238571230179
0.05967147786741165
0.08048635314702049
0.08696940551663496
0.1005951192822185
0.11370734189677395
0.12242169362613066
0.1326382202796998
0.1362464489835089
0.12445526861427401
0.13879990095835867
0.1339063490557402
0.0
0.0
0.0
0.0
0.0
0.0
0.0
0.0
0.10070884965365376
0.08452838692429432
0.05861144465533057
0.07470130322250944
0.08304459526905024
0.09828540945787415
0.11488132573137483
0.1273337692353688
0.12728696462804556
0.10570680137786734
0.08176981468204464
0.0862277839087536
0.08688333213627156
0.05429740709854267
0.050313541471461
0.046818615896074584
0.0
0.0
0.0
0.0
0.0
0.0
0.0
0.0
0.07085139594918236
0.05997410292482306
0.034154469027965824
0.045463241620415915
0.060064900043831776
0.07106684569771478
0.07915387407849042
0.07638416113749194
0.0763964183110838
0.07597021313716763
0.07226956002508447
0.0680734298018647
0.0623845333133933
0.046970072752867485
0.04702550671202045
0.0
0.0
0.0
0.0
0.0
0.0
0.0
0.0
0.0
0.016488551897933346
0.05385702065506098
0.03232028079899725
0.0404156766073365
0.05057294220498346
0.0677793687724157
0.07965459693057322
0.08020882803796446
0.08279143207224261
0.08403841769903138
0.08159419579454959
0.08669488934267619
0.10212401759196954
0.08831801645309174
0.09537417753789036
0.10256671014679074
0.0
0.0
0.0
0.0
0.0
0.0
0.0
0.0
0.16740594151860866
0.14148024851757374
0.07448857968059398
0.0773421283303965
0.08321318300417802
0.08683270227335001
0.09268422111397094
0.09715177980181741
0.0987332104824537
0.09852237926537542
0.0945633973266455
0.09979119863318517
0.11082692914660361
0.10837748912636604
0.13278273279515077
0.13640544052928574
0.0
0.0
0.0
0.0
0.0
0.0
0.0
0.0
0.17397818533972867
0.1809412722764768
0.11626823156375032
0.12437235652527807
0.13690981437658806
0.14088160945309372
0.1439772652859643
0.14494171263942707
0.23248876559120413
0.23113097089350265
0.20888805634257837
0.22735382900829346
0.0
0.0
0.0
0.0
0.0
0.0
0.0
0.0
0.0
0.0
0.0
0.0
0.0
0.0
0.0
0.0
0.0
0.0
0.0
0.0
0.0
0.0
0.0
0.0
0.0
0.0
0.0
0.0
0.0
0.0
0.0
0.0
0.0
0.0
0.0
0.0
0.11459529709316328
0.08526818339985319
0.04772586910763828
0.059601634905226
0.07180008140741652
0.0733957905593686
0.07621217581216054
0.07303134448540832
0.07268457679925511
0.07290734759307138
0.07088917155169773
0.08070740084326686
0.08659213427160214
0.06858215616990025
0.07497731504447504
0.0721056829716066
0.0
0.0
0.0
0.0
0.0
0.0
0.0
0.0
0.0
0.0
0.0
0.028113509896641683
0.04379714748408228
0.0618449744916096
0.07070684757135755
0.07150677608192746
0.07183669409374774
0.07482986354843216
0.07275677389137161
0.08411024749845959
0.10119937155575866
0.09228928420052548
0.10181079108400917
0.09950943206818477
0.0
0.0
0.0
0.0
0.0
0.0
0.0
0.0
0.07429022269138678
0.05810468194421543
0.0331917388024558
0.040912894907688804
0.05022056065495043
0.0620971003352672
0.07663573715719908
0.07624526682275563
0.07627312597631294
0.07573194638165204
0.07241374739158903
0.0753233120342967
0.07172405621610271
0.05659445290886467
0.06113506698003373
0.059624609980562786
0.0
0.0
0.0
0.0
0.0
0.0
0.0
0.0
0.0
0.0
0.0061647873427696995
0.03596672577185038
0.06012497383482928
0.07319622108314316
0.07689567644756548
0.07709726915069545
0.08250153215208697
0.08020589352267124
0.07412958576467116
0.08300145803696383
0.09571688373820396
0.07319986833346803
0.06952911502952552
0.052849928420663175
0.0
0.0
0.0
0.0
0.0
0.0
0.0
0.0
0.018747333898278287
0.0
0.003096496121555761
0.023921039032624335
0.06640958449811257
0.07465886236915022
0.08172886551395758
0.08895034525580815
0.09654412031749343
0.1030873674415473
0.10469627610883017
0.1084366241565348
0.10603722428779738
0.10447617238140162
0.12746165560788492
0.12990691598048923
0.0
0.0
0.0
0.0
0.0
0.0
0.0
0.0
0.0
0.016760665602261984
0.026725213023540004
0.08751118955237985
0.12085646211110224
0.12425171912549494
0.13116725675367213
0.14696213159591665
0.24492665304073777
0.23583638235402618
0.20262169535211216
0.21899468636723196
0.0
0.0
0.0
0.0
0.0
0.0
0.0
0.0
0.0
0.0
0.0
0.0
0.0
0.0
0.0
0.0
0.13215872119095953
0.18188581789937172
0.2196813654060763
0.22589419593808477
0.20527487469401162
0.23296633601754427
0.21148850402182934
0.1467873116506801
0.0
0.0
0.0
0.0
0.0
0.0
0.0
0.0
0.0
0.0
0.0
0.0
0.15874530889825986
0.12520541552238562
0.0661193267743168
0.07064957040302444
0.07909348516656328
0.0875552524144455
0.09872971658036812
0.10373797941242659
0.10834821778989087
0.10915588301445689
0.10191053554262386
0.10109782595884452
0.10547249941976711
0.09907934082501349
0.11933883668330825
0.12305275131763112
0.0
0.0
0.0
0.0
0.0
0.0
0.0
0.0
0.08323171061176263
0.060829533753860875
0.04434012714724223
0.06699030337307194
0.07609636541783144
0.08785854148373641
0.10947431391697565
0.13306172077665548
0.1388943580806228
0.12518169573106375
0.10671450684197616
0.09597061718551095
0.10068432941853402
0.06343991599803867
0.04937655386630676
0.049814878690540416
0.0
0.0
0.0
0.0
0.0
0.0
0.0
0.0
0.0
0.012747619738047628
0.012173048768602989
0.012517512839308107
0.028791189037080132
0.0388525811190161
0.054388681230800914
0.06802828622515251
0.07398009763881497
0.07335546618702399
0.06781046091918834
0.06771217069320995
0.06647905519459522
0.05575951813884683
0.06282537910478914
0.06390240177070824
0.0
0.0
0.0
0.0
0.0
0.0
0.0
0.0
0.0
0.0
0.0
0.02185915375623316
0.043131975142897495
0.05676186166490487
0.06708745325531178
0.07256524072255538
0.07551288493374379
0.07598313575929773
0.07372864619218017
0.08421545890778892
0.09995483997140758
0.10274600393651297
0.1283395007372892
0.1324222369383947
0.0
0.0
0.0
0.0
0.0
0.0
0.0
0.0
0.12747481929264481
0.10053954272444235
0.050444015843895074
0.049745012327951664
0.048851417398639706
0.04393319736497718
0.040330782376121165
0.033382886490064184
0.03263336020297015
0.0342455851131786
0.03504498806930152
0.04134560772474803
0.04929120111552709
0.05049871034613481
0.06350136662670147
0.06534981931988473
0.0
0.0
0.0
0.0
0.0
0.0
0.0
0.0
0.05230643136449883
0.060694210476745315
0.012308082137179975
0.05078689037985095
0.08857756555396137
0.110273518912376
0.12129779298931267
0.12234456780479752
0.20458735720471435
0.20469119608611588
0.18647312500897906
0.20271009284139518
0.0
0.0
0.0
0.0
0.0
0.0
0.0
0.0
0.0
0.0
0.0
0.0
0.0
0.0
0.0
0.0
0.0
0.0
0.0
0.0
0.0
0.0
0.0
0.0
0.0
0.0
0.0
0.0
0.0
0.0
0.0
0.0
0.0
0.0
0.0
0.0
0.0
0.0
0.0
0.03741048074615425
0.05880597632947104
0.07405696266312986
0.07571021778511104
0.07998571874419907
0.07743605323567954
0.07677988678201907
0.06358909473760423
0.052593870017700856
0.05612351003946995
0.06988219815769163
0.0667913639643143
0.0760748229606519
0.06977590238597815
0.0
0.0
0.0
0.0
0.0
0.0
0.0
0.0
0.07845731333931873
0.06788148591383955
0.03892973848145268
0.04699116976010985
0.05842738327666079
0.06778335098970571
0.07648919769630717
0.07373113745231574
0.07007808093939702
0.06494742797007529
0.054966374745475874
0.04784177343930172
0.045683611555919906
0.04583053875198681
0.06470820037127666
0.0748601965863607
0.0
0.0
0.0
0.0
0.0
0.0
0.0
0.0
0.017076867036867706
0.028235906552388987
0.04048995136749631
0.0634382487847827
0.07380133414688538
0.07505081996593989
0.07881780746554205
0.07611720033077767
0.07618967350283848
0.07615575881455237
0.0732956970318786
0.07668701861104005
0.0780815250455752
0.0640226675794957
0.06249239027279681
0.047942726294294476
0.0
0.0
0.0
0.0
0.0
0.0
0.0
0.0
0.052872953221603916
0.06655948503118807
0.0393748320052107
0.048295054709730695
0.061454087673791895
0.07346771034250851
0.07821351046202939
0.07535642827822818
0.07492181859592682
0.0648884486657162
0.05000529250074738
0.04359357522572915
0.043818702044251104
0.041251289616167565
0.052247271598146225
0.053961952152498084
0.0
0.0
0.0
0.0
0.0
0.0
0.0
0.0
0.0
0.0
0.02115935267061654
0.03837822472684858
0.04891512285003957
0.05647895344614378
0.06716308016620487
0.06945811807105497
0.07088215388745374
0.07015008704408127
0.05863539276757203
0.04972296478600788
0.04619145383371359
0.03942008611548029
0.04525372260666245
0.04512144283288463
0.0
0.0
0.0
0.0
0.0
0.0
0.0
0.0
0.0
0.0
0.0
0.0
0.0
0.1440374941008223
0.21989786811844095
0.19554957906676151
0.22408627335665243
0.22661323473295128
0.0
0.0
0.0
0.0
0.0
0.0
0.0
0.0
0.0
0.0
0.0
0.0
0.0
0.0
0.0
0.0
0.0
0.0
0.025985962035896742
0.17578686252875367
0.1823842551535095
0.18487861913564638
0.20481521779078624
0.0
0.0
0.0
0.0
0.0
0.0
0.0
0.0
0.0
0.0
0.0
0.0
0.0
0.0
0.0
0.0
0.0
0.0015560353752291027
0.04176770795926699
0.06435666568079354
0.07293675707819579
0.07706195056628352
0.07452727181036183
0.07501135645373985
0.07497690785229544
0.07136171637113202
0.07654877733092137
0.07830073390513763
0.05683707054514834
0.03650484341139798
0.0
0.0
0.0
0.0
0.0
0.0
0.0
0.0
0.0
0.0
0.0
0.0
0.03357648060888039
0.05766181506242974
0.0710566642788374
0.07583052043132103
0.07397630031408838
0.07475125643198194
0.07524675755079147
0.07169061882346198
0.07604871387455996
0.07759856796918765
0.06333520437236369
0.061668903148202184
0.047823950630143074
0.0
0.0
0.0
0.0
0.0
0.0
0.0
0.0
0.0
0.0
3.983360833854024e-06
0.01037298620621191
0.04973316240600014
0.06359948389822616
0.07750481952832024
0.07628853735560212
0.07669980042401461
0.076870493302958
0.07346509095252125
0.08028198324428074
0.09841310408034286
0.09947784894337756
0.12326538768487152
0.12692202530354507
0.0
0.0
0.0
0.0
0.0
0.0
0.0
0.0
0.09396992028970488
0.08269782184962612
0.04753368985832653
0.05663487253704306
0.0679361076840593
0.07344599111237167
0.07671907872797806
0.07476343005566993
0.07723411903615342
0.08543280555594646
0.08435916453205713
0.08470994407998483
0.10004654581414123
0.08863859209193094
0.10330148729530282
0.09913652419246616
0.0
0.0
0.0
0.0
0.0
0.0
0.0
0.0
0.0
0.05949051956607007
0.04113521402122559
0.054934884327005426
0.06749406553456526
0.07426752096677433
0.07872945615143544
0.07558232258391892
0.07167421996259891
0.06115904417591026
0.05055423726392619
0.04846713240832134
0.05264274499683447
0.04797454462571854
0.057183131180495166
0.055334683344157615
0.0
0.0
0.0
0.0
0.0
0.0
0.0
0.0
0.0
0.0
0.019673393680947476
0.04635474952651665
0.061031971884299256
0.0736374439841457
0.08812313956056742
0.09054478260863849
0.14434286828329315
0.13084693268628267
0.09889203840889112
0.08589637349881947
0.0
0.0
0.0
0.0
0.0
0.0
0.0
0.0
0.0
0.0
0.0
0.0
0.0
0.0
0.0
0.0
0.033299440184132056
0.11902513123668641
0.12774214994081787
0.14054156673508422
0.14044450837481387
0.0
0.0
0.0
0.0
0.0
0.0
0.0
0.0
0.0
0.0
0.0
0.0
0.0
0.0
0.0
0.0
0.0
0.0
0.0
0.027334346266150188
0.03280953219908761
0.040627210774002095
0.04400881577529939
0.0462437813349007
0.04782373103720539
0.038589143864483026
0.023384242462993147
0.0
0.0
0.0
0.0
0.0
0.0
0.0
0.0
0.0
0.0
0.0
0.0
0.0
0.0
0.0
0.0
0.0
0.0
0.02176824114510101
0.028381765371190745
0.026149953713980146
0.006602484321902818
0.0062681619198265886
0.0
0.0
0.0
0.0
0.0
0.0
0.0
0.0
0.0
0.0
0.0
0.0
0.0
0.0
0.0
0.0
0.0
0.0
0.0
0.0
3.904173870876595e-07
0.0
1.1962952585210277e-07
0.0
0.0
4.550257822368938e-07
0.0
0.0
0.0
0.0
0.0
0.0
0.0
0.0
0.0
0.0
0.0
0.0
0.0
0.0
0.0
0.0
0.0
0.0
0.0
0.0
0.0
0.0
0.0
0.0
0.0
0.0
0.0
0.0
0.0
0.0
0.0
0.0
0.0
0.0
0.0
6.504344670425152e-07
0.005228127064452244
0.008403131432037185
0.01469122778352793
0.031938723696014554
0.0749337606576282
0.08183822110371691
0.08047423177979605
0.08101477439219493
0.08126819111873147
0.07724720542156364
0.08314663380735642
0.09017203457152605
0.06291052025312989
0.06642970274067314
0.05940201326548527
0.0
0.0
0.0
0.0
0.0
0.0
0.0
0.0
0.0
0.0
0.028913949487829327
0.061357875605016474
0.07858732933175708
0.0806308838992854
0.08377806517437215
0.08362552268994354
0.14417979789308893
0.1441836796480078
0.12159351566504287
0.12123490768338477
0.0
0.0
0.0
0.0
0.0
0.0
0.0
0.0
0.0
0.0
0.0
0.0
0.0
0.0
0.0
0.0
0.0
0.0365194969375244
0.0615402276289072
0.10359491273185181
0.10925460404248065
0.0
0.0
0.0
0.0
0.0
0.0
0.0
0.0
0.0
0.0
0.0
0.0
0.0
0.0
0.0
0.0
0.0
0.0
0.0
0.0
0.013544867071032477
0.03271342354922887
0.03416307395251642
0.034493172964506484
0.034591290464242114
0.029979128394022052
0.014608713935557804
0.008801842305117526
0.0
0.0
0.0
0.0
0.0
0.0
0.0
0.0
0.0
0.0
0.0
0.002431723782490096
0.0
0.0
0.0008492756221894953
0.02322913871887695
0.04626504267210839
0.060970210516738906
0.06291780498185602
0.06117137386202069
0.0589012470189361
0.05012973628878409
0.044826188626304386
0.04421732874385863
0.02764024719564925
0.011695751834796026
0.0
0.0
0.0
0.0
0.0
0.0
0.0
0.0
0.0
0.0
0.013405427037175947
0.0
0.0019355011631074694
0.03340354160843446
0.053509943000988214
0.059345825611676
0.07052426243127385
0.0710612383546029
0.07085647021991445
0.058748097380191905
0.04937799047827634
0.04553072706323549
0.035681723614918816
0.0
0.0
0.0
0.0
0.0
0.0
0.0
0.0
0.0
0.0
0.0
0.0
0.0
0.005444545098452811
0.02495775423843949
0.0595600782542158
0.07542264301826143
0.07231870708794873
0.055644244358149166
0.03757821513768973
0.027837266826193332
0.02747611643885423
0.0
0.0
0.0
0.0
0.0
0.0
0.0
0.0
0.0
0.0
0.0
0.0
0.0
0.0
0.0
0.0
0.0
0.0
0.0295415321848996
0.05246842956000742
0.04932731949018319
0.03928131940776241
0.03110998553958452
0.03280103636748886
0.04395947671335448
0.04313184071060379
0.012535911652642345
0.0
0.0
0.0
0.0
0.0
0.0
0.0
0.0
0.0
0.0
0.0
0.0
0.0
0.0
2.6948127899092805e-07
8.183019393955389e-07
0.0032933871955594836
0.00296305715061415
0.0
7.21096140983072e-07
2.0442416882883993e-06
0.0
0.0
0.0
0.0
0.0
0.0
0.0
0.0
0.0
0.0
0.0
0.0
0.0
0.0
0.0
0.0
0.0
0.0
0.0
0.0
0.0
0.0
0.0
0.0
0.0
0.0
0.0
0.0
0.0
0.0
0.0
0.0
0.0
0.0
0.0
0.0
0.0
0.0
0.0061641333247700325
0.0045413172743471765
0.03393343834144345
0.042509219031166626
0.05252072617950035
0.05061871856311223
0.04673089115366809
0.03974237527625791
0.014231262459744915
0.0
0.0
0.0
0.0
0.0
0.0
0.0
0.0
0.0
0.0
0.0
0.0
0.0
0.0
0.0
0.006163780443477737
0.0
0.0
0.0
0.0
0.0
0.03150895721593638
0.032725230211605234
0.028832326992694245
0.021203299073026934
0.02845614108629665
0.009541612946167151
0.0
0.0
0.0
0.0
0.0
0.0
0.0
0.0
0.0
0.0
0.0
0.0
0.0
0.0
0.0
0.027802875896836853
0.031877138706165396
0.03390535610656555
0.04411772335343252
0.045802422267428554
0.034161185540661165
0.03697793392164276
0.030096730106593698
0.0
0.03633541167737332
0.0
0.0
0.0
0.0
0.0
0.0
0.0
0.0
0.0
0.0
0.0
0.0
0.0
0.0
0.0042510236405863
0.041565691282069835
0.045167089083730814
0.06378106906314882
0.07026863808882436
0.01978950352281107
0.0
0.0
0.0
0.0
0.0
0.0
0.0
0.0
0.0
0.0
0.0
0.0
0.0
0.0
0.0
0.0
0.0
0.0
0.0
0.0
0.0
0.02842605198473633
0.02069932049312798
0.0
0.0
0.0
0.0
0.0
0.0
0.0
0.0
0.0
0.0
0.0
0.0
0.0
0.0
0.0
0.0
0.0
0.0
0.0
0.0
0.0
0.0
0.0
0.021453239792771073
0.0
0.0
0.0
0.0
0.0
0.0
0.0
0.0
0.0
0.0
0.0
0.0
0.0
0.0
0.0
0.0
0.0
0.0
0.0
0.0
0.0
0.0
0.0
0.0
0.0
0.0
0.0
0.0
0.0
0.0
0.0
0.0
0.0
0.0
0.0
0.0
0.0
0.0
0.002428871142123012
0.0
0.0
0.0
0.0
0.0
0.0
0.0
0.0
0.0
0.0
0.0
0.0
0.0
0.0
0.0
0.0
0.0
0.0
0.0
0.0
0.0
0.0
0.0
0.0
0.013061194396844009
0.003101513466514634
0.0
0.0
0.0
0.0
0.0
0.0
0.0
0.0
0.0
0.0
0.0
0.0
0.0
0.0
0.0
0.0
0.0
0.0
0.0
0.0
0.0
0.0
0.0
0.0
0.0031934388029761923
0.0
0.0
0.0
0.0
0.0
0.0
0.006268145170925625
0.0
0.0
0.0
0.0
0.0
0.0
0.0
0.0
0.0
0.0
0.0
0.0
0.0
0.0
0.013065454983763682
0.006163872954336309
0.0
4.587305728100421e-07
2.387061196666521e-07
2.3293007412638355e-07
0.012877882609985576
0.02797492485820444
0.04880448766103255
0.033148624104975696
0.032354390982315843
0.009402222163506547
0.0
0.0
0.0
0.0
0.0
0.0
0.0
0.0
0.0
0.0
0.0
0.0
0.0
0.0
0.0
0.0
0.0
0.0
0.0
0.0
0.0
0.0
0.0
0.0
0.0
0.0
0.0
0.0
0.0
0.0
0.0
0.0
0.0
0.0
0.0
0.0
0.0
0.0
0.005320953863596187
0.0
0.0
0.0
0.065321853994853
0.11679829586515088
0.06897214276812522
0.01828584237744078
0.0
0.0
0.0
0.0
0.0
0.0
0.0
0.0
0.0
0.0
0.0
0.0
0.0
0.0
0.0
0.0
0.0
0.0
0.09349662514004095
0.11731949193561432
0.04327948867118999
0.0
0.0
0.0
0.0
0.0
0.0
0.0
0.0
0.0
0.0
0.0
0.0
0.0
0.0
0.0
0.0
0.0
0.0
0.0
0.0
0.0
0.0
0.0
0.0
0.0
0.0
0.0
0.0
0.0
0.0
0.0
0.0
0.0
0.0
0.0
0.0
0.0
0.0
0.0
0.0
0.0
0.0
0.0
0.0
0.0
0.0
0.0
0.008871615165190673
0.007236129922965645
0.0
0.0
0.0
0.0
0.0
0.0
0.0
0.0
0.0
0.0
0.0
0.0
0.0
0.0
0.0
0.0
0.0
0.0
0.0
0.0
0.0
0.0
0.0
0.0
0.0
0.0
0.0
0.0
0.0
0.0
0.0
0.0
0.0
0.0
0.0
0.0
0.0
0.0
0.0
0.0
0.0
0.0
0.0
0.0
0.0
0.0
0.0
0.02615235682369117
0.0167696773767781
0.0
0.0
0.0
0.0
0.0
0.0
0.0
0.0
0.0
0.0
0.0
0.0
0.0
0.0
0.0
0.0
0.0
0.0
0.0
0.0
0.0
0.0
0.0
0.0
0.0
0.0
0.0
0.0
0.0
0.0
0.0
0.0
0.0
0.0
0.0
0.0
0.0
0.0
0.0
0.0
0.0
0.0
0.0
0.0
0.0
0.0
0.0
0.0
0.0
0.0
0.0
0.0
0.0
0.0
0.0
0.0
0.0
0.0
0.0
0.0
0.0
0.0
0.0
0.0
0.0
0.0
0.0
0.0
0.0
0.0
0.0
0.0
0.0
0.0
0.0
0.0
0.0
0.0
0.0
0.0
0.0
0.0
0.0
0.0
0.0
0.0
0.0
0.0
0.0
0.0
0.0
0.0
0.0
0.0
0.0
0.0
0.0
0.0
0.0
0.0
0.0
0.0
0.0
0.0
0.0
0.0
0.0
0.0
0.0
0.0
0.0024200938326014707
0.0
0.0
0.0
0.0
0.0
0.0
0.0
0.0
0.0
0.0
0.0
0.0
0.009044879879661592
0.0
0.0
0.0
0.0
0.0
0.0
0.0
0.0
0.0
0.0
0.0
0.0
0.0
0.0
0.0
0.0
0.0
0.0
0.0
0.0
0.0
0.0
0.0
0.0
0.0
0.0
0.0
0.0
0.0
0.0
0.0
0.0
0.0
0.0
0.0
0.0
0.0
0.0
0.0
0.0
0.0
0.0
0.0
0.0
0.0
0.0
0.0
0.0
0.0
0.0
0.0
0.0
0.0
0.0
0.0
0.0
0.0
0.0
0.0
0.0
0.0
0.0
0.0
0.0
0.0
0.0
0.0
0.0
0.0
0.0
0.0
0.0
0.0
0.0
0.0
0.0
0.0
0.0
0.0
0.0
0.0
0.0
0.0
0.0
0.0
0.0
0.0
0.0
0.0
0.0
0.0
0.0
0.0
0.0
0.0
0.0
0.0
0.0
0.0
0.0
0.0
0.0
0.0
0.0
0.0
0.0
0.0
0.0
0.0
0.0
0.0
0.009681066032567916
0.09406401422523027
0.05943429523040004
0.03226887603482703
0.0
0.0
0.0
0.0
0.0
0.0
0.0
0.0
0.0
