0.0
0.0
0.0
0.0
0.0
0.0
0.0
0.0
0.0
0.0
0.0
0.0
0.0
0.0
0.0
0.0
0.0
0.0
0.0
0.0
0.0
0.0
0.0
0.0
0.0
0.0
0.0
0.0
0.0
0.0
0.0
0.0
0.0
0.0
0.0
0.0
0.0
0.0
0.0
0.0
0.0
0.0
0.0
0.0
0.0
0.0
0.0
0.0
0.0
0.0
0.0
0.0
0.0
0.0
0.0
0.0
0.0
0.0
0.0
0.0
0.0
0.0
0.0
0.0
0.0
0.0
0.0
0.0
0.0
0.0
0.0
0.0
0.0
0.0
0.0
0.0
0.0
0.0
0.0
0.0
0.0
0.0
0.0
0.0
0.0
0.0
0.0
0.0
0.0
0.0
0.0
0.0
0.0
0.0
0.0
0.0
0.0
0.0
0.0
0.0
0.0
0.0
0.0
0.0
0.0
0.0
0.0
0.0
0.0
0.0
0.0
0.0
0.0
0.0
0.0
0.0
0.0
0.0
0.0
0.0
0.0
0.0
0.0
0.0
0.0
0.0
0.0
0.0
0.0
0.0
0.0
0.0
0.0
0.0
0.0
0.0
0.0
0.0
0.0
0.0
0.0
0.0
0.0
0.0
0.0
0.0
0.0
0.0
0.0
0.0
0.0
0.0
0.0
0.0
0.0
0.0
0.0
0.0
0.0
0.0
0.0
0.0
0.0
0.0
0.0
0.0
0.0
0.0
0.0
0.0
0.0
0.0
0.0
0.0
0.0
0.0
0.0
0.0
0.0
0.0
0.0
0.0
0.0
0.0
0.0
0.0
0.0
0.0
0.0
0.0
0.0
0.0
0.0
0.0
0.0
0.0
0.0
0.0
0.0
0.0
0.0
0.0
0.0
0.0
0.0
0.0
0.0
0.0
0.0
0.0
0.0
0.0
0.0
0.0
0.0
0.0
0.0
0.0
0.0
0.0
0.0
0.0
0.0
0.0
0.0
0.0
0.0
0.0
0.0
0.0
0.0
0.0
0.0
0.0
0.0
0.0
0.0
0.0
0.0
0.0
0.0
0.0
0.0
0.0
0.0
0.0
0.0
0.0
0.0
0.0
0.0
0.0
0.0
0.0
0.0
0.0
0.0
0.0
0.0
0.0
0.0
0.0
0.0
0.0
0.0
0.0
0.0
0.0
0.0
0.0
0.0
0.0
0.0
0.0
0.0
0.0
0.0
0.0
0.0
0.0
0.0
0.0
0.0
0.0
0.0
0.0
0.0
0.0
0.0
0.0
0.0
0.0
0.0
0.0
0.0
0.0
0.0
0.0
0.0
0.0
0.0
0.0
0.0
0.0
0.0
0.0
0.0
0.0
0.0
0.0
0.0
0.0
0.0
0.0
0.0
0.0
0.0
0.0
0.0
0.0
0.0
0.0
0.0
0.0
0.0
0.0
0.0
0.0
0.0
0.0
0.0
0.0
0.0
0.0
0.0
0.0
0.0
0.0
0.0
0.0
0.0
0.0
0.0
0.0
0.0
0.0
0.0
0.0
0.0
0.0
0.0
0.0
0.0
0.0
0.0
0.0
0.0
0.0
0.0
0.0
0.0
0.0
0.0
0.0
0.0
0.0
0.0
0.0
0.0
0.0
0.0
0.0
0.0
0.0
0.0
0.0
0.0
0.0
0.0
0.0
0.0
0.0
0.0
0.0
0.0
0.0
0.0
0.0
0.0
0.0
0.0
0.0
0.0
0.0
0.0
0.0
0.0
0.0
0.0
0.0
0.0
0.0
0.0
0.0
0.0
0.0
0.0
0.0
0.0
0.0
0.0
0.0
0.0
0.0
0.0
0.0
0.0
0.0
0.0
0.0
0.0
0.0
0.0
0.0
0.0
0.0
0.0
0.0
0.0
0.0
0.0
0.0
0.0
0.0
0.0
0.0
0.0
0.0
0.0
0.0
0.0
0.0
0.0
0.0
0.0
0.0
0.0
0.0
0.0
0.0
0.0
0.0
0.0
0.0
0.0
0.0
0.0
0.0
0.0
0.0
0.0
0.0
0.0
0.0
0.0
0.0
0.0
0.0
0.0
0.0
0.0
0.0
0.0
0.0
0.0
0.0
0.0
0.0
0.0
0.0
0.0
0.0
0.0
0.0
0.0
0.0
0.0
0.0
0.0
0.0
0.0
0.0
0.0
0.0
0.0
0.0
0.0
0.0
0.0
0.0
0.0
0.0
0.0
0.0
0.0
0.0
0.0
0.0
0.0
0.0
0.0
0.0
0.0
0.0
0.0
0.0
0.0
0.0
8.730425370967413e-07
2.8415868421086565e-06
4.623482740039686e-07
0.0
0.0
0.0
0.0
0.0
0.0
0.0
0.0
0.0
0.0
0.0
0.0
0.0
0.0
0.0
0.0
0.0
0.0
0.0
3.3675217937435087e-06
1.2404140388291118e-05
1.640125548231e-05
1.5551938791054688e-05
1.143208015014643e-05
3.6789186928734207e-06
0.0
0.0
0.0
0.0
0.0
0.0
0.0
0.0
0.0
0.0
0.0
0.0
0.0
0.0
0.0
0.0
0.0
3.8219319015878055e-06
1.2932247846798951e-05
2.4477444142419043e-05
2.9980477197131068e-05
2.4743779507228314e-05
1.4293038953536836e-05
5.18060935027994e-06
0.0
0.0
0.0
0.0
0.0
0.0
0.0
0.0
0.0
0.0
0.0
0.0
0.0
0.0
0.0
0.0
0.0
0.0
0.0
0.0
0.0
0.0
0.0
0.0
0.0
0.0
0.0
0.0
0.0
0.0
0.0
0.0
0.0
0.0
0.0
0.0
0.0
0.0
0.0
0.0
0.0
0.0
0.0
0.0
0.0
0.0
0.0
0.0
0.0
0.0
0.0
0.0
0.0
0.0
0.0
0.0
0.0
0.0
0.0
0.0
0.0
0.0
0.0
0.0
0.0
5.631605904787521e-06
1.3789225217695189e-05
1.8542399267922882e-05
2.26240784036423e-05
2.0011939628937668e-05
1.6517867679123065e-05
7.957320114980759e-06
0.0
0.0
0.0
0.0
0.0
0.0
0.0
0.0
0.0
0.0
0.0
0.0
0.0
0.0
0.0
0.0
0.0
0.0
0.0
0.0
0.0
0.0
0.0
0.0
0.0
0.0
0.0
0.0
0.0
0.0
0.0
0.0
0.0
0.0
0.0
0.0
0.0
0.0
0.0
0.0
0.0
0.0
0.0
0.0
0.0
0.0
0.0
0.0
0.0
0.0
0.0
0.0
0.0
0.0
0.0
0.0
0.0
0.0
0.0
0.0
0.0
0.0
0.0
0.0
0.0
0.0
0.0
0.0
0.0
0.0
0.0
0.0
0.0
0.0
0.0
0.0
0.0
0.0
0.0
0.0
0.0
0.0
0.0
0.0
0.0
0.0
0.0
0.0
0.0
0.0
0.0
0.0
0.0
0.0
0.0
0.0
0.0
0.0
0.0
0.0
0.0
0.0
0.0
0.0
0.0
0.0
0.0
0.0
0.0
0.0
0.0
0.0
0.0
0.0
0.0
0.0
0.0
0.0
0.0
0.0
0.0
0.0
0.0
0.0
0.0
0.0
0.0
0.0
0.0
0.0
0.0
0.0
0.0
0.0
0.0
0.0
0.0
0.0
0.0
0.0
0.0
0.0
0.0
0.0
0.0
0.0
0.0
0.0
0.0
0.0
0.0
0.0
0.0
0.0
0.0
0.0
0.0
0.0
0.0
0.0
0.0
0.0
0.0
0.0
0.0
0.0
0.0
0.0
0.0
0.0
0.0
0.0
0.0
0.0
0.0
0.0
0.0
0.0
0.0
0.0
0.0
0.0
0.0
0.0
0.0
0.0
0.0
0.0
0.0
0.0
0.0
0.0
0.0
0.0
0.0
0.0
0.0
0.0
0.0
0.0
0.0
0.0
0.0
0.0
0.0
0.0
0.0
0.0
0.0
0.0
0.0
0.0
0.0
0.0
0.0
0.0
0.0
0.0
0.0
0.0
0.0
0.0
0.0
0.0
0.0
0.0
0.0
0.0
0.0
0.0
0.0
0.0
0.0
0.0
0.0
0.0
0.0
0.0
0.0
0.0
0.0
0.0
0.0
0.0
0.0
0.0
0.0
0.0
0.0
0.0
0.0
0.0
0.0
0.0
0.0
0.0
0.0
0.0
0.0
2.1673328685866256e-06
9.144932611385063e-06
7.703558839563686e-06
3.3819017831070725e-07
0.0
0.0
0.0
0.0
0.0
0.0
0.0
0.0
0.0
0.0
0.0
0.0
0.0
0.0
0.0
0.0
0.0
0.0
0.0
0.0
0.0
0.0
0.0
0.0
0.0
0.0
0.0
0.0
0.0
0.0
0.0
0.0
0.0
0.0
0.0
0.0
0.0
0.0
0.0
0.0
0.0
0.0
0.0
0.0
0.0
0.0
0.0
0.0
0.0
0.0
0.0
0.0
0.0
0.0
0.0
0.0
0.0
0.0
0.0
0.0
0.0
0.0
0.0
0.0
0.0
0.0
0.0
0.0
0.0
0.0
0.0
0.0
0.0
0.0
0.0
0.0
0.0
0.0
0.0
0.0
0.0
0.0
0.0
0.0
0.0
0.0
0.0
0.0
0.0
0.0
0.0
0.0
0.0
0.0
0.0
0.0
0.0
0.0
0.0
0.0
0.0
0.0
0.0
0.0
0.0
0.0
0.0
0.0
0.0
0.0
0.0
0.0
0.0
0.0
9.324747253935786e-07
1.1181747183741027e-05
1.5862730675346354e-05
1.5290571384456474e-05
1.0049793227327327e-05
3.740513561925653e-06
0.0
0.0
0.0
0.0
0.0
0.0
0.0
0.0
0.0
0.0
0.0
0.0
0.0
0.0
0.0
0.0
0.0
0.0
0.0
0.0
0.0
0.0
0.0
0.0
0.0
0.0
0.0
0.0
0.0
0.0
0.0
0.0
0.0
0.0
0.0
0.0
0.0
0.0
0.0
0.0
0.0
0.0
0.0
0.0
0.0
0.0
0.0
0.0
0.0
0.0
0.0
0.0
0.0
0.0
0.0
0.0
0.0
0.0
0.0
0.0
0.0
0.0
0.0
0.0
0.0
0.0
0.0
0.0
0.0
0.0
0.0
0.0
0.0
0.0
0.0
0.0
0.0
0.0
0.0
0.0
0.0
0.0
0.0
0.0
0.0
0.0
0.0
0.0
0.0
0.0
0.0
0.0
0.0
0.0
0.0
0.0
0.0
0.0
0.0
0.0
0.0
0.0
0.0
0.0
0.0
0.0
0.0
0.0
0.0
0.0
0.0
0.0
0.0
0.0
0.0
0.0
0.0
0.0
0.0
0.0
0.0
0.0
0.0
0.0
0.0
0.0
0.0
0.0
0.0
0.0
0.0
0.0
0.0
0.0
0.0
0.0
0.0
0.0
0.0
0.0
0.0
0.0
0.0
0.0
0.0
0.0
0.0
0.0
0.0
0.0
0.0
0.0
0.0
0.0
0.0
0.0
0.0
0.0
0.0
0.0
0.0
0.0
0.0
0.0
0.0
0.0
0.0
0.0
0.0
0.0
0.0
0.0
0.0
0.0
0.0
0.0
0.0
0.0
0.0
0.0
0.0
0.0
0.0
0.0
0.0
0.0
0.0
0.0
0.0
0.0
0.0
0.0
0.0
0.0
0.0
0.0
0.0
0.0
0.0
0.0
0.0
0.0
0.0
0.0
0.0
0.0
0.0
0.0
0.0
0.0
0.0
0.0
0.0
0.0
0.0
0.0
0.0
0.0
0.0
0.0
0.0
0.0
0.0
0.0
0.0
0.0
0.0
0.0
0.0
0.0
0.0
0.0
0.0
0.0
0.0
0.0
0.0
0.0
0.0
0.0
0.0
0.0
0.0
0.0
0.0
0.0
0.0
0.0
0.0
0.0
0.0
0.0
0.0
0.0
0.0
0.0
0.0
0.0
0.0
0.0
0.0
0.0
7.116336327096071e-07
0.0
0.0
0.0
0.0
0.0
0.0
0.0
0.0
0.0
0.0
0.0
0.0
0.0
0.0
0.0
0.0
0.0
0.0
0.0
0.0
0.0
0.0
0.0
0.0
0.0
0.0
0.0
0.0
0.0
0.0
0.0
0.0
0.0
0.0
0.0
0.0
0.0
0.0
0.0
0.0
0.0
0.0
0.0
0.0
0.0
0.0
0.0
0.0
0.0
0.0
0.0
0.0
0.0
0.0
0.0
0.0
0.0
0.0
0.0
0.0
0.0
0.0
0.0
0.0
0.0
0.0
0.0
0.0
0.0
0.0
0.0
0.0
0.0
0.0
0.0
0.0
0.0
0.0
0.0
0.0
0.0
0.0
0.0
0.0
0.0
0.0
0.0
0.0
0.0
0.0
0.0
0.0
0.0
0.0
0.0
0.0
0.0
0.0
0.0
0.0
0.0
0.0
0.0
0.0
0.0
0.0
0.0
0.0
0.0
0.0
0.0
0.0
0.0
0.0
0.0
0.0
0.0
0.0
0.0
0.0
0.0
0.0
0.0
0.0
0.0
0.0
0.0
0.0
0.0
0.0
0.0
0.0
0.0
0.0
0.0
0.0
0.0
0.0
0.0
0.0
0.0
0.0
0.0
0.0
0.0
0.0
0.0
0.0
0.0
0.0
0.0
0.0
0.0
0.0
0.0
0.0
0.0
0.0
0.0
0.0
0.0
0.0
0.0
0.0
0.0
0.0
0.0
0.0
0.0
0.0
0.0
0.0
0.0
0.0
0.0
0.0
0.0
0.0
0.0
0.0
0.0
0.0
0.0
0.0
0.0
0.0
0.0
0.0
0.0
0.0
0.0
0.0
0.0
0.0
0.0
0.0
0.0
0.0
0.0
0.0
0.0
0.0
0.0
0.0
0.0
0.0
0.0
0.0
0.0
0.0
0.0
0.0
0.0
0.0
0.0
0.0
0.0
0.0
0.0
0.0
0.0
0.0
0.0
0.0
0.0
0.0
0.0
0.0
0.0
0.0
0.0
0.0
0.0
0.0
0.0
0.0
0.0
0.0
0.0
0.0
0.0
0.0
0.0
0.0
0.0
0.0
0.0
0.0
0.0
0.0
0.0
0.0
0.0
0.0
0.0
0.0
0.0
0.0
0.0
0.0
0.0
0.0
0.0
0.0
0.0
0.0
0.0
0.0
0.0
0.0
0.0
0.0
0.0
0.0
0.0
0.0
0.0
0.0
0.0
0.0
0.0
0.0
0.0
0.0
0.0
0.0
0.0
0.0
0.0
0.0
0.0
0.0
0.0
0.0
0.0
0.0
0.0
0.0
0.0
0.0
0.0
0.0
0.0
0.0
0.0
0.0
0.0
0.0
0.0
0.0
0.0
0.0
0.0
0.0
0.0
0.0
0.0
0.0
0.0
0.0
0.0
0.0
0.0
0.0
0.0
0.0
0.0
0.0
0.0
0.0
0.0
0.0
0.0
0.0
0.0
0.0
0.0
0.0
0.0
0.0
0.0
0.0
0.0
0.0
0.0
0.0
0.0
0.0
0.0
0.0
0.0
0.0
0.0
0.0
0.0
0.0
0.0
0.0
0.0
0.0
0.0
0.0
0.0
0.0
0.0
0.0
0.0
0.0
0.0
0.0
0.0
0.0
0.0
0.0
0.0
0.0
0.0
0.0
0.0
0.0
0.0
0.0
0.0
0.0
0.0
0.0
0.0
0.0
0.0
0.0
0.0
0.0
0.0
0.0
0.0
0.0
0.0
0.0
0.0
0.0
0.0
0.0
0.0
0.0
0.0
2.7084225487814695e-06
7.238863765944384e-06
4.075280309403959e-06
0.0
0.0
0.0
0.0
0.0
0.0
0.0
0.0
0.0
0.0
0.0
0.0
0.0
0.0
0.0
0.0
0.0
0.0
0.0
3.575595621296075e-06
1.0181834744864251e-05
1.5152033599550835e-05
1.6298518872572728e-05
1.1989209631554084e-05
5.419507453905899e-06
0.0
0.0
0.0
0.0
0.0
0.0
0.0
0.0
0.0
0.0
0.0
0.0
0.0
0.0
0.0
0.0
0.0
0.0
0.0
0.0
0.0
0.0
0.0
0.0
0.0
0.0
0.0
0.0
0.0
0.0
0.0
0.0
0.0
0.0
0.0
0.0
0.0
0.0
0.0
0.0
0.0
0.0
0.0
0.0
0.0
0.0
0.0
0.0
0.0
0.0
0.0
0.0
0.0
0.0
0.0
0.0
0.0
0.0
0.0
0.0
0.0
0.0
0.0
0.0
0.0
0.0
0.0
0.0
0.0
0.0
0.0
0.0
0.0
0.0
0.0
0.0
0.0
0.0
0.0
0.0
0.0
0.0
0.0
0.0
0.0
0.0
0.0
0.0
0.0
0.0
0.0
0.0
0.0
0.0
0.0
0.0
0.0
0.0
0.0
0.0
0.0
0.0
0.0
0.0
0.0
0.0
0.0
0.0
0.0
0.0
0.0
0.0
0.0
0.0
0.0
0.0
0.0
0.0
0.0
0.0
0.0
0.0
0.0
0.0
0.0
0.0
0.0
0.0
0.0
0.0
0.0
0.0
0.0
0.0
0.0
0.0
0.0
0.0
0.0
0.0
0.0
0.0
0.0
0.0
0.0
0.0
0.0
0.0
0.0
0.0
0.0
0.0
0.0
0.0
0.0
0.0
0.0
0.0
0.0
0.0
0.0
0.0
4.890637035795995e-07
9.014484916274643e-06
2.635076561053942e-05
4.090387571494561e-05
2.434022508552851e-05
1.4094262522025966e-05
1.06089774516828e-06
0.0
0.0
0.0
0.0
0.0
0.0
0.0
0.0
0.0
0.0
0.0
0.0
0.0
0.0
0.0
0.0
0.0
0.0
0.0
0.0
9.995769724874441e-08
1.9121453054329658e-06
3.1099221642185066e-06
0.0
0.0
0.0
0.0
0.0
0.0
0.0
0.0
0.0
0.0
0.0
0.0
0.0
0.0
0.0
0.0
0.0
0.0
0.0
0.0
0.0
0.0
0.0
0.0
0.0
0.0
0.0
0.0
0.0
0.0
0.0
0.0
0.0
0.0
0.0
0.0
0.0
0.0
0.0
0.0
0.0
0.0
0.0
0.0
0.0
0.0
0.0
0.0
0.0
0.0
0.0
0.0
0.0
0.0
0.0
0.0
0.0
0.0
0.0
0.0
0.0
0.0
0.0
0.0
0.0
0.0
0.0
0.0
8.726320745868854e-07
1.1895027338327605e-06
0.0
0.0
0.0
0.0
0.0
0.0
0.0
0.0
0.0
0.0
0.0
0.0
0.0
0.0
0.0
0.0
0.0
0.0
0.0
0.0
0.0
0.0
0.0
0.0
0.0
0.0
0.0
0.0
0.0
0.0
0.0
0.0
0.0
0.0
0.0
0.0
0.0
0.0
0.0
0.0
0.0
0.0
0.0
0.0
6.212789627607238e-06
0.00011218412181411792
0.00046455290186062824
0.0006358985285212057
0.0006520306881579661
0.0006362435287710135
0.00042785507013724664
0.00014941587683346517
2.065770245526522e-05
0.0
0.0
0.0
0.0
0.0
0.0
0.0
0.0
0.0
0.0
0.0
0.0
0.0
0.0
1.820548615067237e-05
9.323736857649795e-05
0.00019662502969127098
0.00030825142710672276
0.00033172618718444683
0.0002667187623802353
0.00015201537719099274
4.650896126525771e-05
9.669076710743623e-07
0.0
0.0
0.0
0.0
0.0
0.0
0.0
0.0
0.0
0.0
0.0
0.0
0.0
0.0
0.0
0.0
0.0
0.0
1.0750521525474289e-06
1.4229544067424362e-06
0.0
0.0
0.0
0.0
0.0
0.0
0.0
0.0
0.0
0.0
0.0
0.0
0.0
0.0
0.0
0.0
0.0
0.0
0.0
0.0
0.0
0.0
3.9108824979815485e-07
6.70989845813832e-06
1.0930324467022063e-05
1.3860095122835899e-05
2.1459180122878927e-06
0.0
0.0
0.0
0.0
0.0
0.0
0.0
0.0
0.0
0.0
0.0
0.0
0.0
0.0
0.0
0.0
1.2264917543190496e-05
6.309249710723007e-05
0.00019296672589502696
0.0003353134739038398
0.000443477984951847
0.0004772266449556915
0.00048447859947678624
0.000294636833257165
7.47929677826471e-05
2.5624808855055915e-06
0.0
0.0
0.0
0.0
0.0
0.0
0.0
0.0
0.0
0.0
0.0
0.0
0.0
6.284416830675917e-07
2.1077116563539245e-05
4.636726377643264e-05
4.866319047622311e-05
3.873887274829624e-05
1.964386140844447e-05
9.362543166499474e-06
4.579071290093096e-07
0.0
0.0
0.0
0.0
0.0
0.0
0.0
0.0
0.0
0.0
0.0
0.0
0.0
0.0
0.0
0.0
0.0
0.0
0.0
0.0
0.0
0.0
0.0
0.0
0.0
0.0
0.0
0.0
0.0
0.0
0.0
0.0
0.0
0.0
0.0
0.0
0.0
0.0
0.0
0.0
0.0
0.0
0.0
0.0
0.0
0.0
0.0
0.0
0.0
0.0
0.0
0.0
0.0
0.0
0.0
0.0
0.0
0.0
0.0
0.0
0.0
0.0
0.0
0.0
0.0
0.0
0.0
0.0
0.0
0.0
0.0
0.0
0.0
0.0
0.0
0.0
0.0
0.0
0.0
0.0
0.0
0.0
0.0
0.0
0.0
0.0
0.0
0.0
0.0
0.0
0.0
0.0
0.0
0.0
0.0
0.0
0.0
0.0
0.0
0.0
0.0
0.0
0.0
0.0
0.0
0.0
0.0
0.0
0.0
0.0
0.0
0.0
0.0
0.0
0.0
0.0
0.0
0.0
0.0
0.0
0.0
0.0
0.0
0.0
0.0
0.0
0.0
0.0
0.0
0.0
0.0
0.0
0.0
0.0
0.0
0.0
0.0
1.5427674017762343e-07
5.9612154541451104e-06
1.3530509149795332e-05
2.18977792472124e-05
3.853689551483407e-05
2.6161595714760055e-05
1.1904811036997483e-05
4.928563975587144e-07
0.0
0.0
0.0
0.0
0.0
0.0
0.0
0.0
0.0
0.0
0.0
0.0
0.0
0.0
0.0
0.0
0.0
0.0
0.0
0.0
0.0
0.0
0.0
0.0
0.0
0.0
0.0
0.0
0.0
0.0
0.0
0.0
0.0
0.0
0.0
0.0
0.0
0.0
0.0
0.0
0.0
0.0
0.0
0.0
0.0
0.0
0.0
0.0
0.0
0.0
0.0
0.0
0.0
0.0
0.0
0.0
0.0
0.0
0.0
0.0
0.0
0.0
0.0
0.0
0.0
0.0
1.0315382862990066e-05
5.460303106621795e-05
0.0002249869927211652
0.00028151856225577067
0.0001514520463126778
7.116602602543726e-05
1.861759293549641e-05
0.0
0.0
0.0
0.0
0.0
0.0
0.0
0.0
0.0
0.0
0.0
0.0
0.0
0.0
0.0
0.0
0.0
0.0
0.0
0.0
0.0
0.0
0.0
0.0
0.0
0.0
0.0
0.0
0.0
0.0
0.0
0.0
0.0
0.0
0.0
0.0
0.0
0.0
0.0
0.0
0.0
0.0
0.0
0.0
0.0
0.0
0.0
0.0
0.0
0.0
0.0
0.0
0.0
0.0
0.0
0.0
0.0
0.0
0.0
0.0
0.0
0.0
0.0
0.0
0.0
0.0
0.0
0.0
0.0
0.0
0.0
0.0
0.0
0.0
0.0
0.0
0.0
0.0
0.0
0.0
0.0
0.0
0.0
0.0
0.0
0.0
0.0
0.0
0.0
0.0
0.0
0.0
0.0
0.0
0.0
0.0
0.0
0.0
0.0
0.0
0.0
0.0
0.0
0.0
0.0
0.0
0.0
0.0
0.0
0.0
0.0
0.0
0.0
0.0
0.0
0.0
0.0
0.0
0.0
0.0
0.0
0.0
0.0
0.0
0.0
0.0
0.0
0.0
0.0
0.0
0.0
0.0
0.0
0.0
0.0
0.0
0.0
0.0
0.0
0.0
0.0
0.0
0.0
0.0
0.0
0.0
0.0
0.0
0.0
0.0
0.0
0.0
0.0
0.0
0.0
0.0
0.0
0.0
0.0
0.0
0.0
1.075518949524365e-06
8.197172346661336e-06
1.7236568672511064e-05
1.76892580804669e-05
1.414683771472384e-05
1.5478946361859873e-06
0.0
0.0
0.0
0.0
0.0
0.0
0.0
0.0
0.0
0.0
0.0
0.0
0.0
0.0
0.0
0.0
1.6488896518675247e-07
6.610083799680131e-06
1.569793487992873e-05
3.32460905597772e-05
6.304869316521488e-05
7.360798306266167e-05
6.805377157799263e-05
2.679373572168731e-05
2.2826003798782704e-06
0.0
0.0
0.0
0.0
0.0
0.0
0.0
0.0
0.0
0.0
0.0
0.0
0.0
0.0
0.0
3.3817753839640494e-06
2.1326394227207996e-05
0.00010745948730037009
0.00019954158239202446
0.000305798429675845
0.0003375394221438481
0.000310459781409587
0.00018097419684471764
7.98130328074404e-05
4.0224444479738795e-05
0.0
0.0
0.0
0.0
0.0
0.0
0.0
0.0
0.0
0.0
0.0
0.0
0.0
0.0
3.526212571278657e-06
3.5786565270656556e-05
7.194269440965312e-05
5.474571069378036e-05
7.26393731675593e-05
6.753645925286862e-05
4.669781142964081e-05
1.539650488279979e-05
8.396085702311e-07
0.0
0.0
0.0
0.0
0.0
0.0
0.0
0.0
0.0
0.0
0.0
0.0
0.0
0.0
0.0
0.0
0.0
0.0
4.70923446224001e-06
1.1273295201959293e-05
1.4828822895010089e-05
1.6824896926321494e-05
5.399136241270999e-06
0.0
0.0
0.0
0.0
0.0
0.0
0.0
0.0
0.0
0.0
0.0
0.0
0.0
0.0
0.0
0.0
0.0
0.0
0.0
0.0
0.0
0.0
0.0
0.0
0.0
0.0
0.0
0.0
0.0
0.0
0.0
0.0
0.0
0.0
0.0
0.0
0.0
0.0
0.0
0.0
0.0
0.0
0.0
0.0
0.0
4.340324167157605e-06
0.0
0.0
0.0
0.0
0.0
0.0
0.0
0.0
0.0
0.0
0.0
0.0
0.0
0.0
0.0
0.0
0.0
0.0
5.565907096866101e-06
2.5962519121142523e-05
9.314842022019262e-05
0.0001744413441052555
0.00028332022860153987
0.00031161755841057693
0.000333347382385799
0.00023280512832668315
6.729412291093589e-05
8.319953126126055e-06
0.0
0.0
0.0
0.0
0.0
0.0
0.0
0.0
0.0
0.0
0.0
0.0
0.0
5.949152703062427e-06
0.00014709135908659292
0.0003693868477324975
0.0004267163746769354
0.0005013713553731399
0.0005677169999958839
0.0005488884469542307
0.00042589155895928106
0.00025859030491048857
8.861364488364417e-05
3.108171830752384e-05
0.0
0.0
0.0
0.0
0.0
0.0
0.0
0.0
0.0
0.0
0.0
0.0
2.142546343272773e-06
3.4936599104366505e-05
0.00018721129795309943
0.0003379373420264856
0.0004511484765118047
0.0005661718403551294
0.0006913150203795464
0.0005475526681959706
0.0003699437364766332
0.0002900982441715437
0.00018089405742513178
0.00010093562109386896
0.0
0.0
0.0
0.0
0.0
0.0
0.0
0.0
0.0
0.0
0.0
0.0
1.5357507971561727e-06
2.1798617655946158e-05
0.00021086818769756955
0.00039476949532370116
0.0004957324951133385
0.0005819238649088413
0.0006176141287804655
0.0006032451082519853
0.0005326932127007586
0.0003863250980089302
0.0002194635245321111
8.548284590409328e-05
0.0
0.0
0.0
0.0
0.0
0.0
0.0
0.0
0.0
0.0
0.0
0.0
0.0
0.0
6.943322740322946e-06
3.2821743622246824e-05
7.690711123744814e-05
0.00017659614680783854
0.00027923756518967235
0.00028305568031774376
0.00026597660170628236
0.00019855337747368045
6.495403144755105e-05
6.4833992358326e-06
0.0
0.0
0.0
0.0
0.0
0.0
0.0
0.0
0.0
0.0
0.0
0.0
0.0
0.0
0.0
9.358232871151249e-07
1.1372999045168452e-05
2.8708540315294907e-05
2.5244132883581682e-05
2.145830327766288e-05
1.3199608961330941e-05
0.0
0.0
0.0
0.0
0.0
0.0
0.0
0.0
0.0
0.0
0.0
0.0
0.0
0.0
0.0
0.0
0.0
0.0
0.0
0.0
0.0
0.0
0.0
0.0
0.0
0.0
0.0
0.0
0.0
0.0
0.0
0.0
0.0
0.0
0.0
0.0
0.0
0.0
0.0
0.0
0.0
0.0
0.0
1.952397275822931e-06
8.659606633276262e-06
1.6980917520829973e-05
2.04705219176493e-05
1.910571782128059e-05
6.5894040413887285e-06
0.0
0.0
0.0
0.0
0.0
0.0
0.0
0.0
0.0
0.0
0.0
0.0
0.0
0.0
0.0
0.0
0.0
0.0
0.0
0.0
0.0
0.0
0.0
0.0
0.0
0.0
0.0
0.0
0.0
0.0
0.0
0.0
0.0
0.0
0.0
0.0
0.0
0.0
0.0
0.0
0.0
0.0
0.0
1.892767223060591e-07
5.1199174931663155e-06
8.121735329493243e-06
5.923865942100802e-06
0.0
0.0
0.0
0.0
0.0
0.0
0.0
0.0
0.0
0.0
0.0
0.0
0.0
0.0
0.0
0.0
0.0
0.0
0.0
0.0
0.0
0.0
0.0
0.0
0.0
0.0
0.0
0.0
0.0
0.0
0.0
0.0
0.0
0.0
0.0
0.0
0.0
0.0
0.0
0.0
0.0
0.0
0.0
0.0
4.434393114082144e-06
1.1471791529642298e-05
8.134364025654362e-06
8.348182248469816e-08
0.0
0.0
0.0
0.0
0.0
0.0
0.0
0.0
0.0
0.0
0.0
0.0
0.0
0.0
0.0
0.0
0.0
0.0
0.0
1.5530455901761083e-06
8.848868464587655e-06
1.5608475350926637e-05
2.2861822359275623e-05
2.7242086881835206e-05
6.463840105867704e-06
0.0
0.0
0.0
0.0
0.0
0.0
0.0
0.0
0.0
0.0
0.0
0.0
0.0
0.0
0.0
0.0
0.0
3.589285547492053e-05
0.00016288640999167307
0.0003304896131131503
0.00041811499448652945
0.00044339844472785124
0.0004080551950426818
0.00021281170588775735
0.0
0.0
0.0
0.0
0.0
0.0
0.0
0.0
0.0
0.0
0.0
0.0
0.0
0.0
1.5572743015467254e-05
0.00011860711100541815
0.0003350748047467857
0.00047921157821556945
0.0005049663831759678
0.0005468503915058565
0.0005935955556745718
0.0005878044846150404
0.0005450186133330475
0.00047474306964664784
0.00015818467094737808
8.07135996365383e-06
0.0
0.0
0.0
0.0
0.0
0.0
0.0
0.0
0.0
0.0
0.0
0.0
0.0
0.0
0.0
0.0
0.0
0.0
0.0
0.0
0.0
0.0
0.0
0.0
0.0
0.0
0.0
0.0
0.0
0.0
0.0
0.0
0.0
0.0
0.0
0.0
0.0
0.0
0.0
0.0
0.0
0.0
0.0
0.0
0.0
0.0
0.0
0.0
0.0
0.0
0.0
0.0
0.0
0.0
0.0
0.0
0.0
0.0
0.0
0.0
0.0
0.0
0.0
3.9051365234856775e-07
1.369930034751831e-05
7.589789433806149e-05
0.00019389659633068914
0.00021088625147321375
0.00018788478564630613
0.00013438258786832718
5.4306711342040506e-05
6.210658881650654e-06
0.0
0.0
0.0
0.0
0.0
0.0
0.0
0.0
0.0
0.0
0.0
0.0
0.0
0.0
0.0
0.0
0.0
0.0
0.0
0.0
0.0
0.0
0.0
0.0
0.0
0.0
0.0
0.0
0.0
0.0
0.0
0.0
0.0
0.0
0.0
0.0
0.0
0.0
0.0
1.4109375420107748e-06
8.394435818794161e-06
1.5219275399417184e-05
2.0967767662386513e-05
1.4743446581354525e-05
1.1952151938333582e-05
2.116416443122485e-07
0.0
0.0
0.0
0.0
0.0
0.0
0.0
0.0
0.0
0.0
0.0
0.0
0.0
0.0
0.0
0.0
0.0
1.1580718972440848e-06
6.59010105861547e-05
0.00019820463436759613
0.0002814104132628706
0.00030168452435190427
7.599572591283404e-05
0.0
0.0
0.0
0.0
0.0
0.0
0.0
0.0
0.0
0.0
0.0
0.0
0.0
0.0
0.0
0.0
0.0
5.034416583647718e-06
2.0109348502724607e-05
3.9013478633544725e-05
3.0420896297912114e-05
2.639067161109692e-05
2.825739816489472e-05
2.7431817562605162e-05
2.0993560660502844e-05
3.0895149042068277e-06
0.0
0.0
0.0
0.0
0.0
0.0
0.0
0.0
0.0
0.0
0.0
0.0
0.0
0.0
1.4024442084572277e-06
1.656784615280695e-05
3.459617802539148e-05
7.130437589289631e-05
2.144271626584347e-05
3.909834290397867e-05
8.270763960832298e-05
2.5404363187253024e-05
4.102971986902614e-06
0.0
0.0
0.0
0.0
0.0
0.0
0.0
0.0
0.0
0.0
0.0
0.0
0.0
0.0
0.0
0.0
0.0
0.0
0.0
0.0
1.3979810651729826e-06
8.913309913911461e-06
9.03704983569354e-06
1.0438692502190566e-06
0.0
0.0
0.0
0.0
0.0
0.0
0.0
0.0
0.0
0.0
0.0
0.0
0.0
0.0
0.0
0.0
0.0
4.245220721441296e-06
3.433867889313197e-05
9.815542218789528e-05
0.000186252906343467
0.00022668188344520017
0.0002260063891720695
0.00019498880781628026
9.156588974222123e-05
1.4809502535076125e-05
0.0
0.0
0.0
0.0
0.0
0.0
0.0
0.0
0.0
0.0
0.0
0.0
1.3812414806771106e-05
0.0001352558505345804
0.0003330104759584484
0.0005047621929040574
0.0006752439895015998
0.0006316945225292298
0.0004666363238537271
0.00030047097247816825
0.00023671158633212035
0.00013163444493246202
4.425485444775659e-05
2.975318322428961e-06
0.0
0.0
0.0
0.0
0.0
0.0
0.0
0.0
0.0
0.0
0.0
0.0
0.0
3.7449503756143376e-06
6.86144256953648e-05
0.0001952243810578911
0.0003785350904501005
0.0004699122656535371
0.0005527990701843492
0.0005444301191412674
0.00048095718582564096
0.00024244886631015128
3.3564071777911156e-05
0.0
0.0
0.0
0.0
0.0
0.0
0.0
0.0
0.0
0.0
0.0
0.0
0.0
0.0
0.0
0.0
0.0
2.6108255376907793e-06
1.222137313186407e-05
3.079420583775998e-05
1.6957792530089726e-05
0.0
0.0
0.0
0.0
0.0
0.0
0.0
0.0
0.0
0.0
0.0
0.0
0.0
0.0
0.0
0.0
0.0
5.031553295282157e-06
5.874249068019573e-05
0.000288018563155238
0.0004599118835089982
0.0005662659215549841
0.0006893693065805489
0.0007055892622512672
0.00062951710023037
0.0005321369493498881
0.0003480810858144017
0.00018381825391083852
0.0
0.0
0.0
0.0
0.0
0.0
0.0
0.0
0.0
0.0
0.0
0.0
1.3308941248137802e-05
0.00018932500473056783
0.00046924748031881326
0.0006467158100103301
0.0007663879404405361
0.0007854800712902243
0.000898584994329596
0.0009680470176749467
0.0008601779487561942
0.0006778699188460808
0.0005259306901678102
0.00032776759167862246
0.0
0.0
0.0
0.0
0.0
0.0
0.0
0.0
0.0
0.0
0.0
0.0
2.6536211519118198e-05
0.00029403832801716214
0.0005827628397489134
0.0007648050801084425
0.0008202589545176866
0.0008810240739498732
0.0009727192579506466
0.0010522211672227661
0.0010679195097985745
0.0008965939342301896
0.0006866724938453204
0.0004019461258204972
0.0
0.0
0.0
0.0
0.0
0.0
0.0
0.0
0.0
0.0
0.0
0.0
9.102485609371326e-07
9.83896398530139e-05
0.00043320450466237924
0.000586974361986117
0.0007100645829281267
0.0007460665716475245
0.00071952423487861
0.0008100427379721954
0.0008402717000503962
0.0007438883346123159
0.0005849907868098257
0.00037930919722788527
0.0
0.0
0.0
0.0
0.0
0.0
0.0
0.0
0.0
0.0
0.0
0.0
0.0
3.2760246459220047e-06
5.197868979755758e-05
0.00032405961003530577
0.00047711359253825597
0.000608520588435202
0.0006973423441033339
0.0006863200404743923
0.0006805883413064162
0.0006039222873302112
0.0004330087903465272
0.00025955375251458324
0.0
0.0
0.0
0.0
0.0
0.0
0.0
0.0
0.0
0.0
0.0
0.0
0.0
5.516234088508304e-07
2.3299747734036426e-05
0.00010946010747592519
0.0002923955936651847
0.00046975291043344536
0.0004146799612099339
0.0002476623360634791
0.00015189009154318092
2.2117625826871786e-05
0.0
0.0
0.0
0.0
0.0
0.0
0.0
0.0
0.0
0.0
0.0
0.0
0.0
0.0
0.0
0.0
0.0
0.0
0.0
8.981739413741599e-07
7.0445560055899955e-06
9.270929264858487e-06
0.0
0.0
0.0
0.0
0.0
0.0
0.0
0.0
0.0
0.0
0.0
0.0
0.0
0.0
0.0
0.0
0.0
0.0
0.0
1.7893295882021185e-06
1.881633411107898e-05
5.9509426700978156e-05
0.00017669665657181079
0.00026972265581379164
0.00015021796433999297
4.004934414625152e-05
0.0
0.0
0.0
0.0
0.0
0.0
0.0
0.0
0.0
0.0
0.0
0.0
0.0
0.0
0.0
0.0
4.091017553277038e-06
0.0
0.0
0.0
0.0
0.0
0.0
0.0
0.0
0.0
0.0
0.0
0.0
0.0
0.0
0.0
0.0
0.0
0.0
0.0
0.0
0.0
0.0
0.0
0.0
4.3836400340425024e-06
1.4346452274925191e-05
3.896102816897201e-05
8.92519270146478e-05
0.00011413533962830518
8.825921238915044e-05
3.539866275850181e-05
1.1343105919586608e-05
4.2052174062483696e-07
0.0
0.0
0.0
0.0
0.0
0.0
0.0
0.0
0.0
0.0
0.0
0.0
0.0
3.868813584268162e-06
3.144934364242572e-05
0.00017160485709822305
0.0003023492036791268
0.000433142947763178
0.00046594551536490684
0.0004988891252301704
0.0005093353159453614
0.0003815751422452038
0.0001765552664916018
4.507065536331189e-05
0.0
0.0
0.0
0.0
0.0
0.0
0.0
0.0
0.0
0.0
0.0
0.0
0.0
0.0
2.0496547746233427e-06
1.0614943871865444e-05
2.4516577280552364e-05
5.486394802413745e-05
4.1444010673354864e-05
3.945467077385278e-05
5.552169031206386e-05
3.5136159103410524e-05
6.451900253661181e-06
0.0
0.0
0.0
0.0
0.0
0.0
0.0
0.0
0.0
0.0
0.0
0.0
0.0
0.0
0.0
0.0
3.446133226943827e-07
7.313251701675201e-06
1.6276944256514127e-05
3.873340443377549e-05
7.058388462249049e-05
7.724109862359455e-05
1.2714176975221997e-05
9.20126893736506e-08
0.0
0.0
0.0
0.0
0.0
0.0
0.0
0.0
0.0
0.0
0.0
0.0
0.0
0.0
0.0
0.0
4.502687620412264e-06
0.00012349833950553286
0.00030975151849054193
0.000400973728014965
0.0004707439232097047
0.00040186163853862496
0.00017127861724854733
0.0
0.0
0.0
0.0
0.0
0.0
0.0
0.0
0.0
0.0
0.0
0.0
0.0
0.0
3.705431779974882e-05
0.0001768198180803005
0.00047503303816812115
0.0006387393340876064
0.0007917739406927325
0.0009082136608751811
0.0009584670304877765
0.0009306173200295999
0.0009256086257533437
0.0008090433158071848
0.000545232472381724
0.0002743665727558043
0.0
0.0
0.0
0.0
0.0
0.0
0.0
0.0
0.0
0.0
0.0
0.0
0.0
0.0
1.2386086879900085e-05
7.562053593342124e-05
0.0002446554965829553
0.0004468999495481101
0.0005092215205799907
0.00042268039502525576
0.00031885716775891383
0.00014664368156842587
4.435027454107273e-05
2.3368355685761976e-06
0.0
0.0
0.0
0.0
0.0
0.0
0.0
0.0
0.0
0.0
0.0
0.0
0.0
7.392244549149426e-07
1.7675677833594066e-05
7.952978533802389e-05
0.00019466906472527423
0.00026943676146128494
0.00024536290489144585
0.0002656482863839672
0.00027636986846577
0.0001936681315951219
3.279354293218632e-05
0.0
0.0
0.0
0.0
0.0
0.0
0.0
0.0
0.0
0.0
0.0
0.0
0.0
0.0
0.0
0.0
0.0
0.0
0.0
0.0
0.0
0.0
0.0
0.0
0.0
0.0
0.0
0.0
0.0
0.0
0.0
0.0
0.0
0.0
0.0
0.0
0.0
0.0
0.0
0.0
0.0
0.0
0.0
0.0
0.0
0.0
0.0
0.0
0.0
0.0
0.0
0.0
0.0
0.0
0.0
0.0
0.0
0.0
0.0
0.0
0.0
0.0
8.420051154508648e-07
1.8550589651580645e-05
6.663796402500473e-05
0.00018009893071379782
0.0003542678063630923
0.0005034177968178958
0.0006039212437398069
0.0005696951821315516
0.00038323668707870563
0.0002110092688110565
3.522019626629152e-05
0.0
0.0
0.0
0.0
0.0
0.0
0.0
0.0
0.0
0.0
0.0
0.0
0.0
6.75251189314794e-06
0.00010824587615130243
0.0003505803649423105
0.00043940551783858183
0.0005265574398585956
0.000685399558840171
0.0007273685927811878
0.0007310252110025297
0.000596263827461483
0.0
0.0
0.0
0.0
0.0
0.0
0.0
0.0
0.0
0.0
0.0
0.0
0.0
0.0
2.6968463234365336e-05
0.0002390941198231778
0.0005112471794004784
0.0007069113599714221
0.0007947964432378139
0.0006740568675821164
0.0006213540206687334
0.0005403513574158218
0.00040598940733798907
0.00025127381649832614
0.00014067255486849165
7.04240233457904e-05
0.0
0.0
0.0
0.0
0.0
0.0
0.0
0.0
0.0
0.0
0.0
0.0
3.8090386139409765e-07
3.085977674131358e-05
0.0003008494179427849
0.0006173654545632191
0.00044663400921732797
0.0002384855021856465
0.0002723070597106751
0.00029014318315272663
0.00027151974212058917
0.0002595581270266251
0.00019428454233839536
7.177530583652488e-05
0.0
0.0
0.0
0.0
0.0
0.0
0.0
0.0
0.0
0.0
0.0
0.0
1.2855653949698795e-06
2.518413754395456e-05
0.0003048195677201336
0.0006553853322594513
0.0008598133026400713
0.0009946403006188798
0.0010511369388856333
0.0010413946816860266
0.0010312588192132619
0.0008146742436275558
0.0005837303681667832
0.0003663572395233794
0.0
0.0
0.0
0.0
0.0
0.0
0.0
0.0
0.0
0.0
0.0
0.0
7.563425751301288e-05
0.0003811836187694674
0.0006736395160320721
0.0008381602645558549
0.0010131150117894676
0.001108954355260791
0.001238789689715646
0.0011695714104666638
0.001043251983383202
0.0009081744605231737
0.0006720091668945312
0.0003447601916570207
0.0
0.0
0.0
0.0
0.0
0.0
0.0
0.0
0.0
0.0
0.0
0.0
1.7391821161522162e-05
0.000186894481329793
0.0004240373924616699
0.0005047839758872877
0.0006557560071863605
0.0007666593710467636
0.000951136796281172
0.001058123421886641
0.0009562816876257486
0.0007708756963457282
0.0005662412460586897
0.0003091851995235174
0.0
0.0
0.0
0.0
0.0
0.0
0.0
0.0
0.0
0.0
0.0
0.0
0.0
0.0
7.929822721042832e-06
1.8698193727574577e-05
4.92917628441142e-05
9.447123029097327e-05
0.0001440299737106188
0.00018765682574040094
0.00014099665332877476
2.4322661840025864e-05
3.885001398455861e-07
0.0
0.0
0.0
0.0
0.0
0.0
0.0
0.0
0.0
0.0
0.0
0.0
0.0
0.0
0.0
0.0
4.893976701110085e-06
2.1262322285743388e-05
0.00011547643384793546
0.0002804688961059995
0.00031310089810107243
0.00020468684694049594
9.469556939295187e-05
0.0
0.0
0.0
0.0
0.0
0.0
0.0
0.0
0.0
0.0
0.0
0.0
0.0
0.0
3.7776477395723204e-06
5.497452628460238e-05
0.0003326545286766098
0.0004971505440943008
0.0006289676719498142
0.0007179086264042482
0.0008166913491711411
0.0008332042648785514
0.0008141903970827472
0.0006974813466659094
0.0005308360840823427
0.00028003770918008815
0.0
0.0
0.0
0.0
0.0
0.0
0.0
0.0
0.0
0.0
0.0
0.0
8.346664556061762e-06
0.00012372055650869133
0.0004474362450343897
0.0006668914397289943
0.0008333381634124022
0.0009654172711811125
0.0011433732303026717
0.0011841057048483157
0.0011610040955083753
0.0009949400480842065
0.0007555328914529011
0.0005259940097221017
0.0
0.0
0.0
0.0
0.0
0.0
0.0
0.0
0.0
0.0
0.0
0.0
9.235999341212903e-06
0.0001294856508982739
0.0005548640714373547
0.0008098696125478886
0.0009512995033905769
0.0010110921938788482
0.0010529113086267317
0.0009531065538043342
0.0008702906245176152
0.000649502823910794
0.00046495636155510203
0.00029116465537810384
0.0
0.0
0.0
0.0
0.0
0.0
0.0
0.0
0.0
0.0
0.0
0.0
1.5476047302342435e-05
0.00021834714413349307
0.000460119711635274
0.0006407529312518532
0.0007921281350348067
0.0008846169620910717
0.0008746121679437429
0.0008930840121742317
0.0007483146444772853
0.0005217595505408823
0.0003963142692523913
0.00022275779134295806
0.0
0.0
0.0
0.0
0.0
0.0
0.0
0.0
0.0
0.0
0.0
0.0
7.023338208151927e-05
0.00023226141008573926
0.00017463344674646105
0.0003631671722675322
0.0005353783464581791
0.0006415529736594349
0.0007765925779032734
0.0006761502892742038
0.0005968294168188981
0.0004694736357760798
0.0002797509907859329
0.0002009830609812656
0.0
0.0
0.0
0.0
0.0
0.0
0.0
0.0
0.0
0.0
0.0
0.0
0.00013591715253691682
0.0005220952720432489
0.0007524149222946986
0.0009268050478860643
0.0010789819529451517
0.0010809531157921998
0.000861373784946476
0.0008867075169895093
0.0009039022377762649
0.00055509236941176
0.0002426011477195462
5.3407710484540645e-05
0.0
0.0
0.0
0.0
0.0
0.0
0.0
0.0
0.0
0.0
0.0
0.0
0.0
2.913490933272014e-05
0.00016874062222597215
0.0005044628088418453
0.0006892875464152789
0.0006486729766842454
0.0006595358369195829
0.0007382776867219092
0.000616019629656949
0.00042170764074973285
0.0
0.0
0.0
0.0
0.0
0.0
0.0
0.0
0.0
0.0
0.0
0.0
0.0
0.0
8.064729540439477e-06
0.00014071976699774058
0.00041468167669893205
0.0005527721078740798
0.0006147760670835892
0.0004904880484816744
0.0005279540293905096
0.000569015773726972
0.0005271802289854158
0.0004508917226444801
0.00031424556460636985
0.0001285720371420073
0.0
0.0
0.0
0.0
0.0
0.0
0.0
0.0
0.0
0.0
0.0
0.0
6.611363939775215e-06
7.65266958982269e-05
0.00039156101304808455
0.0006520473679078635
0.0008464916191632054
0.0010005874218042786
0.001160203702818159
0.0012087210025292967
0.0011999993463004404
0.0010346751216039822
0.0007498216765211573
0.000500228183395747
0.0
0.0
0.0
0.0
0.0
0.0
0.0
0.0
0.0
0.0
0.0
0.0
8.699108464628578e-05
0.00040786565845666624
0.0007310828185860497
0.0010073681724838866
0.001179669414837151
0.0013487988265369437
0.001548291475248354
0.0016194615916070116
0.0015430189952769973
0.0012351540523046613
0.0009801937188126304
0.000646069253084651
0.0
0.0
0.0
0.0
0.0
0.0
0.0
0.0
0.0
0.0
0.0
4.610903109415566e-05
0.0005490389740012395
0.0009270273778210471
0.0011850578510300268
0.0014421474583788641
0.0015761231027177874
0.0016128650194528343
0.0012939119695384632
0.0010833257871086382
0.0009602194008777258
0.0008031768944624536
0.0006726328896141178
0.0005047920355241492
0.0
0.0
0.0
0.0
0.0
0.0
0.0
0.0
0.0
0.0
0.0
0.0
0.0001961408801693696
0.0005664603142317323
0.0008243455130471644
0.0009569268426728117
0.0009374405806867115
0.0008596057422663103
0.0005051452643670845
0.00023471632147681294
0.0001972720857840702
0.000166430033325102
0.00011594162669416662
4.824602426806021e-05
0.0
0.0
0.0
0.0
0.0
0.0
0.0
0.0
0.0
0.0
0.0
0.0
6.126123637574085e-06
0.0002133384936166847
0.0006416346026675489
0.000867964907732322
0.0010276120592074283
0.0009043803785219786
0.000666434262656018
0.0006897561801695902
0.0005636548248599814
0.00019747907467859978
3.900729997305859e-05
7.861215301250604e-07
0.0
0.0
0.0
0.0
0.0
0.0
0.0
0.0
0.0
0.0
0.0
0.0
0.0
6.974020592964417e-05
0.00032533387348066196
0.0006811201747074615
0.0009084131500013329
0.0010866049135745844
0.0012808423647623327
0.0013851827609100106
0.0014846203648700123
0.0013779129067928205
0.0
0.0
0.0
0.0
0.0
0.0
0.0
0.0
0.0
0.0
0.0
0.0
5.051914797268453e-05
0.00038337298369638795
0.0007339096248208407
0.0009144320250103332
0.0011215373330161313
0.001402935024152962
0.0016227756617887329
0.0017998825849907512
0.001903334970918158
0.0017785049205181693
0.001723567453089588
0.0015225461729534394
0.0011870892455969008
0.0008292971527066059
0.0
0.0
0.0
0.0
0.0
0.0
0.0
0.0
0.0
0.0
4.237056109843249e-08
0.00013725563504325398
0.0005243422776990182
0.0007720256689274165
0.001073019941072115
0.0012518918470094567
0.0013742626501604465
0.0014733802182131444
0.0015867912799502842
0.001504302335797284
0.0013130384737418273
0.001158632411511378
0.0009434388300719453
0.0007823592800396937
0.0
0.0
0.0
0.0
0.0
0.0
0.0
0.0
0.0
0.0
0.0
6.641234692926059e-06
0.00016398529469144172
0.0004613459076827828
0.0006910551781495589
0.001092779520043894
0.0012424679109714744
0.0013839857705046986
0.0015106957505157338
0.001323097405533099
0.0011513608838006604
0.0008013166745113432
0.0
0.0
0.0
0.0
0.0
0.0
0.0
0.0
0.0
0.0
0.0
0.0
0.0
6.0116149514391826e-05
0.0005050222053059207
0.0007507887631565474
0.0009390434104882714
0.0010398727868208368
0.0012036694448800335
0.0014012151144122392
0.0013250793300137074
0.0010362999720024363
0.0006715218745723432
0.0004571691902559649
0.0002295825124485171
7.835797819844528e-05
0.0
0.0
0.0
0.0
0.0
0.0
0.0
0.0
0.0
0.0
0.0
1.5814099546461253e-06
0.00026979949838848357
0.0005725668117181266
0.0007988035479594001
0.0009665238456954024
0.0010496121145102887
0.0011068693067916534
0.0011457962955080103
0.001031845564902218
0.0009794974517582918
0.0009040726388781545
0.0007390359300212268
0.000567752628242213
0.0
0.0
0.0
0.0
0.0
0.0
0.0
0.0
0.0
0.0
0.0
0.0
3.37952841603786e-05
0.00021224414539273198
0.0005476898402101279
0.0008129958933855497
0.0009293374507365354
0.0010269380065357917
0.001170060718935374
0.0013033170197338404
0.0012627739652717048
0.0007310020069157385
0.0003463312084427541
0.00014234936729588896
2.5000271526083062e-05
0.0
0.0
0.0
0.0
0.0
0.0
0.0
0.0
0.0
0.0
0.0
0.0
1.7193571375860417e-07
0.00011836335308846116
0.0004798114949241407
0.0005909608793416703
0.0005534853846501265
0.0005870980130249369
0.0006173064857536066
0.0005577129731602154
0.0004261758626434722
0.0
0.0
0.0
0.0
0.0
0.0
0.0
0.0
0.0
0.0
0.0
0.0
0.0
1.6493054174072383e-06
0.00012832447111092273
0.00044187087025403607
0.0005919123491608978
0.0007841856452483531
0.0009780171737807793
0.0010134661784441169
0.0008901825813849152
0.0008615653159550317
0.0008405115763124975
0.000780764197488286
0.0006320722551507498
0.0005166731085728363
0.0
0.0
0.0
0.0
0.0
0.0
0.0
0.0
0.0
0.0
0.0
2.1211942016423546e-05
0.0004621093911999646
0.0007644651123660179
0.0010162727928210828
0.001232912016266017
0.001441615202157062
0.0015605842031962858
0.0016926697811244322
0.0018311008666891105
0.0017814864259399917
0.0016024692432464343
0.001422563266527162
0.001130725684728994
0.0
0.0
0.0
0.0
0.0
0.0
0.0
0.0
0.0
0.0
0.0
0.0
2.5572523879236326e-05
0.00016463547530476524
0.0003750820693522686
0.0006431664657424855
0.0008762674850684902
0.0010663398861758384
0.0011854132358497319
0.0012728658675235606
0.001298060465121909
0.0012182431246055814
0.000995568138377145
0.0007596632257417929
0.0
0.0
0.0
0.0
0.0
0.0
0.0
0.0
0.0
0.0
0.0
1.1264173662454374e-05
0.000398600976485981
0.0007198354779841771
0.0010314993195182044
0.0012509141477304996
0.001440363859021591
0.0016134145570499505
0.0017578791709597684
0.0016500760049668324
0.0015344735633234326
0.0015042902478856418
0.001351113283104605
0.0010411545097962105
0.0
0.0
0.0
0.0
0.0
0.0
0.0
0.0
0.0
0.0
0.00011908867570989229
0.0003875275681421147
0.0007368201464021044
0.0009495054174016647
0.0011562596776441777
0.001262926795225536
0.0014090026602701148
0.0013378618101137683
0.0010930346835659292
0.0009982816886128045
0.0009642461757570044
0.0008705627616264609
0.0007375254525895826
0.0005825168231822738
0.0
0.0
0.0
0.0
0.0
0.0
0.0
0.0
0.0
0.0
0.0
5.364655877492857e-06
0.00030609452459243045
0.0006236792513007395
0.0008488776399391709
0.0009745986952946544
0.001170799149199613
0.00121387569250164
0.0012441156525072425
0.0013285334854197355
0.0012214918017688665
0.0007949929962326608
0.0004790964660707737
0.00037269880278917495
0.00021486773949939503
0.0
0.0
0.0
0.0
0.0
0.0
0.0
0.0
0.0
0.0
0.0
1.2543765042998322e-05
0.00027107732879578145
0.00047562176461804983
0.0007807914634131176
0.0009564150684266808
0.0011008387397750427
0.0010201490918549025
0.0008271594242353537
0.0007455210116976903
0.0006779391439036572
0.0
0.0
0.0
0.0
0.0
0.0
0.0
0.0
0.0
0.0
0.0
0.0
0.0
4.989195949312149e-05
0.0005435676607937476
0.0008341417696314306
0.001107781442538414
0.0013698815696294889
0.0016013571645614806
0.0016952991423425893
0.001868265318704073
0.0019482208959156436
0.0018740796829065287
0.0014897728526983675
0.0012135787712399997
0.0009541512857322521
0.0
0.0
0.0
0.0
0.0
0.0
0.0
0.0
0.0
0.0
1.6027869395962708e-06
0.0002492994683902046
0.0006674782653627613
0.000963732700793772
0.0013628475148390407
0.001629684101390479
0.0017381217295927586
0.0018193639747535767
0.0019446848215005862
0.001988935183920761
0.0018314413359038423
0.0015280315752149135
0.0012894955312383331
0.0010645537058260519
0.0
0.0
0.0
0.0
0.0
0.0
0.0
0.0
0.0
0.0
0.0001001384743830908
0.00043081694700801827
0.0008289547848372674
0.0011318031930678898
0.0013736811017539812
0.001521632180414512
0.0016967157554189348
0.0018341806028129735
0.0018980797833857822
0.0017455661564599093
0.001527300403304623
0.0013524871804355858
0.001069862685967147
0.0008276560677241483
0.0
0.0
0.0
0.0
0.0
0.0
0.0
0.0
0.0
0.0
6.612610398527923e-05
0.00041212317376683737
0.0007827059801341107
0.001071924813871977
0.0013815168225862434
0.001533826684598016
0.0017378549563559467
0.0017665074764083486
0.0014792538497421432
0.001277952497979086
0.0011686405048802991
0.0010069293021641996
0.000862802299602609
0.0007851256292763826
0.0
0.0
0.0
0.0
0.0
0.0
0.0
0.0
0.0
0.0
0.0
0.0
8.853277250529436e-05
0.00025079800247546183
0.0005113919101361635
0.0006278063225287713
0.000888321668578756
0.0010850256032022515
0.0011653037886497895
0.0010906618750539474
0.0006586634155386038
0.00030467064347004065
0.0001434444874289263
7.329507241870017e-05
0.0
0.0
0.0
0.0
0.0
0.0
0.0
0.0
0.0
0.0
0.0
0.0
0.0
8.720514564623115e-06
3.938718211455316e-05
0.00012608602182860763
0.00018598535875156283
0.00021403603833265999
0.00023709645859851637
0.00023516223776639928
0.0002045279615689309
7.415107151907e-05
1.6180557140242975e-05
6.686873079195332e-06
0.0
0.0
0.0
0.0
0.0
0.0
0.0
0.0
0.0
0.0
0.0
0.0
0.0
0.0
1.417048926322012e-05
0.00035424465331993
0.0005672942685080858
0.0006277296148260634
0.0006130993118655232
0.0006055290756959933
0.0004373888630472859
0.00012161022935069918
0.0
0.0
0.0
0.0
0.0
0.0
0.0
0.0
0.0
0.0
0.0
0.0
0.0
2.055431629885364e-06
0.0002755537208457021
0.0005565329930582332
0.0007748496268966857
0.0010055584885661267
0.0011673520732966847
0.0012927353725806063
0.0009634844629311788
0.0007754809659740645
0.0008671959269669858
0.0008810456525534814
0.000787883092270567
0.0006729894300636094
0.0
0.0
0.0
0.0
0.0
0.0
0.0
0.0
0.0
0.0
0.0
5.722809935193289e-06
0.0001385027938790139
0.0003132509167114862
0.0006064012882041359
0.0008940201674707776
0.0011187621839505312
0.0011803292215020816
0.001206356791070175
0.0009488397485326894
0.0006996429447116714
0.0004857304006485676
0.00037946295019931106
0.0002568512213648458
0.0
0.0
0.0
0.0
0.0
0.0
0.0
0.0
0.0
0.0
0.0
0.0
1.6265624031825147e-05
4.2422988422846664e-05
0.00018593277609251776
0.00036668488822718493
0.0004799862410148385
0.0005296679923788684
0.00047282531119339816
0.00036217293865896275
0.00027654709319507143
0.00017157874192310073
9.859223823481643e-05
6.111449994740888e-05
0.0
0.0
0.0
0.0
0.0
0.0
0.0
0.0
0.0
0.0
0.0
0.0
1.215020156498202e-05
8.545399041449171e-05
0.00023592011124383077
0.000427783808086655
0.0007834383623384872
0.0009927038775159186
0.0011115959011567588
0.0011758743583094725
0.0011837427072573386
0.0009768026328079796
0.0008015772894043639
0.0007246632609887995
0.0
0.0
0.0
0.0
0.0
0.0
0.0
0.0
0.0
0.0
0.0
1.779396616983996e-05
0.00043592147448747517
0.000710615065176075
0.0008795689028034084
0.000985084994078175
0.001152227638308276
0.0011856849423289536
0.0010972775311648946
0.0009606026387133488
0.0007785344379010272
0.0005971385917971369
0.0003922679312674841
0.00023052278782269154
0.0
0.0
0.0
0.0
0.0
0.0
0.0
0.0
0.0
0.0
0.0
0.0
9.219598466030082e-06
0.00016960944528439834
0.0005205378576640598
0.0007388964858428498
0.0008487615751749058
0.0009546227254643628
0.0010788166855907244
0.0011609590172170464
0.0011396124564502595
0.0008928727977909617
0.0006315310540509047
0.0004031066117082465
0.00019839941175292807
0.0
0.0
0.0
0.0
0.0
0.0
0.0
0.0
0.0
0.0
0.0
1.83137367284907e-05
0.0003237626585494526
0.0005340836915960467
0.0007159094392818371
0.0007950636263535248
0.0008962056245767733
0.0009897319292991049
0.0010799708488169744
0.001149537498409771
0.0008610180281416794
0.0
0.0
0.0
0.0
0.0
0.0
0.0
0.0
0.0
0.0
0.0
0.0
0.0
1.344617396335938e-05
0.00032271266800967715
0.0005771914155485259
0.0007782476000839725
0.000899129672588872
0.0009725083928644579
0.0011176656611921036
0.0012093967859956197
0.0011905301634717261
0.0011766900015718108
0.0010787430828382133
0.0008544561159366921
0.0005616859687034067
0.0
0.0
0.0
0.0
0.0
0.0
0.0
0.0
0.0
0.0
0.0
0.0
4.224820774665518e-05
0.0001549563692055278
0.0003265397217516425
0.0005671891191053332
0.0007720361008640982
0.000853463499692233
0.0009752261472444415
0.0010609264415770744
0.001039957326680682
0.0008736320555559399
0.0006234797189495475
0.0003798036726983572
0.0
0.0
0.0
0.0
0.0
0.0
0.0
0.0
0.0
0.0
0.0
1.5407948014721993e-06
0.0002473553859827154
0.0005976890365122844
0.0008946965596351962
0.0010644654212716936
0.0010597589034457263
0.0010954327925985423
0.0010319431659265596
0.0009552205274740146
0.0008724084914549841
0.0007264804896798688
0.0005245272687978828
0.0003506972794764278
0.0
0.0
0.0
0.0
0.0
0.0
0.0
0.0
0.0
0.0
0.0
4.4664652504705436e-07
7.040567506892103e-05
0.00028846016702401044
0.0005515001400755862
0.0007361410695088664
0.0008481608124921922
0.0009767622276083045
0.0008767803562997652
0.0007620223654920242
0.0006689755980853948
0.0005198750002831339
0.0003865908248512282
0.00022919038492276924
0.0
0.0
0.0
0.0
0.0
0.0
0.0
0.0
0.0
0.0
0.0
0.0
0.00016421901760350484
0.0004542928440838469
0.0006751737927672336
0.0008350896771567552
0.0009640655769750607
0.0010338443431304935
0.0010935697765033523
0.0009487888782252713
0.0007966530183577522
0.0006699308470168381
0.0005263093822435472
0.00032096147417210683
0.0
0.0
0.0
0.0
0.0
0.0
0.0
0.0
0.0
0.0
0.0
0.0
4.0083133552613525e-06
0.00012154220034454654
0.0004350752366668213
0.0007218151613523272
0.0008430771398422684
0.0007581193698446839
0.000495886322903846
0.0003080187597181626
0.00034483551550922335
0.00028233131236411784
4.866542734246628e-05
0.0
0.0
0.0
0.0
0.0
0.0
0.0
0.0
0.0
0.0
0.0
0.0
0.0
0.0
0.0
0.0
6.143235350765316e-06
3.366097081951666e-05
0.00012438064424583967
0.000177856457354399
0.00019864555041241625
6.659552971079878e-05
6.834371641218714e-07
0.0
0.0
0.0
0.0
0.0
0.0
0.0
0.0
0.0
0.0
0.0
0.0
0.0
0.0
0.0
2.238990986607643e-05
0.00014463740221304494
0.00028697554739294295
0.0005129222122182412
0.0007040253023947347
0.0008389685577712059
0.0008768530294363203
0.0008767790247869186
0.0008129432713677001
0.0006029801667642131
0.00032920156785960384
0.0
0.0
0.0
0.0
0.0
0.0
0.0
0.0
0.0
0.0
0.0
1.1278471873895707e-07
0.0002001962737829355
0.0005430646788937121
0.0008150786824924194
0.001013066333659197
0.0011921448710484842
0.0012940324418832302
0.0014048921560422692
0.0014560033850186873
0.001442768686220274
0.001290742851361531
0.0009313763410285556
0.0005850895493044519
0.0
0.0
0.0
0.0
0.0
0.0
0.0
0.0
0.0
0.0
0.0
3.7757080569406965e-05
0.0004387078535448082
0.0007624090050696228
0.0010500468387117366
0.0011750933856222517
0.0013409345931753177
0.0014573472732805212
0.0015244504431037855
0.0015436711597226302
0.0012195970169257195
0.0009650039471367504
0.0007790765740738185
0.0006006316762825472
0.0
0.0
0.0
0.0
0.0
0.0
0.0
0.0
0.0
0.0
0.0
1.85597345631469e-06
0.00015422836915188204
0.00043682987325161654
0.0007049160468413974
0.0009440318032019688
0.0011584611354732064
0.0013227144508380524
0.0014415901575798075
0.0015095636843090769
0.00134946364754925
0.001073790555963762
0.0008713801868365705
0.0006568570289361345
0.0
0.0
0.0
0.0
0.0
0.0
0.0
0.0
0.0
0.0
0.0
1.0097874605131396e-05
0.0003943867843544144
0.0006909936384791053
0.0010645488289867469
0.0013052498209079587
0.001461380759283716
0.00147165877516107
0.0013712345965387399
0.0011947919929710658
0.0010705091308882437
0.0009026789358348622
0.000688517235047185
0.0004989201072072608
0.0
0.0
0.0
0.0
0.0
0.0
0.0
0.0
0.0
0.0
0.0
1.0723863256014198e-06
0.00020331929857807994
0.0005633289803242477
0.0008430005259222639
0.0010631977212324092
0.0012629572950408547
0.0013276603449777643
0.0012396718802179941
0.0007361327640151235
0.000468311209551986
0.0002987606306836291
0.00014477428991723447
7.857331695730778e-05
1.3495727337990191e-06
0.0
0.0
0.0
0.0
0.0
0.0
0.0
0.0
0.0
0.0
0.0
0.0
0.0
2.5099207165586505e-06
2.238614968958758e-05
6.424781366826832e-05
0.00011684368758544695
8.110717672252895e-05
1.989651516194664e-05
0.0
0.0
0.0
0.0
0.0
0.0
0.0
0.0
0.0
0.0
0.0
0.0
0.0
0.0
0.0
0.0
4.2203893044863905e-06
4.772885092527134e-05
0.00023487357305647407
0.0005154688220087182
0.0007523977754391388
0.0007792732207754107
0.0008546002211867312
0.0009160459052028485
0.0008632498377916762
0.0007249171165631917
0.0005395230190472032
0.00032957734451680154
0.0
0.0
0.0
0.0
0.0
0.0
0.0
0.0
0.0
0.0
0.0
0.0
9.268823076037976e-05
0.00041386934767675883
0.0006645926871751451
0.000790329500883013
0.0009118400742368541
0.0009867996829706137
0.0009535555726139149
0.0007925072567430877
0.0006304303139995926
0.0005124496237740349
0.0003156232830692636
0.00014377719723603717
0.0
0.0
0.0
0.0
0.0
0.0
0.0
0.0
0.0
0.0
0.0
0.0
2.618830640012804e-05
0.00016475305754151678
0.00034906285188407806
0.000664734231708779
0.0008768078655757646
0.0009559007289281176
0.0009377596527044948
0.0005781677305005813
0.00030105329809933506
0.00015282294044960664
6.143132968265455e-05
1.8872106677404467e-05
0.0
0.0
0.0
0.0
0.0
0.0
0.0
0.0
0.0
0.0
0.0
0.0
5.073613832625943e-05
0.00037506742158539434
0.0006696014058138949
0.000826123659088913
0.0009844286625865929
0.0011556092890750984
0.0012232328248446681
0.0012625317389221731
0.0011981673705877686
0.00102055904969127
0.0008359588458346592
0.0006205666211843668
0.0
0.0
0.0
0.0
0.0
0.0
0.0
0.0
0.0
0.0
0.0
5.457234182350548e-06
0.0003400545020353971
0.0006354259694130487
0.0008602103153347607
0.0010308230031520693
0.0011905113367449934
0.00086204036297669
0.0005959761654699081
0.0005370819472704246
0.00048813975908203715
0.00024193760496090034
7.541208928067364e-05
2.951048335835329e-05
0.0
0.0
0.0
0.0
0.0
0.0
0.0
0.0
0.0
0.0
0.0
0.0
1.6989467097276459e-06
0.00011540947774848151
0.00043755293098237053
0.0007196176682018892
0.0008812657659186625
0.0009822930142484691
0.001056311396674541
0.0011019373935526845
0.0010467110668200418
0.0006487200619283098
0.000219383076476178
3.9301121477039435e-05
2.440651057549615e-06
0.0
0.0
0.0
0.0
0.0
0.0
0.0
0.0
0.0
0.0
0.0
0.0
2.937128162731718e-05
0.0002443028097991029
0.0005408270326428752
0.0007453961672386584
0.0008695449677314597
0.0009517949618189176
0.0009900115327671417
0.0007857772949483574
0.00017446556159861655
0.0
0.0
0.0
0.0
0.0
0.0
0.0
0.0
0.0
0.0
0.0
0.0
0.0
0.0
2.1249837490699446e-05
0.0002948665890336772
0.0007095652205703503
0.0009930335213324452
0.0011427988851060486
0.0008261638937830637
0.0008558532779250343
0.0010432598440431333
0.0010387269099310786
0.0008602845911003777
0.0005828939484461023
0.0003853827187216823
0.0
0.0
0.0
0.0
0.0
0.0
0.0
0.0
0.0
0.0
0.0
2.7869351068479406e-06
0.00014815854161110526
0.00046422911483961685
0.0007497375560689987
0.0009760304126217342
0.001147273307072317
0.0012704565517799439
0.001311078918497594
0.0013474943532224015
0.0012202645638601625
0.0009008130136737828
0.0006771917270802039
0.0004777504953738803
0.0
0.0
0.0
0.0
0.0
0.0
0.0
0.0
0.0
0.0
0.0
1.428879105742193e-05
0.00038256834943233155
0.0005705557422462333
0.0007714099639772891
0.000920446410247029
0.0009843840680630572
0.0009942716009788226
0.0010329433448961313
0.0009934311298389477
0.0007140795207076759
0.0003346566558441327
0.00018910521403812293
0.00011508469729246712
0.0
0.0
0.0
0.0
0.0
0.0
0.0
0.0
0.0
0.0
0.0
0.0
2.0553092849077176e-05
0.00027687799895223183
0.0005714296221310667
0.0007343056252699071
0.0008951428357253964
0.0010178651233510986
0.001076585862189508
0.0009803219371502
0.0008471153095885665
0.000652633559775946
0.00047679966457944234
0.00029366713763838767
0.0
0.0
0.0
0.0
0.0
0.0
0.0
0.0
0.0
0.0
0.0
7.630782781860742e-07
0.00018594825962201157
0.0004762136042616204
0.0007366027350099313
0.0009197813176581751
0.0010168543131411846
0.0009323333134264841
0.0010977832285745703
0.0011737831202392553
0.0010529638531141274
0.000983430553393836
0.0006324086597043389
0.00032133574986270287
0.0
0.0
0.0
0.0
0.0
0.0
0.0
0.0
0.0
0.0
0.0
0.0
0.00011567226869602614
0.0005450930727299183
0.0008750740008067468
0.001066720711093623
0.0012077003562890544
0.0012901843979411037
0.0014016552571068013
0.00151790271768561
0.0014993355378036778
0.0011632928896096169
0.000747465087801411
0.0004568627472338595
0.00015136588844520088
0.0
0.0
0.0
0.0
0.0
0.0
0.0
0.0
0.0
0.0
0.0
3.458131885996699e-05
0.0003185945367230594
0.0005480417551791812
0.0008125277850184602
0.0009786143900065171
0.0011103427816458046
0.0011987702526360512
0.001318455781653074
0.0014886432394254432
0.0012547786829303616
0.0
0.0
0.0
0.0
0.0
0.0
0.0
0.0
0.0
0.0
0.0
0.0
0.0
3.201065284332315e-07
0.0002610848862932443
0.0006627903621219211
0.0009968226312601146
0.0012550734197722716
0.0013998452728239208
0.001525976796100536
0.0016030410708844725
0.0016425720039366838
0.0015824936966009387
0.001299956038195928
0.0009513466134616684
0.0006720481869344788
0.0
0.0
0.0
0.0
0.0
0.0
0.0
0.0
0.0
0.0
0.0
1.7597300353993146e-05
0.00044962380753601816
0.0007515997791778435
0.0010497745197821059
0.0012742712608379248
0.0014613678505537512
0.0015716509408020204
0.0016414101939212606
0.0016088672264500514
0.0016002694680230425
0.0013832117712622776
0.0010445907072725415
0.0006653532093090287
0.0
0.0
0.0
0.0
0.0
0.0
0.0
0.0
0.0
0.0
0.0
3.4551797176074607e-06
0.00033145307398769244
0.0006380262674267833
0.000982641824731936
0.0012374179663352698
0.0014595273629346452
0.0016372990181275373
0.0017348167351115221
0.0017837329089594428
0.0017583396600055047
0.0015218403709759383
0.0011246572405910597
0.0008536047839692874
0.0
0.0
0.0
0.0
0.0
0.0
0.0
0.0
0.0
0.0
0.0
0.00016461445007092204
0.0007004543661461853
0.0010579426302534131
0.0014222972267914384
0.0016864962375060285
0.0018720091204599335
0.002009889510981158
0.0018158906043483863
0.001648645551988451
0.0016419162010180013
0.0013355625060533752
0.0010130591943745598
0.0007696578223266111
0.0
0.0
0.0
0.0
0.0
0.0
0.0
0.0
0.0
0.0
0.0
4.031273908575711e-05
0.0004857501500486361
0.0008123933647034554
0.0011023282147352566
0.0012584880996652631
0.0013591822643502344
0.001446118522511476
0.001261552116707152
0.0012476495464733828
0.001210120664630572
0.0007491705832360519
0.00042547446146248114
0.0002707734173073088
0.0
0.0
0.0
0.0
0.0
0.0
0.0
0.0
0.0
0.0
0.0
0.0
0.00010905677620263462
0.000560584211000433
0.0008573038301413373
0.0009970079443066711
0.001152133048054324
0.0011172319197511322
0.001137466951254725
0.0012346185349208032
0.0012893477892706934
0.0010086595115827678
0.0006334527764346408
0.0004212941320191137
0.00023919932290120512
0.0
0.0
0.0
0.0
0.0
0.0
0.0
0.0
0.0
0.0
0.0
5.958231254121776e-05
0.0003731722318795546
0.0005196060503962551
0.0007791182295102413
0.0009988400660753181
0.0011459204527615471
0.0012418709779241502
0.0012547392427548119
0.0010908747070949535
0.0006552653335955485
0.0
0.0
0.0
0.0
0.0
0.0
0.0
0.0
0.0
0.0
0.0
0.0
0.0
0.0
0.0
0.0
3.174561092236208e-05
0.0002937957614229003
0.0005063189876866785
0.0006125663225885771
0.0007032794661960427
0.0007354067200251285
0.0006999978415312638
0.0004578224091861598
0.0
0.0
0.0
0.0
0.0
0.0
0.0
0.0
0.0
0.0
0.0
0.0
0.0
0.0
0.0
1.751927231933917e-06
4.167421010194489e-05
0.00029533324682188015
0.0005633334745065273
0.0007936330308736816
0.0010002963372571392
0.001055357992058575
0.000956398403318558
0.0007185329215179408
0.000432255457716478
0.00024142644771506483
0.0
0.0
0.0
0.0
0.0
0.0
0.0
0.0
0.0
0.0
0.0
0.0
1.947184863320883e-06
0.0001731385649585785
0.0006605149662184715
0.0009782827211322087
0.0011462704943164424
0.0013200044868947435
0.0013917268638281015
0.0012575805605022404
0.0010333971521914458
0.0008134243018210676
0.0005627531698461345
0.00034177960497520427
0.0
0.0
0.0
0.0
0.0
0.0
0.0
0.0
0.0
0.0
0.0
0.0
6.45007031718971e-05
0.00038426057328070935
0.0007171731235668035
0.0009399637942093188
0.0011329903276666488
0.0012785934118955354
0.0014007666896036677
0.001430460203719405
0.0011667746138583938
0.0007880515454694209
0.0005584338576358153
0.00033873218600758293
0.0
0.0
0.0
0.0
0.0
0.0
0.0
0.0
0.0
0.0
0.0
0.0
1.8603175862943133e-05
0.0002640740350947879
0.0005930104359913532
0.0007753607206824354
0.0009270605600263984
0.0010791429605728202
0.0011793862257657322
0.0012226503171170863
0.0012233847394374547
0.0009764187649759006
0.0006609634706374168
0.000503667486511764
0.0
0.0
0.0
0.0
0.0
0.0
0.0
0.0
0.0
0.0
0.0
0.0
3.446439654848246e-05
0.00039650974486190476
0.000681779808759326
0.0008153088010691023
0.0010296266303612919
0.0010795918829741079
0.0009461583213485773
0.0009134124067176564
0.0008593865418678713
0.0005790388767012948
0.0002862504321599762
7.327830563156824e-05
1.1142684413389024e-06
0.0
0.0
0.0
0.0
0.0
0.0
0.0
0.0
0.0
0.0
0.0
0.0
9.284478125264548e-05
0.0003958908391166598
0.0007641266094235139
0.0009635825490710372
0.001034931023471691
0.0008816886846664492
0.000652189493296144
0.0006033222926575924
0.00041780924847227146
0.0
0.0
0.0
0.0
0.0
0.0
0.0
0.0
0.0
0.0
0.0
0.0
0.0
0.0
0.0
0.0
7.964733249051673e-06
3.7994367968614206e-05
0.00014140061651154645
0.00022974472646121265
0.0002918521765107132
0.0003607980336197839
0.00037677820701379795
0.0002889720600502837
0.00014942756629606074
6.1721306044848e-05
0.0
0.0
0.0
0.0
0.0
0.0
0.0
0.0
0.0
0.0
0.0
0.0
0.0
0.0
1.0576177959325758e-05
5.877636299489081e-05
0.00017556410985218466
0.0004402821015342327
0.0006744876208812337
0.0006885152468103722
0.0006318751757698648
0.000449208924042326
0.00020633713527232108
5.740753120332446e-05
0.0
0.0
0.0
0.0
0.0
0.0
0.0
0.0
0.0
0.0
0.0
0.0
0.0
0.0
5.624459994272765e-06
2.498756761556843e-05
7.59599656491893e-05
0.00016746218526666993
0.00027082885209672725
0.0003618391815759109
0.00039020279941685403
0.0002918697775487037
0.0001117016063161723
2.8488391211412897e-05
0.0
0.0
0.0
0.0
0.0
0.0
0.0
0.0
0.0
0.0
0.0
0.0
2.875960385325376e-06
0.0001560516111414718
0.00051349784245785
0.0007442170829505077
0.0009357805864754018
0.0010445412011116952
0.0010858657208727709
0.001075348591843089
0.0009303607645432816
0.0006094235770904186
0.0003197632303329244
0.0001401410120047199
0.0
0.0
0.0
0.0
0.0
0.0
0.0
0.0
0.0
0.0
0.0
0.0
0.0
3.7754403847589947e-06
4.290707940173468e-05
0.00016826996517192838
0.000378354078547146
0.0004383032927766746
0.0004253076702193109
0.00038903300256686854
0.0002914199516015273
0.00014037621995132657
4.0591630321431055e-05
1.5991809649083377e-06
0.0
0.0
0.0
0.0
0.0
0.0
0.0
0.0
0.0
0.0
0.0
0.0
0.0
0.0
8.133673861208646e-06
2.921355652492581e-05
7.20606960593703e-05
6.785073797082378e-05
4.6056568888634274e-05
2.3903714373021077e-05
1.6902582837373655e-05
4.299907985982505e-07
0.0
0.0
0.0
0.0
0.0
0.0
0.0
0.0
0.0
0.0
0.0
0.0
0.0
0.0
0.0
0.0
0.0
3.6882472707067673e-07
1.1002969899935486e-05
4.260922747686772e-05
0.00010424346838405073
0.0001487913493629597
6.235265250201679e-05
8.027190836422491e-07
0.0
0.0
0.0
0.0
0.0
0.0
0.0
0.0
0.0
0.0
0.0
0.0
0.0
0.0
0.0
1.2700592636185169e-05
0.0003067983091238549
0.0005675224494382515
0.0006673621110642215
0.0007833430702182954
0.0008779692108907002
0.0008848662971904851
0.0008105361438517341
0.0005472947535526181
0.00023807765321806688
7.379194200512635e-05
0.0
0.0
0.0
0.0
0.0
0.0
0.0
0.0
0.0
0.0
0.0
0.0
5.3753530502898665e-06
0.00014765527393416353
0.0005227434075165758
0.0007176457632660374
0.0008455798529927425
0.000987860633086677
0.0010832305044236555
0.0009570625061803343
0.0007960263639444617
0.0005173220335344559
0.000350315952651507
0.00021166906442134133
0.0
0.0
0.0
0.0
0.0
0.0
0.0
0.0
0.0
0.0
0.0
0.0
0.0
0.0
0.0
0.0
0.0
0.0
0.0
0.0
0.0
0.0
0.0
0.0
0.0
0.0
0.0
0.0
0.0
0.0
0.0
0.0
0.0
0.0
0.0
0.0
0.0
0.0
0.0
1.7873038810968796e-06
1.489353212591532e-05
6.347694171638524e-05
0.00013530295071102674
0.0001835212910564665
0.00018039168491495503
9.581458710947601e-05
4.152611029418943e-05
4.881100949323871e-06
0.0
0.0
0.0
0.0
0.0
0.0
0.0
0.0
0.0
0.0
0.0
0.0
0.0
0.0
5.849276392799138e-06
2.4853146247117092e-05
7.693563323372031e-05
0.00011073011428321556
0.0001368434621819681
0.0001272413241654626
9.464683009734019e-05
2.9513156713134708e-05
4.517480282958346e-06
0.0
0.0
0.0
0.0
0.0
0.0
0.0
0.0
0.0
0.0
0.0
0.0
0.0
0.0
6.117157986055315e-06
0.00013550303949275806
0.00035127070062523035
0.0005558772771363946
0.0006631612090712535
0.0006728426524534326
0.0006279489999596727
0.0005532067886323653
0.00024356781379403453
3.522182361687634e-05
0.0
0.0
0.0
0.0
0.0
0.0
0.0
0.0
0.0
0.0
0.0
0.0
0.0
0.0
0.0
0.0
0.0
0.0
5.902180867245962e-06
1.8180475496908776e-05
3.1531329666822615e-05
5.238294246531003e-06
0.0
0.0
0.0
0.0
0.0
0.0
0.0
0.0
0.0
0.0
0.0
0.0
0.0
0.0
0.0
0.0
0.0
2.758951716203122e-06
2.8250889526414508e-05
0.00010871870688683934
0.00019578680052385672
0.0003228991260816661
0.0004151495145116929
0.00043130276048375474
0.00027135613988356593
6.347230788424236e-05
5.030994151481864e-06
0.0
0.0
0.0
0.0
0.0
0.0
0.0
0.0
0.0
0.0
0.0
0.0
1.5261761467446123e-05
0.00027751279874322076
0.0005690692508076793
0.0007891916143076514
0.0009179095139186277
0.0009465862711827581
0.0009226931478444923
0.0009383645685733666
0.000939026536116202
0.0007078734452270201
0.00035392216839249293
0.00021522200857298422
0.0
0.0
0.0
0.0
0.0
0.0
0.0
0.0
0.0
0.0
0.0
0.0
0.0
0.0
0.0
0.0
0.0
0.0
0.0
0.0
0.0
0.0
0.0
0.0
0.0
0.0
0.0
0.0
0.0
0.0
0.0
0.0
0.0
0.0
0.0
0.0
0.0
0.0
0.0
0.0
1.0151591424355045e-05
4.9373144595451663e-05
0.00010060138395180429
0.0001295168290636449
0.00013055635163675413
4.542020831670401e-05
2.7291535527575517e-06
0.0
0.0
0.0
0.0
0.0
0.0
0.0
0.0
0.0
0.0
0.0
0.0
0.0
0.0
8.94867053615598e-06
0.00015587165547945454
0.00044700706914346637
0.0006272252361713379
0.0007515188059527018
0.0008360701666422556
0.0007849871649284145
0.0006448740567156518
0.00040223290688499514
0.00018827862667508463
5.758707033533898e-05
0.0
0.0
0.0
0.0
0.0
0.0
0.0
0.0
0.0
0.0
0.0
0.0
0.0
4.555796691205963e-06
9.111697407326678e-05
0.0003603365854605029
0.0005339916908499578
0.0006329638455306259
0.0007451650389247381
0.0006445902320624817
0.00045634706569767854
0.00018378321706055968
3.500934465116039e-05
5.045324992693747e-08
0.0
0.0
0.0
0.0
0.0
0.0
0.0
0.0
0.0
0.0
0.0
0.0
0.0
0.0
4.7423804683417226e-05
0.00032239623796844277
0.00043471547213557176
0.0005306843690735201
0.0006119577210229104
0.0006443411518764734
0.0005556125268950345
0.0001960283168241494
0.0
0.0
0.0
0.0
0.0
0.0
0.0
0.0
0.0
0.0
0.0
0.0
0.0
0.0
2.02188115494723e-08
5.128522385563824e-05
0.00037595266481063876
0.0005839689267040369
0.0007432803427371951
0.000803535073996776
0.0008673615904423118
0.0008792350816274879
0.0006816281163166601
0.00040213287050783154
0.0002291990197421026
7.179108950575699e-05
0.0
0.0
0.0
0.0
0.0
0.0
0.0
0.0
0.0
0.0
0.0
0.0
7.867390300300922e-08
7.747486728080512e-06
1.938431284908565e-05
1.6378451807479207e-05
7.736324997361742e-06
1.7699790347733809e-06
1.4199197241762218e-07
0.0
4.339548445911409e-07
0.0
0.0
0.0
0.0
0.0
0.0
0.0
0.0
0.0
0.0
0.0
0.0
0.0
0.0
0.0
0.0
0.0
0.0
0.0
6.805178552892536e-06
2.008893987412629e-05
4.3441669241528887e-05
3.8452830623004396e-05
2.3003059975673086e-05
8.698168967391403e-06
2.960588930611872e-07
0.0
0.0
0.0
0.0
0.0
0.0
0.0
0.0
0.0
0.0
0.0
0.0
0.0
1.602680243071524e-07
2.334779496111304e-05
0.00024307125849157196
0.00036572772613544343
0.0003731343647884826
0.0003890489193742941
0.0004921345522120199
0.0005899176454167374
0.0005886306924516552
0.0003295362764512754
3.5748805394673334e-05
0.0
0.0
0.0
0.0
0.0
0.0
0.0
0.0
0.0
0.0
0.0
0.0
0.0
7.303255911363346e-07
9.293088344737832e-05
0.0004423615662358962
0.0006740173249587042
0.0008470599014450977
0.0009431044106202835
0.0010330653582835297
0.0010184024713260405
0.0008794738103146203
0.00046289545453904925
0.00012165556480403643
3.192904254003495e-05
0.0
0.0
0.0
0.0
0.0
0.0
0.0
0.0
0.0
0.0
0.0
0.0
0.0
0.0
0.0
1.0210341569485798e-06
2.011498877293851e-05
9.833030090932159e-05
0.00021110091905856431
0.0002328992153053984
0.0001127528702717727
1.0064452617173969e-06
0.0
0.0
0.0
0.0
0.0
0.0
0.0
0.0
0.0
0.0
0.0
0.0
0.0
0.0
0.0
0.0
0.0
0.0
0.0
0.0
0.0
0.0
0.0
0.0
0.0
0.0
0.0
0.0
0.0
0.0
0.0
0.0
0.0
0.0
0.0
0.0
0.0
0.0
0.0
0.0
0.0
0.0
0.0
0.0
0.0
0.0
0.0
0.0
0.0
0.0
0.0
0.0
0.0
0.0
0.0
0.0
0.0
0.0
0.0
0.0
0.0
0.0
0.0
0.0
0.0
0.0
0.0
0.0
0.0
0.0
0.0
0.0
0.0
0.0
0.0
0.0
0.0
0.0
0.0
0.0
0.0
0.0
0.0
0.0
0.0
0.0
0.0
0.0
6.609759760689793e-06
4.160761786350146e-05
0.00016566889180053574
0.0003045986109588547
0.000392927381591099
0.0004289483906086108
0.00036420773503373377
9.698462165744014e-05
7.365766131739368e-06
0.0
0.0
0.0
0.0
0.0
0.0
0.0
0.0
0.0
0.0
0.0
0.0
0.0
0.0
0.0
0.0
0.0
0.0
0.0
0.0
0.0
0.0
0.0
0.0
0.0
0.0
0.0
0.0
0.0
0.0
0.0
0.0
0.0
0.0
0.0
0.0
0.0
0.0
0.0
0.0
1.609461240370296e-06
1.838609078698421e-05
4.4333266348511914e-05
5.094167564526368e-05
2.3749663199956702e-05
1.6541973120410366e-05
3.952854265082784e-06
0.0
0.0
0.0
0.0
0.0
0.0
0.0
0.0
0.0
0.0
0.0
0.0
0.0
0.0
0.0
0.0
1.6957353689128153e-05
8.403047968179345e-05
0.0002101621039011865
0.0002839862835373849
0.00026453250550847134
0.0002875365195628795
0.0002682113518090966
4.862459963753637e-05
0.0
0.0
0.0
0.0
0.0
0.0
0.0
0.0
0.0
0.0
0.0
0.0
0.0
0.0
0.0
0.0
0.0
0.0
0.0
0.0
0.0
0.0
0.0
0.0
0.0
0.0
0.0
0.0
0.0
0.0
0.0
0.0
0.0
0.0
0.0
0.0
0.0
0.0
0.0
3.321398606082553e-08
4.091539775459645e-05
0.00023142945861673374
0.00040905169133556487
0.0005177038970921897
0.0006414936704974126
0.0006523443018827597
0.0005313853317530033
0.0001891005707770692
3.993015475038268e-05
6.140432634237318e-07
0.0
0.0
0.0
0.0
0.0
0.0
0.0
0.0
0.0
0.0
0.0
0.0
0.0
7.504605780441779e-06
0.00016919518100077605
0.00044483500978201545
0.00065279487099209
0.0006869822145938823
0.0007449648577822373
0.0006894493306176306
0.0005557583038568439
0.00031093414499688257
6.951223980329228e-05
1.0949805571920624e-05
0.0
0.0
0.0
0.0
0.0
0.0
0.0
0.0
0.0
0.0
0.0
0.0
0.0
0.0
0.0
0.0
0.0
0.0
0.0
0.0
0.0
0.0
0.0
0.0
0.0
0.0
0.0
0.0
0.0
0.0
0.0
0.0
0.0
0.0
0.0
0.0
0.0
0.0
1.5827978552221099e-06
9.198404650386159e-06
1.1723072456500778e-05
1.1652444012099973e-05
1.1650176202096174e-05
7.56324618782743e-06
3.4813389752852808e-06
0.0
0.0
0.0
0.0
0.0
0.0
0.0
0.0
0.0
0.0
0.0
0.0
0.0
0.0
0.0
0.0
4.39776001022385e-06
6.906502450402075e-05
0.0002634108831020661
0.0003328588406165664
0.0002582016440123539
0.00014210235060617624
8.310544289858192e-05
3.016427634830384e-05
0.0
0.0
0.0
0.0
0.0
0.0
0.0
0.0
0.0
0.0
0.0
0.0
0.0
0.0
0.0
0.0
0.0
0.0
0.0
0.0
0.0
0.0
0.0
0.0
0.0
0.0
0.0
0.0
0.0
0.0
0.0
0.0
0.0
0.0
0.0
0.0
0.0
0.0
0.0
0.0
0.0
0.0
0.0
0.0
0.0
0.0
0.0
0.0
0.0
0.0
0.0
0.0
0.0
0.0
0.0
0.0
0.0
0.0
0.0
0.0
0.0
0.0
0.0
0.0
0.0
1.6988322294005459e-06
1.6856446241633373e-05
5.632708035654823e-05
0.00012267599260364507
0.000185638943960369
0.0001874079181787358
0.00011398933106526336
3.6296449849154197e-05
7.06563633545742e-07
0.0
0.0
0.0
0.0
0.0
0.0
0.0
0.0
0.0
0.0
0.0
0.0
0.0
0.0
0.0
0.0
0.0
0.0
5.522184396262678e-06
1.2317661466176333e-05
1.0774695684575796e-05
2.4563514236974693e-06
0.0
0.0
0.0
0.0
0.0
0.0
0.0
0.0
0.0
0.0
0.0
0.0
0.0
0.0
0.0
0.0
0.0
0.0
0.0
0.0
4.353147850086834e-06
1.707412416929865e-05
1.6275380020760966e-05
7.509586462483534e-06
0.0
0.0
0.0
0.0
0.0
0.0
0.0
0.0
0.0
0.0
0.0
0.0
0.0
0.0
0.0
0.0
0.0
1.5237547259506553e-05
0.00010987292619344518
0.000303188529892172
0.00046149077812327854
0.0005509914485745491
0.0005501923346858326
0.0003757226074082071
7.383445680489672e-05
3.8967738546917406e-07
0.0
0.0
0.0
0.0
0.0
0.0
0.0
0.0
0.0
0.0
0.0
0.0
0.0
0.0
6.1601023367822355e-06
0.00017614185782324396
0.00042370370159631375
0.0004861118516971678
0.0004973772241349651
0.0005484232002642748
0.0005028533055694218
0.0003319185703252724
7.223250595528401e-05
3.5208183706113886e-06
0.0
0.0
0.0
0.0
0.0
0.0
0.0
0.0
0.0
0.0
0.0
0.0
0.0
0.0
0.0
0.0
5.969918456206727e-06
3.596636988847167e-05
9.047698842562828e-05
0.00011694625539824425
0.00011272495506143074
4.06459069735782e-05
1.2125495979524719e-06
0.0
0.0
0.0
0.0
0.0
0.0
0.0
0.0
0.0
0.0
0.0
0.0
0.0
0.0
0.0
0.0
0.0
6.253390760748257e-05
0.00025445002161955004
0.0003865210523076462
0.00042890181626906897
0.00043288096001484525
0.00021758979472014166
6.789306197659921e-07
0.0
0.0
0.0
0.0
0.0
0.0
0.0
0.0
0.0
0.0
0.0
0.0
0.0
0.0
0.0
3.2386856706229693e-06
6.283700366696155e-05
0.00026073540582727706
0.0004666954288271309
0.0005407391602886873
0.0006370971497001589
0.0006131297939323639
0.000416646109216806
0.00015796325714267776
1.4736722733837967e-05
0.0
0.0
0.0
0.0
0.0
0.0
0.0
0.0
0.0
0.0
0.0
0.0
0.0
0.0
2.2284063930660024e-06
3.745552365679165e-05
0.00019915490084060214
0.0003398974245196654
0.00043484996422975253
0.0005607683373441338
0.0005379291151490483
0.0003236009108752479
7.881275599670784e-05
1.0641062670679143e-06
0.0
0.0
0.0
0.0
0.0
0.0
0.0
0.0
0.0
0.0
0.0
0.0
0.0
0.0
7.296377590077308e-07
1.6479295385962658e-05
9.917469091990195e-05
0.00020958454798092682
0.00022671376009810278
0.00024168023248997825
0.0002254103506194263
0.00017160976944047496
3.8678595963325745e-05
0.0
0.0
0.0
0.0
0.0
0.0
0.0
0.0
0.0
0.0
0.0
0.0
0.0
0.0
0.0
0.0
0.0
0.0
0.0
0.0
0.0
0.0
0.0
0.0
0.0
0.0
0.0
0.0
0.0
0.0
0.0
0.0
0.0
0.0
0.0
0.0
0.0
0.0
0.0
0.0
0.0
0.0
0.0
0.0
0.0
0.0
0.0
0.0
0.0
0.0
0.0
0.0
0.0
0.0
0.0
0.0
0.0
0.0
0.0
0.0
0.0
0.0
0.0
0.0
0.0
0.0
5.241886933666743e-07
8.585409892937048e-06
1.2413909476933305e-05
1.1690644365355209e-05
6.353891842960618e-06
0.0
0.0
0.0
0.0
0.0
0.0
0.0
0.0
0.0
0.0
0.0
0.0
0.0
0.0
0.0
0.0
0.0
0.0
0.0
5.908068358039488e-07
1.0594878907614093e-05
1.2853384674333823e-05
7.574063276311922e-06
0.0
0.0
0.0
0.0
0.0
0.0
0.0
0.0
0.0
0.0
0.0
0.0
0.0
0.0
0.0
0.0
0.0
0.0
0.0
0.0
0.0
0.0
0.0
0.0
0.0
0.0
0.0
0.0
0.0
0.0
0.0
0.0
0.0
0.0
0.0
0.0
0.0
0.0
0.0
0.0
0.0
0.0
0.0
0.0
0.0
0.0
0.0
0.0
0.0
0.0
0.0
0.0
0.0
0.0
0.0
0.0
0.0
0.0
0.0
0.0
0.0
0.0
0.0
0.0
0.0
0.0
0.0
0.0
0.0
0.0
0.0
0.0
0.0
0.0
0.0
0.0
0.0
0.0
0.0
0.0
0.0
0.0
0.0
0.0
0.0
0.0
0.0
0.0
0.0
0.0
0.0
0.0
0.0
0.0
0.0
0.0
0.0
0.0
0.0
0.0
0.0
0.0
0.0
0.0
0.0
0.0
0.0
0.0
0.0
0.0
0.0
0.0
0.0
0.0
0.0
0.0
0.0
0.0
0.0
0.0
0.0
0.0
0.0
0.0
0.0
0.0
0.0
0.0
0.0
0.0
0.0
0.0
0.0
0.0
0.0
0.0
0.0
0.0
0.0
1.456156007280543e-05
8.253164826871943e-05
0.00023653387216464168
0.0002460453051808681
0.00012409874163876231
4.8399520592868925e-05
7.754933993312875e-06
0.0
0.0
0.0
0.0
0.0
0.0
0.0
0.0
0.0
0.0
0.0
0.0
0.0
0.0
0.0
0.0
0.0
0.0
0.0
1.429007846019318e-07
0.0
0.0
0.0
0.0
0.0
0.0
0.0
0.0
0.0
0.0
0.0
0.0
0.0
0.0
0.0
0.0
0.0
0.0
0.0
0.0
6.790523155069604e-07
1.512218121646344e-05
5.654469426208288e-05
0.00015804230177374765
0.00016349342331073858
0.00010039014512406246
4.6242626140797274e-05
4.070709155628195e-06
0.0
0.0
0.0
0.0
0.0
0.0
0.0
0.0
0.0
0.0
0.0
0.0
0.0
0.0
0.0
0.0
0.0
0.0
0.0
1.4565468736921151e-06
3.142635623437418e-06
1.4449794937650298e-06
0.0
0.0
0.0
0.0
0.0
0.0
0.0
0.0
0.0
0.0
0.0
0.0
0.0
0.0
0.0
0.0
0.0
0.0
0.0
0.0
0.0
0.0
0.0
0.0
0.0
0.0
0.0
0.0
0.0
0.0
0.0
0.0
0.0
0.0
0.0
0.0
0.0
0.0
0.0
0.0
0.0
0.0
0.0
0.0
0.0
0.0
0.0
0.0
0.0
0.0
0.0
0.0
0.0
0.0
0.0
0.0
0.0
0.0
0.0
0.0
0.0
0.0
0.0
0.0
0.0
0.0
0.0
0.0
0.0
0.0
0.0
0.0
0.0
0.0
0.0
0.0
0.0
0.0
0.0
0.0
0.0
0.0
0.0
0.0
0.0
0.0
0.0
0.0
0.0
0.0
0.0
0.0
0.0
0.0
0.0
0.0
0.0
0.0
0.0
0.0
0.0
0.0
0.0
0.0
0.0
0.0
0.0
0.0
0.0
0.0
0.0
0.0
0.0
0.0
0.0
0.0
0.0
0.0
0.0
0.0
0.0
0.0
0.0
0.0
0.0
0.0
0.0
0.0
0.0
0.0
0.0
0.0
0.0
0.0
0.0
0.0
0.0
0.0
0.0
0.0
0.0
0.0
0.0
0.0
0.0
0.0
0.0
0.0
0.0
0.0
0.0
0.0
0.0
0.0
0.0
0.0
0.0
0.0
0.0
0.0
0.0
0.0
0.0
0.0
0.0
6.826516347737694e-07
1.1709612750647024e-06
6.158618517765866e-08
0.0
0.0
0.0
0.0
0.0
0.0
0.0
0.0
0.0
0.0
0.0
0.0
0.0
0.0
0.0
0.0
0.0
0.0
0.0
0.0
0.0
0.0
0.0
0.0
0.0
0.0
0.0
0.0
0.0
0.0
0.0
0.0
0.0
0.0
0.0
0.0
0.0
0.0
0.0
0.0
0.0
0.0
0.0
0.0
0.0
0.0
0.0
0.0
0.0
0.0
0.0
0.0
0.0
0.0
0.0
0.0
0.0
0.0
0.0
0.0
0.0
0.0
0.0
0.0
0.0
0.0
0.0
0.0
0.0
0.0
0.0
0.0
0.0
0.0
0.0
0.0
0.0
0.0
0.0
0.0
0.0
0.0
0.0
0.0
0.0
0.0
0.0
0.0
0.0
0.0
0.0
0.0
0.0
0.0
0.0
0.0
0.0
0.0
0.0
0.0
0.0
0.0
0.0
0.0
0.0
0.0
0.0
0.0
0.0
0.0
0.0
0.0
0.0
0.0
0.0
0.0
0.0
0.0
0.0
0.0
0.0
0.0
0.0
0.0
0.0
0.0
0.0
0.0
0.0
0.0
0.0
0.0
0.0
0.0
0.0
0.0
0.0
0.0
0.0
0.0
0.0
0.0
0.0
0.0
0.0
0.0
0.0
0.0
0.0
0.0
0.0
0.0
0.0
0.0
0.0
0.0
0.0
0.0
0.0
0.0
0.0
0.0
0.0
0.0
0.0
0.0
0.0
0.0
0.0
0.0
0.0
0.0
0.0
0.0
0.0
0.0
0.0
0.0
0.0
0.0
0.0
0.0
0.0
0.0
0.0
0.0
0.0
0.0
0.0
0.0
0.0
0.0
0.0
0.0
0.0
0.0
0.0
0.0
0.0
0.0
0.0
0.0
0.0
0.0
0.0
0.0
0.0
0.0
0.0
0.0
0.0
0.0
0.0
0.0
0.0
0.0
0.0
0.0
0.0
0.0
0.0
0.0
0.0
0.0
0.0
0.0
0.0
0.0
0.0
0.0
0.0
0.0
0.0
0.0
0.0
0.0
0.0
0.0
0.0
0.0
0.0
0.0
0.0
0.0
0.0
0.0
0.0
0.0
0.0
0.0
0.0
0.0
0.0
0.0
0.0
0.0
0.0
0.0
0.0
0.0
0.0
0.0
0.0
0.0
0.0
0.0
0.0
0.0
0.0
0.0
0.0
0.0
0.0
0.0
0.0
0.0
0.0
0.0
0.0
0.0
0.0
0.0
0.0
0.0
0.0
0.0
0.0
0.0
0.0
0.0
0.0
0.0
0.0
0.0
0.0
0.0
0.0
0.0
0.0
0.0
0.0
0.0
0.0
0.0
0.0
0.0
0.0
0.0
0.0
0.0
0.0
0.0
0.0
0.0
0.0
0.0
0.0
0.0
0.0
0.0
0.0
0.0
0.0
0.0
0.0
0.0
0.0
0.0
0.0
0.0
0.0
0.0
0.0
0.0
0.0
0.0
0.0
0.0
0.0
0.0
0.0
0.0
0.0
0.0
0.0
0.0
0.0
0.0
0.0
0.0
0.0
0.0
0.0
0.0
0.0
0.0
0.0
0.0
0.0
0.0
0.0
0.0
0.0
0.0
0.0
0.0
0.0
0.0
0.0
0.0
0.0
0.0
0.0
0.0
0.0
0.0
0.0
0.0
0.0
0.0
0.0
0.0
0.0
0.0
0.0
0.0
0.0
0.0
0.0
0.0
0.0
0.0
0.0
0.0
0.0
0.0
0.0
0.0
0.0
0.0
0.0
0.0
0.0
0.0
0.0
0.0
0.0
0.0
0.0
0.0
0.0
0.0
0.0
0.0
0.0
0.0
0.0
0.0
0.0
0.0
0.0
0.0
0.0
0.0
0.0
0.0
0.0
0.0
0.0
0.0
0.0
0.0
0.0
0.0
0.0
0.0
0.0
0.0
0.0
0.0
0.0
0.0
0.0
0.0
0.0
0.0
0.0
0.0
0.0
0.0
0.0
0.0
0.0
0.0
0.0
0.0
0.0
0.0
0.0
0.0
0.0
0.0
0.0
0.0
0.0
0.0
0.0
0.0
0.0
0.0
0.0
0.0
0.0
0.0
0.0
0.0
0.0
0.0
0.0
0.0
0.0
0.0
0.0
0.0
0.0
0.0
0.0
0.0
0.0
0.0
0.0
0.0
0.0
0.0
0.0
0.0
0.0
0.0
0.0
0.0
0.0
0.0
0.0
0.0
0.0
0.0
0.0
0.0
0.0
0.0
0.0
0.0
0.0
0.0
0.0
0.0
0.0
0.0
0.0
0.0
0.0
0.0
0.0
0.0
0.0
0.0
0.0
0.0
0.0
0.0
0.0
0.0
0.0
0.0
0.0
0.0
0.0
0.0
0.0
0.0
0.0
0.0
0.0
0.0
0.0
0.0
0.0
0.0
0.0
0.0
0.0
0.0
0.0
0.0
0.0
0.0
0.0
0.0
0.0
0.0
0.0
0.0
0.0
0.0
0.0
0.0
0.0
0.0
0.0
0.0
0.0
0.0
0.0
0.0
0.0
0.0
0.0
0.0
0.0
0.0
0.0
0.0
0.0
0.0
0.0
0.0
0.0
0.0
0.0
0.0
0.0
0.0
0.0
0.0
0.0
0.0
0.0
0.0
0.0
0.0
0.0
0.0
0.0
0.0
0.0
0.0
0.0
0.0
0.0
0.0
0.0
0.0
0.0
0.0
0.0
0.0
0.0
0.0
0.0
0.0
0.0
0.0
0.0
0.0
0.0
0.0
0.0
0.0
0.0
0.0
0.0
0.0
0.0
0.0
0.0
0.0
0.0
0.0
0.0
0.0
0.0
0.0
0.0
0.0
0.0
0.0
0.0
0.0
0.0
0.0
0.0
0.0
0.0
0.0
0.0
0.0
0.0
0.0
0.0
0.0
0.0
0.0
0.0
0.0
0.0
0.0
0.0
0.0
0.0
0.0
0.0
0.0
0.0
0.0
0.0
0.0
0.0
0.0
0.0
0.0
0.0
0.0
0.0
0.0
0.0
0.0
0.0
0.0
0.0
0.0
0.0
0.0
0.0
0.0
0.0
0.0
0.0
0.0
0.0
0.0
0.0
0.0
0.0
0.0
0.0
0.0
0.0
0.0
0.0
0.0
0.0
0.0
0.0
0.0
0.0
0.0
0.0
0.0
0.0
0.0
0.0
0.0
0.0
0.0
0.0
0.0
0.0
0.0
0.0
0.0
0.0
0.0
0.0
0.0
0.0
0.0
0.0
0.0
0.0
0.0
0.0
0.0
2.583586608426431e-06
6.655608867014178e-06
6.455790239425979e-07
0.0
0.0
0.0
0.0
0.0
0.0
0.0
0.0
0.0
0.0
0.0
0.0
0.0
0.0
0.0
0.0
0.0
0.0
0.0
0.0
0.0
0.0
0.0
0.0
0.0
0.0
0.0
0.0
0.0
0.0
0.0
0.0
0.0
0.0
0.0
0.0
0.0
0.0
0.0
0.0
0.0
0.0
0.0
0.0
0.0
0.0
0.0
0.0
0.0
0.0
0.0
0.0
0.0
0.0
0.0
0.0
0.0
0.0
0.0
0.0
0.0
0.0
0.0
0.0
0.0
0.0
0.0
0.0
0.0
0.0
0.0
0.0
0.0
0.0
0.0
0.0
0.0
0.0
0.0
0.0
0.0
0.0
0.0
0.0
0.0
0.0
0.0
0.0
0.0
0.0
0.0
0.0
0.0
0.0
0.0
0.0
0.0
0.0
0.0
0.0
0.0
0.0
0.0
0.0
0.0
0.0
0.0
0.0
0.0
0.0
0.0
0.0
0.0
0.0
0.0
0.0
0.0
0.0
0.0
0.0
0.0
0.0
0.0
0.0
0.0
0.0
0.0
0.0
0.0
0.0
0.0
0.0
0.0
0.0
0.0
0.0
0.0
0.0
0.0
0.0
0.0
0.0
0.0
0.0
0.0
0.0
0.0
0.0
0.0
0.0
0.0
0.0
0.0
0.0
0.0
0.0
0.0
0.0
0.0
0.0
0.0
0.0
0.0
0.0
0.0
0.0
0.0
0.0
0.0
0.0
0.0
0.0
0.0
0.0
0.0
0.0
0.0
0.0
0.0
0.0
0.0
0.0
0.0
0.0
0.0
0.0
0.0
0.0
0.0
0.0
0.0
0.0
0.0
0.0
0.0
0.0
0.0
0.0
0.0
0.0
0.0
0.0
0.0
0.0
0.0
0.0
0.0
0.0
0.0
0.0
0.0
0.0
0.0
0.0
0.0
0.0
0.0
0.0
0.0
0.0
0.0
0.0
0.0
0.0
0.0
0.0
0.0
0.0
0.0
0.0
0.0
0.0
0.0
0.0
0.0
0.0
0.0
0.0
0.0
0.0
0.0
0.0
0.0
0.0
0.0
0.0
0.0