0.0
0.0
0.0
0.0
0.0
0.0
0.0
0.0
0.0
0.0
0.0
0.0
0.0
0.0
0.0
0.0
0.0
0.0
0.0
0.0
0.0
0.0
0.0
0.0
0.0
0.0
0.0
0.0
0.0
0.0
0.0
0.0
0.0
0.0
0.0
0.0
0.0
0.0
0.0
0.0
0.0
0.0
0.0
0.0
0.0
0.0
0.0
0.0
0.0
0.0
0.0
0.0
0.0
0.0
0.0
0.0
0.0
3.427631896926262e-06
2.494730443106977e-06
0.0
0.0
0.0
0.0
0.0
0.0
0.0
0.0
0.0
0.0
0.0
0.0
0.0
0.0
0.0
0.0
0.0
0.0
0.0
0.0
1.331242692904373e-06
3.716693414661623e-06
3.908868459448457e-06
2.8190721363192776e-06
0.0
0.0
0.0
0.0
0.0
0.0
0.0
0.0
0.0
0.0
0.0
0.0
0.0
0.0
0.0
0.0
0.0
0.0
0.0
0.0
1.4372556314472968e-06
3.891137862685539e-06
3.901125582976224e-06
3.170455134098096e-06
0.0
0.0
0.0
0.0
0.0
0.0
0.0
0.0
0.0
0.0
0.0
0.0
0.0
0.0
0.0
0.0
0.0
0.0
0.0
0.0
0.0
2.5315711664805365e-06
2.157932404142159e-06
3.5530558739726397e-06
0.0
0.0
0.0
0.0
0.0
0.0
0.0
0.0
0.0
0.0
0.0
0.0
0.0
0.0
0.0
0.0
0.0
0.0
0.0
0.0
0.0
0.0
0.0
0.0
0.0
0.0
0.0
0.0
0.0
0.0
0.0
0.0
0.0
0.0
0.0
0.0
0.0
0.0
0.0
0.0
0.0
0.0
0.0
0.0
0.0
0.0
0.0
0.0
0.0
0.0
0.0
0.0
0.0
0.0
0.0
0.0
0.0
0.0
0.0
0.0
0.0
0.0
0.0
0.0
0.0
0.0
0.0
0.0
0.0
4.690511927272133e-06
5.279853315236691e-06
3.691300947815034e-06
0.0
0.0
0.0
0.0
0.0
0.0
0.0
0.0
0.0
0.0
0.0
0.0
0.0
0.0
0.0
0.0
0.0
0.0
0.0
0.0
2.2041071173123596e-06
5.840807525240691e-06
0.0
4.247071013884569e-06
0.0
0.0
0.0
0.0
0.0
0.0
0.0
0.0
0.0
0.0
0.0
0.0
0.0
0.0
0.0
0.0
0.0
0.0
0.0
0.0
2.0271442826678837e-06
5.380521696972747e-06
5.407809050168832e-06
4.462036617346533e-06
0.0
0.0
0.0
0.0
0.0
0.0
0.0
0.0
0.0
0.0
0.0
0.0
0.0
0.0
0.0
0.0
0.0
0.0
0.0
0.0
0.0
4.6196724493007995e-06
4.578562449982756e-06
3.5822721167502256e-06
0.0
0.0
0.0
0.0
0.0
0.0
0.0
0.0
0.0
0.0
0.0
0.0
0.0
0.0
0.0
0.0
0.0
0.0
0.0
0.0
2.0509316010015245e-06
3.5852120417412482e-06
5.631442091582031e-06
4.3822973683497705e-06
0.0
0.0
0.0
0.0
0.0
0.0
0.0
0.0
0.0
0.0
0.0
0.0
0.0
0.0
0.0
0.0
0.0
0.0
0.0
0.0
0.0
0.0
0.0
0.0
0.0
0.0
0.0
0.0
0.0
0.0
0.0
0.0
0.0
0.0
0.0
0.0
0.0
0.0
0.0
0.0
0.0
0.0
0.0
0.0
0.0
0.0
0.0
0.0
0.0
0.0
0.0
0.0
0.0
0.0
0.0
0.0
0.0
0.0
0.0
0.0
0.0
0.0
0.0
0.0
0.0
0.0
0.0
0.0
0.0
0.0
0.0
0.0
0.0
0.0
0.0
0.0
0.0
0.0
0.0
0.0
0.0
0.0
0.0
0.0
0.0
0.0
0.0
0.0
0.0
0.0
0.0
0.0
0.0
4.452841869817188e-06
2.978164077469624e-06
4.1071339661292435e-06
0.0
0.0
0.0
0.0
0.0
0.0
0.0
0.0
0.0
0.0
0.0
0.0
0.0
0.0
0.0
0.0
0.0
0.0
0.0
0.0
1.5806878179387695e-06
4.685503866654804e-06
2.0963774390629066e-06
2.8996449724071114e-06
0.0
0.0
0.0
0.0
0.0
0.0
0.0
0.0
0.0
0.0
0.0
0.0
0.0
0.0
0.0
0.0
0.0
0.0
0.0
0.0
0.0
2.0981810968534337e-06
4.5553869545183e-06
3.519134108785322e-06
0.0
0.0
0.0
0.0
0.0
0.0
0.0
0.0
0.0
0.0
0.0
0.0
0.0
0.0
0.0
0.0
0.0
0.0
0.0
0.0
2.1333856271633e-06
6.256018076147015e-06
5.910506228523744e-06
4.1870608325611054e-06
0.0
0.0
0.0
0.0
0.0
0.0
0.0
0.0
0.0
0.0
0.0
0.0
0.0
0.0
0.0
0.0
0.0
0.0
0.0
0.0
0.0
0.0
0.0
0.0
0.0
0.0
0.0
0.0
0.0
0.0
0.0
0.0
0.0
0.0
0.0
0.0
0.0
0.0
0.0
0.0
0.0
0.0
0.0
0.0
0.0
0.0
0.0
0.0
0.0
0.0
0.0
0.0
0.0
0.0
0.0
0.0
0.0
0.0
0.0
0.0
0.0
0.0
0.0
0.0
0.0
0.0
0.0
1.2369865204899925e-05
0.0
5.600515112056408e-06
6.367353616134163e-06
4.163723358270409e-06
0.0
0.0
0.0
0.0
0.0
0.0
0.0
0.0
0.0
0.0
0.0
0.0
0.0
0.0
0.0
0.0
0.0
0.0
0.0
0.0
0.0
0.0
0.0
3.56097117556988e-06
0.0
0.0
0.0
0.0
0.0
0.0
0.0
0.0
0.0
0.0
0.0
0.0
0.0
0.0
0.0
0.0
0.0
0.0
0.0
0.0
1.7853107581246355e-06
3.3743418459001717e-06
5.47380224038422e-06
4.368308878115593e-06
0.0
0.0
0.0
0.0
0.0
0.0
0.0
0.0
0.0
0.0
0.0
0.0
0.0
0.0
0.0
0.0
0.0
0.0
0.0
0.0
0.0
0.0
5.288375650071988e-06
4.09194377107721e-06
0.0
0.0
0.0
0.0
0.0
0.0
0.0
0.0
0.0
0.0
0.0
0.0
0.0
0.0
0.0
0.0
0.0
0.0
0.0
0.0
2.1400955466463253e-06
5.851871044507542e-06
6.347888134144723e-06
4.617200707795785e-06
0.0
0.0
0.0
0.0
0.0
0.0
0.0
0.0
0.0
0.0
0.0
0.0
0.0
0.0
0.0
0.0
0.0
0.0
0.0
0.0
0.0
0.0
0.0
0.0
0.0
0.0
0.0
0.0
0.0
0.0
0.0
0.0
0.0
0.0
0.0
0.0
0.0
0.0
0.0
0.0
0.0
0.0
0.0
0.0
0.0
0.0
0.0
0.0
0.0
0.0
0.0
0.0
0.0
0.0
0.0
0.0
0.0
0.0
0.0
0.0
0.0
0.0
0.0
0.0
0.0
0.0
0.0
0.0
0.0
4.665560231012632e-06
4.965056985209169e-06
3.4716446158549583e-06
0.0
0.0
0.0
0.0
0.0
0.0
0.0
0.0
0.0
0.0
0.0
0.0
0.0
0.0
0.0
0.0
0.0
0.0
0.0
0.0
0.0
0.0
0.0
0.0
0.0
0.0
0.0
0.0
0.0
0.0
0.0
0.0
0.0
0.0
0.0
0.0
0.0
0.0
0.0
0.0
0.0
0.0
0.0
0.0
0.0
0.0
2.4001668015150647e-06
3.8706639230058095e-06
0.0
0.0
0.0
0.0
0.0
0.0
0.0
0.0
0.0
0.0
0.0
0.0
0.0
0.0
0.0
0.0
0.0
0.0
0.0
0.0
0.0
0.0
0.0
3.8512564541547475e-06
0.0
0.0
0.0
0.0
0.0
0.0
0.0
0.0
0.0
0.0
0.0
0.0
0.0
0.0
0.0
0.0
0.0
0.0
0.0
0.0
1.6950897787868975e-06
4.531052774021762e-06
4.711260525310408e-06
3.7696850738137e-06
0.0
0.0
0.0
0.0
0.0
0.0
0.0
0.0
0.0
0.0
0.0
0.0
0.0
0.0
0.0
0.0
0.0
0.0
0.0
0.0
0.0
0.0
0.0
0.0
0.0
0.0
0.0
0.0
0.0
0.0
0.0
0.0
0.0
0.0
0.0
0.0
0.0
0.0
0.0
0.0
0.0
0.0
0.0
0.0
0.0
0.0
0.0
0.0
0.0
0.0
0.0
0.0
0.0
0.0
0.0
0.0
0.0
0.0
0.0
0.0
0.0
0.0
0.0
0.0
0.0
0.0
0.0
2.0431536127844774e-05
2.0868987688275385e-06
5.4951755302242845e-06
0.0
4.094074694315419e-06
0.0
0.0
0.0
0.0
0.0
0.0
0.0
0.0
0.0
0.0
0.0
0.0
0.0
0.0
0.0
0.0
0.0
0.0
0.0
0.0
1.977880917361256e-06
5.124656604417863e-06
5.080096743067077e-06
4.028988563389262e-06
0.0
0.0
0.0
0.0
0.0
0.0
0.0
0.0
0.0
0.0
0.0
0.0
0.0
0.0
0.0
0.0
0.0
0.0
0.0
0.0
1.8537599497324618e-06
4.789872929422648e-06
5.010035682404943e-06
4.048537296993216e-06
0.0
0.0
0.0
0.0
0.0
0.0
0.0
0.0
0.0
0.0
0.0
0.0
0.0
0.0
0.0
0.0
0.0
0.0
0.0
0.0
1.9181378616789184e-06
5.249762287546692e-06
0.0
4.141129561549733e-06
0.0
0.0
0.0
0.0
0.0
0.0
0.0
0.0
0.0
0.0
0.0
0.0
0.0
0.0
0.0
0.0
0.0
0.0
0.0
0.0
0.0
3.129978012625147e-06
2.268902955000449e-06
3.812932993722148e-06
0.0
0.0
0.0
0.0
0.0
0.0
0.0
0.0
0.0
0.0
0.0
0.0
0.0
0.0
0.0
0.0
0.0
0.0
0.0
0.0
0.0
0.0
0.0
0.0
0.0
0.0
0.0
0.0
0.0
0.0
0.0
0.0
0.0
0.0
0.0
0.0
0.0
0.0
0.0
0.0
0.0
0.0
0.0
0.0
0.0
0.0
0.0
0.0
0.0
0.0
0.0
0.0
0.0
0.0
0.0
0.0
0.0
0.0
0.0
0.0
0.0
0.0
0.0
0.0
0.0
0.0
0.0
0.0
0.0
4.6444657333693515e-06
2.6633881000831564e-06
3.977200246967238e-06
0.0
0.0
0.0
0.0
0.0
0.0
0.0
0.0
0.0
0.0
0.0
0.0
0.0
0.0
0.0
0.0
0.0
0.0
0.0
0.0
1.7912622731206748e-06
3.613872324216247e-06
0.0
3.630491991814822e-06
0.0
0.0
0.0
0.0
0.0
0.0
0.0
0.0
0.0
0.0
0.0
0.0
0.0
0.0
0.0
0.0
0.0
0.0
0.0
0.0
0.0
0.0
4.3594130643970375e-06
3.03842715445245e-06
0.0
0.0
0.0
0.0
0.0
0.0
0.0
0.0
0.0
0.0
0.0
0.0
0.0
0.0
0.0
0.0
0.0
0.0
0.0
0.0
1.9068245078875865e-06
3.199293703903409e-06
5.034056688701605e-06
3.9349900690707e-06
0.0
0.0
0.0
0.0
0.0
0.0
0.0
0.0
0.0
0.0
0.0
0.0
0.0
0.0
0.0
0.0
0.0
0.0
0.0
0.0
0.0
5.211097862361098e-06
5.544237509146055e-06
4.198842680197459e-06
0.0
0.0
0.0
0.0
0.0
0.0
0.0
0.0
0.0
0.0
0.0
0.0
0.0
0.0
0.0
0.0
0.0
0.0
0.0
0.0
0.0
0.0
0.0
0.0
0.0
0.0
0.0
0.0
0.0
0.0
0.0
0.0
0.0
0.0
0.0
0.0
0.0
0.0
0.0
0.0
0.0
0.0
0.0
0.0
0.0
0.0
0.0
0.0
0.0
0.0
0.0
0.0
0.0
0.0
0.0
0.0
0.0
0.0
0.0
0.0
0.0
0.0
0.0
0.0
0.0
0.0
0.0
0.0
0.0
0.0
0.0
0.0
0.0
0.0
0.0
0.0
0.0
0.0
0.0
0.0
0.0
0.0
0.0
0.0
0.0
0.0
0.0
0.0
0.0
0.0
0.0
1.2508034712976466e-05
2.2634512755250893e-06
6.213538926084868e-06
3.2529477679400676e-06
0.001553887372546719
0.01643509092482747
0.0389783637334349
0.06091524578435737
0.06327346432727689
0.05834530692582458
0.04701452907769049
0.034801424720314535
0.02203299058261635
0.019217657564078894
0.01128805187577246
0.0
0.0
0.0
0.0
0.0
0.0
0.0
0.0
0.0
0.023750769325206447
0.01624074734529737
0.0154685669007656
0.01849219050517543
0.02726594155746034
0.03601063978037802
0.04441716442838972
0.05421376889020963
0.058874914770491144
0.052159080256838436
0.03699669701576408
0.02657269507858236
0.003871986977365327
0.0
0.0
0.0
0.0
0.0
0.0
0.0
0.0
0.0
0.0
0.0
0.0
2.1533536519853756e-06
5.107705420889493e-06
0.0
4.389134939569788e-06
0.0
0.0
0.0
0.0
0.0
0.0
0.0
0.0
0.0
0.0
0.0
0.0
0.0
0.0
0.0
0.0
0.0
0.0
0.0
0.0
0.0
3.5006045725152197e-06
2.6256894682434614e-06
4.192500749005151e-06
0.0
0.0
0.0
0.004261260128426082
0.009878616718138066
0.004290203306480044
0.0
0.0
0.0
0.0
0.0
0.0
0.0
0.0
0.0
0.0
0.0
0.0
0.0
0.0
0.0
0.0
0.0
0.0
0.0
0.0
0.0
0.0
0.0
0.0
0.0
0.0
0.0
0.0
0.0
0.0
0.0
0.0
0.0
0.0
0.0
0.0
0.0
0.0
0.0
0.0
0.0
0.0
0.0
0.0
0.0
0.0
0.0
0.0
0.0
0.0
0.0
0.0
0.0
0.0
0.0
0.0
0.0
0.0
0.0
0.0
0.0
1.3923551592757205e-05
0.0
5.0793544438944634e-06
5.161649470804855e-06
3.8623159895683055e-06
0.0
0.0
0.0
0.0
0.0
0.0
0.0
0.0
0.0
0.0
0.0
0.0
0.0
0.0
0.0
0.0
0.0
0.0
0.0
0.0
1.8821793847361183e-06
4.797466971316292e-06
0.0
3.681016574052426e-06
0.0
0.0
0.0
0.0
0.0
0.0
0.0
0.0
0.0
0.0
0.0
0.0
0.0
0.0
0.0
0.0
0.0
0.0
0.0
0.0
0.0
1.768392154046373e-06
0.0
2.933782407845296e-06
0.0
0.0
0.0
0.0
0.0
0.0
0.0
0.0
0.0
0.0
0.0
0.0
0.0
0.0
0.0
0.0
0.0
0.0
0.0
0.0
0.0
0.0
2.226359883892133e-06
3.461573477082209e-06
0.0
0.0
0.0
0.0
0.0
0.0
0.0
0.0
0.0
0.0
0.0
0.0
0.0
0.0
0.0
0.0
0.0
0.0
0.0
0.0
0.0
0.0
0.0
3.0251646301469997e-06
0.0
0.0
0.0
0.0
0.0
0.0
0.0
0.0
0.0
0.0
0.0
0.0
0.0
0.0
0.0
0.0
0.0
0.0
0.0
0.0
0.0
0.0
0.0
0.0
0.0
0.0
0.0
0.0
0.0
0.0
0.0
0.0
0.0
0.0
0.0
0.0
0.0
0.0
0.0
0.0
0.0
0.0
0.0
0.0
0.0
0.0
0.0
0.0
0.0
0.0
0.0
0.0
0.0
0.0
0.0
0.0
0.0
0.0
0.0
0.0
0.0
0.0
0.0
0.0
0.0
0.0
0.0
1.941780097123495e-05
2.2902276295191264e-06
6.236451231224508e-06
0.0
3.632719876180983e-06
0.0
0.0
0.0
0.0
0.0
0.0
0.0
0.0
0.0
0.0
0.0
0.0
0.0
0.0
0.0
0.0
0.0
0.0
0.0
0.0
1.8965251683172094e-06
5.05974103189458e-06
2.4346234987043183e-06
4.127490169661198e-06
0.0
0.0
0.0
0.0
0.0
0.0
0.0
0.0
0.0
0.0
0.0
0.0
0.0
0.0
0.0
0.0
0.0
0.0
0.0
0.0
2.3050638502223895e-06
6.160017171282073e-06
3.1914362485666365e-06
5.381995412490749e-06
0.0
0.0
0.0
0.0
0.0
0.0
0.0
0.0
0.0
0.0
0.0
0.0
0.0
0.0
0.0
0.0
0.0
0.0
0.0
0.0
0.0
5.507533607725697e-06
0.0
4.53208223790167e-06
0.0
0.0
0.0
0.0
0.0
0.0
0.0
0.0
0.0
0.0
0.0
0.0
0.0
0.0
0.0
0.0
0.0
0.0
0.0
0.0
2.0281874358248925e-06
3.414215471040002e-06
0.0
4.128145707856868e-06
0.0
0.0
0.0
0.0
0.0
0.0
0.0
0.0
0.0
0.0
0.0
0.0
0.0
0.0
0.0
0.0
0.0
0.0
0.0
0.0
0.0
0.0
0.0
0.0
0.0
0.0
0.0
0.0
0.0
0.0
0.0
0.0
0.0
0.0
0.0
0.0
0.0
0.0
0.0
0.0
0.0
0.0
0.0
0.0
0.0
0.0
0.0
0.0
0.0
0.0
0.0
0.0
0.0
0.0
0.0
0.0
0.0
0.0
0.0
0.0
0.0
0.0
0.0
0.0
0.0
0.0
2.1317674022768127e-05
2.705857633756713e-06
6.674818293215401e-06
3.6184165007274616e-06
5.7752309505918465e-06
0.0
0.0
0.0
0.0
0.0
0.0
0.0
0.0
0.0
0.0
0.0
0.0
0.0
0.0
0.0
0.0
0.0
0.0
0.0
0.0
2.3569172754912265e-06
6.034268462653219e-06
3.316501702029107e-06
4.782797853838303e-06
0.0
0.0
0.0
0.0
0.0
0.0
0.0
0.0
0.0
0.0
0.0
0.0
0.0
0.0
0.0
0.0
0.0
0.0
0.0
0.0
0.0
5.552841596225751e-06
5.75529553413827e-06
3.863086566058105e-06
0.0
0.0
0.0
0.0
0.0
0.0
0.0
0.0
0.0
0.0
0.0
0.0
0.0
0.0
0.0
0.0
0.0
0.0
0.0
0.0
1.7162047372301756e-06
2.8711711079722185e-06
2.232534352928491e-06
4.101103371362572e-06
0.0
0.0
0.0
0.0
0.0
0.0
0.0
0.0
0.0
0.0
0.0
0.0
0.0
0.0
0.0
0.0
0.0
0.0
0.0
0.0
0.0
2.404883000316662e-06
2.3979325319377492e-06
3.620032750949469e-06
0.0
0.0
0.0
0.0
0.0
0.0
0.0
0.0
0.0
0.0
0.0
0.0
0.0
0.0
0.0
0.0
0.0
0.0
0.0
0.0
0.0
0.0
0.0
0.0
0.0
0.0
0.0
0.0
0.0
0.0
0.0
0.0
0.0
0.0
0.0
0.0
0.0
0.0
0.0
0.0
0.0
0.0
0.0
0.0
0.0
0.0
0.0
0.0
0.0
0.0
0.0
0.0
0.0
0.0
0.0
0.0
0.0
0.0
0.0
0.0
0.0
0.0
0.0
0.0
0.0
0.0
0.0
0.0
0.0
0.0
0.0
3.84005752231739e-06
0.0
0.0
0.0
0.0
0.0
0.0
0.0
0.0
0.0
0.0
0.0
0.0
0.0
0.0
0.0
0.0
0.0
0.0
0.0
0.0
0.0
0.0
4.499238977738601e-06
3.72577123796498e-06
0.0
0.0
0.0
0.0
0.0
0.0
0.0
0.0
0.0
0.0
0.0
0.0
0.0
0.0
0.0
0.0
0.0
0.0
0.0
0.0
0.0
0.0
2.1465017975658953e-06
3.2428471904081403e-06
0.0
0.0
0.0
0.0
0.0
0.0
0.0
0.0
0.0
0.0
0.0
0.0
0.0
0.0
0.0
0.0
0.0
0.0
0.0
0.0
1.726208295736844e-06
5.317088565071168e-06
2.352119493607311e-06
3.994226668759428e-06
0.0
0.006696351644563775
0.015313163700809965
0.028379267450438173
0.03387588368385713
0.03065464032805066
0.03284089168411564
0.01683203962229385
0.0010066472707949122
0.0
0.0
0.0
0.0
0.0
0.0
0.0
0.0
0.0
0.0
0.0
0.0
3.794555481365613e-06
6.04329117380053e-06
4.485639265697806e-06
0.0
0.0
0.0027713310183298734
0.01528250408592588
0.023025830364138945
0.023093714055790564
0.020016049870042046
0.005802096903775077
0.0
0.0
0.0
0.0
0.0
0.0
0.0
0.0
0.0
0.0
0.0
0.0
0.0
0.0
0.0
0.0
0.0
0.0
0.0
0.0
0.05996762362881042
0.07027536962709736
0.053046890365403
0.0
0.0
0.0
0.0
0.0
0.0
0.0
0.0
0.0
0.0
0.0
0.0
0.0
0.0
0.0
0.0
0.0
0.0
0.0
0.0
0.0
0.0
0.08129573326366998
0.07420756631969049
0.0
0.0
0.0
0.0
0.0
0.0
0.0
0.0
0.0
0.0
0.0
0.0
0.0
0.0
5.921688935600558e-06
0.0
4.5669568075000325e-06
0.0
0.0
0.0
0.0
0.003046771324856404
0.015826048328420363
0.014441354739750398
0.007018667189931529
0.0
0.0
0.0
0.0
0.0
0.0
0.0
0.0
0.0
0.0
0.0
0.0
2.1897913923676105e-06
6.221941387257894e-06
3.3371132252583554e-06
5.239897277941573e-06
0.0
0.013509240395307332
0.03577108361448082
0.06712764827465738
0.08783952828319047
0.07716292343457679
0.07952805483570406
0.08162275761675737
0.0414543198209786
0.023246271616886135
0.0
0.0
0.0
0.0
0.0
0.0
0.0
0.0
0.0
0.0
2.485856921463561e-06
6.908694573321063e-06
3.4253640434351716e-06
0.006160938054454732
0.03272148302164625
0.07740615045158883
0.10969199218575391
0.1308747006387832
0.15768600696953644
0.18957000593363632
0.17389504813278672
0.12615846344394757
0.07837925305911883
0.0749609327890311
0.0
0.0
0.0
0.0
0.0
0.0
0.0
0.0
0.0
0.0
0.0
4.7928551813849395e-06
0.0
6.139633781711792e-06
0.0
0.0
0.0
0.0
0.0054508259035875245
0.011357872838958696
0.013067330600533278
0.009123556217739904
0.0008376467917668378
0.0
0.0
0.0
0.0
0.0
0.0
0.0
0.0
0.0
0.0
0.0
0.0
6.21993250383471e-06
6.759453501390896e-06
5.948571896038613e-06
0.004185043225965305
0.020028201620662264
0.035507978328331524
0.04972352664486978
0.06215091484352364
0.06410262636138964
0.06198010865006068
0.03523931712507506
0.007511635410823401
0.0
0.0
0.0
0.0
0.0
0.0
0.0
0.0
0.0
0.0
0.0
0.0
0.0
0.0
0.0
0.0
0.0
0.0
0.0
0.0
0.0
0.0
0.0
0.0
0.0
0.0
0.0
0.0
0.0
0.0
0.0
0.0
0.0
0.0
0.0
0.0
0.0
0.0
0.0
0.0
0.0
0.0
0.0
0.0
0.0
0.0
0.0
0.0
0.0
0.0
0.0
0.0
0.0
0.0
0.0
0.0
0.0
0.0
1.2883987713859095e-05
2.402197086779987e-06
6.165516967950236e-06
0.0
4.5700124732584095e-06
0.0
0.0
0.0
0.0
0.0
0.0
0.0
0.0
0.0
0.0
0.0
0.0
0.0
0.0
0.0
0.0
0.0
0.0
0.0
0.0
2.06519756580278e-06
4.909729832208144e-06
0.0
4.26030848512312e-06
0.0
0.0
0.0
0.0
0.0
0.0
0.0
0.0
0.0
0.0
0.0
0.0
0.0
0.0
0.0
0.0
0.0
0.0
0.0
0.0
0.0
5.1963883305232924e-06
2.881085162989884e-06
4.616669144144584e-06
0.0
0.0
0.0
0.0
0.0
0.0
0.0
0.0
0.0
0.0
0.0
0.0
0.0
0.0
0.0
0.0
0.0
0.0
0.0
0.0
1.8829950213747706e-06
3.3602366804555132e-06
5.145998720892723e-06
4.638187054256637e-06
0.0
0.0
0.0
0.0
0.0
0.0
0.0
0.0
0.0
0.0
0.0
0.0
0.0
0.0
0.0
0.0
0.0
0.0
0.0
0.0
2.0153816619935545e-06
5.170235630454802e-06
5.493531188027678e-06
4.260063643469819e-06
0.0
0.0
0.0
0.0
0.0
0.0
0.0
0.0
0.0
0.0
0.0
0.0
0.0
0.0
0.0
0.0
0.0
0.0
0.0
0.0
0.0
0.0
0.0
0.0
0.0
0.0
0.0
0.0
0.0
0.0
0.0
0.0
0.0
0.0
0.0
0.0
0.0
0.0
0.0
0.0
0.0
0.0
0.0
0.0
0.0
0.0
0.0
0.0
0.0
0.0
0.0
0.0
0.0
0.0
0.0
0.0
0.0
0.0
0.0
0.0
0.0
0.0
0.0
0.0
0.0
0.0
0.0
1.28282227531977e-05
0.0
5.0981106393163665e-06
2.5690017854484234e-06
3.93219016730315e-06
0.0
0.0
0.0
0.0
0.0
0.0
0.0
0.0
0.0
0.0
0.0
0.0
0.0
0.0
0.0
0.0
0.0
0.0
0.0
0.0
0.0
3.3426732488577616e-06
0.0
4.098652392460766e-06
0.0
0.0
0.0
0.0
0.0
0.0
0.0
0.0
0.0
0.0
0.0
0.0
0.0
0.0
0.0
0.0
0.0
0.0
0.0
0.0
2.1776746361174532e-06
4.407124663037251e-06
0.0
3.426588995369517e-06
0.0
0.0
0.0
0.0
0.0
0.0
0.0
0.0
0.0
0.0
0.0
0.0
0.0
0.0
0.0
0.0
0.0
0.0
0.0
0.0
0.0
3.518057583024921e-06
0.0
3.927347634860932e-06
0.0
0.0
0.0016092383250261339
0.006305517103678096
0.0019327081968568214
0.006674382755726883
0.020032666673802386
0.01738503174979264
0.008835864238833755
0.001858503014269428
0.0
0.0
0.0
0.0
0.0
0.0
0.0
0.0
0.0
0.0
2.139580901065148e-06
3.7286624031504776e-06
0.0
0.003556643158553571
0.015591286814925413
0.030080093536411744
0.06239634237148186
0.09508230631421093
0.10943944587410359
0.1077917501945468
0.13269088556875153
0.12470472522815665
0.07958729902566132
0.041596864636938936
0.0
0.0
0.0
0.0
0.0
0.0
0.0
0.0
0.0
0.0
0.0
0.0
0.0
0.0
0.0
0.0
0.0
0.0
0.0
0.0
0.0
0.0
0.0
0.0
0.0
0.0
0.0
0.0
0.0
0.0
0.0
0.0
0.0
0.0
0.0
0.0
0.0
0.0
0.0
0.0
0.0
0.0
0.0
0.0
0.0
0.0
0.0
0.0
0.0
0.0
0.0
0.0
0.0
0.0
0.0
0.0
0.0
0.0
2.8244273416160695e-06
6.7479435756634195e-06
6.526210564427174e-06
4.928722166758646e-06
0.005639716928203154
0.01536554080226274
0.026311515395856726
0.0434688382359205
0.055408018249701194
0.04952534018605489
0.04415009779086296
0.023822285739177093
0.0032674842648658642
0.0
0.0
0.0
0.0
0.0
0.0
0.0
0.0
0.0
0.0
0.0
2.607338874913639e-06
4.215839640409775e-06
0.0
5.123024052218918e-06
0.013897847936907952
0.033045962740828855
0.055832250727976825
0.08134463714919148
0.09709007432794224
0.09439923101978735
0.08015840065511827
0.06032489382073706
0.03485868940243418
0.013045192029977197
0.0
0.0
0.0
0.0
0.0
0.0
0.0
0.0
0.0
0.0
2.5769566952523563e-06
6.698356439968954e-06
0.0015791612330951085
0.009210133126794535
0.022449136346898883
0.04264174382067629
0.06368383421763
0.0785576419516898
0.08475415052766608
0.07534011792738515
0.07253199920726074
0.0568296502186727
0.015064330641333466
0.0
0.0
0.0
0.0
0.0
0.0
0.0
0.0
0.0
0.0
0.0
0.0
3.625846121301453e-06
0.0
5.335128930640151e-06
0.0
0.0010797883141728962
0.001342781795615057
0.0
0.0
0.0
0.0
0.0
0.0
0.0
0.0
0.0
0.0
0.0
0.0
0.0
0.0
0.0
0.0
0.0
0.0
6.182625897604272e-06
6.5569670936408465e-06
5.074357407161432e-06
0.0
0.0
0.005729698852427463
0.01877914979067976
0.01552509576077686
0.011872661356675787
0.009385656499546424
0.0019159534186572837
0.0
0.0
0.0
0.0
0.0
0.0
0.0
0.0
0.0
0.0
0.0
0.0
0.0
0.0
0.0
0.0
0.0
0.0
0.0
0.0
0.0
0.0
0.0
0.0
0.0
0.0
0.0
0.0
0.0
0.0
0.0
0.0
0.0
0.0
0.0
0.0
0.0
0.0
0.0
0.0
0.0
0.0
0.0
0.0
0.0
0.0
0.0
0.0
0.0
0.0
0.0
0.0
0.0
0.0
0.0
0.0
0.0
0.0
0.0
0.0
2.77393007222868e-06
6.128103923791984e-06
6.174508636166812e-06
4.374034852903908e-06
0.0
0.0
0.0
0.0011406977757672998
0.005536768808178803
0.005659157884674892
0.005265482080739422
0.0006749369475719926
0.0
0.0
0.0
0.0
0.0
0.0
0.0
0.0
0.0
0.0
0.0
0.0
2.545981848951762e-06
3.6958764580415635e-06
5.4004419983834705e-06
4.229476851682084e-06
0.0
0.0
0.002556073504519315
0.007622271256633876
0.010731610874816753
0.008066129296905703
0.0021726398827978067
0.0
0.0
0.0
0.0
0.0
0.0
0.0
0.0
0.0
0.0
0.0
0.0
0.0
2.2755612649375426e-06
3.7150391777019105e-06
6.075164925263169e-06
4.904900225701658e-06
0.0013974036469709405
0.008662248197755776
0.011682585509014964
0.021125001368876673
0.039885263601052656
0.04720706761134072
0.04095307237830092
0.03093236739868624
0.016340919808886474
0.0
0.0
0.0
0.0
0.0
0.0
0.0
0.0
0.0
0.0
0.0
2.073938894775721e-06
5.2864816214100066e-06
5.663450283589282e-06
3.8291958717209975e-06
0.0
0.0
0.0
0.0
0.0
0.0
0.0
0.0
0.0
0.0
0.0
0.0
0.0
0.0
0.0
0.0
0.0
0.0
0.0
0.0
0.0
5.085576662375516e-06
0.0
0.003823714736089506
0.009891280289834013
0.014921278673607955
0.019983657283671893
0.02213147532604486
0.023485445523873782
0.02020300062592982
0.02010557249969819
0.020168439066438504
0.016159386861908254
0.008716127721676152
0.0
0.0
0.0
0.0
0.0
0.0
0.0
0.0
0.0
0.0
0.0
0.0
0.0
0.0
0.0
0.0
0.0
0.0
0.0
0.13697038528821628
0.0
0.0
0.0
0.0
0.0
0.0
0.0
0.0
0.0
0.0
0.0
0.0
0.0
0.0
0.0
0.0
0.0
0.0
0.0
0.0
0.0
0.0
0.0
0.0
0.0
0.0
0.0
0.0
0.0
0.0
0.0
0.0
0.0
0.0
0.0
0.0
0.0
0.0
0.0
4.910507419391306e-06
0.0
5.825823381960509e-06
0.008269576123719384
0.0200055413445439
0.03515121355507058
0.040920503942277024
0.03221090165656644
0.027504161075604227
0.0301682644528391
0.02790539095305542
0.02275631153239649
0.018451209359031728
0.0
0.0
0.0
0.0
0.0
0.0
0.0
0.0
0.0
0.0
0.0
4.437795236433695e-06
0.0
0.002077004553939303
0.01893575031541769
0.03291016484114791
0.05776904594238555
0.07121096148639365
0.08467753787998036
0.10040002874192502
0.08682504953886881
0.06729883684764647
0.04351942559711742
0.01550760040965081
0.0
0.0
0.0
0.0
0.0
0.0
0.0
0.0
0.0
0.0
2.9697453108044708e-06
5.812499526951132e-06
0.005828753783121898
0.024078667731603276
0.06283414252973697
0.09401705511459607
0.1172216844135051
0.14201489591821362
0.17954455354549778
0.21566082452473945
0.22607890403123435
0.21062287653520878
0.15958831268203122
0.13229416627302135
0.0
0.0
0.0
0.0
0.0
0.0
0.0
0.0
0.0
0.0
0.008450207003501785
0.023612770348615652
0.04641215494936204
0.08459661224729298
0.12055766968381018
0.14940553404104168
0.18988707698940294
0.24546800498410823
0.2835687383947647
0.29629462042680393
0.29249872006262656
0.2718460346798324
0.24630030415856763
0.17910284119202344
0.0
0.0
0.0
0.0
0.0
0.0
0.0
0.0
0.0
0.041587493299219846
0.021280657045525023
0.028344176346231195
0.037146599520576994
0.05733114772927445
0.08972261833854417
0.15567167682612157
0.22288604835132309
0.2619152594329295
0.2880302350577483
0.32113652474069937
0.31133826054656716
0.2955694606172531
0.23195410694371296
0.1398213441242464
0.0
0.0
0.0
0.0
0.0
0.0
0.0
0.0
0.0
0.0
0.0
0.0
0.0
0.0
0.0
0.0
0.21304867262669272
0.19130421362668218
0.21610985164850605
0.2098440311401631
0.0
0.0
0.0
0.0
0.0
0.0
0.0
0.0
0.0
0.0
0.0
0.0
0.0
0.0
0.0
0.0
0.0
0.0
0.0
0.0
0.0
0.1566697206849082
0.16839630114153117
0.2672728733778107
0.20990384789372607
0.17692866499407653
0.08713141697086832
0.0
0.0
0.0
0.0
0.0
0.0
0.0
0.0
0.0
0.0
0.0
0.0
7.908000429630525e-06
0.0
0.006418787997705983
0.012596991169848012
0.012147079889620197
0.019585840258505113
0.046403892432217715
0.08295610227181036
0.11476518053942111
0.14205625476542283
0.1265828723191442
0.07080842660505028
0.03947219636900324
0.0
0.0
0.0
0.0
0.0
0.0
0.0
0.0
0.0
0.0
0.0
4.703375807091348e-06
0.0
5.638313204383158e-06
0.00503256782790069
0.020032473816039297
0.018635125131613875
0.005283958548443894
0.0
0.0
0.0
0.0
0.0
0.0
0.0
0.0
0.0
0.0
0.0
0.0
0.0
0.0
0.0
0.0
0.0
6.305212017517904e-06
7.370646409032292e-06
0.002803924087118836
0.014721190164349925
0.026737248016443296
0.021777167017523753
0.019026396468926593
0.013480730808158805
0.015377218738618177
0.008825386878620728
0.0
0.0
0.0
0.0
0.0
0.0
0.0
0.0
0.0
0.0
0.0
0.0
0.0
2.6593475006299533e-06
6.553783054294981e-06
0.0
5.215676582552326e-06
0.007047010215719221
0.018694456359305705
0.026572920084484655
0.044628160566453245
0.044496949675083906
0.028383969340652276
0.026921756604948187
0.009599553013535798
0.0
0.0
0.0
0.0
0.0
0.0
0.0
0.0
0.0
0.0
0.0
0.0
3.1558130089512507e-06
6.499559376130697e-06
0.0026237782295693286
0.0013540232054306122
0.018406292039054792
0.037251730673379876
0.023601875546511625
0.0328425412070437
0.059594887092605936
0.07624118740675334
0.07901128892192635
0.06483298696031813
0.04298226919812122
0.0119017286535665
0.0
0.0
0.0
0.0
0.0
0.0
0.0
0.0
0.0
0.0
0.0
0.0
0.0
0.0
0.0
0.0
0.0
0.0
0.11635899782359671
0.12271229802993054
0.16867534411294371
0.0
0.0
0.0
0.0
0.0
0.0
0.0
0.0
0.0
0.0
0.0
0.0
0.0
0.0
0.0
0.0
0.0
0.0
0.0
0.0
0.18523835958145257
0.16658371752304893
0.23748296910847
0.16891946380514522
0.21996448756186954
0.08039692609356637
0.0
0.0
0.0
0.0
0.0
0.0
0.0
0.0
0.0
0.0
0.0
0.012541152108819923
0.029473608797538926
0.048476299093590074
0.07436237827389398
0.12125593984680025
0.15550534902872432
0.21078055567992202
0.22021734789375988
0.2519035241717765
0.2801451235412243
0.3065227573666749
0.24740118266197939
0.18490171902550182
0.11573929224511599
0.0
0.0
0.0
0.0
0.0
0.0
0.0
0.0
0.0
0.0
0.0
4.926788088724233e-06
0.006264866174810516
0.01913067889209484
0.0301256592221581
0.043398380695174925
0.06992816614888175
0.08101557196408375
0.08256824832015981
0.056643232480301044
0.0389312928110186
0.029010083242012832
0.014394922606740036
0.001165944634106574
0.0
0.0
0.0
0.0
0.0
0.0
0.0
0.0
0.0
0.0
0.0
6.827586607722866e-06
0.0
5.901405382278006e-06
0.0
0.0
0.0
0.0
0.0
0.0
0.0
0.0
0.0
0.0
0.0
0.0
0.0
0.0
0.0
0.0
0.0
0.0
0.0
0.0
2.2899573110115463e-06
5.706986539176921e-06
0.0
4.9096661654909485e-06
0.0
0.0
0.0
0.006344401435544082
0.004755044426184556
0.005207927059435363
0.014219795596958448
0.010511385635025551
0.0
0.0
0.0
0.0
0.0
0.0
0.0
0.0
0.0
0.0
0.0
0.0
0.0
4.033911888818574e-06
3.603253922836469e-06
0.0012595725868196918
0.013680377892734977
0.018349821841403418
0.018758551302065333
0.024278921368148455
0.024917760669323556
0.0256443599261673
0.031018383230627444
0.02529262670998829
0.017233253471374894
0.005019819562591575
0.0
0.0
0.0
0.0
0.0
0.0
0.0
0.0
0.0
0.0
0.0
0.0
0.0
0.0
0.0
0.0
0.0
0.0
0.0
0.07451228887377714
0.033474805586008766
0.03492201048456594
0.0
0.0
0.0
0.0
0.0
0.0
0.0
0.0
0.0
0.0
0.0
0.0
0.0
0.0
0.0
0.0
0.0
0.0
0.0
0.0
0.0
0.0
0.0
0.0
0.0
0.0
0.0
0.0
0.0
0.0
0.0
0.0
0.0
0.0
0.0
0.0
0.0
4.290562384133767e-06
0.0016409030447404613
0.0062183196487547825
0.015755574753864538
0.027404154035913803
0.04313158611545809
0.05430300632452507
0.05321436787247081
0.04748527417733225
0.05994924260487314
0.04771891348560471
0.03250426037837715
0.01550033757789637
0.0
0.0
0.0
0.0
0.0
0.0
0.0
0.0
0.0
0.0
0.0
6.423234046903867e-06
6.941455346062142e-06
6.011860866566089e-06
0.0053213637604148266
0.0014190494695483092
0.010710276526470204
0.029893667859794287
0.022646121080381165
0.0013728027917789157
0.0
0.0
0.0
0.0
0.0
0.0
0.0
0.0
0.0
0.0
0.0
0.0
0.0
0.0
2.6053454107149878e-06
4.508164420898454e-06
3.4838237223200767e-06
5.401673516913333e-06
0.010586224662942874
0.023173548898169055
0.03111907327601328
0.03718933288097884
0.04620278089759594
0.05256241513685515
0.05276077824382216
0.0223942895006666
0.0022859517212801958
0.0
0.0
0.0
0.0
0.0
0.0
0.0
0.0
0.0
0.0
0.0
2.936870541936588e-06
4.920933673206851e-06
0.006703564211720429
0.01853301827642098
0.02955729040090155
0.02990931266782998
0.04902696537299972
0.07582562728644297
0.08580558221619383
0.045345939246241106
0.04124740476361903
0.04153704087519494
0.025939195262635047
0.00571486477163278
0.0
0.0
0.0
0.0
0.0
0.0
0.0
0.0
0.0
0.0
0.0
4.408492718785371e-06
0.0
0.0016504149953013628
0.0059810074034379246
0.008171242941259227
0.00344408855012075
0.008325279720310979
0.012416424786179051
0.010089610406830476
0.00419489132399819
0.0
0.0
0.0
0.0
0.0
0.0
0.0
0.0
0.0
0.0
0.0
0.0
0.0
0.0
0.0
0.0
0.0
0.0
0.0
0.0
0.0
0.0
0.0
0.0
0.0
0.0
0.0
0.0
0.0
0.0
0.0
0.0
0.0
0.0
0.0
0.0
0.0
0.0
0.0
0.0
0.0
0.0
0.0
0.0
0.0
0.0
0.0
0.0
0.0
0.0
0.0
0.0
0.0
0.0
0.0
0.0
0.0
0.0
0.0
0.0
0.0
0.0
0.0
0.0
0.0
0.0
0.0
0.0
0.0
0.0
0.0
0.0
0.0
0.0
0.0
0.0
0.0
0.0
0.0
0.0
0.0
0.0
0.0
0.0
0.0
0.0
8.298365088906336e-06
0.006372934496251443
0.019780714143583907
0.03835426783440189
0.04504925036736289
0.05019492503734285
0.05094980994428812
0.06159693910729821
0.06425671998187704
0.06630617431343847
0.06520417621354037
0.06228791117645385
0.044939708198205315
0.0
0.0
0.0
0.0
0.0
0.0
0.0
0.0
0.0
0.0
0.004011356199098455
0.01277001861468387
0.031254185197422485
0.0612547037893084
0.08866077166968815
0.1165814869009134
0.1416128730271531
0.15311938735316535
0.20693524243604794
0.24572035882087945
0.24276484333758816
0.21182152623268785
0.1555267425619912
0.08120401556977472
0.0
0.0
0.0
0.0
0.0
0.0
0.0
0.0
0.0
0.0
2.382342321281837e-06
4.311479846046607e-06
6.471059768876763e-06
0.0024586869608658798
0.013591029475068473
0.023827300511764044
0.04160276407098276
0.05532861783256866
0.06644418769556615
0.06153315871017194
0.03178556430600851
0.0008252820044431925
0.0
0.0
0.0
0.0
0.0
0.0
0.0
0.0
0.0
0.0
0.0
0.0
0.0
4.519340591501627e-06
6.60734516408301e-06
4.7050391507012355e-06
0.0
0.023990624870062125
0.018168071325905758
0.028806011061053877
0.04919098724594249
0.05273139909784174
0.05658149233202899
0.046649093446623324
0.021756172866336253
0.001188220752270631
0.0
0.0
0.0
0.0
0.0
0.0
0.0
0.0
0.0
0.0
0.0
0.0
0.0
0.0
0.0
0.0
0.0
0.0
0.0
0.0
0.035990361312466336
0.034664455107061544
0.0
0.0
0.0
0.0
0.0
0.0
0.0
0.0
0.0
0.0
0.0
0.0
0.0
0.0
0.0
0.0
0.0
0.0
0.0
0.0
0.0
0.022306747940948442
0.10523539802297832
0.06320310038704136
0.07221376392338492
0.0
0.0
0.0
0.0
0.0
0.0
0.0
0.0
0.0
0.0
0.0
0.0
0.009327454431202954
0.03446719105060961
0.04433415468939726
0.06969543912123725
0.09880671207584091
0.11487341554211733
0.13133709110206412
0.15625385116140236
0.17724781930209083
0.16232633863088766
0.11301773399716339
0.08920739076645492
0.045551928061381815
0.0
0.0
0.0
0.0
0.0
0.0
0.0
0.0
0.0
0.0
0.01664568535543722
0.03326160334091853
0.03931291562586537
0.036865820298941004
0.037298745770865026
0.02915848718230851
0.061485803154256224
0.11085122315963973
0.15247255105336324
0.1951095902597678
0.21074421133885451
0.20445731795332997
0.17659616746235676
0.10793936013439034
0.0
0.0
0.0
0.0
0.0
0.0
0.0
0.0
0.0
0.0
0.0
4.708448460939215e-06
0.0025793871856016177
0.01728998234062452
0.02511454816336064
0.05657828829015807
0.09712855008859471
0.10098003469460844
0.11768397709864527
0.11683783047392521
0.101703899928527
0.0867496295666714
0.07315281568165162
0.04591093098386906
0.0
0.0
0.0
0.0
0.0
0.0
0.0
0.0
0.0
0.0
0.0
4.709845938787075e-06
0.005008264168741994
0.011354282602642833
0.012071642066219227
0.02329327547941362
0.0430448724200008
0.062499970010986006
0.07475525933419355
0.07187643437898272
0.07091352298191826
0.05966812248756319
0.04542350264810517
0.02834404326410536
0.0
0.0
0.0
0.0
0.0
0.0
0.0
0.0
0.0
0.0
0.0
4.46353651205353e-06
0.0038083228292215055
0.006325365558848237
0.012763253659604812
0.03138916890023626
0.05171994624033377
0.0864325960323936
0.12972418078725997
0.1780775852686572
0.18066691066817978
0.1620038124606613
0.13181902654668323
0.06560326866360194
0.0
0.0
0.0
0.0
0.0
0.0
0.0
0.0
0.0
0.0
0.0
0.0
0.0
0.0
0.0
0.0
0.0
0.0
0.0
0.0
0.12769168668526
0.09659830223342834
0.0
0.0
0.0
0.0
0.0
0.0
0.0
0.0
0.0
0.0
0.0
0.0
0.0
0.0
0.0
0.0
0.0
0.0
0.0
0.0
0.0
0.0
0.0
0.0
0.0
0.0
0.0
0.0
0.0
0.0
0.0
0.0
0.0
0.0
0.0
0.0
3.0977883028792654e-06
4.326851485626335e-06
0.00764762304736325
0.01621195341036007
0.01996472242265237
0.0216164796100023
0.035049360737529726
0.05180926365459785
0.059243394334965456
0.027513297092082743
0.0
0.0
0.0
0.0
0.0
0.0
0.0
0.0
0.0
0.0
0.0
0.0
0.0
0.0
2.5759612882146955e-06
4.4274531616663415e-06
3.420606607332638e-06
5.482539266940904e-06
0.01346735745667155
0.030136050883459553
0.0310775595117876
0.046893990573826934
0.04456281012610415
0.06774628577103646
0.06304118535447556
0.07752025136596988
0.052298960740618426
0.048016279082047295
0.0
0.0
0.0
0.0
0.0
0.0
0.0
0.0
0.0
0.0
0.0
0.010445039277833117
0.03498009715683565
0.05561679746996342
0.08097409355375443
0.13223583663627037
0.15428536626056447
0.16908518748907997
0.22728308197898123
0.26533612528672246
0.2915905517586208
0.2786613263016838
0.2283350571955053
0.18765423060401754
0.0
0.0
0.0
0.0
0.0
0.0
0.0
0.0
0.0
0.03058479431126106
0.024840143154150233
0.028500126204481852
0.03149729359656471
0.023196698991050868
0.02416606431531796
0.04861402455745539
0.06321219632057222
0.07672593051964365
0.08267119129092902
0.07526211671343357
0.08374165995532393
0.08160929715637925
0.07647610489374373
0.06256914612060459
0.0
0.0
0.0
0.0
0.0
0.0
0.0
0.0
0.0
0.021581281824315436
0.006946207143009726
0.008477134830281634
0.009900485186852668
0.013243299830057642
0.023820348167988618
0.04646899737685861
0.0728924124120965
0.08770921651684975
0.09541846877936883
0.0989202630217365
0.11636433653118393
0.10950795331931791
0.09771117218106658
0.08595234120078875
0.0
0.0
0.0
0.0
0.0
0.0
0.0
0.0
0.0
0.0
0.0
0.0
0.0
0.0
0.0
0.0
0.0
0.25108549749695386
0.2787135461929341
0.3136899761754161
0.3091333007997736
0.24727503588215854
0.27312907712414775
0.22832773908255416
0.0
0.0
0.0
0.0
0.0
0.0
0.0
0.0
0.0
0.0
0.0
0.0
0.0
0.11525373368522972
0.06760059293723554
0.314433532069781
0.35184332365600396
0.34378136361839196
0.352526432971299
0.37466026373357625
0.31562151489812035
0.25673302551448307
0.1985351179351498
0.1608334167304592
0.0
0.0
0.0
0.0
0.0
0.0
0.0
0.0
0.0
0.08444517471426054
0.029435011659091265
0.027797303203743327
0.03933508444831375
0.05152493775775417
0.08029268388462568
0.10810517964832457
0.12049846714726054
0.1355466238470449
0.14872354313903172
0.160036095909257
0.1361125790300042
0.10426841990299685
0.07986884644026311
0.05146941071675056
0.0
0.0
0.0
0.0
0.0
0.0
0.0
0.0
0.0
0.0
0.007728659136020272
0.023487874087572885
0.03794990524976119
0.0660182905674721
0.09412170569754297
0.11125393659694381
0.12725396321040622
0.1390419473906634
0.167663753176685
0.21730227414047165
0.2235345230214513
0.1995079585073507
0.1723916237229562
0.1476185479099458
0.0
0.0
0.0
0.0
0.0
0.0
0.0
0.0
0.0
0.02692573759138842
0.00942314966800509
0.008167310626716563
0.014957729321144503
0.027795490188416525
0.03682877912540112
0.04964116503603649
0.0801808990143385
0.10088627170429428
0.11189949578762107
0.13534380949735103
0.13149388714746352
0.09965265505181221
0.07255667458010952
0.04813628917414223
0.0
0.0
0.0
0.0
0.0
0.0
0.0
0.0
0.0
0.0
0.0
0.006642234910213981
0.024738606182012835
0.05363468613852016
0.07687395957977546
0.1038389085476487
0.1120593328303755
0.12752756622762368
0.11987315844282863
0.10402470729740187
0.10382817080259416
0.10269629200795967
0.07601446717532191
0.05527337673492979
0.0
0.0
0.0
0.0
0.0
0.0
0.0
0.0
0.0
0.0
0.0
1.176064867112655e-06
0.012416773869868959
0.026727207841351838
0.03792587721664016
0.04850355235469021
0.07123563435079962
0.08228550986751765
0.08013730083766973
0.10575275525379062
0.10433752119796225
0.08090104704458828
0.0634790726733299
0.04656541997879643
0.0
0.0
0.0
0.0
0.0
0.0
0.0
0.0
0.0
0.0
0.0
0.0
0.0
0.0
0.0
0.0
0.0
0.0
0.0
0.0
0.0
0.0
0.0
0.0
0.0
0.0
0.0
0.0
0.0
0.0
0.0
0.0
0.0
0.0
0.0
0.0
0.0
0.0
0.0
0.0
0.0
0.0
0.0
0.08331156789674801
0.07922431044079312
0.09321706579792192
0.0
0.0
0.0
0.0
0.0
0.0
0.0
0.0
0.0
0.0
0.0
0.0
0.012130078863777196
0.024540433307740826
0.036853349110781655
0.05363726658230472
0.08149705565573605
0.11610438872076566
0.12664378333008489
0.14220330748295412
0.1869246828891569
0.2198383832296761
0.21362623221767746
0.19524436546224813
0.1687369067040635
0.10909923434852738
0.0
0.0
0.0
0.0
0.0
0.0
0.0
0.0
0.0
0.013937753692041173
0.03058031033714939
0.04407870584560706
0.07409996911659382
0.11280547392024212
0.16945213942096202
0.2205339258800304
0.2504220407917005
0.284448998244275
0.3195097806930009
0.33879016046312777
0.36784121962086586
0.37381361505575056
0.3471251530907504
0.2788446764690286
0.0
0.0
0.0
0.0
0.0
0.0
0.0
0.0
0.0
0.08239393591283292
0.056179172951289026
0.07749700836334987
0.12396885332385821
0.2061476310918337
0.27052482169741315
0.29480175057149416
0.32339976976453927
0.33254693193595913
0.34062795238585025
0.35258060704314936
0.3622657332982371
0.32964261892986896
0.2774575717125446
0.22079963800876967
0.0
0.0
0.0
0.0
0.0
0.0
0.0
0.0
0.0
0.09423626244725632
0.059118548731153325
0.054582327222973286
0.07027286240771714
0.08465117797979686
0.09210487692072561
0.09851065847030913
0.1367814458206666
0.1735139942307907
0.21358399959947935
0.21829566037928552
0.19311731958305106
0.19181239286446744
0.19469202105253858
0.16111336445402585
0.0
0.0
0.0
0.0
0.0
0.0
0.0
0.0
0.0
0.05318060181161454
0.041584676809345654
0.05811999517094171
0.08355523312024692
0.09334517222456845
0.11241678512825758
0.1418743899081483
0.13919069940015733
0.13677958994473052
0.11041469952950517
0.0693562988956945
0.05515648297310475
0.03784035884392686
0.038396870487809695
0.03160459012040137
0.0
0.0
0.0
0.0
0.0
0.0
0.0
0.0
0.0
0.0
0.0
0.0
0.0
0.0
0.0
0.0
0.0
0.0
0.0
0.0
0.0
0.0
0.0
0.0
0.0
0.0
0.0
0.0
0.0
0.0
0.0
0.0
0.0
0.0
0.0
0.0
0.0
0.0
0.0
0.0
0.0
0.0
0.0
0.0
0.0
0.0
0.0
0.0
0.0
0.0
0.0
0.0
0.0
0.0
0.0
0.0
0.0
3.7371298382898215e-05
0.005253685804728917
0.01175217642943442
0.029912535039249243
0.04103914557491918
0.049719328615273915
0.06047401225884689
0.08354222270456521
0.11454709064921748
0.09541458743485054
0.056551622434924786
0.07523147807414346
0.08066384903871958
0.06614535542994913
0.08430352879416608
0.0
0.0
0.0
0.0
0.0
0.0
0.0
0.0
0.0
0.0
0.0
0.0
0.0
0.0
0.0
0.0
0.0
0.0
0.0
0.0
0.0
0.0
0.0
0.0
0.0
0.0
0.0
0.0
0.0
0.0
0.0
0.0
0.0
3.4521105092987003e-05
0.03333638908262319
0.04278452021004507
0.04973523687147923
0.06755579649156186
0.08058999590795628
0.09843339169099277
0.11631443956536756
0.0911979114086567
0.08856033899336883
0.10429652746560777
0.09114030434066822
0.09119966227776612
0.0968859313183843
0.08945174164395255
0.0
0.0
0.0
0.0
0.0
0.0
0.0
0.0
0.0
0.010830018351934279
0.02449491558187461
0.045872233664233514
0.06092347218014467
0.05676334603230659
0.07170236524224546
0.0994497282302721
0.12447134182084012
0.14171773394205073
0.16323002350864962
0.20649756963635352
0.2241568100476041
0.16040570332779178
0.13483397989124138
0.17356683062286266
0.0
0.0
0.0
0.0
0.0
0.0
0.0
0.0
0.0
0.017104483954776702
0.058693650232685496
0.056327292313352005
0.07946325874976737
0.11081331166049985
0.1867292210403161
0.23506226316240159
0.27055403597897576
0.30984726340210106
0.3501227588768022
0.3783430708931947
0.39260610160939663
0.22314911008228763
0.1904121691445301
0.23780380820398267
0.0
0.0
0.0
0.0
0.0
0.0
0.0
0.0
0.0
0.0
0.0
0.0
0.0
0.0
0.0
0.0
0.0
0.094153363239977
0.19022154864974758
0.1695124530752205
0.0900313092341517
0.0
0.0
0.0
0.0
0.0
0.0
0.0
0.0
0.0
0.0
0.0
0.0
0.0
0.0
0.0
0.0
0.0
0.0
0.0
0.0
0.0
0.0
0.0
0.0
0.0
0.0
0.0
0.0
0.0
0.0
0.0
0.0
0.0
0.0
0.0
0.0
0.02698648788412575
0.027712407551745706
0.022966161009868032
0.03486759053655993
0.06866002303365143
0.09240159739949041
0.11289356297093911
0.1256081430336009
0.1422384783755151
0.16121857763678193
0.1677692998798823
0.17589343088560508
0.1626201277935788
0.15114323979314237
0.18864318672692704
0.0
0.0
0.0
0.0
0.0
0.0
0.0
0.0
0.0
0.07919820352336117
0.09956789723346596
0.07363746734430641
0.10186703990564036
0.13039327670487993
0.1550267186326031
0.152957236005663
0.15332518753188057
0.1663646748351552
0.19444095466166042
0.23866121796950937
0.2192808278981469
0.16797372542717298
0.1364472627250092
0.12053045705925367
0.0
0.0
0.0
0.0
0.0
0.0
0.0
0.0
0.0
0.017242724014616465
0.016050018848918327
0.008135625575334189
0.007721018124806255
0.007413716382094951
0.01846943696971428
0.02876037377703972
0.04873715228974764
0.08123414323107712
0.09931307164394207
0.10795246737342387
0.12201116566448608
0.11195014956270195
0.09233525668938956
0.11166749579487806
0.0
0.0
0.0
0.0
0.0
0.0
0.0
0.0
0.0
0.015933997176477786
0.0332543001259139
0.03503459641316768
0.052219210133670535
0.06953642995392173
0.0928974838290143
0.11741696568628922
0.13987145322646866
0.16634909105665102
0.19756046041238223
0.21409651366075538
0.22571199656831206
0.16828027938247372
0.1560813490453024
0.18949703014151723
0.0
0.0
0.0
0.0
0.0
0.0
0.0
0.0
0.0
0.05263032796894743
0.06117678986804673
0.03926217598083381
0.052347761440201465
0.07762907921706191
0.0988024663891134
0.14525990371341715
0.16269447216976587
0.18794619138515975
0.2442436313884777
0.28352893141145386
0.32602004301873067
0.20720688546453211
0.19547874461033296
0.24391448486999448
0.0
0.0
0.0
0.0
0.0
0.0
0.0
0.0
0.0
0.0
0.0
0.0
0.0
0.0
0.0
0.0
0.0
0.0
0.19796143178499423
0.29397945768739236
0.22994349534867706
0.3129205442798306
0.3004483750505304
0.0
0.0
0.0
0.0
0.0
0.0
0.0
0.0
0.0
0.0
0.0
0.0
0.0
0.0
0.0
0.0
0.0
0.0
0.0
0.0
0.0
0.0
0.0
0.0
0.0
0.0
0.0
0.0
0.0
0.0
0.0
0.0
0.0
0.0
0.060937855660849326
0.07318564621193965
0.049706160571694344
0.06553390611774738
0.08324767402652108
0.08984772562290824
0.08744565152783933
0.10115965561470307
0.12681390181484528
0.12618463023458232
0.13015909852862045
0.12309861077762232
0.09590712306641216
0.08170505817391656
0.1055044438163157
0.0
0.0
0.0
0.0
0.0
0.0
0.0
0.0
0.0
0.013956750818868102
0.06094754828097577
0.05515745900208314
0.06515991021023494
0.09155017101436311
0.1037794894670473
0.11572950996811138
0.1137774280274619
0.1611337040500534
0.20162263091665386
0.2115718364615955
0.19689783189750998
0.15261862688410777
0.11452774768951281
0.1605113971449521
0.0
0.0
0.0
0.0
0.0
0.0
0.0
0.0
0.0
0.03439184755066483
0.07718073270296491
0.05006334966981172
0.0738748777473391
0.09168783440011738
0.12448104090445967
0.15946950691165981
0.20807154915905787
0.24027481972887899
0.27393563534469356
0.29780628522641656
0.3048353328850378
0.19375629281604181
0.17577756638034106
0.1953752026223455
0.0
0.0
0.0
0.0
0.0
0.0
0.0
0.0
0.0
0.040347495281858874
0.10109803034104936
0.07681290143183538
0.08896773819218531
0.10048855589063316
0.13917411225358375
0.22644522382120316
0.31128243003730544
0.35809544014121747
0.3700424488411698
0.39850549466990215
0.4424984347573062
0.2778366602197041
0.20233634133592776
0.21775931667101286
0.0
0.0
0.0
0.0
0.0
0.0
0.0
0.0
0.0
0.042001527437715167
0.0639734522229073
0.04730174469258911
0.0741987850822861
0.09283893284380881
0.1083060650823756
0.13163371843024188
0.16598432435208763
0.17213255890416732
0.19686282554751172
0.24440411451170108
0.28951593385471497
0.1926973152375962
0.18317760314503584
0.20060029471982907
0.0
0.0
0.0
0.0
0.0
0.0
0.0
0.0
0.0
0.0
0.0
0.0
0.0
0.0
0.0
0.0
0.086647275142074
0.20534223832148224
0.32673104436333905
0.26784939024957605
0.3251909082716924
0.3227385018042343
0.16935418615235565
0.12725746418351563
0.0
0.0
0.0
0.0
0.0
0.0
0.0
0.0
0.0
0.0
0.0
0.0
0.0
0.0
0.0
0.0
0.22498152421504308
0.33319973630816146
0.35384479037958405
0.2674849888850739
0.333171330835019
0.34480372423435085
0.25055815914331564
0.18999838110567757
0.0
0.0
0.0
0.0
0.0
0.0
0.0
0.0
0.0
0.11645255540708863
0.17214821092199412
0.16167527381042368
0.24602489127066846
0.29066364968944053
0.3456288145575133
0.37534878673270644
0.4203384988894196
0.4571413751536151
0.48706585149210135
0.48992123398071374
0.48813366513721523
0.3550308175136388
0.33440994019126213
0.3234646934395784
0.0
0.0
0.0
0.0
0.0
0.0
0.0
0.0
0.0
0.06323507182577372
0.05845129905420224
0.03643128113875548
0.04874471746211686
0.07502429511650135
0.10353486024405423
0.1263593511775556
0.1738498242617855
0.22241448569772582
0.25445004727611403
0.30773689720400754
0.3927244070299335
0.23192423464740167
0.19530221545916857
0.24113977632363137
0.0
0.0
0.0
0.0
0.0
0.0
0.0
0.0
0.0
0.03310863807246962
0.03994373497690141
0.03019616524684272
0.03891544840772887
0.04771330008387612
0.061147595084488957
0.10271506152680751
0.13037601290541356
0.154860165380913
0.20300755893156064
0.24657422256927963
0.2971821014002507
0.222110423624766
0.21779463744278274
0.29234446997985014
0.0
0.0
0.0
0.0
0.0
0.0
0.0
0.0
0.0
0.02742486939439771
0.058030052648919424
0.05247649516553434
0.07772036772401342
0.10528179558794963
0.14202977343704462
0.18901441247401643
0.25926471221947717
0.3036736438395251
0.34348091157140676
0.393600065715961
0.4345423047713816
0.27550938853879564
0.24595674248079183
0.2806416611164645
0.0
0.0
0.0
0.0
0.0
0.0
0.0
0.0
0.0
0.07656133055317069
0.08716716227647878
0.050920248325395476
0.07907553666053688
0.10695165758868368
0.12951756323983868
0.17422684221949164
0.23514556910709772
0.18172854235755573
0.14535448105802237
0.1502813510102167
0.1817750971139351
0.1630528734915394
0.1342721319687954
0.15480725192490663
0.0
0.0
0.0
0.0
0.0
0.0
0.0
0.0
0.0
0.0
0.0
0.0
0.0
0.0
0.0
0.0
0.0
0.049472942228497345
0.21467778929210807
0.1952180351936946
0.26796969193360853
0.17512731865787678
0.0898522995602909
0.0
0.0
0.0
0.0
0.0
0.0
0.0
0.0
0.0
0.0
0.0
0.0
0.0
0.0
0.0
0.0
0.21472145175207627
0.23092022783731572
0.344622878468117
0.3436658975800894
0.30631443006664233
0.3608028974305676
0.331103949505915
0.266967337611249
0.17419585104830457
0.0
0.0
0.0
0.0
0.0
0.0
0.0
0.0
0.0
0.17413086494005672
0.21397193498924363
0.17277827096463044
0.21835538145118968
0.26823822110693546
0.34802727351188106
0.3875534208613131
0.41066385083310625
0.4460458486790786
0.47001970041777
0.4824782095456853
0.5038852109917129
0.335194932459343
0.24974578067784484
0.2638365814935904
0.0
0.0
0.0
0.0
0.0
0.0
0.0
0.0
0.0
0.015287556175128057
0.0443385547692594
0.05681292993554837
0.061829170899133354
0.0897001972941201
0.11079564791077282
0.09683997360310155
0.09603547932985647
0.1257527260805517
0.15978428782062368
0.1695311335634679
0.14703936332729853
0.1072657509591054
0.08577130793297619
0.10077281276267726
0.0
0.0
0.0
0.0
0.0
0.0
0.0
0.0
0.0
3.644604807492696e-05
0.039760231411437544
0.05005719701579227
0.07121142973688879
0.08254536872447013
0.10575364073269795
0.11945513233930248
0.14074410025719025
0.14359937988116164
0.14505519642473505
0.13872897478697793
0.1391382905459613
0.12592733862534788
0.11202066860654138
0.13740751537970977
0.0
0.0
0.0
0.0
0.0
0.0
0.0
0.0
0.0
0.10175513889261358
0.12822940893417184
0.08384948557388841
0.09737966743433929
0.10672690112692479
0.12804535770803946
0.13209216597778242
0.14970820619742978
0.17040537326425675
0.18472061337999784
0.21849252210637557
0.2301914231887263
0.17418938059853528
0.1610672063666765
0.20632242674991308
0.0
0.0
0.0
0.0
0.0
0.0
0.0
0.0
0.0
0.06609067124315501
0.07793445772909295
0.05115612492275193
0.0975386278440918
0.12157150265521792
0.12695285720985675
0.14906911702428907
0.2157578681063461
0.2742142204561851
0.3126991174258678
0.3307042195047802
0.3505009942983654
0.21445125307076365
0.19634425182142934
0.22027641921131277
0.0
0.0
0.0
0.0
0.0
0.0
0.0
0.0
0.0
0.0
0.0
0.0
0.0
0.0
0.0
0.0
0.2789662281411726
0.35042831455874107
0.2945740222413789
0.3723962419754666
0.34261940333214513
0.26532239239439637
0.33142731332059633
0.10561180513430095
0.0
0.0
0.0
0.0
0.0
0.0
0.0
0.0
0.0
0.0
0.0
0.0
0.0
0.0
0.02539526756098436
0.2850039697413574
0.3308842312491046
0.32088154341460445
0.3905402994255131
0.3763094101713365
0.32937699938423454
0.3777589873846087
0.33185089396500195
0.24066818931686265
0.0
0.0
0.0
0.0
0.0
0.0
0.0
0.0
0.0
0.14310192432066549
0.16279899905096287
0.12766827857750995
0.16967959322651505
0.22627984168821752
0.28180937003494605
0.3333452485429615
0.37077726997968646
0.4045076809774919
0.4395729354499644
0.4443933621351614
0.4675337885743369
0.29577983675289665
0.2254547334754289
0.26631680069391
0.0
0.0
0.0
0.0
0.0
0.0
0.0
0.0
0.0
0.0896073105331133
0.1487070499447122
0.10982608018713978
0.10079075580212168
0.08822812889396008
0.14366567783863854
0.18983849307884879
0.2645884275502903
0.3133638347693051
0.3295993031597138
0.3844039664181026
0.43741123819146305
0.29392815145294654
0.2606552833497562
0.27295729270911673
0.0
0.0
0.0
0.0
0.0
0.0
0.0
0.0
0.0
0.0530992528470503
0.06695828658140791
0.049072252528684975
0.06435487149343541
0.07968536875794444
0.09215000177314497
0.12091424306793061
0.1481686304055979
0.18964917147914032
0.21165227159310596
0.2339826450124212
0.2674910334364486
0.1829740606078631
0.15434572471848731
0.13497831213841746
0.0
0.0
0.0
0.0
0.0
0.0
0.0
0.0
0.0
4.96064204441179e-05
0.010150070707474949
0.024764980522619308
0.039604782368485164
0.05328215842016152
0.0693177096868075
0.09379278188812906
0.11333220335062998
0.14366022853392407
0.17235560086173568
0.22252302170628635
0.2570482874031307
0.1819090918193088
0.14194291744367837
0.15171734491732267
0.0
0.0
0.0
0.0
0.0
0.0
0.0
0.0
0.0
3.316065448114157e-05
0.01812932611822853
0.04135591782480085
0.07391672015425833
0.09840216188945579
0.11858574891477974
0.1396223812024518
0.17086693570722267
0.22169399488467578
0.2447247532631749
0.25570501420302955
0.30733227688252024
0.20015284285556686
0.18262199933634363
0.18101404147596234
0.0
0.0
0.0
0.0
0.0
0.0
0.0
0.0
0.0
0.0
0.0
0.0
0.0
0.0
0.0
0.0
0.0
0.0
0.13293150528417338
0.0
0.058847303406875336
0.10378180716302815
0.0
0.0
0.0
0.0
0.0
0.0
0.0
0.0
0.0
0.0
0.0
0.0
0.0
0.0
0.0
0.0
0.0
0.08909914082780176
0.23711622218244752
0.25948529062826503
0.2259743696365275
0.2927789421112936
0.287824887091139
0.18400762974882942
0.0
0.0
0.0
0.0
0.0
0.0
0.0
0.0
0.0
0.0
0.0
0.11911870189237982
0.12999838811614992
0.08788778583862292
0.10484543405641054
0.10513649382226072
0.1315560675246702
0.1630620099282275
0.1976993700802002
0.21285097147088913
0.17394552359536627
0.12259359494841672
0.09716005723543929
0.0918217460678629
0.07577881173079125
0.08849361205417476
0.0
0.0
0.0
0.0
0.0
0.0
0.0
0.0
0.0
0.030193323868250948
0.03893816811458738
0.02886651886207235
0.03221461301807466
0.04416684232077641
0.07254021398559139
0.09949839788552425
0.12010578470570832
0.15746386529497247
0.18737636883340453
0.1815556511877584
0.18137056179666614
0.15862938801278204
0.14308474720207778
0.17389447254825696
0.0
0.0
0.0
0.0
0.0
0.0
0.0
0.0
0.0
0.057588242077626646
0.06753093028962838
0.049155237776501604
0.05755418630229382
0.060190024014168515
0.07828851174080687
0.09574335159126078
0.10055129245049398
0.1005436942206628
0.106334092639716
0.11098034358146047
0.12320366660321012
0.11755740225566917
0.11506709967551809
0.1482441050544378
0.0
0.0
0.0
0.0
0.0
0.0
0.0
0.0
0.0
0.06095432812066029
0.09299516905269466
0.06933844627862544
0.09084566037352514
0.1128350301000035
0.13225772312652012
0.15723792769810035
0.23586077176478012
0.2832777314833388
0.30720972254066187
0.3092604817175978
0.29800570603915283
0.1870576369241794
0.16374233319998735
0.1797777351087674
0.0
0.0
0.0
0.0
0.0
0.0
0.0
0.0
0.0
0.062434313385172475
0.10703923611909504
0.0910073273174018
0.12402024295775016
0.15129889888569528
0.20259644500842597
0.2637691156544413
0.31864176924518706
0.3674427222004895
0.40549081808913
0.4250110653499838
0.4553311763888066
0.31954288251690066
0.25744264022073254
0.28307118289897637
0.0
0.0
0.0
0.0
0.0
0.0
0.0
0.0
0.0
0.0
0.0
0.0
0.0
0.0
0.0
0.0
0.0
0.0
0.0
0.0
0.0
0.0
0.0
0.0
0.0
0.0
0.0
0.0
0.0
0.0
0.0
0.0
0.0
0.0
0.0
0.0
0.0
0.0
0.0
0.0
0.0
0.20333733546387694
0.0
0.0722053957421432
0.0
0.0
0.0
0.0
0.0
0.0
0.0
0.0
0.0
0.0
0.0
0.0
0.0
0.1967212060108639
0.20205591082073052
0.12643357794071225
0.13548028023169936
0.1408218867450669
0.16370887940943135
0.17524901300112014
0.19680624149939163
0.19512232042090397
0.20070233106647076
0.1981853324023589
0.20839027204368787
0.17322793961975633
0.15406628927970153
0.2077557770526372
0.0
0.0
0.0
0.0
0.0
0.0
0.0
0.0
0.0
0.01211688071439704
0.01916141028364684
0.03834388277300985
0.05247934469124918
0.0625919145177984
0.09814827677861128
0.11349132009479512
0.14816987297206416
0.1931575108079197
0.2198486149425143
0.19183560563127458
0.16994285034376483
0.1526702291178378
0.1344171004494065
0.13889360873232395
0.0
0.0
0.0
0.0
0.0
0.0
0.0
0.0
0.0
0.061796026295236485
0.06095202129893794
0.03840704440369789
0.05369910317294129
0.06002059273747678
0.08130518834118204
0.11976494234265644
0.15621043955747493
0.16564608007714973
0.18006027736483607
0.195764126796688
0.1744630191872227
0.15366739497170998
0.14525160994991151
0.17427069025556965
0.0
0.0
0.0
0.0
0.0
0.0
0.0
0.0
0.0
0.006698383475571591
0.017295207663471757
0.019604304929354454
0.03005607182445184
0.04367800015984905
0.07238673676181236
0.08057674492870585
0.08971692261455957
0.10375168095491433
0.12278443643070693
0.1281692168290916
0.13150992395243685
0.11992363017289481
0.10757344248782791
0.15089563764530617
0.0
0.0
0.0
0.0
0.0
0.0
0.0
0.0
0.0
0.030740760579852117
0.04848541677657234
0.061486439383667595
0.08268998075940613
0.10107020831251781
0.11777881094043631
0.13928512833018683
0.17179828111916257
0.2038968784586237
0.2294043542518729
0.25575803428752664
0.2814715665159071
0.19172986085517224
0.16755622115613247
0.1847787251311496
0.0
0.0
0.0
0.0
0.0
0.0
0.0
0.0
0.0
0.0
0.0
0.0
0.0
0.0
0.0
0.0
0.30235041046420835
0.3146359032451929
0.27152004854259915
0.3415685001555714
0.3152021076518653
0.27123162747548013
0.17804943133275927
0.0
0.0
0.0
0.0
0.0
0.0
0.0
0.0
0.0
0.0
0.0
0.0
0.0
0.0
0.0
0.0
0.0
0.0
0.19979684144776405
0.17243308426960163
0.0
0.0
0.0
0.0
0.0
0.0
0.0
0.0
0.0
0.0
0.0
0.0
0.0
0.0
0.07487956398086054
0.0791804123733893
0.051368902598100126
0.05576666384367912
0.05378499068499402
0.06990238256676996
0.09520016549717597
0.12341012688880888
0.16358535015301887
0.19111074555470176
0.21013364202723414
0.24824219882212833
0.18720052663402445
0.1561928262329018
0.1649433692597203
0.0
0.0
0.0
0.0
0.0
0.0
0.0
0.0
0.0
0.0498137900614216
0.04922799164835862
0.04059855036641685
0.08375865776219353
0.11471014838478186
0.14832680332211992
0.1689727076263477
0.20369982708629972
0.2798093105513374
0.32533022097835695
0.3377914281780965
0.3078467928091523
0.19977804236478627
0.17542004998107458
0.22642669390031953
0.0
0.0
0.0
0.0
0.0
0.0
0.0
0.0
0.0
0.04196436096730569
0.03740483971521381
0.016075084112474287
0.025410415436290506
0.03789779054926274
0.057869738283931944
0.07064171955598399
0.07531730842642909
0.08960076034690474
0.0990396851237082
0.11778510059569842
0.14478441641761042
0.12387287192089864
0.09177022397029266
0.08768606105614753
0.0
0.0
0.0
0.0
0.0
0.0
0.0
0.0
0.0
0.059915863233664005
0.07198484913332778
0.04911416592253724
0.05177452407666793
0.06080796334501235
0.07936493575985937
0.11204972471760301
0.11497151282358126
0.11007612158011522
0.1087784492834046
0.11101296828182124
0.12328386822693368
0.1166021402446186
0.09178906314418381
0.09474262386634648
0.0
0.0
0.0
0.0
0.0
0.0
0.0
0.0
0.0
0.0392230251506214
0.08144233360135493
0.09497196302581147
0.13541041221973643
0.19358607404354608
0.2649000529566247
0.3276137102600008
0.38909334059960327
0.42469054615927354
0.45066647968349566
0.4644460463611061
0.47481748828757264
0.3142687379080534
0.22453037314251315
0.23769846535839537
0.0
0.0
0.0
0.0
0.0
0.0
0.0
0.0
0.0
0.0
0.0
0.0
0.0
0.0
0.2509320671972769
0.3646209312738923
0.3805157595986473
0.3672731174366619
0.43693114794441174
0.41897143627529126
0.3874967030894581
0.4191498885220834
0.3425119832284018
0.2424170273973026
0.19249356655062297
0.09063157809177276
0.0
0.0
0.0
0.0
0.0
0.0
0.0
0.0
0.0
0.0
0.0
0.1891193504653795
0.3205559431544406
0.3427507528673829
0.37013572300250025
0.39518709774869915
0.40034978313549935
0.41157491929254025
0.3934362979979956
0.3591592652416786
0.3147652541712637
0.2467033999293295
0.0694422424254925
0.0
0.0
0.0
0.0
0.0
0.0
0.0
0.0
0.0
0.0
0.0
0.0
0.0
0.0
0.0
0.20059811070535308
0.28405524324810194
0.24541978493701466
0.32129741571444953
0.3406690215422072
0.2585780027666981
0.0
0.0
0.0
0.0
0.0
0.0
0.0
0.0
0.0
0.0
0.0
0.03131225205642733
0.014524904839147697
0.01152956709020431
0.01898173693331492
0.02457781485459651
0.03382499763761262
0.03625942691900779
0.04518535485773255
0.04977069455589156
0.04807816527795681
0.04449415911898131
0.04192311013626541
0.030681777807314337
0.02218561530734372
0.022983597980814046
0.0
0.0
0.0
0.0
0.0
0.0
0.0
0.0
0.0
0.0039039466572918886
0.0034976477825912353
0.008315216217218108
0.013449521311953325
0.030537091710985405
0.04878464180882802
0.08585982291362138
0.12028744406252577
0.12413514289035103
0.14520585741547726
0.1418231332872389
0.13246749881690165
0.08443400639047707
0.0461677326147787
0.030849612563931067
0.0
0.0
0.0
0.0
0.0
0.0
0.0
0.0
0.0
0.02730310078423797
0.01764976615358144
0.028133195265285744
0.04829352118432643
0.058484765928666624
0.09467144398153847
0.12818205769970867
0.14820254650047715
0.20220908249129224
0.23771163629453854
0.24278570082530224
0.23087439878534824
0.2004901992782086
0.11056763321897184
0.0818625375007086
0.0
0.0
0.0
0.0
0.0
0.0
0.0
0.0
0.0
0.0
0.0
0.01347996893775621
0.031804257907476645
0.06584795374715424
0.10201128837676769
0.14562369738596717
0.1769243379107075
0.21986952957685718
0.26744499349159256
0.278432968256351
0.275170656795622
0.17650439835309994
0.08746653875431129
0.06897294824091363
0.0
0.0
0.0
0.0
0.0
0.0
0.0
0.0
0.0
0.0
0.0
0.0
0.0
0.0
0.0
0.0
0.06668436384252825
0.07220369689217554
0.19289953247226121
0.08765166462001504
0.08652156409353216
0.05900308155419649
0.0
0.0
0.0
0.0
0.0
0.0
0.0
0.0
0.0
0.0
0.0
0.0
0.0
0.0
0.0
0.0
0.0
0.0
0.0
0.1196921736570189
0.0803322867948553
0.08714114892221364
0.0867947581738516
0.08478315726065232
0.0
0.0
0.0
0.0
0.0
0.0
0.0
0.0
0.0
0.0
0.0
0.0
3.2003777789198887e-06
0.007266767819893915
0.0289895195598956
0.04900122669019765
0.09235523156185994
0.12763503961276515
0.1551798716141919
0.18584394536514132
0.22239075385770907
0.24751625198357918
0.23031209155040158
0.18332407363293568
0.10069383192772201
0.05342519651410142
0.0
0.0
0.0
0.0
0.0
0.0
0.0
0.0
0.0
0.0
0.0050165503412035045
0.025738432279842127
0.05690928440127358
0.10052261574486462
0.15944704154920092
0.2320293071092542
0.2710634448378583
0.29219989179798206
0.32631424275490534
0.35005444621170617
0.3368256584981857
0.2791278437138147
0.1980837889365924
0.1389927611692543
0.0
0.0
0.0
0.0
0.0
0.0
0.0
0.0
0.0
0.037957406543355506
0.024117726136428676
0.04636264728038103
0.08191125992293896
0.14607239597339278
0.21076729826916923
0.2865941058783003
0.3285628419221339
0.34794542281881075
0.38020330538987207
0.39767054935130086
0.40021415536489785
0.3457559790018584
0.26598566675454305
0.22005365521410505
0.0
0.0
0.0
0.0
0.0
0.0
0.0
0.0
0.0
0.03494015480406103
0.03439784680603021
0.05273969630950835
0.09405569751606105
0.1332871593542756
0.1991739517098453
0.2565459293462594
0.29488859842176585
0.3261967264762945
0.35467364920334704
0.3673198310260429
0.3735322714577211
0.30251073938851875
0.17037442404653083
0.08419401889983394
0.0
0.0
0.0
0.0
0.0
0.0
0.0
0.0
0.0
0.0
0.005374817529884121
0.010888532928119123
0.016165048066716283
0.021455762340432106
0.028874742103375386
0.033713405304589286
0.040597028489866196
0.04428157822440262
0.046570013359370714
0.043239871758829714
0.04143439859126105
0.03052067772597274
0.013418698979721594
0.009069108231765136
0.0
0.0
0.0
0.0
0.0
0.0
0.0
0.0
0.0
0.0
0.0
0.0
0.0
0.0
0.0
0.0
0.0
0.0
0.0
0.0
0.0
0.0
0.0
0.0
0.0
0.0
0.0
0.0
0.0
0.0
0.0
0.0
0.0
0.0
0.0
0.0
0.0
0.0
0.0
0.0
0.0
0.0
0.0
0.0
0.0
0.0
0.0
0.0
0.0
0.0
0.0
0.0
0.0
0.0
0.0
0.0
0.0
0.0
2.610380837640135e-06
3.5811069691852415e-06
6.840499653996921e-06
4.743379645562303e-06
0.00253545427930703
0.004568965592886187
0.012932232000359348
0.020451537176421994
0.02688291424463416
0.02282671978672045
0.024668158391915135
0.003403863274650223
0.0
0.0
0.0
0.0
0.0
0.0
0.0
0.0
0.0
0.0
0.0
0.0
0.0
5.299378828980841e-06
0.0025988850775289494
0.007235932902096609
0.01588264285233021
0.030823864122523994
0.054114749678047816
0.07566944802681908
0.04414819513900493
0.038183841334549856
0.03992848905511988
0.02785320733582043
0.021569220897838717
0.014142354251178706
0.0
0.0
0.0
0.0
0.0
0.0
0.0
0.0
0.0
0.0
3.3022665226767688e-06
5.365247517579829e-06
0.010556603518529302
0.024817188228786643
0.03272605546500611
0.052248144640019804
0.08349982333768825
0.10522757701753442
0.12604807908578453
0.124175868707279
0.09856912757204331
0.06847869682825782
0.033126836255332213
0.015294415963602195
0.0
0.0
0.0
0.0
0.0
0.0
0.0
0.0
0.0
0.0
2.857543099720042e-06
5.196740246192792e-06
0.0032280272886010173
0.009333387506015922
0.02386534514398858
0.05016461898511651
0.08639025667419213
0.11247154781651957
0.1318668379425209
0.1414804257523245
0.1271304349879093
0.07333600805179842
0.027725301135509754
0.018241757730793083
0.0
0.0
0.0
0.0
0.0
0.0
0.0
0.0
0.0
0.0
0.0
4.591018412634628e-06
0.0
5.639601881235182e-06
0.0
0.0
0.010808600068912865
0.025771565052529484
0.0422202889291977
0.04495694439646444
0.04490929075827827
0.029694531934904338
0.00516382267306153
0.0
0.0
0.0
0.0
0.0
0.0
0.0
0.0
0.0
0.0
0.0
0.0
0.0
0.0
0.0
0.0
0.0
0.0
0.0
0.0
0.0
0.0
0.0
0.0
0.0
0.0
0.0
0.0
0.0
0.0
0.0
0.0
0.0
0.0
0.0
0.0
0.0
0.0
0.0
0.0
0.0
0.0
0.0
0.0
0.0
0.0
0.0
0.0
0.0
0.0
0.0
0.0
0.0
0.0
0.0
0.0
0.0
0.0
0.02403578929293598
0.018472854345595834
0.016123580771749333
0.016581125832284303
0.01656378819863456
0.0200420966068402
0.034273412391395135
0.02698842167200439
0.019761235775023298
0.02218571600959458
0.02621406911492098
0.02919957600182296
0.014593251321364398
0.0019511072819489638
0.003577336818351228
0.0
0.0
0.0
0.0
0.0
0.0
0.0
0.0
0.0
0.0
0.0
0.0026843790141230423
0.010629020420278265
0.018356833838515402
0.03015234842931263
0.040647424492550904
0.03172042474342947
0.0157751917930405
0.021789456307970093
0.0301417303581683
0.020697106142157633
0.008630163566612727
0.006108592121942028
0.005967798633537045
0.0
0.0
0.0
0.0
0.0
0.0
0.0
0.0
0.0
0.0
0.0
5.178704749359114e-06
0.004927036940244047
0.021305366803056277
0.04052758580291544
0.0725995676486229
0.08556577526649009
0.06340192977613891
0.07976553321487075
0.08073471500476312
0.05912965497873007
0.03789653692236431
0.01887545014975301
0.0049359109519427034
0.0
0.0
0.0
0.0
0.0
0.0
0.0
0.0
0.0
0.0
0.0
4.701236935257449e-06
0.00883385269702025
0.041644454237978246
0.08852983807911224
0.11667828368369357
0.13653192432978895
0.1519060119503494
0.17478593201584688
0.19914587167300637
0.19657748433776426
0.12430685814983537
0.08607333078231962
0.08928278655655165
0.0
0.0
0.0
0.0
0.0
0.0
0.0
0.0
0.0
0.0
3.1445096137255716e-06
0.0034295366856187215
0.020877969327900606
0.045913351730444404
0.08890887729150823
0.14401252077415644
0.19869673055427914
0.24338376270802997
0.26655615726391496
0.2741214871377642
0.2520752139774422
0.1635096165124829
0.08382732712977724
0.05658718425318265
0.0
0.0
0.0
0.0
0.0
0.0
0.0
0.0
0.0
0.0
0.0
0.0
0.0
0.0
0.007830787724153897
0.20184715268739734
0.21875176430448878
0.25260854239102054
0.30016377306959663
0.2423186695432606
0.1848210246810351
0.10113814667162167
0.0
0.0
0.0
0.0
0.0
0.0
0.0
0.0
0.0
0.0
0.0
0.0
0.0
0.0
0.0
0.0
0.0
0.0
0.0
0.0
0.0
0.09881254196603675
0.0
0.0
0.0
0.0
0.0
0.0
0.0
0.0
0.0
0.0
0.0
0.0
0.0
0.0
0.0
5.420891880218717e-06
0.015142156498218208
0.020612920283044643
0.055687360271142856
0.0937622039829739
0.09149574060938379
0.11701569008228355
0.13651015932763058
0.13887279144743325
0.10346752442014946
0.049876959024524964
0.029384339005137632
0.02343930653807595
0.0
0.0
0.0
0.0
0.0
0.0
0.0
0.0
0.0
0.0
0.0
4.558586949674855e-06
3.1232267554074383e-06
0.01112269309273993
0.036615815208606725
0.07628197121691771
0.11836283189530544
0.1323905316293181
0.14158720424554738
0.15387844290098296
0.14451831067129886
0.07606234642489065
0.033671623212481426
0.02242529083651837
0.0
0.0
0.0
0.0
0.0
0.0
0.0
0.0
0.0
0.0
0.0
6.038593316445619e-06
0.0
5.214571371517566e-06
0.0
0.0
0.010492347909831586
0.021712868812951848
0.025811984611350633
0.02475610020930793
0.03218918839899408
0.029020533502259846
0.020129463287250786
0.010470944254488919
0.0
0.0
0.0
0.0
0.0
0.0
0.0
0.0
0.0
0.0
0.0
0.00580970145279846
0.02308218832245787
0.03157680331508923
0.046684565620219325
0.05292991104394564
0.06253083871500137
0.06841667183849033
0.07293828211227023
0.08409115056222281
0.07126621905415435
0.04945621190376999
0.032585969167981683
0.025954231476773136
0.0
0.0
0.0
0.0
0.0
0.0
0.0
0.0
0.0
0.0
0.0
5.240688710022567e-06
0.0
0.0031841794965638743
0.012012780045557064
0.029316239571157282
0.04554795917705437
0.056612385354434185
0.052088899285102526
0.03563704847537011
0.043031107610717226
0.022810536947508186
0.0023664291490584537
0.0
0.0
0.0
0.0
0.0
0.0
0.0
0.0
0.0
0.0
0.0
0.0
0.0
0.0
0.0
0.0
0.0
0.0
0.0
0.0
0.0
0.0
0.0
0.0
0.0
0.0
0.0
0.0
0.0
0.0
0.0
0.0
0.0
0.0
0.0
0.0
0.0
0.0
0.0
0.0
0.0
0.0
0.0
0.0
0.0
0.0
0.0
0.0
0.0
0.0
0.0
0.0
0.0
0.0
0.0
0.0
0.0
0.0
0.0
0.0
0.0
0.0
0.0
0.0
0.0
0.0
0.11421693916561464
0.14067837121566643
0.11140434134149382
0.11782530644320828
0.0
0.0
0.0
0.0
0.0
0.0
0.0
0.0
0.0
0.0
0.0
0.0
0.07853349518336221
0.04383773107104953
0.03635443054938522
0.008732945808540882
5.76541955822755e-06
0.0
0.0
0.0
0.0
0.003132342849179334
0.010880979610462778
0.009877834693193251
0.0019720976216696822
0.0
0.0
0.0
0.0
0.0
0.0
0.0
0.0
0.0
0.0
0.0
0.0
0.0
4.176193891447354e-06
7.350427132079782e-06
0.0027522283146995527
0.010706849799021732
0.025928866698079034
0.037193895237451535
0.03846025724507589
0.03585240221090085
0.031163548428439807
0.0296367770588947
0.021783843452516393
0.018483734913952884
0.01057534825730474
0.0
0.0
0.0
0.0
0.0
0.0
0.0
0.0
0.0
0.0
0.0
5.2984216365129726e-06
0.0022994147436097806
0.004158355564018174
0.006666909086120341
0.011646112336655698
0.015470657419220948
0.02377411367959374
0.030492364020271646
0.026992668600338658
0.023811130417211272
0.015028160376403353
0.011732747219351207
0.002535642901312621
0.0
0.0
0.0
0.0
0.0
0.0
0.0
0.0
0.0
0.0
0.0
4.891065344594471e-06
0.0
6.42214493410632e-06
0.005562059802464849
0.012687881886461742
0.025764950180998857
0.044233998241738307
0.05271409525766971
0.047842150944105474
0.0341047637972725
0.007984549536027473
0.0
0.0
0.0
0.0
0.0
0.0
0.0
0.0
0.0
0.0
0.0
0.0
0.0
0.0
0.0
0.0
0.0
0.0
0.0
0.0
0.0
0.0
0.0
0.0
0.0
0.0
0.0
0.0
0.0
0.0
0.0
0.0
0.0
0.0
0.0
0.0
0.0
0.0
0.0
0.0
0.0
0.0
0.0
0.0
0.0
0.0
0.0
0.0
0.0
0.0
0.0
0.0
0.0
0.0
0.0
0.0
0.0
0.0
0.0
0.0
0.0
6.980921639593722e-06
6.978927800219208e-06
5.185869566072128e-06
0.0
0.0012524985554477153
0.018664965064458167
0.024157730508530772
0.03815744883154374
0.04454505889240227
0.03710321885631594
0.014748631418685794
0.0008838277742469391
0.0
0.0
0.0
0.0
0.0
0.0
0.0
0.0
0.0
0.0
0.0
0.0
5.28444935925462e-06
0.009863217076718082
0.03142409251729651
0.05630016728269904
0.10819349209235345
0.16787319919634672
0.18026407014785029
0.19753921897097335
0.22072770782154066
0.2098663748046055
0.16108789859785347
0.10635780058326091
0.06524341501396447
0.0
0.0
0.0
0.0
0.0
0.0
0.0
0.0
0.0
0.05451316029377787
0.010223978818721191
5.871175261561596e-06
0.0
5.627947264432928e-06
0.0
0.0
0.011705227439547878
0.0221685134162126
0.03460812194019733
0.03967871043241195
0.04112072217585741
0.010390735194394506
0.0
0.0
0.0
0.0
0.0
0.0
0.0
0.0
0.0
0.0
0.0
0.0
0.0
4.684029162939644e-06
0.0
5.653155054526753e-06
0.0
0.008230479812525855
0.03168458922190755
0.051027222038536255
0.048372334955263795
0.033394410284645154
0.016765325949938868
0.0021717691846285738
0.0
0.0
0.0
0.0
0.0
0.0
0.0
0.0
0.0
0.0
0.0
0.0
0.0
4.938103490171099e-06
0.0013700590003639238
0.012027124897033782
0.029914401360563832
0.046312000836455175
0.04334601387433365
0.03539169354231535
0.009007737808417588
0.0059871340967495475
0.001972278769423919
0.0
0.0
0.0
0.0
0.0
0.0
0.0
0.0
0.0
0.0
0.0
0.0
0.0
0.0
0.0
0.0
0.0
0.0
0.0
0.0
0.0
0.0
0.0
0.0
0.0
0.0
0.0
0.0
0.0
0.0
0.0
0.0
0.0
0.0
0.0
0.0
0.0
0.0
0.0
0.0
0.0
0.0
0.0
0.0
0.0
0.0
0.0
0.0
0.0
0.0
0.0
0.0
0.0
0.0
0.0
0.0
0.0
0.0
0.0
0.0
0.02166479455124061
0.01911086505005548
0.020834024821825427
0.017205461537044508
0.008464253701258582
0.004733371244825982
0.0014035952315028196
0.0
0.0
0.0
0.0
0.0
0.0
0.0
0.0
0.0
0.0
0.0
0.0
0.0
0.0
0.0
0.0
0.0
0.0
0.0
6.0359846857991355e-06
7.4422209849996755e-06
5.198361627540534e-06
0.0
0.0056144758947914925
0.011880049472906138
0.018660361715422458
0.016258817451228036
0.019356829306193812
0.011277518913304786
0.00218320998714495
0.0
0.0
0.0
0.0
0.0
0.0
0.0
0.0
0.0
0.0
0.0
0.0
0.0
4.589183109975299e-06
4.122347548696463e-06
5.465409191941585e-06
0.0
0.001953439315707744
0.008091487386896275
0.011475453001648612
0.008132798349688474
0.0017524985632109396
0.0
0.0
0.0
0.0
0.0
0.0
0.0
0.0
0.0
0.0
0.0
0.0
0.0
0.0
0.0
4.3675389009798056e-06
0.0
5.196510769870974e-06
0.0
0.0
0.0
0.0
0.0
0.0
0.0
0.0
0.0
0.0
0.0
0.0
0.0
0.0
0.0
0.0
0.0
0.0
0.0
0.0
2.323075192821779e-06
4.090238926563982e-06
0.0
4.686441920674751e-06
0.0
0.0
0.0
0.0
0.0
0.0
0.0
0.0
0.0
0.0
0.0
0.0
0.0
0.0
0.0
0.0
0.0
0.0
0.0
0.0
0.0
0.0
0.0
0.0
0.0
0.0
0.0
0.0
0.0
0.0
0.0
0.0
0.0
0.0
0.0
0.0
0.0
0.0
0.0
0.0
0.0
0.0
0.0
0.0
0.0
0.0
0.0
0.0
0.0
0.0
0.0
0.0
0.0
0.0
0.0
0.0
0.0
0.0
0.0
0.0
0.0
0.0
0.0
0.0
0.0
0.0
0.0
0.0
0.0
5.337116087781538e-06
5.766545751833495e-06
4.433923932969186e-06
0.0
0.0
0.0
0.0
0.0
0.0
0.0
0.0
0.0
0.0
0.0
0.0
0.0
0.0
0.0
0.0
0.0
0.0
0.0
0.0
0.0
5.959785698628062e-06
6.629402404049858e-06
4.648399604698874e-06
0.0
0.0
0.0
0.0
0.0
0.0
0.0
0.0
0.0
0.0
0.0
0.0
0.0
0.0
0.0
0.0
0.0
0.0
0.0
0.0
0.0
6.664381723272728e-06
7.434615056425581e-06
5.31698602373427e-06
0.0
0.0
0.0
0.0
0.0
0.0
0.0
0.0
0.0
0.0
0.0
0.0
0.0
0.0
0.0
0.0
0.0
0.0
0.0
0.0
0.0
4.8896931828638804e-06
0.0
5.546877918232089e-06
0.0
0.0
0.0
0.0022034403292445735
0.0041812665958928345
0.0005248153160746671
0.0
0.0
0.0
0.0
0.0
0.0
0.0
0.0
0.0
0.0
0.0
0.0
0.0
0.00289700415456793
0.00649237493422907
0.010611086612576232
0.01999835488372327
0.03525496689419245
0.04326054439431406
0.0457187046444138
0.051215143935758115
0.05907050209291177
0.05815275392438646
0.04940525772077448
0.04772373856003983
0.04233337004360412
0.02831608694024567
0.019174001327532022
0.0
0.0
0.0
0.0
0.0
0.0
0.0
0.0
0.0
0.0
0.0
0.0
0.0
0.0
0.0
0.0
0.0
0.06569454834817434
0.056125180397248696
0.04824843811445454
0.0
0.0
0.0
0.0
0.0
0.0
0.0
0.0
0.0
0.0
0.0
0.0
0.0
0.0
0.0
0.0
0.0
0.0
0.0
0.0
0.0
0.0
0.0
0.0
0.0
0.0
0.0
0.0
0.0
0.0
0.0
0.0
0.0
0.0
0.0
0.0
0.0
0.0
9.504153608140343e-06
2.3202562880287173e-06
5.919090115378068e-06
0.0
4.417013316351284e-06
0.0
0.0
0.0
0.0
0.0
0.0
0.0
0.0
0.0
0.0
0.0
0.0
0.0
0.0
0.0
0.0
0.0
0.0
0.0
0.0
0.0
5.535218763473146e-06
5.94266642338981e-06
4.419782191703124e-06
0.0
0.0
0.0
0.0
0.0
0.0
0.0
0.0
0.0
0.0
0.0
0.0
0.0
0.0
0.0
0.0
0.0
0.0
0.0
0.0
0.0
5.318078313383177e-06
0.0
3.939918167365073e-06
0.0
0.0
0.0
0.0
0.0
0.0
0.0
0.0
0.0
0.0
0.0
0.0
0.0
0.0
0.0
0.0
0.0
0.0
0.0
0.0
1.9713724209931963e-06
3.517161938540988e-06
5.050768623555691e-06
3.868263388997163e-06
0.0
0.0
0.0
0.0
0.0
0.0
0.0
0.0
0.0
0.0
0.0
0.0
0.0
0.0
0.0
0.0
0.0
0.0
0.0
0.0
1.925951012367507e-06
5.035569454764339e-06
5.1678787669204795e-06
3.773314346609357e-06
0.0
0.0
0.0
0.0
0.0
0.0
0.0
0.0
0.0
0.0
0.0
0.0
0.0
0.0
0.0
0.0
0.0
0.0
0.0
0.0
0.0
0.0
0.0
0.0
0.0
0.0
0.0
0.0
0.0
0.0
0.0
0.0
0.0
0.0
0.0
0.0
0.0
0.0
0.0
0.0
0.0
0.0
0.0
0.0
0.0
0.0
0.0
0.0
0.0
0.0
0.0
0.0
0.0
0.0
0.0
0.0
0.0
2.9972362790805957e-07
0.0
0.0
0.0
0.0
0.0
0.0
0.0
0.0
0.0
1.147679723885574e-05
1.3576558933808213e-06
5.6706539254344544e-06
2.898808407363071e-06
4.239244727828093e-06
0.0
0.0
0.0
0.0
0.0
0.0
0.0
0.0
0.0
0.0
0.0
0.0
0.0
0.0
0.0
0.0
0.0
0.0
0.0
0.0
0.0
7.80259832644629e-06
7.666374332537826e-06
5.975852556914083e-06
0.0
0.008058406476439506
0.012010913390252842
0.007837303283655315
0.001642838747705046
0.0
0.0
0.0
0.002271139491634783
0.012824733788065609
0.0
0.0
0.0
0.0
0.0
0.0
0.0
0.0
0.0
0.0
0.0
6.0173109586851735e-06
6.1940969878681544e-06
4.154952270457176e-06
0.0
0.0
0.0
0.0
0.0
0.0
0.0
0.0
0.0
0.0
0.0
0.0
0.0
0.0
0.0
0.0
0.0
0.0
0.0
0.0
0.0
3.4603081426429758e-06
0.0
4.071972919157056e-06
0.0
0.0
0.0
0.0
0.0
0.0
0.0
0.0
0.0
0.0
0.0
0.0
0.0
0.0
0.0
0.0
0.0
0.0
0.0
0.0
1.7832411236033402e-06
3.0614813506490586e-06
5.016749374010398e-06
3.5062477094741315e-06
0.0
0.0
0.0
0.0
0.0
0.0
0.0
0.0
0.0
0.0
0.0
0.0
0.0
0.0
0.0
0.0
0.0
0.0
0.0
0.0
0.0
0.0
0.0
0.0
0.0
0.0
0.0
0.0
0.0
0.0
0.0
0.0
0.0
0.0
0.0
0.0
0.0
0.0
0.0
0.0
0.0
0.0
0.0
0.0
0.0
0.0
0.0
0.0
0.0
0.0
0.0
0.0
0.0
0.0
0.0
0.0
0.0
0.0
0.0
0.0
0.0
0.0
0.0
0.0
0.0
0.0
0.0
1.551154829288807e-05
0.0
4.188778210551871e-06
4.687399328832658e-06
3.618252051442276e-06
0.0
0.0
0.0
0.0
0.0
0.0
0.0
0.0
0.0
0.0
0.0
0.0
0.0
0.0
0.0
0.0
0.0
0.0
0.0
0.0
1.8621919772926498e-06
4.977458111389933e-06
5.2543860550829575e-06
4.155972012539224e-06
0.0
0.0
0.0
0.0
0.0
0.0
0.0
0.0
0.0
0.0
0.0
0.0
0.0
0.0
0.0
0.0
0.0
0.0
0.0
0.0
0.0
4.994969275457595e-06
0.0
5.047020015019681e-06
0.0
0.0
0.0
0.0
0.0
0.0
0.0
0.0
0.0
0.0
0.0
0.0
0.0
0.0
0.0
0.0
0.0
0.0
0.0
0.0
0.0
0.0
0.0
0.0
0.0
0.0
0.0
0.0
0.0
0.0
0.0
0.0
0.0
0.0
0.0
0.0
0.0
0.0
0.0
0.0
0.0
0.0
0.0
3.524237159417525e-06
0.0
7.3713424806538645e-06
0.0
6.107006394464168e-06
0.0
0.0
0.0
0.0
0.0
0.0
0.0
0.0
0.0
0.0
0.0
0.0
0.0
0.0
0.0
0.0
0.0
0.0
0.0
0.0
0.0
0.0
0.0
0.0
0.0
0.0
0.0
0.0
0.0
0.0
0.0
0.0
0.0
0.0
0.0
0.0
0.0
0.0
0.0
0.0
0.0
0.0
0.0
0.0
0.0
0.0
0.0
0.0
0.0
0.0
0.0
0.0
0.0
0.0
0.0
0.0
0.0
0.0
0.0
0.0
0.0
0.0
0.0
0.0
0.0
0.0
0.0
1.3646899924419482e-05
0.0
4.273589435700005e-06
4.322406888889929e-06
3.2634478227426154e-06
0.0
0.0
0.0
0.0
0.0
0.0
0.0
0.0
0.0
0.0
0.0
0.0
0.0
0.0
0.0
0.0
0.0
0.0
0.0
0.0
0.0
0.0
0.0
2.4944751356813687e-06
0.0
0.0
0.0
0.0
0.0
0.0
0.0
0.0
0.0
0.0
0.0
0.0
0.0
0.0
0.0
0.0
0.0
0.0
0.0
0.0
0.0
0.0
0.0
0.0
0.0
0.0
0.0
0.0
0.0
0.0
0.0
0.0
0.0
0.0
0.0
0.0
0.0
0.0
0.0
0.0
0.0
0.0
0.0
0.0
2.3460669576633883e-06
5.875628848829588e-06
6.123328296091143e-06
4.878937553445896e-06
0.0
0.0
0.0
0.0
0.0
0.0
0.0
0.0
0.0
0.0
0.0
0.0
0.0
0.0
0.0
0.0
0.0
0.0
0.0
0.0
0.0
0.0
0.0
0.0
0.0
0.0
0.0
0.0
0.0
0.0
0.0
0.0
0.0
0.0
0.0
0.0
0.0
0.0
0.0
0.0
0.0
0.0
0.0
0.0
0.0
0.0
0.0
0.0
0.0
0.0
0.0
0.0
0.0
0.0
0.0
0.0
0.0
0.0
0.0
0.0
0.0
0.0
0.0
0.0
0.0
0.0
0.0
0.0
0.0
0.0
0.0
0.0
0.0
0.0
0.0
0.0
0.0
0.0
0.0
0.0
0.0
0.0
0.0
0.0
0.0
0.0
0.0
0.0
0.0
0.0
0.0
0.0
0.0
4.657200515072839e-06
5.329179191669775e-06
4.025351322074559e-06
0.0
0.0
0.0
0.0
0.0
0.0
0.0
0.0
0.0
0.0
0.0
0.0
0.0
0.0
0.0
0.0
0.0
0.0
0.0
0.0
2.643340843264303e-06
6.828623180559441e-06
6.996279698371684e-06
5.307400872297471e-06
0.0
0.0
0.0
0.0
0.0
0.0
0.0
0.0
0.0
0.0
0.0
0.0
0.0
0.0
0.0
0.0
0.0
0.0
0.0
0.0
1.944226471813257e-06
3.416845816078387e-06
5.726432010679009e-06
4.263643416639268e-06
0.0
0.0
0.0
0.0
0.0
0.0
0.0
0.0
0.0
0.0
0.0
0.0
0.0
0.0
0.0
0.0
0.0
0.0
0.0
0.0
1.901892661053793e-06
3.1858515483609507e-06
5.051744825086494e-06
4.068286756373576e-06
0.0
0.0
0.0
0.0
0.0
0.0
0.0
0.0
0.0
0.0
0.0
0.0
0.0
0.0
0.0
0.0
0.0
0.0
0.0
0.0
1.7898067817359274e-06
4.622108708287132e-06
0.0
3.851975316127827e-06
0.0
0.0
0.0
0.0
0.0
0.0
0.0
0.0
0.0
0.0
0.0
0.0
0.0
0.0
0.0
0.0
0.0
0.0
0.0
0.0
0.0
0.0
0.0
0.0
0.0
0.0
0.0
0.0
0.0
0.0
0.0
0.0
0.0
0.0
0.0
0.0
0.0
0.0
0.0
0.0
0.0
0.0
0.0
0.0
0.0
0.0
0.0
0.0
0.0
0.0
0.0
0.0
0.0
0.0
0.0
0.0
0.0
0.0
0.0
0.0
0.0
0.0
0.0
0.0
0.0
0.0
0.0
0.0
0.0
0.0
0.0
0.0
0.0
0.0
0.0
0.0
0.0
0.0
0.0
0.0
0.0
0.0
0.0
0.0
0.0
0.0
0.0
0.0
0.0
0.0
0.0
0.0
0.0
0.0
0.0
0.0
0.0
0.0
0.0
0.0
0.0
0.0
0.0
0.0
0.0
0.0
0.0
0.0
0.0
0.0
0.0
0.0
0.0
0.0
0.0
0.0
0.0
0.0
0.0
0.0
0.0
0.0
0.0
0.0
0.0
0.0
0.0
0.0
0.0
0.0
0.0
0.0
0.0
0.0
0.0
0.0
0.0
0.0
0.0
0.0
0.0
2.383333869850112e-06
0.0
3.808897282419604e-06
0.0
0.0
0.0
0.0
0.0
0.0
0.0
0.0
0.0
0.0
0.0
0.0
0.0
0.0
0.0
0.0
0.0
0.0
0.0
0.0
2.270616744259818e-06
5.733935280255162e-06
0.0
4.573919130550709e-06
0.0
0.0
0.0
0.0
0.0
0.0
0.0
0.0
0.0
0.0
0.0
0.0
0.0
0.0
0.0
0.0
0.0
0.0
0.0
0.0
0.0
0.0
0.0
0.0
0.0
0.0
0.0
0.0
0.0
0.0
0.0
0.0
0.0
0.0
0.0
0.0
0.0
0.0
0.0
0.0
0.0
0.0
0.0
0.0
0.0
0.0
0.0
0.0
0.0
0.0
0.0
0.0
0.0
0.0
0.0
0.0
0.0
0.0
0.0
0.0
0.0
0.0
0.0
0.0
0.0
0.0
0.0
0.0
0.0
0.0
5.258886402451389e-06
4.4288546302480934e-06
0.0
0.0
0.0
0.0
0.0
0.0
0.0
0.0
0.0
0.0
0.0
0.0
0.0
0.0
0.0
0.0
0.0
0.0
0.0
0.0
2.35194072222295e-06
6.179642228797955e-06
0.0
4.686521726571788e-06
0.0
0.0
0.0
0.0
0.0
0.0
0.0
0.0
0.0
0.0
0.0
0.0
0.0
0.0
0.0
0.0
0.0
0.0
0.0
0.0
2.1348500907643626e-06
5.743742540962747e-06
5.989905973140124e-06
4.451418905740456e-06
0.0
0.0
0.0
0.0
0.0
0.0
0.0
0.0
0.0
0.0
0.0
0.0
0.0
0.0
0.0
0.0
0.0
0.0
0.0
0.0
1.822537749906114e-06
3.2656637889774793e-06
5.885164149010013e-06
4.350986689874447e-06
0.0
0.0
0.0
0.0
0.0
0.0
0.0
0.0
0.0
0.0
0.0
0.0
0.0
0.0
0.0
0.0
0.0
0.0
0.0
0.0
1.8339527225913115e-06
5.013501226981508e-06
0.0
4.254643580501982e-06
0.0
0.0
0.0
0.0
0.0
0.0
0.0
0.0
0.0
0.0
0.0
0.0
0.0
0.0
0.0
0.0
0.0
0.0
0.0
0.0
0.0
0.0
0.0
0.0
0.0
0.0
0.0
0.0
0.0
0.0
0.0
0.0
0.0
0.0
0.0
0.0
0.0
0.0
0.0
0.0
0.0
0.0
0.0
0.0
0.0
0.0
0.0
0.0
0.0
0.0
0.0
0.0
0.0
0.0
0.0
0.0
0.0
0.0
0.0
0.0
0.0
0.0
0.0
0.0
0.0
0.0
0.0
0.0
0.0
0.0
0.0
0.0
0.0
0.0
0.0
0.0
0.0
0.0
0.0
0.0
0.0
0.0
0.0
0.0
0.0
0.0
0.0
0.0
0.0
0.0
0.0
1.822850780283149e-05
0.0
4.3781403814880234e-06
5.165010381420514e-06
3.854277440333945e-06
0.0
0.0
0.0
0.0
0.0
0.0
0.0
0.0
0.0
0.0
0.0
0.0
0.0
0.0
0.0
0.0
0.0
0.0
0.0
0.0
0.0
5.8348126721668475e-06
3.017946813714343e-06
4.5064040622814245e-06
0.0
0.0
0.0
0.0
0.0
0.0
0.0
0.0
0.0
0.0
0.0
0.0
0.0
0.0
0.0
0.0
0.0
0.0
0.0
0.0
0.0
5.857263047570988e-06
6.629616437486107e-06
5.143624302945465e-06
0.0
0.0
0.0
0.0
0.0
0.0
0.0
0.0
0.0
0.0
0.0
0.0
0.0
0.0
0.0
0.0
0.0
0.0
0.0
0.0
0.0
0.0
0.0
0.0
0.0
0.0
0.0
0.0
0.0
0.0
0.0
0.0
0.0
0.0
0.0
0.0
0.0
0.0
0.0
0.0
0.0
0.0
0.0
0.0
0.0
0.0
0.0
0.0
0.0
0.0
0.0
0.0
0.0
0.0
0.0
0.0
0.0
0.0
0.0
0.0
0.0
0.0022818049505303217
0.0
0.0
0.0
0.0
0.0
0.0
0.0
0.0
0.0
0.0
0.0
0.0
0.0
0.0
0.0
0.0
0.0
0.0
0.0
0.0
0.0
0.0
0.0
