0.0
0.0
0.0
0.0
0.0
0.0
0.0
0.0
0.0
0.0
0.0
0.0
0.0
0.0
0.0
0.0
0.0
0.0
0.0
0.0
0.0
0.0
0.0
0.0
0.0
0.0
0.0
0.0
0.0
0.0
0.0
0.0
0.0
0.0
0.0
0.0
0.0
0.0
0.0
0.0
0.0
0.0
0.0
0.0
0.0
0.0
0.0
0.0
0.0
0.0
0.0
0.0
0.0
0.0
0.0
0.0
0.0
0.0
0.0
0.0
0.0
0.0
1.9279568436848143e-07
8.188496972681823e-06
5.3211413270053e-06
0.0
0.0
0.0
0.0
0.0
0.0
0.0
0.0
0.0
0.0
0.0
0.0
0.0
0.0
0.0
0.0
0.0
0.0
0.0
0.0
0.0
0.0
0.0
0.0
0.0
0.0
0.0
0.0
0.0
0.0
0.0
0.0
0.0
0.0
0.0
0.0
0.0
0.0
0.0
0.0
0.0
0.0
0.0
0.0
0.0
0.0
1.142122331041011e-06
7.800585773089337e-07
0.0
0.0
0.0
0.0
0.0
0.0
0.0
0.0
0.0
0.0
0.0
0.0
0.0
0.0
0.0
0.0
0.0
0.0
0.0
0.0
0.0
0.0
0.0
0.0
0.0
0.0
0.0
0.0
0.0
0.0
0.0
0.0
0.0
0.0
0.0
0.0
0.0
0.0
0.0
0.0
0.0
0.0
0.0
0.0
0.0
0.0
0.0
0.0
0.0
0.0
0.0
0.0
0.0
0.0
0.0
0.0
0.0
0.0
0.0
0.0
0.0
0.0
0.0
0.0
0.0
0.0
0.0
0.0
0.0
0.0
0.0
0.0
0.0
0.0
0.0
0.0
0.0
0.0
0.0
0.0
0.0
0.0
0.0
0.0
0.0
0.0
0.0
0.0
0.0
0.0
0.0
0.0
0.0
0.0
0.0
0.0
0.0
0.0
0.0
0.0
0.0
0.0
0.0
0.0
0.0
0.0
0.0
0.0
0.0
0.0
0.0
0.0
0.0
0.0
0.0
0.0
0.0
0.0
0.0
0.0
0.0
0.0
0.0
0.0
0.0
0.0
0.0
0.0
0.0
0.0
0.0
0.0
0.0
0.0
0.0
0.0
0.0
0.0
0.0
0.0
0.0
0.0
0.0
0.0
0.0
0.0
0.0
0.0
0.0
0.0
0.0
0.0
0.0
0.0
0.0
0.0
0.0
0.0
0.0
0.0
0.0
0.0
0.0
0.0
0.0
0.0
0.0
0.0
0.0
0.0
0.0
0.0
0.0
0.0
0.0
0.0
0.0
0.0
0.0
0.0
0.0
0.0
0.0
0.0
0.0
0.0
0.0
0.0
0.0
0.0
0.0
0.0
0.0
0.0
0.0
0.0
0.0
0.0
0.0
0.0
0.0
0.0
0.0
0.0
0.0
0.0
0.0
0.0
0.0
0.0
0.0
0.0
0.0
0.0
0.0
0.0
0.0
0.0
0.0
0.0
0.0
0.0
0.0
0.0
0.0
0.0
0.0
0.0
0.0
0.0
0.0
0.0
0.0
0.0
0.0
0.0
0.0
0.0
0.0
0.0
0.0
0.0
0.0
0.0
0.0
0.0
0.0
0.0
0.0
0.0
0.0
0.0
0.0
0.0
0.0
0.0
0.0
0.0
0.0
0.0
0.0
0.0
0.0
0.0
0.0
0.0
0.0
0.0
0.0
0.0
0.0
0.0
0.0
0.0
0.0
0.0
0.0
0.0
0.0
0.0
0.0
0.0
0.0
0.0
0.0
0.0
0.0
0.0
0.0
0.0
0.0
0.0
0.0
0.0
0.0
0.0
0.0
0.0
0.0
0.0
0.0
0.0
0.0
0.0
0.0
0.0
0.0
0.0
0.0
0.0
0.0
0.0
0.0
0.0
0.0
0.0
0.0
0.0
0.0
0.0
0.0
0.0
0.0
0.0
0.0
0.0
0.0
0.0
0.0
0.0
0.0
0.0
0.0
0.0
0.0
0.0
0.0
0.0
0.0
0.0
0.0
0.0
0.0
0.0
0.0
0.0
0.0
0.0
0.0
0.0
0.0
0.0
0.0
0.0
0.0
0.0
0.0
0.0
0.0
0.0
0.0
0.0
0.0
0.0
0.0
0.0
0.0
0.0
0.0
0.0
0.0
0.0
0.0
0.0
0.0
0.0
0.0
0.0
0.0
0.0
0.0
0.0
0.0
0.0
0.0
0.0
0.0
0.0
0.0
0.0
0.0
0.0
0.0
0.0
0.0
0.0
0.0
0.0
0.0
0.0
0.0
0.0
0.0
4.954883437524953e-07
1.630028721976764e-05
3.521114104288358e-05
6.077450420009308e-05
4.971501179809209e-05
2.3169339913887467e-05
1.0165158150099914e-06
0.0
0.0
0.0
0.0
0.0
0.0
0.0
0.0
0.0
0.0
0.0
0.0
0.0
0.0
0.0
0.0
1.5151651920796497e-06
1.9430665328484894e-05
5.963007229162186e-05
0.00010053596428177575
0.00013459913332154535
0.0001369178711878544
7.330092118115899e-05
1.662666045147715e-05
0.0
0.0
0.0
0.0
0.0
0.0
0.0
0.0
0.0
0.0
0.0
0.0
0.0
0.0
0.0
0.0
0.0
0.0
0.0
0.0
1.4631833211615184e-07
9.406116253745266e-07
1.7714923823240301e-06
0.0
0.0
0.0
0.0
0.0
0.0
0.0
0.0
0.0
0.0
0.0
0.0
0.0
0.0
0.0
0.0
0.0
0.0
0.0
0.0
0.0
0.0
0.0
0.0
0.0
0.0
0.0
0.0
0.0
0.0
0.0
0.0
0.0
0.0
0.0
0.0
0.0
0.0
0.0
0.0
0.0
0.0
0.0
2.996203700528874e-07
1.0333410827702709e-05
2.038759967388327e-05
2.127704329188562e-05
6.974269630484936e-06
0.0
0.0
0.0
0.0
0.0
0.0
0.0
0.0
0.0
0.0
0.0
0.0
0.0
0.0
0.0
0.0
0.0
0.0
0.0
0.0
0.0
0.0
0.0
0.0
0.0
0.0
0.0
0.0
0.0
0.0
0.0
0.0
0.0
0.0
0.0
0.0
0.0
0.0
0.0
0.0
0.0
0.0
0.0
0.0
0.0
0.0
0.0
0.0
0.0
0.0
0.0
0.0
0.0
0.0
0.0
0.0
0.0
0.0
0.0
0.0
0.0
0.0
0.0
0.0
0.0
0.0
0.0
0.0
0.0
0.0
0.0
0.0
0.0
0.0
0.0
0.0
0.0
0.0
0.0
0.0
0.0
0.0
0.0
0.0
0.0
0.0
0.0
0.0
0.0
0.0
0.0
0.0
0.0
0.0
0.0
0.0
0.0
0.0
0.0
0.0
0.0
0.0
0.0
0.0
0.0
0.0
0.0
0.0
0.0
0.0
0.0
0.0
0.0
0.0
0.0
0.0
0.0
0.0
0.0
0.0
0.0
0.0
0.0
0.0
0.0
0.0
0.0
0.0
0.0
0.0
0.0
0.0
0.0
0.0
0.0
0.0
0.0
0.0
0.0
0.0
0.0
0.0
0.0
0.0
0.0
0.0
0.0
0.0
0.0
0.0
0.0
0.0
0.0
0.0
0.0
0.0
0.0
0.0
0.0
0.0
0.0
0.0
0.0
0.0
0.0
0.0
0.0
0.0
0.0
0.0
0.0
0.0
0.0
0.0
0.0
0.0
0.0
0.0
0.0
0.0
0.0
0.0
0.0
0.0
0.0
0.0
0.0
0.0
0.0
0.0
0.0
0.0
0.0
0.0
0.0
0.0
0.0
0.0
0.0
0.0
0.0
0.0
0.0
0.0
0.0
0.0
0.0
0.0
0.0
0.0
0.0
0.0
0.0
0.0
0.0
0.0
0.0
0.0
0.0
0.0
0.0
0.0
0.0
0.0
0.0
0.0
0.0
0.0
0.0
0.0
0.0
0.0
0.0
0.0
0.0
0.0
1.275993891508233e-06
1.3630249972577932e-05
1.893084271601721e-05
6.515409963871384e-06
0.0
0.0
0.0
0.0
0.0
0.0
0.0
0.0
0.0
0.0
0.0
0.0
0.0
0.0
0.0
0.0
0.0
0.0
4.077330672284705e-07
1.1005850971255444e-05
2.6260681011244053e-05
4.86468535895558e-05
5.489079366363479e-05
2.7557455314970426e-05
2.4342144978370683e-06
0.0
0.0
0.0
0.0
0.0
0.0
0.0
0.0
0.0
0.0
0.0
0.0
0.0
0.0
0.0
0.0
0.0
0.0
0.0
0.0
0.0
0.0
0.0
0.0
0.0
0.0
0.0
0.0
0.0
0.0
0.0
0.0
0.0
0.0
0.0
0.0
0.0
0.0
0.0
0.0
0.0
0.0
0.0
0.0
0.0
0.0
0.0
0.0
0.0
0.0
0.0
0.0
0.0
0.0
0.0
0.0
0.0
0.0
0.0
0.0
0.0
0.0
0.0
0.0
0.0
0.0
0.0
0.0
0.0
0.0
0.0
0.0
0.0
0.0
0.0
0.0
0.0
0.0
0.0
0.0
0.0
0.0
0.0
0.0
0.0
0.0
0.0
0.0
0.0
0.0
0.0
0.0
0.0
0.0
0.0
0.0
0.0
0.0
0.0
0.0
0.0
0.0
0.0
0.0
0.0
0.0
0.0
0.0
0.0
0.0
0.0
0.0
0.0
0.0
0.0
0.0
0.0
0.0
0.0
0.0
0.0
0.0
0.0
0.0
0.0
0.0
0.0
0.0
0.0
0.0
0.0
0.0
0.0
0.0
0.0
0.0
0.0
0.0
0.0
0.0
0.0
0.0
0.0
0.0
0.0
0.0
0.0
0.0
0.0
0.0
0.0
0.0
0.0
0.0
0.0
0.0
0.0
0.0
0.0
0.0
0.0
0.0
0.0
0.0
0.0
0.0
0.0
0.0
0.0
0.0
0.0
0.0
0.0
0.0
0.0
0.0
0.0
0.0
0.0
0.0
0.0
0.0
0.0
0.0
0.0
0.0
0.0
0.0
0.0
0.0
0.0
0.0
0.0
0.0
0.0
0.0
0.0
0.0
0.0
0.0
0.0
0.0
0.0
0.0
0.0
0.0
0.0
0.0
0.0
0.0
0.0
0.0
0.0
0.0
0.0
0.0
0.0
0.0
0.0
0.0
0.0
0.0
0.0
0.0
0.0
0.0
0.0
0.0
0.0
0.0
0.0
0.0
0.0
1.3636201660529397e-07
9.440305149836178e-06
2.0468039816471522e-05
3.792871421356028e-05
4.064341766038393e-05
2.7542660264053712e-05
8.388096081718697e-06
0.0
0.0
0.0
0.0
0.0
0.0
0.0
0.0
0.0
0.0
0.0
0.0
0.0
0.0
0.0
0.0
9.224366432706064e-06
2.5157159766950056e-05
4.860994980658108e-05
7.295109493908723e-05
6.624952287776567e-05
6.161382416362135e-05
2.9100730874444952e-05
8.317608622960992e-08
0.0
0.0
0.0
0.0
0.0
0.0
0.0
0.0
0.0
0.0
0.0
0.0
0.0
0.0
0.0
0.0
0.0
3.3251689524723055e-06
3.3027540648035775e-05
7.537380420801055e-05
9.266330367865106e-05
9.007837415326727e-05
9.040946246756567e-06
0.0
0.0
0.0
0.0
0.0
0.0
0.0
0.0
0.0
0.0
0.0
0.0
0.0
0.0
0.0
0.0
0.0
0.0
0.0
0.0
6.392725779787534e-06
1.5201425644895856e-05
1.5543319649945673e-05
0.0
0.0
0.0
0.0
0.0
0.0
0.0
0.0
0.0
0.0
0.0
0.0
0.0
0.0
0.0
0.0
0.0
0.0
0.0
1.0361291095736608e-05
3.6163211523129225e-05
0.0001285362140492834
0.00020055077384669034
0.00018813935903193345
0.00011577138998897353
4.03648289479896e-05
8.990862667525837e-06
0.0
0.0
0.0
0.0
0.0
0.0
0.0
0.0
0.0
0.0
0.0
0.0
0.0
0.0
0.0
0.0
0.0
9.46497588807767e-07
7.706264586004462e-06
1.878359285270141e-05
1.6192014364003012e-05
4.423216859203169e-06
0.0
0.0
0.0
0.0
0.0
0.0
0.0
0.0
0.0
0.0
0.0
0.0
0.0
0.0
0.0
0.0
0.0
5.949032965588693e-08
1.1426880719920303e-05
3.4215412996029096e-05
5.284942012691615e-05
6.974854273776217e-05
4.003990358530018e-05
1.4193273847833693e-05
9.335984152117395e-08
0.0
0.0
0.0
0.0
0.0
0.0
0.0
0.0
0.0
0.0
0.0
0.0
0.0
0.0
0.0
0.0
0.0
0.0
0.0
0.0
0.0
0.0
0.0
0.0
0.0
0.0
0.0
0.0
0.0
0.0
0.0
0.0
0.0
0.0
0.0
0.0
0.0
0.0
0.0
0.0
0.0
0.0
0.0
1.8224506582571887e-06
6.8376164414925575e-06
8.25735869933385e-06
2.485489777512503e-06
0.0
0.0
0.0
0.0
0.0
0.0
0.0
0.0
0.0
0.0
0.0
0.0
0.0
0.0
0.0
0.0
0.0
0.0
0.0
1.1566859604662537e-06
1.3095925657967593e-05
2.7428122222760388e-05
4.7668996913029766e-05
4.675310959461844e-06
0.0
0.0
0.0
0.0
0.0
0.0
0.0
0.0
0.0
0.0
0.0
0.0
0.0
0.0
0.0
0.0
0.0
0.0
0.0
0.0
0.0
0.0
0.0
0.0
0.0
0.0
0.0
0.0
0.0
0.0
0.0
0.0
0.0
0.0
0.0
0.0
0.0
0.0
0.0
0.0
0.0
1.6727098201731667e-06
1.7001716770931747e-05
3.691109366259906e-05
6.746157123268642e-05
9.327364047402848e-05
9.150241786199818e-05
5.697831444420519e-05
1.0344669313483468e-05
0.0
0.0
0.0
0.0
0.0
0.0
0.0
0.0
0.0
0.0
0.0
0.0
0.0
0.0
0.0
0.0
0.0
0.0
0.0
0.0
4.5039083077594285e-06
9.321437993854003e-06
3.266335231478157e-06
0.0
0.0
0.0
0.0
0.0
0.0
0.0
0.0
0.0
0.0
0.0
0.0
0.0
0.0
0.0
0.0
0.0
0.0
0.0
0.0
0.0
9.402779322519451e-07
3.8554865272120415e-08
0.0
0.0
0.0
0.0
0.0
0.0
0.0
0.0
0.0
0.0
0.0
0.0
0.0
0.0
0.0
0.0
0.0
0.0
0.0
0.0
0.0
4.070679187431536e-06
1.7307743493706026e-05
2.3328886201621734e-05
1.7751351537389506e-05
7.020280707904053e-07
0.0
0.0
0.0
0.0
0.0
0.0
0.0
0.0
0.0
0.0
0.0
0.0
0.0
0.0
0.0
0.0
3.9617494800360347e-07
1.241590692026536e-05
4.8512790927139035e-05
0.00010465594003133563
0.00011723984004254875
0.0001070495013304688
6.469141564712041e-05
8.551478410592202e-06
0.0
0.0
0.0
0.0
0.0
0.0
0.0
0.0
0.0
0.0
0.0
0.0
0.0
0.0
0.0
0.0
0.0
0.0
0.0
5.902823069429813e-07
6.987740889294808e-06
7.088247642053201e-06
0.0
0.0
0.0
0.0
0.0
0.0
0.0
0.0
0.0
0.0
0.0
0.0
0.0
0.0
0.0
0.0
0.0
0.0
0.0
0.0
0.0
1.256016953314807e-06
1.4576925584345985e-05
1.7415583931936026e-05
9.075697417213737e-06
0.0
0.0
0.0
0.0
0.0
0.0
0.0
0.0
0.0
0.0
0.0
0.0
0.0
0.0
0.0
0.0
0.0
0.0
0.0
2.022925135501837e-06
1.486686586245419e-05
2.336112023678106e-05
2.5977767968235105e-05
2.1580687219292303e-05
2.7209218319880866e-06
0.0
0.0
0.0
0.0
0.0
0.0
0.0
0.0
0.0
0.0
0.0
0.0
0.0
0.0
0.0
0.0
0.0
0.0
5.546332259024167e-07
7.163278312006038e-06
1.6616122996270786e-05
1.852740989162785e-05
1.290103966670516e-05
1.2572596617384907e-06
0.0
0.0
0.0
0.0
0.0
0.0
0.0
0.0
0.0
0.0
0.0
0.0
0.0
0.0
0.0
0.0
0.0
0.0
0.0
0.0
0.0
0.0
0.0
0.0
0.0
0.0
0.0
0.0
0.0
0.0
0.0
0.0
0.0
0.0
0.0
0.0
0.0
0.0
0.0
0.0
0.0
0.0
0.0
0.0
0.0
6.75134530061065e-07
2.674640402855365e-07
0.0
0.0
0.0
0.0
0.0
0.0
0.0
0.0
0.0
0.0
0.0
0.0
0.0
0.0
0.0
0.0
0.0
0.0
0.0
0.0
0.0
0.0
0.0
0.0
0.0
0.0
0.0
0.0
0.0
0.0
0.0
0.0
0.0
0.0
0.0
0.0
0.0
0.0
0.0
0.0
0.0
0.0
0.0
0.0
0.0
0.0
0.0
0.0
0.0
0.0
0.0
0.0
0.0
0.0
0.0
0.0
0.0
0.0
0.0
0.0
0.0
0.0
0.0
0.0
0.0
0.0
0.0
0.0
0.0
0.0
0.0
0.0
0.0
0.0
0.0
0.0
0.0
0.0
0.0
0.0
0.0
0.0
0.0
0.0
0.0
0.0
0.0
0.0
0.0
0.0
0.0
0.0
1.060448603993352e-06
8.144139404332487e-06
1.0158871835416677e-05
3.945935468358857e-07
0.0
0.0
0.0
0.0
0.0
0.0
0.0
0.0
0.0
0.0
0.0
0.0
0.0
0.0
0.0
0.0
0.0
0.0
0.0
7.977374710699592e-06
2.7458164473690737e-05
3.943804360169388e-05
4.025693497350041e-05
2.1938451213376933e-05
5.7735545319281164e-06
0.0
0.0
0.0
0.0
0.0
0.0
0.0
0.0
0.0
0.0
0.0
0.0
0.0
0.0
0.0
0.0
1.6771057046602828e-07
1.2008186260376998e-05
3.4053347398247214e-05
7.310579961515013e-05
7.396659776183988e-05
5.75006913658909e-05
2.9534284326783606e-05
8.836644900477482e-06
0.0
0.0
0.0
0.0
0.0
0.0
0.0
0.0
0.0
0.0
0.0
0.0
0.0
0.0
0.0
1.4789980067030236e-05
4.948487918789819e-05
0.00012219811080903018
0.00016759154578679044
0.00019371160832227453
0.00021738448328544754
0.00020828963484557112
0.00014922482093703913
7.700891911868099e-05
3.626092746894593e-05
0.0
0.0
0.0
0.0
0.0
0.0
0.0
0.0
0.0
0.0
0.0
0.0
0.0
0.0
0.0
0.0
0.0
3.59350733623279e-06
1.5264582127661767e-05
2.3740084725874052e-05
2.100683045839544e-05
2.9254095480911855e-07
0.0
0.0
0.0
0.0
0.0
0.0
0.0
0.0
0.0
0.0
0.0
0.0
0.0
0.0
0.0
0.0
0.0
0.0
0.0
0.0
0.0
0.0
0.0
0.0
0.0
0.0
0.0
0.0
0.0
0.0
0.0
0.0
0.0
0.0
0.0
0.0
0.0
0.0
0.0
0.0
0.0
0.0
0.0
0.0
0.0
0.0
0.0
0.0
0.0
0.0
0.0
0.0
0.0
0.0
0.0
0.0
0.0
0.0
0.0
0.0
0.0
0.0
0.0
0.0
0.0
1.5649992284703652e-06
2.2122134541043544e-05
5.2950068606774544e-05
9.609842397227125e-05
0.0001246241157305287
0.00012530904008833355
7.586311448653401e-05
2.5287590082590765e-05
3.939805969156515e-06
0.0
0.0
0.0
0.0
0.0
0.0
0.0
0.0
0.0
0.0
0.0
0.0
0.0
0.0
1.6998986985627988e-07
1.5906371554732063e-05
5.626864881124966e-05
0.00011514306297920347
0.0001756233411118342
0.00019628528319569455
0.00018599861273381753
0.0001310233169304343
5.28250023076083e-05
1.2678564416106844e-05
0.0
0.0
0.0
0.0
0.0
0.0
0.0
0.0
0.0
0.0
0.0
0.0
0.0
0.0
3.201503186580701e-08
1.9725997883299817e-05
7.277495444888857e-05
0.00014507022542287459
0.0002001794867393491
0.0002420999650433529
0.00026340218122598516
0.00019058673366739845
9.942001358800258e-05
3.371592765304848e-05
0.0
0.0
0.0
0.0
0.0
0.0
0.0
0.0
0.0
0.0
0.0
0.0
0.0
0.0
0.0
5.2423348175917e-06
3.149709215622657e-05
8.572654080039578e-05
0.00014751547013690106
0.0001774281422924344
0.00015980642910404312
0.00010657510485567226
4.284959180870766e-05
1.2464563226176875e-05
0.0
0.0
0.0
0.0
0.0
0.0
0.0
0.0
0.0
0.0
0.0
0.0
0.0
0.0
0.0
0.0
0.0
0.0
0.0
0.0
0.0
0.0
0.0
0.0
0.0
0.0
0.0
0.0
0.0
0.0
0.0
0.0
0.0
0.0
0.0
0.0
0.0
0.0
0.0
0.0
0.0
1.91509013679609e-05
8.97870030747423e-05
0.00015786738747916763
0.00013216495905408608
7.32672949889355e-05
0.0
0.0
0.0
0.0
0.0
0.0
0.0
0.0
0.0
0.0
0.0
0.0
0.0
0.0
0.0
0.0
1.285056209718543e-05
6.498784378065897e-05
0.00014149996022787061
0.00018421539789353992
0.00021142902398493308
0.00021797609664168924
0.00018779262927194393
0.00013990771589499434
8.691935888870151e-05
2.4375105135868872e-05
0.0
0.0
0.0
0.0
0.0
0.0
0.0
0.0
0.0
0.0
0.0
0.0
0.0
0.0
0.0
2.42518007896612e-06
2.1133341676875485e-05
4.416754590139532e-05
4.534705305803884e-05
2.6672354483221268e-05
1.5054009792736461e-05
4.589815551938419e-06
4.0006377166201635e-07
0.0
0.0
0.0
0.0
0.0
0.0
0.0
0.0
0.0
0.0
0.0
0.0
0.0
0.0
0.0
1.0126276617789858e-05
9.21967235316617e-05
0.00021288956870737477
0.00026970136325332077
0.0003215786978734939
0.00033752371737862466
0.0003106263686955126
0.0002505935046034075
0.00018186057328526957
0.000125916858408102
0.0
0.0
0.0
0.0
0.0
0.0
0.0
0.0
0.0
0.0
0.0
0.0
0.0
0.0
3.781828786293004e-06
2.1859779256613513e-05
4.195817659146746e-05
6.010008343552444e-05
0.00010020647997077281
0.0001119462757137738
8.569822139797583e-05
3.958642900214124e-05
1.795572250491446e-05
5.812150023593888e-06
0.0
0.0
0.0
0.0
0.0
0.0
0.0
0.0
0.0
0.0
0.0
0.0
0.0
0.0
3.3678739504327154e-06
2.028317513276623e-05
4.159801613048471e-05
7.764443620528736e-05
0.00010664329925992298
6.755918905828078e-05
2.417102450912745e-05
3.419513053276503e-07
0.0
0.0
0.0
0.0
0.0
0.0
0.0
0.0
0.0
0.0
0.0
0.0
0.0
0.0
0.0
0.0
0.0
0.0
0.0
0.0
0.0
0.0
0.0
0.0
0.0
0.0
0.0
0.0
0.0
0.0
0.0
0.0
0.0
0.0
0.0
0.0
0.0
0.0
0.0
0.0
0.0
0.0
0.0
0.0
0.0
0.0
0.0
0.0
0.0
0.0
0.0
0.0
0.0
0.0
0.0
0.0
0.0
0.0
0.0
0.0
0.0
0.0
0.0
0.0
0.0
0.0
0.0
0.0
6.531455111846644e-06
1.2089175967274678e-05
1.3466121940143173e-05
4.940537896629121e-06
0.0
0.0
0.0
0.0
0.0
0.0
0.0
0.0
0.0
0.0
0.0
0.0
0.0
0.0
0.0
0.0
0.0
2.525875406994959e-06
4.276559708723631e-05
0.0001411705969900671
0.0002099349672978759
0.00022393442062161308
0.00020766052233234746
0.0001645470285320161
7.565693215172063e-05
1.5768232101238174e-05
0.0
0.0
0.0
0.0
0.0
0.0
0.0
0.0
0.0
0.0
0.0
0.0
0.0
0.0
1.2223806147329301e-06
1.7659239763620685e-05
1.6785607482071692e-05
4.656331463651115e-06
2.462075476147535e-06
1.333792809526233e-05
1.5153011185149798e-05
3.237373238426063e-07
0.0
0.0
0.0
0.0
0.0
0.0
0.0
0.0
0.0
0.0
0.0
0.0
0.0
0.0
0.0
0.0
0.0
0.0
9.665145920304475e-06
2.9253088815476186e-05
6.50496840037028e-05
9.522854565580688e-05
9.768024899812006e-05
5.2017201008246635e-05
1.712239372108721e-05
9.253375305506871e-07
0.0
0.0
0.0
0.0
0.0
0.0
0.0
0.0
0.0
0.0
0.0
0.0
0.0
0.0
2.0373419498678768e-05
9.883426635930264e-05
0.00018425027081987372
0.00024251463961175675
0.0003096552676026218
0.00033738316439275924
0.00031389716186316794
0.00023223383040146082
0.00011838348372697736
2.378800423315367e-05
0.0
0.0
0.0
0.0
0.0
0.0
0.0
0.0
0.0
0.0
0.0
0.0
0.0
0.0
1.2996003728262996e-06
1.5971935123330336e-05
4.6418176976482855e-05
0.00012069883282751691
0.00018683242825603543
0.00027397915762878675
0.00030069522715517967
0.00017981206581840634
8.60203278645229e-05
4.122174383576827e-05
9.107657522346236e-06
0.0
0.0
0.0
0.0
0.0
0.0
0.0
0.0
0.0
0.0
0.0
0.0
0.0
0.0
0.0
0.0
0.0
0.0
0.0
0.0
0.0
0.0
0.0
0.0
0.0
0.0
0.0
0.0
0.0
0.0
0.0
0.0
0.0
0.0
0.0
0.0
0.0
0.0
0.0
0.0
0.0
4.018670258717258e-07
6.239236325892276e-06
9.009597363792842e-06
5.366995020844352e-07
0.0
0.0
0.0
0.0
0.0
0.0
0.0
0.0
0.0
0.0
0.0
0.0
0.0
0.0
0.0
0.0
0.0
1.0235299165318597e-07
1.0578068463847455e-05
3.56979018809318e-05
9.021659030709808e-05
0.00013132199925944404
0.00013697122690272423
9.662756189289764e-05
3.4232910535783585e-05
3.940522334813726e-06
0.0
0.0
0.0
0.0
0.0
0.0
0.0
0.0
0.0
0.0
0.0
0.0
0.0
0.0
4.2976531657177225e-07
1.3841430510820457e-05
2.149231606905815e-05
2.6922690421970996e-05
4.424957204612079e-05
6.236191399511089e-05
6.574960440058692e-05
4.4460368244304866e-05
2.325062255434399e-05
9.228278484220715e-06
0.0
0.0
0.0
0.0
0.0
0.0
0.0
0.0
0.0
0.0
0.0
0.0
0.0
1.0697796923023939e-05
7.86643849433559e-05
0.0002041633252318643
0.00031356476258312843
0.0003725476679022325
0.00039152306951767055
0.00038353368525661147
0.0003948514589968511
0.00031903476357431467
0.0002214583363807252
9.516612177948724e-05
0.0
0.0
0.0
0.0
0.0
0.0
0.0
0.0
0.0
0.0
0.0
0.0
1.9175109040783393e-05
4.9793802499674774e-05
0.00018939481407912606
0.0003132182649550934
0.0003530554254868374
0.00041627571036446817
0.0004813009052689579
0.0005011334414966092
0.00045626783775658914
0.0003855140274277737
0.00030034109495255117
0.00018116966869147335
0.0
0.0
0.0
0.0
0.0
0.0
0.0
0.0
0.0
0.0
0.0
0.0
1.941673695033257e-06
4.333089135296512e-05
0.00016554751730640517
0.00029347661740319485
0.000416453928975239
0.00047138468037160203
0.0004975653770035093
0.0005288266141733088
0.0005173716446091125
0.00038619100394008397
0.0002615975653220903
0.00013940150535921657
1.4958187828073417e-05
0.0
0.0
0.0
0.0
0.0
0.0
0.0
0.0
0.0
0.0
0.0
0.0
1.973190690652938e-05
0.00012021835287103924
0.00026010851361678327
0.00033762529556614484
0.0004066025015905903
0.00045222512655242083
0.0004669471684084242
0.0004410861534696966
0.00034773293372844234
0.0
0.0
0.0
0.0
0.0
0.0
0.0
0.0
0.0
0.0
0.0
0.0
0.0
0.0
4.0301793654943576e-05
0.0001306674226096508
0.0002039464541130151
0.00018480437210943108
0.00024647486592917163
0.00034269029268101743
0.0003723154183693252
0.0003615254053439266
0.0003344088585818729
0.00029068315763530755
0.00021494665682390355
0.0001256283292761882
0.0
0.0
0.0
0.0
0.0
0.0
0.0
0.0
0.0
0.0
0.0
0.0
0.0
0.0
1.2331600586010233e-05
4.8953327234982604e-05
0.00012746237783230018
0.00020203067466197883
0.0002709319945513927
0.0003047880846401267
0.0002987415403264931
0.0002572770687641513
0.00017663989999124597
9.700677173233292e-05
0.0
0.0
0.0
0.0
0.0
0.0
0.0
0.0
0.0
0.0
0.0
0.0
0.0
1.9601471880848843e-05
0.00010828548375277079
0.00020734485941538156
0.00027627784907679516
0.00032574656354702477
0.0003413508769656082
0.0003526893839691556
0.00032831737182327937
0.000258886317113338
0.00017651639131499466
9.908769672752494e-05
0.0
0.0
0.0
0.0
0.0
0.0
0.0
0.0
0.0
0.0
0.0
0.0
0.0
2.2507595990109996e-05
0.00015102015787866674
0.00023244049416797815
0.00027625008766716646
0.0003493680014021995
0.0003887058663919441
0.00039371990080660786
0.0003724276850210089
0.00031867252022423396
0.00023191283855035881
0.00012154415669417916
0.0
0.0
0.0
0.0
0.0
0.0
0.0
0.0
0.0
0.0
0.0
0.0
1.7490667763482473e-05
0.00013229198758559816
0.0002613750168422149
0.0003339200118965904
0.00039892743533964333
0.000449978115638016
0.00048543250637174
0.0004952478723903047
0.00046793722621755226
0.00038256628567401096
0.00028294630460787897
0.0001511398944589417
0.0
0.0
0.0
0.0
0.0
0.0
0.0
0.0
0.0
0.0
0.0
0.0
0.0
5.370018761129559e-05
0.000192783837569804
0.00031880675365565853
0.0003985875942376481
0.00045522574481326463
0.0004841441125186889
0.0004837092280013601
0.0004280934588220162
0.00028721882449731753
0.00011180130660761517
7.068307807328285e-06
0.0
0.0
0.0
0.0
0.0
0.0
0.0
0.0
0.0
0.0
0.0
0.0
0.0
0.0
0.0
0.0
0.0
1.193428715083323e-05
5.406893929335614e-05
0.00011614604530576169
7.634034428939364e-05
2.9265841119256742e-05
0.0
0.0
0.0
0.0
0.0
0.0
0.0
0.0
0.0
0.0
0.0
0.0
0.0
0.0
0.0
5.337296492845234e-06
5.678882988477107e-05
0.00015470283367668392
0.00023835532102997465
0.00031031542488940174
0.00035837909234331787
0.00037989811610062156
0.000379108686368309
0.00031986865427272444
0.00022627373192222284
9.60080159989898e-05
0.0
0.0
0.0
0.0
0.0
0.0
0.0
0.0
0.0
0.0
0.0
0.0
0.0
2.510081588430304e-06
2.960174485629184e-05
9.152596625311292e-05
0.0001660964711856864
0.00022868271705561732
0.00027921192043121315
0.000287253527906051
0.0002709155780782192
0.00019726087755106962
0.00011111591078722851
3.336723464499164e-05
0.0
0.0
0.0
0.0
0.0
0.0
0.0
0.0
0.0
0.0
0.0
0.0
0.0
0.0
5.31798918612154e-07
9.99353207025306e-06
2.2563336914015503e-05
3.6325956938616125e-05
5.3761001119623575e-05
5.041084120296842e-05
4.187095480802266e-05
2.167064838918509e-05
5.0950347118633194e-06
0.0
0.0
0.0
0.0
0.0
0.0
0.0
0.0
0.0
0.0
0.0
0.0
0.0
0.0
0.0
0.0
0.0
6.257340536579619e-06
2.2344130900501133e-05
5.7405719787390495e-05
9.366283826763437e-05
9.790583065100987e-05
6.324857932860534e-05
3.3040315937129284e-05
1.165817675659807e-05
0.0
0.0
0.0
0.0
0.0
0.0
0.0
0.0
0.0
0.0
0.0
0.0
0.0
0.0
6.356708188501756e-06
3.363759347836378e-05
8.631286311640971e-05
0.00014085093620880333
0.00018162087608810455
0.00019764473693643358
0.0001947990444133388
0.00015351016732308777
7.997847356783204e-05
1.7483949367084646e-05
0.0
0.0
0.0
0.0
0.0
0.0
0.0
0.0
0.0
0.0
0.0
0.0
0.0
0.0
1.6523373847812453e-05
5.790522671916675e-05
0.00012114960701000909
0.00017914805316008073
0.00020162879765490618
0.0001967819226085938
0.0001660983095282518
6.309378723573076e-05
1.3027074649995996e-05
7.63526142386953e-07
0.0
0.0
0.0
0.0
0.0
0.0
0.0
0.0
0.0
0.0
0.0
0.0
0.0
0.0
0.0
1.9336792123051447e-05
5.866107109457391e-05
0.00011303427709156225
0.00011544440442011982
0.0001076795791869189
2.8771921091569695e-05
2.9827140241453135e-06
0.0
0.0
0.0
0.0
0.0
0.0
0.0
0.0
0.0
0.0
0.0
0.0
0.0
0.0
0.0
1.2265471720112944e-07
2.6086537114956597e-05
0.00010850201379317252
0.00019275423090474406
0.00022645306157352438
0.00025710528694100035
0.0002967010144083109
0.00028250869606916704
0.00023219656059918946
0.0001382989103207248
4.6975586157868855e-05
0.0
0.0
0.0
0.0
0.0
0.0
0.0
0.0
0.0
0.0
0.0
0.0
4.488761585966521e-06
5.293202258513498e-05
0.0001712157209539258
0.00024547490329769714
0.00027541831355146586
0.0002908815195526833
0.0003268290168722841
0.0003442601292970754
0.0003217747557626478
0.00026782881007845387
0.00021142540620464886
0.0001634660204724377
0.0
0.0
0.0
0.0
0.0
0.0
0.0
0.0
0.0
0.0
0.0
0.0
6.411475271207838e-08
4.374491502239513e-06
2.3473118604011497e-05
3.0075937860893678e-05
4.3699502717093996e-05
7.748037611160086e-05
0.00012550615950733665
0.00015569978997065202
0.0001580503266737152
0.00011760818678871084
8.469108178678608e-05
5.01709103285622e-05
0.0
0.0
0.0
0.0
0.0
0.0
0.0
0.0
0.0
0.0
0.0
0.0
3.924884593513908e-06
2.6505491464556613e-05
8.321759215395987e-05
0.0001648678179560866
0.00025586531260084926
0.00031943602087371387
0.0003676267780530346
0.00037047253546240933
0.00035442898711660406
0.0002969455457240699
0.00021778054582121973
0.00013168563956919796
0.0
0.0
0.0
0.0
0.0
0.0
0.0
0.0
0.0
0.0
0.0
0.0
0.0
1.8416226267239669e-06
2.4152764472181788e-05
7.282314021138262e-05
0.00012722206397713267
0.00018028306790574336
0.0002325874844472252
0.00025639489437245084
0.0002540929051130813
0.00021630314631064298
0.00015811925611996158
8.53741110807529e-05
0.0
0.0
0.0
0.0
0.0
0.0
0.0
0.0
0.0
0.0
0.0
0.0
0.0
7.281810884021787e-06
6.840751833061847e-05
0.00016034467070307555
0.00023121124975999715
0.00028920175150610946
0.00033603768326733835
0.0003786292303081259
0.0003703181233152116
0.00027840777430785475
0.00020361440349211005
0.00014374291913400521
7.226453494839275e-05
0.0
0.0
0.0
0.0
0.0
0.0
0.0
0.0
0.0
0.0
0.0
0.0
1.258160114674121e-05
9.643830102200707e-05
0.00023717096217187422
0.0003143592789685148
0.00036853131822313254
0.0004031844924328417
0.00042274488640174255
0.0004030129556224353
0.0003393256010545999
0.0
0.0
0.0
0.0
0.0
0.0
0.0
0.0
0.0
0.0
0.0
0.0
0.0
8.458475099349039e-08
0.00010609923139671988
0.0002663765186796442
0.0003896554251577253
0.0004774875516319879
0.0005454216570714514
0.0005223841788492219
0.00047797734203401096
0.0004768978530537481
0.00033131211421139994
0.00021248124756644647
0.00017412760442668432
0.0001299763334067558
0.0
0.0
0.0
0.0
0.0
0.0
0.0
0.0
0.0
0.0
0.0
0.0
0.0
1.119962326890387e-06
1.2735606168617577e-05
3.0094810854765886e-05
4.9087963488998125e-05
8.406724596146783e-05
0.00010222301614802831
7.961406469902308e-05
4.7804252321268526e-05
1.63991209142005e-05
1.2680061291137278e-06
0.0
0.0
0.0
0.0
0.0
0.0
0.0
0.0
0.0
0.0
0.0
0.0
0.0
0.0
0.0
0.0
0.0
0.0
1.1475766404938696e-07
2.7444100692395137e-06
6.485432971481748e-06
8.979424172888569e-06
1.2796635594034607e-06
0.0
0.0
0.0
0.0
0.0
0.0
0.0
0.0
0.0
0.0
0.0
0.0
0.0
0.0
0.0
7.750807715040987e-06
3.6872676001874035e-05
8.675070633430621e-05
0.000140707131282625
0.00025634628648083093
0.00036301671000468815
0.00034191072196719107
0.00027095301783676466
0.00019697527585570542
0.00014826640948565486
0.00010779610969754599
0.0
0.0
0.0
0.0
0.0
0.0
0.0
0.0
0.0
0.0
0.0
0.0
1.0456203621497265e-05
4.9220370867643466e-05
0.00015207691725111893
0.00022187907004081342
0.0002733875201866947
0.0003658499435593308
0.0004455554493225412
0.0004733914254101095
0.0004658641039206774
0.0004167506921820286
0.00034595972447761815
0.00027590955579787763
0.0
0.0
0.0
0.0
0.0
0.0
0.0
0.0
0.0
0.0
0.0
3.517341008194101e-07
8.664034414304795e-05
0.00025847198492480515
0.00043214605613515485
0.0005239081405116186
0.000590762790475256
0.0006821823536277773
0.0007238909930125946
0.0007183901210738295
0.0006912958372765658
0.0005517661671340155
0.000445344274830094
0.00037153937381088084
0.00022755898654599438
0.0
0.0
0.0
0.0
0.0
0.0
0.0
0.0
0.0
0.0
0.0
0.0
7.374949479839774e-05
0.00020228618430657297
0.0003588612025413241
0.0004372257569323953
0.0004876102100577398
0.0005197127650572959
0.0005303970363252232
0.000536879535464095
0.0005044720502795215
0.0
0.0
0.0
0.0
0.0
0.0
0.0
0.0
0.0
0.0
0.0
0.0
6.44280709722531e-06
7.241816904771972e-05
0.00024350986324340757
0.00034995581113520896
0.0004887021003234791
0.0005999954664116688
0.0006654097178605314
0.0007366007187807321
0.0007796350737214044
0.0007749850075793048
0.0007650605958668738
0.0007182326914027983
0.0006382058715491343
0.0005517811659259063
0.0
0.0
0.0
0.0
0.0
0.0
0.0
0.0
0.0
0.0
7.989815166047967e-06
8.645561201972881e-05
0.0002485842878007191
0.00035962267682019487
0.0004833340680930636
0.0005751130361498461
0.0006432345685869451
0.0006967299003907731
0.000762189105039166
0.0007482415915521211
0.0006989437076045618
0.0005964800661791661
0.0004889342143784643
0.0003678530637841341
0.0
0.0
0.0
0.0
0.0
0.0
0.0
0.0
0.0
0.0
0.0
0.0
2.4085449460248795e-05
0.0001136766425312856
0.00021730230540308525
0.00028463083469757003
0.0003540192568377818
0.0004301564217623029
0.0004935259308736831
0.0005063444604463294
0.0004979187096953796
0.00043118649544631615
0.00034729772127403073
0.00026690525483873877
0.0
0.0
0.0
0.0
0.0
0.0
0.0
0.0
0.0
0.0
0.0
0.0
4.957870157816327e-06
3.504430737095111e-05
8.186103240514734e-05
0.00012655495422042728
0.00018941013684635534
0.00021380128947222184
0.0002248367880671813
0.00021950331560990726
0.0001582079141264204
8.431750474855957e-05
3.690735528346238e-05
1.543992777210373e-05
0.0
0.0
0.0
0.0
0.0
0.0
0.0
0.0
0.0
0.0
0.0
0.0
0.0
2.2235186136473035e-06
2.2412322523958453e-05
6.225938066288808e-05
0.0001241281743343983
0.00019358804415740223
0.0002655521021106665
0.00028879757529396685
0.0002823850558444001
0.000247099999722701
0.00019241094962116478
0.00011698948364936895
0.0
0.0
0.0
0.0
0.0
0.0
0.0
0.0
0.0
0.0
0.0
0.0
0.0
3.865927335084166e-05
0.00015141794078935513
0.0002346783468003932
0.0003105248011288382
0.0003713064511517139
0.0003903964747087064
0.0003976317695716083
0.00039833649848232535
0.0002900024105647035
0.0002068527003902402
0.00014901057261448302
6.491750818444982e-05
0.0
0.0
0.0
0.0
0.0
0.0
0.0
0.0
0.0
0.0
0.0
0.0
2.355994723195264e-05
0.00010886915866129189
0.00023325708611729586
0.00029621688253319835
0.0003136997472281451
0.0003459738641507214
0.0003763468695511842
0.00036427872976156086
0.00030371187740735924
0.0
0.0
0.0
0.0
0.0
0.0
0.0
0.0
0.0
0.0
0.0
0.0
0.0
1.595485563472332e-05
0.00020462638947093905
0.00032986153141615043
0.000461200307073533
0.000545289114735288
0.000598002098993372
0.0006416745081675943
0.0006911926666372794
0.0007386136210584627
0.0007104474244476217
0.0006210604241502951
0.0005444446263364576
0.0004756781382507839
0.0
0.0
0.0
0.0
0.0
0.0
0.0
0.0
0.0
0.0
0.0
1.1551382111468238e-05
0.000148716846251852
0.00025897121795565145
0.00038775369215997816
0.0004860206143921026
0.0005183584324210936
0.0006004755180879294
0.0006395240317069731
0.0005859578960888025
0.0005184102256343508
0.00046760846048286424
0.0003655439182046173
0.0002714978506593422
0.0
0.0
0.0
0.0
0.0
0.0
0.0
0.0
0.0
0.0
0.0
1.1761613447375774e-05
0.00013616442677343707
0.00022165499335916565
0.00030828765865822705
0.0003435241106185531
0.0003711929440150656
0.0003953131732197596
0.00040989467573147707
0.0003962143074733951
0.0003243889747438854
0.0002183158324197559
0.00012083914524274241
5.059278487359847e-05
0.0
0.0
0.0
0.0
0.0
0.0
0.0
0.0
0.0
0.0
0.0
0.0
5.619344517602228e-07
2.0682851717084616e-05
0.00010208277540036271
0.0002008882385741226
0.00027137336658182695
0.00032776620432049776
0.0003946486271548922
0.00040545029233604796
0.00036975594010277805
0.00031835244166754877
0.00026087588959645676
0.00018512724514029187
0.0
0.0
0.0
0.0
0.0
0.0
0.0
0.0
0.0
0.0
0.0
0.0
2.540895578013235e-06
3.200503660182232e-05
0.0001219152020411395
0.0002036893550654889
0.00026076037313013006
0.00032652530431934293
0.0003829830165064736
0.00038923723646796485
0.0003894583550063399
0.000343833938007326
0.00029690865204604354
0.00023010926247533648
0.0
0.0
0.0
0.0
0.0
0.0
0.0
0.0
0.0
0.0
0.0
0.0
1.9495491282216056e-05
0.00018350657104155446
0.00030398478353886826
0.0003729033075389485
0.00041012099707958186
0.0004575723583906864
0.00048683152865885054
0.0005296838382775718
0.0005208068191187355
0.00041886286646505106
0.00033953676654644853
0.0002576835007734844
0.000161038246138312
0.0
0.0
0.0
0.0
0.0
0.0
0.0
0.0
0.0
0.0
0.0
1.0174641332128767e-05
0.0001249391883252742
0.0002068409585963394
0.0003093192762314462
0.0003613676811176679
0.0004444067392323023
0.00048303603710912025
0.00047468387859608867
0.0004658051062734717
0.00041045220645700525
0.0
0.0
0.0
0.0
0.0
0.0
0.0
0.0
0.0
0.0
0.0
0.0
0.0
0.0
4.277688255657447e-09
7.221237812199432e-05
0.00015259626125692195
0.0003205281603863682
0.0004217238425464068
0.0004277408483966877
0.0004810969792257129
0.0005215559834807701
0.0005313784233405414
0.00044015211112069004
0.0
0.0
0.0
0.0
0.0
0.0
0.0
0.0
0.0
0.0
0.0
0.0
0.0
0.0
2.2084331613529548e-05
7.192337954732046e-05
0.00016290083453465384
0.00021376513077243318
0.000248915394424591
0.0003014033471721592
0.0003690754978258937
0.0004230336246457529
0.0004432989929054152
0.00039385497801874017
0.00032443235802329465
0.000239412910825612
0.0
0.0
0.0
0.0
0.0
0.0
0.0
0.0
0.0
0.0
0.0
8.712554866552477e-06
0.0001873542179634611
0.00032349251865865675
0.0004480110938063183
0.0005432983194319448
0.0006284331701952747
0.0006732221238301988
0.0007119692526328054
0.0007199881618081157
0.0006945303696286002
0.0006386875066542126
0.0005681264241632992
0.00048263584250317056
0.0
0.0
0.0
0.0
0.0
0.0
0.0
0.0
0.0
0.0
1.3296844026657307e-06
5.4845373073990714e-05
0.0002289268208119076
0.00031604533825584075
0.0003973431426829738
0.0004814135972750398
0.0005825824154746353
0.0006470716271665147
0.0007075826605043189
0.0007268590439798284
0.0007521887982789013
0.0007248150915043253
0.0006149326233837623
0.00046982640462083565
0.0
0.0
0.0
0.0
0.0
0.0
0.0
0.0
0.0
0.0
0.0
1.5159431915535428e-05
0.00014321167427559114
0.00022035960590646828
0.0003017128102097564
0.0004038372111219677
0.00048522003990871904
0.0005838128789520109
0.0006425198221656481
0.0006395428160238094
0.0006653368074342305
0.000621504982198749
0.0005381981616543101
0.00044892644501736263
0.0
0.0
0.0
0.0
0.0
0.0
0.0
0.0
0.0
0.0
4.4252015559282126e-07
6.411132308814864e-05
0.0002892184332104806
0.000503677093582675
0.0006536446887285759
0.0007372797816076335
0.0007846316851771821
0.0008361961871540945
0.0008861755236114318
0.0008802876309267421
0.0008792847420359264
0.0007376092443370799
0.000586202945477494
0.0004816341746228443
0.00035064316263033925
0.0
0.0
0.0
0.0
0.0
0.0
0.0
0.0
0.0
0.0
3.5883636304176662e-06
3.5456046784957724e-05
0.00015758563888765411
0.00021296231675632462
0.0002996614642484711
0.0004066649489253646
0.0004720610504752107
0.0004706662294603319
0.000432931582778942
0.0002873166508419726
0.00021088484900782834
0.0
0.0
0.0
0.0
0.0
0.0
0.0
0.0
0.0
0.0
0.0
0.0
0.0
1.4544288321020495e-07
4.505962830936346e-05
0.0001451076099348078
0.0003022341741416043
0.0004234067627607717
0.0004991574561887703
0.0005556597597066357
0.0006310605556812848
0.0006698196752731285
0.0006311485088289318
0.000547347446569867
0.0004639768296795989
0.00035819944781026637
0.0
0.0
0.0
0.0
0.0
0.0
0.0
0.0
0.0
0.0
0.0
1.334462917760702e-05
0.00019573756456449045
0.00031428554157557744
0.00042419983239985585
0.000493611508147886
0.0005576577280682318
0.0006307452603427954
0.0006565068791132535
0.0006936510794600695
0.0006985819204066954
0.0005967564711193341
0.0004786807717340295
0.00037761257418097814
0.0
0.0
0.0
0.0
0.0
0.0
0.0
0.0
0.0
0.0
1.6817441759121983e-06
2.615209949302147e-05
0.00012962118959282227
0.00016525211287724342
0.0002096806433415568
0.00023049612818223567
0.0002420774966350005
0.0003105713303158555
0.000399052474220085
0.00046893204715429124
0.0005007609544497267
0.0004639357852832983
0.00043071435761952347
0.00033262124307879674
0.0
0.0
0.0
0.0
0.0
0.0
0.0
0.0
0.0
0.0
0.0
2.861797255980373e-05
0.00018250899400411308
0.0003667336974595258
0.0006132867227866165
0.0007221387753668727
0.00079397713228921
0.0008459040050513448
0.0008941432385839198
0.0007975158761551151
0.0006595857437163675
0.0005935675885790455
0.0005495604241264432
0.00047233709057674855
0.0
0.0
0.0
0.0
0.0
0.0
0.0
0.0
0.0
3.748065974795765e-05
9.68604497489668e-05
0.0001924104915640325
0.00037458026874981625
0.0004340200636125336
0.0005402958873997648
0.0005934685279458008
0.0006658033253753477
0.0007640177609837372
0.000855593752938409
0.0008653097099073658
0.0008382599039548387
0.0007454027744173033
0.0007392410826293959
0.0005801132121372997
0.0
0.0
0.0
0.0
0.0
0.0
0.0
0.0
0.0
1.285803008186269e-05
3.990359140659936e-05
0.00010178298593015685
0.0002505480629952623
0.00043033270067896424
0.0005694651607443479
0.0006440195635715543
0.00069109116554336
0.000719783691448203
0.0007594837387718326
0.0008026312664929462
0.000762255893427872
0.0006227230737718438
0.000543612032562682
0.0004312729286990727
0.00030792729817350997
0.0
0.0
0.0
0.0
0.0
0.0
0.0
0.0
0.0
0.0
8.228117893548524e-06
0.00011156806368813026
0.00026998939744987563
0.00037156785756725327
0.0005256984347289746
0.000597998774215196
0.0006698036959274826
0.0007177984647578563
0.0007597757028860036
0.0008038950792946805
0.000714716095769614
0.0
0.0
0.0
0.0
0.0
0.0
0.0
0.0
0.0
0.0
0.0
0.0
0.0
0.0
3.450572440136868e-05
0.00011957029430706552
0.000220150318560848
0.0002942603391654443
0.00036274912549989335
0.00041886928106153564
0.00046175981732159664
0.00047315826795745207
0.0004526518131243046
0.0004055655472604991
0.00032918643771818014
0.00022264856225514697
0.0
0.0
0.0
0.0
0.0
0.0
0.0
0.0
0.0
0.0
0.0
6.865416615013295e-07
6.493557069419836e-05
0.00018610635700800048
0.0003081347437649914
0.00037282236075232745
0.00042225460819898537
0.0004833073201485025
0.0005493086761971781
0.0005728327249740312
0.0005635503819196084
0.0005197061596219313
0.000441873918481458
0.0003568536016004543
0.0
0.0
0.0
0.0
0.0
0.0
0.0
0.0
0.0
0.0
0.0
1.8205016299332197e-05
0.00013741158209011522
0.00022757709786261584
0.00036287409206544274
0.0004609191247348407
0.0005324101328365727
0.000578152737131235
0.0006092727502715754
0.0006132363520976511
0.0005836408543181147
0.0005170601883797855
0.0004410434771791217
0.00033706305175551445
0.0
0.0
0.0
0.0
0.0
0.0
0.0
0.0
0.0
0.0
0.0
4.723757039023092e-06
0.00013271598359668966
0.0002418801305400709
0.00036321030368106823
0.0004417307487938917
0.0004936711111535856
0.0005470907255038925
0.0005632885424294547
0.000573279719752321
0.0005656233902917204
0.0004972651433762728
0.0003932537585047323
0.0002776411981763223
0.0
0.0
0.0
0.0
0.0
0.0
0.0
0.0
0.0
0.0
0.0
1.5328538177387854e-07
6.968155071203384e-05
0.00016922432610758486
0.00022775282112970463
0.0002708039293135656
0.00032682636035194664
0.00037522897494318176
0.0003372018922813283
0.00031638466702873
0.00031106682764560416
0.0002298010155425842
0.0001906230205894335
0.00014994478845031732
0.0
0.0
0.0
0.0
0.0
0.0
0.0
0.0
0.0
0.0
0.0
0.0
5.640454251970927e-05
0.00017973353515097888
0.0003136885481042692
0.0004003044600208145
0.00043438868638968057
0.0004118723645758179
0.00040312720001124143
0.00047400571393361806
0.0005249108618239604
0.0004250709451752843
0.0003150187602570301
0.000213231845786807
0.00011110466408861384
0.0
0.0
0.0
0.0
0.0
0.0
0.0
0.0
0.0
0.0
0.0
5.626306776557579e-06
0.00010913505753722141
0.00022895577034141832
0.000376888187504878
0.00047489773137911965
0.000515901024194631
0.000543794443488053
0.0005586764314473605
0.0005907842033349422
0.0005369631155515293
0.0
0.0
0.0
0.0
0.0
0.0
0.0
0.0
0.0
0.0
0.0
0.0
1.1060600367095825e-06
9.119779130769777e-05
0.0003365274597142575
0.0004940809982917834
0.0006252165708732385
0.0007257755676927573
0.0008156161803326427
0.0008660746532430534
0.0009323945516945605
0.0009393139585005082
0.0009112982483557684
0.0008404903540284788
0.0007351489865381904
0.0006060818519910236
0.0
0.0
0.0
0.0
0.0
0.0
0.0
0.0
0.0
3.752031493818121e-05
9.401553821773321e-05
0.00024918834635072936
0.00046359910118733773
0.0006181249113388929
0.000763431184844947
0.0008219749464543155
0.000860315032234828
0.0009209606564704373
0.0009865720176186219
0.000980571846550484
0.0009467043235239564
0.0008601184968163151
0.0007623321054125694
0.0006607818411639285
0.0
0.0
0.0
0.0
0.0
0.0
0.0
0.0
0.0
4.500059752674443e-05
7.834066897842964e-05
0.0001611935658468117
0.0003111248498850512
0.00039044568885358356
0.0004754922101915061
0.0005108363708489446
0.000577112435694244
0.0005898667026801904
0.0006247895234740977
0.0006274929074406069
0.0006023900235577072
0.0005391010568278888
0.0004531705010173261
0.00039707750308291026
0.0
0.0
0.0
0.0
0.0
0.0
0.0
0.0
0.0
6.708334032463028e-07
1.4167533057927207e-05
8.670011610013459e-05
0.0002218934959439009
0.00032544635196664855
0.00044012488877337745
0.0005372461275454515
0.0006157597615755519
0.0006380905789146498
0.0007159804706496947
0.0007359276893373981
0.0007050861341945038
0.0006360369419046206
0.0005577605996946971
0.0004509741677941786
0.0
0.0
0.0
0.0
0.0
0.0
0.0
0.0
0.0
2.0802795060304925e-06
1.5088618372134392e-05
0.00010726593653953322
0.00030386054361256136
0.0004374367810081883
0.0005823260434069935
0.0006841594497725696
0.0007289230541354174
0.0007795489762062031
0.0008636510031307986
0.000898634400588455
0.0008774180672257257
0.0007968667781335998
0.0006906351966154233
0.0005878488459672077
0.0
0.0
0.0
0.0
0.0
0.0
0.0
0.0
0.0
1.622026439075709e-05
6.269978870023508e-05
0.00016333375401434536
0.00034256331266329726
0.0005286698668716178
0.0006971875801126301
0.0007925031115439154
0.000890694518081601
0.0009376829622593256
0.0009221787046135341
0.0009146371208352357
0.0008825430893699717
0.000741811250549411
0.0006305318020692192
0.0005378680526453061
0.00038863239572818696
0.0
0.0
0.0
0.0
0.0
0.0
0.0
0.0
0.0
0.0
6.571771477387057e-05
0.00020417473720304283
0.0003205136799054374
0.000383737001583759
0.0004853788642981125
0.0003363630389222948
0.00031155832595695373
0.0004557717231741423
0.0005036984709457532
0.0004940772053205167
0.0005010580307179153
0.0
0.0
0.0
0.0
0.0
0.0
0.0
0.0
0.0
0.0
0.0
0.0
0.0
0.0
2.4609980739282206e-05
5.325390694885617e-05
0.00012841199159305746
0.0001919577339216002
0.00021833395929266272
0.00023481308865734704
0.00027136667496867507
0.00028846104696781744
0.00029171286143688104
0.0002546897878168479
0.00021471944143712005
0.00017285858646446403
0.0
0.0
0.0
0.0
0.0
0.0
0.0
0.0
0.0
0.0
0.0
7.707257219036377e-08
4.002720920355385e-05
0.0001015439952701738
0.00020316132366184577
0.0002687350551069291
0.00034878861281528327
0.0004290351430381702
0.0004816409184113602
0.0004850553586643736
0.00044925470930921353
0.0003760340529526297
0.0003153312357108812
0.0002769147702283434
0.0
0.0
0.0
0.0
0.0
0.0
0.0
0.0
0.0
0.0
0.0
4.378744377416755e-06
0.00010139838148532913
0.00020327437683492894
0.00024603576017397197
0.0003782984949969704
0.00048384305220802314
0.0005254693335289358
0.0005955510695185662
0.0005810630188170816
0.0005688853400398402
0.0005178145950419022
0.00044996210371540436
0.000383827230538923
0.0
0.0
0.0
0.0
0.0
0.0
0.0
0.0
0.0
0.0
0.0
1.8867958047920382e-05
0.00017357943925723102
0.00027887856231310784
0.0003907843250618824
0.0004682701201073898
0.0005288915452393552
0.0005944519175460021
0.000638998740081936
0.0006384385683583426
0.0006365805811365409
0.0006041411376812681
0.0005343549063241127
0.0004517642519921577
0.0
0.0
0.0
0.0
0.0
0.0
0.0
0.0
0.0
0.0
2.9679999525613732e-06
9.29844030785386e-05
0.00028054340826862574
0.0003842745607312508
0.0004709594598758471
0.0005286589426758102
0.0005981629794315742
0.0006599514371818407
0.0006997926397674828
0.0006988617341919794
0.000686675362697163
0.0006219563807060371
0.000513349076889275
0.0004355353725123036
0.0
0.0
0.0
0.0
0.0
0.0
0.0
0.0
0.0
0.0
5.646042574580082e-07
2.6599789385456717e-05
0.0002022343867074507
0.00041038383628403714
0.0005788547242399695
0.0006709498422451794
0.0007158536482198062
0.0007713629936991022
0.0007730901938854104
0.0007647962901001496
0.0007531157929991907
0.0006147330192533948
0.00047517655940296845
0.0003575901163010618
0.00021378263593867673
0.0
0.0
0.0
0.0
0.0
0.0
0.0
0.0
0.0
0.0
4.7200686416350384e-05
0.00018744676923849218
0.00035427078970260497
0.00048151690627733397
0.0006494222383796427
0.0007684738162351665
0.000854745948129374
0.0009111460474881752
0.0009259315372397252
0.000969003211467074
0.0008660160373635998
0.0
0.0
0.0
0.0
0.0
0.0
0.0
0.0
0.0
0.0
0.0
0.00011602647943676994
0.00019852546632174664
0.0003620105702052688
0.0006067395933307878
0.000742442453443822
0.0008702712521143288
0.0009596386532927937
0.0010404539923296256
0.0010929398511020265
0.001169984240533126
0.0011954478198602234
0.0011707793485765596
0.0010862896340387632
0.0009735860095586589
0.0008345858834924402
0.0
0.0
0.0
0.0
0.0
0.0
0.0
0.0
0.0
0.00014774073705882846
0.00020186575333157905
0.00035974294242714075
0.0006246845766834942
0.0007703430158344628
0.0008779460406395704
0.0010295059210125208
0.001138571279160176
0.001166676410014134
0.0012290869622513347
0.0012450938362936548
0.0012001316452267031
0.0011088819053044062
0.0009800596399207862
0.0008033026988269593
0.0
0.0
0.0
0.0
0.0
0.0
0.0
0.0
0.0
0.0
0.0
0.00023144402643422964
0.00034435058953723424
0.0005558809153396201
0.0006865451605268885
0.0008512037245748705
0.0009376110746124312
0.0009677204435195275
0.0007008301974165325
0.0004165232895428007
0.0002631845075824023
0.00016006082935176644
0.0
0.0
0.0
0.0
0.0
0.0
0.0
0.0
0.0
0.0
0.0
0.0
0.0
3.3709309074625657e-06
0.0001371412612191978
0.000237897402978576
0.00033185081766087365
0.00039886347854190045
0.00046394991702587295
0.0005028599439884886
0.0005396687340081453
0.0005538583336979684
0.0005397016824262612
0.0004647692724791558
0.00036264435374384847
0.0002781760404128246
0.0
0.0
0.0
0.0
0.0
0.0
0.0
0.0
0.0
0.0
0.0
0.0
2.5258179940686454e-05
0.00013639488020588376
0.00026872070664926104
0.0003815047657008475
0.00045169758145630664
0.0005109842639079381
0.0005837928826242109
0.0005958168146110575
0.0005634637218885059
0.0005104912463002464
0.00045604706976550024
0.00034716720728895315
0.0
0.0
0.0
0.0
0.0
0.0
0.0
0.0
0.0
0.0
0.0
8.164319217488778e-06
0.0001762682876238397
0.0003395054223404555
0.00045450052899268965
0.0005401382706230574
0.0005996345133781256
0.000649852317396844
0.0007126102226547022
0.0007109482948010887
0.0007076635960871736
0.0006088576019591807
0.0005092915836931401
0.00042206258139538936
0.00024469405138829477
0.0
0.0
0.0
0.0
0.0
0.0
0.0
0.0
0.0
0.0
9.931115534384104e-06
0.00011130892641067899
0.0003024279103432385
0.0004274852717869644
0.0005645919803566791
0.0006273234238915118
0.0006335941911669934
0.0005519765891304902
0.0005824691823733219
0.0006511089238565215
0.0004196561068894331
0.0
0.0
0.0
0.0
0.0
0.0
0.0
0.0
0.0
0.0
0.0
0.0
1.2637491388476913e-06
7.868067387000632e-05
0.0002540398552461545
0.0003844978455309885
0.0005286486241872487
0.000608406398635799
0.0007019430845659697
0.0008076499004930971
0.0008968249196221232
0.0008987521849908827
0.0007520723142958939
0.000620964967517413
0.0005621471726275439
0.0004721672098620801
0.0
0.0
0.0
0.0
0.0
0.0
0.0
0.0
0.0
5.6460706637617215e-06
3.960538042314716e-05
0.00015554269148149524
0.00036284516343408494
0.0005066148009687266
0.0006475028215219696
0.0007279971588197698
0.0007636770585675945
0.0008052355481990566
0.0008506553271555397
0.0008339330666116988
0.0007841750187678234
0.0007208012730527588
0.0006326855345556628
0.0004895264948596707
0.0
0.0
0.0
0.0
0.0
0.0
0.0
0.0
0.0
0.0
0.0
6.990528553672477e-05
0.000306391549608274
0.00042398685657836434
0.0005323044446704891
0.0006141257289356132
0.0006938455352841805
0.0007676899489868887
0.000850308027981868
0.0009005541789537363
0.000859940462939364
0.0007612671851788056
0.0006659575735454586
0.0005809109008135422
0.0
0.0
0.0
0.0
0.0
0.0
0.0
0.0
0.0
0.0
0.0
6.367978803550191e-05
0.00029975643272781336
0.0004590320853036743
0.0006033453913005101
0.0007044607638578069
0.0007962413649613456
0.0008250209051943702
0.0008462173000989635
0.0008948793300593275
0.0009074226393117768
0.0008173076107030789
0.0006972697826261026
0.0005915216048456179
0.0
0.0
0.0
0.0
0.0
0.0
0.0
0.0
0.0
0.0
2.0404925088026015e-05
0.0001627119660710549
0.0003979577752180625
0.0005396583439121879
0.000684727573521895
0.000763802091817865
0.0007985947329909203
0.0008763908036602871
0.000923751802967698
0.0008250150415474601
0.0006932806763370925
0.0005741022969247936
0.0004972582967421315
0.00041859302807825303
0.0
0.0
0.0
0.0
0.0
0.0
0.0
0.0
0.0
0.0
5.585020605553846e-06
0.000105790910672515
0.0003275369089310975
0.0005220921236436639
0.0006869743299803551
0.0007939107177803606
0.0008184206876243479
0.0006188409207631417
0.00046486256508045007
0.00047274687920658147
0.0005184957059938594
0.00041564171100243695
0.00032426276005265934
0.0002456892208705287
0.00014571801128630265
0.0
0.0
0.0
0.0
0.0
0.0
0.0
0.0
0.0
0.0
6.314959147041072e-05
0.00021888160440179812
0.0003747158352152426
0.0004878873814796259
0.0006504774621685012
0.0005454953875509495
0.0005426185147000487
0.000419125219140344
0.0003347733438287968
0.00047491145188735274
0.000522706907316943
0.0
0.0
0.0
0.0
0.0
0.0
0.0
0.0
0.0
0.0
0.0
0.0
1.804713660548314e-05
0.0001661061951584354
0.00038437086577322555
0.0005433698615060696
0.0007002645359880863
0.0007981405503721909
0.0008151930027218183
0.000841163552785551
0.0008033124929817908
0.0007489861539440841
0.0007256271240359288
0.0006493504828751066
0.0005474755626966694
0.00044948547645531076
0.0
0.0
0.0
0.0
0.0
0.0
0.0
0.0
0.0
0.0
0.0
3.4384505869694626e-05
0.00023708270172571855
0.00035084666739632606
0.0004534506138563211
0.0005279395388293736
0.0006028096672284259
0.0006732950590195046
0.0007473016880125308
0.0007749310045701267
0.00076560147997734
0.0006879689324760677
0.0006138197824774561
0.0005150116699949395
0.0
0.0
0.0
0.0
0.0
0.0
0.0
0.0
0.0
0.0
1.6464484080695946e-06
7.622647718097735e-05
0.00029096938001173744
0.000466993290871831
0.0006154321678743073
0.0007292078863354167
0.0007458735299996118
0.000749062459314858
0.0008287766236657933
0.0008427244516145425
0.000813635754864496
0.0007570085908911793
0.0006728248134517727
0.0005676649417546299
0.0
0.0
0.0
0.0
0.0
0.0
0.0
0.0
0.0
0.0
2.764598526747614e-06
6.066424881227092e-05
0.0002863407404364763
0.00044245588307575734
0.0006092841238891748
0.0007248152039971944
0.0008248406639408336
0.0008709173458986437
0.0008563740233012523
0.0008334545767153183
0.0006729513049782497
0.0004901662122448634
0.0004851040526443849
0.00041305090657662387
0.0
0.0
0.0
0.0
0.0
0.0
0.0
0.0
0.0
0.0
7.012365742254076e-06
0.00011701570394931676
0.0003399809716437903
0.00042389603359735027
0.00047570178855736364
0.0005036481711858074
0.0005574229182104181
0.0006697352988691506
0.0007809580699285665
0.0008189032471778512
0.0008138396556308732
0.0007667828801942434
0.0006894802109196827
0.0005312069876431455
0.0
0.0
0.0
0.0
0.0
0.0
0.0
0.0
0.0
0.0
1.176401649446018e-07
2.2648875392942942e-05
0.0001415103839984846
0.00023058391479966936
0.0003090053821217134
0.0004018717726355073
0.00046414694401186236
0.00046507620396910536
0.00049413159577996
0.0004814400864220451
0.00048722143168890357
0.00036129978475947364
0.0002641297746570551
0.00018742623146922552
0.0001018140664391276
0.0
0.0
0.0
0.0
0.0
0.0
0.0
0.0
0.0
0.0
0.0
0.0
1.3205199932276104e-05
2.4527033076373526e-05
0.00011894300219641256
0.0001755169527125627
0.00018121315103570947
0.00016522262227758577
0.00016114016368151327
9.110204179873642e-05
7.492245228574735e-05
0.0
0.0
0.0
0.0
0.0
0.0
0.0
0.0
0.0
0.0
0.0
1.719500687146429e-09
1.715980124861222e-05
0.00011422981473767157
0.0002799676512552003
0.00036929877384235456
0.0005333204442694855
0.0006353442613884962
0.0007253041468325162
0.0007216042776587195
0.000725706979545173
0.0007333953117914441
0.0006834295899016294
0.0005888467170963737
0.0004984220958900171
0.0004014183604146072
0.0
0.0
0.0
0.0
0.0
0.0
0.0
0.0
0.0
3.6235371587039517e-06
2.738260735910839e-05
0.00010639368436790562
0.0003094267727520588
0.0004336660982961187
0.0005692354820750319
0.0006454106732755233
0.0007184955663927224
0.0007981144313073233
0.0008352709393685886
0.0007845326704725974
0.000725208869369768
0.0007069097088007592
0.0005928597750289117
0.0004296658649748737
0.0
0.0
0.0
0.0
0.0
0.0
0.0
0.0
0.0
5.608585790571661e-06
2.8134901906740245e-05
0.00010698596392596428
0.000327200145204078
0.0005129680091338474
0.0006555066757589244
0.0007596880351330207
0.0008408409784343905
0.0009060509823023617
0.0009414654085557106
0.0009295929039246682
0.0008618376316363668
0.0007925780856117545
0.0005982612698225119
0.00047038506180054214
0.0
0.0
0.0
0.0
0.0
0.0
0.0
0.0
0.0
5.636910721578312e-06
3.2685620711292854e-05
0.00018603739811819776
0.00040222099761384576
0.0005306674065260059
0.0006673011032140457
0.0007748567334378036
0.000877868553309529
0.0008900664749193695
0.0009647070967894046
0.0009763451303112433
0.0008301455499436232
0.0005824898890484608
0.00046735179975836556
0.0004274076862597836
0.0
0.0
0.0
0.0
0.0
0.0
0.0
0.0
0.0
0.0
1.0718562237554756e-05
0.000144567273531407
0.0003924203978599901
0.0005224643544733547
0.0006609726285996273
0.0007373474060192751
0.0008216549219677347
0.000881269282424236
0.0009548113388087593
0.0009960732109859627
0.0009359490675937898
0.0008340744398904313
0.0007532037367356362
0.0006366432552133047
0.0
0.0
0.0
0.0
0.0
0.0
0.0
0.0
0.0
5.894243270962441e-05
8.299168513301424e-05
0.00022056187356247556
0.0004275960327302319
0.0006292571718171851
0.0007611149279589998
0.0008494373397817631
0.0009208874618685265
0.0009280568262063646
0.0008600405019834558
0.0006992552479439505
0.0005098564642512204
0.00031954145989086086
0.0002945695666155938
0.0003496436392711802
0.00025192558793048897
0.0
0.0
0.0
0.0
0.0
0.0
0.0
0.0
0.0
0.0
0.00010870167802179579
0.00028148299366004866
0.0004723074695863363
0.0006255784159871355
0.0007869903596196094
0.0008392035496908073
0.0008814764264579455
0.0009296391599863777
0.0008351008831138526
0.0006108488408866334
0.00045371925483846207
0.0
0.0
0.0
0.0
0.0
0.0
0.0
0.0
0.0
0.0
0.0
2.5170581113166997e-07
2.2861398347207766e-05
0.00014132170910909785
0.0003680128660959761
0.000537107352641374
0.0006971787680648216
0.0007910414026488065
0.0008655915374320891
0.0009231298309305785
0.0009918988845073968
0.0010854065188250675
0.0010567801814427658
0.0009536351401094574
0.0008369070165065303
0.0007196548772362959
0.0
0.0
0.0
0.0
0.0
0.0
0.0
0.0
0.0
4.7785249271604406e-05
0.00010781240214038801
0.00028061951391977123
0.0005302762102614722
0.0006692607717744141
0.0008122351218790558
0.0008805710902178646
0.0007393407933017474
0.0006809246845997922
0.0007666580703585986
0.0009055940469586026
0.0008743006396240595
0.0006997504066369644
0.0005263690557648907
0.0004074072610466657
0.0
0.0
0.0
0.0
0.0
0.0
0.0
0.0
0.0
0.0
0.0
2.996505834924516e-05
0.00023662186151166714
0.0004040984691856703
0.0005622502037849331
0.0006503826847336035
0.0006873395785880934
0.0006266707007469948
0.0006446005532601667
0.0006593630264582251
0.0006450263700809684
0.0005873218920869224
0.0004937752235342212
0.00035932181275201473
0.0
0.0
0.0
0.0
0.0
0.0
0.0
0.0
0.0
0.0
0.0
1.1868907724217455e-07
0.00013467057176326803
0.0003000674981953542
0.00040153353048367454
0.0004784804112019349
0.0005472108671878225
0.0006006570234752456
0.0006509672953377545
0.0006670626293555465
0.000657402465567087
0.0005873717257346117
0.000503591156600057
0.00039294604902059675
0.0
0.0
0.0
0.0
0.0
0.0
0.0
0.0
0.0
0.0
0.0
1.1449606361832847e-05
0.00020938531878139267
0.0003685744379093033
0.0005155054412879738
0.0006130671544031808
0.0006753119780302571
0.0007425216758655099
0.0007888837952208195
0.0007332013850929197
0.0006814125933794374
0.0006106093565495452
0.0005261949443820894
0.0004380456220177722
0.0
0.0
0.0
0.0
0.0
0.0
0.0
0.0
0.0
0.0
1.1011915631844835e-06
8.459549720491872e-05
0.0002647887230347961
0.0004499554010132475
0.000612567816715452
0.0006794153071175749
0.0007141909960456402
0.0007985232124128773
0.0008686579238631266
0.0008541211516458317
0.0008132257232793228
0.0006359726253162727
0.0004994124843461289
0.0004158568213897311
0.0002810328345753366
0.0
0.0
0.0
0.0
0.0
0.0
0.0
0.0
0.0
0.0
7.491884926802085e-06
2.1489247370690125e-05
8.265121609480415e-05
9.194658860509375e-05
0.00013461419739824973
0.00020576851118874333
0.00029317257119522335
0.0003616532374312159
0.00039274986265153925
0.0003977796118882046
0.0003665420355531493
0.0
0.0
0.0
0.0
0.0
0.0
0.0
0.0
0.0
0.0
0.0
0.0
0.0
2.9970602371154472e-05
0.00023891137041255338
0.0003703004525797887
0.0005161505400777324
0.0006103403690658943
0.0006881193798489233
0.0007022055728951501
0.0007049716291178795
0.0007025151544413809
0.0007246191998323282
0.0006398232642462283
0.0005137400568082776
0.00040837190179665545
0.0
0.0
0.0
0.0
0.0
0.0
0.0
0.0
0.0
0.0
0.0
2.1645016878692915e-05
0.00017931438645333637
0.0002689661547709501
0.0003719641170906268
0.0004940269356168843
0.0006203359940962542
0.0007280217741785402
0.0007932355786939971
0.0008103751409541533
0.0007160604930983634
0.0006546213052451035
0.0005683672871509821
0.000368398754057184
0.0
0.0
0.0
0.0
0.0
0.0
0.0
0.0
0.0
0.0
0.0
1.9152571201097562e-05
0.000181213258037508
0.0002617634979029862
0.0003761410909898228
0.0004829293638171996
0.0006002133061414457
0.000675533681728358
0.0006780748245977789
0.0006655221176545721
0.0005358239432706703
0.00034959962029577554
0.00028233142238235845
0.00024343740021370196
0.0
0.0
0.0
0.0
0.0
0.0
0.0
0.0
0.0
0.0
0.0
1.4518786503193111e-05
0.00016479235971067843
0.000270214834415444
0.00039565152506964776
0.000500726112648616
0.0005984300427710959
0.0006605905890865283
0.0007568650813666055
0.000777375730614661
0.0007511835466269958
0.0006902725565344533
0.0005986010400303775
0.0004862091432027958
0.0
0.0
0.0
0.0
0.0
0.0
0.0
0.0
0.0
0.0
0.0
2.1951787789756427e-05
0.00021436378067382988
0.00036417143804106587
0.0005127999193233608
0.0006216644275412118
0.000720857270432284
0.0007817865878569695
0.0007945062116277344
0.0008153589439746178
0.0007652487954864728
0.0006485297958920494
0.0005460558421457246
0.00042237855575379487
0.0
0.0
0.0
0.0
0.0
0.0
0.0
0.0
0.0
0.0
0.0
2.322717909448233e-06
0.00012779426805526874
0.00029751699751041607
0.00044997656910143074
0.0005721059701885639
0.0006647779521181095
0.0006945713229221219
0.0007323808604336177
0.0007421508739752151
0.0006504275340806066
0.0005161767045080068
0.0004427533301586907
0.0003228594165117105
0.00020994028779720885
0.0
0.0
0.0
0.0
0.0
0.0
0.0
0.0
0.0
0.0
5.533995262290463e-07
2.6970435533321208e-05
0.0001748779794866398
0.0003221549377244257
0.0005221301169482295
0.0005762008434128192
0.0006031859654965066
0.0005882727076160928
0.0006276178053729837
0.000686617941298052
0.0005629688136637087
0.0
0.0
0.0
0.0
0.0
0.0
0.0
0.0
0.0
0.0
0.0
0.0
1.4520613203559384e-06
3.82802445452316e-05
0.00019929345617137074
0.00028847556626218336
0.0004298061475928111
0.0005845248738895442
0.0006913110149929525
0.0007310856057758708
0.0007908664556389631
0.0007713647882384239
0.0007004687233945654
0.0005697927949988275
0.00047595716460202667
0.00042271955081035257
0.0
0.0
0.0
0.0
0.0
0.0
0.0
0.0
0.0
0.0
7.683495256089076e-06
0.00013740931971594283
0.00041813362880205486
0.0005674964489377709
0.0006780360302001441
0.0007764366088535295
0.0008556383787090764
0.0009110819412877479
0.0009821889157108857
0.0009919673906693264
0.0009679505921909434
0.0008719952444751797
0.0007780319032846918
0.0006006622470279535
0.0
0.0
0.0
0.0
0.0
0.0
0.0
0.0
0.0
2.3266790020802406e-05
7.984021601936698e-05
0.00023540166347534188
0.0004762803695878945
0.000648619537401347
0.0008020008033946245
0.0008872087870097555
0.0009161562245264468
0.0008447920996279445
0.0006586727147034706
0.0005468519286546148
0.0005058782626947223
0.00042798542154869805
0.0003635527669939698
0.0003162233929573151
0.0
0.0
0.0
0.0
0.0
0.0
0.0
0.0
0.0
0.0
7.83849027319656e-06
0.00013377624735497448
0.00041494450157385265
0.0006055653005250503
0.0007667632662216171
0.0008417805260864505
0.0009067441221540858
0.00096071783080872
0.0008887525259998597
0.00071056789430189
0.000606927992167107
0.0005850813677921302
0.000564712516053966
0.0004809675337338769
0.0
0.0
0.0
0.0
0.0
0.0
0.0
0.0
0.0
7.294958436041874e-06
4.907654930311642e-05
0.0002209664338717745
0.0004879259073506089
0.0006418549535885054
0.0007933409457009995
0.0009093586200336429
0.000997370355065819
0.0010489723688762974
0.0010890880579385808
0.0010495284425004507
0.0009425051586059842
0.000796482889866275
0.0006824354315587973
0.0005844674569203311
0.0
0.0
0.0
0.0
0.0
0.0
0.0
0.0
0.0
1.7199892975325803e-05
2.8114747546596428e-05
0.00013444147092642967
0.0003611916810198674
0.0005552037895361897
0.0006988258697572717
0.0008075501164065222
0.0008992198004638122
0.0009434914967330774
0.0009732547590520323
0.0009877078056893366
0.0009609720251485523
0.0007619776292012366
0.0006026793523121698
0.0005341117982478211
0.00039195495088705667
0.0
0.0
0.0
0.0
0.0
0.0
0.0
0.0
0.0
0.0
7.120349599843774e-06
0.00013012863000129942
0.000312225923774957
0.00039832735499681246
0.0005345119870597708
0.0006286042245740588
0.000675245934488245
0.0007293450323707883
0.0007791059437779941
0.0008296027155608538
0.0007308862990662549
0.0
0.0
0.0
0.0
0.0
0.0
0.0
0.0
0.0
0.0
0.0
1.3536314220291283e-06
5.728687263909114e-06
0.00011188519687362734
0.0003433600888792326
0.000480400881022541
0.0006643018069535818
0.0007789214450690392
0.0008007295834811022
0.0006625671479498391
0.0006196193618887506
0.0006627540336947724
0.0007042598774177437
0.000672247305824871
0.0005913311948658538
0.0005116340301409865
0.0
0.0
0.0
0.0
0.0
0.0
0.0
0.0
0.0
1.318632450181818e-08
7.454142606276034e-06
0.00010153513131686615
0.0003675299773418948
0.0005053297481767723
0.0006392939753714272
0.0007339992207745363
0.0008045223952001039
0.000817140544411923
0.0008556475173940771
0.0008667171306419485
0.0008381807767466071
0.0007077098728814485
0.0005286793966221318
0.0003872097619183817
0.0
0.0
0.0
0.0
0.0
0.0
0.0
0.0
0.0
0.0
1.457391859527308e-05
0.00011804860381338581
0.00032005637954392595
0.0004608555051600457
0.000594711794234466
0.0006954607107233823
0.0007569391415822047
0.0008217051411409589
0.0008775662963986513
0.000915312306237795
0.00089638212462711
0.0007742566086871483
0.0006551057926732023
0.0005292472829848339
0.0
0.0
0.0
0.0
0.0
0.0
0.0
0.0
0.0
4.188572019795802e-06
2.7415463484385895e-05
0.00017552901589931366
0.000403985873388915
0.0005460526812442909
0.0006823610578626264
0.0007977495246826876
0.0008323172472309174
0.0008875655912237289
0.0009331644650788386
0.0008768300230393272
0.0006618957854863245
0.0004138479513753518
0.0003278344304736297
0.00027330256890470514
0.0
0.0
0.0
0.0
0.0
0.0
0.0
0.0
0.0
0.0
0.0
3.0362114788013115e-05
0.00025672607551423845
0.00042211329994324727
0.0005981841697676257
0.0006999512319944487
0.0007990531879008806
0.0007125389253512642
0.000752634633419752
0.000828019376047842
0.0008152377614237261
0.0007420345637126388
0.0006393189066204734
0.0005347413109431033
0.0
0.0
0.0
0.0
0.0
0.0
0.0
0.0
0.0
0.0
5.025082712699144e-06
9.494106039133572e-05
0.0003129943448236605
0.0005234999282918738
0.0006883717644436699
0.000771699724982674
0.0008343492374674462
0.0008789123957772076
0.0008999790473959515
0.0009250215059384793
0.0006929175921207373
0.00039216274637659274
0.0002981056263930952
0.00025151318410804037
0.0001619830941312925
0.0
0.0
0.0
0.0
0.0
0.0
0.0
0.0
0.0
0.0
0.0
5.6277016601405455e-05
0.0002676820490206381
0.00040185141988666276
0.000310136464731599
0.00030111156349177663
0.00045898525847879465
0.0006024113413607428
0.0006670913609496158
0.0007202237324855724
0.00066078984027941
0.0
0.0
0.0
0.0
0.0
0.0
0.0
0.0
0.0
0.0
0.0
1.0320564920089446e-05
7.583660263984391e-05
0.00019491620112399875
0.00041357896686536707
0.0005786225304818767
0.0007353619271723948
0.000840197789448724
0.0008895660652459231
0.0009318765461186316
0.0009228797701491014
0.0008607953025365388
0.0007633657358493799
0.0006012362570333955
0.0004641801498687825
0.0003501207704116414
0.0
0.0
0.0
0.0
0.0
0.0
0.0
0.0
0.0
0.0
0.0
1.937662395212004e-05
0.00022625843044613
0.00036988978270790666
0.0004960440442660185
0.0006174822596882083
0.0006884820917627433
0.0007322869759338588
0.0007421641696776119
0.0007321646914412318
0.0006965323628395848
0.0006289699910241578
0.0005254767715879078
0.00042859926809641393
0.0
0.0
0.0
0.0
0.0
0.0
0.0
0.0
0.0
0.0
0.0
1.2720573435193584e-05
0.00018137430700510823
0.0002920168972298208
0.00038624211073839406
0.0004719346653898767
0.0005472155906685562
0.0006107182419065584
0.0006645332156050768
0.0006937941934057866
0.0006878961604029959
0.0006056032124011388
0.0005115222268098416
0.00038955324732870797
0.0
0.0
0.0
0.0
0.0
0.0
0.0
0.0
0.0
0.0
0.0
0.0
1.8388322083000733e-05
0.00010932911395283143
0.00026074711857900873
0.0003802602979660501
0.0004880807472323693
0.0005734065265190192
0.000647277351726904
0.0006575507008040194
0.0005949029155477151
0.000519396594667757
0.00042541181410926074
0.0003131550723965453
0.0
0.0
0.0
0.0
0.0
0.0
0.0
0.0
0.0
0.0
0.0
0.0
4.861093664795299e-05
0.00021250868112377563
0.0003846437033849312
0.00046621459757829485
0.0005129578507011297
0.0005727434026738432
0.0006033726173799639
0.0006419890686836172
0.0006511892452149496
0.0005832593656703883
0.00045089459103322233
0.0003047106177476246
0.0
0.0
0.0
0.0
0.0
0.0
0.0
0.0
0.0
0.0
0.0
1.49092130026925e-05
0.00014086078812363385
0.00027753968119275817
0.00043349167542536656
0.0005576248408613402
0.0006139251567305137
0.0007016809311580252
0.0007428414660125567
0.0007679895615613471
0.0007248365072609842
0.000565069585111322
0.00040346257681366123
0.0002833025380587067
0.00015939622782022497
0.0
0.0
0.0
0.0
0.0
0.0
0.0
0.0
0.0
0.0
8.759371820137447e-07
2.9581745507530942e-05
0.00015681613223720965
0.0002629774967968379
0.0004058440918759284
0.0004720089080801521
0.0005360589169679977
0.0005529849767872257
0.000525944738016471
0.0004931207102605865
0.0004086810482977996
0.0
0.0
0.0
0.0
0.0
0.0
0.0
0.0
0.0
0.0
0.0
0.0
0.0
0.0
1.1832273286290187e-05
0.00015618098220630003
0.0002726525374983919
0.00040647244508333955
0.0004890584899803249
0.0005408422010130422
0.0005619302623338146
0.0005672788439299491
0.0005381875091923912
0.00044015944946468555
0.0
0.0
0.0
0.0
0.0
0.0
0.0
0.0
0.0
0.0
0.0
0.0
0.0
4.264364935484273e-05
0.00020511259085340589
0.000288995854206403
0.00041535249572877906
0.0005647595624764794
0.0006250097849309933
0.0006630560110597055
0.0006858102988927095
0.0006769711627838945
0.0006391798806357581
0.0005513055575643552
0.0004526465143417855
0.0003730621720801151
0.0
0.0
0.0
0.0
0.0
0.0
0.0
0.0
0.0
9.83393481346871e-06
4.340570534970121e-05
0.0001548982646846841
0.0003428460802173256
0.00045948343036745744
0.0005695956254569224
0.0006330181615205238
0.0006924511939114446
0.0007423695825185227
0.000739004206714326
0.0007626151715263003
0.0007417230847860865
0.0006491274244472049
0.0005366721068380534
0.00043549604630768534
0.0
0.0
0.0
0.0
0.0
0.0
0.0
0.0
0.0
0.0
8.981959960260011e-06
9.158969401432095e-05
0.00028023145428315296
0.00037815686005134903
0.0005333230743271803
0.0006328546098611229
0.000674382143269757
0.0007277434695924182
0.0007370675827680135
0.0007245699161297744
0.0007294738765153488
0.0006598918805964755
0.0005307717098662425
0.00039546290894536604
0.0
0.0
0.0
0.0
0.0
0.0
0.0
0.0
0.0
0.0
0.0
2.8636503898095374e-05
0.00023265390941469167
0.00039327497344890784
0.0005283224493464976
0.0005995281919081938
0.0006618296996725458
0.0007115118805546016
0.0007395243748589905
0.0007328375764194243
0.0006903464444305488
0.0006180823484780458
0.0005064436844740766
0.0004073251817878575
0.0
0.0
0.0
0.0
0.0
0.0
0.0
0.0
0.0
0.0
0.0
4.362756431873973e-06
7.685383550315564e-05
0.00020174692870986643
0.00037199805667235443
0.00047560647737717886
0.000566292248079239
0.0006524385223403678
0.0006916810769949565
0.000699434350410563
0.0006719872562905561
0.0005179771669981733
0.00038735239992914773
0.000294845994216377
0.0001703968926965764
0.0
0.0
0.0
0.0
0.0
0.0
0.0
0.0
0.0
0.0
0.0
1.1017348616247057e-05
0.00017502025577814675
0.0003210569870188945
0.0004945134779695355
0.0005875193878424285
0.0006251631824066044
0.0006448144221359871
0.0006309973001411731
0.0005911284605963805
0.0004965014730702607
0.0
0.0
0.0
0.0
0.0
0.0
0.0
0.0
0.0
0.0
0.0
0.0
0.0
3.0294606219694074e-05
0.0002756727786901457
0.00046038784986088217
0.0005722403596562587
0.0006482139049039807
0.000711676548419774
0.0007777693248476662
0.0008260113326642958
0.0007941935550926174
0.0007389651902698586
0.0006523061075831649
0.0005634290410014258
0.00043550453775849683
0.0
0.0
0.0
0.0
0.0
0.0
0.0
0.0
0.0
7.162876731491528e-06
4.258507098563447e-05
0.00011773288076074863
0.00033387426322195135
0.0004679425819114371
0.0006148108617413056
0.0007204159013963061
0.0008085724720721803
0.0008745761458893397
0.0007336543389290363
0.0006585926307756251
0.0006399893686145572
0.0005575542885634516
0.00046459768736121186
0.00035625140896844963
0.0
0.0
0.0
0.0
0.0
0.0
0.0
0.0
0.0
0.0
0.0
3.6932218315678053e-06
0.00011430671607183971
0.0002619576910842489
0.0004162693747442887
0.0005093488228568564
0.0005532578830212287
0.0006028881731959659
0.0006278927958634584
0.0006285201938447167
0.0005717834731838433
0.0004717258361214269
0.00035471958672451015
0.00023897812945901178
0.0
0.0
0.0
0.0
0.0
0.0
0.0
0.0
0.0
0.0
0.0
0.0
5.911125816133257e-06
6.443781329485268e-05
0.0001986054565112437
0.0003047905129917418
0.0003319056387235172
0.0003458014431118
0.0004070726884279353
0.0003854650350795264
0.00036057137215035254
0.000298423129971783
0.0002002039992335993
7.377846537819132e-05
0.0
0.0
0.0
0.0
0.0
0.0
0.0
0.0
0.0
0.0
0.0
0.0
2.3980072660605574e-05
0.00018649174922856347
0.0003567411854410162
0.0004692193429447283
0.0005627012570015478
0.0006486258217180954
0.0007171195828187912
0.0007375593049774937
0.0006950634006824754
0.0005938901085255719
0.00042989314339643344
0.000293559866364134
0.0
0.0
0.0
0.0
0.0
0.0
0.0
0.0
0.0
0.0
0.0
8.459200461247956e-07
0.0001431819589483539
0.00036435677997725675
0.0005271934172746145
0.0006037302072360792
0.0006819884861435309
0.0007179963044208839
0.0007244906957183865
0.0007474156962951297
0.0007223509596866129
0.0005433744559617639
0.00034681447286653703
0.00022889815115036924
0.00014164859897822872
0.0
0.0
0.0
0.0
0.0
0.0
0.0
0.0
0.0
0.0
0.0
0.0
1.7762975515616677e-05
5.270808389084284e-05
0.0001654145373884948
0.00021598014501835044
0.0002581089025673066
0.00028542861639792755
0.0003138144584992119
0.0002776733373560238
0.00022226994448751834
0.0
0.0
0.0
0.0
0.0
0.0
0.0
0.0
0.0
0.0
0.0
0.0
0.0
0.0
1.307163904878901e-05
4.086636433058961e-05
8.516685330351902e-05
0.0001369811990994388
0.0001934772724828509
0.00023930590056614248
0.0002765991794571185
0.0003539846014676965
0.0003908181343505757
0.0003278297037038093
0.0002267979440370673
0.000153584973951099
0.0
0.0
0.0
0.0
0.0
0.0
0.0
0.0
0.0
0.0
0.0
1.1569547439527438e-05
0.00013282560974175295
0.0002142330532550001
0.00029944260862680024
0.00036527955912197163
0.0004285264145933449
0.00044625464672798474
0.0004611518995114012
0.0004601201983879102
0.00045469429952393805
0.00038330634533953977
0.0002599669553898427
0.00018216286108248576
0.0
0.0
0.0
0.0
0.0
0.0
0.0
0.0
0.0
0.0
0.0
0.0
8.71245259844435e-05
0.0002561117261986284
0.000425997065776211
0.00048299755932526426
0.0005468599815348728
0.0005918312372861392
0.0006451904984810199
0.0006655179581888012
0.0006246408899256614
0.0005309469747496496
0.00038864973169408783
0.0002539295724022552
0.0
0.0
0.0
0.0
0.0
0.0
0.0
0.0
0.0
0.0
0.0
3.518734591207929e-06
0.00018991117700048506
0.00038213897435117377
0.000526649210444394
0.0006333318995883474
0.0006994950616062048
0.0007528020894966532
0.0008053398591315983
0.0007820328021446337
0.0007089291935968893
0.0006119695089473193
0.0004663753436598984
0.00038008343826256206
0.0
0.0
0.0
0.0
0.0
0.0
0.0
0.0
0.0
0.0
0.0
1.4673225231137692e-05
0.00014272102017277334
0.00021881947182204908
0.00035163506199415204
0.000484415166742102
0.0006057886986099186
0.0006799483494408452
0.0007317688490003977
0.0007453056840118218
0.0007025764575919802
0.0005759884987208516
0.00041938965463074235
0.00029720617194984043
0.0
0.0
0.0
0.0
0.0
0.0
0.0
0.0
0.0
0.0
0.0
1.489545450472985e-06
5.822175476640669e-05
0.00021207401962593028
0.00035169872127990457
0.00042655463110079727
0.000419219650338921
0.00045447728117746543
0.0005320694061790706
0.0005468773282270574
0.0004839910055737459
0.00031284670081657554
0.000205733440910692
0.00015980240803946985
6.176661149607209e-05
0.0
0.0
0.0
0.0
0.0
0.0
0.0
0.0
0.0
0.0
0.0
0.0
0.0
1.1498590314831443e-06
4.0871112963767533e-05
0.00010047528471893036
0.0001447180441404496
0.0001899610212618077
0.00023277837333479887
0.00017068609741028443
0.00011332899695502774
0.0
0.0
0.0
0.0
0.0
0.0
0.0
0.0
0.0
0.0
0.0
0.0
0.0
0.0
9.418496734714528e-05
0.00023127168546939795
0.00036783562855081703
0.0004805518969163592
0.0005635645586960262
0.0006331691176932789
0.0006920252127297806
0.0006981889034205842
0.0006673449520528231
0.0005747682258785518
0.00043922914811672935
0.00033204288270499704
0.0
0.0
0.0
0.0
0.0
0.0
0.0
0.0
0.0
0.0
0.0
9.426575549526787e-06
0.00011161097612201403
0.000170127651155819
0.00024437056529586155
0.00028305282427678577
0.0003102851993724996
0.00036074459940847183
0.0003994265547163124
0.00037875437316027696
0.0003305665770797841
0.000250858754197096
0.00017521186263138704
0.00011634009300906589
0.0
0.0
0.0
0.0
0.0
0.0
0.0
0.0
0.0
0.0
0.0
0.0
1.070254587199946e-05
5.9113276966218584e-05
0.00016163500292265738
0.0002468688911893601
0.00030716153149616985
0.0003366895251635066
0.0003630293057751194
0.00038223201114479205
0.00034610167408117084
0.0002707523325501064
0.00021668747586729803
0.00012986811878538666
0.0
0.0
0.0
0.0
0.0
0.0
0.0
0.0
0.0
0.0
0.0
1.936956872629071e-07
7.008121338321596e-05
0.00017589482466557016
0.0003167006252835087
0.0004802641730360455
0.0005943463507071068
0.0006559660370734793
0.0006908031584439572
0.0006722814880215209
0.0006441067454080126
0.0005700890082330516
0.00043855428402446987
0.0003341319370130273
0.0
0.0
0.0
0.0
0.0
0.0
0.0
0.0
0.0
0.0
0.0
8.42861595726701e-06
0.00010900881438469843
0.00023674811202627758
0.0004141398474315276
0.0004974480346582736
0.000583781249915907
0.0006458192613843664
0.000704199371575754
0.0006942929117784761
0.0006383582337104359
0.0005175178964622158
0.00039525183804845463
0.0003063210840865062
0.0
0.0
0.0
0.0
0.0
0.0
0.0
0.0
0.0
0.0
0.0
4.2651430997143584e-08
7.878575252473165e-05
0.00027114034845382613
0.00040482624313377364
0.0005165873243065942
0.0006189363174677161
0.0006809295492149755
0.000712741621665258
0.0007203415540078641
0.0006736087950262256
0.0005086093875376975
0.00033821035084758794
0.000260818465906887
0.00017264484745944491
0.0
0.0
0.0
0.0
0.0
0.0
0.0
0.0
0.0
0.0
0.0
7.430797341254289e-06
0.0002017821048064909
0.00034115698668416776
0.0005080564057426717
0.0005821015529939223
0.0005909847044950565
0.0005946209021083207
0.0006012574802975946
0.0006050453110537097
0.000499217113387022
0.0
0.0
0.0
0.0
0.0
0.0
0.0
0.0
0.0
0.0
0.0
0.0
0.0
0.0
1.997110603750122e-05
0.0001273060518581191
0.00028246289318642557
0.00039839951545659187
0.0004865694196330199
0.0005629787944976199
0.0006116763331594135
0.0006056099944081475
0.0005400484344034148
0.0004128255832105535
0.0002814112218291912
0.00017329865098363273
0.0
0.0
0.0
0.0
0.0
0.0
0.0
0.0
0.0
0.0
0.0
0.0
3.9639525826460835e-05
0.00014955533129690758
0.0002589647906279732
0.00032152836905874
0.00040435487508873184
0.00044016119091308976
0.00045540399672121116
0.00043093257883745065
0.0003491267455413398
0.0002290533727295984
0.00010997986157392142
2.639517457961569e-05
0.0
0.0
0.0
0.0
0.0
0.0
0.0
0.0
0.0
0.0
0.0
0.0
0.0
1.2964783418935188e-05
0.00011380451882790395
0.00021529582511584179
0.0002827423998174122
0.000331933763704368
0.000392901567693507
0.00040982037555192585
0.0003744603057665622
0.00027886525320169837
0.0001753856114212313
8.939653824109816e-05
0.0
0.0
0.0
0.0
0.0
0.0
0.0
0.0
0.0
0.0
0.0
0.0
0.0
0.0
1.7070543861863955e-05
3.894326931050295e-05
3.0534694190259654e-05
3.0903710618055894e-05
4.1276511168793914e-05
2.714447585387838e-05
1.1780908969164534e-05
4.448607350156655e-07
0.0
0.0
0.0
0.0
0.0
0.0
0.0
0.0
0.0
0.0
0.0
0.0
0.0
0.0
0.0
0.0
2.5877339819932797e-06
3.0160597246521345e-05
7.857013160491279e-05
0.00011123429321235678
0.0001471004622063051
0.0001452210354148848
0.00011419430524029991
5.291774983764718e-05
1.0062528746803409e-05
0.0
0.0
0.0
0.0
0.0
0.0
0.0
0.0
0.0
0.0
0.0
0.0
0.0
0.0
0.0
1.139788586051544e-05
8.793042736763208e-05
0.00017276980955134564
0.00024111928043158532
0.0002535197455034252
0.00023890946957541123
0.00022614822843152954
0.00012138251067763963
3.6028849141951186e-05
6.983380545070465e-06
0.0
0.0
0.0
0.0
0.0
0.0
0.0
0.0
0.0
0.0
0.0
0.0
0.0
0.0
0.0
6.46569728701455e-06
4.3479820266985827e-05
0.00010319410855933916
0.0001468883571048638
0.00016520078925661832
0.00010325308244966408
2.4523006993597242e-05
0.0
0.0
0.0
0.0
0.0
0.0
0.0
0.0
0.0
0.0
0.0
0.0
0.0
0.0
0.0
0.0
3.654660752205605e-06
0.00013069668492557895
0.0002525981907049829
0.00033034960074608934
0.00038276728251682726
0.0003918732258570971
0.00034502493302996
0.00020522589032466245
0.0
0.0
0.0
0.0
0.0
0.0
0.0
0.0
0.0
0.0
0.0
0.0
0.0
0.0
4.515562626268415e-08
3.914264629638361e-05
0.0001916813816815853
0.0003104332629477613
0.00040092841048814477
0.00045961383076039797
0.0004976687607121919
0.0004858108114015149
0.000438175196328339
0.0003276182721133277
0.00023677775465628232
0.0001496109190522743
0.0
0.0
0.0
0.0
0.0
0.0
0.0
0.0
0.0
0.0
0.0
0.0
0.0
0.0
0.0
0.0
3.1413921562320472e-06
1.9089104490548128e-05
3.4166178850328324e-05
3.856584491910792e-05
3.1729853639600325e-05
6.710334232652866e-06
0.0
0.0
0.0
0.0
0.0
0.0
0.0
0.0
0.0
0.0
0.0
0.0
0.0
0.0
0.0
0.0
0.0
9.70536330112254e-06
3.4596106617127926e-05
0.0001046697935084778
0.00015976732750320482
0.00017493418976195844
0.00016445357669560013
0.00010061804869575982
3.1382762086070965e-05
4.98771650270298e-06
0.0
0.0
0.0
0.0
0.0
0.0
0.0
0.0
0.0
0.0
0.0
0.0
0.0
1.0264132592281741e-06
7.155625906650653e-05
0.00021689325999361028
0.0003323915016817185
0.000407022228847872
0.0004627420086790178
0.0006171448013763312
0.000522132876594816
0.0003266263368813481
0.0002021796962257908
0.00010891009884943497
0.0
0.0
0.0
0.0
0.0
0.0
0.0
0.0
0.0
0.0
0.0
0.0
0.0
8.139728075789216e-06
7.757384779081789e-05
0.00016511498240848877
0.00022574618372687551
0.00023595114684891435
0.00017790183697116802
0.00016117123786371098
0.00010567289042678808
1.3231207504335738e-05
0.0
0.0
0.0
0.0
0.0
0.0
0.0
0.0
0.0
0.0
0.0
0.0
0.0
0.0
0.0
0.0
0.0
0.0
0.0
1.8885968242490515e-07
1.0980998992475011e-05
2.133819291584926e-05
5.339269254099962e-07
0.0
0.0
0.0
0.0
0.0
0.0
0.0
0.0
0.0
0.0
0.0
0.0
0.0
0.0
0.0
0.0
0.0
0.0
7.088102087785946e-06
3.185136316787726e-05
8.31103027795903e-05
0.00013413876686476874
0.0001563041900939354
0.00013805173768359656
6.535381036015751e-05
2.067204290645057e-05
4.1840398751430164e-06
0.0
0.0
0.0
0.0
0.0
0.0
0.0
0.0
0.0
0.0
0.0
0.0
0.0
0.0
9.923196859182455e-06
6.965585415434366e-05
0.00017156320709422345
0.00024241076361192012
0.00028609087605211764
0.00031058054475305156
0.0002913094767008182
0.0001973198234202516
0.00011816378261490924
4.636154289611258e-05
0.0
0.0
0.0
0.0
0.0
0.0
0.0
0.0
0.0
0.0
0.0
0.0
0.0
2.0900735593163323e-05
0.00013838777297159823
0.000248883401332325
0.0003228637334805948
0.0003663595260177776
0.00041255901870607234
0.000397127809802186
0.0003338294243135202
0.00023518584053331044
0.0001568762772355647
9.703991823065897e-05
0.0
0.0
0.0
0.0
0.0
0.0
0.0
0.0
0.0
0.0
0.0
0.0
2.178684902657693e-07
3.6113675460796194e-05
0.00015860381887559564
0.000245723811753324
0.000319386954811415
0.0003649186334991325
0.00041953373665354045
0.0004654039208706637
0.0004148638880077474
0.0002894939496475017
0.0002035117160300906
0.00013024112495113864
0.0
0.0
0.0
0.0
0.0
0.0
0.0
0.0
0.0
0.0
0.0
0.0
2.794011375847596e-07
1.0551045335070056e-05
3.315791619748172e-05
8.709156855490285e-05
0.00022417926858036736
0.00032747753647072603
0.00038692533392707483
0.0004228276052287752
0.00041145868623552496
0.00031876194743997953
0.00024326924024147353
0.00017157717174765097
0.0
0.0
0.0
0.0
0.0
0.0
0.0
0.0
0.0
0.0
0.0
0.0
0.0
1.8375840338238898e-05
9.878470216662496e-05
0.00018438397451751054
0.0002442844026567035
0.00031133155626273475
0.0003951598175710559
0.0004303767660213848
0.0004197408299925366
0.00026323949187685394
0.000150897309535855
6.418531708136221e-05
5.28116888008768e-06
0.0
0.0
0.0
0.0
0.0
0.0
0.0
0.0
0.0
0.0
0.0
0.0
2.4230269122064975e-06
3.463463491132301e-05
0.00016854982826832883
0.0002808308815978516
0.00036090451021054054
0.000408878410571698
0.000439279194654096
0.00040826069731007543
0.0002638860073271798
0.0
0.0
0.0
0.0
0.0
0.0
0.0
0.0
0.0
0.0
0.0
0.0
0.0
0.0
6.156006191950306e-07
2.353705018057829e-05
0.0001280322902131561
0.000266396707011492
0.0003696251547637464
0.00043260780924997443
0.0005023706617668004
0.0004921424252979003
0.0004388445588528467
0.000330838775385843
0.00024004977993781354
0.0001685902111822248
0.0
0.0
0.0
0.0
0.0
0.0
0.0
0.0
0.0
0.0
0.0
0.0
0.0
0.0
0.0
1.1673562121803657e-07
1.7689040151706117e-05
6.372893599455352e-05
0.00012765066610554072
0.000133203810813531
0.00010106728271182551
2.6704043932037398e-05
7.548643463937008e-07
0.0
0.0
0.0
0.0
0.0
0.0
0.0
0.0
0.0
0.0
0.0
0.0
0.0
0.0
0.0
0.0
6.310755305202751e-07
1.4564964853624746e-05
4.7537206384096054e-05
9.815196611392399e-05
0.00010970799424157793
7.891546768270566e-05
2.0641308334929967e-05
4.277365491752295e-07
0.0
0.0
0.0
0.0
0.0
0.0
0.0
0.0
0.0
0.0
0.0
0.0
0.0
0.0
0.0
0.0
1.3381138775682602e-06
1.985798322039216e-05
6.528120111586994e-05
0.00011953057807653465
0.00014051543665248673
0.00011435570817990195
3.483521968316703e-05
2.7908639927746295e-06
0.0
0.0
0.0
0.0
0.0
0.0
0.0
0.0
0.0
0.0
0.0
0.0
0.0
0.0
0.0
0.0
8.126945250796566e-06
2.653083488353902e-05
7.842946616455474e-05
0.00013568022392273753
0.0001425896457370257
0.0001172639656190973
3.898143832201981e-05
2.966229934924223e-06
0.0
0.0
0.0
0.0
0.0
0.0
0.0
0.0
0.0
0.0
0.0
0.0
0.0
0.0
0.0
4.62723848549784e-08
1.4425563359995638e-05
7.369647413883457e-05
0.0001568205196478397
0.00020905795103548988
0.00023702474355085713
0.0002058007589876297
8.275158328353252e-05
1.5133264559058406e-05
7.749611463450447e-07
0.0
0.0
0.0
0.0
0.0
0.0
0.0
0.0
0.0
0.0
0.0
0.0
0.0
0.0
0.0
1.2804433204966993e-05
8.253158819723056e-05
0.00016745587665556365
0.00021464258122127743
0.00022729561093738084
0.00015307738092077764
4.391525976020321e-05
0.0
0.0
0.0
0.0
0.0
0.0
0.0
0.0
0.0
0.0
0.0
0.0
0.0
0.0
0.0
0.0
0.0
9.062371144684566e-07
3.863854895781858e-06
7.4603085156332436e-06
1.2824019584016727e-05
1.380474387756776e-05
2.1147453522120218e-05
8.153603202092384e-06
4.804803907336904e-08
0.0
0.0
0.0
0.0
0.0
0.0
0.0
0.0
0.0
0.0
0.0
0.0
0.0
0.0
0.0
9.730467428880902e-06
3.242003923645364e-05
5.288117312192581e-05
8.012107508129292e-05
0.00011752405678448615
0.00013336369009163269
0.00011244899919099794
5.103248858673592e-05
2.3541255615884295e-05
1.183473657080275e-05
0.0
0.0
0.0
0.0
0.0
0.0
0.0
0.0
0.0
0.0
0.0
0.0
0.0
8.202302454045724e-07
2.5945341971648684e-05
4.2750294477364045e-05
5.524340511010413e-05
7.602802824863768e-05
0.00010579078076221978
0.00010269881854460815
8.542310252579383e-05
4.282559338273485e-05
1.8276510552393605e-05
4.148355426991888e-06
0.0
0.0
0.0
0.0
0.0
0.0
0.0
0.0
0.0
0.0
0.0
0.0
0.0
0.0
1.2906982506961632e-05
3.14484774823465e-05
5.138470561741251e-05
5.466797987560288e-05
2.447472958984069e-05
4.668062151677759e-07
0.0
0.0
0.0
0.0
0.0
0.0
0.0
0.0
0.0
0.0
0.0
0.0
0.0
0.0
0.0
0.0
0.0
0.0
0.0
0.0
0.0
0.0
0.0
0.0
0.0
0.0
0.0
0.0
0.0
0.0
0.0
0.0
0.0
0.0
0.0
0.0
0.0
0.0
0.0
0.0
0.0
0.0
0.0
0.0
0.0
4.532742394032847e-06
1.8038504237296715e-05
2.236863162327686e-05
1.2271798817284123e-05
0.0
0.0
0.0
0.0
0.0
0.0
0.0
0.0
0.0
0.0
0.0
0.0
0.0
0.0
0.0
0.0
0.0
0.0
0.0
0.0
0.0
1.8263703636671032e-06
6.720811597507963e-06
0.0
0.0
0.0
0.0
0.0
0.0
0.0
0.0
0.0
0.0
0.0
0.0
0.0
0.0
0.0
0.0
0.0
0.0
0.0
1.8261635427300061e-06
1.6280751578145646e-05
3.629796611854907e-05
5.603476427956761e-05
4.8992607639718714e-05
2.155175849185184e-05
4.912453621478839e-06
0.0
0.0
0.0
0.0
0.0
0.0
0.0
0.0
0.0
0.0
0.0
0.0
0.0
0.0
0.0
0.0
0.0
1.1276112840972304e-06
2.1968818324960444e-05
3.85792016336775e-05
7.261236719218442e-05
0.0001064912569366247
8.135830588058355e-05
3.8106902364164135e-05
8.138491204985347e-06
0.0
0.0
0.0
0.0
0.0
0.0
0.0
0.0
0.0
0.0
0.0
0.0
0.0
0.0
0.0
0.0
3.597546743204909e-06
2.0222683571828265e-05
5.482059526680487e-05
7.977679347547375e-05
8.914188558464917e-05
7.065610883478975e-05
3.2252492165078246e-05
4.13476976276113e-06
0.0
0.0
0.0
0.0
0.0
0.0
0.0
0.0
0.0
0.0
0.0
0.0
0.0
0.0
0.0
0.0
4.382958610730382e-07
1.6420217953858563e-05
5.023487622927705e-05
8.550034182849012e-05
0.00010574868053502031
8.808633271372911e-05
3.063804461086032e-05
9.027279916021469e-07
0.0
0.0
0.0
0.0
0.0
0.0
0.0
0.0
0.0
0.0
0.0
0.0
0.0
0.0
0.0
0.0
0.0
0.0
5.419843308665115e-07
5.65185669946476e-06
1.134026030063906e-05
3.539051464910822e-06
0.0
0.0
0.0
0.0
0.0
0.0
0.0
0.0
0.0
0.0
0.0
0.0
0.0
0.0
0.0
0.0
0.0
0.0
9.880020541430987e-06
2.0620018074512863e-05
5.147623522081762e-05
9.071767853219403e-05
0.0001154030885529904
0.00011387280667831662
5.70359698487741e-05
3.497112671580346e-06
0.0
0.0
0.0
0.0
0.0
0.0
0.0
0.0
0.0
0.0
0.0
0.0
0.0
0.0
0.0
0.0
0.0
0.0
5.029954766170425e-06
1.7264495358394765e-05
2.0526118381187343e-05
1.0831861734828036e-05
0.0
0.0
0.0
0.0
0.0
0.0
0.0
0.0
0.0
0.0
0.0
0.0
0.0
0.0
0.0
0.0
0.0
0.0
0.0
0.0
1.0923294302280062e-06
6.0234112935095005e-06
1.291342037782395e-05
8.964906240518537e-06
0.0
0.0
0.0
0.0
0.0
0.0
0.0
0.0
0.0
0.0
0.0
0.0
0.0
0.0
0.0
0.0
0.0
0.0
0.0
0.0
0.0
0.0
0.0
0.0
0.0
0.0
0.0
0.0
0.0
0.0
0.0
0.0
0.0
0.0
0.0
0.0
0.0
0.0
0.0
0.0
0.0
0.0
0.0
0.0
0.0
0.0
0.0
0.0
0.0
0.0
0.0
0.0
0.0
0.0
0.0
0.0
0.0
0.0
0.0
0.0
0.0
0.0
0.0
0.0
0.0
0.0
0.0
0.0
0.0
0.0
2.380003635898511e-06
3.5113902388580693e-06
0.0
0.0
0.0
0.0
0.0
0.0
0.0
0.0
0.0
0.0
0.0
0.0
0.0
0.0
0.0
0.0
0.0
0.0
0.0
9.135101026679141e-07
1.2475620949931244e-05
3.00372326750429e-05
4.3774895625626225e-05
3.6397897211969295e-05
1.2416206704590194e-05
0.0
0.0
0.0
0.0
0.0
0.0
0.0
0.0
0.0
0.0
0.0
0.0
0.0
0.0
0.0
0.0
0.0
2.6173567076414135e-06
2.513899705692647e-05
6.080652243786839e-05
9.219100113244296e-05
0.00011790065024373432
0.00010304182235381503
3.604226049810137e-05
9.708491553942267e-08
0.0
0.0
0.0
0.0
0.0
0.0
0.0
0.0
0.0
0.0
0.0
0.0
0.0
0.0
0.0
0.0
0.0
2.1977450480704127e-06
1.7748960625676187e-05
3.8556712845221024e-05
5.7076713113874504e-05
4.1616902050676135e-05
1.2772779235915526e-08
0.0
0.0
0.0
0.0
0.0
0.0
0.0
0.0
0.0
0.0
0.0
0.0
0.0
0.0
0.0
0.0
4.972890540938677e-06
5.39429609091472e-05
0.0001418851224665334
0.00020757274142092625
0.00025810431811704274
0.00029077793984135544
0.0002584509952398627
0.00013719057605379414
3.0334783503641416e-05
4.769085184257587e-06
0.0
0.0
0.0
0.0
0.0
0.0
0.0
0.0
0.0
0.0
0.0
0.0
0.0
0.0
0.0
1.0678698149857223e-05
4.3671526610874606e-05
0.00010404021781387947
0.00012732951698269198
0.0001238560690152797
9.915321307347959e-05
4.847114145194821e-05
1.6570943524899807e-05
1.5650335200956564e-06
0.0
0.0
0.0
0.0
0.0
0.0
0.0
0.0
0.0
0.0
0.0
0.0
0.0
0.0
0.0
2.6901447744432065e-07
2.521439756930898e-05
7.803036995937738e-05
0.00015765511990760385
0.00019393508040507727
0.00014161679188700666
4.812428278578443e-05
9.300299834788546e-06
0.0
0.0
0.0
0.0
0.0
0.0
0.0
0.0
0.0
0.0
0.0
0.0
0.0
0.0
0.0
0.0
0.0
1.7689684735190514e-05
4.862479642139916e-05
9.260506480950333e-05
0.00010796801696390403
7.537545700663077e-05
2.064379986335732e-06
0.0
0.0
0.0
0.0
0.0
0.0
0.0
0.0
0.0
0.0
0.0
0.0
0.0
0.0
0.0
0.0
0.0
0.0
6.276037922309797e-08
1.7175588150188303e-06
7.054018603452391e-06
2.3584222289189036e-05
2.7652308048285592e-05
1.1571786181261595e-05
0.0
0.0
0.0
0.0
0.0
0.0
0.0
0.0
0.0
0.0
0.0
0.0
0.0
0.0
0.0
0.0
0.0
0.0
0.0
7.418062676864615e-06
2.6974583535413796e-05
4.6538764821752934e-05
4.7434752454753006e-05
1.47893786050714e-05
0.0
0.0
0.0
0.0
0.0
0.0
0.0
0.0
0.0
0.0
0.0
0.0
0.0
0.0
0.0
0.0
0.0
0.0
0.0
0.0
0.0
0.0
0.0
0.0
0.0
0.0
0.0
0.0
0.0
0.0
0.0
0.0
0.0
0.0
0.0
0.0
0.0
0.0
0.0
0.0
0.0
0.0
0.0
0.0
0.0
0.0
0.0
0.0
0.0
0.0
0.0
0.0
0.0
0.0
0.0
0.0
0.0
0.0
0.0
0.0
0.0
0.0
0.0
0.0
0.0
0.0
0.0
0.0
0.0
5.7880495351372985e-08
4.2566012234503536e-07
0.0
0.0
0.0
0.0
0.0
0.0
0.0
0.0
0.0
0.0
0.0
0.0
0.0
0.0
0.0
0.0
0.0
0.0
0.0
0.0
5.355010100407432e-07
5.231341745259706e-06
1.0688991984596303e-05
8.53735976810983e-06
4.039484775026868e-06
0.0
0.0
0.0
0.0
0.0
0.0
0.0
0.0
0.0
0.0
0.0
0.0
0.0
0.0
0.0
0.0
0.0
0.0
0.0
0.0
0.0
0.0
0.0
0.0
0.0
0.0
0.0
0.0
0.0
0.0
0.0
0.0
0.0
0.0
0.0
0.0
0.0
0.0
0.0
0.0
0.0
0.0
0.0
0.0
0.0
0.0
0.0
0.0
0.0
0.0
0.0
0.0
0.0
0.0
0.0
0.0
0.0
0.0
0.0
0.0
0.0
0.0
0.0
0.0
0.0
1.3185184623074935e-06
1.800592940317199e-05
5.711344048419799e-05
9.550374181705273e-05
0.00010886223986796787
7.371362894939462e-05
2.4087650661809477e-05
0.0
0.0
0.0
0.0
0.0
0.0
0.0
0.0
0.0
0.0
0.0
0.0
0.0
0.0
0.0
0.0
0.0
0.0
0.0
0.0
0.0
0.0
0.0
0.0
0.0
0.0
0.0
0.0
0.0
0.0
0.0
0.0
0.0
0.0
0.0
0.0
0.0
0.0
0.0
0.0
0.0
0.0
0.0
2.031459171180047e-06
2.2330903941445992e-05
4.829006879576188e-05
4.416530889681266e-05
2.1890791372606994e-05
6.531952618362491e-07
0.0
0.0
0.0
0.0
0.0
0.0
0.0
0.0
0.0
0.0
0.0
0.0
0.0
0.0
0.0
0.0
2.412472081120601e-06
1.2361758178895343e-05
1.2801476870171267e-05
1.1913850453400827e-05
1.730390085061439e-05
2.04384040829548e-05
1.8744132493984092e-05
3.1528135433562377e-06
0.0
0.0
0.0
0.0
0.0
0.0
0.0
0.0
0.0
0.0
0.0
0.0
0.0
0.0
0.0
0.0
0.0
3.4579215650429307e-06
1.4804203724868002e-05
1.9997408787373972e-05
1.8764724478373057e-05
6.6959483009891185e-06
0.0
0.0
0.0
0.0
0.0
0.0
0.0
0.0
0.0
0.0
0.0
0.0
0.0
0.0
0.0
0.0
0.0
0.0
0.0
0.0
0.0
0.0
4.163852323394315e-07
0.0
0.0
0.0
0.0
0.0
0.0
0.0
0.0
0.0
0.0
0.0
0.0
0.0
0.0
0.0
0.0
0.0
0.0
0.0
0.0
0.0
0.0
0.0
0.0
0.0
0.0
0.0
0.0
0.0
0.0
0.0
0.0
0.0
0.0
0.0
0.0
0.0
0.0
0.0
0.0
0.0
0.0
0.0
0.0
0.0
0.0
0.0
0.0
0.0
0.0
0.0
0.0
0.0
0.0
0.0
0.0
0.0
0.0
0.0
0.0
0.0
0.0
0.0
0.0
0.0
0.0
0.0
0.0
0.0
0.0
0.0
0.0
0.0
0.0
0.0
0.0
0.0
0.0
0.0
0.0
0.0
0.0
0.0
0.0
0.0
0.0
0.0
0.0
0.0
0.0
0.0
0.0
0.0
0.0
0.0
0.0
0.0
0.0
0.0
0.0
0.0
0.0
0.0
0.0
0.0
0.0
0.0
0.0
0.0
0.0
0.0
0.0
0.0
0.0
0.0
0.0
0.0
0.0
0.0
0.0
0.0
0.0
0.0
0.0
0.0
0.0
0.0
0.0
0.0
0.0
0.0
0.0
0.0
0.0
0.0
0.0
0.0
0.0
0.0
0.0
0.0
0.0
0.0
0.0
0.0
0.0
0.0
0.0
0.0
0.0
0.0
0.0
0.0
0.0
0.0
0.0
0.0
0.0
0.0
0.0
0.0
0.0
0.0
2.536933818689432e-06
2.5832607802250752e-05
5.723600672516747e-05
9.167940875002971e-05
0.0001052761220032581
5.881885622788142e-05
1.799807649251095e-05
2.7658350729067494e-07
0.0
0.0
0.0
0.0
0.0
0.0
0.0
0.0
0.0
0.0
0.0
0.0
0.0
0.0
0.0
0.0
0.0
0.0
0.0
0.0
2.0773695714650658e-08
0.0
0.0
0.0
0.0
0.0
0.0
0.0
0.0
0.0
0.0
0.0
0.0
0.0
0.0
0.0
0.0
0.0
0.0
0.0
0.0
0.0
0.0
0.0
0.0
0.0
0.0
0.0
0.0
0.0
0.0
0.0
0.0
0.0
0.0
0.0
0.0
0.0
0.0
0.0
0.0
0.0
0.0
0.0
0.0
0.0
0.0
0.0
0.0
0.0
0.0
0.0
0.0
0.0
0.0
0.0
0.0
0.0
0.0
0.0
0.0
0.0
0.0
0.0
0.0
0.0
0.0
0.0
0.0
0.0
0.0
0.0
0.0
0.0
0.0
0.0
0.0
0.0
0.0
0.0
0.0
0.0
0.0
0.0
0.0
0.0
0.0
0.0
0.0
0.0
0.0
0.0
0.0
0.0
0.0
0.0
0.0
0.0
0.0
0.0
0.0
0.0
0.0
0.0
0.0
0.0
0.0
0.0
0.0
0.0
0.0
0.0
0.0
0.0
0.0
0.0
0.0
0.0
0.0
0.0
0.0
0.0
0.0
0.0
0.0
0.0
0.0
0.0
0.0
0.0
0.0
0.0
0.0
0.0
0.0
0.0
0.0
0.0
0.0
0.0
0.0
0.0
0.0
0.0
0.0
0.0
0.0
0.0
0.0
0.0
0.0
0.0
0.0
0.0
0.0
0.0
0.0
0.0
0.0
0.0
0.0
0.0
0.0
0.0
0.0
0.0
0.0
0.0
0.0
0.0
0.0
0.0
0.0
0.0
0.0
0.0
0.0
0.0
0.0
0.0
0.0
0.0
0.0
0.0
0.0
0.0
0.0
0.0
0.0
0.0
0.0
0.0
0.0
0.0
0.0
0.0
0.0
0.0
0.0
0.0
0.0
0.0
0.0
0.0
0.0
0.0
0.0
0.0
0.0
0.0
0.0
0.0
0.0
0.0
0.0
0.0
0.0
0.0
0.0
0.0
0.0
0.0
0.0
0.0
0.0
0.0
0.0
0.0
0.0
0.0
0.0
0.0
0.0
0.0
0.0
0.0
0.0
0.0
0.0
3.997310137597013e-06
1.3294962397442538e-05
7.5646351981042684e-06
0.0
0.0
0.0
0.0
0.0
0.0
0.0
0.0
0.0
0.0
0.0
0.0
0.0
0.0
0.0
0.0
0.0
0.0
0.0
0.0
0.0
0.0
0.0
0.0
0.0
0.0
0.0
0.0
0.0
0.0
0.0
0.0
0.0
0.0
0.0
0.0
0.0
0.0
0.0
0.0
0.0
0.0
1.39354909945017e-07
3.0239029064478514e-06
1.2808732256564937e-05
2.6671300808695718e-05
4.8732538512382385e-05
4.3190207502428805e-05
2.294210708922542e-05
1.124200264664194e-06
0.0
0.0
0.0
0.0
0.0
0.0
0.0
0.0
0.0
0.0
0.0
0.0
0.0
0.0
0.0
0.0
0.0
0.0
7.3958349730793e-07
1.0850495244184188e-05
1.7710463105552948e-05
9.908814854710509e-06
0.0
0.0
0.0
0.0
0.0
0.0
0.0
0.0
0.0
0.0
0.0
0.0
0.0
0.0
0.0
0.0
0.0
0.0
0.0
0.0
0.0
4.164421396309924e-07
6.244853932335208e-06
3.901597698977187e-06
0.0
0.0
0.0
0.0
0.0
0.0
0.0
0.0
0.0
0.0
0.0
0.0
0.0
0.0
0.0
0.0
0.0
0.0
0.0
0.0
0.0
2.246977580458256e-06
1.4077786002853272e-05
1.698294244641173e-05
1.2513212316656625e-05
0.0
0.0
0.0
0.0
0.0
0.0
0.0
0.0
0.0
0.0
0.0
0.0
0.0
0.0
0.0
0.0
0.0
0.0
0.0
0.0
0.0
0.0
0.0
0.0
0.0
0.0
0.0
0.0
0.0
0.0
0.0
0.0
0.0
0.0
0.0
0.0
0.0
0.0
0.0
0.0
9.431767690524037e-09
2.123285980667809e-05
4.898313336611418e-05
1.7874725919331433e-05
6.6190664473741775e-06
9.818598867253324e-06
3.066064937175224e-06
5.189157808719045e-07
0.0
0.0
0.0
0.0
0.0
0.0