0.0
0.0
0.0
0.0
0.0
0.0
0.0
0.0
0.0
0.0
0.0
0.0
0.0
0.0
0.0
0.0
0.0
0.0
0.0
0.0
0.0
0.0
0.0
0.0
0.0
0.0
0.0
0.0
0.0
0.0
0.0
0.0
0.0
0.0
0.0
0.0
0.0
0.0
0.0
0.0
0.0
0.0
0.0
0.0
0.0
0.0
0.0
0.0
0.0
0.0
0.0
0.0
0.0
0.0
0.0
0.0
0.0
0.0
0.0
0.0
0.0
0.0
0.0
0.0
0.0
0.0
0.0
0.0
0.0
0.0
0.0
0.0
0.0
0.0
0.0
0.0
0.0
0.0
0.0
0.0
0.0
0.0
0.0
0.0
0.0
0.0
0.0
0.0
0.0
0.0
0.0
0.0
0.0
0.0
0.0
0.0
0.0
0.0
0.0
0.0
0.0
0.0
0.0
0.0
0.0
0.0
0.0
0.0
0.0
0.0
0.0
0.0
0.0
0.0
0.0
0.0
0.0
0.0
0.0
0.0
0.0
0.0
0.0
0.0
0.0
0.0
0.0
0.0
0.0
0.0
0.0
0.0
0.0
0.0
0.0
0.0
0.0
0.0
0.0
0.0
0.0
0.0
0.0
0.0
0.0
0.0
0.0
0.0
0.0
0.0
0.0
0.0
0.0
0.0
0.0
0.0
0.0
0.0
0.0
0.0
0.0
0.0
0.0
0.0
0.0
0.0
0.0
0.0
0.0
0.0
0.0
0.0
0.0
0.0
0.0
0.0
0.0
0.0
0.0
0.0
0.0
0.0
0.0
0.0
0.0
0.0
0.0
0.0
0.0
0.0
0.0
0.0
0.0
0.0
0.0
0.0
0.0
0.0
0.0
0.0
0.0
0.0
0.0
0.0
0.0
0.0
0.0
0.0
0.0
0.0
0.0
0.0
0.0
0.0
0.0
0.0
0.0
0.0
0.0
0.0
0.0
0.0
1.230173407860673e-08
6.306518029782407e-09
1.9600184736302235e-08
2.0207365795698814e-08
1.505272568875699e-08
0.0
0.0
0.0
0.0
0.0
0.0
0.0
0.0
0.0
0.0
0.0
0.0
0.0
0.0
0.0
0.0
0.0
0.0
0.0
0.0
0.0
0.0
0.0
0.0
0.0
0.0
0.0
0.0
0.0
0.0
0.0
0.0
0.0
0.0
0.0
0.0
0.0
0.0
0.0
0.0
0.0
0.0
0.0
0.0
0.0
0.0
0.0
0.0
0.0
0.0
0.0
0.0
0.0
0.0
0.0
0.0
0.0
0.0
0.0
0.0
0.0
0.0
0.0
0.0
0.0
0.0
0.0
0.0
0.0
0.0
0.0
0.0
0.0
0.0
0.0
0.0
0.0
0.0
0.0
0.0
0.0
0.0
0.0
0.0
0.0
0.0
0.0
0.0
0.0
0.0
0.0
0.0
0.0
0.0
0.0
0.0
0.0
0.0
0.0
0.0
0.0
0.0
0.0
0.0
0.0
0.0
0.0
0.0
0.0
0.0
0.0
0.0
0.0
0.0
0.0
0.0
0.0
0.0
0.0
0.0
0.0
0.0
0.0
0.0
0.0
0.0
0.0
0.0
0.0
0.0
0.0
0.0
0.0
0.0
0.0
0.0
0.0
0.0
0.0
0.0
0.0
0.0
0.0
0.0
0.0
0.0
0.0
0.0
0.0
0.0
0.0
0.0
0.0
0.0
0.0
0.0
0.0
0.0
0.0
0.0
0.0
0.0
0.0
0.0
0.0
0.0
0.0
0.0
0.0
0.0
0.0
0.0
0.0
0.0
0.0
0.0
0.0
0.0
0.0
0.0
0.0
0.0
0.0
0.0
0.0
0.0
0.0
0.0
0.0
0.0
0.0
0.0
0.0
0.0
0.0
0.0
0.0
0.0
0.0
0.0
0.0
0.0
0.0
0.0
0.0
0.0
0.0
0.0
0.0
0.0
0.0
0.0
0.0
0.0
0.0
0.0
0.0
0.0
0.0
0.0
0.0
0.0
0.0
0.0
0.0
0.0
0.0
0.0
0.0
0.0
0.0
0.0
0.0
0.0
0.0
0.0
0.0
0.0
9.022763451926068e-09
1.65648961479477e-08
0.0
0.0
0.0
0.0
0.0
0.0
0.0
0.0
0.0
0.0
0.0
0.0
0.0
0.0
0.0
0.0
0.0
0.0
0.0
0.0
0.0
0.0
0.0
0.0
0.0
0.0
0.0
0.0
0.0
0.0
0.0
0.0
0.0
0.0
0.0
0.0
0.0
0.0
0.0
0.0
0.0
0.0
0.0
0.0
0.0
0.0
0.0
0.0
0.0
0.0
0.0
0.0
0.0
0.0
0.0
0.0
0.0
0.0
0.0
0.0
0.0
0.0
0.0
0.0
0.0
0.0
0.0
0.0
0.0
1.6666818401421743e-08
1.0040727300555302e-08
1.6824597689813257e-08
0.0
0.0
0.0
0.0
0.0
0.0
0.0
0.0
0.0
0.0
0.0
0.0
0.0
0.0
0.0
0.0
0.0
0.0
0.0
0.0
0.0
0.0
1.8663449744381425e-08
1.4964722808750876e-08
0.0
0.0
0.0
0.0
0.0
0.0
0.0
0.0
0.0
0.0
0.0
0.0
0.0
0.0
0.0
0.0
0.0
0.0
0.0
0.0
0.0
1.3510244713795712e-08
7.883155322760606e-09
1.3468511102586277e-08
0.0
0.0
0.0
0.0
0.0
0.0
0.0
0.0
0.0
0.0
0.0
0.0
0.0
0.0
0.0
0.0
0.0
0.0
0.0
0.0
0.0
0.0
0.0
0.0
0.0
0.0
0.0
0.0
0.0
0.0
0.0
0.0
0.0
0.0
0.0
0.0
0.0
0.0
0.0
0.0
0.0
0.0
0.0
0.0
0.0
1.8343986834854143e-08
8.77523900442255e-09
1.4572752714973182e-08
0.0
0.0
0.0
0.0
0.0
0.0
0.0
0.0
0.0
0.0
0.0
0.0
0.0
0.0
0.0
0.0
0.0
0.0
0.0
0.0
0.0
0.0
0.0
0.0
0.0
0.0
0.0
0.0
0.0
0.0
0.0
0.0
0.0
0.0
0.0
0.0
0.0
0.0
0.0
0.0
0.0
0.0
0.0
0.0
0.0
0.0
0.0
0.0
0.0
0.0
0.0
0.0
0.0
0.0
0.0
0.0
0.0
0.0
0.0
0.0
0.0
0.0
0.0
0.0
0.0
0.0
0.0
0.0
0.0
0.0
0.0
0.0
0.0
0.0
0.0
0.0
0.0
0.0
0.0
0.0
0.0
0.0
0.0
0.0
0.0
0.0
0.0
0.0
0.0
0.0
0.0
0.0
0.0
0.0
0.0
0.0
0.0
0.0
0.0
0.0
0.0
0.0
0.0
0.0
0.0
0.0
0.0
0.0
0.0
0.0
0.0
0.0
0.0
0.0
0.0
0.0
0.0
1.3879554397796557e-08
8.720647475211143e-09
1.3429613626751123e-08
0.0
0.0
0.0
0.0
6.585719669295705e-07
3.935952530523427e-06
2.3748137617415333e-06
0.0
0.0
0.0
0.0
0.0
0.0
0.0
0.0
0.0
0.0
0.0
0.0
0.0
7.521679983062043e-09
2.2635123418398267e-08
1.259222675018783e-08
2.1468622701239227e-05
1.4153825056118642e-05
0.0
2.6985345416439554e-05
0.00018140631871296957
0.0002769454839971918
0.0001652548468846555
7.201193729010206e-05
1.872754223232798e-06
0.0
0.0
0.0
0.0
0.0
0.0
0.0
0.0
0.0
0.0
0.0
0.0
0.0
1.7335621987576425e-08
1.0815898253717842e-08
1.6237528331163655e-08
0.0
0.0
4.670707531549469e-05
0.00013971803237930968
0.00014697910569431709
6.700752243495961e-05
5.021720091554027e-06
0.0
0.0
0.0
0.0
0.0
0.0
0.0
0.0
0.0
0.0
0.0
0.0
0.0
0.0
0.0
0.0
0.0
0.0
0.0
0.0
0.0
0.0
0.0
0.0
0.0
0.0
0.0
0.0
0.0
0.0
0.0
0.0
0.0
0.0
0.0
0.0
0.0
0.0
0.0
0.0
0.0
0.0
0.0
0.0
0.0
0.0
0.0
0.0
0.0
0.0
0.0
0.0
0.0
0.0
0.0
0.0
0.0
0.0
0.0
0.0
0.0
0.0
0.0
0.0
0.0
0.0
0.0
0.0
0.0
0.0
0.0
0.0
0.0
0.0
0.0
0.0
0.0
0.0
0.0
0.0
0.0
0.0
0.0
0.0
0.0
0.0
0.0
0.0
0.0
0.0
0.0
0.0
0.0
0.0
0.0
0.0
0.0
0.0
0.0
0.0
0.0
0.0
0.0
0.0
0.0
0.0
0.0
0.0
0.0
0.0
0.0
0.0
1.56150086235228e-08
0.0
0.0
0.0
0.0
0.0
0.0
0.0
0.0
0.0
0.0
0.0
0.0
0.0
0.0
0.0
0.0
0.0
0.0
0.0
0.0
0.0
0.0
9.527822778863516e-09
1.5154436678265346e-08
0.0
0.0
0.0
0.0
0.0
0.0
0.0
0.0
0.0
0.0
0.0
0.0
0.0
0.0
0.0
0.0
0.0
0.0
0.0
0.0
6.9078343762333365e-09
1.923230844772289e-08
1.9668988589858374e-08
1.737647820650274e-08
0.0
0.0
0.0
0.0
0.0
0.0
0.0
0.0
0.0
0.0
0.0
0.0
0.0
0.0
0.0
0.0
0.0
0.0
0.0
0.0
0.0
0.0
0.0
0.0
0.0
0.0
0.0
0.0
0.0
0.0
0.0
0.0
0.0
0.0
0.0
0.0
0.0
0.0
0.0
0.0
0.0
0.0
0.0
0.0
0.0
0.0
0.0
0.0
0.0
0.0
0.0
0.0
0.0
0.0
0.0
0.0
0.0
0.0
0.0
0.0
0.0
0.0
0.0
0.0
0.0
0.0
0.0
0.0
0.0
0.0
9.697458856279769e-09
1.5438522386216144e-08
0.0
0.0
0.0
0.0
0.0
0.0
0.0
0.0
0.0
0.0
0.0
0.0
0.0
0.0
0.0
0.0
0.0
0.0
0.0
0.0
6.505280745357736e-09
1.8356936717056886e-08
9.310309909768364e-09
1.586000829289254e-08
0.0
0.0
0.0
0.0
0.0
0.0
0.0
0.0
0.0
0.0
0.0
0.0
0.0
0.0
0.0
0.0
0.0
0.0
0.0
0.0
0.0
0.0
0.0
0.0
0.0
0.0
0.0
0.0
0.0
0.0
0.0
0.0
0.0
0.0
0.0
0.0
0.0
0.0
0.0
0.0
0.0
0.0
0.0
0.0
0.0
0.0
0.0
0.0
0.0
0.0
0.0
0.0
0.0
0.0
0.0
0.0
0.0
0.0
0.0
0.0
0.0
0.0
0.0
0.0
0.0
0.0
0.0
0.0
0.0
0.0
0.0
0.0
0.0
0.0
0.0
0.0
0.0
0.0
0.0
0.0
0.0
0.0
0.0
0.0
0.0
0.0
0.0
0.0
0.0
0.0
0.0
0.0
0.0
0.0
0.0
0.0
0.0
0.0
0.0
0.0
0.0
0.0
0.0
0.0
0.0
0.0
0.0
0.0
0.0
0.0
0.0
0.0
0.0
0.0
0.0
0.0
0.0
0.0
0.0
0.0
0.0
0.0
0.0
0.0
0.0
0.0
0.0
0.0
0.0
0.0
0.0
0.0
0.0
0.0
0.0
0.0
0.0
0.0
0.0
0.0
0.0
0.0
0.0
0.0
0.0
0.0
0.0
0.0
0.0
0.0
0.0
0.0
0.0
0.0
0.0
0.0
0.0
0.0
0.0
0.0
0.0
0.0
0.0
0.0
0.0
0.0
0.0
0.0
0.0
0.0
0.0
0.0
0.0
0.0
0.0
0.0
0.0
0.0
0.0
0.0
0.0
0.0
0.0
0.0
0.0
0.0
0.0
0.0
0.0
0.0
0.0
0.0
0.0
0.0
0.0
0.0
0.0
0.0
0.0
0.0
0.0
0.0
0.0
0.0
0.0
0.0
0.0
0.0
0.0
0.0
0.0
0.0
0.0
0.0
0.0
0.0
0.0
0.0
0.0
0.0
0.0
0.0
0.0
0.0
0.0
0.0
0.0
0.0
0.0
0.0
0.0
0.0
0.0
0.0
0.0
0.0
0.0
0.0
0.0
0.0
0.0
0.0
0.0
0.0
0.0
0.0
0.0
0.0
0.0
0.0
0.0
0.0
0.0
0.0
0.0
0.0
0.0
0.0
0.0
0.0
0.0
0.0
0.0
0.0
0.0
0.0
0.0
0.0
0.0
0.0
0.0
0.0
0.0
0.0
0.0
0.0
0.0
0.0
0.0
0.0
0.0
0.0
0.0
0.0
0.0
0.0
0.0
0.0
0.0
0.0
0.0
0.0
0.0
0.0
0.0
0.0
0.0
0.0
0.0
0.0
0.0
0.0
0.0
0.0
0.0
0.0
0.0
0.0
0.0
0.0
0.0
0.0
0.0
0.0
0.0
0.0
0.0
0.0
0.0
0.0
0.0
0.0
0.0
0.0
0.0
0.0
0.0
0.0
0.0
0.0
0.0
0.0
0.0
0.0
0.0
0.0
0.0
0.0
0.0
0.0
0.0
0.0
0.0
0.0
0.0
0.0
0.0
0.0
0.0
0.0
0.0
0.0
0.0
0.0
0.0
0.0
0.0
0.0
0.0
0.0
0.0
0.0
0.0
0.0
0.0
0.0
0.0
0.0
0.0
0.0
0.0
0.0
0.0
0.0
0.0
0.0
0.0
0.0
0.0
0.0
0.0
0.0
0.0
0.0
0.0
0.0
0.0
0.0
0.0
0.0
0.0
0.0
0.0
0.0
0.0
0.0
0.0
0.0
0.0
0.0
0.0
0.0
0.0
0.0
0.0
0.0
0.0
0.0
0.0
0.0
0.0
0.0
0.0
0.0
0.0
0.0
0.0
0.0
0.0
0.0
0.0
0.0
0.0
0.0
0.0
0.0
0.0
0.0
0.0
0.0
0.0
0.0
0.0
0.0
0.0
0.0
0.0
0.0
0.0
0.0
0.0
0.0
0.0
0.0
0.0
0.0
0.0
0.0
0.0
0.0
0.0
0.0
0.0
0.0
0.0
0.0
0.0
0.0
0.0
0.0
0.0
0.0
0.0
0.0
0.0
0.0
0.0
0.0
0.0
0.0
0.0
0.0
0.0
0.0
0.0
0.0
0.0
0.0
0.0
0.0
0.0
0.0
0.0
0.0
0.0
0.0
0.0
0.0
0.0
0.0
0.0
0.0
0.0
0.0
0.0
0.0
0.0
0.0
0.0
0.0
6.309727582842927e-09
1.9434621267005633e-08
1.8705786766533712e-08
1.541214093343483e-08
0.0
0.0
0.0
0.0
0.0
0.0
0.0
0.0
0.0
0.0
0.0
0.0
0.0
0.0
0.0
0.0
0.0
0.0
0.0
0.0
0.0
0.0
7.174928581379225e-09
1.3630615756580141e-08
0.0
0.0
7.84157017477237e-06
1.9562798091662432e-05
3.880278738679767e-06
0.0
0.0
0.0
0.0
0.0
0.0
0.0
0.0
0.0
0.0
0.0
0.0
0.0
0.0
0.0
6.7022410552219955e-09
2.3284425719759274e-08
1.1215440634219299e-08
1.0135025092212774e-05
3.78944505668662e-05
5.844444915652171e-05
8.180655978774629e-05
0.00010210229260546599
0.00011895798838978518
0.00011885480316840616
6.514613665354884e-05
3.593899706228288e-06
0.0
0.0
0.0
0.0
0.0
0.0
0.0
0.0
0.0
0.0
0.0
0.0
6.147372777975704e-09
2.0688101201830874e-08
1.8764354812385272e-08
1.6550038339537827e-08
0.0
0.0
0.0
0.0
0.0
0.0
0.0
0.0
0.0
0.0
0.0
0.0
0.0
0.0
0.0
0.0
0.0
0.0
0.0
0.0
0.0
0.0
0.0
0.0
0.0
0.0
0.0
0.0
0.0
0.0
0.0
0.0
0.0
0.0
0.0
0.0
0.0
0.0
0.0
0.0
0.0
0.0
0.0
0.0
0.0
0.0
0.0
0.0
0.0
0.0
0.0
0.0
0.0
0.0
0.0
0.0
0.0
0.0
0.0
0.0
0.0
0.0
0.0
0.0
0.0
0.0
0.0
0.0
0.0
8.422777401451706e-09
1.515560754366668e-08
0.0
0.0
0.0
0.0
0.0
0.0
0.0
0.0
0.0
0.0
0.0
0.0
0.0
0.0
0.0
0.0
0.0
0.0
0.0
0.0
0.0
0.0
1.0023429825796188e-08
1.6043519121359833e-08
0.0
0.0
0.0
6.245159984779337e-05
9.109844544623474e-05
7.812217824509948e-05
6.23237783736569e-05
7.872371804840674e-06
0.0
0.0
0.0
0.0
0.0
0.0
0.0
0.0
0.0
0.0
0.0
0.0
0.0
1.8704044183787946e-08
9.720059090322818e-09
1.6541317199082313e-08
0.0
0.0
0.0
1.1002490687551576e-05
1.5557812741528954e-05
1.6313233416071606e-06
0.0
0.0
0.0
0.0
0.0
0.0
0.0
0.0
0.0
0.0
0.0
0.0
0.0
0.0
5.181804653020685e-09
1.8157500682711638e-08
1.6444847449903367e-08
1.4855744903341684e-08
0.0
0.0
0.0
0.0
0.0
0.0
0.0
0.0
0.0
0.0
0.0
0.0
0.0
0.0
0.0
0.0
0.0
0.0
0.0
0.0
0.0
0.0
1.3610710425058056e-08
1.1456532411894772e-08
0.0
0.0
0.0
0.0
0.0
0.0
0.0
0.0
0.0
0.0
0.0
0.0
0.0
0.0
0.0
0.0
0.0
0.0
0.0
0.0
0.0
0.0
0.0
0.0
0.0
0.0
0.0
0.0
0.0
0.0
0.0
0.0
0.0
0.0
0.0
0.0
0.0
0.0
0.0
0.0
0.0
0.0
0.0
0.0
0.0
0.0
0.0
0.0
0.0
0.0
0.0
0.0
0.0
0.0
0.0
0.0
0.0
0.0
0.0
0.0
0.0
0.0
0.0
0.0
0.0
0.0
0.0
0.0
0.0
0.0
0.0
1.1702199665209834e-08
0.0
0.0
0.0
0.0
0.0
0.0
0.0
0.0
0.0
0.0
0.0
0.0
0.0
0.0
0.0
0.0
0.0
0.0
0.0
0.0
0.0
0.0
0.0
0.0
0.0
0.0
0.0
0.0
0.0
0.0
0.0
0.0
0.0
0.0
0.0
0.0
0.0
0.0
0.0
0.0
0.0
0.0
0.0
0.0
0.0
0.0
0.0
0.0
0.0
0.0
0.0
0.0
0.0
0.0
0.0
0.0
0.0
0.0
0.0
0.0
0.0
0.0
0.0
0.0
0.0
0.0
0.0
0.0
0.0
0.0
0.0
0.0
0.0
0.0
0.0
0.0
0.0
0.0
0.0
0.0
0.0
0.0
0.0
0.0
0.0
0.0
0.0
0.0
0.0
0.0
0.0
0.0
0.0
0.0
8.938065329598734e-09
1.5344521063155007e-08
0.0
0.0
2.6208119532125185e-06
4.992679951276984e-05
9.496339615571184e-05
0.00010631034053098377
0.00010398249943978405
5.023924991122166e-05
0.0
0.0
0.0
0.0
0.0
0.0
0.0
0.0
0.0
0.0
0.0
0.0
0.0
0.0
0.0
0.0
0.0
0.0
0.0
0.0
0.0
0.0
0.0
0.0
0.0
0.0
0.0
0.0
0.0
0.0
0.0
0.0
0.0
0.0
0.0
0.0
0.0
0.0
0.0
0.0
0.0
0.0
0.0
0.0
0.0
0.0
0.0
0.0
0.0
0.0
0.0
0.0
0.0
0.0
0.0
0.0
0.0
0.0
0.0
0.0
0.0
2.2291910405691218e-08
1.0629287795579962e-08
1.7827011355366444e-08
0.0
4.5450228309378015e-05
0.00015360718974624055
0.0003195342333698343
0.0004402696004110696
0.0005170879969395132
0.0004132579435447287
0.00022303972042214974
6.39280599217286e-05
0.0
0.0
0.0
0.0
0.0
0.0
0.0
0.0
0.0
0.0
0.0
0.0
1.8322268395052725e-08
9.893907638612597e-09
1.801679648055581e-08
2.5376005197257872e-05
0.00011660618846666868
0.00024490893397833923
0.0003848876495684684
0.0005124819177929209
0.000653571747155536
0.0005558080781879018
0.00039509827862835826
0.00018564307964200923
7.040183544784677e-05
0.0
0.0
0.0
0.0
0.0
0.0
0.0
0.0
0.0
0.0
5.858268792460098e-09
1.8928919961035844e-08
1.040739366357094e-08
1.7850147661746675e-08
0.0
5.9907746997368246e-05
0.0001544487577638824
0.00029036817394817574
0.00042190306450708837
0.0005609280129713067
0.0005199508776008014
0.0003421184911299372
0.00013243852648492493
1.0666878834128911e-05
0.0
0.0
0.0
0.0
0.0
0.0
0.0
0.0
0.0
0.0
5.100228101725589e-09
1.6794327109853615e-08
1.0439983525697367e-08
3.1970163442053653e-06
0.00011457276647947192
0.0002629850714308702
0.00038063281628648594
0.0005351213044692717
0.0007590094908876564
0.0009173493305555023
0.0007750209485413618
0.0005513135209659423
0.00026508485993760757
0.00010205240101338194
0.0
0.0
0.0
0.0
0.0
0.0
0.0
0.0
0.0
0.0
0.0
1.9888018712749636e-08
1.050590859952014e-08
4.22524899149622e-06
8.446125508147327e-05
0.00015916354713063554
0.00022049999449102906
0.00027780712801595865
0.0002879685123177503
0.00022781981555171707
0.00015983462215364295
9.090589317208521e-05
8.589207674133419e-06
0.0
0.0
0.0
0.0
0.0
0.0
0.0
0.0
0.0
0.0
0.0
0.0
0.0
0.0
0.0
0.0
0.0
0.0
0.0
0.0
0.0
0.0
0.0
0.0
0.0
0.0
0.0
0.0
0.0
0.0
0.0
0.0
0.0
0.0
0.0
0.0
0.0
0.0
0.0
0.0
0.0
0.0
0.0
0.0
0.0
0.0
0.0
0.0
0.0
0.0
0.0
0.0
0.0
0.0
0.0
0.0
0.0
0.0
0.0
3.3427871851475785e-09
1.6249952197267757e-08
7.714985746363227e-09
1.3631978826975737e-08
0.0
0.0
0.0
0.0
0.0
0.0
0.0
0.0
0.0
0.0
0.0
0.0
0.0
0.0
0.0
0.0
0.0
0.0
0.0
0.0
0.0
0.0
0.0
1.2261907329719353e-08
0.0
0.0
0.0
0.0
0.0
0.0
0.0
0.0
0.0
0.0
0.0
0.0
0.0
0.0
0.0
0.0
0.0
0.0
0.0
0.0
0.0
0.0
7.774073054096627e-09
1.3905220256668056e-08
0.0
0.0
6.1678550560357044e-06
8.318010304823229e-05
0.00015141682550191032
0.00018225314210794052
0.00019238298561718073
0.00012899864192788803
2.7617056045673412e-05
0.0
0.0
0.0
0.0
0.0
0.0
0.0
0.0
0.0
0.0
0.0
5.836143839769958e-09
1.8637947615545957e-08
1.960654495137521e-08
1.6403706444046737e-08
0.0
6.63877287712474e-05
0.00018627636691447854
0.00036212075597341235
0.0005180670219527313
0.0006864414780957498
0.00058115661272455
0.00047649029735406063
0.0003108203514199315
0.00018354884023691478
0.0
0.0
0.0
0.0
0.0
0.0
0.0
0.0
0.0
0.0
5.99926607361389e-09
1.941032100844957e-08
1.9313730453881513e-08
1.7314324553591458e-08
0.0
0.0
0.0
0.0
0.0
0.0
0.0
0.0
0.0
0.0
0.0
0.0
0.0
0.0
0.0
0.0
0.0
0.0
0.0
0.0
0.0
0.0
0.0
0.0
0.0
0.0
0.0
0.0
0.0
0.0
0.0
0.0
0.0
0.0
0.0
0.0
0.0
0.0
0.0
0.0
0.0
0.0
0.0
0.0
0.0
0.0
0.0
0.0
0.0
0.0
0.0
0.0
0.0
0.0
0.0
0.0
0.0
0.0
0.0
0.0
0.0
0.0
0.0
0.0
0.0
0.0
0.0
0.0
5.847164406474276e-09
1.5298789648002068e-08
1.4850556168437972e-08
1.2341709859486327e-08
0.0
0.0
0.0
0.0
0.0
0.0
0.0
0.0
0.0
0.0
0.0
0.0
0.0
0.0
0.0
0.0
0.0
0.0
0.0
0.0
0.0
0.0
0.0
1.2409464782317495e-08
0.0
0.0
0.0
0.0
0.0
0.0
0.0
0.0
0.0
0.0
0.0
0.0
0.0
0.0
0.0
0.0
0.0
0.0
0.0
0.0
0.0
1.410625483338277e-08
1.540290774965905e-08
1.277025426855011e-08
0.0
0.0
0.0
0.0
0.0
0.0
0.0
0.0
0.0
0.0
0.0
0.0
0.0
0.0
0.0
0.0
0.0
0.0
0.0
0.0
0.0
0.0
7.207630739679151e-09
1.293543844562054e-08
0.0
0.0
0.0
5.176798359346518e-05
0.00010757202647036905
0.00012151187656543207
0.00012971971601310195
8.899652096244449e-05
1.6248795926325313e-05
0.0
0.0
0.0
0.0
0.0
0.0
0.0
0.0
0.0
0.0
0.0
0.0
1.679865019641792e-08
8.746762814188703e-09
1.576387029317334e-08
0.0
2.8576966617189427e-05
0.00010840466075481791
0.00023793129701375935
0.00035592269309501037
0.0004857320783780631
0.0004985641066346749
0.00041813828431176665
0.00024357211285022946
0.0001434025290667854
0.0
0.0
0.0
0.0
0.0
0.0
0.0
0.0
0.0
0.0
0.0
0.0
0.0
0.0
0.0
0.0
0.0
0.0
0.0
0.0
0.0
0.0
0.0
0.0
0.0
0.0
0.0
0.0
0.0
0.0
0.0
0.0
0.0
0.0
0.0
0.0
0.0
0.0
0.0
0.0
0.0
0.0
0.0
0.0
0.0
0.0
0.0
0.0
0.0
0.0
0.0
0.0
0.0
0.0
0.0
0.0
0.0
5.3840461919390086e-09
6.115269863094234e-09
1.8215359919959456e-08
1.7246162103883336e-08
1.4061619164341484e-08
0.0
0.0
0.0
0.0
0.0
0.0
0.0
0.0
0.0
0.0
0.0
0.0
0.0
0.0
0.0
0.0
0.0
0.0
0.0
0.0
0.0
1.4214985384019526e-08
1.8863099319787598e-08
1.4970309634666587e-08
0.0
0.0
0.0
0.0
0.0
0.0
0.0
0.0
0.0
0.0
0.0
0.0
0.0
0.0
0.0
0.0
0.0
0.0
0.0
0.0
0.0
2.213504701141453e-08
9.375881348729801e-09
1.6623361921326133e-08
0.0
0.0
0.0
2.2949345979127455e-05
6.382603074114705e-05
7.805294482077518e-05
9.03526223213465e-05
6.985304565459756e-05
2.6440997202253326e-05
0.0
0.0
0.0
0.0
0.0
0.0
0.0
0.0
0.0
0.0
0.0
6.846724649107084e-09
2.0766885981143495e-08
2.1431212095244517e-08
1.755625612954582e-08
0.0
0.0
0.0
0.0
0.0
0.0
0.0
0.0
0.0
0.0
0.0
0.0
0.0
0.0
0.0
0.0
0.0
0.0
0.0
0.0
7.08013433365645e-09
2.2241228295818022e-08
1.1453250099490302e-08
1.9778540382845294e-08
0.0
0.0
0.0
2.074670750301482e-05
2.067171932641999e-05
0.0
0.0
0.0
0.0
0.0
0.0
0.0
0.0
0.0
0.0
0.0
0.0
0.0
0.0
0.0
0.0
0.0
0.0
0.0
0.0
0.0
0.0
0.0
0.0
0.0
0.0
0.0
0.0
0.0
0.0
0.0
0.0
0.0
0.0
0.0
0.0
0.0
0.0
0.0
0.0
0.0
0.0
0.0
0.0
0.0
0.0
0.0
0.0
0.0
0.0
0.0
0.0
0.0
0.0
0.0
0.0
0.0
0.0
0.0
0.0
0.0
0.0
0.0
9.077760674996034e-09
2.6988634834912912e-08
1.3252802158134418e-08
2.3361508009274286e-08
0.0
0.0
0.0
0.0
0.0
0.0
0.0
0.0
0.0
0.0
0.0
0.0
0.0
0.0
0.0
0.0
0.0
0.0
0.0
0.0
6.3863810502633734e-09
1.788178412813147e-08
1.9247009795529833e-08
1.5993346020359496e-08
0.0
0.0
0.0
0.0
0.0
0.0
0.0
0.0
0.0
0.0
0.0
0.0
0.0
0.0
0.0
0.0
0.0
0.0
0.0
0.0
6.159455554666465e-09
1.943391422274433e-08
1.892691018306608e-08
1.514971630428197e-08
0.0
0.0
0.0
0.0
0.0
0.0
0.0
0.0
0.0
0.0
0.0
0.0
0.0
0.0
0.0
0.0
0.0
0.0
0.0
0.0
0.0
0.0
1.6036799037647285e-08
1.359899825715186e-08
0.0
0.0
0.0
0.0
0.0
0.0
0.0
0.0
0.0
0.0
0.0
0.0
0.0
0.0
0.0
0.0
0.0
0.0
0.0
0.0
7.2773844889059344e-09
2.2336682531203403e-08
1.1428709477715962e-08
1.9989287658889877e-08
0.0
0.0
0.0
0.0
0.0
5.549142020088389e-06
1.63605522579013e-05
2.2815441662610856e-06
0.0
0.0
0.0
0.0
0.0
0.0
0.0
0.0
0.0
0.0
0.0
0.0
0.0
0.0
0.0
0.0
0.0
0.0
0.0
0.0
0.0
0.0
0.0
0.0
0.0
0.0
0.0
0.0
0.0
0.0
0.0
0.0
0.0
0.0
0.0
0.0
0.0
0.0
0.0
0.0
0.0
0.0
0.0
0.0
0.0
0.0
0.0
0.0
0.0
0.0
0.0
0.0
0.0
0.0
0.0
0.0
0.0
0.0
0.0
0.0
7.2097537793200345e-09
2.06666038034531e-08
2.173634939987369e-08
1.737739589505807e-08
0.0
0.0
0.0
2.1883347425681483e-05
3.5700152914788e-05
3.068956403530698e-05
2.3911301537888383e-05
5.302829036008715e-06
0.0
0.0
0.0
0.0
0.0
0.0
0.0
0.0
0.0
0.0
0.0
0.0
7.945672440815608e-09
2.2681620102380074e-08
3.7038335408045836e-06
4.101216004304063e-05
9.826069695969082e-05
0.0001854666699658064
0.00028928138315526734
0.0003755236816185156
0.0004820162033290046
0.0005940180224203823
0.0005135610928420244
0.00039312573282424576
0.00021385422600301012
0.00011103342188785525
0.0
0.0
0.0
0.0
0.0
0.0
0.0
0.0
0.0
0.0
6.928340452506418e-09
2.3406317101339733e-08
1.70515194786791e-05
9.257676475316497e-05
0.0001942821586555234
0.0003129395114493429
0.00039487201572632784
0.0004996092228664124
0.000648467763585386
0.0007716839950235582
0.0006382157210234094
0.0004057519491714232
0.0001460751615142726
7.803327953643913e-06
0.0
0.0
0.0
0.0
0.0
0.0
0.0
0.0
0.0
0.0
7.505406000534032e-09
2.1389081196082883e-08
2.2844473292397843e-08
6.903292971502872e-06
9.043902329901478e-05
0.0002012339795909773
0.0003517523844293674
0.0005492438649884217
0.000844460939625811
0.0010960409708047321
0.001069477920179395
0.0009107193232222863
0.0006018367679391807
0.00035978824134840317
0.0
0.0
0.0
0.0
0.0
0.0
0.0
0.0
0.0
0.0
4.6537522423514566e-09
2.3096596826547527e-08
1.1650606996053528e-08
9.6887113851974e-05
0.00022999157362550905
0.0003840185240648742
0.0005674851484451459
0.0009304461954048528
0.000991971582730111
0.0008231812140376019
0.0004494781916989157
0.00023276180829801958
0.00012055612837657292
2.5120053261969356e-05
0.0
0.0
0.0
0.0
0.0
0.0
0.0
0.0
0.0
0.0
0.0
0.0
0.0
0.0
0.0
0.0
0.0
0.0
0.0
0.0
0.0
0.0
0.0
0.0
0.0
0.0
0.0
0.0
0.0
0.0
0.0
0.0
0.0
0.0
0.0
0.0
0.0
0.0
0.0
0.0
0.0
0.0
0.0
0.0
0.0
0.0
0.0
0.0
0.0
0.0
0.0
0.0
0.0
0.0
0.0
0.0
0.0
0.0
7.3358802852822725e-09
2.2503715744885118e-08
2.4261191922254518e-08
1.9796107278787354e-08
0.0
0.0
0.0
1.2407202008979731e-05
3.4294351714968247e-05
3.470185507262657e-05
3.634706382961097e-05
8.769603811061131e-06
0.0
0.0
0.0
0.0
0.0
0.0
0.0
0.0
0.0
0.0
0.0
0.0
8.51854400630152e-09
2.5658715081014162e-08
2.5820616262929714e-08
2.000729838816058e-08
9.139466915121835e-06
3.0962978598940597e-05
4.5008293736739074e-05
6.505154131988299e-05
8.038578611773392e-05
7.632675637801042e-05
6.926585820507403e-05
3.271649249140157e-05
0.0
0.0
0.0
0.0
0.0
0.0
0.0
0.0
0.0
0.0
0.0
0.0
8.01987189792022e-09
2.2618897274231766e-08
2.1189481492711644e-08
1.7451160346634337e-08
0.0
0.0
0.0
0.0
0.0
0.0
0.0
0.0
0.0
0.0
0.0
0.0
0.0
0.0
0.0
0.0
0.0
0.0
0.0
0.0
5.503606181643972e-09
1.6507389574417542e-08
8.548349888465147e-09
1.5633686627804004e-08
0.0
0.0
0.0
0.0
0.0
0.0
0.0
0.0
0.0
0.0
0.0
0.0
0.0
0.0
0.0
0.0
0.0
0.0
0.0
0.0
6.124667661498836e-09
1.8261069299374338e-08
1.6981541279016642e-08
1.4313450774903609e-08
0.0
0.0
0.0
0.0
0.0
0.0
0.0
0.0
0.0
0.0
0.0
0.0
0.0
0.0
0.0
0.0
0.0
0.0
0.0
0.0
0.0
0.0
0.0
0.0
0.0
0.0
0.0
0.0
0.0
0.0
0.0
0.0
0.0
0.0
0.0
0.0
0.0
0.0
0.0
0.0
0.0
0.0
0.0
0.0
0.0
0.0
0.0
0.0
0.0
0.0
0.0
0.0
0.0
0.0
0.0
0.0
0.0
0.0
0.0
0.0
0.0
0.0
0.0
0.0
0.0
0.0
0.0
1.1390009943856805e-08
7.503559050254852e-09
2.2391544757720185e-08
3.3168337029410556e-05
7.426953350620982e-05
0.00012135969019852578
0.00018248825629716702
0.00026598931286343926
0.0003490228560570647
0.00050338756860767
0.0007277484334402614
0.0006726621906711213
0.000549493329816427
0.00033440994743699006
0.00016950303192736266
0.0
0.0
0.0
0.0
0.0
0.0
0.0
0.0
0.0
0.0
5.1502809905595755e-09
2.302007960986062e-08
2.5503053652362355e-05
0.00013355580393056046
0.00030767810065884154
0.0005149464120276649
0.0007683144286426997
0.0010864602139479078
0.001381180404775432
0.0015959636954356673
0.0015395946823515128
0.001352793326641023
0.0009581360498571118
0.0006146284142138031
0.0
0.0
0.0
0.0
0.0
0.0
0.0
0.0
0.0
0.0
5.5093092813171796e-05
0.00021013763086722505
0.00033655111001683157
0.000436933118496597
0.0006624177090290647
0.0008500812971582816
0.0009794709355887246
0.0011340000753186496
0.0012619748376392949
0.0013555859773323315
0.0011768105426142065
0.0009459994084205926
0.0006256854413929455
0.00037682823842436684
0.0
0.0
0.0
0.0
0.0
0.0
0.0
0.0
0.0
0.0
0.0
1.813355947665763e-08
2.062789479280076e-08
1.8248240351246494e-08
6.93475671611689e-05
0.00012440970713890244
0.00017395116132322004
0.00023630923852341546
0.00021697524576893063
0.00010991060916527325
1.8084207173834676e-05
0.0
0.0
0.0
0.0
0.0
0.0
0.0
0.0
0.0
0.0
0.0
0.0
0.0
5.965888473917832e-09
3.1421925835703836e-08
1.959650766158522e-05
0.00010677663630155514
0.00015029237288922815
0.00021107732484452134
0.0002675315077757053
0.00029556726957444637
0.00032113721039437264
0.00025177149450510166
0.00022782225464356727
0.00025273726051726797
0.00016403917795649055
0.00010276533872933224
0.0
0.0
0.0
0.0
0.0
0.0
0.0
0.0
0.0
0.0
0.0
0.0
0.0
0.0
0.0
0.0
0.0
0.0
0.0
0.0
0.0
0.0
0.0
0.0
0.0
0.0
0.0
0.0
0.0
0.0
0.0
0.0
0.0
0.0
0.0
0.0
0.0
0.0
0.0
0.0
0.0
0.0
0.0
0.0
0.0
0.0
0.0
0.0
0.0
0.0
0.0
0.0
0.0
0.0
0.0
0.0
0.0
0.0
9.616860478422528e-09
2.839428487556578e-08
1.3477576470460493e-08
2.7398187322314714e-05
0.00014582599927981445
0.00016453203530439962
0.0002605723152374748
0.00032888301825337573
0.0004397856416207979
0.0006573088730292031
0.0006454937571335493
0.0005521931053602982
0.00034979035441681566
0.0001827506285422967
0.0
0.0
0.0
0.0
0.0
0.0
0.0
0.0
0.0
0.0
6.196206549153671e-09
2.9777016107929455e-08
3.1448398251311006e-05
6.891833570012156e-05
0.0001269935507869676
0.00019432031686824637
0.00026932927394575064
0.0003249446854336282
0.0003790205710954524
0.00040565077901291333
0.00036107718488129415
0.00028569967316176444
0.00019269299992410164
0.00013954426831243655
0.0
0.0
0.0
0.0
0.0
0.0
0.0
0.0
0.0
0.0
5.222268892492415e-09
2.3405665106447968e-08
2.5381223652912113e-08
1.9129400759660887e-08
0.0
0.0
2.5212955492638916e-06
3.759770992757726e-05
8.006643474374457e-05
0.0001198000011148728
0.00015568591157723757
0.00014365240564222676
9.635479419857143e-05
4.812417588406947e-05
0.0
0.0
0.0
0.0
0.0
0.0
0.0
0.0
0.0
0.0
5.474094871253929e-09
2.5932873538816892e-08
3.3451886881347784e-06
7.900888605852812e-05
0.000222450958606608
0.000388984183340123
0.0005307817619651064
0.0008140321186871625
0.0011139016039635812
0.0013501201408992586
0.0013278439591827896
0.0012107566940320622
0.0009231610156909597
0.0006662574808755896
0.0
0.0
0.0
0.0
0.0
0.0
0.0
0.0
0.0
0.0
4.760708831809318e-06
0.0001197642826937004
0.00017124799008199837
0.00029885489573172077
0.000504222417473111
0.0007063148920990165
0.0008280342612122789
0.0009775902629890207
0.0010979196104261445
0.0011911855558866995
0.0010039037255222007
0.0007915939644724743
0.0005248414110355423
0.0003082312654312226
0.0
0.0
0.0
0.0
0.0
0.0
0.0
0.0
0.0
0.0
0.0
0.0
0.0
0.0
0.0
0.0
0.0
0.0
0.0
0.0
0.0
0.0
0.0
0.0
0.0
0.0
0.0
0.0
0.0
0.0
0.0
0.0
0.0
0.0
0.0
0.0
0.0
0.0
0.0
0.0
0.0
0.0
0.0
0.0
0.0
0.0
0.0
0.0
0.0
0.0
0.0
0.0
0.0
0.0
0.0
0.0
0.0
0.0
0.0
0.0
0.0
0.0
0.0
0.0
0.0
0.0
0.0
0.0
0.0
0.0
0.0
0.0
0.0
0.0
0.0
0.0
0.0
0.0
0.0
0.0
0.0
0.0
7.351218283982398e-09
2.111701899025451e-08
0.0
1.8578678908101247e-08
0.0
0.0
0.0
0.0
0.0
9.689505329557795e-06
6.181560228095774e-05
3.539348127741884e-05
0.0
0.0
0.0
0.0
0.0
0.0
0.0
0.0
0.0
0.0
0.0
0.0
8.609927707630651e-09
2.6070809070605663e-08
2.5970430846292516e-08
2.0396752669003954e-08
4.2356129235141705e-05
0.00010194954873834916
0.00018937060631627755
0.00030419226182310525
0.00040733010335935777
0.0004950511969019672
0.00043882199227950514
0.0003740794376784694
0.00020101886256814724
7.320194350752084e-05
0.0
0.0
0.0
0.0
0.0
0.0
0.0
0.0
0.0
0.0
1.354103252520683e-08
2.09655416184851e-08
0.0
1.8230771566673346e-06
0.0
2.1966647497191915e-06
3.870623045534473e-05
8.660894749466516e-05
0.00010379509012329742
7.108342211206764e-05
3.9819205364113694e-05
6.365404898688706e-06
0.0
0.0
0.0
0.0
0.0
0.0
0.0
0.0
0.0
0.0
0.0
0.0
7.078440312778971e-09
2.5024094552457774e-08
2.6599564148408762e-08
1.3056511106282353e-05
5.164688564511919e-05
8.213993244661641e-05
8.839156717275806e-05
0.00014959340323212868
0.00016155519311031785
0.0001833336864670375
0.0002045706331124323
0.00017768715992851417
0.0001346569499105398
6.223622120765192e-05
0.0
0.0
0.0
0.0
0.0
0.0
0.0
0.0
0.0
0.0
0.0
0.0
0.0
0.0
0.0
0.0
0.0
0.0
0.0
0.0
0.0
0.0
0.0
0.0
0.0
0.0
0.0
0.0
0.0
0.0
0.0
0.0
0.0
0.0
0.0
0.0
0.0
0.0
0.0
0.0
0.0
0.0
0.0
0.0
0.0
0.0
0.0
0.0
0.0
0.0
0.0
0.0
0.0
0.0
0.0
0.0
0.0
0.0
7.484695077939031e-09
2.1654135383008393e-08
6.8460940549799775e-06
5.814339574982238e-05
8.885829356614192e-05
0.00013101633061249405
0.00021750181070893118
0.000310557918658142
0.0004336258640900604
0.0005477162550658905
0.00047371240795570144
0.00046362772750101325
0.0003789735805903451
0.00020609657219338012
0.0
0.0
0.0
0.0
0.0
0.0
0.0
0.0
0.0
0.0
0.0
2.20069406839785e-05
7.955555835120843e-05
0.00017080142398118563
0.0003430628487633885
0.00039248047129020457
0.0005678877880240321
0.0007148826395642735
0.0007639879875451898
0.0008567901247090663
0.0006456516805859989
0.0006018392807085565
0.00046597829913606496
0.00017424945728464333
0.0
0.0
0.0
0.0
0.0
0.0
0.0
0.0
0.0
7.35240776100639e-06
0.0
2.9477879815478405e-08
4.4909496295460234e-05
6.249940878476281e-05
0.00011154082102025462
0.00010556021838058629
0.00015084106238000681
0.00027193843775914273
0.0003557031741505037
0.0004155228552036712
0.0003104853631915812
0.00024029547494314036
0.00018973565706345964
0.00011500518467265678
0.0
0.0
0.0
0.0
0.0
0.0
0.0
0.0
0.0
0.0
4.7772509746739135e-09
2.005497491768098e-05
7.844968714155799e-05
0.00017191863251968118
0.0003173492675094268
0.00045738805708662626
0.0006149335794978852
0.0008784756484461548
0.0010412021014525672
0.001165041285028509
0.0009416545137499796
0.0006866774024948757
0.0005827846810092516
0.0004370797603932891
0.0
0.0
0.0
0.0
0.0
0.0
0.0
0.0
0.0
0.0
6.016267888056345e-05
0.0001481751540632056
0.00023493073811216557
0.00041115772993883674
0.0007637134650615119
0.0011958973511177527
0.0015432968742446834
0.0018190717831801904
0.002310095128911393
0.002654353761835388
0.00251812419353551
0.002269446489275683
0.001989818373113797
0.0016013901502973497
0.0
0.0
0.0
0.0
0.0
0.0
0.0
0.0
0.0
0.0
0.0
0.0
0.0
0.0
0.0
0.0
0.0
0.0
0.0
0.0
0.0
0.0
0.0
0.0
0.0
0.0
0.0
0.0
0.0
0.0
0.0
0.0
0.0
0.0
0.0
0.0
0.0
0.0
0.0
0.0
0.0
0.0
0.0
0.0
0.0
0.0
0.0
0.0
0.0
0.0
0.0
0.0
0.0
0.0
0.0
0.0
0.0
0.0
6.700045405136439e-09
2.2280720859836366e-08
2.0262734281804082e-08
5.8475354824897334e-05
6.991833257354426e-05
5.621863704541971e-05
0.0001065452942783463
0.00016199781152085956
0.000209864887863816
0.00020588185104648753
0.00013445668845925364
6.804834444477961e-05
3.547841000299245e-05
5.707279557734712e-06
0.0
0.0
0.0
0.0
0.0
0.0
0.0
0.0
0.0
0.0
6.434753414081137e-09
2.2151717220282278e-08
2.202357076345071e-08
1.861731091267613e-05
7.006924904044317e-05
8.59218408591342e-05
0.00011753663669181077
0.00017518742329058812
0.00022892948156085673
0.00020179006425849545
0.00011870429563773874
9.084764875710071e-05
2.3304181550799882e-05
0.0
0.0
0.0
0.0
0.0
0.0
0.0
0.0
0.0
0.0
0.0
7.841863013166404e-09
2.406951446463628e-08
2.293599668490699e-08
1.9944744061523628e-08
0.0
0.0
0.0
0.0
0.0
0.0
0.0
0.0
0.0
0.0
0.0
0.0
0.0
0.0
0.0
0.0
0.0
0.0
0.0
0.0
8.811882040003015e-09
2.561265320501707e-08
1.3654248738460625e-08
2.4278885672706974e-08
0.0
2.532407366303729e-05
5.2760338256194284e-05
0.0001268972139729904
9.204949113930658e-05
7.800632117241296e-05
0.00011471137075920165
0.00014375086687586826
0.00015960259587318446
0.00016941649098605743
0.0
0.0
0.0
0.0
0.0
0.0
0.0
0.0
0.0
0.0
7.166313993602139e-09
4.506458590966241e-06
5.617211105193684e-05
0.00014137729279005756
0.0002785899265692444
0.0003996641606595654
0.000575155824363333
0.0004347270630754703
0.0003180032438979909
0.0005165045075068651
0.0006474481629639417
0.0004098208434684444
0.0001936097057167071
0.00015013504072930177
0.0
0.0
0.0
0.0
0.0
0.0
0.0
0.0
0.0
0.0
0.0
0.0
0.0
0.0
0.0
0.0
0.0
0.0
0.0
0.0
0.0
0.0
0.0
0.0
0.0
0.0
0.0
0.0
0.0
0.0
0.0
0.0
0.0
0.0
0.0
0.0
0.0
0.0
0.0
0.0
0.0
0.0
0.0
0.0
0.00015417344456587857
0.00017515423371879883
0.0001287134098740753
6.531687017392426e-05
0.0
0.0
0.0
0.0
0.0
0.0
0.0
0.0
0.0
0.00011791400552670131
0.0001374781054725106
0.00014761798117947234
0.00019027591703740508
0.00021394175947139679
0.00023734482481439494
0.0003389592861444995
0.000295971053181522
0.0005391745570106436
0.0007535821643836738
0.000878988308469556
0.0008870496964904735
0.0008245456259229251
0.0006408877860693929
0.0004934909532116027
0.0
0.0
0.0
0.0
0.0
0.0
0.0
0.0
0.0
0.0
0.0
9.484790505914554e-05
0.00022014555720633016
0.00030288901125868195
0.00045049765291476604
0.0007815166411826484
0.0011873037669394898
0.0012539775000570612
0.001430278088816022
0.0015784585384935389
0.0012695172095459155
0.0010759432040891555
0.000886249883625854
0.0005452726015340517
0.0
0.0
0.0
0.0
0.0
0.0
0.0
0.0
0.0
0.0
6.283636961429215e-09
4.503664366620136e-05
0.0001190969478003385
0.00022593049126101887
0.0003719162590099895
0.0005622553348754399
0.0007610420028515109
0.0009761101184825116
0.0013226357078337918
0.0015226085527647907
0.0013254025336357895
0.0013211322450865648
0.0012748178904079652
0.0010192115780730095
0.0
0.0
0.0
0.0
0.0
0.0
0.0
0.0
0.0
0.0
7.743244904048524e-05
0.00019952503739354677
0.0002487127533168247
0.00044357749991837917
0.0009283481648351659
0.0012911433517400856
0.0017725784052939507
0.002090612597329986
0.0022659455068807766
0.002592965170994603
0.00263947798478175
0.00261112604107496
0.0024976626957624
0.002142618793371013
0.00019296522240564413
0.0002135154854307904
0.00015745664349718253
0.0
0.0
0.0
0.0
0.0
0.0
0.0001880393053240372
0.00027319925500662726
0.0005993233726786666
0.0011284447652245122
0.0015343141546938117
0.0020906339912845026
0.0024468295420149184
0.002583686314269445
0.0027087849144467814
0.0027811911514025703
0.0029665065618082217
0.0028804358844619423
0.0027669947731995027
0.0024518997376752915
0.0019110000636335279
0.0003461017573767188
0.00018315526312758502
0.00013051806200330382
4.3718820014612945e-05
0.0
0.0
0.0
0.0
0.0
0.0
0.0
4.3056526643578806e-05
6.146878174544002e-05
7.731420569325084e-05
0.00015780089025640035
0.0002965826541094493
0.00038060179003682036
0.000427557902462174
0.0004511476245701102
0.0004690625874433405
0.0004540700865684201
0.0004884016465946933
0.0004598217918398919
0.00035636833470813965
0.0001687183369176741
9.974063594818284e-05
0.0
0.0
0.0
0.0
0.0
0.0
0.0
0.0
6.617294363894101e-05
5.4210402024185404e-05
0.00012139340880746314
0.00013975126797433242
0.00023740429552008066
0.0003088890406834023
0.000395600039492879
0.00039676406342057025
0.00042690503214066957
0.0004780857300206597
0.0004401982680696831
0.00047153908564830197
0.0005077363023667758
0.00042605369268127065
0.00038476844907451077
0.0003478036316501563
0.00014254616792156466
0.0001078432087912927
0.0
0.0
0.0
0.0
0.0
0.00016652310919234981
0.0002741670607402088
0.0005504469008016543
0.0009496185083526993
0.0013534880778953617
0.0019701264333493967
0.0024653935863955053
0.0028681729311875142
0.00305806249376675
0.003135232946993407
0.0032215699009466464
0.003132444414732063
0.002984442293432888
0.0027369150279941547
0.0022899892863606796
0.00042069945655068714
0.00036576627239755683
0.00026833987695987395
0.00012133330840977917
0.0
1.6751035676619315e-05
0.0
0.0
0.0
0.00019054032630791106
0.00038934904108728504
0.0008448140454118237
0.001325175803831082
0.0014363516277054805
0.0017378075544449646
0.001989571564236873
0.0018289548790951004
0.0016968032344375035
0.001669953799465736
0.001715432613614474
0.001607040135342341
0.0017502695324327492
0.0017779029337810597
0.0014815639039595853
0.0
0.0
0.0
0.0
0.0
0.0
0.0
0.0
0.0
0.00013022221436718865
0.00014759865837776404
0.0002654399091120626
0.0004376558857919911
0.0007660228255075652
0.001206758017774323
0.0013363275495508694
0.0011682340157734793
0.0015088120186470728
0.001915044973547295
0.002122858284655157
0.0019854845896454866
0.0019149587366576613
0.0016180583194696622
0.0012344213891821618
0.0
0.0
0.0
0.0
0.0
0.0
0.0
0.0
0.0
0.00015129630320150956
0.00014116526859516204
0.00028777167011035813
0.00047463890023791985
0.0008535434509862699
0.0013266669403775033
0.001726022191491027
0.001975902943783334
0.0021794194798016543
0.0024429849253305206
0.002726571049653034
0.0026936823577896557
0.00277439568800803
0.002698558802860993
0.0023398090758096424
0.00023758866087754673
0.0002545789039936387
0.0001812541772101145
2.736816060924758e-05
1.8416661868913637e-05
0.0
0.0
0.0
0.0
0.00013741064070630306
0.0002722117279320212
0.0006715408072803273
0.0011456465583982312
0.0016798988405075021
0.002297521730423421
0.002774058883139419
0.003082000618545878
0.003183773302277293
0.0032561837582719
0.003376400607931957
0.003275855436336485
0.0031822311420900275
0.0029956613322394106
0.002246546291406346
0.00016996583821268842
0.00015728808504928313
1.380163589105923e-05
1.279487100667101e-05
0.0
0.0
0.0
0.0
0.0
0.0
0.0
0.0
0.0
0.0
0.0
0.0
0.0
0.0001577782198923058
4.759621045694901e-05
0.00011630837156058956
0.0
0.0
0.0
0.0
0.0
0.0
0.0
0.0
0.0
0.0
0.0
0.0
0.0
0.0
0.0
0.0
0.0
0.0
0.0
0.0
0.0
0.0
0.0
0.0
0.0
0.00011070813626488077
8.888747562419327e-05
0.0
0.0
0.0
0.0
0.0
0.0
0.0
0.0
0.0
0.0
2.651543552470914e-08
2.388918847722705e-05
7.544829698935286e-05
0.0001186839599108456
0.00016880956550937513
0.00022666002237555708
0.00034256858308784165
0.0006902041411626118
0.0010061345745918191
0.0012490875521546133
0.0014432116142104356
0.001620661699728945
0.0007814086406277719
0.0004790952574658342
0.0003612596560041722
0.0
0.0
0.0
0.0
0.0
0.0
0.0
0.0
0.0
0.0
0.0
0.0
0.0
0.0
0.0
0.0
0.0
0.0
8.548582043808749e-05
0.00018975827140235843
0.00013092407267787642
0.00020864624119991008
9.175986179681345e-05
0.0
0.0
0.0
0.0
0.0
0.0
0.0
0.0
0.0
0.0
4.687618645126479e-05
0.00010783882013377198
0.0001642467083184419
0.00025740402008720743
0.0003900045418136654
0.0006225005046575681
0.0009250809617476296
0.001286102424442497
0.0016798544625039062
0.0018490538896135805
0.0018450378705071521
0.0017565542674951478
0.000866451785869175
0.0005356837038629498
0.00037905538532814916
0.0
0.0
0.0
0.0
0.0
0.0
0.0
0.0
0.0
0.00014635912552846665
0.00016994222411670213
0.00023119257043047192
0.00036838072990421635
0.0006682662192282352
0.000954846121896932
0.0012011505897800963
0.0014516835444759685
0.0016460089488177225
0.001611400432358546
0.0014754248442960657
0.00126201609842998
0.0005393915886836177
0.0004619554745079385
0.000426757416256021
0.0
0.0
0.0
0.0
0.0
0.0
0.0
0.0
0.0
5.423593126162724e-06
5.894694470218187e-05
0.0001150722881000417
0.0002247514111614068
0.0004755457599238332
0.0008809548704849427
0.0011818635373465963
0.0014227471107883616
0.0016973813245283705
0.001892891045256619
0.00200134403018115
0.002057245777784714
0.0011205003664352211
0.000771206012272582
0.0004870537620114155
0.0
0.0
0.0
0.0
0.0
0.0
0.0
0.0
0.0
0.0
0.0
0.0
0.0
0.0
0.0
0.0
0.0002741089974268875
0.00029825715245333627
0.0003243872841410827
0.00030201410118892565
0.00037550560512489257
0.0003091369941992292
0.00022119740770542952
0.00022179245238606514
6.400661461947459e-05
0.0
0.0
0.0
0.0
0.0
0.0
0.0
0.0
0.0
0.0
0.0
0.0
0.0
0.0
0.0
0.00012920028388239667
0.0003096757827609759
0.00024928326358988965
0.0003972133951215609
0.00039478201633871
0.00030840262661562895
0.0003484028316052907
0.0003420456830533951
0.00020422951229026373
0.0
0.0
0.0
0.0
0.0
0.0
0.0
0.0
0.00010948591296209455
0.00022568294908527738
0.00029108442418297964
0.0004833163088160966
0.0007572202590323358
0.0010563452560188617
0.0013261443493787516
0.0015058205848255163
0.0016812146015532901
0.001692984458758475
0.0016354707207450019
0.0015411177129182575
0.0006477350319101761
0.0004402001944679918
0.00037484753667199584
0.0
0.0
0.0
0.0
0.0
0.0
0.0
0.0
0.0
0.00011072553765358647
0.00014035058105067193
0.00018945533056988835
0.00028128620858944227
0.00041665724024663895
0.0006263073663356227
0.0008401562982437599
0.0010657053158066258
0.0013061677339478652
0.0013280106063337268
0.0012078349353004615
0.0010609849723752192
0.00043735718150362255
0.00033049017025362675
0.0002628603806839021
0.0
0.0
0.0
0.0
0.0
0.0
0.0
0.0
0.0
7.502854281749679e-05
0.00011256024921865292
0.00016280529088086787
0.00022642519063113326
0.00030699993435230047
0.00041729434313708636
0.0005628942174217683
0.0007068769750209378
0.0008549195442935546
0.0009185864979975873
0.0009442677195319396
0.000946694129177358
0.0004368872548383394
0.0003583013828595739
0.0003177167293082729
0.0
0.0
0.0
0.0
0.0
0.0
0.0
0.0
0.0
1.74712339655975e-05
5.8831792344467056e-05
9.28922562076976e-05
0.0001352080106418689
0.0001845706828735827
0.0002397407261416639
0.0003138386139213675
0.0004478937873014611
0.0006345075648578368
0.000769651939329394
0.0009006627340426599
0.0010276535010841365
0.0004806273833316381
0.00039608184920810754
0.00035221719339909876
0.0
0.0
0.0
0.0
0.0
0.0
0.0
0.0
0.0
7.173501005784619e-05
0.00012598973719569602
0.00019744231773095153
0.0002813932179348392
0.00035723796642078074
0.00047027230202476917
0.0005906283414998705
0.0006932339188068718
0.0007939987194054067
0.0008720650624852702
0.0009416706452907534
0.0010094588770295924
0.00044796100610979266
0.00034729336560056223
0.0002836019455945151
0.0
0.0
0.0
0.0
0.0
0.0
0.0
0.0
0.0
0.0
0.0
0.0
0.0
0.0
0.0
0.0
0.0
0.0
0.0
0.00017620753302516166
0.00013818234434307357
0.0
0.0
0.0
0.0
0.0
0.0
0.0
0.0
0.0
0.0
0.0
0.0
0.0
0.0
0.0
0.0
0.0
0.0
0.0
0.0
2.603055312797841e-05
0.00019809128605867166
0.000315743634242953
0.0003509650214387407
0.000276205244435757
0.00031796519173195374
0.0003305059207500331
0.00017235491424109724
3.4938933697531966e-05
0.0
0.0
0.0
0.0
0.0
0.0
0.0
8.892952007495518e-05
0.00018068146462514335
0.00021498231008676219
0.0003715019746105392
0.000689247618751937
0.0010521120553568294
0.001392012087277717
0.0017587486550721466
0.002150951384624197
0.0024055683741850803
0.0026645127412093087
0.0028572743474264413
0.0016334179257014067
0.0012363441693680167
0.0008538071382147029
0.0002875462691674441
9.097614705867644e-05
0.0
0.0
0.0
0.0
0.0
0.0
0.0
9.959114475450105e-05
0.00021983888849678773
0.00038205337378073605
0.0006572610567078155
0.0009684960481375867
0.0012917199323963238
0.0016594020213321458
0.002012489318541665
0.0025084046080523356
0.0026997695109053596
0.002748726238978861
0.0027708131766608518
0.0014937851169162387
0.0011524892615732865
0.000798553185288283
0.00031144983974217347
0.00023260320716111455
2.7979773106459863e-05
2.736925938039547e-05
0.0
0.0
0.0
0.0
0.0
0.0001245446988596072
0.00023373859417784255
0.0005487600173917842
0.0009313901159231068
0.001141680643150707
0.0014349704163872238
0.001794876130149168
0.0022089395706595357
0.0026516180890018546
0.0027858348729092965
0.0027167433567295476
0.0025972189254091236
0.0013074885572121023
0.0009080745229929382
0.0006215010969472767
0.00020178659734046574
0.0
4.4913908555519497e-05
0.0
0.0
0.0
0.0
0.0
0.0
0.0001697319086811735
0.0001922210938892516
0.0002659971821576853
0.00043435754398940085
0.0007857501657550092
0.001135103539769136
0.0015112117633909305
0.0019290493441299031
0.002350934771919491
0.0025511361687061626
0.0025141967382450643
0.0024421538092421822
0.0012642410876710425
0.0009550551273443598
0.0007136473743271553
0.00012093430905729224
3.4881145753220854e-05
0.0
0.0
0.0
0.0
0.0
0.0
0.0
0.00011824901396522164
0.00022986138950082115
0.00034362392463784723
0.0006581745592743373
0.0010763313292770017
0.0015253609359704547
0.00193857460015331
0.002308673114810752
0.0026205560935264865
0.0028790431444541543
0.0030108068424214264
0.003098604189077479
0.0018288856474125315
0.0013996154152700357
0.0010743250691754881
0.00032968608218428974
0.00028249402430220483
0.00018654346868457613
4.038306745849397e-05
4.161092368558029e-05
0.0
0.0
0.0
0.0
0.0
0.0
0.00021504188582850204
4.041370222348396e-05
0.00011274257131706539
0.0
0.0
0.0
0.0
6.78534466044312e-05
6.573852513365433e-05
0.0001973635259094129
0.00014763397921901283
0.0001488433020546954
0.0
0.0
0.0
0.0
0.0
0.0
0.0
0.0
0.0
0.0
0.0
0.0
0.0
0.0
0.0
0.0
0.0
0.00023130610733099655
0.0002299536856440278
0.00034638674220714244
0.00033384705029983766
0.00038030106908626453
0.00034595070556684256
0.000370577856878569
0.0002887292145318522
0.0002630012694626388
6.322657306419578e-05
0.0
0.0
0.0
0.0
0.0
0.0
0.0
0.00013970004772546703
0.0001460480829456044
0.00019514531491766085
0.0002586293642443968
0.00032006961889413817
0.00039996377464014297
0.000543988068128882
0.0007291263462363335
0.0009073555620200981
0.000977642249362874
0.0010005503260630934
0.0010077448605603976
0.00042727688138580444
0.0003313405578716109
0.00026852322073798253
0.0
0.0
0.0
0.0
0.0
0.0
0.0
0.0
0.0
0.00012070486181867694
0.00011922605396476464
0.00012458973453975417
0.00015599070640158943
0.00021379843831168668
0.000286028795587915
0.0003725660270533735
0.0005317470516436394
0.000718334835153328
0.000739634261701267
0.0006733865844467645
0.0006091858618985643
0.0003262002771375887
0.00024368541438157378
0.00017905138815498824
0.0
0.0
0.0
0.0
0.0
0.0
0.0
0.0
0.0
1.134212545265588e-05
4.681776658319344e-05
7.56393285630876e-05
0.0001311292847835996
0.0002204079043219584
0.00036062694072065026
0.0006096458734494442
0.0008676100111221231
0.0011346785754826152
0.0012815598243107332
0.001372794020708247
0.0014519457958681852
0.0006509495380938535
0.00043962563753086476
0.0003632766520177097
0.0
0.0
0.0
0.0
0.0
0.0
0.0
0.0
0.0
2.264903777439961e-05
7.789222575405901e-05
0.0001499338064473841
0.00031008633566549524
0.0004147275641632579
0.0006697108071197106
0.0009455386008777587
0.0012587305175879805
0.0015690530638318822
0.0017129820182284834
0.0016805804097576866
0.001593579990318791
0.0006703738776312224
0.000451037741041385
0.00036641005380206844
0.0
0.0
0.0
0.0
0.0
0.0
0.0
0.0
0.0
4.950085634405768e-05
9.458394962446919e-05
0.00015879336961075474
0.0002453537339971289
0.00038583317039865106
0.0006611926854317775
0.0007424109086427959
0.0006652014116400929
0.0005820964972283772
0.00047313479622267997
0.00038549435186258367
0.00032248291314353227
0.00024253693444386068
0.00018165430246442168
0.00013622618388432905
0.0
0.0
0.0
0.0
0.0
0.0
0.0
0.0
0.0
0.0
0.0
0.0
0.0
0.0
0.0
0.0
0.0
0.0
8.208711719267282e-05
0.00024140609000953262
0.00026100240155334475
0.00031027428801043205
0.00022123760139993413
0.00016728575356330367
0.0
0.0
0.0
0.0
0.0
0.0
0.0
0.0
0.0
0.0
0.0
0.0
0.0
0.0
0.0
0.0
0.0002588536236363186
0.00025815329566421285
0.00035796910068083604
0.00035096347637202265
0.0003335347864911277
0.00036120682389888557
0.00028861896727830306
0.0002765662736609487
9.396415866739844e-05
0.0
0.0
0.0
0.0
0.0
0.0
0.0
0.0
2.9043739297302982e-05
9.185005877764955e-05
0.0001652475357358843
0.00025358349621546665
0.0004299289419709407
0.0007487193202883619
0.0010936139897001946
0.0014561391972971163
0.0018512196656401845
0.0021179999574391967
0.002345876709208975
0.0025900206703192382
0.0014450710922622064
0.0009113785015423439
0.000474905229567085
0.0
0.0
0.0
0.0
0.0
0.0
0.0
0.0
0.0
3.5046020713661014e-05
0.000102284906184113
0.00013440661393641486
0.00021574982629610632
0.0003536889810542005
0.0006015667725120826
0.0008411637283016541
0.0010519687290263704
0.0012434555046389197
0.0011840766490770506
0.0009643899513326413
0.0007022335855304967
0.0003149730114002336
0.00022236166221237087
0.00015413388693782886
0.0
0.0
0.0
0.0
0.0
0.0
0.0
0.0
0.0
1.3551279184951276e-05
2.3757999004665047e-05
3.267671171668198e-05
4.5514193792592696e-05
6.0462967697904764e-05
7.924474037447763e-05
7.962275300972619e-05
6.35259490455449e-05
4.581118111268401e-05
3.188747381579796e-05
2.5420263256154523e-05
1.9513858785000023e-05
7.181277605445227e-06
0.0
0.0
0.0
0.0
0.0
0.0
0.0
0.0
0.0
0.0
0.0
0.0
2.382482710845698e-08
3.6212945793266532e-09
1.1082915973769012e-06
3.0674224973888936e-05
8.01927662206046e-05
0.00014173697672824996
0.00015566181782430085
0.00023693383049289138
0.00030540180878732803
0.00039301613845247506
0.0005269293596983886
0.00036408891272537725
0.00033222101098878644
0.00030694412461460305
0.0
0.0
0.0
0.0
0.0
0.0
0.0
0.0
0.0
0.0
2.1822604837008285e-08
3.4952888424976582e-09
5.8755201204773324e-05
0.00012605201533704484
0.00026028583717273415
0.00032991656100082254
0.0005936234141136714
0.0009133949163469801
0.001120597425764745
0.00129978138320736
0.001433000323318984
0.0007928109942115025
0.0005819238567908235
0.00042372743394162844
0.0
0.0
0.0
0.0
0.0
0.0
0.0
0.0
0.0
0.0
0.0
0.0
0.0
0.0
0.0
0.0
0.0
0.0002719634882869701
0.00031850081310083974
0.0002525482152687999
0.00036045367859992777
0.00033970520782935343
0.00023633882405639268
0.00015713717208188407
0.0
0.0
0.0
0.0
0.0
0.0
0.0
0.0
0.0
0.0
0.0
0.0
0.0
0.0
0.0
0.0
0.0003419940865470158
0.0003900255591203891
0.00032167221749687707
0.0004181494270823237
0.0004299873937353607
0.00031032929598601616
0.00036818169651293633
0.0003089801569713838
0.00018125349343584002
0.0
0.0
0.0
0.0
0.0
0.0
0.0
0.0
0.00011657034844625615
0.00016682251708065397
0.00023342842559935417
0.00041966210420270095
0.0007555745560809213
0.0011306615530501083
0.00135829698384496
0.0014556356087672482
0.0015266218696111116
0.001595797189454386
0.0017102519098804504
0.001806000251985509
0.0008685187756416223
0.000586178252133678
0.00042331394833975403
0.0
0.0
0.0
0.0
0.0
0.0
0.0
0.0
0.0
0.0001190384388417268
0.00014231319221979111
0.00020157130453041477
0.00031242534924765057
0.0005051851630376919
0.0008011114505689915
0.0011185521446583889
0.001459052049885748
0.0018050511456458355
0.002023436200051195
0.0021633830798055073
0.0022803840596044935
0.0012192497444382543
0.0009139568667190298
0.0006486487393091546
8.813275017219441e-05
6.903170078919451e-05
0.0
0.0
0.0
0.0
0.0
0.0
0.0
0.00011573450768662676
0.0001421696516758984
0.00019509598343477828
0.0002986301209751466
0.0004910293746763278
0.0007882862178771523
0.001133570782990708
0.0016241789958004555
0.002161598651622678
0.002482240954273905
0.0026145335920127574
0.0027371430283488745
0.0014880757149289571
0.0010259142108408569
0.00063712019129771
0.0
0.0
0.0
0.0
0.0
0.0
0.0
0.0
0.0
0.00017622126121359365
0.00014614491689258978
0.00018832832939397073
0.0003148410798836484
0.0005952222160360095
0.0009786943735044515
0.001302472705562957
0.0015909199452030175
0.0019168137059021706
0.002042580287812975
0.002005684105113474
0.0019021226719963804
0.0009164583932962619
0.000639902766315187
0.0004295082333090168
0.0
0.0
0.0
0.0
0.0
0.0
0.0
0.0
0.0
8.594723280887519e-05
0.00012434515650730038
0.00018173672748939256
0.0002970559900879305
0.0005999673865081001
0.0009013213815262758
0.0011810601374676983
0.0014066769608705207
0.001640131727726864
0.0018518435167008249
0.0020822926214128304
0.0022933914288891986
0.001295098666487599
0.0010311938810964039
0.0007848720801559173
0.0
0.0
0.0
0.0
0.0
0.0
0.0
0.0
0.0
0.0
0.0
0.0
0.0
0.0
0.0
0.0
0.00020818891240908965
0.0002904322904607072
0.00029457315578302197
0.000285589464080639
0.0003532257217067515
0.00033747497665903017
0.00025466564949713804
0.00026418421913530364
0.00011636344822674516
0.0
0.0
0.0
0.0
0.0
0.0
0.0
0.0
0.0
0.0
0.0
0.0
0.0
0.0
0.00020917725325064412
0.00019277206690076996
0.00020020105477379057
0.00018618330183223957
0.00016260874107175996
0.0
0.0
0.0
0.0
0.0
0.0
0.0
0.0
0.0
0.0
0.0
0.0
0.0
8.367375646086098e-05
9.72748062152683e-05
0.0001125625031270071
0.0001211000723192756
0.0001232640505888266
0.00012435485082422755
0.00014626319474856622
0.00018132672816920895
0.0002215952587975538
0.000260687087132941
0.0002862278779048743
0.0002979415638045866
0.0002687440714262233
0.00021351322478518802
0.00016533712086142468
0.0
0.0
0.0
0.0
0.0
0.0
0.0
0.0
0.0
0.00012822599465990315
0.00013417445433450007
0.00014194436981340464
0.00018867889749865258
0.0002577224412345412
0.00031791849698098803
0.0003417393542458555
0.00036003846507859887
0.0003690427149372825
0.0003763805203513601
0.0003839918764590104
0.0003861797312510932
0.0003372221888426213
0.00031171516770031415
0.000296143122993809
0.0
0.0
0.0
0.0
0.0
0.0
0.0
0.0
0.0
5.790263143682385e-06
5.631154480932947e-05
9.55088372187015e-05
0.00014099121837423694
0.00020348886403910975
0.0002860767901633023
0.00047882190579765107
0.0008312473310999531
0.0011767610182826743
0.0013451674156500712
0.0015060090378914445
0.001603145044550818
0.0007570243957163112
0.0004858701827539881
0.00032476764639238157
0.0
0.0
0.0
0.0
0.0
0.0
0.0
0.0
0.0
1.9505593678079025e-05
6.492681897104386e-05
0.0001199730743187159
0.00018397509756537712
0.00026290744213024365
0.0003557622692747143
0.000596525218841352
0.0009638215141486376
0.0013511077763050901
0.0015716773019004435
0.0017215663223821996
0.0017917355171309306
0.000893027009965249
0.0005659797588807024
0.0003783207608176819
0.0
0.0
0.0
0.0
0.0
0.0
0.0
0.0
0.0
9.15942521295962e-05
0.00013161103036726562
0.0001901926927733863
0.00025851253798764924
0.00033905591304670633
0.0004531300072982098
0.0007005507023843793
0.0010432100752371925
0.0013953627165190945
0.0016296033208385331
0.001774003968581436
0.001958636304736485
0.000970572183155906
0.0005983232335664674
0.00036914576649449947
0.0
0.0
0.0
0.0
0.0
0.0
0.0
0.0
0.0
0.0
0.0
0.0
0.0
0.0
0.0
0.0
0.0
0.0
0.0
0.00013263189304892623
0.0
0.0
0.0
0.0
0.0
0.0
0.0
0.0
0.0
0.0
0.0
0.0
0.0
0.0
0.0
0.0
0.0
0.0
0.0
0.0
9.659296100938776e-05
3.01085858111787e-05
0.00010953261482706005
0.00017248955218644366
0.00022021702872857633
0.0001353492450127007
9.598187602916729e-05
0.0
0.0
0.0
0.0
0.0
0.0
0.0
0.0
0.0
0.0
3.841776126695119e-08
1.5644802329851248e-08
3.417745584164258e-05
8.52324607316035e-05
0.00015645247865751012
0.00025786072882811104
0.0003851920648677307
0.00059585034301475
0.0008245051351326405
0.0006944916966505805
0.0003990753239252717
0.00025217913305301224
0.00018246593725606346
0.0001678708574983978
0.00016067158967455203
0.0
0.0
0.0
0.0
0.0
0.0
0.0
0.0
0.0
4.749686350383416e-08
2.2860171229209216e-08
3.893965687002007e-09
5.951620503492215e-05
0.00011580789574561169
0.0001915593183115494
0.0002363392473017461
0.00025342430712739
0.00028842316775026366
0.00025170554495704636
0.00019864003660113205
0.00014316758626571613
9.183255372320754e-05
5.0703529720215526e-05
1.3896707623102538e-05
0.0
0.0
0.0
0.0
0.0
0.0
0.0
0.0
0.0
4.1933407077032356e-08
2.278316837584947e-08
0.0
0.0
1.9421163665504646e-08
0.0
7.739546703748029e-06
3.776925047006533e-05
6.987508612398615e-05
9.896040280316748e-05
0.00012686365338939717
0.0001540102155183114
0.00015142935804685564
0.00012602779483665352
9.944901195633054e-05
0.0
0.0
0.0
0.0
0.0
0.0
0.0
0.0
0.0
6.651144023349656e-08
2.6992416424204415e-08
4.048609295006328e-09
1.9614982401006206e-05
6.567634849108754e-05
0.00011898947211629534
0.0001818625918234601
0.0002566407747014364
0.00036018906557849784
0.0004306136209902305
0.00044303926241859873
0.00045939396015106987
0.00031333213296975705
0.00026017505608325053
0.00021135933075833906
0.0
0.0
0.0
0.0
0.0
0.0
0.0
0.0
0.0
6.68044884655106e-08
2.3563620823255065e-08
3.859538464080918e-09
5.6578540259311313e-05
0.00010829904974817639
0.00017914249020057815
0.0002699016065753869
0.00043678993834862947
0.0007182732232622528
0.0008358553404036164
0.0009430902676080661
0.001056626010638049
0.00047267451351180087
0.0003565240851176035
0.0002992355824421172
0.0
0.0
0.0
0.0
0.0
0.0
0.0
0.0
0.0
0.0
0.0
0.0
0.0
0.0
0.0
0.0
0.0
0.00012859362344534242
0.0002449226466079407
0.00023361633548057804
0.0002891070687224074
0.0002857810396316214
0.00016240810375451478
0.00011630828953626633
0.0
0.0
0.0
0.0
0.0
0.0
0.0
0.0
0.0
0.0
0.0
0.0
0.0
0.0
0.0
0.0
0.0002430382369942803
0.00023061313802153147
0.00035048115799683364
0.0003505433169206978
0.0002396658873069609
0.00033281781780070683
0.00031225718024917597
0.00016747062191972378
0.0
0.0
0.0
0.0
0.0
0.0
0.0
0.0
0.0
3.147201325055006e-08
2.0363248728049727e-05
4.770232878633837e-05
0.00010103173376551401
0.00020399425593968927
0.000367537241117482
0.0007074464373889838
0.0011240603765445064
0.001564857582987595
0.0018408921712403702
0.001961326520855605
0.002035880089228307
0.0010196103571483734
0.0005795604095383963
0.00037768834066154205
0.0
0.0
0.0
0.0
0.0
0.0
0.0
0.0
0.0
2.2292108981797093e-05
5.292697957292345e-05
9.619096897075561e-05
0.00021894071721360894
0.00031361358382129856
0.0005706484724647429
0.0009019871705231586
0.0012185428441971106
0.0015039293797809309
0.0016133548809363556
0.0014558312815341652
0.0012861246134849786
0.000510314461975279
0.0003860641771295137
0.000319823318788304
0.0
0.0
0.0
0.0
0.0
0.0
0.0
0.0
0.0
0.00013414420103377675
0.00015279606650974215
0.0002193208913340842
0.0003277121305413619
0.0004743864307776418
0.0007695207112171903
0.0009271422335703129
0.0009811059188741074
0.001009394260325174
0.0008644405061923207
0.0006458721395160763
0.0004526130957518658
0.0002630473505048786
0.00014726386437095262
6.827846118330847e-05
0.0
0.0
0.0
0.0
0.0
0.0
0.0
0.0
0.0
5.4907365388192537e-08
1.794399655158128e-08
2.8059505711416975e-09
4.205193541698574e-06
4.369888933326472e-05
8.367522832279618e-05
0.00011346512328643359
0.00013588753005414422
0.00015928854810848446
0.00017848224253273873
0.0001896282948600279
0.00019257396496537396
0.00014902430064723995
7.319299401455365e-05
1.0464393140720633e-05
0.0
0.0
0.0
0.0
0.0
0.0
0.0
0.0
0.0
4.303943872362824e-08
1.8717478610959394e-08
7.017853716371065e-06
6.924847900189166e-05
0.00015398292944722715
0.00026437020798077826
0.00044352993589084335
0.0007788346022915815
0.0011442912517015643
0.001421794956106262
0.001655936222361601
0.0019027938663626575
0.0010558346204135568
0.000696299351412746
0.00045941866582146996
0.0
0.0
0.0
0.0
0.0
0.0
0.0
0.0
0.0
0.0
0.0
0.0
0.0
0.0
0.0
0.0
0.00025640010066475805
0.0003498455241679864
0.00034480826227676763
0.000370968474100538
0.0003730564645575088
0.0003321603277856242
0.0003127182286725653
0.00021980529446777788
7.412174569227298e-05
0.0
0.0
0.0
0.0
0.0
0.0
0.0
0.0
0.0
0.0
0.0
0.0
0.0
0.0
0.00017756893184447186
0.0001999393179384231
0.0001284883767176621
0.00013866699742531312
0.00012784393235970183
6.731562206711974e-05
4.7603290497339174e-05
8.293312273047786e-06
0.0
0.0
0.0
0.0
0.0
0.0
0.0
0.0
0.0
0.0
0.0
0.0
0.0
0.0
0.0
0.0
0.0
0.0
0.0
0.0
0.0
0.0
0.0
0.0
0.0
0.0
0.0
0.0
0.0
0.0
0.0
0.0
0.0
0.0
0.0
8.496621537830705e-09
1.6898810481018603e-08
0.0
1.2671069942560754e-05
8.052366449917768e-05
0.00016307714056382406
0.00026304598846413053
0.0003421996306873512
0.00042269712150330225
0.0005017243532653653
0.0004541657730998214
0.00033361523690403436
0.00017545005601950765
6.942735172768388e-05
0.0
0.0
0.0
0.0
0.0
0.0
0.0
0.0
0.0
0.0
8.349674639988069e-09
1.8970310097671194e-08
0.0
3.9595628869280065e-05
0.0001394965275426345
0.0003111238462867573
0.000506834199523548
0.0009067109247364329
0.0012391608480026865
0.0014230855459748724
0.0012978470595715775
0.0010418203362919669
0.0006328237285339079
0.0003336648125027073
0.0
0.0
0.0
0.0
0.0
0.0
0.0
0.0
0.0
0.0
5.236182268669715e-09
1.8531921568072974e-08
3.449634722621138e-05
0.00013872727266696648
0.00028689792581468933
0.0004999652005110348
0.0008427667931814936
0.0013060215638072054
0.0016885561728598815
0.0019894780528391795
0.0019982052650087557
0.0016523094002385613
0.0009894081469819203
0.00047691553308541187
0.0
0.0
0.0
0.0
0.0
0.0
0.0
0.0
0.0
0.0
4.1159063598598186e-09
1.8291046861212887e-08
4.0229376245387985e-05
0.00019571547907430817
0.0004035907880564908
0.0006849339375492357
0.0010152958471205506
0.0014469635474668573
0.001641436469615592
0.0018013973281416653
0.0016973939769626494
0.001574650925489635
0.001313287571558285
0.0010569232300935425
0.0
0.0
0.0
0.0
0.0
0.0
0.0
0.0
0.0
0.0
0.0
0.0
0.0
0.0
0.0
0.00018353760335406818
0.0002106946897639546
0.0003566739153803294
0.00035600846794618576
0.0002839834438393218
0.0003529840272387143
0.0003552140970255447
0.0002691781605020421
0.00012683449426319934
0.0
0.0
0.0
0.0
0.0
0.0
0.0
0.0
0.0
0.0
0.0
0.0
0.0
0.0
6.647649546418036e-05
0.00024737625189398456
0.00025862104733909093
0.00033991701936688263
0.0003384448856601498
0.0003079348852662823
0.00035689810134595346
0.00030943229474603867
0.00021784463654320651
0.00018247923425313646
0.0
0.0
0.0
0.0
0.0
0.0
0.0
0.0
0.0
0.0
7.672326364640383e-06
3.763572525262843e-05
0.00011743577257728767
0.00028635982378732126
0.000519773470683943
0.0008995360554482801
0.0012940670201742797
0.0016995864678480464
0.0018845273854132612
0.0018602220354863087
0.001554490130649717
0.001370078955009342
0.001173374236278696
0.0009610554284936371
0.0
0.0
0.0
0.0
0.0
0.0
0.0
0.0
0.0
0.00015580319551071326
0.00011903513834010527
0.00016950266520323703
0.00032057554361858057
0.0005073289578625258
0.0008611929364777611
0.0012103967328894604
0.0014873223010749236
0.0017500324676561587
0.0018521324576184983
0.001844834116524462
0.0015094212845781314
0.0012969360302366546
0.0010610255764907177
0.0008345224010734085
0.0
0.0
0.0
0.0
0.0
0.0
0.0
0.0
0.0
0.0
3.364909688940419e-05
9.916063850636703e-05
0.000247413929617564
0.00045292201079297667
0.0007943525575439133
0.0011291710108423758
0.0013375506509529771
0.0015698761301510293
0.0015295642914226965
0.0013530711352912799
0.000859403383773195
0.0006301067038077808
0.00046565502952949277
0.0002997029393711857
0.0
0.0
0.0
0.0
0.0
0.0
0.0
0.0
0.0
0.0
5.3343427580500324e-09
1.7713954391671712e-08
0.0
1.9576222355646526e-05
7.102719933088982e-05
0.00012993991397522594
0.00021073952464539808
0.0002926683982624308
0.0003267864567384904
0.0003150948079700546
0.00026900623330382886
0.00016936232345654784
3.969623042682111e-05
0.0
0.0
0.0
0.0
0.0
0.0
0.0
0.0
0.0
0.0
0.0
6.433366529193226e-09
1.33991835524535e-08
0.0
1.7449206759394074e-08
0.0
5.5584425498191335e-06
7.409810028882859e-05
0.00016933755385581086
0.00025956918578479865
0.0002642096867958403
0.00024012741754119959
0.00017465909060886974
7.864776276321223e-05
5.750819759313367e-06
0.0
0.0
0.0
0.0
0.0
0.0
0.0
0.0
0.0
0.0
0.0
0.0
0.0
0.0
0.0
0.0
0.0
0.0
0.0
0.0
0.0
0.0
0.0
0.0
0.0
0.0
0.0
0.0
0.0
0.0
0.0
0.0
0.0
0.0
0.0
0.0
0.0
0.0
0.0
0.0
0.0
2.1941305183581947e-05
0.00010855606572842046
0.00016293958500081127
9.05564576366672e-05
6.738257769380902e-05
0.0
0.0
0.0
0.0
0.0
0.0
0.0
0.0
0.0
0.0
0.0
0.0
6.765562044149417e-09
2.1749931717995747e-08
1.1340008249980766e-08
3.310842724385795e-05
0.00013256724652606027
0.00026832754360593734
0.00038260099552487144
0.0005333206229677668
0.0008007191964375004
0.0010265835523175155
0.0009707684773901821
0.0008336679624661721
0.0005985156311245723
0.00041470879298955376
0.0
0.0
0.0
0.0
0.0
0.0
0.0
0.0
0.0
0.0001347709715432445
7.764852517070297e-05
7.103895648008694e-05
0.00010842259645039716
0.00017925732243988344
0.0002652958073017409
0.00032918935257558724
0.0003147267785452631
0.00034895560117658504
0.00036283795768799805
0.00027382542405533637
0.00015616942702117645
6.197043472268556e-05
2.4270401202190624e-05
1.37079943746139e-06
0.0
0.0
0.0
0.0
0.0
0.0
0.0
0.0
0.0
0.0
7.261458868967811e-09
2.3348096913651942e-08
2.4276882996593192e-08
2.0901849445477056e-08
0.0
0.0
0.0
0.0
0.0
0.0
0.0
0.0
0.0
0.0
0.0
0.0
0.0
0.0
0.0
0.0
0.0
0.0
0.0
0.0
8.284838625801194e-09
2.6772265006858093e-08
3.007435944036169e-08
2.3332717875050624e-08
4.143886458517446e-06
2.1953671672035327e-05
4.766673510579302e-05
8.378228238174374e-05
0.00010878472307473006
0.000104111052481068
9.147561117296234e-05
6.432494274831049e-05
2.992778919372412e-05
2.310876236537461e-06
0.0
0.0
0.0
0.0
0.0
0.0
0.0
0.0
0.0
0.0
6.957303517557215e-09
2.442615212900305e-08
1.1501736171215911e-08
2.0776702801881547e-08
0.0
3.7133596212978054e-05
0.00014032446201906436
0.00029142597466867834
0.0003978602246199997
0.0004577158034213222
0.0003955720438797531
0.00029704473546773136
0.00018540817830208406
0.00011642442558764338
0.0
0.0
0.0
0.0
0.0
0.0
0.0
0.0
0.0
0.0
0.0
0.0
0.0
0.0
0.0
0.0
0.0
0.0
0.0
0.0
0.0
0.0
0.0
0.0
0.0
0.0
0.0
0.0
0.0
0.0
0.0
0.0
0.0
0.0
0.0
0.0
0.0
0.0
0.0
0.0
0.0
0.0
0.0
0.0
0.0
0.0
0.0
0.0
0.0
0.0
0.0
0.0
0.0
0.0
0.0
0.0
0.0
0.0
7.0773633727132144e-09
2.307210627583039e-08
1.1833067602922829e-08
2.1671002656802106e-08
0.0
7.213540765478695e-05
0.0001972949117307997
0.00037981798166700063
0.0005185708553832671
0.0006535225925958261
0.0005340771069356698
0.00042683738738962695
0.0002629428038560377
0.0001595654637457836
0.0
0.0
0.0
0.0
0.0
0.0
0.0
0.0
0.0
0.0
7.064331879465207e-09
2.4052095486526963e-08
1.1982977599463692e-08
2.2695828011744683e-08
6.567851379504464e-05
0.00017104197124641536
0.000295921309795658
0.0004055932475000465
0.0005315896358581604
0.0006569588111017084
0.0005614051996694571
0.00037780430265651316
0.00017164612350894324
3.7803622719975056e-05
0.0
0.0
0.0
0.0
0.0
0.0
0.0
0.0
0.0
0.0
6.589975134147905e-09
2.3067653495040485e-08
1.0678569163643014e-08
1.9476737050855344e-08
1.433987632581285e-05
9.966011436829418e-05
0.00022924114773079064
0.00036724909156202705
0.00047776056877521023
0.0005689033185561957
0.0004664625052538853
0.0003757678129287266
0.0002952631427407383
0.00016316940618828568
0.0
0.0
0.0
0.0
0.0
0.0
0.0
0.0
0.0
3.0691689966910335e-05
2.4336878801777726e-05
2.2451784737739033e-05
6.438188978120727e-05
0.00017903142953223954
0.0003376666015714109
0.000464879091790055
0.0005766366423045124
0.0007769280330249312
0.0009502005818495093
0.001204186866104791
0.0011430903942335994
0.0008723559228715063
0.0005334430338051347
0.00018410210795665412
0.0
0.0
0.0
0.0
0.0
0.0
0.0
0.0
0.0
0.0
0.0
2.5360824510035974e-08
1.3482048880864257e-08
2.3744250575345476e-08
4.880754752241989e-05
0.00020529852184325331
0.0003615066085226218
0.0005520259794243121
0.0007654957421715232
0.000892548925418766
0.0007323864886075182
0.0005954732724481264
0.0004064510894363421
0.00023654171576102193
0.0
0.0
0.0
0.0
0.0
0.0
0.0
0.0
0.0
0.0
0.0
0.0
0.0
0.0
0.0
0.0
0.0
0.0
0.0
0.0
0.0
0.0
0.0
0.0
0.0
0.0
0.0
0.0
0.0
0.0
0.0
0.0
0.0
0.0
0.0
0.0
0.0
0.0
0.0
0.0
0.0
0.0
0.0
0.0
0.0
0.0
0.0
0.0
0.0
0.0
0.0
0.0
0.0
0.0
0.0
0.0
0.0
0.0
6.977305502001654e-09
2.0002914628669474e-08
2.1745119149142632e-08
1.7759755238798863e-08
0.0
0.0
0.0
0.0
0.0
0.0
0.0
0.0
0.0
0.0
0.0
0.0
0.0
0.0
0.0
0.0
0.0
0.0
0.0
0.0
0.0
2.347084825528812e-08
9.753382850591807e-09
1.680772232579506e-08
0.0
0.0
0.0
8.700793969173157e-06
1.8400428239900067e-05
3.5500161454512516e-06
0.0
0.0
0.0
0.0
0.0
0.0
0.0
0.0
0.0
0.0
0.0
0.0
0.0
0.0
6.248540616871107e-09
2.2412516341582326e-08
1.1156156719202984e-08
1.9646946162025213e-08
0.0
1.4792259207264924e-05
6.448506414359146e-05
0.00014534270713256633
0.00021892451078448313
0.0002301115556049474
0.0002120102511279526
0.00013446400241237628
3.0832173408641124e-05
0.0
0.0
0.0
0.0
0.0
0.0
0.0
0.0
0.0
0.0
0.0
6.3296617258869175e-09
2.2882497066742437e-08
1.200194860947175e-08
2.1308008827131902e-08
8.685972205343602e-06
0.00011017188051576428
0.0002793079916679418
0.0004632991046897349
0.0007186691870003817
0.0009813705015908583
0.000925882602528089
0.0007493357726506266
0.0004905293420319108
0.00027377272375633674
0.0
0.0
0.0
0.0
0.0
0.0
0.0
0.0
0.0
0.0
7.3609457158425136e-09
2.7874131118772873e-08
1.363624729937048e-08
2.496222083457749e-05
0.0001508229892705446
0.0003192649944612334
0.0004822228078873394
0.0008037274634406471
0.0011143319223012498
0.001311083420911775
0.0012048562328941025
0.0008734935977104937
0.00043364679907147255
0.0001623814962382894
0.0
0.0
0.0
0.0
0.0
0.0
0.0
0.0
0.0
0.0
0.0
0.0
0.0
0.0
0.0
0.0
0.0
7.758267011464473e-05
7.500802758046146e-05
6.895364638049873e-05
0.0
0.0
0.0
0.0
0.0
0.0
0.0
0.0
0.0
0.0
0.0
0.0
0.0
0.0
0.0
0.0
0.0
0.0
0.0
0.0
0.0
0.0
0.0
0.0
0.0
0.0
0.0
0.0
0.0
0.0
0.0
0.0
0.0
0.0
0.0
0.0
0.0
0.0
0.0
0.0
0.0
0.0
0.0
0.0
0.0
0.0
0.0
0.0
0.0
0.0
0.0
0.0
0.0
0.0
0.0
0.0
0.0
0.0
0.0
0.0
0.0
0.0
0.0
1.6749278373034854e-08
9.450101305280146e-09
1.545168382712172e-08
0.0
3.843544607176927e-05
0.00015967951247174633
0.0003289383408300947
0.000465218190190474
0.0006117899974294326
0.0005468075453571575
0.00039958562712155395
0.0001960798078220933
8.62698281829502e-05
0.0
0.0
0.0
0.0
0.0
0.0
0.0
0.0
0.0
0.0
5.704737195440544e-09
2.0308339368521143e-08
1.0590592103316233e-08
1.8256768296646113e-08
8.764512811378878e-06
0.00010108424977383143
0.00025825324179860014
0.00041282992868153085
0.0005208773349619339
0.0005318234021349296
0.000363504076255306
0.00022655176147286555
0.00013135283332796837
5.525088506357562e-05
0.0
0.0
0.0
0.0
0.0
0.0
0.0
0.0
0.0
0.0
6.926437716521573e-09
1.9950595453846144e-08
1.9274585792737856e-08
1.7029083190936218e-08
0.0
0.0
0.0
0.0
0.0
0.0
0.0
0.0
0.0
0.0
0.0
0.0
0.0
0.0
0.0
0.0
0.0
0.0
0.0
0.0
5.254839125557662e-09
1.5902039667671022e-08
1.592622611135846e-08
1.3223445190642384e-08
0.0
0.0
0.0
0.0
0.0
0.0
0.0
0.0
0.0
0.0
0.0
0.0
0.0
0.0
0.0
0.0
0.0
0.0
0.0
0.0
0.0
0.0
0.0
0.0
0.0
0.0
0.0
0.0
0.0
0.0
0.0
0.0
0.0
0.0
0.0
0.0
0.0
0.0
0.0
0.0
0.0
0.0
0.0
0.0
0.0
0.0
0.0
0.0
0.0
0.0
0.0
0.0
0.0
0.0
0.0
0.0
0.0
0.0
0.0
0.0
0.0
0.0
0.0
0.0
0.0
0.0
0.0
0.0
0.0
0.0
9.586128206920453e-09
1.6452139540361848e-08
0.0
0.0
0.0
0.0
0.0
0.0
0.0
0.0
0.0
0.0
0.0
0.0
0.0
0.0
0.0
0.0
0.0
0.0
0.0
0.0
5.511767982159538e-09
1.802662102953347e-08
9.14109703749003e-09
1.6610962634081866e-08
0.0
0.0
0.0
0.0
0.0
0.0
0.0
0.0
0.0
0.0
0.0
0.0
0.0
0.0
0.0
0.0
0.0
0.0
0.0
0.0
0.0
1.3985051749139453e-08
8.498539058787626e-09
1.465422723075195e-08
0.0
0.0
0.0
0.0
0.0
0.0
0.0
0.0
0.0
0.0
0.0
0.0
0.0
0.0
0.0
0.0
0.0
0.0
0.0
0.0
5.3463631365481915e-09
1.6816790337627012e-08
1.0257469070277681e-08
1.756743047877095e-08
0.0
5.476085998383389e-05
0.00018775860657360398
0.00037798344385788613
0.0005324493136606043
0.0006641366347618869
0.0005354860912374459
0.0004244538560701799
0.0002692625028495503
0.00017280008936984562
0.0
0.0
0.0
0.0
0.0
0.0
0.0
0.0
0.0
5.157688636146686e-05
7.923931169641547e-05
0.00011573833463593064
0.00015840189895985056
0.00018874814495735819
0.00022803625085759252
0.0002486961659597938
0.00023246401556065857
0.00020627658734570723
0.00011381850911983991
4.187155244190323e-06
0.0
0.0
0.0
0.0
0.0
0.0
0.0
0.0
0.0
0.0
0.0
0.0
0.0
0.0
0.0
0.0
0.0
0.0
0.0
0.0
0.0
0.0
0.0
0.0
0.0
0.0
0.0
0.0
0.0
0.0
0.0
0.0
0.0
0.0
0.0
0.0
0.0
0.0
0.0
0.0
0.0
0.0
0.0
0.0
0.0
0.0
0.0
0.0
0.0
0.0
0.0
0.0
0.0
0.0
0.0
0.0
0.0
0.0
0.0
0.0
0.0
2.7343376756647282e-08
7.351147746548186e-09
2.9937919068447446e-08
1.1143665718647321e-08
1.9115303030569922e-08
1.485118034978363e-05
4.5086425505849144e-05
5.089746167467423e-05
5.583446773745911e-05
5.9645443566727635e-05
6.134377887323506e-05
6.480694553587627e-05
5.972550424568812e-05
4.9987507494073615e-05
3.898953689254266e-05
0.0
0.0
0.0
0.0
0.0
0.0
0.0
0.0
0.0
0.0
6.506524414763118e-09
2.1610956761854004e-08
1.1820652623570408e-08
2.6339139364136838e-05
0.00010099991387510535
0.0001835994373154113
0.00025588859519237907
0.0003140725957400006
0.0003547263523715628
0.0002957400652804711
0.00019984352591137383
0.00011151027217140028
1.936617146149661e-05
0.0
0.0
0.0
0.0
0.0
0.0
0.0
0.0
0.0
0.0
0.0
5.508273641392143e-09
1.8659213725696024e-08
1.0728662436793852e-08
1.805970709549742e-08
0.0
2.179062789098184e-05
0.00011644774859169238
0.00026518717107025096
0.0003253088603055074
0.0002853551758724903
0.0002071283146816307
8.620021831770438e-05
0.0
0.0
0.0
0.0
0.0
0.0
0.0
0.0
0.0
0.0
0.0
0.0
5.685082787819582e-09
1.963054879796619e-08
1.1212186116122296e-08
1.8617094076364213e-08
1.7152503119357488e-06
6.0274939900288526e-05
0.00015736343427455291
0.00029281689783529043
0.00040113280629097535
0.0005259308135342081
0.0005134677212260601
0.0003605352673278345
0.0001624147198397053
4.563022935322396e-05
0.0
0.0
0.0
0.0
0.0
0.0
0.0
0.0
0.0
0.0
6.814639990690051e-09
2.336979497524376e-08
1.1552949072241544e-08
1.9529851458240654e-08
2.022780498608038e-06
2.545667969894844e-05
5.0884934387904984e-05
7.724557446876951e-05
6.685911188292838e-05
1.677099361295788e-05
0.0
0.0
0.0
0.0
0.0
0.0
0.0
0.0
0.0
0.0
0.0
0.0
0.0
0.0
0.0
0.0
0.0
0.0
0.0
0.0
0.0
0.0
0.0
0.0
0.0
0.0
0.0
0.0
0.0
0.0
0.0
0.0
0.0
0.0
0.0
0.0
0.0
0.0
0.0
0.0
0.0
0.0
0.0
0.0
0.0
0.0
0.0
0.0
0.0
0.0
0.0
0.0
0.0
0.0
0.0
0.0
0.0
0.0
0.0
0.0
0.0
1.0455606616083036e-05
7.654454910109619e-09
2.4328800940339597e-08
1.228426520356165e-08
1.7755479974580204e-05
4.8047040583491573e-05
5.818388880973661e-05
6.0499829957452134e-05
6.518929933831865e-05
6.878091148263775e-05
6.889358850307237e-05
6.790499811663317e-05
5.81695148976888e-05
4.195172838005193e-05
2.5505474006979752e-05
0.0
0.0
0.0
0.0
0.0
0.0
0.0
0.0
0.0
0.0
6.479763972063628e-09
2.0655449890960896e-08
2.05729584149055e-08
1.5223443486189036e-08
0.0
0.0
0.0
0.0
0.0
0.0
0.0
0.0
0.0
0.0
0.0
0.0
0.0
0.0
0.0
0.0
0.0
0.0
0.0
0.0
6.900585776502176e-09
2.1048576249827834e-08
2.0774123438759272e-08
1.682562153951953e-08
0.0
0.0
0.0
0.0
0.0
0.0
0.0
0.0
0.0
0.0
0.0
0.0
0.0
0.0
0.0
0.0
0.0
0.0
0.0
0.0
6.263117835876217e-09
1.7668192255197856e-08
1.8640342733476514e-08
1.5240685902727692e-08
0.0
0.0
0.0
0.0
0.0
0.0
0.0
0.0
0.0
0.0
0.0
0.0
0.0
0.0
0.0
0.0
0.0
0.0
0.0
0.0
0.0
0.0
0.0
0.0
0.0
0.0
0.0
0.0
0.0
0.0
0.0
0.0
0.0
0.0
0.0
0.0
0.0
0.0
0.0
0.0
0.0
0.0
0.0
0.0
0.0
0.0
0.0
0.0
0.0
0.0
0.0
0.0
0.0
0.0
0.0
0.0
0.0
0.0
0.0
0.0
0.0
0.0
0.0
0.0
0.0
0.0
0.0
0.0
0.0
0.0
0.0
0.0
0.0
0.0
0.0
0.0
0.0
0.0
0.0
0.0
0.0
0.0
0.0
0.0
0.0
0.0
0.0
0.0
0.0
0.0
0.0
0.0
0.0
0.0
0.0
0.0
1.3275908600538567e-08
0.0
0.0
0.0
0.0
0.0
0.0
0.0
0.0
0.0
0.0
0.0
0.0
0.0
0.0
0.0
0.0
0.0
0.0
0.0
0.0
5.8575209674551245e-09
2.0522407711388582e-08
1.0974570821841723e-08
1.8430340176013072e-08
0.0
0.0
0.0
0.0
0.0
0.0
0.0
0.0
0.0
0.0
0.0
0.0
0.0
0.0
0.0
0.0
0.0
0.0
0.0
0.0
5.182851548999446e-09
1.90777854197523e-08
8.820609301665869e-09
1.5039296582483642e-08
0.0
0.0
0.0
0.0
0.0
0.0
0.0
0.0
0.0
0.0
0.0
0.0
0.0
0.0
0.0
0.0
0.0
0.0
0.0
0.0
0.0
0.0
1.3892451267463475e-08
1.2301942772903748e-08
0.0
0.0
0.0
0.0
0.0
0.0
0.0
0.0
0.0
0.0
0.0
0.0
0.0
0.0
0.0
0.0
0.0
0.0
0.0
0.0
0.0
8.086381584803567e-09
8.185823933352013e-09
1.4834050258098933e-08
0.0
0.0
0.0
0.0
0.0
0.0
0.0
0.0
0.0
0.0
0.0
0.0
0.0
0.0
0.0
0.0
0.0
0.0
0.0
0.0
0.0
0.0
0.0
0.0
0.0
0.0
0.0
0.0
0.0
0.0
0.0
0.0
0.0
0.0
0.0
0.0
0.0
0.0
0.0
0.0
0.0
0.0
0.0
0.0
0.0
0.0
0.0
0.0
3.382654570570735e-06
0.0
0.0
0.0
0.0
0.0
0.0
0.0
0.0
0.0
0.0
0.0
0.0
0.0
0.0
0.0
0.0
0.0
0.0
0.0
0.0
0.0
0.0
1.3043351848792585e-08
0.0
0.0
0.0
0.0
0.0
0.0
0.0
0.0
0.0
0.0
0.0
0.0
0.0
0.0
0.0
0.0
0.0
0.0
0.0
0.0
0.0
0.0
0.0
0.0
0.0
0.0
0.0
0.0
0.0
0.0
0.0
0.0
0.0
0.0
0.0
0.0
0.0
0.0
0.0
0.0
0.0
0.0
0.0
0.0
0.0
0.0
0.0
1.544265893272947e-08
0.0
0.0
0.0
0.0
0.0
0.0
0.0
0.0
0.0
0.0
0.0
0.0
0.0
0.0
0.0
0.0
0.0
0.0
0.0
0.0
0.0
0.0
0.0
0.0
0.0
0.0
0.0
0.0
0.0
0.0
0.0
0.0
0.0
0.0
0.0
0.0
0.0
0.0
0.0
0.0
0.0
0.0
0.0
0.0
0.0
0.0
0.0
0.0
0.0
0.0
0.0
0.0
0.0
0.0
0.0
0.0
0.0
0.0
0.0
0.0
0.0
0.0
0.0
0.0
0.0
0.0
0.0
0.0
0.0
0.0
0.0
0.0
0.0
0.0
0.0
0.0
0.0
0.0
0.0
0.0
0.0
0.0
0.0
0.0
0.0
0.0
0.0
0.0
0.0
0.0
0.0
0.0
0.0
0.0
0.0
0.0
0.0
0.0
0.0
0.0
0.0
0.0
0.0
0.0
0.0
0.0
0.0
0.0
0.0
0.0
0.0
0.0
0.0
0.0
0.0
2.0734021611517986e-08
0.0
1.316153961723123e-08
9.14117446160827e-09
1.4482641653367603e-08
0.0
0.0
4.967235004063887e-06
1.9861043661602625e-05
1.9275369339713616e-05
1.8353703161903384e-05
1.4196077341864193e-05
8.359675562099038e-06
2.064246023785915e-06
0.0
0.0
0.0
0.0
0.0
0.0
0.0
0.0
0.0
0.0
0.0
5.9817878021341884e-09
6.288609450741087e-06
3.178999432329742e-05
6.34132500408129e-05
8.56878098081086e-05
9.454238223657906e-05
0.00010089559939974322
9.053292658808292e-05
6.488921891125473e-05
3.460074389617394e-05
2.2935887628819756e-05
2.1077029702797146e-05
1.97716338724613e-05
4.711848874378642e-06
0.0
0.0
0.0
0.0
0.0
0.0
0.0
0.0
0.0
0.0
5.22894818784566e-09
1.5728549805159132e-08
1.511741316562186e-08
1.2646980154523368e-08
0.0
0.0
0.0
0.0
0.0
0.0
0.0
0.0
0.0
0.0
0.0
0.0
0.0
0.0
0.0
0.0
0.0
0.0
0.0
0.0
0.0
0.0
0.0
0.0
0.0
0.0
0.0
0.0
0.0
0.0
0.0
0.0
0.0
0.0
0.0
0.0
0.0
0.0
0.0
0.0
0.0
0.0
0.0
0.0
0.0
1.3177901301394033e-08
8.607173197893427e-09
1.4045898666367976e-08
0.0
0.0
0.0
0.0
0.0
0.0
0.0
0.0
0.0
0.0
0.0
0.0
0.0
0.0
0.0
0.0
0.0
0.0
0.0
0.0
0.0
0.0
0.0
0.0
0.0
0.0
0.0
0.0
0.0
0.0
0.0
0.0
0.0
0.0
0.0
0.0
0.0
0.0
0.0
0.0
0.0
0.0
0.0
0.0
0.0
0.0
0.0
0.0
0.0
0.0
0.0
0.0
0.0
0.0
0.0
0.0
0.0
0.0
0.0
0.0
0.0
0.0
0.0
0.0
0.0
0.0
0.0
0.0
0.0
0.0
0.0
0.0
0.0
0.0
0.0
0.0
0.0
0.0
0.0
0.0
0.0
0.0
0.0
0.0
0.0
0.0
0.0
0.0
0.0
0.0
0.0
0.0
0.0
0.0
0.0
0.0
0.0
0.0
0.0
0.0
0.0
0.0
0.0
0.0
0.0
0.0
0.0
0.0
0.0
0.0
0.0
0.0
0.0
0.0
0.0
0.0
0.0
0.0
0.0
0.0
0.0
0.0
0.0
0.0
0.0
0.0
0.0
0.0
0.0
0.0
0.0
0.0
0.0
0.0
0.0
0.0
0.0
0.0
0.0
0.0
0.0
0.0
0.0
0.0
0.0
0.0
0.0
0.0
0.0
0.0
0.0
0.0
0.0
0.0
0.0
0.0
0.0
0.0
0.0
0.0
0.0
0.0
0.0
4.4617127528710975e-09
3.4690404934093955e-09
1.931636164100394e-08
0.0
1.642853690557173e-08
0.0
0.0
0.0
0.0
0.0
0.0
0.0
0.0
0.0
0.0
0.0
0.0
0.0
0.0
0.0
0.0
0.0
0.0
0.0
0.0
0.0
0.0
0.0
0.0
0.0
0.0
0.0
0.0
0.0
0.0
0.0
0.0
0.0
0.0
0.0
0.0
0.0
0.0
0.0
0.0
0.0
0.0
0.0
0.0
0.0
0.0
0.0
0.0
0.0
0.0
0.0
0.0
0.0
0.0
0.0
0.0
0.0
0.0
0.0
0.0
0.0
0.0
0.0
0.0
0.0
0.0
0.0
0.0
0.0
0.0
0.0
0.0
0.0
0.0
0.0
0.0
0.0
0.0
0.0
0.0
0.0
0.0
0.0
0.0
0.0
0.0
0.0
0.0
0.0
0.0
0.0
0.0
0.0
1.159162069136463e-08
7.1651827469656785e-09
1.1034702652602007e-08
0.0
0.0
0.0
0.0
0.0
0.0
0.0
0.0
0.0
0.0
0.0
0.0
0.0
0.0
0.0
0.0
0.0
0.0
0.0
0.0
0.0
0.0
0.0
0.0
0.0
0.0
0.0
0.0
0.0
0.0
0.0
0.0
0.0
0.0
0.0
0.0
0.0
0.0
0.0
0.0
0.0
0.0
0.0
0.0
0.0
0.0
0.0
0.0
0.0
0.0
0.0
0.0
0.0
0.0
0.0
0.0
0.0
0.0
0.0
0.0
0.0
0.0
0.0
0.0
0.0
0.0
0.0
0.0
0.0
0.0
0.0
0.0
0.0
0.0
0.0
0.0
0.0
0.0
0.0
0.0
0.0
0.0
0.0
0.0
0.0
0.0
0.0
0.0
0.0
0.0
0.0
0.0
0.0
0.0
0.0
0.0
0.0
0.0
0.0
0.0
0.0
0.0
0.0
0.0
0.0
0.0
0.0
0.0
0.0
0.0
0.0
0.0
0.0
0.0
0.0
0.0
0.0
0.0
0.0
0.0
0.0
0.0
0.0
0.0
0.0
0.0
0.0
0.0
0.0
0.0
0.0
0.0
0.0
0.0
0.0
0.0
0.0
0.0
0.0
0.0
0.0
0.0
0.0
0.0
0.0
0.0
0.0
0.0
0.0
0.0
0.0
0.0
0.0
0.0
0.0
0.0
0.0
0.0
0.0
0.0
0.0
0.0
0.0
0.0
0.0
0.0
0.0
0.0
0.0
0.0
0.0
0.0
0.0
0.0
0.0
0.0
0.0
0.0
0.0
0.0
0.0
0.0
0.0
0.0
0.0
0.0
0.0
0.0
0.0
0.0
0.0
0.0
0.0
0.0
0.0
0.0
0.0
0.0
0.0
0.0
0.0
0.0
0.0
0.0
0.0
0.0
0.0
0.0
0.0
0.0
0.0
0.0
0.0
0.0
0.0
0.0
0.0
0.0
0.0
0.0
0.0
0.0
0.0
0.0
0.0
0.0
0.0
0.0
0.0
0.0
0.0
0.0
0.0
0.0
0.0
0.0
0.0
0.0
0.0
0.0
0.0
0.0
0.0
0.0
0.0
0.0
0.0
0.0
0.0
0.0
0.0
0.0
0.0
0.0
0.0
0.0
0.0
0.0
0.0
0.0
0.0
0.0
0.0
0.0
0.0
0.0
0.0
0.0
0.0
0.0
0.0
0.0
0.0
0.0
0.0
0.0
0.0
0.0
0.0
0.0
0.0
0.0
0.0
0.0
0.0
0.0
0.0
0.0
0.0
0.0
0.0
0.0
0.0
0.0
0.0
0.0
0.0
0.0
0.0
0.0
0.0
0.0
0.0
0.0
0.0
0.0
0.0
0.0
0.0
0.0
0.0
0.0
0.0
0.0
0.0
0.0
0.0
0.0
0.0
0.0
0.0
0.0
0.0
0.0
0.0
0.0
0.0
0.0
0.0
0.0
0.0
0.0
0.0
0.0
0.0
0.0
0.0
0.0
0.0
0.0
0.0
0.0
0.0
0.0
0.0
0.0
0.0
0.0
0.0
0.0
0.0
0.0
0.0
0.0
0.0
1.0558467511934978e-08
3.864232367452285e-09
1.9988520440064977e-08
1.7696267837087425e-08
1.4808062267648344e-08
0.0
0.0
0.0
0.0
0.0
0.0
0.0
0.0
0.0
0.0
0.0
0.0
0.0
0.0
0.0
0.0
0.0
0.0
0.0
0.0
5.203325917855128e-09
1.4812746571085487e-08
1.5762054835359165e-08
1.1259104794651366e-08
0.0
0.0
0.0
0.0
0.0
0.0
0.0
0.0
0.0
0.0
0.0
0.0
0.0
0.0
0.0
0.0
0.0
0.0
0.0
0.0
0.0
0.0
0.0
0.0
0.0
0.0
0.0
0.0
0.0
0.0
0.0
0.0
0.0
0.0
0.0
0.0
0.0
0.0
0.0
0.0
0.0
0.0
0.0
0.0
0.0
0.0
0.0
0.0
0.0
0.0
0.0
0.0
0.0
0.0
0.0
0.0
0.0
0.0
0.0
0.0
0.0
0.0
0.0
0.0
0.0
0.0
0.0
0.0
0.0
0.0
0.0
0.0
0.0
0.0
0.0
0.0
0.0
0.0
0.0
0.0
0.0
0.0
0.0
0.0
0.0
0.0
0.0
0.0
0.0
0.0
0.0
0.0
0.0
0.0
0.0
0.0
0.0
0.0
0.0
0.0
0.0
0.0
0.0
0.0
0.0
0.0
0.0
0.0
0.0
0.0
0.0
0.0
0.0
0.0
0.0
0.0
0.0
0.0
0.0
0.0
0.0
0.0
0.0
0.0
0.0
0.0
0.0
0.0
0.0
0.0
0.0
0.0
0.0
0.0
0.0
0.0
0.0
0.0
0.0
0.0
0.0
0.0
0.0
0.0
0.0
0.0
0.0
0.0
0.0
0.0
0.0
0.0
0.0
0.0
0.0
0.0
0.0
0.0
0.0
0.0
0.0
0.0
0.0
0.0
0.0
0.0
0.0
0.0
0.0
0.0
0.0
0.0
0.0
0.0
0.0
0.0
0.0
0.0
0.0
0.0
0.0
0.0
0.0
0.0
0.0
0.0
0.0
0.0
6.24593938241473e-09
1.9362816782485305e-08
1.9666535234942866e-08
1.5629137251430042e-08
0.0
0.0
0.0
0.0
0.0
0.0
0.0
0.0
0.0
0.0
0.0
0.0
0.0
0.0
0.0
0.0
0.0
0.0
0.0
0.0
0.0
0.0
0.0
0.0
0.0
0.0
0.0
0.0
0.0
0.0
0.0
0.0
0.0
0.0
0.0
0.0
0.0
0.0
0.0
0.0
0.0
0.0
0.0
0.0
0.0
0.0
0.0
0.0
0.0
0.0
0.0
0.0
0.0
0.0
0.0
0.0
0.0
0.0
0.0
0.0
0.0