0.0
0.0
0.0
0.0
0.0
0.0
0.0
0.0
0.0
0.0
0.0
0.0
0.0
0.0
0.0
0.0
0.0
0.0
0.0
0.0
0.0
0.0
0.0
0.0
0.0
0.0
0.0
0.0
0.0
0.0
0.0
0.0
0.0
0.0
0.0
0.0
0.0
0.0
0.0
0.0
0.0
0.0
0.0
0.0
0.0
0.0
0.0
0.0
0.0
0.0
0.0
0.0
0.0
0.0
0.0
0.0
0.0
0.0
0.0
0.0
0.0
0.0
0.0
0.0
0.0
0.0
0.0
0.0
0.0
0.0
0.0
0.0
0.0
0.0
0.0
0.0
0.0
0.0
0.0
0.0
0.0
0.0
0.0
0.0
0.0
0.0
0.0
0.0
0.0
0.0
0.0
0.0
0.0
0.0
0.0
0.0
0.0
0.0
0.0
0.0
0.0
0.0
0.0
0.0
0.0
0.0
0.0
0.0
0.0
0.0
0.0
0.0
0.0
0.0
0.0
0.0
0.0
0.0
0.0
0.0
0.0
0.0
0.0
0.0
0.0
0.0
0.0
0.0
0.0
0.0
0.0
0.0
0.0
0.0
0.0
0.0
0.0
0.0
0.0
0.0
0.0
0.0
0.0
0.0
0.0
0.0
0.0
0.0
0.0
0.0
0.0
0.0
0.0
0.0
0.0
0.0
0.0
0.0
0.0
0.0
0.0
0.0
0.0
0.0
0.0
0.0
0.0
0.0
0.0
0.0
0.0
0.0
0.0
0.0
0.0
0.0
0.0
0.0
0.0
0.0
0.0
0.0
0.0
0.0
0.0
0.0
0.0
0.0
0.0
0.0
0.0
0.0
0.0
0.0
0.0
0.0
0.0
0.0
0.0
0.0
0.0
0.0
0.0
0.0
0.0
0.0
0.0
0.0
0.0
0.0
0.0
0.0
0.0
0.0
0.0
0.0
0.0
0.0
0.0
0.0
0.0
0.0
0.0
0.0
0.0
0.0
0.0
0.0
0.0
0.0
0.0
0.0
0.0
0.0
0.0
0.0
0.0
0.0
0.0
0.0
0.0
0.0
0.0
0.0
0.0
0.0
0.0
0.0
0.0
0.0
0.0
0.0
0.0
0.0
0.0
0.0
0.0
0.0
0.0
0.0
0.0
0.0
0.0
0.0
0.0
0.0
0.0
0.0
0.0
0.0
0.0
0.0
0.0
0.0
0.0
0.0
0.0
0.0
0.0
0.0
0.0
0.0
0.0
0.0
0.0
0.0
0.0
0.0
0.0
0.0
0.0
0.0
0.0
0.0
0.0
0.0
0.0
0.0
0.0
0.0
0.0
0.0
0.0
0.0
0.0
0.0
0.0
0.0
0.0
0.0
0.0
0.0
0.0
0.0
0.0
0.0
0.0
0.0
0.0
0.0
0.0
0.0
0.0
0.0
0.0
0.0
0.0
0.0
0.0
0.0
0.0
0.0
0.0
0.0
0.0
0.0
0.0
0.0
0.0
0.0
0.0
0.0
0.0
0.0
0.0
0.0
0.0
0.0
0.0
0.0
0.0
0.0
0.0
0.0
0.0
0.0
0.0
0.0
0.0
0.0
0.0
0.0
0.0
0.0
0.0
0.0
0.0
0.0
0.0
0.0
0.0
0.0
0.0
0.0
0.0
0.0
0.0
0.0
0.0
0.0
0.0
0.0
0.0
0.0
0.0
0.0
0.0
0.0
0.0
0.0
0.0
0.0
0.0
0.0
0.0
0.0
0.0
0.0
0.0
0.0
0.0
0.0
0.0
0.0
0.0
0.0
0.0
0.0
0.0
0.0
0.0
0.0
0.0
0.0
0.0
0.0
0.0
0.0
0.0
0.0
0.0
0.0
0.0
0.0
0.0
0.0
0.0
0.0
0.0
0.0
0.0
0.0
0.0
0.0
0.0
0.0
0.0
0.0
0.0
0.0
0.0
0.0
0.0
0.0
0.0
0.0
0.0
0.0
0.0
0.0
0.0
0.0
0.0
0.0
0.0
0.0
0.0
0.0
0.0
0.0
0.0
0.0
0.0
0.0
0.0
0.0
0.0
0.0
0.0
9.891304062836296e-06
1.6105869913648493e-05
0.0
0.0
0.0
0.0
0.0
0.0
0.0
0.0
0.0
0.0
0.0
0.0
0.0
0.0
0.0
0.0
0.0
0.0
0.0
0.0
0.0
0.0
0.0
0.0
0.0
0.0
0.0
0.0
0.0
0.0
0.0
0.0
0.0
0.0
0.0
0.0
0.0
0.0
0.0
0.0
0.0
0.0
0.0
0.0
0.0
0.0
0.0
0.0
0.0
0.0
0.0
0.0
0.0
0.0
0.0
0.0
0.0
0.0
0.0
0.0
0.0
0.0
0.0
0.0
0.0
0.0
0.0
3.564764035672011e-05
0.0001974922069867833
0.0002580350785159116
0.0002639236173181171
0.0002649811590386158
0.0002617866052251387
0.0002554775534580096
0.00019823822710420886
0.00010012672593223693
0.0
0.0
0.0
0.0
0.0
0.0
0.0
0.0
0.0
0.0
0.0
7.336902310420539e-05
0.0
7.958011202006993e-05
0.0001885995375833057
0.00024270409700428392
0.00025335674826922885
0.0002580851847756153
0.00026216550603264924
0.0002607479275190479
0.00025600835351544837
0.0002500508114068786
0.0001956882792000746
9.947712411082892e-05
2.4296963406360404e-05
1.921596065552355e-05
0.0
0.0
0.0
0.0
0.0
0.0
0.0
0.0
0.0
0.0
0.0
0.0
0.0
0.0
0.0
0.0
0.0
0.0
0.0
0.0
0.0
0.0
0.0
1.3054689202203907e-06
0.0
0.0
0.0
0.0
0.0
0.0
0.0
0.0
0.0
0.0
0.0
0.0
0.0
0.0
0.0
1.1308394197882692e-05
7.507148232170552e-05
5.839192908584642e-05
1.2747536299365028e-06
0.0
0.0
0.0
0.0
0.0
0.0
0.0
0.0
0.0
0.0
0.0
0.0
0.0
0.0
0.0
0.0
0.0
1.9300006003901855e-05
0.00021484954507784107
0.0002560329206271334
0.00026289995705438846
0.00026276539165028646
0.0002623108450292195
0.00026030777779376406
0.0002576382585556245
0.00023695494411883953
0.00011213236886886495
0.0
0.0
0.0
0.0
0.0
0.0
0.0
0.0
0.0
0.0
0.0
0.0
0.0
0.0
0.0
0.0
0.0
0.0
0.0
0.0
0.0
0.0
1.7117350988495736e-05
0.0
0.0
0.0
0.0
0.0
0.0
4.4956362661607514e-06
0.0
0.0
0.0
0.0
0.0
0.0
7.128371083061758e-07
0.0
0.0
0.0
0.0
0.0
0.0
0.0
0.0
0.0
2.6562980287399197e-10
1.0670248664181823e-09
4.439172288585152e-10
0.0
0.0
0.0
0.0
0.0
0.0
3.2340227044976655e-10
0.0
0.0
0.0
0.0
0.0
0.0
0.0
0.0
0.0
0.0
0.0
0.0
0.0
0.0
0.0
0.0
0.0
0.0
0.0
0.0
0.0
0.0
0.0
0.0
0.0
0.0
0.0
0.0
0.0
0.0
0.0
0.0
0.0
0.0
0.0
0.0
0.0
0.0
0.0
0.0
0.0
0.0
0.0
0.0
0.0
0.0
0.0
0.0
0.0
0.0
0.0
0.0
0.0
0.0
0.0
0.0
0.0
0.0
0.0
0.0
0.0
0.0
0.0
0.0
0.0
0.0
0.0
0.0
0.0
0.0
0.0
0.0
0.0
0.0
0.0
0.0
0.0
0.0
0.0
0.0
0.0
0.0
0.0
0.0
0.0
0.0
0.0
0.0
0.0
0.0
0.0
0.0
0.0
0.0
0.0
0.0
0.0
0.0
0.0
0.0
0.0
0.0
0.0
0.0
0.0
0.0
0.0
0.0
0.0
0.0
0.0
0.0
0.0
0.0
0.0
0.0
0.0
0.0
0.0
0.0
0.0
0.0
0.0
0.0
0.0
0.0
0.0
0.0
0.0
0.0
0.0
7.489272177062949e-10
9.962947934540205e-05
2.581379283776396e-05
0.0
0.0
0.0
0.0
0.0
0.0
0.0
0.0
0.0
0.0
0.0
0.0
0.0
0.0
0.0
5.468073311908753e-08
0.0
0.0
0.0
0.0
0.0
0.0
0.0
0.0
0.0
0.0
0.0
0.0
0.0
0.0
0.0
0.0
0.0
0.0
0.0
0.0
0.0
0.0
0.0
0.0
0.0
0.0
0.0
5.868413324602158e-06
0.0
0.0
0.0
0.0
0.0
0.0
0.0
0.0
0.0
0.0
0.0
0.0
0.0
0.0
0.0
0.0
0.0
0.0
0.0
0.0
0.0
1.3351384874362942e-05
0.00013841149528000127
0.00019971352399809222
0.00023262429079114695
0.00024344226971396011
0.00019987208743656341
5.470688307086878e-05
0.0
0.0
0.0
0.0
0.0
0.0
0.0
0.0
0.0
0.0
0.0
0.0
0.0
0.0
0.0
0.0
0.0
0.0
0.0
0.0
0.0
0.0
0.0
0.0
0.0
0.0
0.0
0.0
0.0
0.0
0.0
0.0
0.0
0.0
0.0
0.0
0.0
0.0
0.0
0.0
0.0
0.0
0.0
0.0
0.0
0.0
0.0
0.0
0.0
0.0
0.0
0.0
0.0
0.0
0.0
0.0
0.0
0.0
0.0
0.0
0.0
0.0
0.0
0.0
0.0
0.0
0.0
8.114090121352327e-05
5.0836050512152924e-05
0.0
0.0
0.0
0.0
0.0
0.0
0.0
0.0
0.0
0.0
0.0
0.0
0.0
0.0
0.0
0.0
0.0
0.0
0.0
0.0
0.00013506272636268373
0.0002272778077207131
0.0002494542203785913
0.00025544756786696364
0.00025792646963951706
0.0002607999153934582
0.00021940836571769442
3.251320752129093e-05
0.0
0.0
0.0
0.0
0.0
0.0
0.0
0.0
0.0
0.0
0.0
0.0
0.0
0.0
0.0
0.0
0.0
9.250892408998413e-05
0.0001948324298207222
0.00018869887384988164
0.00016070689724277654
8.15221115176302e-05
0.0
0.0
0.0
0.0
0.0
0.0
0.0
0.0
0.0
0.0
0.0
0.0
0.0
0.0
0.0
0.0
0.0
0.0
0.0
0.0
0.0
0.0
0.0
0.0
0.0
0.0
0.0
0.0
0.0
0.0
0.0
0.0
0.0
0.0
0.0
0.0
0.0
0.0
0.0
0.0
0.0
0.0
0.0
0.0
0.0
0.0
0.0
0.0
0.0
0.0
0.0
0.0
0.0
0.0
0.0
0.0
0.0
0.0
0.0
0.0
0.0
1.0567756034099544e-05
0.0
0.0
0.0
0.0
0.0
0.0
0.0
0.0
0.0
0.0
0.0
0.0
0.0
0.0
0.0
0.0
0.0
0.0
0.0
0.0
0.0
0.0
0.0
0.0
0.0
0.0
0.0
0.0
0.0
0.0
0.0
0.0
0.0
0.0
0.0
0.0
0.0
0.0
0.0
0.0
0.0
0.0
0.0
0.0
0.0
0.0
0.0
0.0
0.0
0.0
0.0
0.0
0.0
0.0
0.0
0.0
0.0
0.0
0.0
0.0
0.0
0.0
0.0
0.0
0.0
0.0
0.0
0.0
0.0
0.0
0.0
0.0
0.0
0.0
0.0
0.0
0.0
0.0
0.0
0.0
0.0
0.0
0.0
0.0
0.0
0.0
0.0
0.0
0.0
0.0
5.576617328506826e-06
0.0
0.0
0.0
0.0
0.0
3.8329084944835015e-06
0.0
0.0
0.0
0.0
3.52953916860287e-06
0.0
0.0
0.0
0.0
0.0
0.0
0.0
0.0
0.0
0.0
0.0
0.0
3.979910468950506e-10
0.0
0.0
0.0
0.0
0.0
0.0
0.0
0.0
6.679508157192443e-10
4.3305245249702875e-10
0.0
0.0
0.0
0.0
0.0
0.0
0.0
0.0
0.0
0.0
0.0
0.0
0.0
0.0
0.0
0.0
0.0
0.0
0.0
0.0
0.0
0.0
0.0
0.0
0.0
0.0
0.0
0.0
0.0
0.0
0.0
0.0
0.0
0.0
0.0
0.0
0.0
0.0
0.0
0.0
0.0
0.0
0.0
1.448140979375892e-10
0.0
0.0
0.0
0.0
0.0
0.0
0.0
0.0
0.0
0.0
0.0
0.0
0.0
0.0
0.0
0.0
0.0
0.0
0.0
0.0
0.0
0.0
0.0
0.0
0.0
0.0
0.0
3.9125635609701586e-05
0.0001524886931227443
0.00013642624271898728
7.586185468294173e-05
7.747097194638347e-05
0.00011808696186147519
4.97454418116248e-05
0.0
0.0
0.0
0.0
0.0
0.0
0.0
0.0
0.0
0.0
0.0
0.0
0.0
0.0
0.0
0.0
0.0
0.0
0.0
2.4332059714237766e-05
6.718686291887796e-10
0.0
0.0
0.0
0.0
0.0
0.0
0.0
0.0
0.0
0.0
0.0
0.0
0.0
0.0
0.0
0.0
0.0
0.0
0.0
0.0
7.446395373084957e-05
0.00013515937874515938
0.00014889145564354653
0.00016091149165478426
0.00016178652226574224
0.00016058856924774391
9.750518329453458e-05
0.0
0.0
0.0
0.0
0.0
0.0
0.0
0.0
0.0
0.0
0.0
0.0
0.0
0.0
0.0
0.0
0.0
0.0
0.0
0.0
0.0
0.0
0.0
0.0
0.0
0.0
0.0
0.0
0.0
0.0
0.0
0.0
0.0
0.0
0.0
0.0
0.0
0.0
0.0
0.0
0.0
0.0
0.0
0.0
0.0
0.0
0.0
0.0
0.0
0.0
0.0
0.0
0.0
0.0
0.0
0.0
0.0
0.0
0.0
0.0
0.0
0.0
0.0
0.0
0.0
0.0
0.0
0.0
0.0
0.0
0.0
0.0
0.0
0.0
0.0
0.0
0.0
0.0
0.0
0.0
0.0
0.0
0.0
0.0
0.0
0.0
0.0
0.0
0.0
0.0
0.0
0.0
0.0
0.0
0.0
0.0
0.0
0.0
0.0
0.0
0.0
0.0
0.0
0.0
0.0
0.0
0.0
0.0
0.0
0.0
0.0
0.0
0.0
0.0
0.0
0.0
0.0
0.0
0.0
0.0
0.0
0.0
0.0
0.0
0.0
0.0
0.0
0.0
0.0
0.0
0.0
0.0
0.0
0.0
0.0
0.0
0.0
0.0
0.0
0.0
0.0
0.0
0.0
0.0
0.0
0.0
0.0
0.0
0.0
0.0
0.0
0.0
0.0
0.0
0.0
0.0
0.0
0.0
0.0
0.0
0.0
8.688787244731137e-05
0.00014514226733779878
0.00016571646694228957
0.00019340771101462764
0.00016778338736525127
5.7549193504245986e-05
0.0
0.0
0.0
0.0
0.0
0.0
0.0
0.0
0.0
0.0
0.0
0.0
0.0
0.0
0.0
0.0
0.0
0.0
0.0
0.0
0.0
0.0
0.0
0.0
0.0
0.0
0.0
0.0
0.0
0.0
0.0
0.0
0.0
0.0
0.0
0.0
0.0
0.0
0.0
0.0
0.0
0.0
0.0
0.0
0.0
0.0
0.0
0.0
0.0
0.0
0.0
0.0
0.0
0.0
0.0
0.0
0.0
0.0
0.0
0.0
0.0
0.0
2.0550939409335765e-06
0.0
0.0
0.0
0.0
0.0
0.0
0.0
0.0
0.0
0.0
0.0
0.0
0.0
0.0
0.0
0.0
0.0
0.0
0.0
0.0
0.0
0.0
0.0
0.0
0.0
0.0
0.0
0.0
0.0
0.0
0.0
0.0
0.0
0.0
0.0
0.0
0.0
0.0
0.0
0.0
0.0
0.0
0.0
0.0
0.0
0.0
0.0
0.0
0.0
0.0
0.0
0.0
0.0
0.0
0.0
0.0
0.0
0.0
0.0
0.0
0.0
0.0
0.0
0.0
0.0
0.0
0.0
0.0
0.0
0.0
0.0
0.0
0.0
0.0
0.0
0.0
0.0
0.0
0.0
0.0
0.0
0.0
0.0
0.0
0.0
0.0
0.0
0.0
0.0
0.0
0.0
0.0
0.0
0.0
0.0
0.0
0.0
0.0
0.0
0.0
0.0
0.0
0.0
0.0
0.0
0.0
0.0
0.0
0.0
0.0
0.0
0.0
0.0
0.0
0.0
0.0
0.0
0.0
0.0
0.0
0.0
0.0
0.0
0.0
0.0
0.0
0.0
0.0
0.0
0.0
0.0
0.0
0.0
0.0
0.0
0.0
0.0
0.0
0.0
0.0
0.0
0.0
0.0
0.0
0.0
0.0
0.00014680394695140388
0.00022517427219414623
0.00025044560549352865
0.00025384353660340084
0.00025449154509512976
0.000253584177382662
0.0002078354602999445
0.000143510051834645
2.4605092680650463e-05
0.0
0.0
0.0
0.0
0.0
0.0
0.0
0.0
0.0
0.0
0.0
0.0
0.0
0.0
0.0
0.0
0.0
0.0
0.0
0.0
0.0
0.0
0.0
0.0
0.0
0.0
0.0
0.0
0.0
0.0
0.0
0.0
0.0
0.0
0.0
0.0
0.0
0.0
0.0
0.0
0.0
0.0
0.0
0.0
0.0
0.0
0.0
0.0
0.0
0.0
0.0
0.0
0.0
0.0
0.0
0.0
0.0
0.0
0.0
0.0
0.0
0.0
0.0
0.0
0.0
0.0
0.0
0.0
0.0
0.0
0.0
0.0
0.0
0.0
0.0
0.0
0.0
0.0
0.0
0.0
0.0
0.0
0.0
0.0
0.0
0.0
0.0
9.8582687577434e-05
0.00021221562306789486
0.0002367782679815437
0.00018343391360700742
0.00011919215439696263
0.0
0.0
0.0
0.0
0.0
0.0
0.0
0.0
0.0
0.0
0.0
0.0
0.0
0.0
0.0
0.0
0.0
0.0
0.0
0.0
0.0
0.0
0.0
0.0
0.0
0.0
0.0
0.0
0.0
0.0
0.0
0.0
0.0
0.0
0.0
0.0
0.0
0.0
0.0
0.0
0.0
0.0
0.0
0.0
2.589275541435872e-06
0.0
0.0
0.0
0.0
0.0
0.0
0.0
0.0
0.0
0.0
0.0
0.0
9.944653213722045e-06
0.0
0.0
0.0
0.0
0.0
0.0
0.0
0.0
0.0
1.741929911251611e-05
0.00014437482148075068
0.00022673621228565792
0.0002352316888972614
0.00024125386240463263
0.00024405163664658223
0.0002440772656881148
0.00024110614367274175
0.00017394635879947157
4.469438191456683e-05
0.0
0.0
0.0
0.0
0.0
0.0
0.0
0.0
0.0
0.0
0.0
0.0
0.0
0.0
0.0
0.0
0.0
0.0
7.728368637499949e-05
0.00014436864662152377
0.00015469861994872985
0.00016693488445067376
6.93075512203967e-05
0.0
0.0
0.0
0.0
0.0
0.0
0.0
0.0
0.0
0.0
0.0
0.0
0.0
0.0
0.0
0.0
0.0
0.0
0.0
0.0
0.0
0.0
0.0
0.0
0.0
0.0
0.0
0.0
0.0
0.0
0.0
0.0
0.0
0.0
0.0
5.523101859240762e-06
0.0
0.0
0.0
0.0
0.0
0.0
0.0
0.0
0.0
0.0
0.0
0.0
0.0
0.0
0.0
0.0
0.0
0.0
0.0
0.0
0.0
0.0
0.0
0.0
0.0
0.0
0.0
0.0
0.0
0.0
8.3950733522829e-07
0.00012632128934593348
0.0001863843166337258
2.505715968249756e-05
0.0
0.0
0.0
0.0
0.0
0.0
0.0
0.0
0.0
0.0
0.0
0.0
0.0
0.0
0.0
0.0
0.0
0.0
0.0
9.755413591608681e-05
8.234533486911743e-05
6.790729769712039e-05
3.155990288177359e-05
0.0
0.0
0.0
0.0
0.0
0.0
0.0
0.0
0.0
0.0
0.0
0.0
0.0
0.0
0.0
0.0
0.0
0.0
4.3757887120879273e-07
0.0
0.0
0.0
8.815960350912354e-05
3.9670813816956226e-05
9.746153823390944e-05
0.00022893122718357917
0.00022862802500304554
0.0
0.0
0.0
0.0
0.0
0.0
0.0
0.0
0.0
0.0
0.0
0.0
0.0
9.271843183487258e-05
0.00021406933605467034
0.00026497577734603057
0.0002815678750129499
0.00031374384246837263
0.0003325811289929291
0.000345822548035306
0.00033437206383012954
0.0003061497316955648
0.0002841280260378443
0.0002770671709218524
0.0002067650308283495
6.583257697621877e-05
0.0
0.0
0.0
0.0
0.0
0.0
0.0
0.0
0.0
0.0
0.0
1.2143044228176145e-05
0.0
0.0
0.0
5.688679667177384e-05
0.00014486128332022306
0.00018548706136927345
0.00015394420389465953
2.4319864385961573e-05
0.0
0.0
0.0
0.0
0.0
0.0
0.0
0.0
0.0
0.0
0.0
0.0
0.0
0.0
0.0
0.0
0.0
0.0
0.00010579605747943807
0.00017782334461882032
0.00018392437014305363
0.00018900251916952103
0.00021163783539217664
0.00024190453809487468
0.00024771399578241404
0.00020137418346967542
0.0
0.0
0.0
0.0
0.0
0.0
0.0
0.0
0.0
0.0
0.0
0.0
0.0
9.728620913347931e-05
0.00021232128859038847
0.00024673632525407904
0.0002689868993748992
0.0003025503584711875
0.0003300216174443094
0.0003524093939752748
0.0003617195365760323
0.0003728138588837256
0.0003690617865225923
0.0003213948770769035
0.0002725140451211851
0.0002380805059317055
0.0001090763483402807
0.0
0.0
0.0
0.0
0.0
0.0
0.0
0.0
0.0
6.835849378050203e-05
0.00021916645967656772
0.00025123841122272686
0.00026169482973280203
0.00028432597150598003
0.0002862953300071754
0.000273650037713458
0.00026019220436049084
0.00025267583768757464
0.00015720413013196134
0.0
0.0
0.0
0.0
0.0
0.0
0.0
0.0
0.0
0.0
0.0
0.0
0.0
0.0
0.0
0.0
0.0
0.0
0.0
9.412619342187486e-05
0.00014059527671772328
0.00014953492325790047
0.0001284249110054228
6.414027996028748e-05
6.838496992288756e-05
0.0
0.0
0.0
0.0
0.0
0.0
0.0
0.0
0.0
0.0
0.0
0.0
0.0
0.0
0.0
0.0
0.0
0.0
0.0
0.0
0.0
0.0
0.0
0.0
0.0
0.0
0.0
0.0
0.0
0.0
0.0
0.0
0.0
0.0
0.0
2.6510669954771295e-10
0.0
0.0
0.0
0.0
0.0
0.0
0.0
0.0
0.0
0.0
0.0
0.0
0.0
0.0
0.0
0.0
0.0
0.0
0.0
0.0
0.0
0.0
0.0
0.0
0.0
0.0
0.0
0.0
0.0
0.0
0.0
0.0
0.0
0.0
0.0
0.0
0.0
0.0
0.0
0.0
0.0
0.0
0.0
0.0
0.0
0.0
0.0
0.0
0.0
0.0
0.0
0.0
0.0
0.0
0.0
0.0
0.0
0.0
2.4128315317401248e-05
0.0
0.0
0.0
0.0
0.0
0.0
0.0
0.0
0.0
0.0
0.0
0.0
0.0
0.0
0.0
0.0
1.7948417256292643e-05
0.00018232317744624945
0.00025411338591026765
0.0002617623632443606
0.0002659449169188627
0.00027008432917374715
0.0002704556052266933
0.0002679571485039718
0.00024072386370258282
0.00016406678649138405
2.9589320698656674e-05
0.0
0.0
0.0
0.0
0.0
0.0
0.0
0.0
0.0
0.0
0.0
0.0
0.0
0.0
0.0
0.0
0.0
0.0
0.0
0.0
0.0
0.0
0.0
0.0
0.0
0.0
0.0
0.0
0.0
0.0
0.0
0.0
0.0
0.0
0.0
0.0
0.0
0.0
0.0
9.048028373744561e-05
0.00015716415808863417
0.00018696515963787777
0.00021374833590477113
0.0002441665233703717
0.00025137572821308285
0.0002563319220265072
0.0
0.0
0.0
0.0
0.0
0.0
0.0
0.0
0.0
0.0
0.0
0.0
0.0
0.0
0.0
0.0
0.0
0.0
0.0
0.0
0.0
0.0
0.0001299728673045405
0.0
0.0
0.0
0.0
0.0
0.0
0.0
0.0
0.0
0.0
0.0
0.0
0.0
3.477243643799282e-06
0.0
0.0
0.0
0.0
0.0
0.0
0.0001517313224093518
0.00013983161037081757
0.0
0.0
0.0
0.0
0.0
1.6244920583084185e-05
0.0
0.0
0.0
0.0
0.0
0.0
0.0
0.0
0.0
0.0
0.0
0.0
0.0
0.0
0.0
0.0
0.0
0.0
0.0
0.0
0.0
0.0
0.0
0.0
0.0
0.0
0.0
0.0
0.0
0.0
0.0
0.0
0.0
0.0
0.0
0.0
0.0
0.0001349890330760685
0.00015777338501323545
0.00014446715217043092
0.00013483438636044975
5.681162575454849e-05
8.103374287771102e-06
0.0
0.0
0.0
0.0
0.0
0.0
0.0
0.0
0.0
0.0
0.0
0.0
0.0
0.0
0.0
0.0
0.0
0.0
0.0
0.0
0.0
0.0
0.0
0.0
0.0
0.0
0.0
0.0
0.0
0.0
0.0
0.0
0.0
0.0
0.0
0.0
0.0
0.0
0.0
0.0
0.0
0.0
0.0
0.0
0.0
0.0
0.0
0.0
0.0
0.0
0.0
0.0
0.0
0.0
0.0
0.0
0.0
0.0
0.0
0.0
0.0
0.0
0.0
0.0
0.0
0.0
0.0
0.0
2.4187467617244054e-05
0.0
0.00010122637224008681
0.00015283649753197712
0.00017813012416325176
0.00017664576680681264
6.144749616667572e-05
0.0
0.0
0.0
0.0
0.0
0.0
0.0
0.0
0.0
0.0
0.0
0.0
0.0
0.0
0.0
0.0
0.0
0.0
0.0
0.0
0.0
0.0
0.0
0.0
0.0
0.0
0.0
0.0
0.0
0.0
0.0
0.0
0.0
0.0
0.0
0.0
0.0
0.0
0.00012665285556692947
0.00020268567431842315
0.00025277311278910295
0.00025932607574852696
0.00026158819166829754
0.00026536775410213
0.0002674640940252578
0.00026816383215554497
0.0002690700932095844
0.00026816218103349517
0.00017219464843093262
0.00015818359692883988
3.497236097567329e-05
0.0
0.0
0.0
0.0
0.0
0.0
0.0
0.0
0.0
0.0
0.0
9.338046331645975e-05
0.0002140532486886693
0.0002606452785643302
0.0002818157480209414
0.00031405780600773854
0.00033698841423830775
0.00035063164037780613
0.000359941981560212
0.00033757700094909295
0.00029927172720469304
0.00027714609325351833
0.000271075369939126
0.0002659054765605302
0.0
0.0
0.0
0.0
0.0
0.0
0.0
0.0
0.0
0.0
2.4136054306116208e-05
0.00010638724092066312
0.00020577697398057554
0.00027405344791925644
0.0002937990481379103
0.00030793127785524516
0.00028585793043522993
0.0002775072955079674
0.00027883407141897603
0.00027147459476278683
0.0002657216483608328
0.0002084890867466571
5.099659675492682e-05
0.0
0.0
0.0
0.0
0.0
0.0
0.0
0.0
0.0
6.99939711827546e-06
0.0
0.0
0.0
0.0
0.0
0.00010142358401534694
0.00016708775665731318
0.00023371332591273983
0.0002608671050234816
0.00025862043590989714
0.00025607087878742603
0.00024951103592229563
0.00017567705743935452
0.00012768346567591996
0.0
0.0
0.0
0.0
0.0
0.0
0.0
0.0
0.0
0.0
0.0
0.0
0.0
0.0
0.00012677391705008043
0.00020003689858463775
0.00012904049041747722
0.0
0.0
0.0
0.0
0.0
0.0
0.0
0.0
0.0
0.0
0.0
0.0
0.0
0.0
0.0
0.0
0.0
0.0
0.0
2.3933786728938963e-05
0.00010985763085593685
0.00018814258339904191
0.00023486550665127097
0.00026133105174361813
0.0002690011994362452
0.00027183416668708594
0.00027901392372970107
0.00028890027747821177
0.0001861375608878647
6.482365002575248e-05
0.0
0.0
0.0
0.0
0.0
0.0
0.0
0.0
0.0
0.0
0.0
0.0
0.0
0.0
0.0
0.0
0.0
0.0
0.0
0.0
0.0
0.0
0.0
0.0
0.0
0.0
0.0
0.0
0.0
0.0
0.0
0.0
0.0
0.0
0.0
0.0
0.00012409913121159903
0.0002727594364395792
0.0002977668021555336
0.00034080536707820487
0.00037385730913256184
0.0003931701761442472
0.00040954181257800643
0.0004268009470475264
0.0004317268253305878
0.0003732415041423425
0.0003252729872748766
0.0002962792823287271
0.0002881810879238287
0.00028279123820290083
0.0
0.0
0.0
0.0
0.0
0.0
0.0
0.0
0.0
0.00019319955182319846
0.0002751599694985518
0.00030692705941968214
0.00035392525029414625
0.00038589394834785397
0.00040328326673771687
0.00044286974743988004
0.00047101244762165625
0.0005046809606920698
0.0004822493618765242
0.0003886200308301766
0.0003757489917168765
0.0003269558051523733
0.0003267462761564222
0.00031472421388235096
0.0
0.0
0.0
0.0
0.0
0.0
0.0
0.0
0.0
0.0002338256911699376
0.00029048876081481326
0.0003213879338104175
0.0003570203381412131
0.00039959736977380545
0.00041937646445465784
0.00045151013982111076
0.00047587538755601273
0.0004833593117145977
0.0004971098871355892
0.0004710127337296127
0.0003993778027529598
0.0003326727593013014
0.00028891914506425364
0.0002439739795603109
0.0
0.0
0.0
0.0
0.0
0.0
0.0
0.0
0.0
0.0
0.00017499087004696856
0.0002477578416019655
0.0002534804717392119
0.0002607207141911583
0.00028794266442971715
0.0003098443213948718
0.0003364648876104632
0.00036972058910153023
0.00038319701468965785
0.0003677289465649619
0.0003236836479425465
0.00028708128766700855
0.000273409431759077
0.00018680673469154773
0.0
0.0
0.0
0.0
0.0
0.0
0.0
0.0
0.0
0.0
0.0
2.4314675947990724e-05
0.00013297114277706956
0.00020070668099999594
0.00025134630390726464
0.0002625314399065415
0.0002766152133837899
0.00027323594966521857
0.0002672897920925555
0.000252662126257036
0.00017354206839320709
0.00014481904275679027
2.9766020149781057e-05
0.0
0.0
0.0
0.0
0.0
0.0
0.0
0.0
0.0
0.0
0.0
0.0
0.0
0.0
0.0
0.0
0.0
0.0
0.0
0.0
0.0
0.0
0.0
0.0
0.0
0.0
0.0
0.0
0.0
0.0
0.0
0.0
0.0
0.0
0.0
0.0
0.0
0.0
0.0
0.0
0.0
0.0
0.0
8.893336452339302e-05
0.00013505034882035032
0.00018358254481056117
4.4088840073543236e-05
0.0
0.0
0.0
0.0
0.0
0.0
0.0
0.0
0.0
0.0
0.0
0.0
0.0
0.0
0.0
0.0
0.0
0.0
0.0
0.0
0.0
0.0
0.0
0.0
0.0
0.0
0.0
0.0
0.0
0.0
0.0
0.0
0.0
0.0
0.0
0.0
0.0
0.0
0.0
0.0
6.734999438924867e-05
0.0001586236596432058
0.00019069066894983797
0.00021113850544130834
0.00021339407393303604
0.0001873137371479351
0.00013869495746717325
2.4148950979660843e-05
0.0
0.0
0.0
0.0
0.0
0.0
0.0
0.0
0.0
0.0
0.0
0.0
0.0
0.0
0.0
0.0
0.0
0.0
0.0
5.454459630194894e-05
0.0001421129261582584
0.00013282498780605448
0.00010198955899079743
0.0
0.0
0.0
0.0
0.0
0.0
0.0
0.0
0.0
0.0
0.0
0.0
0.0
0.0
3.479513492082766e-05
0.00013519957428920695
0.0001692070864074852
0.00020910271849027446
0.00022536910356416105
0.00024845838043900274
0.00026227878293401706
0.00022388939197052907
3.3348016565568246e-05
0.0
0.0
0.0
0.0
0.0
0.0
0.0
0.0
0.0
0.0
0.0
0.0
0.0
0.0
0.0
0.0
0.0001261290278240409
0.00016714293797638814
0.00019684979854923168
0.00023900098698829088
0.00025855409109681404
0.0002612980960213084
0.0002645675378679664
0.0002661661639165797
0.00026651799920223584
0.0002544834047600154
0.00011236685413934881
2.425270626393e-05
0.0
0.0
0.0
0.0
0.0
0.0
0.0
0.0
0.0
5.431508382559808e-05
0.00020878084832808065
0.00026471874020388885
0.00030621362365454105
0.000328380914381051
0.000340226915054387
0.0003498458616098854
0.0003616319064116767
0.0003702267858726715
0.00037788756015685724
0.000380729248237598
0.0002478615967509517
0.00023195820128111576
0.0
0.0
0.0
0.0
0.0
0.0
0.0
0.0
0.0
0.0
0.0
0.0
0.00013500262048083433
0.00010753883849249795
0.00019503166759235265
0.0001256543569933001
0.0
0.0
0.0
0.00017694293558998773
0.0002380028021183054
0.0002680039961781044
0.0
0.0
0.0
0.0
0.0
0.0
0.0
0.0
0.0
0.0
0.0
0.0
0.0
0.0
0.0
0.0
0.0
0.0
0.0
0.0
0.0
0.0
0.0
0.0
0.0
0.0
0.0
0.0
0.0
0.0
0.0
0.0
0.0
0.0
0.0
0.0
7.974242334555143e-05
8.860933918879328e-06
0.0
0.0
0.0
0.0
0.0
0.0
7.000957559452026e-05
0.00016597634686837983
0.0001536469144684321
0.00012809930697134318
5.123640256293048e-05
0.0
0.0
0.0
0.0
0.0
0.0
0.0
0.0
0.0
0.0
0.0
0.0
0.0
0.0
0.0
0.0
8.678679808332796e-05
0.00024498559916266656
0.0002684073079562121
0.0002982734825494446
0.00032124919100051365
0.0003270989996408528
0.0003177564231665289
0.0003025314707423075
0.0002782728144839203
0.0002724641473846971
0.00019295526437145244
0.0
0.0
0.0
0.0
0.0
0.0
0.0
0.0
0.0
0.0
0.0
0.0
0.0
0.0
0.0
0.0
0.0
0.0
0.0
0.0
0.0
0.0
0.0
0.0
0.0
0.0
0.0
0.0
0.0
0.0
0.0
0.0
0.0
0.0
0.0
0.0
6.612722628596185e-05
0.00018364767033226168
0.0002547632599124791
0.00026696607430895693
0.00026948746036769704
0.00027078997502272777
0.0002655096998116241
0.0002559826943792282
0.0002392465946456463
0.0001922544221148822
0.0001241202365769122
9.777468282486312e-05
0.0
0.0
0.0
0.0
0.0
0.0
0.0
0.0
0.0
0.0
1.3472083108906866e-05
0.00015429825495062174
0.00026492549317529905
0.00029877759469965043
0.00033799879053064875
0.0003555220627495653
0.00036414988521894076
0.0003592326567910897
0.0003560913928990418
0.0003454333963020536
0.00020725564164667814
8.67178972898823e-05
0.0
0.0
0.0
0.0
0.0
0.0
0.0
0.0
0.0
0.0
0.0
0.0
0.0
8.410190549428119e-05
7.811637071315745e-05
0.0
0.0
0.0
0.0
0.0
0.0
0.0
0.0
0.0
0.0
0.0
0.0
0.0
0.0
0.0
0.0
0.0
0.0
0.0
0.0
5.538576548231479e-05
0.00024173357782520915
0.0002714970430331235
0.0002730145208199462
0.0002821656515186435
0.0002888835899666139
0.00029788470046404733
0.00027119734153533505
0.00027311146196770127
0.00028455002086473833
0.00027804507172767045
0.00026017369915157587
0.00019771949105726444
0.00010139692625715916
0.0
0.0
0.0
0.0
0.0
0.0
0.0
0.0
0.0
0.0
0.0
0.0
0.0
0.0
0.0
0.0
0.00015616807956051945
0.00017082833624285153
0.00017181703890310868
0.00023257416073222775
0.00024293273911837743
0.0002197641565516896
0.00018506847976396704
3.335635849968979e-05
0.0
0.0
0.0
0.0
0.0
0.0
0.0
0.0
0.0
0.0
0.0
0.0
0.0
2.9814257663216185e-05
0.00017059070780230494
0.0002540639064999123
0.00027976334635236653
0.0003042819953355183
0.0003197549405634373
0.00033774752393529907
0.0003356499807742458
0.0003226624615988656
0.00029272149660034236
0.00027517897542156275
0.00026975227659610827
0.0
0.0
0.0
0.0
0.0
0.0
0.0
0.0
0.0
0.0001838779666745415
0.0002750334750226832
0.0003349428454376085
0.0003900730753248287
0.000407645625807457
0.00041351847144013854
0.0004488794124906859
0.0004620142694868918
0.0004127608752605192
0.0003355200449555651
0.0003006504549889857
0.0002788059170787508
0.0002673360488748233
0.00025930958380013225
0.00020126785113476825
0.0
0.0
0.0
0.0
0.0
0.0
0.0
0.0
0.0
3.0164487010779558e-05
0.00020150361923262518
0.0002593863912934546
0.00029234366691760277
0.0003354498894080895
0.0003534763668383337
0.0003883263949778852
0.00041588088716278603
0.0004373906807475578
0.000443889821526188
0.00039497910208231065
0.0003429005512498942
0.0002971509327800152
0.00027970793579988883
0.00027569711201325396
0.0
0.0
0.0
0.0
0.0
0.0
0.0
0.0
0.0
0.0
0.0
0.00015651156934051537
0.000261731158560729
0.00028678078048888987
0.0002957041010915645
0.000315572940878028
0.00033026379020238526
0.0003312588841067273
0.00030910931635782114
0.0002930506918359393
0.0
0.0
0.0
0.0
0.0
0.0
0.0
0.0
0.0
0.0
0.0
0.0
0.0
0.0
0.0001243128450173514
0.00021699049296927897
0.00017129209059838394
0.0
0.0
0.0
0.00013215845729931086
0.0001978942611328885
0.0002903689751533792
0.0002988432757875944
0.00024260843905180227
0.0
0.0
0.0
0.0
0.0
0.0
0.0
0.0
0.0
0.0
0.0
0.0
0.00023591850750141364
0.00028393822358765053
0.00032519453992974865
0.00038233623126306094
0.00042662042678561196
0.0004444875075431195
0.00047589895479000703
0.0004988666763370884
0.0005232554785311986
0.0005676398270340016
0.0005455960010307079
0.00047559554888102433
0.00043310410378360613
0.0003802583676730741
0.0003226145826453373
0.0
0.0
0.0
0.0
0.0
0.0
0.0
0.0
2.415751975756644e-05
0.00021509043962731218
0.00028865159481590997
0.00037581166352553886
0.00047483125507792384
0.0005241844576676656
0.0005270039410032368
0.0005563094526891903
0.0005672452482115084
0.000603351013353911
0.0006460027410462368
0.0006465025077177657
0.0005650007514417567
0.000503097681322875
0.00041346126276962545
0.0003380018326729482
0.0
0.0
0.0
0.0
0.0
0.0
0.0
0.0
0.00016798939046211748
0.0001812843692699923
0.00027207395460155694
0.00031890302335067414
0.0004335347268693993
0.0005374295642569635
0.0005421695995602867
0.0005899943038324037
0.0006434440908518079
0.0006499803468911099
0.0006745877429559029
0.0006402637093371453
0.0005495128595394475
0.0004654738963782614
0.0003921397822369486
0.00033655510871053563
0.0
0.0
0.0
0.0
0.0
0.0
0.0
0.0
0.0
7.349309679973694e-05
0.0001946119470209312
0.00025447334829719514
0.00027911241317112484
0.00034548617248393294
0.0004306500123701984
0.0005122639655019129
0.0005815894904794668
0.0006060651845943835
0.0006016281627885496
0.0005730789007966867
0.0005006923109984145
0.0004466778716243075
0.0003742017030731435
0.0003469690009840735
0.0
0.0
0.0
0.0
0.0
0.0
0.0
0.0
0.0
0.00013212485409114873
0.00028438899972602245
0.0003057538226545811
0.0003159798327189069
0.0003638709265163199
0.0003984864937831708
0.00045704008173989965
0.00047261221957263023
0.00045033262680885727
0.0003945030237721653
0.00031690668035424895
0.0003121366228836996
0.00028412962412807864
0.0002258457202245546
0.00016800548296598035
0.0
0.0
0.0
0.0
0.0
0.0
0.0
0.0
0.0
7.355361832987467e-05
0.00018094044937207914
0.00020054691235723993
0.00022805045939328935
0.00029144385103021343
0.0003008308640279601
0.0003021228379555732
0.0003097335977983501
0.0003254350913214703
0.0003231521213842026
0.000315789350066888
0.0
0.0
0.0
0.0
0.0
0.0
0.0
0.0
0.0
0.0
0.0
0.0
0.0
8.948371294969225e-06
0.0002333770619220506
0.00023708743224568136
0.00016270107781660905
0.0
0.0
0.0
0.0
0.00018607534260965607
0.0003143162484102741
0.00031826480029795216
0.00028583804817100344
0.0002612846588391119
7.090990199691186e-05
0.0
0.0
0.0
0.0
0.0
0.0
0.0
0.0
0.0
0.0
0.0
0.0
0.0
0.0
0.0
0.0
0.0
0.0
0.0
0.0
0.0
0.0
0.0
0.0
0.0
0.0
0.0
0.0
0.0
0.0
0.0
0.0
0.0
0.0
0.0
7.442582539363683e-05
0.00018061977591736134
0.0002620833908798784
0.0002968839035856931
0.00030489724002082417
0.00030930251646695076
0.000315059179557336
0.0003306291697754855
0.0003373508123979596
0.00032136909509136296
0.0003066543923295457
0.00030405479281727754
0.0002691343437813639
0.0001743704893102139
0.0
0.0
0.0
0.0
0.0
0.0
0.0
0.0
0.0
0.0
0.0001576410661372737
0.000276516060633296
0.00031087007655908994
0.0003358881813307365
0.00036523361315895207
0.0003962550821764276
0.0004311920839591049
0.0004352473294491348
0.0004602972401918565
0.0004735816216694305
0.00040573396786894246
0.00034569897035193847
0.00032980457768909985
0.0003019712313310397
0.0
0.0
0.0
0.0
0.0
0.0
0.0
0.0
3.4947777680544424e-06
0.0
4.8464823854286185e-05
0.00014385379381286323
0.0002064205427264767
0.000277213399399021
0.0002976847266884826
0.0003030818112527556
0.00030784604151594603
0.00030555583311358696
0.0003039754284646228
0.0003035658881424479
0.0003047301146938038
0.0002734341961301448
0.0001808597718390915
0.00013754695243992134
0.0
0.0
0.0
0.0
0.0
0.0
0.0
0.0
0.0
0.0
0.0
0.0
0.0
9.784770662891574e-05
0.0002079195014306317
0.00028129111220394793
0.00029390716194408736
0.0002983821352582717
0.0003010078771766734
0.00031252668243616084
0.0002970478696354125
0.00029078706771100074
0.00022464028309408378
0.0001623467367150583
0.0
0.0
0.0
0.0
0.0
0.0
0.0
0.0
0.0
0.0
6.21314574771192e-05
0.00021852413062706737
0.000290210232629587
0.0003077099330212694
0.0003315444479692619
0.0003729120194681536
0.00037902628854596964
0.00038079828004962987
0.00038686561117517765
0.00038285274936918334
0.0
0.0
0.0
0.0
0.0
0.0
0.0
0.0
0.0
0.0
0.0
0.0
0.0
0.0
0.00013052314699866263
0.00023366651445089055
0.00022420012216527643
9.262257798337241e-05
9.788016082924058e-05
0.00015611108236062563
0.00021010146295167203
0.00022485057364065718
0.00027230142938575543
0.0002985884409305093
0.00026498520182450126
0.00022365162982409173
0.0
0.0
0.0
0.0
0.0
0.0
0.0
0.0
0.0
0.0
6.912008567381315e-06
1.2281741530600437e-05
0.0
0.000197510067192553
0.00026127417050403974
0.00026868335312315244
0.00028853486331155024
0.0003363112736215799
0.0003926807033830405
0.000409329441226822
0.0004076304473860965
0.00036320346095409774
0.00031917819553687444
0.0003109091232584369
0.0002818530502448149
0.0002131459564507618
0.0
0.0
0.0
0.0
0.0
0.0
0.0
0.0
0.0
0.0
0.00012598989876847877
0.00019032590615401305
0.00027936686486111314
0.0003035814384615699
0.0003279650456619643
0.0003698769253974977
0.00039664754785897983
0.0003603059639893078
0.00036302696324087163
0.0003778517286200187
0.0003335632342254512
0.00025912354614015523
9.392083813939488e-05
0.0
0.0
0.0
0.0
0.0
0.0
0.0
0.0
0.0
0.0
2.3800203292191538e-05
0.0
0.0
0.0
0.0
0.0
0.0
0.0
0.0
0.0
0.0
0.0
0.0
0.0
0.0
0.0
0.0
0.0
0.0
0.0
0.0
0.0
0.0
0.0
0.0
0.0
0.0
0.0
0.0
0.0
0.0
0.0
0.0
0.0
5.4408715829514463e-05
0.00012401536126621602
5.5953172702293734e-05
0.0
0.0
0.0
0.0
0.0
0.0
0.0
0.0
0.0
0.0
0.0
0.0
0.00010645631230146789
0.00025332837230123106
0.000286929925374239
0.00029999444772168713
0.0003155099406441374
0.00033843353294356224
0.00037264705258523086
0.00040379675182180506
0.0004378983521213123
0.00042951377062867157
0.00039615513687303247
0.00036743916033830796
0.00033664096570811523
0.00029418401206587484
0.0
0.0
0.0
0.0
0.0
0.0
0.0
0.0
6.0776254921734406e-05
0.00021618168378431633
0.00028776399239681806
0.00033412995725582047
0.0003841533908251666
0.00039564029962216264
0.0003952758711602081
0.00039405172666385287
0.00039507000878079616
0.0003932596112561607
0.00040959733488642137
0.00041993225206725897
0.00027625735422585066
0.00026772986199690514
0.0
0.0
0.0
0.0
0.0
0.0
0.0
0.0
0.0
0.0
0.0
0.000125971811041341
0.00021903958887094826
0.00028902901674275215
0.00028261994068058834
0.000259897826723576
0.00025901671371494683
0.0002376684922618011
0.00013229356061060095
0.0
0.0
0.0
0.0
0.0
0.0
0.0
0.0
0.0
0.0
0.0
0.0
0.0
0.0
0.0
0.0
0.00023711503361475378
0.00029115337448733507
0.0003068121899992748
0.0003442488755115974
0.0004216270458011855
0.000488229507111941
0.00046593093194790397
0.00034665404959532823
0.00035896108786040735
0.00034986804316667296
0.00036219131295787705
0.00038548814546468155
0.00034140176624670055
0.00032179670178952483
0.0003050108359236279
0.0
0.0
0.0
0.0
0.0
0.0
0.0
0.0
5.823574988416963e-05
0.0001852908601707018
0.0002736342821566204
0.00030482487913625374
0.0003498577459661599
0.0004352062366831257
0.0005287170799529679
0.0005992490788314705
0.0006282313506712363
0.0006484570769962939
0.0006595076150673224
0.000620865169898869
0.0005068655847267898
0.0004190477646847169
0.00037640745167128803
0.0003592745251643048
0.0
0.0
0.0
0.0
0.0
0.0
0.0
0.0
0.0002885296766344635
0.00029869406967019774
0.00032402458796197795
0.0003795332863582356
0.0004748838097956868
0.0005268198830087044
0.0005282702771054864
0.0005493455694909681
0.0005824361729004573
0.0006144999001940855
0.0006374312745781198
0.0005636821866750002
0.0004889648344207174
0.0004658836016128683
0.00036778808486923303
0.00031005301229923685
0.0
0.0
0.0
0.0
0.0
0.0
0.0
0.0
5.517133349464255e-05
0.00023863460885387985
0.00027982876277210067
0.0003407743855141761
0.00041987753386737655
0.00047872408563894015
0.0005020560478865787
0.000579680550978116
0.0005936121360730231
0.000561360642150335
0.0005831922104667748
0.000546406021871176
0.0004644780953578353
0.000420408553273789
0.0003359140267263786
0.00027812227304868794
0.0
0.0
0.0
0.0
0.0
0.0
0.0
0.0
0.0
0.00016946276383877223
0.00020661084397469412
0.0002501966787170043
0.00028083799825045006
0.0002864838268714658
0.0002919356343589707
0.0002960765749202253
0.0003120478706835495
0.0003353020958465568
0.00035599820220499044
0.00033132467009442957
0.0002902576704862684
0.00027714917663434184
0.000217608930332627
0.00011629550034128476
0.0
0.0
0.0
0.0
0.0
0.0
0.0
0.0
0.0
3.107899807036858e-05
0.00020836611103042328
0.000273073505422581
0.00028172868566655904
0.00030415606892409276
0.00032551906654593925
0.0003325587492391885
0.0003429175742099808
0.0003594576191073813
0.0003637001846221333
0.0003605525009285584
0.00022222948454955286
9.975860167323337e-05
0.0
0.0
0.0
0.0
0.0
0.0
0.0
0.0
0.0
0.0
0.0
9.592545694195101e-06
0.00024089170772517173
0.0002456408915458695
0.00021490657008752843
0.00015697773138838812
7.742810589566781e-05
7.802902556096808e-05
8.969430316072626e-05
0.00025630718855703717
0.0002808205948383128
0.00030748086984862006
0.00031876350130368743
0.000266030118168806
0.00017109484769874342
0.0
0.0
0.0
0.0
0.0
0.0
0.0
0.0
0.0
0.00017176190857782445
0.00026870714523380635
0.00030257962920982425
0.00031780046725958847
0.00038672975894556226
0.000420830480989746
0.00045660733087401616
0.0004962482613709976
0.0005007281817481327
0.0005585206773641987
0.0006177525601962684
0.0006096108307605917
0.0005442666892982541
0.00047546878221006906
0.0004218730068955544
0.0004003426800133626
0.0
0.0
0.0
0.0
0.0
0.0
0.0
0.0
0.00013162318093828216
0.0002631466055658087
0.0003108728005999134
0.0003463816809928588
0.0004215125720454535
0.0005342401928117615
0.0005935153379500548
0.0006558695356709966
0.0006812076517126258
0.0006834794725093316
0.0006812454825401382
0.0006252567598715146
0.0005156194147403127
0.00041400950041460473
0.0003582776977942918
0.00033281132342334016
0.0
0.0
0.0
0.0
0.0
0.0
0.0
0.0
0.00012439322433962434
0.00028379178708308304
0.00032585081162620665
0.0003873562405905947
0.0004374876290007517
0.000526620827793478
0.0005373889895204032
0.0006017282405647182
0.0006293430323828397
0.0006240616737644593
0.0006216545639893355
0.0005809670137159349
0.0004427240360553088
0.00040199732554556963
0.0003581483913386313
0.00032092705381998155
0.0
0.0
0.0
0.0
0.0
0.0
0.0
0.0
0.00026063955716022205
0.00029743026250885716
0.00031503977598877826
0.00038964586320825606
0.0004405790058022956
0.0004065084095150232
0.0004146421043079226
0.0004674091074154118
0.0005212223632103539
0.0006077684305843453
0.0005829202760947987
0.00046804391993482424
0.00040030841842887254
0.0003436145335884108
0.00032011364071151424
0.00030718125941980623
0.0
0.0
0.0
0.0
0.0
0.0
0.0
0.0
0.00022975088752405506
0.00028776315058551185
0.00036256299843420345
0.0004746768139778034
0.000573615369170634
0.0005988567563088151
0.0005975252616371818
0.0006142850183759751
0.0006613393677146488
0.0006047721796095342
0.0005731667407138354
0.0006186654423504972
0.0005046431958033558
0.0003944058694576455
0.0003482519881136415
0.0003105308472743776
0.0
0.0
0.0
0.0
0.0
0.0
0.0
0.0
0.0001882724566939965
0.00029750826914868385
0.0003124845517969622
0.00037758741197747685
0.00044190065747427593
0.0004587871261618384
0.0004984187514396886
0.0005435041892135079
0.0005175341103950051
0.0005006230334490007
0.0004914843131687346
0.0004597159750411244
0.0
0.0
0.0
0.0
0.0
0.0
0.0
0.0
0.0
0.0
0.0
0.0
0.0
0.0002229701605953189
0.000272113024128988
0.00024270056332842125
0.00031369640971490184
0.0003096616748815387
0.00019199058361695282
0.0002240286786398224
0.000117016883822028
0.0
0.0
0.0
0.0
0.0
0.0
0.0
0.0
0.0
0.0
0.0
0.0
0.0
0.0
0.0
0.00018561990382139477
0.00029065156707649357
0.00030879264626619925
0.00033482644883999803
0.00040422537094936126
0.00048758723006333074
0.0005429883346963896
0.0005938844915735523
0.0006069409758903452
0.0006393114705807929
0.0006668040591761476
0.0006730722452716323
0.0006094707050807601
0.0005507628063253965
0.0004889739268769889
0.00039760277842079705
0.0
0.0
0.0
0.0
0.0
0.0
0.0
0.0
0.00028818709671649063
0.00031582925507212136
0.00034929039706632067
0.0004563080717382857
0.0005683167376548005
0.0006453479662623893
0.0006839738250129964
0.0007510856370796615
0.0007911689953067338
0.0008105042233072643
0.0007810768433138521
0.0007354107605255497
0.0006512532227979541
0.0005594903810828187
0.00047975734545676745
0.0004235496491026035
0.0
0.0
0.0
0.0
0.0
0.0
0.0
0.0
0.00031095668089170774
0.0003070718296659722
0.0004202092315450516
0.0006137631581679497
0.0006861890935912513
0.0007092458920998593
0.0007272948096098907
0.0007933771596296314
0.0008495434829725493
0.0008167234393608359
0.0007265664471522908
0.0006805446076123821
0.0005655376182924224
0.0005219618018938464
0.00046444013442658693
0.0004070734413525503
0.0
0.0
0.0
0.0
0.0
0.0
0.0
0.0
0.00031517031950558093
0.00031515737344038955
0.00033836783604201254
0.0004756084786741653
0.0006331315604395821
0.0006995054592960649
0.0007125268625634813
0.0007168583444141827
0.0006784629928312427
0.0005165575128136561
0.0004011282235788185
0.0004181088371233177
0.0004381462604950614
0.00042496729068586166
0.00039835038733372977
0.00039620209275178315
0.0
0.0
0.0
0.0
0.0
0.0
0.0
0.0
0.0003537817898874445
0.0003696690895437986
0.0004796177027403555
0.0006671670921709484
0.000856966244402658
0.0010303727282819305
0.0009690278433288613
0.0008761323248685789
0.0007806215291699173
0.0007734747162749549
0.0008223972330716876
0.0008088973196962049
0.000548958778649345
0.0004581451532920946
0.00037568186763914125
0.00033103982182941066
0.0
0.0
0.0
0.0
0.0
0.0
0.0
0.0
0.00030505154276034055
0.0002971557305475968
0.0003150034622864213
0.00035091318892504716
0.00039968423992179004
0.0004409667353838129
0.000487484434905036
0.0005237421582425959
0.000518381190011043
0.0005141441508077084
0.0005147315439829438
0.0005223062348904584
0.0002780618991388437
0.00031095799382707136
0.0
0.0
0.0
0.0
0.0
0.0
0.0
0.0
0.0
0.0
0.00015512854166432479
0.00020400811161210068
0.00031745633207460445
0.00031344960974895894
0.00027235654997332114
0.000318387478449274
0.0003471143225886006
0.00024724266248547745
0.0003517948476837202
0.00032028557073380837
0.00026229991482251095
0.0003105882665290571
0.0003397911963602068
0.00024086683954040536
0.00023132937952283615
3.614826489788855e-05
7.22791130849481e-05
0.0
0.0
0.0
0.0
0.0
0.0
0.0
0.0003288187694048211
0.00034087072244470525
0.00041647179035358837
0.0005247313330614834
0.0006038412240484248
0.0006668146353366723
0.0006909435938762413
0.0007310914467615389
0.0007688389638098214
0.0008092871804613638
0.0008294016826794588
0.0007534003240162602
0.0006479870068609783
0.0005830311792410939
0.0005209447353372019
0.0004889896486156478
0.0
3.891504999240444e-05
3.592016436295132e-05
0.0
0.0
0.0
0.0
0.0
2.0074607593329566e-05
0.0002898819749590438
0.000282078525913779
0.0003737981460274295
0.0003594824354510874
0.0003768545493458425
0.0003777178086963756
0.0004302750830776916
0.00036006349791301495
0.00042991984301857207
0.00039403067928154065
0.0003890824143865488
0.00024002083509447252
5.67649829203993e-05
0.0
0.0
0.0
0.0
0.0
0.0
0.0
0.0
0.0
0.0
0.00035070859264267693
0.0003942579689133593
0.0004960596213006813
0.0006285785951542388
0.0006916667264587041
0.0007118605024481851
0.0006932365996859791
0.0007404503537296376
0.0008091491427497538
0.0008235824789013198
0.0007337752721829025
0.0006616494334755993
0.0005861447858731695
0.0005064338696747258
0.00042471498159729235
0.0004146754112218877
0.0
0.0
0.0
0.0
0.0
0.0
0.0
0.0
0.0003357526099718015
0.0003282098119155422
0.0003796264610992318
0.0005200764349186535
0.0006162430018374799
0.0006435551921043241
0.0006553364418361764
0.000685121287650383
0.0006957076643722172
0.0006995532352033803
0.0006803058730496998
0.0006189169980731655
0.0005523974323916329
0.0005096257449002425
0.00044517672006593486
0.0004078442041749895
0.0
0.0
0.0
0.0
0.0
0.0
0.0
0.0
0.00031869631549248005
0.00031430545161620046
0.0003464218226880147
0.0004157215651422267
0.00048500870863050404
0.0005573277853370403
0.0006047093765675267
0.000655873958901786
0.0006846963561525839
0.0007251011696728515
0.0007574502693333643
0.0006986973214717393
0.0005594713279465671
0.0004192092512921562
0.0003504170303723438
0.00032810545366163536
0.0
0.0
0.0
0.0
0.0
0.0
0.0
0.0
0.00026589350922527166
0.00031057368375559356
0.00032018269184377576
0.00034678418332219254
0.0003854623210864022
0.0004527314245788397
0.00051522418206777
0.0005209293101517402
0.0004986737764979574
0.0004656247875238257
0.00043312621442352173
0.00044583059263526663
0.0002821076161730056
9.623653122016183e-05
0.0
0.0
0.0
0.0
0.0
0.0
0.0
0.0
0.0
0.0
5.2750580399681774e-05
0.00027580223647294367
0.00023490009647585637
0.0003041670869072909
0.00030948868624410713
0.0002996557635757405
0.00021766135942302958
0.00030127513199471024
0.00013550156698888545
0.0001584376812165457
0.0002894552845310728
0.0003417062921167143
0.0003285887546606165
0.0002412303433958236
0.0
0.0
0.0
0.0
0.0
0.0
0.0
0.0
0.0
0.0
0.0003100635570853333
0.00032283790567362136
0.0003496964599723675
0.0004678270848932515
0.000545982542555395
0.0005914975589975945
0.0005851545596283915
0.0006395745167479321
0.0006793602944805856
0.0007160406544251794
0.0007867191029935735
0.0008106335618416519
0.0007074533491002311
0.0005980064658386112
0.0004894835470449424
0.00042800344199337494
5.9849688530845764e-05
0.0
0.0
0.0
0.0
0.0
0.0
0.0
0.00020902099153257388
0.0002879028554791236
0.00030508177715989017
0.0003391039658844652
0.0003704471196658963
0.00042926257689332567
0.0004923343905774505
0.0005958940519261765
0.0006975432537197416
0.0007110151422650881
0.0007515114233592172
0.0007368644085558541
0.0006685507042090339
0.0006127437703900878
0.0005120717864372471
0.0004496657151806852
0.0
0.0
0.0
0.0
0.0
0.0
0.0
0.0
0.00032063371748265414
0.00030407314322146163
0.00037725544899535994
0.0005314559397371524
0.0006472409536783625
0.000698327373230561
0.0006936435999699123
0.000700615044773719
0.0007724083189965167
0.0008491848926637638
0.0008819940749427117
0.0007950802437123386
0.0006925842950255268
0.0006243371850052117
0.0005319598926797483
0.00047003936700779075
0.0
7.532197515747298e-05
0.0
0.0
0.0
0.0
0.0
7.916355776308343e-05
0.0003365069154838935
0.0003930675269720607
0.0005275229186244169
0.0006712152009831082
0.000711450000578799
0.0007610366661771797
0.0007579954810871466
0.000795918204084694
0.000775162898943043
0.0007035281968729944
0.0006820399627104148
0.0006764496743520153
0.0006114354332900568
0.000565482314944622
0.0005195650909889032
0.00043970335842697837
0.0
0.0
0.0
0.0
0.0
0.0
0.0
0.0
0.00032608621218521575
0.0003295558625431202
0.00043295768144086194
0.0005627440334656815
0.0006559624430810825
0.00070038184616661
0.0007018056020972859
0.0007559386985385294
0.0008048262404084914
0.000809993013724196
0.0008370997433990665
0.0007856594136878335
0.0006281286194159664
0.0005113889906691266
0.0004591553275978058
0.0004198560234273457
0.0
0.0
0.0
0.0
0.0
0.0
0.0
0.0
0.00033448130585855173
0.00033573553828825656
0.00037688233001590457
0.0004461771200741081
0.0005126817126374209
0.0005465235617284732
0.0005779078267089886
0.0005978305511964795
0.0006001803662637531
0.0005938959875639811
0.0005622010413343462
0.0005303456399876145
6.514622903841995e-05
0.00022007902952933685
0.0
0.0
0.0
0.0
0.0
0.0
0.0
0.0
0.0
0.0
4.176835673440468e-05
0.0002869304256726453
0.00026553677951878066
0.0003562715191658394
0.0003565657780136411
0.00033552739810943774
0.0003516839800260452
0.00037077646170131695
0.00028929033699878114
0.0003692486086477526
0.00036156360185003814
0.00033273940534178035
0.00034681361693040646
0.00034323045946312903
0.00021293322420883463
4.882415218897601e-05
3.705343506480915e-05
0.0
0.0
0.0
0.0
0.0
0.0
0.0
0.00031098907896062424
0.0003654003629398184
0.00045017614093356066
0.0005721060971627102
0.0006580615882902348
0.0007374819700652482
0.0007651509469093903
0.0007740834421157656
0.0007493998685464456
0.0008463541273789379
0.0009369408428163708
0.0008973222007612814
0.0007486378338170039
0.0006363257382720091
0.0005638220945952702
0.0005212894497796644
6.538663429709743e-05
0.0
0.00010093309308494128
4.814875704941462e-05
4.3971218524149476e-05
0.0
0.0
0.0
0.0003681267778483492
0.0003905335637113247
0.00057894596258495
0.0007162332787909163
0.0007923898028018423
0.0008527599278929414
0.0008525796928800903
0.000902645572373665
0.0009574077785397405
0.0010035903000522649
0.000995085320205049
0.0008723825528851398
0.000718848279719476
0.0006391858911286422
0.0005542602805474901
0.0005414428235390856
0.0
8.28279777519407e-05
4.164718582595749e-05
3.5627433322351094e-05
0.0
0.0
0.0
0.00017149213095928988
0.00035508915116993226
0.0004027231957098599
0.0005994895143190445
0.0007324141959198303
0.0008202389859546861
0.0009119087126502363
0.0009438180766781462
0.0010074545191714145
0.001056289207943972
0.001015072830034434
0.0009089003708792679
0.0008003168638341414
0.0006956688642784938
0.0006276914125954574
0.0005807739422449966
0.0005287802839649448
0.0
0.0
0.0
0.0
0.0
0.0
0.0
0.0
0.0004627095186938345
0.0004689131135366559
0.0005300361110409723
0.0006457954757742157
0.0007639190690918376
0.0008679434494009972
0.000882828234905722
0.0008647026111399776
0.0009433927529766421
0.00098789539458613
0.0009356447623683968
0.0007310437003283063
0.0005586604725249194
0.0005654565013824626
0.0004978191282302274
0.00045089573530358916
0.0
0.0
0.0
0.0
0.0
0.0
0.0
0.0
0.00034423019357787725
0.00033153402546498535
0.0003476350733578787
0.00039105376186599036
0.00042419046867833
0.00044321515669911126
0.0004930596184529523
0.0005507946522391232
0.000572284216017141
0.0005781315116073917
0.0005447847597570357
0.0004947975279938006
0.0004467668995270895
0.0004446221977195383
0.0004487932766597419
0.00044475047661244406
0.0
0.0
0.0
0.0
0.0
0.0
0.0
0.0
0.000434523755913992
0.0004433004175271867
0.0004753199519530425
0.0005154883757280675
0.0005542450667412902
0.0006502416153244765
0.0007957077635022163
0.0007931232989005811
0.0007889131118621847
0.0007695442097806175
0.0009151833527704889
0.0010127933619026568
0.0
0.0
0.0
0.0
0.0
0.0
0.0
0.0
0.0
0.0
0.0
0.0
0.0
0.00037044947890409343
0.00041137906417264356
0.00043439189053402034
0.00039498328828544007
0.0004092306753258022
0.000385875360969522
0.00029119737849692
0.00027802953708583295
0.00012593771597888695
0.0
0.0
0.0
0.0
0.0
0.0
0.0
0.0
0.0
0.0
0.0
0.0
0.0
0.0
0.0005214331482602965
0.0005230312798676618
0.000572092265167797
0.0006420295742991679
0.0007262723629435409
0.0008423664530075444
0.0009490486615274868
0.0009704571172000751
0.0009785125023117369
0.0009649341089853765
0.0010238356391514302
0.0010469489654471344
0.0008682407621771588
0.0007158412153451403
0.0006778919726550605
0.0006223208246800672
0.0
0.0
0.0
0.0
0.0
0.0
0.0
0.0
0.0005398075096612151
0.0005039926290107274
0.0005485150866503729
0.0006519490923647134
0.0006999249724976992
0.0007891906054793607
0.0009742501326761468
0.0010434045445915367
0.0010341480703202647
0.001013211867853929
0.0007973326471140122
0.0006924699926059663
0.0006066633601364795
0.0005866277743301788
0.0005509395503565733
0.0005058560985403597
0.0
0.0
0.0
0.0
0.0
0.0
0.0
0.0
0.0004741738924004728
0.0004808740094712726
0.0005097422783309766
0.0005885717228896944
0.0006674017677137958
0.0007164240777012863
0.0008097383334237129
0.001003252393633597
0.001062943188022103
0.0009231153111666674
0.0009301970478030416
0.0008709048310082086
0.0007836288697904087
0.0008467904425141129
0.000811986638116544
0.0006811724647367711
0.0
0.0
0.0
0.0
0.0
0.0
0.0
0.0
0.00035466214304522584
0.00033154768551525265
0.0004100817150448359
0.0005871659768035531
0.0007425355555582225
0.0008233735618014461
0.0008290240166320316
0.0008953317709854131
0.0009225869926881834
0.0008714397966753083
0.0007276863402274574
0.0005733487837084532
0.00047966858094641325
0.00040038302467783256
0.00034364257026606756
0.0003340594962045106
0.0
0.0
0.0
0.0
0.0
0.0
0.0
0.0
0.0002778783759381847
0.0003250001403388045
0.00036825960286286164
0.0004441326298398942
0.0005580883671005429
0.00064882834153196
0.0006292646976704888
0.0006479563461518757
0.0006979057581099302
0.0007716587195711393
0.00083881978465219
0.0008124378991982552
0.0007124837346359286
0.0006542148466500367
0.0004952008630449795
0.0004360490568774038
0.0
0.0
0.0
0.0
0.0
0.0
0.0
0.0
0.00033758970435939525
0.00033430897871034883
0.00040469721479718143
0.0005089349104790159
0.0005552591544060584
0.0005546168824891991
0.000535008543300464
0.0005411017879453158
0.0005470501420962226
0.0005454453632193918
0.0005621545660104498
0.0005716862381662009
0.0002662090627949549
0.00022965594169525828
0.0
0.0
0.0
0.0
0.0
0.0
0.0
0.0
0.0
0.0
0.0
0.0001664578062014481
0.0003084295445255516
0.00032326563406826294
0.0003197840910452301
0.0003425252130609402
0.0003587358430278455
0.00028439685705623985
0.00029229727038485747
0.00036918372102949764
0.00034815705491894925
0.00039246656222613366
0.00038320163399632485
0.0003590764395639039
0.00016948496693278551
0.0
0.0
0.0
0.0
0.0
0.0
0.0
0.0
0.0
0.0003185432322293124
0.0003015770044319559
0.0003203120125990256
0.00033389718899001184
0.00037933089962867845
0.0004161106401283371
0.0004708468016924326
0.0005652720720123548
0.0006097144820630515
0.0006619741535557852
0.0007410958388154862
0.0007142272720186446
0.000614139916278376
0.0005046879506118047
0.0003934791542568767
0.0003392891391195994
0.0
0.0
0.0
0.0
0.0
0.0
0.0
0.0
0.00031468466341876065
0.00031152209695675795
0.0003507157670099518
0.00044648989404730684
0.0005724301464940636
0.0006420077853567936
0.0006543443104228138
0.000669535525891562
0.0006620016151765794
0.000640490225482457
0.0006265124917430703
0.0005734387209833037
0.000474947559186374
0.00044222945363589484
0.0003593597291021923
0.0003406922494885237
0.0
0.0
0.0
0.0
0.0
0.0
0.0
0.0
0.0002933573353249539
0.0002988927394021771
0.0003248554920296204
0.0003775151152416841
0.0004562389003791049
0.0005294019788299814
0.0005577699248456668
0.0006098982213286509
0.0006491767674011111
0.0006304797976124041
0.0005493569277504643
0.00048543647728140256
0.00041137337580107026
0.0003691431301095916
0.00033535759945384685
0.0003249643371614908
0.0
0.0
0.0
0.0
0.0
0.0
0.0
0.0
0.00011290445459702439
0.0002667521853561212
0.0003267739974026818
0.00040407472131059516
0.0005367429539592488
0.0005817295301570446
0.0005917344988369312
0.0006413287985512423
0.0006677034971205556
0.00068688713206004
0.0006549853140826281
0.0005367078438391447
0.00048787315637944335
0.00043262726506242735
0.000356079650206344
0.00031684618010463967
0.0
0.0
0.0
0.0
0.0
0.0
0.0
0.0
0.00011077655841730653
0.00024063476106409582
0.00029981208051790706
0.0003462401246061074
0.000405127740668417
0.0004810713498900928
0.000557317321466749
0.0006285772530492704
0.0006044760593809373
0.00044089964241634795
0.00033180710015918606
0.0003541855428826866
0.00036986781685708703
0.00032957024479137007
0.00026908059825146556
0.00022873540346068208
0.0
0.0
0.0
0.0
0.0
0.0
0.0
0.0
1.237819984021948e-05
0.0
0.00011202994098658987
0.00021763236526758361
0.0003037423159522025
0.0003205440768578935
0.000333106561777908
0.00034641645985429256
0.00037558001569052487
0.00037891065428530144
0.00037490912463166305
0.000352295057446164
0.0
0.0
0.0
0.0
0.0
0.0
0.0
0.0
0.0
0.0
0.0
0.0
0.0
0.0
0.0
0.0
0.0
0.0
0.0
0.0
0.0
0.0003118208482119747
0.0003406789003869551
0.00031422856453533954
0.00034205235071882055
0.0003395626000809106
0.00016574088156472887
0.0
0.0
0.0
0.0
0.0
0.0
0.0
0.0
0.0
0.00022202186918923492
0.0002945112151750297
0.00032716871265069347
0.00039562780609865295
0.0004752460019654731
0.0005313361324738959
0.0005558393328350151
0.00061362602693796
0.0006611278005508775
0.0006986948952714231
0.0007362762387722535
0.0007114742465215813
0.0006145120843003549
0.0005605452044577687
0.00048074176968890904
0.0003917602228094851
0.0
0.0
0.0
0.0
0.0
0.0
0.0
0.0
0.0003123042673663871
0.0003071116831942862
0.00039930846124352457
0.0005168740209618497
0.0006173352044657229
0.0006748477533092405
0.0006820451260704853
0.0007288848150806634
0.0007650369931317017
0.0007951619132199926
0.0007916802437960776
0.0007519012389327577
0.0006029812475960922
0.0005265535142500148
0.00042951481145917403
0.000395363374383167
0.0
0.0
0.0
0.0
0.0
0.0
0.0
0.0
0.0002449166074652335
0.0002901620676480095
0.00034140520425367043
0.0004248088679921211
0.0005204543896722915
0.0006051486395780814
0.0006395964391808918
0.000710480872091156
0.0007505029032301354
0.0007794865508013903
0.0008083794678079782
0.000744973519107415
0.0006168994016688921
0.0005502274263476609
0.00048765365357946215
0.00043230783168240436
0.0
0.0
0.0
0.0
0.0
0.0
0.0
0.0
0.0003254752141763572
0.0003079218768611908
0.00037646776802935936
0.0005223887438364716
0.0006354964570400992
0.0007144778959479772
0.0007566236072257339
0.0008102642832750705
0.0008301569548901333
0.0007915493766603283
0.0007397012000556368
0.00067993284091659
0.0005838006939732288
0.0005157219764779906
0.0004334788088737517
0.00037237708810389925
0.0
0.0
0.0
0.0
0.0
0.0
0.0
0.0
0.00033933405373466787
0.00034899266460444397
0.0004452351322178123
0.0005530969511606226
0.0006453385605658007
0.0007275806305179205
0.0007940834607949356
0.0008991497381328369
0.0009167338567427456
0.0008582156506242338
0.0006864584960803705
0.0004324831552754733
0.00045864044570915715
0.0005490660417989335
0.0006222710093625962
0.0005252733830309724
0.0
0.0
0.0
0.0
0.0
0.0
0.0
0.0
0.00034553233912192635
0.00032712477005354337
0.00032704907851474765
0.00032856047754786766
0.0003306970113413402
0.0003521336030753038
0.00034764215805266525
0.00033648380038517746
0.00035427007366609374
0.00033194762027209223
0.0003232700918813244
0.00031896485558570393
0.0
0.0
0.0
0.0
0.0
0.0
0.0
0.0
0.0
0.0
0.0
0.0
0.0
0.0
7.334864361831647e-05
0.0002493562342648636
0.00016715828687002956
0.0
0.0
0.0001841789447926101
5.661653428869522e-05
0.00026835394986946226
0.00035105875293705104
0.0
0.0
0.0
0.0
0.0
0.0
0.0
0.0
0.0
0.0
0.0
0.0
0.0
0.00032315710316249257
0.00032355882541387006
0.00032613223381902125
0.0003717802023583536
0.0004667329434629017
0.0005338257284682111
0.0005438187721770924
0.0005979647143358823
0.000632845681509192
0.0006108791212112989
0.0005645569984278775
0.00046897599779154346
0.0004181714668481134
0.0003552126787501327
0.0003297006109446293
0.0003242336762195944
0.0
0.0
0.0
0.0
0.0
0.0
0.0
0.0
0.00020106724340681904
0.00023111590126386093
0.0003122762544879257
0.0003606744204071201
0.0004547167509778852
0.000480668910118875
0.0005299414439713253
0.0006154204584793586
0.0006617577737209256
0.0006681128266213837
0.0005602672995187703
0.0004592948637293395
0.0004134035681849238
0.00036687326801239774
0.0003413312045428488
0.0003344670161101084
0.0
0.0
0.0
0.0
0.0
0.0
0.0
0.0
0.00015665916787433424
0.0002667310575952094
0.0003222681831234254
0.00040659291400091955
0.000550417858187459
0.0006323096007198023
0.0006135144916116394
0.0006477117583578849
0.000715249028943631
0.0007253821126421322
0.0007602643973492189
0.0007381763656379294
0.0006060615907215395
0.000541406589713956
0.0004899976191122045
0.0004173152533571928
0.0
0.0
0.0
0.0
0.0
0.0
0.0
0.0
0.000330872429572321
0.0003250161687329458
0.0003786394200449306
0.0005238284762166402
0.0006324139101171529
0.0006759813488612532
0.0006941068693339242
0.0007475743496713055
0.0007110909575754731
0.0006082216090719393
0.0006573627773449668
0.0007017742258747559
0.0005522033808447618
0.000377904149433339
0.0003621230861550667
0.0003701958365152492
0.0
0.0
0.0
0.0
0.0
0.0
0.0
0.0
0.00015821340426673934
0.0002684384779489719
0.00032015849393049294
0.00034098848753867227
0.0004420515969236165
0.0005554524061038384
0.0006267644496480628
0.000687053051151819
0.0007269971788544335
0.0007582527945988973
0.0007713572329711232
0.0006788016020116924
0.0005306476077619977
0.0003895631364846235
0.0003278182356378989
0.0003213210922228943
0.0
0.0
0.0
0.0
0.0
0.0
0.0
0.0
0.00018757325431069234
0.00026200162708008544
0.0003126480728610345
0.00035302850653927853
0.00040661589564795525
0.0004482663345685947
0.000492409306735365
0.0005294503649028746
0.0005376587636367002
0.000533570514434923
0.0005385654549967357
0.0005157439684362898
0.0
0.0
0.0
0.0
0.0
0.0
0.0
0.0
0.0
0.0
0.0
0.0
0.0
0.000140178807553455
0.00022087828747626944
0.00028437919814523776
0.00030561176873347267
0.0002739227687981313
0.00030972624108813944
0.000384255442024433
0.0
0.0
0.00035829039800605367
0.0004147598279239333
8.649426093699823e-05
0.0
0.0
0.0
0.0
0.0
0.0
0.0
0.0
0.0
0.0
0.0
0.00034602798369500246
0.00032620417692321736
0.0003573476444909593
0.0004728964585485317
0.0006266278970609628
0.0007107112339691828
0.0006664096929853818
0.000682991327511759
0.0007236703098560925
0.0007485378745136197
0.0007847452164527096
0.0007380192096091124
0.0005925395135872394
0.0004909886091208104
0.00041043225701540464
0.00038178963591838815
0.0
0.0
0.0
0.0
0.0
0.0
0.0
0.0
0.0003355785003075738
0.0003295037380885544
0.00037645143583793777
0.0005072689946823276
0.0005763326347793177
0.0006217142261825106
0.0006388765823799439
0.0006698621378419276
0.0006853469209313558
0.000685229975576193
0.0006706752204371032
0.0005249132706479103
0.0003454112880043802
0.00032782604573027653
0.0003234298592944874
0.00032394463342995096
0.0
0.0
0.0
0.0
0.0
0.0
0.0
0.0
0.00014658141744618326
0.00023401162194521154
0.0002930981568139719
0.0003334629675639746
0.0004111721211464181
0.0005339746253527517
0.0005409784350445348
0.0005749783088450996
0.0006024240934027384
0.0006275813863521103
0.000602809913281056
0.0005375382309788368
0.00047395112115994565
0.0003796662149185055
0.0003619280096279986
0.00032035270230084886
0.0
0.0
0.0
0.0
0.0
0.0
0.0
0.0
0.00030445100704870354
0.00029874055192863103
0.0003169650334280659
0.0004256046273308857
0.0005150511424455007
0.0005632723337752179
0.0005456436274481029
0.000582348966394662
0.0005905700109620994
0.0006108274639450568
0.0006577266269883513
0.0006233611842915262
0.0005544814682351745
0.0004519643178842993
0.00034012489263112795
0.00030706414176491194
0.0
0.0
0.0
0.0
0.0
0.0
0.0
0.0
0.0002884896218782551
0.00028410070884903716
0.00031562652785790203
0.0004144037966252355
0.0005324006001053614
0.0006049086151878338
0.0006129243535099335
0.0006540686961536266
0.0006884568951404185
0.0007220664397712522
0.0007855957448817488
0.0007834564539639972
0.000683368724040599
0.0005405333303487818
0.00041878943039651127
0.00034592346793359166
0.0
0.0
0.0
0.0
0.0
0.0
0.0
0.0
0.00029258012930785904
0.00028898852458100315
0.0003310544736501919
0.0003870473240528995
0.00042953253403943425
0.00047101592200680665
0.0005097458301635017
0.0005329015925268075
0.0005388781117758096
0.0005382100663352946
0.0005638154450261232
0.0005832112171990909
0.0003438138391495428
0.0003114507881765554
8.965836316767737e-05
0.0
0.0
0.0
0.0
0.0
0.0
0.0
0.0
0.0
0.0
2.2265296418903706e-05
0.00026275862376373883
0.000252154472766326
0.0003311717545943477
0.000322485815377754
0.00030646889258965703
0.0003364141447347784
0.00037412451057181154
0.0003136971212362905
0.00035065057991961606
0.00033837255483257006
0.0003126733818383548
0.0003166740613276964
0.00014070637299275787
6.320680012472582e-05
0.0
0.0
0.0
0.0
0.0
0.0
0.0
0.0
0.0002704243080023222
0.0002871281715001829
0.00034351304369272683
0.0004556554342623548
0.0005336435660186244
0.0005917535291985571
0.0006304952993427868
0.0006873896550778103
0.0007196901399429073
0.000750699649699369
0.0007866906681192552
0.0007510914773919823
0.0006388821840476813
0.0005283424020171573
0.00043030380337985406
0.0003649365086749196
0.0
0.0
0.0
0.0
0.0
0.0
0.0
0.0
0.0002729862485319519
0.00028869776075788044
0.0003337898659667244
0.0004645729730975857
0.0005793139711001032
0.0006975357654902039
0.0007122236383799027
0.0007258070994585495
0.0007909358016098802
0.0008511870101102042
0.0009099622886871043
0.0009173926215298489
0.0008159883460026828
0.0006711245382950358
0.0005490534710798897
0.0005145002207616104
0.0
4.089169552846554e-05
3.49740652514986e-05
0.0
0.0
0.0
0.0
0.0
0.0003181739845720349
0.00032960479008059274
0.00047546262369350744
0.0006602596757229435
0.0007746471784135916
0.0008679822394146139
0.0009028150601346976
0.0009389155557288091
0.00098555819281625
0.0009780981526402931
0.0009335464359205958
0.0008528232651702076
0.000724306256135575
0.0006212930912195453
0.0005334597719704484
0.0004728793722114438
0.0
0.0
7.135136378247203e-05
0.0
0.0
0.0
0.0
0.0
0.00031947402597679703
0.0003194240297280606
0.00041642769869111454
0.000584714377848701
0.0007047956580900783
0.0007902490142862782
0.0008231394336288473
0.0008686525847715837
0.0009058971321973114
0.0008757058885018011
0.0008655030204794305
0.0008437404382238167
0.0006131999728179266
0.00041369466578424207
0.00034584047882806263
0.0003341893211478124
0.0
0.0
0.0
0.0
0.0
0.0
0.0
0.0
0.00030473444887546927
0.00029193319922325283
0.0003481418607747265
0.00045600984614987196
0.0006055223388203024
0.0006646341698897025
0.0006748023346011199
0.0007344717874723952
0.0007429696970777629
0.0007064469410054025
0.0007345380546769149
0.0007487055954742789
0.0006601327288127741
0.0005301425693913551
0.00044748201980080983
0.0004240920746340863
0.0
0.0
0.0
0.0
0.0
0.0
0.0
0.0
0.0003192255122348201
0.00031694422422491803
0.00036703430058342444
0.000425944805100501
0.00045945943394571406
0.00047143388899338026
0.0004929925507716917
0.0005294817171414579
0.0005312974837528103
0.0005309550681283152
0.0005479237933477845
0.0005363309314517995
0.0003103544999826923
0.00027084914702764113
0.0
0.0
0.0
0.0
0.0
0.0
0.0
0.0
0.0
0.0
0.0
2.4578831911247007e-05
0.00021504245189782564
0.00020383294224578127
0.0002666786806568287
0.000263934683036853
0.00026406568484931117
0.0002902086338032622
0.0003071875490890086
0.0002674363910850969
0.00031144348795838085
0.0003031574950131392
0.000268613089046098
0.00019674951130943942
0.0
0.0
0.0
0.0
0.0
0.0
0.0
0.0
0.0
0.0
0.0
0.0
0.00011703674921605895
0.00019597789459497046
0.00015737225938169608
0.0001100985646762864
0.0001532161990949007
0.00027110912084588073
0.0002761479432538945
0.00023550256429804325
0.0002968761492882446
0.0003114657077795461
0.00022094446398270853
0.00017749996332056252
0.0
0.0
0.0
0.0
0.0
0.0
0.0
0.0
0.0
0.0
3.495632683772156e-06
5.710206402654642e-05
0.0002630068671925159
0.0002966597822950448
0.0003662454152942763
0.0004813271871676698
0.0005362083356395537
0.0005429026809595043
0.0006049878273930827
0.0006495254468225681
0.0006220873132075228
0.0005331191564254286
0.00045342591629080303
0.0004193255499333655
0.0003745767974468027
0.0003192551351596639
0.0
0.0
0.0
0.0
0.0
0.0
0.0
0.0
0.000152700997822427
0.00023501616197680217
0.00027882640563913283
0.00035230266153676214
0.0004491114342973692
0.0005284027519382716
0.0005622766653740478
0.0005904004526138493
0.0006119991557827866
0.0006523434659968972
0.0006728780292507254
0.0006231169132360202
0.0004987846330939552
0.00042912699750932823
0.0003719431692239853
0.00032657968787585916
0.0
0.0
0.0
0.0
0.0
0.0
0.0
0.0
3.495865490026844e-06
0.00022075322963348662
0.00028753701411254347
0.00034739457455595907
0.0004521967013807378
0.0005461672455225223
0.0005809752059532109
0.0006248744758956294
0.0006635483169860318
0.0006943102496604383
0.0007163577049978579
0.0006978309636065967
0.0005887580026241512
0.0004728985333728164
0.00041323715943507354
0.0003624960547631239
0.0
0.0
0.0
0.0
0.0
0.0
0.0
0.0
0.00022036632918238683
0.00023508267193884344
0.0002775149658569028
0.00035972357779654986
0.00047139395273552835
0.0005604262381290206
0.000576867781598619
0.0006332746409918477
0.0006642353767690941
0.0006149431567735827
0.0005813699336346929
0.0005691002665539958
0.0005058668018175345
0.000427429397681115
0.0003425992241222694
0.00030685681115147514
0.0
0.0
0.0
0.0
0.0
0.0
0.0
0.0
0.0
0.0002232893964246769
0.00031890194497144844
0.0003850220541345708
0.0004500368447770966
0.0005178909791473166
0.000567716698853587
0.0005996181722537799
0.0005752024152512811
0.0005648292193665829
0.0005327731339706799
0.0004998049164474061
0.0
0.0
0.0
0.0
0.0
0.0
0.0
0.0
0.0
0.0
0.0
0.0
0.0
0.0
0.0
0.0
0.0
0.0
0.00013676234204961906
0.00020709224477643466
0.00026758272565049145
8.886280267020991e-05
0.0
0.0
0.0
0.0
0.0
0.0
0.0
0.0
0.0
0.0
0.0
0.0
0.0
0.0
0.0
0.0
6.816982767894344e-05
0.00013857245585813997
0.00023305975782342
0.00028150647150676245
0.0002993781050110853
0.0003541775268681072
0.0004357439604758568
0.000553580422482366
0.000563457062671825
0.0005199035027781617
0.00045132862219901516
0.0003390487134107223
0.0003054376059196257
0.0002811998501448854
0.0
0.0
0.0
0.0
0.0
0.0
0.0
0.0
0.0
0.0
0.0
5.785400496284074e-05
0.00020039730413102706
0.00028429728570320635
0.00030814943622304414
0.0003198397091511429
0.0003599996948107949
0.0003933735005871539
0.0004281295289744579
0.00042993433173243436
0.0003695376811646197
0.00031052164269516105
0.00030115108179001345
0.00022779224018048636
0.0
0.0
0.0
0.0
0.0
0.0
0.0
0.0
0.0
6.423693980039807e-05
0.00023366065157074761
0.0002913224735705032
0.00038003553502344935
0.00045852849680491685
0.000489900318957742
0.0005318081137793081
0.0005517160444267948
0.0005676259649628161
0.0005591604293775293
0.0005042921440623411
0.0004060994029719513
0.00031809823165370626
0.00027493253746955115
0.0002592199392458768
0.0
0.0
0.0
0.0
0.0
0.0
0.0
0.0
0.0
0.0
0.0001472869165095551
0.00023647820971367143
0.0002581157183726048
0.00029215126868889653
0.0003347772679772745
0.0003996950309721208
0.0004314102056629119
0.00041603715108722104
0.0003957125017954642
0.00034874803666011723
0.0003090896363882817
0.00029874052451075
0.00025474678359676926
0.00021400249802868286
0.0
0.0
0.0
0.0
0.0
0.0
0.0
0.0
8.292883836888028e-05
0.0
0.00015343777667522156
0.00020849558873645867
0.00027537381581359017
0.000299073803673999
0.0003068149068105014
0.000321998484948546
0.000317172206056315
0.0003114832023330751
0.00029091783173644124
0.00023677541219580805
0.0002206892443913141
0.00017214154023180737
9.144958674343438e-05
0.00011150344319633367
0.0
0.0
0.0
0.0
0.0
0.0
0.0
0.0
0.0
0.0
6.777762459469209e-05
0.00022577954450931235
0.0003041442579027072
0.0003106998401296473
0.0003178727304107007
0.0003329239663286057
0.00033677396045727676
0.00035479524648203913
0.00036143922942905786
0.000350328752785722
0.00014626944329914208
0.0
0.0
0.0
0.0
0.0
0.0
0.0
0.0
0.0
0.0
0.0
0.0
0.0
6.165679426029575e-05
0.00023374295605713315
0.00018661721332334988
0.00018430929024830408
0.00025482707760754637
0.0003005326588926522
0.0002883288503604099
0.0002706204332787188
0.00028776052490530495
0.00029472936674694155
0.0002497132755468016
3.792873253761046e-05
0.0
0.0
0.0
0.0
0.0
0.0
0.0
0.0
0.0
0.0
0.0
0.00012085303701456855
0.000262282036764574
0.0002870558158196176
0.00034886897830544827
0.0004100806037949207
0.00045036610301629835
0.00046875799951293876
0.0004824668045357345
0.0005071393027284617
0.0004938781827972591
0.00044741612142905595
0.0003894482349192584
0.0003493211996451977
0.0003196643454134241
0.0003012834946980986
0.0
0.0
0.0
0.0
0.0
0.0
0.0
0.0
0.0
0.0
0.0
0.0
0.0
0.0
0.0
0.0
0.0
0.0
0.0
0.0
0.0
0.0
0.0
0.0
0.0
0.0
0.0
0.0
0.0
0.0
0.0
0.0
0.0
0.0
0.0
0.0
0.0
0.0001395635277667953
0.00025066116359926657
0.000279317351098897
0.0002876620931782647
0.0003058778093773848
0.00032004080711242985
0.00032043271606772584
0.0002982374817777043
0.00029478407881692567
0.0002716295645710167
0.00020702668017469043
0.0
0.0
0.0
0.0
0.0
0.0
0.0
0.0
0.0
0.0
3.1522670775818e-05
0.0001842858555929803
0.0002477535821349285
0.0002813809372161405
0.0002867452643323424
0.00030232431889001485
0.00031547300932197915
0.0003157033688108799
0.0003105082870913557
0.0002942021971640121
0.0002853934663433336
0.000241148088015761
0.0001632934377249246
0.00011513973470637676
0.0
0.0
0.0
0.0
0.0
0.0
0.0
0.0
0.0
0.0
8.646862642844281e-05
0.00024409519373757996
0.00028917170785697894
0.00034832826172111696
0.00038770127855331367
0.0004386935514296386
0.00047720631377221956
0.0004953514329202756
0.0004776993921730946
0.0004220852960871011
0.00033921068284354923
0.00028849390380708914
0.0002515714229785549
0.00011281292982910767
0.0
0.0
0.0
0.0
0.0
0.0
0.0
0.0
0.0
0.0
1.2099306071199381e-05
8.864707868508157e-05
0.00018135615422794465
0.0002159339428068806
0.00025779469989289054
0.00026939344744941903
0.00027753529184123025
0.0002913103116912916
0.0002945400723583573
0.00029489603033595906
0.0
0.0
0.0
0.0
0.0
0.0
0.0
0.0
0.0
0.0
0.0
0.0
0.0
0.0
0.0
0.0
0.0
6.725616628087479e-05
0.00021954963796455516
0.0001845522984016941
0.00025452432125336826
0.00023507531515593204
0.00021184883696938125
0.0002656367253993947
8.196425122457103e-05
0.0
0.0
0.0
0.0
0.0
0.0
0.0
0.0
0.0
0.0
0.0
2.742973374805143e-05
0.00011107346475194895
0.0002650388807957825
0.00030895597945719886
0.0003797934831327807
0.000418643349426498
0.0004474604438527527
0.00047327465627477317
0.0004842541205378791
0.0004805733635472115
0.0004894168358813591
0.00048772757327388407
0.00043248670583787767
0.000360091414074606
0.0003217506722172993
0.00031525229844232605
0.0
0.0
0.0
0.0
0.0
0.0
0.0
0.0
0.0
0.0
0.0
0.0
0.0
0.0
0.0
0.0
0.0
0.0
0.0
0.0
0.0
0.0
0.0
0.0
0.0
0.0
0.0
0.0
0.0
0.0
0.0
0.0
0.0
0.0
0.0
0.0
0.0
0.0
0.00018015973301110596
0.00026634522368991395
0.000281586027856458
0.00029491344144281064
0.00030982849047781375
0.0003083700266921343
0.00028352825011366574
0.0002090060366530007
0.00011480839420569015
2.4253497876429696e-05
0.0
0.0
0.0
0.0
0.0
0.0
0.0
0.0
0.0
0.0
1.0920455501742765e-05
0.00019979860532862232
0.00028978848732155266
0.00035206915039448587
0.00040503047649836937
0.00044576620452132024
0.0004718287737050316
0.0004893777590250644
0.0004891808831450723
0.00043159383411165895
0.00035403223642377075
0.0002980173918413394
0.0002723617793904744
0.000262408022527136
0.0
0.0
0.0
0.0
0.0
0.0
0.0
0.0
0.0
0.0
3.1898008305787615e-05
0.0002235634200629806
0.000270566491583013
0.0003246579879089884
0.0003846988481852526
0.00044325496525990236
0.00047902079846763145
0.0004940774358867088
0.00048176739305947974
0.00039434083410962265
0.0003216864245898267
0.0002904156380393118
0.00027160080958597697
0.00016799979753721672
0.0
0.0
0.0
0.0
0.0
0.0
0.0
0.0
0.0
0.0
0.00019582022549156442
0.00027130272887962393
0.0003234281150785414
0.0003864249939678771
0.0004198311315832636
0.00042639869679779663
0.00042025366503648507
0.0004112957265737737
0.0004010417599879266
0.0003857605598047507
0.0
0.0
0.0
0.0
0.0
0.0
0.0
0.0
0.0
0.0
0.0
0.0
0.0
0.0
2.4777058608265783e-05
0.0002634163542481116
0.00026326983653132447
0.0002875049907457562
0.0003198008618871592
0.0003342785641238132
0.00030192961591280046
0.00033993884830477546
0.0003176025183305983
0.00028411746360521
0.00014322398884032862
0.0
0.0
0.0
0.0
0.0
0.0
0.0
0.0
0.0
0.0
0.0
0.00020194589554884955
0.00020419244034006426
0.0002733147371396291
0.0002976376830310338
0.00030611298374539817
0.0003115262064662629
0.0003096740399244856
0.00027704926566876896
0.00018573192768649605
9.433780505313748e-05
0.0
0.00013031884212754712
9.720188096236616e-05
2.4001851837129832e-05
0.0
0.0
0.0
0.0
0.0
0.0
0.0
0.0
0.0
0.0
0.0
0.0
0.0
0.0
0.0
5.177727510676407e-05
0.00015497793418996702
0.0002474746604809564
0.00026275705704208917
0.00026703214609644164
0.00026719991198358335
0.0002643977571474883
0.0002593596695793733
0.00023027726594628578
0.00018614167331387166
0.00016375676650975393
0.0
0.0
0.0
0.0
0.0
0.0
0.0
0.0
0.00017113931625629026
0.0001491919339225424
0.00023281494475415555
0.000271453429032085
0.00031685319165497886
0.00038374664076164234
0.00040168689730695536
0.00040328574233044676
0.0004082162835918179
0.0004333031121408032
0.0004782620012846053
0.0004623302672023185
0.0003763520392495903
0.00030395644793081465
0.00016646479705971143
0.00013054943044459006
0.0
0.0
0.0
0.0
0.0
0.0
0.0
0.0
0.0
7.319644769137022e-05
0.00022624260470990206
0.0002724978416547539
0.00035947137020551055
0.00043870319056756924
0.0004656052307642824
0.0005095880374682077
0.0005498026345892188
0.0005872956460167421
0.0006134804489848865
0.000566156868681636
0.0004223591944720928
0.000309157873641196
0.0002820841142406326
0.0002451194424796582
0.0
0.0
0.0
0.0
0.0
0.0
0.0
0.0
6.923654469874298e-06
0.0
0.0
0.0
0.0
2.4302977465549536e-05
0.0001694743501000774
0.0002690816903192855
0.00031750384943795304
0.00037377865876952717
0.0003817227436624792
0.0003122219521046988
0.00016806465073332716
0.0
0.0
0.0
0.0
0.0
0.0
0.0
0.0
0.0
0.0
0.0
0.0
0.0
0.0
0.0
0.0
0.0
0.0
0.0
0.0
0.0
0.0
0.0
0.0
0.0
0.0
0.0
0.0
0.0
0.0
0.0
0.0
0.0
0.0
0.0
0.0
0.0
0.0
0.0
0.0
0.0
0.0
0.0
0.0
0.0
0.0
0.0
0.0
0.0
0.0
0.0
0.0
0.0
1.374876985042667e-05
0.0
0.0
0.0
0.0
0.0
0.0
0.0
0.0
0.0
0.0
0.0
0.0
0.0
0.0
0.0
0.0
0.0
0.0
0.0
0.0
0.0
0.0
0.0
0.0
0.0
0.0
0.0
0.0
0.0
0.0
0.0
1.6225755621431146e-05
6.385866077433432e-05
0.00023028893911802465
0.00026476688881980155
0.0002956106998345589
0.0003296752297229431
0.00034698057261245944
0.0003538276649284616
0.00035589863403993514
0.00034141311163612276
0.0002919338292331658
0.00027481154380577127
0.00012784714158316636
0.0
0.0
0.0
0.0
0.0
0.0
0.0
0.0
0.0
0.0
0.0
0.0
0.0
0.0
0.0
0.0
0.0
0.0
0.0
0.0
0.0
0.0
0.0
0.0
0.0
0.0
0.0
0.0
0.0
0.0
0.0
0.0
0.0
0.0
0.0
0.0
0.0
0.0
0.0001529705449573708
0.0002355562412065413
0.0002549233631506616
0.00026803092352559025
0.00026183225842811163
0.00025798900669281424
0.00025932414706194814
0.00023400845874783344
0.00011026284610177683
0.0
0.0
0.0
0.0
0.0
0.0
0.0
0.0
0.0
0.0
0.0
0.0
0.0
6.899954220650235e-05
0.00023189210132720545
0.00027411688768193575
0.0003102786756822395
0.00032796377242458666
0.00034061020615295244
0.0003256629016472919
0.0003258953521178978
0.0003141796494833687
0.0002746467855625104
0.0002605098926645778
0.00018524093324238065
0.0
0.0
0.0
0.0
0.0
0.0
0.0
0.0
0.0
0.0
0.0
0.0
0.0
0.0
2.4627114847402157e-05
0.00010582881035336856
0.0001528190654883888
0.00024819299472985735
0.00026539372734737964
0.000268341991630286
0.00022798308865200933
0.0
0.0
0.0
0.0
0.0
0.0
0.0
0.0
0.0
0.0
0.0
0.0
0.0
0.0
0.0
0.0
0.0
0.00012661759961877923
0.00016083129843088393
0.0002530427045176907
0.0002494722383427331
0.0002025489257296974
0.00024327573451343257
0.00025273773817635425
0.0
0.0
0.0
0.0
0.0
0.0
0.0
0.0
0.0
0.0
0.0
0.0
3.5567180537730636e-06
0.0
8.027985440580932e-05
0.00026110304817286955
0.00028617381999711635
0.000349970981930373
0.00038961537926938435
0.00041730417829403347
0.0004237987281456737
0.0004210821489297554
0.0004161602675827609
0.00038437785534536613
0.00033050413877135635
0.00027724464218548757
0.0002631918202220324
0.00010632047977616926
0.0
0.0
0.0
0.0
0.0
0.0
0.0
0.0
0.0
0.0
0.0
0.0
0.0
0.0
0.0
0.0
0.0
2.4306042193138934e-05
0.0
0.0
0.0
0.0
0.0
0.0
0.0
0.0
0.0
0.0
0.0
0.0
0.0
0.0
0.0
0.0
0.0
3.051817107816049e-05
0.0002183355851851257
0.000254007009013183
0.0002628806928482186
0.00026519954191296793
0.00026460924012242966
0.0002634039192434437
0.0002162339721705288
0.0001735408122238877
5.74412333983276e-05
0.0
0.0
0.0
0.0
0.0
0.0
0.0
0.0
0.0
0.0
0.0
0.0
0.0
3.52982598009421e-05
0.00023441371953186925
0.0002822697210613628
0.0003382902665749028
0.0003778577617978915
0.0003866016197792721
0.00035021955369164324
0.0002998136057744656
0.0002807364573850121
0.00023342664353516562
0.00013502736711748837
7.361655198641901e-05
0.0
0.0
0.0
0.0
0.0
0.0
0.0
0.0
0.0
0.0
0.0
0.0
0.0
0.0
0.0
0.0
0.0
0.0
0.0
0.0
0.0
0.0
0.0
0.0
0.0
0.0
0.0
0.0
0.0
0.0
0.0
0.0
0.0
0.0
0.0
0.0
0.0
0.0
0.0
0.0
0.0
0.0
0.0
3.543877172030664e-05
0.0
0.0
0.0
0.0
0.0
0.0
0.0
0.0
0.0
0.0
0.0
0.0
0.0
0.0
0.0
0.0
0.0
0.0
0.0
0.0
6.902862265588135e-05
0.000220160095956494
0.00022312011187085198
0.00019695818890177783
0.00012149629024979535
0.0
0.0
0.0
0.0
0.0
0.0
0.0
0.0
0.0
0.0
0.0
0.0
0.0
0.0
0.0
0.0
0.0
0.0
0.0
0.00013783073652730605
0.00015384950017634355
0.00019689830762183565
0.00024585682736887304
0.0002248267726910504
0.0001118270770657697
0.0
0.0
0.0
0.0
0.0
0.0
0.0
0.0
0.0
0.0
0.0
0.0
0.0
0.0
0.0
0.0
0.0
0.0
2.4326392427091972e-05
0.00012556430415433563
0.00019327013724560718
0.0002622593860304521
0.00026943974128341926
0.0001917030405770384
2.907639157232664e-05
0.0
0.0
2.4252693687865282e-05
0.0
0.0
0.0
0.0
0.0
0.0
0.0
0.0
0.0
0.0
0.0
9.817461464898688e-05
0.00024028415670208556
0.00027838439558978484
0.00032644654866833487
0.0003649218298982489
0.0003937101520014272
0.00041401030113706274
0.0004308405710552284
0.0003729512740685385
0.000285678050303156
0.0001886863742573279
9.094989240688792e-05
0.0
0.0
0.0
0.0
0.0
0.0
0.0
0.0
0.0
0.0
0.0
3.008033735733643e-05
0.00021210502900699058
0.00027017311904238415
0.00035171331988017495
0.00040392063108293655
0.0004297659899556018
0.0004387827151589041
0.00043627394953193793
0.00041672366103576196
0.00035023150730213113
0.0002858352128762002
0.0002692994131054808
0.00023804063336722186
0.00016154537679024356
0.0
0.0
0.0
0.0
0.0
0.0
0.0
0.0
0.0
0.0
0.0
0.0
5.572118144633837e-05
0.0001655450669808184
0.00024937317106903323
0.00027197617145165176
0.00029834365705783464
0.0003119585596843048
0.00031398982701397166
0.00028259887979672924
0.0002478452348189672
6.82324224799712e-05
0.0
0.0
0.0
0.0
0.0
0.0
0.0
0.0
0.0
0.0
0.0
0.0
6.308877653040668e-05
0.0002194551127953122
0.0002690475140427231
0.00033164752960482854
0.0003831194155128333
0.00040413840307204315
0.0004115629548061453
0.00040922417064279994
0.00039786177071579983
0.0003661448704678417
0.0
0.0
0.0
0.0
0.0
0.0
0.0
0.0
0.0
0.0
0.0
0.0
0.0
0.0
0.0
0.0
0.00012072294880786238
0.0002540312221073865
0.0002605168689175952
0.0002547057046593581
0.0002784594496884219
0.0002926220615102709
0.00024221146238376717
0.0002528647101176155
6.621415924709449e-05
0.0
0.0
0.0
0.0
0.0
0.0
0.0
0.0
0.0
0.0
0.0
0.0
0.0
0.0
0.00014275673117073598
0.0002634557805011316
0.00029786996280949644
0.00033819980483697454
0.0003601110977386147
0.00037108858284489924
0.0003934012896909498
0.00040198034958800044
0.0003378097176791747
0.0002757760092340592
0.00014981849304137492
0.0
2.42540122906089e-05
0.0
0.0
0.0
0.0
0.0
0.0
0.0
0.0
0.0
0.0
0.0
0.00017483449453400556
0.0002550322335677081
0.00028153540736497294
0.0003186954456804037
0.00035296923082216625
0.0003537014930984283
0.00034405578595051876
0.00033365556369265763
0.0003053473092603519
0.00026618040456576357
0.000172320413568914
0.00010263539275900298
0.0
0.0
0.0
0.0
0.0
0.0
0.0
0.0
0.0
0.0
0.0
5.614269487349638e-06
0.0
0.0
0.0
0.0
0.0
6.178621965734134e-05
1.6392203394079206e-05
0.0
0.0
0.0
0.0
0.0
0.0
0.0
0.0
0.0
0.0
0.0
0.0
0.0
0.0
0.0
6.556966669690136e-10
0.0
0.0
0.0
0.0
0.0
0.0
0.0
0.0
0.0
0.0
0.0
0.0
0.0
0.0
0.0
0.0
0.0
0.0
0.0
0.0
0.0
0.0
0.0
0.0
0.0
0.0
0.0
1.006511693667625e-05
0.000137598422127269
0.00020453840537157614
0.00024054135826127287
0.00024643928393785293
0.0002473707693973341
0.00021323661021251428
0.00016937530789109588
0.00013411478748932994
8.023509071341227e-05
0.0
0.0
0.0
0.0
0.0
0.0
0.0
0.0
0.0
1.890657184834035e-06
0.0
4.9478047052695995e-06
6.486584129628799e-05
0.00019100163656687397
0.00024948169705513477
0.0002612131095703816
0.0002833337298077201
0.00030613016436794487
0.00029750921694302924
0.0002669593585059464
0.00025032410477445616
0.0
0.0
0.0
0.0
0.0
0.0
0.0
0.0
0.0
0.0
0.0
0.0
0.0
0.0
0.0
0.0
0.0
0.0
0.0
0.0
0.0
0.0
0.0
0.0
0.0
0.0
0.0
0.0
0.0
0.0
0.0
0.0
0.0
0.0
0.0
0.0
0.0
0.0
0.0
0.0
0.0
0.0
0.0
0.0
0.0
0.0
0.0
0.0
0.0
0.0
0.0
0.0
0.0
0.0
0.0
0.0
0.0
0.0
0.0
0.0
0.0
0.0
0.0
8.112296891595189e-06
0.0
0.0
0.0
8.823197426517029e-05
0.00017908555280098315
0.00017718798297553152
5.3649016088795824e-05
0.0
0.0
0.0
0.0
0.0
0.0
0.0
0.0
0.0
0.0
0.0
0.0
0.0
0.0
0.0
0.0
0.0
0.0
0.00015758332552250187
0.00021192100420265513
0.00022771523370862848
0.00024315788586864664
0.00019112434499384283
5.502910072635866e-05
0.0
0.0
0.0
0.0
0.0
0.0
0.0
0.0
0.0
0.0
0.0
0.0
0.0
0.0
0.0
0.0
0.0
0.0
0.0
0.0
0.0
0.0
0.0
0.0
0.0
0.0
0.0
0.0
0.0
0.0
0.0
0.0
0.0
0.0
0.0
0.0
0.0
0.0
0.0
0.0
0.0
0.0001701945344354737
0.000245541758238215
0.0002770971233489362
0.0003069155668886405
0.00033129980019799913
0.0003169327609340093
0.0002713141375810818
0.0002310264863849028
0.00014684479031202698
7.946469855057272e-05
0.0
0.0
0.0
0.0
0.0
0.0
0.0
0.0
0.0
0.0
0.0
0.0
0.0
0.0
0.0
0.0
0.0
0.0
0.0
0.0
0.0
0.0
0.0
0.0
0.0
0.0
0.0
0.0
0.0
0.0
0.0
0.0
0.0
0.0
0.0
0.0
0.0
0.0
0.0
0.0
7.62751057764541e-05
0.00019363886985249208
0.0001937088482809091
0.00013107504678536522
0.0
0.0
0.0
0.0
0.0
0.0
0.0
0.0
0.0
0.0
0.0
0.0
0.0
0.0
0.0
0.0
0.0
6.0722042323253604e-05
4.8468081430643327e-05
0.0
0.00011658883676001538
0.00015040307076395325
0.00017732754809674376
0.00015100941425951028
2.7452006416112085e-05
0.0
0.0
0.0
0.0
0.0
0.0
0.0
0.0
0.0
0.0
0.0
0.0
0.0
0.0
0.0
0.0
0.0
0.0
0.0
0.0
0.0
5.595136039395004e-05
2.5317333994722313e-05
0.0
0.0
0.0
0.0
0.0
0.0
0.0
0.0
0.0
0.0
0.0
0.0
0.0
0.0
0.0
0.0
0.0
0.0
0.0
0.0
0.0
0.0
0.0
0.0
0.0
0.0
0.0
0.0
0.0
8.493565532330607e-06
0.0
0.0
0.0
0.0
0.0
0.0
0.0
0.0
0.0
0.0
0.0
0.0
0.0
0.0
0.0
0.0
0.0
0.0
0.0
0.0
0.0
0.0
0.0
0.0
0.0
0.0
0.0
0.0
0.0
0.0
0.0
0.0
0.0
0.0
0.0
0.0
0.0
0.0
0.0
0.0
0.0
0.0
0.0
0.0
0.0
0.0
0.0
0.0
0.0
0.0
0.0
0.0
0.0
0.0
0.0
0.0
3.487372507481489e-10
0.0
0.0
0.0
0.0
0.0
0.0
0.0
0.0
0.0
0.0
0.0
0.0
0.0
0.0
0.0
0.0
0.0
0.0
0.0
0.0
0.0
0.0
0.0
0.0
0.0
0.0
0.0
0.0
0.0
0.0
0.0
0.0
0.0
0.0
0.0
0.0
3.625307029801483e-10
0.0
0.0
0.0
2.2835127735874689e-10
0.0
0.0
0.0
9.407093452138246e-10
0.0
0.0
6.939371904801573e-10
0.0
0.0
0.0
0.0
0.0
3.923467169911082e-06
6.113557877008765e-05
0.000172489163247986
0.00014388784378813267
2.412156110746519e-05
0.0
0.0
0.0
0.0
0.0
0.0
0.0
0.0
0.0
0.0
0.0
0.0
0.0
0.0
0.0
0.0
0.0
0.0
0.0
0.0
0.0
0.0
0.0
0.0
0.0
0.0
0.0
0.0
0.0
0.0
0.0
0.0
0.0
0.0
0.0
0.0
0.0
0.0
3.5161802328872316e-06
0.0
0.0
0.0
0.0
0.0
0.0
0.0
0.0
0.0
0.0
0.0
0.0
0.0
0.0
0.0
0.0
0.0
0.0
0.0
0.0
0.0
0.0
0.0
0.0
1.0702811789590903e-05
0.0
0.0
0.0
0.0
0.0
0.0
0.0
0.0
0.0
0.0
0.0
0.0
0.0
0.0
0.0
0.0
1.3650657766298766e-06
0.0
3.64141963376284e-06
0.0
0.0
0.0
0.0
0.0
0.0
0.0
0.0
0.0
0.0
0.00016178716747460617
0.00014877085892751695
2.433428605450118e-05
0.0
0.0
0.0
0.0
0.0
0.0
0.0
0.0
0.0
0.0
0.0
0.0
0.0
0.0
0.0
0.0
0.0
0.0
0.0
0.0
0.00010959921672604578
0.0001567161823260308
7.07616773889076e-05
0.0
0.0
0.0
0.0
0.0
0.0
0.0
0.0
0.0
0.0
0.0
0.0
0.0
0.0
0.0
0.0
0.0
0.0
0.0
0.0
0.0
0.0
0.0
0.0
0.0
0.0
0.0
0.0
0.0
0.0
0.0
0.0
0.0
0.0
5.887761313905347e-06
0.0
0.0
0.0
0.0
0.0
0.0
0.0
0.0
5.7365338055979095e-05
8.06665906592715e-05
0.0
0.0
0.0
0.0
0.0
0.0
0.0
0.0
0.0
0.0
0.0
0.0
0.0
0.0
0.0
0.0
0.0
0.0
0.0
0.0
0.0
0.0
0.0
0.0
0.0
0.0
0.0
0.0
0.0
0.0
0.0
0.0
0.0
0.0
0.0
0.0
0.0
0.0
0.0
0.0
0.0
0.0
0.0
0.0
0.0
0.0
0.0
0.0
0.0
0.0
0.0
0.0
0.0
0.0
0.0
0.0
0.0
0.0
0.0
0.0
0.0
0.0
0.0
0.0
0.0
0.0
0.0
0.0
0.0
0.0
0.0
0.0
0.0
0.0
0.0
0.0
0.0
0.0
0.0
0.0
0.0
0.0
0.0
0.0
0.0
0.0
0.0
0.0
0.0
0.0
0.0
0.0
0.0
0.0
0.0
0.0
0.0
0.0
0.0
0.0
0.0
0.0
0.0
0.0
0.0
0.0
0.0
0.0
0.0
0.0
0.0
0.0
0.0
0.0
0.0
0.0
0.0
0.0
0.0
0.0
0.0
0.0
0.0
0.0
0.0
0.0
0.0
0.0
0.0
0.0
0.0
0.0
0.0
0.0
0.0
0.0
0.0
0.0
0.0
0.0
0.0
0.0
0.0
2.1929095096771972e-05
0.0
0.0
0.0
0.0
0.0
0.0
0.0
0.0
0.0
0.0
0.0
0.0
0.0
0.0
5.404199243781707e-07
0.0
0.0
0.0
0.0
0.0
0.0
0.0
0.0
0.0
0.0
0.0
0.0
0.0
0.0
0.0
0.0
0.0
0.0
0.0
0.0
0.0
0.0
0.0
0.0
0.0
0.0
0.0
0.0
0.0
0.0
0.0
0.0
1.667285642294401e-05
0.00012417520725449592
3.158523372636849e-05
0.0
0.0
0.0
0.0
0.0
0.0
0.0
0.0
0.0
0.0
0.0
0.0
0.0
0.0
0.0
0.0
0.0
0.0
0.0
0.0
0.0
0.0
0.0
0.0
0.0
0.0
0.0
0.0
0.0
0.0
0.0
0.0
0.0
0.0
0.0
0.0
0.0
0.0
0.0
0.0
0.0
0.0
0.0
0.0
0.0
0.0
0.0
0.0
0.0
0.0
0.0
0.0
0.0
0.0
0.0
0.0
0.0
0.0
0.0
0.0
0.0
0.0
0.0
0.0
0.0
0.0
0.0
0.0
0.0
0.0
0.0
0.0
0.0
0.0
0.0
0.0
0.0
0.0
0.0
0.0
0.0
0.0
0.0
0.0
0.0
0.0
0.0
0.0
0.0
0.0
0.0
0.0
0.0
0.0
0.0
0.0
0.0
0.0
0.0
0.0
0.0
0.0
0.0
0.0
0.0
0.0
2.4454209602266853e-09
2.4925123044044565e-10
0.0
0.0
0.0
0.0
0.0
0.0
0.0
1.85473392494843e-10
0.0
0.0
0.0
6.094298721003755e-10
0.0
0.0
0.0
0.0
0.0
0.0
0.0
0.0
0.0
0.0
0.0
0.0
0.0
0.0
0.0
0.0
0.0
0.0
0.0
0.0
0.0
0.0
0.0
0.0
0.0
0.0
0.0
0.0
0.0
0.0
0.0
0.0
0.0
0.0
0.0
0.0
0.0
0.0
2.0623005662954705e-10
0.0
0.0
0.0
0.0
0.0
0.0
0.0
0.0
0.0
0.0
0.0
0.0
0.0
0.0
0.0
0.0
0.0
0.0
0.0
0.0
0.0
0.0
0.0
0.0
0.0
0.0
0.0
0.0
0.0
0.0
0.0
0.0
0.0
0.0
0.0
0.0
0.0
0.0
0.0
0.0
0.0
0.0
0.0
0.0
3.60821979406129e-10
0.0
0.0
0.0
0.0
0.0
0.0
0.0
0.0
0.0
0.0
0.0
0.0
0.0
0.0
0.0
0.0
0.0
0.0
0.0
0.0
0.0
0.0
0.0
0.0
0.0
0.0
0.0
0.0
0.0
0.0
0.0
0.0
0.0
0.0
0.0
0.0
0.0
0.0
0.0
0.0
0.0
0.0
0.0
0.0
0.0
0.0
0.0
0.0
0.0
0.0
0.0
0.0
0.0
0.0
0.0
0.0
0.0
0.0
0.0
0.0
0.0
0.0
0.0
0.0
0.0
0.0
0.0
0.0
0.0
0.0
0.0
0.0
0.0
0.0
0.0
0.0
0.0
0.0
0.0
0.0
0.0
0.0
0.0
0.0
0.0
0.0
0.0
0.0
0.0
0.0
0.0
0.0
0.0
5.593010225092108e-10
0.0
0.0
0.0
0.0
0.0
0.0
0.0
0.0
0.0
0.0
0.0
0.0
0.0
0.0
0.0
0.0
0.0
0.0
0.0
0.0
0.0
0.0
0.0
0.0
0.0
0.0
0.0
0.0
0.0
0.0
0.0
0.0
0.0
0.0
0.0
0.0
0.0
0.0
0.0
0.0
0.0
0.0
0.0
0.0
0.0
0.0
0.0
0.0
0.0
0.0
0.0
0.0
0.0
0.0
0.0
0.0
2.5391956812886683e-10
0.0
0.0
0.0
0.0
0.0
0.0
0.0
0.0
0.0
0.0
0.0
0.0
0.0
0.0
0.0
0.0
0.0
0.0
0.0
0.0
0.0
0.0
0.0
0.0
0.0
0.0
0.0
6.801964232877907e-06
0.00011924390863346062
0.00022067742553549228
0.00022660968480775164
8.066750533341521e-05
0.0
0.0
0.0
0.0
0.0
0.0
0.0
0.0
0.0
0.0
0.0
0.0
0.0
0.0
0.0
0.0
0.0
0.0
0.0
0.0
0.0
0.0
0.0
0.0
0.0
0.0
0.0
0.0
0.0
0.0
0.0
0.0
0.0
0.0
0.0
0.0
0.0
0.0
0.0
0.0
0.0
0.0
0.0
0.0
0.0
0.0
0.0
0.0
0.0
0.0
0.0
0.0
0.0
0.0
0.0
0.0
0.0
0.0
0.0
0.0
0.0
2.105138855176486e-05
0.0
0.0
0.0
0.0
0.0
0.0
0.0
0.0
0.0
0.0
0.0
0.0
0.0
0.0
0.0
0.0
0.0
0.0
0.0
0.0
0.0
0.0
0.0
0.0
0.0
0.0
0.0
0.0
0.0
0.0
0.0
0.0
0.0
0.0
0.0
0.0
0.0
0.0
0.0
0.0
0.0
0.0
0.0
0.0
0.0
0.0
0.0
0.0
0.0
0.0
0.0
0.0
0.0
0.0
0.0
0.0
0.0
0.0
0.0
0.0
0.0
0.0
0.0
0.0
0.0
0.0
0.0
0.0
0.0
0.0
0.0
0.0
0.0
0.0
0.0
0.0
0.0
0.0
0.0
0.0
0.0
0.0
0.0
0.0
0.0
0.0
0.0
0.0
0.0
0.0
0.0
0.0
0.0
0.0
0.0
0.0
0.0
0.0
0.0
0.0
0.0
0.0
0.0
0.0
0.0
0.0
0.0
0.0
0.0
0.0
0.0
0.0
0.0
0.0
0.0
0.0
0.0
0.0
0.0
0.0
0.0
3.872836282299237e-06
0.0
0.0
0.0
0.00012034047815360933
3.464069140967991e-05
0.00011826364970120182
7.364858844704876e-05
0.0
0.0
0.0
0.0
0.0
0.0
0.0
0.0
0.0
0.0
0.0
0.0
0.0
0.0
0.0
0.0
0.0
0.0
0.0
5.430247558414325e-05
0.00011756819054703293
5.103063520568925e-05
0.0
0.0
0.0
0.0
0.0
0.0
0.0
0.0
0.0
0.0
0.0
0.0
0.0
0.0
0.0
0.0
0.0
0.0
0.0
0.0
0.0
0.0
0.0
0.0
0.0
0.0
0.0
0.0
0.0
0.0
0.0
0.0
0.0
0.0