0.0
0.0
0.0
0.0
0.0
0.0
0.0
0.0
0.0
0.0
0.0
0.0
0.0
0.0
0.0
0.0
0.0
0.0
0.0
0.0
0.0
0.0
0.0
0.0
0.0
0.0
0.0
0.0
0.0
0.0
0.0
0.0
0.0
0.0
0.0
0.0
0.0
0.0
0.0
0.0
0.0
0.0
0.0
0.0
0.0
0.0
0.0
0.0
0.0
0.0
0.0
0.0
0.0
0.0
0.0
0.0
0.0
0.0
0.0
0.0
0.0
0.0
0.0
0.0
0.0
0.0
0.0
0.0
0.0
0.0
0.0
0.0
0.0
0.0
0.0
0.0
0.0
0.0
0.0
0.0
0.0
0.0
0.0
0.0
0.0
0.0
0.0
0.0
0.0
0.0
0.0
0.0
0.0
0.0
0.0
0.0
0.0
0.0
0.0
0.0
0.0
0.0
0.0
0.0
0.0
0.0
0.0
0.0
0.0
0.0
0.0
0.0
0.0
0.0
0.0
0.0
0.0
0.0
0.0
0.0
0.0
0.0
0.0
0.0
0.0
0.0
0.0
0.0
0.0
0.0
0.0
0.0
0.0
0.0
0.0
0.0
0.0
0.0
0.0
0.0
0.0
0.0
0.0
0.0
0.0
0.0
0.0
0.0
0.0
0.0
0.0
0.0
0.0
0.0
0.0
0.0
0.0
0.0
0.0
0.0
0.0
0.0
0.0
0.0
0.0
0.0
0.0
0.0
0.0
0.0
0.0
0.0
0.0
0.0
0.0
0.0
0.0
0.0
0.0
0.0
0.0
0.0
0.0
0.0
0.0
0.0
0.0
0.0
0.0
0.0
0.0
0.0
0.0
0.0
0.0
0.0
0.0
0.0
0.0
0.0
0.0
0.0
0.0
0.0
0.0
0.0
0.0
0.0
0.0
0.0
0.0
0.0
0.0
0.0
0.0
0.0
0.0
0.0
0.0
0.0
0.0
0.0
0.0
0.0
0.0
0.0
0.0
0.0
0.0
0.0
0.0
0.0
0.0
0.0
0.0
0.0
0.0
0.0
0.0
0.0
0.0
0.0
0.0
0.0
0.0
0.0
0.0
0.0
0.0
0.0
0.0
0.0
0.0
0.0
0.0
0.0
0.0
0.0
0.0
0.0
0.0
0.0
0.0
0.0
0.0
0.0
0.0
0.0
0.0
0.0
0.0
0.0
0.0
0.0
0.0
0.0
0.0
0.0
0.0
0.0
0.0
0.0
0.0
0.0
0.0
0.0
0.0
0.0
0.0
0.0
0.0
0.0
0.0
0.0
0.0
0.0
0.0
0.0
0.0
0.0
0.0
0.0
0.0
0.0
0.0
0.0
0.0
0.0
0.0
0.0
0.0
0.0
0.0
0.0
0.0
0.0
0.0
0.0
0.0
0.0
0.0
0.0
0.0
0.0
0.0
0.0
0.0
0.0
0.0
0.0
0.0
0.0
0.0
0.0
0.0
0.0
0.0
0.0
0.0
0.0
0.0
0.0
0.0
0.0
0.0
0.0
0.0
0.0
0.0
0.0
0.0
0.0
0.0
0.0
0.0
0.0
0.0
0.0
0.0
0.0
0.0
0.0
0.0
0.0
0.0
0.0
0.0
0.0
0.0
0.0
0.0
0.0
0.0
0.0
0.0
0.0
0.0
0.0
0.0
0.0
0.0
0.0
0.0
0.0
0.0
0.0
0.0
0.0
0.0
0.0
0.0
0.0
0.0
0.0
0.0
0.0
0.0
0.0
0.0
0.0
0.0
0.0
0.0
0.0
0.0
0.0
0.0
0.0
0.0
0.0
0.0
0.0
0.0
0.0
0.0
0.0
0.0
0.0
0.0
0.0
0.0
0.0
0.0
0.0
0.0
0.0
0.0
0.0
0.0
0.0
0.0
0.0
0.0
0.0
0.0
0.0
0.0
0.0
0.0
0.0
0.0
0.0
0.0
0.0
0.0
0.0
0.0
0.0
0.0
0.0
0.0
0.0
0.0
0.0
0.0
0.0
0.0
0.0
0.0
0.0
0.0
0.0
0.0
0.0
0.0
0.0
0.0
0.0
0.0
0.0
0.0
0.0
0.0
0.0
0.0
0.0
0.0
0.0
0.0
0.0
0.0
0.0
0.0
0.0
0.0
0.0
0.0
0.0
0.0
0.0
0.0
0.0
0.0
0.0
0.0
0.0
0.0
0.0
0.0
0.0
0.0
0.0
0.0
0.0
0.0
0.0
0.0
0.0
0.0
0.0
0.0
0.0
0.0
0.0
0.0
0.0
0.0
0.0
0.0
0.0
0.0
0.0
0.0
0.0
0.0
0.0
0.0
0.0
0.0
0.0
0.0
0.0
0.0
0.0
0.0
0.0
0.0
0.0
0.0
0.0
0.0
0.0
0.0
0.0
0.0
0.0
0.0
0.0
0.0
0.0
0.0
0.0
0.0
0.0
0.0
0.0
0.0
0.0
0.0
0.0
0.0
0.0
0.0
0.0
0.0
0.0
0.0
0.0
0.0
0.0
0.0
0.0
0.0
0.0
0.0
0.0
0.0
0.0
0.0
0.0
0.0
0.0
0.0
0.0
0.0
0.0
0.0
0.0
0.0
0.0
0.0
0.0
0.0
0.0
0.0
0.0
0.0
0.0
0.0
0.0
0.0
0.0
0.0
0.0
0.0
0.0
0.0
0.0
0.0
0.0
0.0
0.0
0.0
0.0
0.0
0.0
0.0
0.0
0.0
0.0
0.0
0.0
0.0
0.0
0.0
0.0
0.0
0.0
0.0
0.0
0.0
0.0
0.0
0.0
0.0
0.0
0.0
0.0
0.0
0.0
0.0
0.0
0.0
0.0
0.0
0.0
0.0
0.0
0.0
0.0
0.0
0.0
0.0
0.0
0.0
0.0
0.0
0.0
0.0
0.0
0.0
0.0
0.0
0.0
0.0
0.0
0.0
0.0
0.0
0.0
0.0
0.0
0.0
0.0
0.0
0.0
0.0
0.0
0.0
0.0
0.0
0.0
0.0
0.0
0.0
0.0
0.0
0.0
0.0
0.0
0.0
0.0
0.0
0.0
0.0
0.0
0.0
0.0
0.0
0.0
0.0
0.0
0.0
0.0
0.0
0.0
0.0
0.0
0.0
0.0
0.0
0.0
0.0
0.0
0.0
0.0
0.0
0.0
0.0
0.0
0.0
0.0
0.0
0.0
0.0
0.0
0.0
0.0
0.0
0.0
0.0
0.0
0.0
0.0
0.0
0.0
0.0
0.0
0.0
0.0
0.0
0.0
0.0
0.0
0.0
0.0
0.0
0.0
0.0
0.0
0.0
0.0
0.0
0.0
0.0
0.0
0.0
0.0
0.0
0.0
0.0
0.0
0.0
0.0
0.0
0.0
0.0
0.0
0.0
0.0
0.0
0.0
0.0
0.0
0.0
0.0
0.0
0.0
0.0
0.0
0.0
0.0
0.0
0.0
0.0
0.0
0.0
0.0
0.0
0.0
0.0
0.0
0.0
0.0
0.0
0.0
0.0
0.0
0.0
0.0
0.0
0.0
0.0
0.0
0.0
0.0
0.0
0.0
0.0
0.0
0.0
0.0
0.0
0.0
0.0
0.0
0.0
0.0
0.0
0.0
0.0
0.0
0.0
0.0
0.0
0.0
0.0
0.0
0.0
0.0
0.0
0.0
0.0
0.0
0.0
0.0
0.0
0.0
0.0
0.0
0.0
0.0
0.0
0.0
0.0
0.0
0.0
0.0
0.0
0.0
0.0
0.0
0.0
0.0
0.0
0.0
0.0
0.0
0.0
0.0
0.0
0.0
0.0
0.0
0.0
0.0
0.0
0.0
0.0
0.0
0.0
0.0
0.0
0.0
0.0
0.0
0.0
0.0
0.0
0.0
0.0
0.0
0.0
0.0
0.0
0.0
0.0
0.0
0.0
0.0
0.0
0.0
0.0
0.0
0.0
0.0
0.0
0.0
0.0
0.0
0.0
0.0
0.0
0.0
0.0
0.0
0.0
0.0
0.0
0.0
0.0
0.0
0.0
0.0
0.0
0.0
0.0
0.0
0.0
0.0
0.0
0.0
0.0
0.0
0.0
0.0
0.0
0.0
0.0
0.0
0.0
0.0
0.0
0.0
0.0
0.0
0.0
0.0
0.0
0.0
0.0
0.0
0.0
0.0
0.0
0.0
0.0
0.0
0.0
0.0
0.0
0.0
0.0
0.0
0.0
0.0
0.0
0.0
0.0
0.0
0.0
0.0
0.0
0.0
0.0
0.0
0.0
0.0
0.0
0.0
0.0
0.0
0.0
0.0
0.0
0.0
0.0
0.0
0.0
0.0
0.0
0.0
0.0
0.0
0.0
0.0
0.0
0.0
0.0
0.0
0.0
0.0
0.0
0.0
0.0
0.0
0.013426169178780176
0.014630825257900635
0.003878175049361538
0.0
0.0
0.0
0.0
0.0
0.0
0.0
0.0
0.0
0.0
0.0
0.0
0.0
0.0
0.0
0.0
0.0
0.0
0.0
0.0
0.007883240565293267
0.025816177740631944
0.038342410693762326
0.02233138485918016
0.02534998510323594
0.015271430659666553
0.0
0.0
0.0
0.0
0.0
0.0
0.0
0.0
0.0
0.0
0.0
0.0
0.0
0.0
0.0
0.0
0.0
0.0
0.0
0.0
0.0
0.0
0.0
0.0
0.0
0.0
0.0
0.0
0.0
0.0
0.0
0.0
0.0
0.0
0.0
0.0
0.0
0.0
0.0
0.0
0.0
0.0
0.0
0.0
0.0
0.0
0.0
0.0
0.0
0.0
0.0
0.0
0.0
0.0
0.0
0.0
0.0
0.0
0.0
0.0
0.0
0.0
0.0
0.0
0.0
0.0
0.0
0.0
0.0
0.0
0.0
0.0
0.0
0.0
0.0
0.0
0.0
0.0
0.0
0.0
0.0
0.0
0.0
0.0
0.0
0.0
0.0
0.0
0.0
0.0
0.0
0.0
0.0
0.0
0.0
0.0
0.0
0.0
0.0
0.0
0.0
0.0
0.0
0.0
0.0
0.0
0.0
0.0
0.0
0.0
0.0
0.0
0.0
0.0
0.0
0.0
0.0
0.0
0.0
0.0
0.0
0.0
0.0
0.0
0.0
0.0
0.0
0.0
0.0
0.0
0.0
0.0
0.0
0.0
0.0
0.0
0.0
0.0
0.0
0.0
0.0
0.0
0.0
0.0
0.0
0.0
0.0
0.0
0.0
0.0
0.0
0.0
0.0
0.0
0.0
0.0
0.0
0.0
0.0
0.0
0.0
0.0
0.0
0.0
0.0
0.0
0.0
0.0
0.0
0.0
0.0
0.0
0.0
0.0
0.0
0.0
0.0
0.0
0.0
0.0
0.0
0.0
0.0
0.0
0.0
0.0
0.0
0.0
0.0
0.0
0.0
0.0
0.0
0.0
0.0
0.0
0.0
0.0
0.0
0.0
0.0
0.0
0.0
0.0
0.0
0.0
0.0
0.0
0.0
0.0
0.0
0.0
0.008252723036527704
0.0
0.0
0.0
0.0
0.0
0.0
0.0
0.0
0.0
0.0
0.0
0.0
0.0
0.0
0.0
0.0
0.0
0.0
0.0
0.0
0.0
0.0
0.003758208627590881
0.016163728065354488
0.00862262030893385
0.006951183648984368
0.000550742977346481
0.0
0.0
0.0
0.0
0.0
0.0
0.0
0.0
0.0
0.0
0.0
0.0
0.0
0.0
0.0
0.0
0.0
0.0
0.0
0.013530815359503484
0.03302614388595668
0.03392992529081233
0.024597876155658175
0.01268533203534799
0.000754643084202579
0.0
0.0
0.0
0.0
0.0
0.0
0.0
0.0
0.0
0.0
0.0
0.0
0.0
0.0
0.0
0.0
0.0
0.0010887025557946542
0.03186274089059815
0.04171416792464021
0.038277539131948916
0.009364284490914697
0.0
0.0
0.0
0.0
0.0
0.0
0.0
0.0
0.0
0.0
0.0
0.0
0.0
0.0
0.0
0.0
0.0
0.0
0.0
0.0019629207565940027
0.006320064152986127
0.0019972111495465414
0.0
0.0
0.0
0.0
0.0
0.0
0.0
0.0
0.0
0.0
0.0
0.0
0.0
0.0
0.0
0.0
0.0
0.0
0.0
0.0
0.0
0.012282605592970145
0.04222441150329945
0.05024095578359916
0.048277355148817154
0.05008046918359207
0.03347875015400975
0.002918386439663201
0.0
0.0
0.0
0.0
0.0
0.0
0.0
0.0
0.0
0.0
0.0
0.0
0.0
0.0
0.0
0.0
0.00437244167697292
0.0359793438782561
0.06855446876400265
0.08171421694941569
0.08962617756619935
0.08681441705798228
0.06760465854163132
0.029376128640206955
0.0028239727580370508
0.0
0.0
0.0
0.0
0.0
0.0
0.0
0.0
0.0
0.0
0.0
0.0
0.0
0.0
0.0
0.0
0.017326395696773852
0.06240700590534257
0.07635956758110196
0.07929273670326305
0.07033910638304576
0.058836418304447746
0.018943838779620758
0.0
0.0
0.0
0.0
0.0
0.0
0.0
0.0
0.0
0.0
0.0
0.0
0.0
0.0
0.0
0.0
0.0
0.0
0.007997266071531693
0.024320296565046428
0.002879495639005042
0.0
0.0
0.0
0.0
0.0
0.0
0.0
0.0
0.0
0.0
0.0
0.0
0.0
0.0
0.0
0.0
0.0
0.0
0.0
0.0
0.0
0.0
0.0
0.0
0.0
0.0
0.0
0.0
0.0
0.0
0.0
0.0
0.0
0.0
0.0
0.0
0.0
0.0
0.0
0.0
0.0
0.0
0.0
0.0
0.0
0.0
0.0
0.0
0.0
0.0
0.0
0.0
0.0
0.0
0.0
0.0
0.0
0.0
0.0
0.0
0.0
0.0
0.0
0.0
0.0
0.0
0.0
0.0
0.0
0.0
0.0
0.0
0.0
0.0
0.0
0.0
0.0
0.0
0.0
0.0
0.0
0.0
0.0
0.0
0.0
0.0
0.0
0.0
0.0
0.0
0.0
0.0
0.0
0.0
0.0
0.0
0.0
0.0
0.0
0.0
0.0
0.0
0.0
0.0
0.0
0.0
0.0
0.0
0.0
0.0
0.0
0.0
0.0
0.0
0.0
0.0
0.0
0.0
0.0
0.0
0.0
0.0
0.0
0.0
0.0
0.0
0.0
0.0
0.0
0.0
0.0
0.0
0.0
0.0
0.0
0.0
0.0
0.0
0.0
0.0
0.0
0.0
0.0
0.0
0.0
0.0
0.0
0.0
0.0
0.0
0.0
0.0
0.0
0.0
0.0
0.0
0.0
0.0
0.0
0.0
0.0
0.0
0.0
0.0
0.0
0.0018829095197001333
0.020412441762906224
0.021724702305791342
0.012621155181358088
0.0036085602693184163
0.0018633384929807911
0.0
0.0
0.0
0.0
0.0
0.0
0.0
0.0
0.0
0.0
0.0
0.0
0.0
0.0
0.0
0.0
0.0
0.00048626889356971024
0.03448011761674279
0.04579078153954588
0.04020691249262086
0.029776599852907284
0.02537401675828961
0.009654468356108888
0.0
0.0
0.0
0.0
0.0
0.0
0.0
0.0
0.0
0.0
0.0
0.0
0.0
0.0
0.0
0.0
0.015567501406620218
0.03637215048616342
0.05834934409998121
0.059499610151756394
0.05310160775136257
0.04477252587819897
0.039313759086755405
0.03280921993736858
0.01724485632375402
0.010893406784718663
0.0005810578842271219
0.0
0.0
0.0
0.0
0.0
0.0
0.0
0.0
0.0
0.0
0.0
0.0
0.0
0.0
0.0
0.014096800195019151
0.002000443823422925
0.0
0.0
0.0
0.0
0.0
0.0
0.0
0.0
0.0
0.0
0.0
0.0
0.0
0.0
0.0
0.0
0.0
0.0
0.0
0.0
0.0
0.0
0.0014081539277037334
0.001001465333379573
0.010496269369159377
0.005679376929989665
0.003187837816562793
0.0004231626799328786
0.0
0.0
0.0
0.0
0.0
0.0
0.0
0.0
0.0
0.0
0.0
0.0
0.0
0.0
0.0
0.0
0.0
0.020849190754410562
0.033324336927880546
0.038240446742272775
0.04208473590701269
0.0529487936060009
0.05972704818101666
0.03251908602903473
0.004875779983108086
0.0
0.0
0.0
0.0
0.0
0.0
0.0
0.0
0.0
0.0
0.0
0.0
0.0
0.0
0.0
0.0
0.0
0.0
0.0
0.0
0.0
0.0
0.0
0.0
0.0
0.0
0.0
0.0
0.0
0.0
0.0
0.0
0.0
0.0
0.0
0.0
0.0
0.0
0.0
0.0
0.0
0.0
0.0
0.0
0.0
0.0
0.0
0.0
0.0
0.0
0.0
0.0
0.0
0.0
0.0
0.0
0.0
0.0
0.0
0.0
0.0
0.0
0.0
0.0
0.0
0.0
0.0
0.0
0.0
0.0
0.0
0.0
0.0
0.0
0.0
0.0
0.0
0.0
0.0
0.0
0.0
0.0
0.0
0.0
0.0
0.0
0.0
0.0
0.0
0.0
0.0
0.0
0.0
0.0
0.0
0.0
0.0
0.0
0.0
0.0
0.0
0.0
0.0
0.0
0.0
0.0
0.0
0.0
0.0
0.0
0.0
0.0
0.0
0.0
0.0
0.0
0.0
0.0
0.0
0.0
0.0
0.0
0.0
0.0
0.0
0.0
0.0
0.0
0.0
0.0
0.0
0.0
0.0
0.0
0.0
0.0
0.0
0.0
0.0
0.0
0.0
0.0
0.0
0.0
0.0
0.0
0.0
0.0
0.0
0.0
0.0
0.0
0.0
0.0
0.0
0.0
0.0
0.0
0.0
0.0
0.0
0.0
0.0
0.0
0.0
0.0
0.0
0.0
0.0
0.0
0.0
0.0
0.0
0.0
0.0
0.0
0.0
0.0
0.0
0.0
0.0
0.0
0.0
0.0
0.0
0.0
0.0
0.0
0.0
0.0
0.0
0.0
0.0
0.0
0.0
0.0
0.0
0.0
0.0
0.0
0.0
0.0
0.0
0.0
0.0
0.0
0.0
0.0
0.0
0.0
0.0
0.0
0.0
0.0
0.0
0.0
0.0
0.0
0.0
0.0
0.0
0.0
0.0
0.0
0.0
0.0
0.0
0.0
0.0
0.0
0.0
0.0
0.0
0.0
0.0
0.0
0.0
0.0
0.0
0.0
0.0
0.0
0.0
0.0
0.0
0.0
0.0
0.0
0.0
0.0
0.0
0.0
0.0
0.0
0.0
0.0
0.006232285927165542
0.026435401787318086
0.026610137149580854
0.026777188598160435
0.011351152016166283
0.010556000303301312
0.0008218249572785288
0.0
0.0
0.0
0.0
0.0
0.0
0.0
0.0
0.0
0.0
0.0
0.0
0.0
0.0
0.0
0.0
0.0
0.005140257902399519
0.021921761488605137
0.024597731692007987
0.005688697495973228
0.007549017423793188
0.009705041643165218
0.0026872015253460303
0.0
0.0
0.0
0.0
0.0
0.0
0.0
0.0
0.0
0.0
0.0
0.0
0.0
0.0
0.0
0.0
0.0
0.0
0.0
0.0
0.0
0.0
0.0
0.0
0.0
0.0
0.0
0.0
0.0
0.0
0.0
0.0
0.0
0.0
0.0
0.0
0.0
0.0
0.0
0.0
0.0
0.007817070642075015
0.025860249553632923
0.03237905574782412
0.030487700478076234
0.046530924323993306
0.054139195519832296
0.030804956906231955
0.0019114527415033113
0.0
0.0
0.0
0.0
0.0
0.0
0.0
0.0
0.0
0.0
0.0
0.0
0.0
0.0
0.0
0.0
0.02518952739112484
0.043242540901820496
0.04003177453748234
0.015533009751997269
0.0006053974061846123
0.0
0.0
0.0
0.0
0.0
0.0
0.0
0.0
0.0
0.0
0.0
0.0
0.0
0.0
0.0
0.0
0.0
0.0
0.0
0.0
0.0
0.0
0.0
0.0
0.0
0.0
0.0
0.0
0.0
0.0
0.0
0.0
0.0
0.0
0.0
0.0
0.0
0.0
0.0
0.0
0.0
0.0
0.0
0.0
0.0
0.0
0.0
0.0
0.0
0.0
0.0
0.0
0.0
0.0
0.0
0.0
0.0
0.0
0.0
0.0
0.0
0.0
0.0
0.0
0.0
0.0
0.0020523359857126367
0.033037410057720824
0.04615517849870164
0.0543499279825711
0.05226952486439874
0.052239697898286246
0.04379211878614593
0.023344520107873447
0.0012914018786463015
0.0
0.0
0.0
0.0
0.0
0.0
0.0
0.0
0.0
0.0
0.0
0.0
0.015867184492414678
0.04935480005128577
0.06577873004056174
0.09778648221717165
0.1260121803856213
0.13253008942106972
0.14392010448639375
0.1447561673100078
0.13809733589527184
0.10981428474049543
0.08840593225972063
0.045953170467592154
0.02122947206134888
0.0008570169948294421
0.0
0.0
0.0
0.0
0.0
0.0
0.0
0.0
0.0
0.0
0.0
0.0
0.0
0.0
0.0
0.0
0.0
0.0
0.0
0.0
0.0
0.0
0.0
0.0
0.0
0.0
0.0
0.0
0.0
0.0
0.0
0.0
0.0
0.0
0.0
0.0
0.0
0.0
0.022517448449362747
0.035246238739593164
0.034044107085960534
0.028362177452471035
0.03703691364842862
0.049168762018807474
0.03478564095779744
0.0064982057000321294
0.0
0.0
0.0
0.0
0.0
0.0
0.0
0.0
0.0
0.0
0.0
0.0
0.0
0.0
0.0
0.017694703423428722
0.056254968712090174
0.08452715883181548
0.08784289462877477
0.08493377422194208
0.08621682841726387
0.0808337648383888
0.05779603848494326
0.03306171146420624
0.010468417887366068
0.0
0.0
0.0
0.0
0.0
0.0
0.0
0.0
0.0
0.0
0.0
0.0
0.0
0.0031013439771675113
0.03871386740175914
0.0694478119928607
0.09051700792539392
0.09377666060176215
0.0788610176512347
0.07738790201021549
0.09186442354886036
0.07922810300348843
0.036374202508534376
0.0040092333765685455
0.0
0.0
0.0
0.0
0.0
0.0
0.0
0.0
0.0
0.0
0.0
0.0
0.0
0.0
0.007220231827183521
0.033171909328655096
0.01655960927745602
0.0007984002489962979
0.0
0.0
0.0
0.0
0.0
0.0
0.0
0.0
0.0
0.0
0.0
0.0
0.0
0.0
0.0
0.0
0.0
0.0
0.0
0.0
0.0
0.0
0.01001724929056787
0.02452427665762416
0.030707054941246537
0.03703838842188751
0.039265580145229344
0.022070867487780508
0.001136087345068941
0.0
0.0
0.0
0.0
0.0
0.0
0.0
0.0
0.0
0.0
0.0
0.0
0.0
0.0
0.0
0.010592973118896848
0.030499593349139056
0.05617123983089595
0.07302001686668143
0.07639918657082012
0.0780973378660659
0.06603529883774517
0.06245436103474681
0.025542974739636473
0.0008161408442240919
0.0
0.0
0.0
0.0
0.0
0.0
0.0
0.0
0.0
0.0
0.0
0.0
0.0
0.018670370256435993
0.0551121223943123
0.08491530620594659
0.1055921774728895
0.12303446075057028
0.12630712663079016
0.1358115394664813
0.12359209793056396
0.12210663094046659
0.08391971563968234
0.034622610801628324
0.001805219097518832
0.0
0.0
0.0
0.0
0.0
0.0
0.0
0.0
0.0
0.0
0.0
0.0
0.0034074714726620536
0.03542751866821145
0.07090677862761009
0.09436495693435556
0.1147754626016117
0.12049603722851525
0.1234669614536769
0.11160420936297388
0.1071604665815176
0.07832308256767632
0.03809897226553608
0.007058100637656478
0.0
0.0
0.0
0.0
0.0
0.0
0.0
0.0
0.0
0.0
0.0
0.011568599410890128
0.05366888734392317
0.11045727986039898
0.15670209222282624
0.17185858558660455
0.19831741672781994
0.19685228664460877
0.2000062293141893
0.1766746495607659
0.16381926789206627
0.12465618388493387
0.09619693997903211
0.04877547712371835
0.024651476157358455
0.004027931008975854
0.0
0.0
0.0
0.0
0.0
0.0
0.0
0.0
0.0
0.0
0.02674892764875684
0.08946729970129798
0.1318882397584581
0.13622441799779791
0.14849485178160504
0.15227984009050002
0.14399314167198474
0.11525034012334417
0.082869301584145
0.03339167943376664
0.0008352807653825689
0.0
0.0
0.0
0.0
0.0
0.0
0.0
0.0
0.0
0.0
0.0
0.0
0.0
0.0
0.0
0.006238591540487705
0.021275269876659356
0.008804654480261982
0.0
0.0009829392032544122
0.01850823907016096
0.007117108150477088
0.0
0.0
0.0
0.0
0.0
0.0
0.0
0.0
0.0
0.0
0.0
0.0
0.0
0.0
0.0
0.0
0.0
0.0
0.0017870342751634698
0.0
0.0
0.0047685190966195844
0.02873542122962659
0.020112752680202937
0.0015180312246942662
0.0
0.0
0.0
0.0
0.0
0.0
0.0
0.0
0.0
0.0
0.0
0.0
0.0
0.0
0.00619302756074085
0.04668446291458652
0.08953548920482676
0.12696224756164723
0.16468714238337867
0.17206564993176784
0.1649049580475844
0.13976102194713266
0.13369237188918068
0.09817743066831326
0.06738454893375911
0.038210849863111074
0.010330360669658449
0.0
0.0
0.0
0.0
0.0
0.0
0.0
0.0
0.0
0.0
0.0
0.0
0.0
0.007503523854908884
0.013597826357142377
0.001053080602915721
0.0
0.0
0.0017410198402165625
0.0
0.0
0.0
0.0
0.0
0.0
0.0
0.0
0.0
0.0
0.0
0.0
0.0
0.0
0.0
0.0
0.0
0.0
0.007798616536759504
0.024777885884851043
0.017082762835580495
0.006919475155881844
0.01496990657845234
0.027005568117985664
0.011730303565220592
0.0
0.0
0.0
0.0
0.0
0.0
0.0
0.0
0.0
0.0
0.0
0.0
0.0
0.0
0.0
0.0
0.0
0.010935315719574082
0.01750767904946671
0.015948711477903537
0.0270754721497353
0.02241347283598946
0.03231661742055261
0.029510159996024247
0.0039481913496990095
0.0
0.0
0.0
0.0
0.0
0.0
0.0
0.0
0.0
0.0
0.0
0.0
0.0
0.0
0.0
0.03070941477729017
0.06219278459046993
0.07751531408753125
0.07995930883765728
0.07743847489165011
0.09242555740268528
0.10523025534599056
0.10078614978107113
0.05988482277326108
0.019357928323560772
0.0
0.0
0.0
0.0
0.0
0.0
0.0
0.0
0.0
0.0
0.0
0.0
0.03916608216031969
0.06982378673373861
0.11903051683023963
0.17028600240411598
0.18741740968822937
0.2023741510642536
0.20756077504398437
0.2264198074136759
0.20850447718686896
0.1991163553756617
0.1524437355729455
0.11336234955074585
0.05909873377957909
0.028546338197937296
0.0014979782018964421
0.0
0.0
0.0
0.0
0.0
0.0
0.0
0.0042858699010366805
0.05740915601988019
0.10241871514265075
0.13835086654700582
0.1825523971659715
0.22706121632344425
0.24375642783865087
0.2686443697901853
0.273364206777848
0.28332992840250854
0.2575624242959895
0.24390272549288852
0.1914708187352262
0.17843740930400104
0.12004941584439517
0.06568086491246035
0.051252523298917226
0.01508328758652557
0.0
0.0
0.0
0.0
0.0
0.0
0.008484754287459538
0.06004068105286947
0.11311011679558518
0.1524908473299056
0.20139116828975906
0.23231222486753297
0.2408625786101093
0.274673399402894
0.2633263846318316
0.25430535319636227
0.21475117825359052
0.21079639047423704
0.1596902232211681
0.14545675882200038
0.11593843124646853
0.0691572066440068
0.03185760140634612
0.0
0.0
0.0
0.0
0.0
0.0
0.0
0.0
0.02442800875408695
0.07035655445592248
0.09518097454990765
0.13161233100316833
0.1613437690490074
0.17377793082046442
0.19744125091691353
0.19158539815239634
0.19497797173288856
0.1706314943836061
0.16318221001204472
0.12043796310968598
0.09665074337110006
0.07059077101895578
0.03509310000807059
0.007643829944482681
0.0
0.0
0.0
0.0
0.0
0.0
0.0
0.0
0.001123410907059312
0.022627398568305146
0.041357020228385444
0.07618172638039554
0.11143250676009968
0.12761858505255372
0.14817610445829799
0.1387120671677118
0.13816677020593826
0.13337281199529674
0.1257664038253967
0.08869587701934838
0.039940632105358274
0.008010012097189989
0.003636676788525298
0.0
0.0
0.0
0.0
0.0
0.0
0.0
0.0
0.0
0.0
0.0045527063031068175
0.030528449418127074
0.07243283254308427
0.12634774692537581
0.13338450240680813
0.14205594112781303
0.13875954412827204
0.14245094943264075
0.13402350161543372
0.12835057330794228
0.09710561876185875
0.0574783922286587
0.03444410460910139
0.009963913420022308
0.0
0.0
0.0
0.0
0.0
0.0
0.0
0.0
0.0
0.0
0.0
0.0
0.001421665084984187
0.029909309951955534
0.046723508520376496
0.050308610421047936
0.03740502841010175
0.03523283792340522
0.034537547377210764
0.014979373995301467
0.0
0.0
0.0
0.0
0.0
0.0
0.0
0.0
0.0
0.0
0.0
0.0
0.0
0.0
0.0
0.0
0.02007705563471567
0.057080549647657915
0.08302457833310324
0.09521338370697176
0.09967624693721856
0.1264740168681825
0.1313440209159329
0.11743317294291394
0.06839102832172282
0.03857046558174617
0.01180446719292378
0.0
0.0
0.0
0.0
0.0
0.0
0.0
0.0
0.0
0.0
0.008803946726199349
0.040370952719393394
0.059582958906234995
0.11841655389479959
0.17675746339627335
0.2069489116906331
0.25844900957957356
0.2655132487468396
0.2626654740989557
0.2387195061313465
0.2364479193462213
0.19570648693678422
0.17412488534861167
0.15025182775170698
0.12240291977151753
0.0861070172439344
0.05786268900477827
0.0
0.0
0.0
0.0
0.0
0.0
0.035454135420799004
0.07814934302092229
0.09872839219896715
0.11820434500409102
0.15742925076050507
0.1857457338617409
0.19994675021907818
0.2324233622076042
0.24721648375396538
0.25031313215693013
0.21424664560614803
0.2068149914226508
0.16536886620444372
0.12962414291906285
0.10345146811661092
0.08352325797023794
0.03426616613324815
0.0
0.0
0.0
0.0
0.0
0.0
0.0
0.0
0.019812240603396876
0.08092156108469373
0.11621289741448669
0.1568248448230134
0.19623935140432597
0.21827130645762235
0.2401159044083195
0.23680107715705956
0.23268050067961385
0.20338812117544244
0.19489224279009623
0.1545007595861095
0.11720182331795635
0.06728586937300693
0.036145510009892474
0.011425119182346054
0.0
0.0
0.0
0.0
0.0
0.0
0.0
0.0
0.029807038948804463
0.09376837277992739
0.13224083149586616
0.16754344454789247
0.1966333048129494
0.2141614896819552
0.24404644985177665
0.24704681224232972
0.2490758243054658
0.22184709204906575
0.21471924314806057
0.16672837398732093
0.1355986470913115
0.08144428208828158
0.04742121964671123
0.024407317742441998
0.0
0.0
0.0
0.0
0.0
0.0
0.0
0.014290769982050252
0.08147666587764854
0.12734943717518576
0.15575844171624353
0.20339938313574074
0.23856550467485116
0.24541739358592587
0.2971913598497635
0.2960954838128642
0.2916654647604819
0.2596753716732157
0.2537747479305468
0.2133692346702214
0.1838788994943759
0.14079830937192458
0.1126873585624866
0.07416569887286135
0.04314775708620401
0.0
0.0
0.0
0.0
0.0
0.0011235031979005725
0.05161708807758795
0.11218848361987446
0.17794188307579803
0.20997067492747426
0.23434306223352833
0.26652842059535187
0.2804206436292844
0.3137480010376303
0.3094106222625445
0.3221870901970577
0.2952481790594674
0.27868202675367015
0.23404178587453428
0.21703005750433504
0.16824527658929597
0.11393122065972668
0.0705333844647329
0.07051170010177886
0.0
0.0
0.0
0.0
0.0
0.004019517811235685
0.06337866619083206
0.13516285680264417
0.18335625591864163
0.20719198765916405
0.24842286581483042
0.27441551059467567
0.28066867943824
0.3155202634468118
0.31081845155640675
0.3251215317092024
0.29227161920125977
0.28154307950399216
0.23266501293443695
0.20619585549377742
0.16822716762651543
0.14140085468284255
0.11066665862205025
0.09785332070142555
0.0
0.0
0.0
0.0
0.0029591205955084863
0.045761572151403154
0.09888660159905194
0.15490035740409058
0.1957053863196919
0.2303932266976533
0.26119082818285755
0.2782681543526718
0.2888939224437641
0.32655849792826874
0.3225852794024867
0.3302931393835306
0.2972713105859537
0.28202000555222567
0.24075663811301803
0.23091888467909694
0.21505534230758297
0.1841615874686934
0.12533744941945169
0.10351490703230785
0.0
0.0
0.0
0.0
0.0
0.005369052895940568
0.07329914950296566
0.1367419014616485
0.19970363925975418
0.22189168544711055
0.24973048690444083
0.27034346529455916
0.2761538990513434
0.2994862275828657
0.30356992866809474
0.31691749481979825
0.28240479796878054
0.27834512834890746
0.2392083793643929
0.2205779492426784
0.180447648851061
0.14181507818194744
0.10196222870479354
0.0894788722446016
0.0
0.0
0.0
0.0
0.0
0.003641114067318008
0.04574717782111226
0.11093542731828163
0.18899338890416234
0.22268329534957293
0.25940110318121407
0.31416699289521793
0.3393660675417137
0.3778370878021329
0.3751886094414477
0.37100263808768297
0.32410621548212337
0.3182203014055457
0.26675471156293706
0.24189161603568798
0.19638042869505393
0.16583185558822505
0.12681806949623897
0.12378922410804898
0.0
0.0
0.0
0.0
0.04056295421657152
0.057080643592535216
0.1116792799273692
0.18639938543052467
0.22576509386990407
0.2328803060276761
0.2861199070240904
0.3247739133553069
0.33188423359378144
0.36463575444063867
0.3640701091753061
0.3596651141815744
0.31331158827692845
0.30082672510170444
0.2598236540462793
0.24171709960998233
0.19037930696917596
0.15612441033366278
0.1294620568650835
0.13690510841640988
0.0
0.0
0.0
0.0
0.09670945484030587
0.09734922544476621
0.11647819711374735
0.15762170918350946
0.1880265420580875
0.20517056707037737
0.22839645389407923
0.2388058887109358
0.26203656985521856
0.3129990903060376
0.3053488394932862
0.29207423930866716
0.23577630946037692
0.1988935433004333
0.14250550746951895
0.10140316978331447
0.05497298973000105
0.023078726754224677
0.0007684649239543904
0.0
0.0
0.0
0.0
0.0
0.0
0.0
0.0
0.0
0.013266704205614942
0.04101182332388303
0.07934670709705065
0.11144081925306384
0.12611693456410628
0.13894047316484845
0.1331803837159615
0.13132066468940262
0.1301724694286043
0.11484805268560629
0.06117277514758395
0.01810130656392401
0.0
0.0
0.0
0.0
0.0
0.0
0.0
0.0
0.0
0.0
0.0
0.0
0.0
0.0
0.0
0.0
0.0
0.0
0.0
0.0
0.0
0.0
0.0
0.0
0.0
0.0
0.0
0.0
0.0
0.0
0.0
0.0
0.0
0.0
0.0
0.0
0.0
0.0
0.018882399059852305
0.03677766758110293
0.030099117989966073
0.028685429084949653
0.023955826480150707
0.032119605223426335
0.04722753782493354
0.048901509408693415
0.040377846334180886
0.007661134924128726
0.0
0.0
0.0
0.0
0.0
0.0
0.0
0.0
0.0
0.0
0.0
0.0
0.0018233663472346751
0.0050228809034342185
0.024371613234218874
0.0471009071540077
0.038729927563669324
0.06104499796480283
0.040350071077561056
0.004886659076690971
0.009104196991908195
0.002130296052415436
0.0
0.0
0.0
0.0
0.0
0.0
0.0
0.0
0.0
0.0
0.0
0.0
0.0
0.0
0.0
0.0
0.0
0.02020279174738679
0.014197394764545894
0.015304770452698672
0.039273710747397425
0.048358236230263224
0.046479829377433717
0.0487386142250874
0.029827020787538516
0.01652244498240997
0.0013906680548789968
0.0
0.0
0.0
0.0
0.0
0.0
0.0
0.0
0.0
0.0
0.0
0.0020199858454199022
0.021253083234430977
0.05259595221689822
0.08598313469551605
0.04724415622816518
0.025136826961663403
0.04316945281207323
0.05717524600340633
0.06893801076641956
0.054840076598386085
0.02916987860985331
0.009818272781281105
0.0
0.0
0.0
0.0
0.0
0.0
0.0
0.0
0.0
0.0
0.0
0.002109436192170925
0.031490050647545835
0.04903153506294655
0.08521850280554669
0.11730952342526497
0.14383625741626527
0.17129483890357033
0.16862105225483373
0.18085105884692348
0.17595039671388663
0.17241749450074492
0.12828200116261612
0.08391500703562667
0.05497426453265704
0.031771010663205895
0.015414324644471395
0.0
0.0
0.0
0.0
0.0
0.0
0.0
0.006941410570195924
0.032571358392857415
0.058575412924497805
0.08714416724499789
0.1333969046069407
0.18964584911279142
0.20433047545428398
0.22949817577874188
0.23586616093198426
0.2506121864595583
0.22954757633340914
0.2240275242829568
0.20313475658889307
0.17577871190438282
0.12224393514065855
0.08015693120924193
0.04479610552572748
0.010293187010109736
0.0
0.0
0.0
0.0
0.0
0.014604001853359966
0.04534027989933009
0.08008208260810246
0.12111567201052094
0.1542744974923515
0.1973352407725096
0.22459122185276895
0.2296528473845127
0.2511500735505042
0.2509347708973794
0.26480288003869185
0.24355796460065046
0.22665922740439953
0.18504179932852993
0.1638881762767329
0.12316481873092451
0.0869364344809346
0.05278849794769772
0.006576352468426089
0.0
0.0
0.0
0.0
0.0
0.0
0.03158903090246422
0.0770226143307477
0.09114378353494729
0.104642999710576
0.1438806995903189
0.17756038965816218
0.19288347304648137
0.232392876736996
0.23676755429263263
0.24675911644599186
0.22723477837110373
0.22058761467521196
0.18123624830946966
0.1547702916336091
0.11860201850838045
0.07309612196174811
0.03447278236533313
0.0
0.0
0.0
0.0
0.0
0.0
0.0
0.022326186193617814
0.0801954840809753
0.12711921922741867
0.15681181090172513
0.19797157128174903
0.24270435701403095
0.2839487116749019
0.3381806636620845
0.34023854103201484
0.32967616546022255
0.28215531531438687
0.27533753755354856
0.2432727880912263
0.23645734492623088
0.21157635630582505
0.19328737496351048
0.15847557720796646
0.15346047219130723
0.0
0.0
0.0
0.0
0.05595449789842279
0.06615499337054734
0.12009798015942583
0.16848023103587123
0.20193881565693547
0.20433837568079924
0.22866680925433785
0.26146912368344977
0.27092321018067994
0.30533712210838904
0.31769720453380074
0.33358154758891184
0.2914681400965632
0.28316834046653283
0.24019891736638732
0.21092409627245842
0.176502917897282
0.15758616993840677
0.12113163928415836
0.10510444101966841
0.0
0.0
0.0
0.0
0.029733821870691974
0.03999613552743545
0.06928574854166887
0.10758616574634003
0.15313817606787347
0.18796231588998505
0.22733096210473802
0.2565029195874759
0.2766434872897579
0.3153720311658468
0.3046683474244154
0.30846895611785696
0.2857326292650141
0.2784391026954828
0.2355715517457254
0.21271304142030062
0.18338789256455676
0.1453543842777494
0.11019772678188224
0.09421147739036158
0.0
0.0
0.0
0.0
0.017769803964424506
0.03642370325999287
0.07563222289261678
0.11255136621616525
0.15306649063721658
0.1737457894113253
0.207417545532523
0.24685633011024902
0.2561941706760832
0.27639732929353844
0.2667077300298629
0.2632024085381572
0.22918324825322126
0.20644835120221905
0.1724707057375282
0.15512885452589587
0.11940749870875801
0.08011111801728685
0.0561404102518338
0.06941904546581036
0.0
0.0
0.0
0.0
0.0
0.0
0.010319243817583144
0.059336801294097345
0.09609060193169705
0.11586281771101879
0.1560269683640274
0.1842427712044573
0.200364013760426
0.22387403751095603
0.2295158609308823
0.24711411335432318
0.2226441441586643
0.2135648261889134
0.17465634187857818
0.14065206408421593
0.10530723672414408
0.06174108615526206
0.030750184829073875
0.0
0.0
0.0
0.0
0.0
0.0
0.0
0.006981272103256337
0.0563644908366006
0.0865861255631038
0.10873618481375166
0.14759574695199082
0.1791755184302444
0.19407561743820945
0.2196691332367731
0.22903772000080838
0.23446808796424284
0.21592595313171642
0.21289576713976835
0.1901644556374611
0.16516067184491282
0.12878596325495942
0.0788115024356083
0.034381577772775083
0.002448846039283768
0.0
0.0
0.0
0.0
0.0
0.0
0.0267221656063294
0.06805241622928661
0.09710052468941727
0.12244918792063843
0.162707346215195
0.20732693945263236
0.22412036280299277
0.2569756962577249
0.2562868167113531
0.26670058146712594
0.2487473106124577
0.23648425150492372
0.1930608465115295
0.16336435684244915
0.11518003407771117
0.06892417200868498
0.022703582603095435
0.0
0.0
0.0
0.0
0.0
0.0
0.0
0.044447118108234825
0.12903423311309245
0.18818245444439083
0.2038315069396082
0.2349743642605313
0.2588204373089622
0.26912286603477775
0.31366692014285436
0.31208756293714585
0.3048680620092123
0.2589724781845462
0.26085108805633744
0.22974958994590813
0.20834705658055966
0.18470936263230256
0.15953791224724856
0.10505829049755462
0.08636630460122696
0.0
0.0
0.0
0.0
0.0
0.024690152650174036
0.05886337220204779
0.09246244171666007
0.12216639646552187
0.14556421214967472
0.1998401403544291
0.22950372929320811
0.23917892564241602
0.26935258190921385
0.26719723631678766
0.26299842726383316
0.22691709287250525
0.22216282683978172
0.17986113588924388
0.14809941708671717
0.11542881801311453
0.0873898313757978
0.04137460817506119
0.0
0.0
0.0
0.0
0.0
0.0
0.0
0.0
0.015344780035902917
0.051933702000628794
0.08147796736487624
0.12303518033570111
0.15460044352596908
0.16703104748166575
0.18321182451176873
0.18070236985798172
0.18311374983497708
0.16028721269222568
0.14163758425722314
0.09579091325505826
0.050384391235822445
0.02715629569381505
0.00853557193264459
0.0
0.0
0.0
0.0
0.0
0.0
0.0
0.0
0.0
0.0
0.0013531673090409226
0.014289782016448371
0.04875525817474252
0.08633071102879632
0.08348860641267412
0.08351902621162775
0.10783052508024007
0.13467361928475438
0.13547125861877796
0.1293503493669147
0.10558786900060509
0.06131696992059085
0.03017223404222915
0.003456260259535574
0.0
0.0
0.0
0.0
0.0
0.0
0.0
0.0
0.0
0.016787214839912076
0.04860861151636664
0.06836062777199246
0.11418867706881339
0.15016465712839758
0.16558823976172388
0.18623333399680175
0.19026118000990738
0.1939741045870991
0.1883965541650649
0.1840619494101695
0.16214358632671913
0.12700737975838022
0.09553723769129713
0.06443530607401698
0.030290340019648823
0.0
0.0
0.0
0.0
0.0
0.0
0.0
0.014238122058620163
0.054512578764269175
0.08928818685469328
0.12403448793913935
0.16956834705472448
0.21602451423855756
0.23272200425264286
0.26044321610108284
0.25527967062959916
0.2586954182823891
0.23861041727531948
0.23436630211655396
0.2041282126709979
0.17568063516517327
0.13823350003373616
0.08183595759050266
0.03491038045587444
0.0
0.0
0.0
0.0
0.0
0.0
0.0008409228793777929
0.06579261442320375
0.13677483680475536
0.17464307885011626
0.19172053703324893
0.2317510742762531
0.2700364716947211
0.2943607778188269
0.33273989862743686
0.33205470941965953
0.3392413023931352
0.3107324813864928
0.3034132413835485
0.26585986116259
0.23828558334340227
0.19675106701013004
0.15241759132162452
0.10563070920020265
0.09574297269384495
0.0
0.0
0.0
0.0
0.0
0.033965617327857925
0.10817521312174093
0.18933470728555016
0.25537690665577917
0.25735076499413584
0.28950441734509386
0.32631844456843334
0.34429696975908614
0.39340213660068857
0.40900649023280705
0.4118407465234009
0.3623298492071572
0.35492300298760554
0.31573230104174865
0.28871975143937667
0.23924668482405687
0.1994500993629222
0.16957459162652924
0.19609607263529405
0.0
0.0
0.0
0.0
0.09563565324908728
0.08946300048988338
0.14420711866043934
0.21665625487898255
0.27394152235339325
0.2735939607663332
0.30553318662974116
0.32847334461717026
0.3395289401993727
0.3880721569338627
0.383873024129342
0.37619871715273984
0.3277994663184643
0.32285624845881744
0.2902134022347011
0.2631526236572807
0.22354072897558205
0.18456560819040466
0.13838239769994168
0.12101991619754968
0.0
0.0
0.0
0.0
0.00984964351045263
0.025305848303753733
0.056054500714931885
0.0804353013373889
0.09357928904747713
0.10729028755894467
0.13728199283646697
0.1771762904001156
0.19391829358846127
0.21555393488867608
0.20405762858802873
0.19156800693925158
0.17678988855312355
0.1620536676755947
0.1241425139697313
0.08644066298615927
0.05214359736534187
0.01765510450118702
0.0
0.0
0.0
0.0
0.0
0.0
0.0
0.0
0.0
0.0
0.014596670697566875
0.04521768162124153
0.08977606247004474
0.12352138085645724
0.1342119983025448
0.15318553879706007
0.1668960873749635
0.1801461981187337
0.1517257190808773
0.13725945066849843
0.10492400316058112
0.0583713025191818
0.03776910683412535
0.005283015412883531
0.0
0.0
0.0
0.0
0.0
0.0
0.0
0.0
0.0
0.0
0.009885821835934018
0.0426353691344007
0.08554494562785928
0.12737885921139105
0.1479869414733563
0.1805057910020794
0.19253571648405823
0.1951501067943251
0.17867475778738046
0.16785996281241386
0.13399098841735
0.08300969088366252
0.04213136628680462
0.008145868472231626
0.0
0.0
0.0
0.0
0.0
0.0
0.0
0.0
0.0004034944738931317
0.01077848877944927
0.031638152476670935
0.057359633993979885
0.11038398376334187
0.15414155002344251
0.18036106962317094
0.20130774404697735
0.20013214770678164
0.2228881993661852
0.20277336365169468
0.1896119252085017
0.16637732430745816
0.14292550506277688
0.09351096483254846
0.039088762327337025
0.003669267131426415
0.0
0.0
0.0
0.0
0.0
0.0
0.0
0.022284602111036493
0.081722493754378
0.11681103737647694
0.1460094555230433
0.19610284136304523
0.238247681902693
0.2655925824232659
0.30682648675656676
0.31613608820061095
0.3282550077635422
0.29598166678998483
0.2856986996120631
0.2507736534414569
0.21779199085572612
0.1706996199522416
0.11646766855788163
0.06997512087689274
0.07584897586033236
0.0
0.0
0.0
0.0
0.0
0.014758018501053021
0.08044599887879973
0.15872701431112424
0.2073454301684181
0.21842755723662766
0.24786495351517546
0.27789649918129844
0.2966855329553179
0.33956817408337947
0.33904815867686894
0.34067965260787025
0.29504497911125643
0.2868370465106539
0.2554326135230256
0.22834248449959765
0.18847089599971545
0.11258782155210086
0.04689795626898501
0.023941658154794803
0.0
0.0
0.0
0.0
0.0
0.0011829056258501156
0.05784935053355065
0.12652619949549174
0.18185690942277494
0.19854342764858376
0.22392152356458972
0.2514236906095532
0.2629264986223646
0.2990515647997427
0.3062076840592355
0.3003047528324248
0.2574462572740666
0.2510305515435629
0.22078456432485996
0.19528946927252158
0.16755066809251695
0.1370184512475235
0.08565187504486503
0.07135013286766331
0.0
0.0
0.0
0.0
0.0
0.010255392287323582
0.046979952834317946
0.10565361420773642
0.16174957311181032
0.16678216643207583
0.20752703168149456
0.2455148988744448
0.26701851257717013
0.30839482891154907
0.299700266965922
0.3063394244999068
0.2730140847399286
0.2623251687967279
0.22715827808568576
0.19696325083623728
0.17117024345736875
0.14442783181524516
0.1026012198908789
0.09381310189891656
0.0
0.0
0.0
0.0
0.0
0.02688003832130495
0.0860126854906424
0.15851285602107978
0.19836392470855407
0.2046040769790752
0.23357748619479843
0.2725396030887698
0.2886447026868648
0.32467157992222107
0.32812070203554566
0.336292920041957
0.2997633000890651
0.2921869266025062
0.2613568321606048
0.2366004433585715
0.2000028767886142
0.1660527930821325
0.11861511422359991
0.10575168104375238
0.0
0.0
0.0
0.0
0.0
0.03883516527110439
0.11372487147512969
0.1948718443366008
0.23484089243566006
0.24273969771313123
0.27738266629186825
0.3077683367081515
0.3226012797428016
0.36636318299361165
0.37045241213357766
0.37276744971853737
0.3377476028230134
0.32809695318685006
0.29603355686361726
0.27233033344533253
0.2404831278208121
0.22900166617233395
0.18648039605261008
0.19969060824525592
0.0
0.0
0.0
0.0
0.07685570932572473
0.062479203546585906
0.13015314273963224
0.22279984765968452
0.2682675398337902
0.2647657518781289
0.30699090694384756
0.33841114171376163
0.33944676324938816
0.38257777764769363
0.3831011860644533
0.3867460466052733
0.3439715310357249
0.3352250422168611
0.3016793833035003
0.26447770438122986
0.2193622865045692
0.19096502164216486
0.13412299362147026
0.10703594158782803
0.0
0.0
0.0
0.0
0.0
0.03873200338057327
0.12439423386281138
0.2049117477840936
0.24705085062977059
0.2604020299489693
0.3076016308010311
0.35235087003377363
0.36064585184472103
0.4103454942456893
0.39727121285762906
0.3759411453755949
0.32520576085012104
0.31207898414306884
0.28591826229137673
0.27012421669010955
0.24125959395550234
0.21583835127259854
0.18381893168351993
0.2156788731796605
0.0
0.0
0.0
0.0
0.11212170504423316
0.08746229445822389
0.1474779335222576
0.22445195747793567
0.24119798678827792
0.22117916807809318
0.24335069030622222
0.26761539572914167
0.290910469496222
0.3329273133021776
0.32869470868626377
0.31411001796586047
0.25010256477646675
0.24194595455721285
0.22292157463664716
0.20541209759226214
0.1891036186760297
0.1739642681930845
0.14905792155916073
0.1654391652402742
0.0
0.0
0.0
0.0
0.09140747534700448
0.06871300303122654
0.129748442373093
0.1991676813414817
0.23707536401802184
0.23202626960781714
0.25736455664553637
0.29332042894229976
0.30907320321762205
0.35174008342129287
0.3669438291332466
0.3768670951607459
0.31966434381391823
0.3031940429653121
0.2744397884276558
0.24447103712154258
0.21977265540363783
0.22802823016311577
0.19210691742305858
0.24354961269787975
0.0
0.0
0.0
0.0
0.13808611275735988
0.10702525957501097
0.1512526903969302
0.20859372069028603
0.2351888924961661
0.2214890925657554
0.246271437234665
0.27749883023700317
0.2725959919634477
0.284839431740136
0.2858389748311287
0.30021578704548646
0.2817022866701641
0.27175448816481007
0.24707899906133354
0.2347890220166854
0.21919745947080638
0.19766694210339397
0.15644386967618798
0.15458127457530701
0.0
0.0
0.0
0.0
0.06127465567255404
0.07095941209424468
0.14999224138669565
0.21626343823600438
0.2437955431870943
0.2370599150023898
0.27987589424774795
0.3147678865279443
0.3299005412651583
0.3855639616637105
0.38303831102446406
0.37739247452061625
0.34083553999895083
0.3343139285249849
0.3052570268372443
0.26163129731297546
0.23565060271016114
0.20964832324266297
0.16899886382552975
0.18645808339541528
0.0
0.0
0.0
0.0
0.10666577050003286
0.10209802900252907
0.15428436385643488
0.21331927738926504
0.23292186304738619
0.23788828412864838
0.2782813666275023
0.3141591353638935
0.315244929730689
0.34343486048711064
0.3532624496083858
0.32696905304450835
0.2590671917794555
0.23918480507004752
0.21357723223496416
0.2050906416972288
0.18557786781162552
0.17426734376877387
0.1481127738824861
0.1761932620513955
0.0
0.0
0.0
0.0
0.07536555630562432
0.07824221213894732
0.1625476075376922
0.23002613264170554
0.260478569486939
0.24807657065955246
0.26543789944575485
0.31285426106865594
0.33733337388176754
0.38348127939549775
0.37128588788902134
0.37259957239660585
0.337163852582671
0.32974798426121354
0.29236122704078105
0.28069004330941283
0.26702945634869635
0.25098281093519315
0.20950036214483925
0.2539852878044655
0.0
0.0
0.0
0.0
0.08532261300095738
0.09013149127745516
0.16573381992937306
0.2451795283144632
0.28415532982263564
0.2832506702024251
0.30999684017368295
0.3418640044957267
0.3615081705170491
0.41732821950180465
0.4150538243795415
0.4326273820289777
0.3963464355018396
0.39066173790508635
0.3688141095993295
0.35474765459428836
0.3196420609276654
0.2661609993302901
0.231950810346778
0.2637248370722822
0.0
0.0
0.0
0.0
0.15354374933585202
0.12644148423417903
0.15543982691126526
0.21356657106075538
0.2800751355760232
0.2926089831776913
0.3266344899740493
0.32830461657792603
0.3147561454949177
0.35943611393109554
0.3672460205097004
0.3946542811379852
0.36895858577272994
0.3713050111647336
0.33761297198749657
0.31846733733358334
0.292013976255375
0.27138970254746364
0.24803589453176453
0.2989056556663437
0.0
0.0
0.0
0.0
0.17702447575345961
0.11064558338948353
0.17129006082907416
0.25066220782599963
0.2728182069814681
0.255728315005653
0.2816109863353201
0.3078714806739038
0.311407433563017
0.34391165649692634
0.34776888091278857
0.3489280429962631
0.30964147443705303
0.3083838153715871
0.27691025287625814
0.24450735510563573
0.2079387666743763
0.17206548420550324
0.120147606213771
0.11495763182474288
0.0
0.0
0.0
0.0
0.002542124462153757
0.0423141960330755
0.12605251478082216
0.21721740599587933
0.25684036895183493
0.25380589008114945
0.27159585296625743
0.29951292534393176
0.31725851257013254
0.3611785860086929
0.36122988795473143
0.3785261281698744
0.34180844687968015
0.33761239430435774
0.2986347532876483
0.26551036205194534
0.2447725002418384
0.22078782845149322
0.1779017954962963
0.18503938493991431
0.0
0.0
0.0
0.0
0.060101268674816175
0.07453610376945567
0.16318061688600716
0.24504831509604547
0.28474182375530327
0.2712143020563413
0.29963992152543534
0.3475907039515326
0.3648020242235928
0.41304628111693376
0.4104972174353611
0.41012181714744805
0.3775707657780616
0.36260387557567597
0.3367656258310996
0.3284935878875843
0.29122619019020746
0.2660830947212783
0.2114893902260107
0.27497583030921796
0.0
0.0
0.0
0.0
0.13704273163456424
0.13236112086372034
0.20511068052670609
0.2879396723014854
0.32570888335981635
0.31809694536252897
0.33614893058468387
0.36414672777747514
0.37555061337860585
0.41363068123538005
0.3945655626835549
0.3953028625483022
0.3531440141026635
0.342023876582915
0.3121172089560363
0.29446140748558003
0.26615279299442973
0.24379338709272952
0.20667231063854574
0.23822821838344183
0.0
0.0
0.0
0.0
0.12232582702206715
0.09479123361621015
0.14382135808130536
0.2147383686007902
0.26948233732402643
0.2751936301494028
0.3116216821584104
0.35182453870604835
0.3705897099987661
0.4131089542756879
0.4079982656465112
0.40453874486779146
0.3602699011541009
0.3559504059647477
0.32649066929626275
0.3052257073944077
0.27546644016689226
0.24184522568606154
0.20276766648932204
0.2337951870618717
0.0
0.0
0.0
0.0
0.10144929533759647
0.09451009005635784
0.1690602342509505
0.22870247445777736
0.2676785112794034
0.28069169112287423
0.31156353052692565
0.3459945245541979
0.3643328119315299
0.4134431228581821
0.4127716432575237
0.4229408993022096
0.3749004143662962
0.3677197420924991
0.34561119479552327
0.32822724422001615
0.2883545046938606
0.2470704071047342
0.19670902103346544
0.21515564270479806
0.0
0.0
0.0
0.0
0.003952606466066346
0.03609426834310181
0.10686347410918205
0.19272326155508981
0.24803452814998955
0.2651032901804195
0.28548732023784357
0.3193706225080802
0.3458125680694301
0.39132020359172165
0.395391724233433
0.40097279581395945
0.36582714321802906
0.36550301545997244
0.3332703928548805
0.3093812386610619
0.24905449009835767
0.20879348728505528
0.17585877312493375
0.18807033721877417
0.0
0.0
0.0
0.0
0.0632593587329934
0.07704164994780258
0.15277703481908583
0.26191183914968197
0.31872162454636593
0.3049016509838598
0.3288956053282999
0.36071334327085264
0.3769787205089239
0.43027710259895113
0.4432286473613801
0.44943607184922413
0.39706922288152396
0.39530598524002775
0.3654980353374898
0.3389058384147394
0.284064140488284
0.24481202613310782
0.20304764105725884
0.2535424890452004
0.0
0.0
0.0
0.0
0.12073340520368565
0.10468663668202634
0.197660290224514
0.2984261773523118
0.3311554775704286
0.33798185930891667
0.36811945659254874
0.39161521048747483
0.3989188027697322
0.4528342540719895
0.456208866783785
0.4599395913704749
0.4045019537961896
0.40154554726099206
0.3874775967023247
0.37723256314796966
0.31753927862316705
0.2774766899924933
0.2459394449736293
0.3225563036623745
0.0
0.0
0.0
0.0
0.12122597702382645
0.15107941230680108
0.22562026196894025
0.3017285366323295
0.34220801796971523
0.34391421945355255
0.36634862489266407
0.3887867855554151
0.40071507524893657
0.45312454174640926
0.45941145259515176
0.45879331254422984
0.40599996794489257
0.40319954408672076
0.3772877339546083
0.36497479865525073
0.3267282930023033
0.29203273098191285
0.2546445159004709
0.34405864353938465
0.0
0.0
0.0
0.0
0.1665580271742621
0.12625465330845906
0.19354704242649978
0.2662057512938756
0.29061007039107534
0.2871768053120529
0.3201494127808276
0.3616916464243906
0.38471435940069826
0.42930081587809754
0.43370463484760285
0.4180331316659473
0.3420830981151958
0.3297882833721507
0.31392464274475684
0.30378092731628514
0.2735489369030589
0.24543569689362252
0.20615627750560594
0.261465180587138
0.0
0.0
0.0
0.0
0.1672875369819353
0.13269013094590307
0.1692862672621869
0.2247680264370958
0.25464661866125765
0.24686728492642535
0.26415544805543806
0.3037707432358454
0.31764828679698265
0.36123175093747717
0.36338224635007915
0.33719909194828296
0.2862678681689455
0.27029458983424937
0.2472733660490547
0.23981787362744153
0.22323639061322686
0.20294780020289593
0.18164545841444305
0.208905465562129
0.0
0.0
0.0
0.0
0.10762496017463401
0.10208767399985791
0.17765444923982568
0.23811108147211751
0.2515450679446198
0.2629516189826397
0.30154292519103437
0.33826154959438215
0.3420124682473297
0.35417072120452503
0.3200384713425123
0.31887061142818
0.2602854147618921
0.23020809032200099
0.21359160746711128
0.21796048036040813
0.21347872852764663
0.1922012201597423
0.14358791601195892
0.09087086642803292
0.0
0.0
0.0
0.0
0.0
0.04939002002692921
0.1084159018726658
0.15944608201609167
0.19489497462693253
0.2157458137798551
0.24042511217838003
0.2647326492958597
0.2544402745778173
0.26194540078482476
0.25470184302300886
0.24775485825476065
0.23364808301154694
0.23609164603636076
0.20131385025874898
0.17898603474006555
0.14741385137231452
0.11862956848781397
0.08668630693652378
0.07166121991720863
0.0
0.0
0.0
0.0
0.03033271766140015
0.04899256040397305
0.09048291161506798
0.15280556558532243
0.1953670486815734
0.21682044870289996
0.24471365372063703
0.26419326879181176
0.2705627371910988
0.3121577878221669
0.32405207802971897
0.3348620612527581
0.30872656899959544
0.31268954340565663
0.2853550353043491
0.25362861360618555
0.2250438964184598
0.21770091184336018
0.1797044196922772
0.19534463424857018
0.0
0.0
0.0
0.0
0.020923483789523106
0.05006292514245985
0.1087633082762817
0.17566376000320183
0.21830531946449938
0.2222312482280117
0.24651044873064668
0.27764563514862156
0.30195500204339604
0.3503936212604308
0.3563781004943443
0.3665184369237198
0.33292982758135636
0.33153500539698405
0.30927729599975806
0.2795679052209899
0.22343325088961447
0.16961267957534984
0.13730206992207436
0.12742990695614245
0.0
0.0
0.0
0.0
0.028667684568074402
0.06512493091655976
0.13426637594372573
0.2156725322834987
0.2587595409135308
0.2617551299703325
0.26900199690995297
0.29913701417560934
0.32302186244675224
0.3665102714393968
0.3643944380341008
0.37335452650234574
0.3444671912075585
0.336545878720831
0.31050156738634827
0.28312136541476646
0.2406305910134341
0.19411941638826088
0.15672487611518637
0.1954629489964015
0.0
0.0
0.0
0.0
0.08021018431838188
0.06536058775509325
0.13769506661959374
0.23446188086018502
0.2843103527155394
0.28122967106785435
0.3143657113045369
0.3575687268750088
0.36852149017354047
0.40894597073375466
0.4117187706288229
0.4181631731978517
0.38088009530240846
0.37292602283983634
0.34784921957902737
0.3352360218843087
0.2982160364952725
0.2681939777411109
0.21704734560888275
0.2654753043934696
0.0
0.0
0.0
0.0
0.1505062878985826
0.1289585629672593
0.20410073456296052
0.28264378825322717
0.3095810561551413
0.2989774052023871
0.3219496070152352
0.36378656426801037
0.3803985823204476
0.42720147391722174
0.4362725327390998
0.44372892309018624
0.397003013464702
0.3842862536406706
0.35335491218608633
0.33846169423657535
0.30523706801897166
0.25909946377744086
0.22201837751999554
0.278074110109839
0.0
0.0
0.0
0.0
0.16342374774227494
0.14648841328868586
0.20716310664471924
0.2896913486235017
0.32426505092308167
0.3111228757115822
0.33658483920780347
0.35102572045785385
0.35549086818019254
0.3998217709839597
0.3973413381340688
0.40095998735493804
0.3558362859097213
0.34773655860091185
0.32728669232924273
0.31462830328150687
0.2749822813443929
0.24591784063031705
0.2141196513054149
0.2591292902361238
0.0
0.0
0.0
0.0
0.10672329748173544
0.115642901029004
0.1885349940523248
0.26402990330827736
0.30137735785814124
0.29145049606419376
0.3120674602886938
0.3396186153043116
0.34570961920380766
0.38645155806386683
0.3876091131280326
0.3897100594277445
0.3452611802522034
0.34062798719379117
0.31390026771837665
0.29550594134755537
0.26598703159410186
0.22914218049881982
0.19547926553864128
0.2546052669661712
0.0
0.0
0.0
0.0
0.13083898941385638
0.12768342851236295
0.17860049580502715
0.24628145792517606
0.2800819437867351
0.2754254303778429
0.29703584736468
0.32204521338444303
0.333923350867531
0.378541077855343
0.37424452570988714
0.38383834075851303
0.3440330519891582
0.33716239516371943
0.31051512200724535
0.2914800878649595
0.26667470793190623
0.2254187514188274
0.18442533498606442
0.2305937544338511
0.0
0.0
0.0
0.0
0.11599972552434193
0.11029864803482257
0.16863947013987285
0.25576166327943195
0.3027102329731506
0.30346818773156703
0.3210614352666672
0.3428728333792886
0.3579883047321517
0.3962683686447238
0.38304000427255974
0.3877376536099855
0.346518348496443
0.3436617973721768
0.32440499154548547
0.31346707036555244
0.2902402095556497
0.2414549579054383
0.18368028261178654
0.22494075971570066
0.0
0.0
0.0
0.0
0.14118504761165188
0.12266317595259621
0.1830631546395919
0.2537504242464958
0.2870089324241262
0.2891928849674424
0.31679627577482306
0.35114000341088425
0.3547367432059758
0.3817747599603602
0.3743770325020517
0.37890540616892815
0.33533307333402335
0.3215730099029159
0.29310667293839954
0.2814139485797559
0.2582269564412181
0.21757063906017501
0.18368564640281804
0.21186326856514526
0.0
0.0
0.0
0.0
0.10259233258489446
0.07065644350031083
0.1276084457875998
0.20828288761370622
0.24267762225780656
0.24501055732460156
0.27212378653076247
0.2993895483259096
0.30732914926654986
0.33857020761493023
0.3313241982852954
0.3335497097368516
0.3052484641844667
0.2980744819926678
0.2660900927680993
0.2429396359830263
0.21382929896097505
0.17951081864042318
0.1457487260582153
0.15635110155065923
0.0
0.0
0.0
0.0
0.0
0.03863962403703115
0.09595585752258752
0.1751384446274216
0.2118524164350463
0.21809548283012425
0.2506003639528231
0.27904256905155744
0.2946355562194209
0.3363913155411613
0.333949452291974
0.34388888542886575
0.306775631450861
0.28520531515978337
0.2491907879126167
0.23309497881088606
0.2087336425380389
0.18441667374109127
0.13982992590534207
0.11223758578782905
0.0
0.0
0.0
0.0
0.0
0.03368519419119964
0.09462905810674944
0.16801595175433515
0.2141907331459904
0.2132789449720588
0.24177707600505965
0.29013546656702677
0.304617639496551
0.3449334175987754
0.3462353355788009
0.35012841942759354
0.3144109827398858
0.309092002179073
0.28375229000095675
0.2661347945882427
0.22077789341148443
0.18488521421540577
0.13336142879904647
0.1222189015719441
0.0
0.0
0.0
0.0
0.0563558107920593
0.06693354654563317
0.12574362079263351
0.18431233242820622
0.22333120907156
0.23877658785101907
0.2818476915098202
0.3113528231995245
0.33237961709214286
0.38373066539761136
0.3832521745395407
0.39293334244374484
0.35713726936897283
0.35181869655284564
0.3252129073085105
0.31493522094816306
0.27566914832129324
0.24901884921130749
0.18043938069642024
0.17363175835094338
0.0
0.0
0.0
0.0
0.07154593785571439
0.07043171598647396
0.13056446986353268
0.20438478252223627
0.26433950709093984
0.2773975365388426
0.3056628018360838
0.33732218012507437
0.357323456015031
0.4057729288348494
0.4080875032807465
0.41178269032974596
0.36722941000811493
0.3670421651232091
0.3348862513822558
0.3092825587746931
0.2511504087411468
0.20618982970809674
0.14992243475564843
0.15823408890799373
0.0
0.0
0.0
0.0
0.06005438063070939
0.06371994462766044
0.12493914956499398
0.20924078502697435
0.2571338254297321
0.2597470857905143
0.2962618596096287
0.32869354303032755
0.3411978661151902
0.3892768832881572
0.3962431150429299
0.40155316935260954
0.3623158623276672
0.3561880938557953
0.3257909168163953
0.30673170404323646
0.2533252425355631
0.21614586994384144
0.16999684813972454
0.1954620120649081
0.0
0.0
0.0
0.0
0.09345535876136618
0.08289583894688177
0.1377142859116994
0.21084663403032128
0.26082418879469854
0.26928420147743304
0.29817817384973766
0.3251700066350166
0.3416135733799807
0.38731996362660437
0.3781578289399046
0.38551889657837063
0.35118543073739206
0.34588021151567655
0.3242163633237471
0.30986970195128605
0.28270748627405634
0.24731500408083093
0.1871493957559306
0.20790608862546087
0.0
0.0
0.0
0.0
0.0781601482832787
0.07269571562719834
0.14035615546967906
0.22072705736184506
0.26009786856898964
0.2817702596839599
0.31317623346278306
0.32480797055188065
0.33403134683521096
0.3791626024453055
0.3821469367468142
0.3907834197496484
0.3582618859908349
0.34955333507163305
0.3157860509852188
0.29640292864829265
0.2635316576345007
0.23820844856209708
0.1894993956792829
0.20238861130005456
0.0
0.0
0.0
0.0
0.08004743835128421
0.07911558296660265
0.15035261623722163
0.23052722931854602
0.26699548283236
0.27433939248626377
0.3032464891040806
0.33920876732218636
0.3614931969212143
0.39820493788254735
0.40491056897779887
0.4168291043468205
0.3765507726112297
0.3754386431534948
0.34023513377070635
0.317245025739478
0.28540267107970013
0.2616851608953347
0.21161143439808708
0.24581731192173709
0.0
0.0
0.0
0.0
0.12589874790510747
0.12408939671733978
0.19089669315967275
0.28345504181336467
0.33026347287297775
0.3219308189763671
0.3429018829264036
0.37783317167021757
0.39613514657372256
0.44956853594961654
0.4516598170856259
0.4567334217275154
0.40386843772048875
0.39874524934534783
0.3699453685838861
0.36230350955902685
0.3272573080661115
0.29115707396756507
0.2730168482127099
0.34838952491682784
0.0
0.0
0.0
0.0
0.1398936078456996
0.13606664798424567
0.2079134809950429
0.2917678549475572
0.3303698957850062
0.32450215962154655
0.35873372185704555
0.38822197632457706
0.391516343667618
0.44345521959317175
0.4520162628448431
0.45549654420639046
0.4022950427404983
0.3969339685516909
0.346408896224834
0.3309775509677731
0.3075280351063911
0.2819269894743137
0.2417930098248715
0.2843758352130449
0.0
0.0
0.0
0.0
0.18150152418962032
0.14149705574141103
0.18105059907863194
0.24475061504071652
0.2645755577233058
0.2631096448711439
0.2895327164207633
0.3289846299374579
0.341452127052789
0.3661640526723449
0.3646509643466633
0.3584263633896549
0.30408272031840305
0.30080361481665385
0.2785948493640314
0.2871524581402075
0.26876745551744674
0.24751003776080366
0.19287252084313544
0.12649615608703318
0.0
0.0
0.0
0.0
0.08290022282504518
0.08448432309914111
0.12694320317265442
0.17528385138931532
0.19202966120404008
0.19680446648019795
0.2419028722018894
0.2867665350768302
0.3034153517831113
0.3081416878503217
0.3074464762097919
0.3191774555803813
0.2951242041507837
0.2729218397598884
0.23367889115659113
0.1631512228381542
0.13859497177039332
0.12153623580099526
0.0990480468609523
0.12981756850121046
0.0
0.0
0.0
0.0
0.06351234385590603
0.07024117509835845
0.13910401030120584
0.21976032502392917
0.2639742087928716
0.2695292756736892
0.30790975218932914
0.3440991047650163
0.35839298123510355
0.4076673234594956
0.4081859165671554
0.41152813398867194
0.37036652684734617
0.36493609451977227
0.3287753699008645
0.3232638451946926
0.2735165763644202
0.24963198586089613
0.2215394040337668
0.2702888175674265
0.0
0.0
0.0
0.0
0.14266980506557228
0.11770392817226731
0.1759113787144518
0.24642808595476803
0.26491118729579544
0.2631030536349438
0.30986762664871864
0.35528490618801495
0.3648818061784811
0.3892598481445519
0.38678377088862426
0.38935899820099906
0.35971693369616425
0.3499415146922428
0.30605911597308544
0.2955764137070114
0.2787532150844283
0.2496685341332262
0.212426270431196
0.25070768891489587
0.0
0.0
0.0
0.0
0.12671232488643713
0.12523344319636454
0.2065065496310283
0.26563020248226066
0.27974372678088893
0.2819158615112888
0.311230456978684
0.3554774287135115
0.35282075839861676
0.36414685375803335
0.34856229610710693
0.3394620912656575
0.32878217461176024
0.3380382550966923
0.29717521231855937
0.270865093210758
0.25381956625178753
0.22709906272696853
0.17846787574396403
0.20002185619617657
0.0
0.0
0.0
0.0
0.10304833519876447
0.10709140289327018
0.1628344986621882
0.22117332995982125
0.27136563040966355
0.26669686920643704
0.3019390025845913
0.34434972476443726
0.3524347999429057
0.40526408298922434
0.421191340695708
0.4316362468659652
0.38775481364052444
0.3695538481559846
0.3317065215019728
0.3249967829872303
0.29249421611372967
0.2654077484954689
0.23116322375174406
0.28704714458822633
0.0
0.0
0.0
0.0
0.13439607115895408
0.13063274927370433
0.20212797506639799
0.2748325202923321
0.3032743228498959
0.30043874297140505
0.32882135244368965
0.3548624337859474
0.3703150852562696
0.39581094901301817
0.37853714183411685
0.36426810807565313
0.3111163615369508
0.3090198139061305
0.27136826806483466
0.26205600515506416
0.2401281001062174
0.22883441312237546
0.20475131173724628
0.2445812662864133
0.0
0.0
0.0
0.0
0.12252121253969729
0.11365847611750214
0.1880741051404487
0.254815976589651
0.2856186044202567
0.2812283744322879
0.3195616436750703
0.3420886896596295
0.3348730215445447
0.3760167542872984
0.3811296454244387
0.36977599773191516
0.3154646364011814
0.3189292751136027
0.2990748557841506
0.2981688792995494
0.27374018297241043
0.2489982593785143
0.20910975950454466
0.2526268228094925
0.0
0.0
0.0
0.0
0.12204023816175662
0.11744293065408527
0.19396711984537549
0.26634761736526574
0.29097352930431214
0.28379758838091546
0.31792877005423337
0.3467653854011968
0.3458800087067072
0.36064049130409687
0.33899120242174335
0.3520986204455848
0.33340846847592054
0.3233387131508013
0.2880075173476098
0.2780395927846215
0.25335848890820023
0.22600755656258925
0.19415365650303623
0.22351117039383034
0.0
0.0
0.0
0.0
0.10951626326350457
0.12369099671292859
0.17548062211013282
0.24023521510923418
0.26956850633427715
0.26138368765276343
0.2876595475019347
0.32294271628152504
0.34188857918860377
0.34796193382894197
0.30207461918659473
0.2815323049800279
0.265854392682502
0.27058001237560203
0.23496119471422755
0.21953193911993824
0.20760599161351304
0.1874815267995368
0.14642746715998484
0.15640581404041115
0.0
0.0
0.0
0.0
0.06597421684783868
0.06239610826857948
0.11914941139219724
0.18807277968349545
0.21893394587526527
0.22861406172028295
0.26606610633472644
0.3022283381638496
0.321797703343708
0.3742861978046365
0.37731536681777733
0.3741496746918503
0.3359221130172451
0.3284223333358575
0.3074041177720629
0.3042837264371259
0.27011253387310913
0.23033101404065487
0.18132026592830264
0.2101535064343976
0.0
0.0
0.0
0.0
0.0994142465444163
0.09784339447696043
0.15013891106984034
0.2233144208700544
0.26843099407032234
0.2864569559898783
0.3326761892928971
0.36236533076964716
0.37591547815625465
0.41714761682158685
0.4101647306078682
0.40758923048473905
0.36261863152314294
0.35464516630528037
0.3138324808421591
0.293755070424695
0.261816717267927
0.2403229310388015
0.2134512129702273
0.27120570428773877
0.0
0.0
0.0
0.0
0.1483608436615125
0.12909703140421847
0.17482415674357063
0.23973479137238393
0.27222455805270745
0.2680405517773548
0.2925808932538319
0.3182359254715965
0.3266191330043631
0.37181488697819826
0.37240118303410846
0.3708464487338933
0.3312545493574872
0.33033130991842885
0.2996014951166354
0.29312992435966556
0.26781001981770475
0.2444618168730954
0.2064563145354676
0.25422020474257295
0.0
0.0
0.0
0.0
0.1136436384325556
0.10639710625387891
0.14274951785654982
0.194105681425808
0.23541261019983975
0.24960217439118124
0.2750276036673388
0.3057564870334922
0.3237049709106635
0.36796717901676973
0.3696300906740547
0.365804370178588
0.32300639683863636
0.32431852306498576
0.29270985986381975
0.2836028312664637
0.25057053613371183
0.21960443321917852
0.16113970501458474
0.15184954659172933
0.0
0.0
0.0
0.0
0.03491941377718244
0.05517681631153133
0.10582154016685523
0.17883347376689515
0.2367876865939832
0.24605221252696788
0.26636228316267424
0.2922701297193283
0.30073740655161835
0.3336565686297674
0.33631848644144896
0.3356268687115011
0.29199383900243486
0.28300338959332605
0.2482804435198947
0.23327921581861574
0.18553518438885003
0.17220510135673997
0.1475170018304034
0.13001704071233877
0.0
0.0
0.0
0.0
0.046688552044692445
0.052372362492699
0.09130779517011335
0.138413763329308
0.17137363651055146
0.18347146406448622
0.21669177593187341
0.2529998961444894
0.27105549999375167
0.3072180839068161
0.30345555520615525
0.30609287741626856
0.27386383126199787
0.2596031713535182
0.21062481356864962
0.19020916884746203
0.15397234308683314
0.11917849486761642
0.0772472959718005
0.06159750471634071
0.0
0.0
0.0
0.0
0.0
0.0
0.03559664803677039
0.08167762171443434
0.1095947557320108
0.15042209897904782
0.19814171195702393
0.23413878709529368
0.2513509542992994
0.29177654654826946
0.2981960462518073
0.3058752616450447
0.2804845127566326
0.27092304043016807
0.21527831869530797
0.19274642863436361
0.14591775471590007
0.10210176067982558
0.06682371004119213
0.04125971982179185
0.0
0.0
0.0
0.0
0.0
0.0
0.024884520526153964
0.10683342513060694
0.1656209681724131
0.18800316736329833
0.23529892579215514
0.28269516224120966
0.2998270133728181
0.3373949444743715
0.33795435759483644
0.3433166834626698
0.31165702235575143
0.2961788865446734
0.23693282930425708
0.21282070228375125
0.19437070326135097
0.14128208551975327
0.06428339295821743
0.0590126140514132
0.0
0.0
0.0
0.0
0.0
0.004327878121713185
0.07815031273555265
0.16252961567072952
0.21435700716564218
0.22938443787509333
0.26588541209286165
0.30858957070540344
0.33519863294427377
0.37716498041370833
0.37132414606603353
0.37301090575574347
0.33378135882085375
0.3216759665593061
0.27187574758641947
0.2577702958194651
0.2114210436466671
0.1588145319276704
0.12773740372900302
0.11552257659212779
0.0
0.0
0.0
0.0
0.012146157104528297
0.030848273684845592
0.0914909707669083
0.17200378501126984
0.2322208248057434
0.24359466722733347
0.282239236950247
0.3362857553560572
0.3531251534889943
0.3970937086597132
0.4032644905415781
0.40845246637046306
0.36664217007066185
0.35055756593506443
0.3085306292106324
0.30345663713256055
0.27640714094061825
0.22620064432957612
0.16282556099418072
0.1658803987153772
0.0
0.0
0.0
0.0
0.06433806522190062
0.052615422388697895
0.10140258302942919
0.19287802713283092
0.24695991288730307
0.2589664042776885
0.31467021370973697
0.3539474000440526
0.3673154039747651
0.42138790069548593
0.4256663948511199
0.42123795377626816
0.36826818587173565
0.3616945047294803
0.31495077985597497
0.2984408187510043
0.2487422574914349
0.22891263234489134
0.2029290293123394
0.22184065298973676
0.0
0.0
0.0
0.0
0.20914596535876304
0.16117183810888372
0.1683008894154308
0.19540953813386072
0.2222647910448304
0.23439900125338747
0.27164938925300797
0.2955765267777856
0.2783218670781571
0.2810400958469011
0.2830810685793611
0.29510158382983587
0.27175249764654186
0.27059500478213455
0.22886731202077293
0.22747119373462404
0.22050980842664386
0.18686489081478266
0.1297818447960109
0.13423730692968824
0.0
0.0
0.0
0.0
0.04320437920169184
0.04790070015912705
0.09958741111683944
0.18514950490399698
0.24830244282248334
0.2525848532983543
0.28085082390413507
0.3235724983232243
0.34892665678974105
0.3838558099519158
0.37782784518194146
0.37603187693897344
0.3378922241629681
0.3286183288221466
0.2810689573640272
0.2767488620822416
0.24132437550911717
0.19347973893143924
0.14987921605178683
0.17829779244335658
0.0
0.0
0.0
0.0
0.06707841801399364
0.05372881073937509
0.08450635710495352
0.14223499471846646
0.19248466747344686
0.2306289433258866
0.26261168884688285
0.2846076556325841
0.31262561260588845
0.3517433473351473
0.3260704558965129
0.3207555815465466
0.28042097317235587
0.2643081272668161
0.22234574934917634
0.2272617083102057
0.20954007977153594
0.18399517985985064
0.14111836687197535
0.1329479557791187
0.0
0.0
0.0
0.0
0.061710714389372756
0.05956003297935401
0.1253749189164758
0.1786288371342843
0.2083803512736474
0.22478273405680665
0.26421488349287064
0.28116503261703046
0.2688876432647444
0.25987361520662033
0.24159827348548973
0.2504435319298924
0.2559608554538747
0.24731863047951064
0.20395193620974117
0.18554390846756122
0.15888756582092045
0.13299387360431847
0.09097685654700603
0.07708833390635969
0.0
0.0
0.0
0.0
0.0
0.006267657298174611
0.06699469068234236
0.1384821294118848
0.17405147884997946
0.19097984553863645
0.22789708176594511
0.2658452031588067
0.2896637166740276
0.3403104015719522
0.3488590008482361
0.36035285617469176
0.31790414306685233
0.3014409184414589
0.2478736250288862
0.23166363739035867
0.1797913287947555
0.15182858304965688
0.11199440864939106
0.09784451441974905
0.0
0.0
0.0
0.0
0.0
0.0
0.051836688387334
0.1329011243282409
0.1935216539547385
0.21235557174597502
0.24282102652153417
0.2782073091408761
0.2761072934857545
0.2996531937387775
0.3196954734396212
0.320576282269147
0.2694912584950284
0.24445488415494218
0.20185981245936704
0.18636651221079717
0.1521483470246594
0.11800968763260654
0.08283710720450016
0.0760349304184
0.0
0.0
0.0
0.0
0.0
0.003746202001134763
0.048207781028799745
0.10398147883636946
0.15105699446533152
0.17691114679047446
0.22180410212052382
0.26883286448737326
0.284137925046473
0.3297893539632805
0.34261635603493146
0.34261781706288946
0.30117024695622996
0.2894491769623841
0.23186806619736106
0.22535268646761256
0.194703098004948
0.14427572911317288
0.12104423528375742
0.14665976581094428
0.0
0.0
0.0
0.0
0.0
0.014307824918006688
0.06315356618046031
0.12496387738050672
0.16443354575403407
0.18271813506088208
0.2277046260350489
0.27012317316526724
0.2872361682914878
0.3365572424475122
0.3498451125451189
0.33723664828074024
0.28206702732629113
0.27808264874736693
0.23516021085566
0.2237167266030717
0.19094794308178725
0.16150960568258899
0.12690723397363168
0.11341219755518898
0.0
0.0
0.0
0.0
0.022485724404497493
0.03646404659744361
0.08705211840255704
0.17276222627735952
0.21972618546098946
0.2300473700666474
0.26671651245484823
0.30948833059288144
0.3255693569006673
0.36764691359904
0.37080481360732753
0.3515748903532193
0.30527578100558517
0.2948919196731578
0.24133333299274118
0.20770237355034635
0.175484750305391
0.15878591779528903
0.11533977324765866
0.10274935935696004
0.0
0.0
0.0
0.0
0.013753543332716922
0.04136844841259815
0.10012046793418246
0.17972247438521177
0.2373101121127554
0.2455234899204968
0.27647197001850216
0.31165471471675427
0.3299947408735657
0.3748143310003041
0.372707649191079
0.3763042067356302
0.33830127159573264
0.32081241060567073
0.261534242143286
0.25185049606260473
0.2237361743873556
0.19492594913048686
0.1471670544725943
0.11566380487614487
0.0
0.0
0.0
0.0
0.033278742662278225
0.03547723409398096
0.09012725678071849
0.189537866762448
0.2446961853717181
0.25069122440095304
0.2849613820532554
0.32100034928038856
0.34496282416620805
0.3985707633102083
0.3986919515334927
0.396892418762804
0.35329665946286826
0.34280695261089117
0.2897031851403552
0.274168181409193
0.23219926859576856
0.2057423551436393
0.15428993418632286
0.1558326141324006
0.0
0.0
0.0
0.0
0.03836525191814849
0.07222073207383392
0.13440975194313556
0.2150210586147327
0.27525099492117283
0.28444220939727505
0.3109768566660883
0.34823562601950936
0.3687718787731133
0.41266302200404115
0.4042968844435748
0.4049464262456781
0.3665920665909759
0.34781982504003395
0.2935391747279899
0.2833585408472742
0.2594765851134637
0.23860688046267073
0.2012056496973138
0.24316430695427013
0.0
0.0
0.0
0.0
0.10063914769891036
0.08150367481425316
0.14434680531626107
0.20942329670096352
0.25312215420649153
0.27752812783898534
0.3229159014857917
0.3563395655529561
0.36063255468403116
0.39402126150725447
0.4023504352133527
0.3918374815374066
0.3469817077178934
0.33284746057923253
0.24791100025389368
0.2504188547428887
0.24907771761903627
0.21757646678894144
0.17917534144389935
0.18796234542881943
0.0
0.0
0.0
0.0
0.07929483841403555
0.05214234484646395
0.10309215563151111
0.1974714920345684
0.2384235323619832
0.24034343766103172
0.27503319809907206
0.30163111297163736
0.3172585329905989
0.3708737983603096
0.32844550038809883
0.3130903132764452
0.28610124574323115
0.28125827330442243
0.2225411190099982
0.21721829400716475
0.19831346269826006
0.16574913072404412
0.14454728601832675
0.16076786988897637
0.0
0.0
0.0
0.0
0.07064584191658708
0.06428634922093591
0.10925581544827825
0.17337017731983206
0.25520567183139364
0.2761176637098867
0.30692642996841624
0.3343385163925213
0.3406396123218702
0.37721156833737174
0.36674115676814056
0.36453430888520527
0.31694022485903994
0.30111677629044153
0.24399528574985477
0.22779035321296173
0.17677484565635848
0.17962774339033294
0.17657635230280105
0.21782188180050566
0.0
0.0
0.0
0.0
0.12363053753777518
0.08191968814221695
0.11211825069701069
0.16051568512900533
0.20489836837914313
0.21127002277762943
0.2332346637219222
0.265653987686161
0.275402415260051
0.3085767971811868
0.26571373895398126
0.1732114822561301
0.14224739029989777
0.16965615977513535
0.1509785476038171
0.13842799437357328
0.12203219248820382
0.09900077922047286
0.05381332081141206
0.04604989640154821
0.0
0.0
0.0
0.0
0.0
0.0
0.020482970361115318
0.07055871925693068
0.09978367340416
0.1260951986692841
0.17032545699648596
0.21422593849275376
0.2319359350316113
0.25153433277151865
0.2600156007182696
0.2619263083078959
0.2298874511885656
0.21651227720363295
0.16816495769094897
0.1412565744003247
0.12598157663976298
0.11207778792992609
0.06315030245898035
0.03227807155838211
0.0
0.0
0.0
0.0
0.0
0.0
0.02083540952098722
0.08385944032074
0.14287760168462912
0.16530171801488658
0.20265934326300952
0.24835329388387067
0.2668187103395788
0.30058666610330376
0.30345786655118945
0.31073783218469975
0.26738125521465494
0.241854157814697
0.19245859799669401
0.18609212297597494
0.17756450604436197
0.12448483908622289
0.0747009868609227
0.06593124068734997
0.0
0.0
0.0
0.0
0.0
0.0
0.03407055444921383
0.11314385742325485
0.17654461146098685
0.19234623168509515
0.2253255758395581
0.26941815092233884
0.28908462281022757
0.32055850291760357
0.313366704605035
0.3153869886472516
0.28784886059822884
0.26090514596447617
0.21642079029585531
0.19529255059326314
0.158615955043671
0.1291665512407184
0.09906566305052515
0.08316067625921704
0.0
0.0
0.0
0.0
0.0
0.0008617139349705831
0.03910467066757447
0.11304778844640385
0.17090998399355414
0.1967587674349981
0.2400243055000122
0.28846763842449447
0.3089010672173351
0.34719043493706564
0.35324673992635025
0.35754363665459926
0.31747391310369194
0.29283502341867107
0.2380841084592362
0.21623859830379172
0.1655571762290525
0.1273241718557044
0.09955468420252199
0.07674747547147644
0.0
0.0
0.0
0.0
0.0
0.0027936664187562465
0.03451370283814418
0.10328106780737577
0.1489842854344023
0.18984233330127465
0.25247557442403235
0.28509031879453
0.2993576881238914
0.349355928832033
0.33771527340699814
0.3495650758185712
0.3076722620473865
0.292025179371377
0.24205734281240762
0.21726993548420542
0.18784981917173826
0.1496475964808682
0.1177675985074344
0.1333555334487006
0.0
0.0
0.0
0.0
0.07033814415433903
0.045447812568313484
0.08746442446433964
0.16232500145214598
0.21159029617274766
0.23619637234666754
0.27211735790228936
0.302538398784775
0.3145972227910794
0.3611685486503918
0.36972374312918727
0.36709817008438084
0.31268739421589203
0.285060944434134
0.22730216990446778
0.20113020907520593
0.14512345903567347
0.09730533913182586
0.05032521184097921
0.03387866573768661
0.0
0.0
0.0
0.0
0.0
0.0
0.022563435089693044
0.10634786851404508
0.18600973855488348
0.20902345687074814
0.23767594107412365
0.27581668191818626
0.2966685004591151
0.34232887044017146
0.34243513525849406
0.3389178709973992
0.29839145083220425
0.2732394493182574
0.23893377038369643
0.23486139599344474
0.19780006033813674
0.15728610485829664
0.08867424494963205
0.06387374149293763
0.0
0.0
0.0
0.0
0.006758105021603372
0.010195689088618641
0.04742150209834516
0.11820852811571393
0.17448545580222685
0.20088445399616686
0.22707810002869117
0.261445894238558
0.27253122781654776
0.29384102635693193
0.28318197939327705
0.29112646186160385
0.2518260359893513
0.22052163535762676
0.1674422645552341
0.14065710456539496
0.11395501317043494
0.07435377244548944
0.023367293840403525
0.0
0.0
0.0
0.0
0.0
0.0
0.0
0.002424932304814005
0.02615277291187991
0.058295749268848236
0.0911824924902551
0.1344640189941826
0.1715246654537157
0.1807983266442894
0.20830639289387842
0.18731122325046365
0.16012634386597183
0.13009430667954283
0.11327735668817422
0.09376424698833492
0.06888528297876416
0.04471284040547149
0.032959176471587956
0.01243794320004393
0.0
0.0
0.0
0.0
0.0
0.0
0.0
0.0
0.0014635305421999579
0.01971768558309888
0.06023716806622884
0.11624786851857115
0.17251173488787216
0.195840902497544
0.22670721176186437
0.23276000126852758
0.2393376676136933
0.21460017883079302
0.18276646259719329
0.1422333815893719
0.13065764147111533
0.08564781130086796
0.06874261213630233
0.03927019138154618
0.0
0.0
0.0
0.0
0.0
0.0
0.0
0.004497148461753261
0.04607131471904447
0.08994619350406634
0.12514154832247879
0.16823268540547576
0.2221083331790873
0.25486602579983586
0.31790670572089047
0.32878043146023017
0.32392759132079696
0.28174578817359724
0.2495632408253787
0.19632075452517395
0.178955114919097
0.15544910853032712
0.12765276101506112
0.09735494008631057
0.10208427208805732
0.0
0.0
0.0
0.0
0.031068759240784963
0.03543246263556339
0.04208343802191749
0.07784631984427837
0.1413555718481028
0.17125903871510723
0.20618317460739627
0.2379519157255458
0.2677419098802278
0.3068308888834633
0.30136442381586964
0.30266333051198213
0.2618923493123794
0.23297887911419726
0.18449419423703525
0.159034962408465
0.1058704249777291
0.07265599465145701
0.044821595732246
0.0055935417826788155
0.0
0.0
0.0
0.0
0.0
0.0
0.010391859494636899
0.06577425404933229
0.12161143784470269
0.16084019845565986
0.20187137359075646
0.23460503731402924
0.25279357953917186
0.2937022487076091
0.2958262912313204
0.2973543693215323
0.2519490446642096
0.22319610015100244
0.17671083708522622
0.1372168119801518
0.10012774663802802
0.07677364577705277
0.04516299308847282
0.010425247008159737
0.0
0.0
0.0
0.0
0.0
0.0
0.0033947380535223944
0.07559046774981705
0.13315702999548684
0.16100454885536167
0.20305329986943496
0.24669586808417376
0.2695906041831797
0.31331592564756827
0.3202984957764988
0.3154270640673731
0.2741978063770946
0.2309630117607012
0.18736278748109944
0.1687892896699536
0.1356551372072409
0.10468465553439879
0.058723621413479726
0.04961178930891463
0.0
0.0
0.0
0.0
0.0
0.0
0.016066266467393772
0.09087412832318674
0.16269533862569593
0.19373893439332185
0.23295942940839184
0.2754029078840545
0.298076959194458
0.34078992873924174
0.34547230318170913
0.3463157482248394
0.3048597279841697
0.25506554698326517
0.197785858872364
0.1860345182143078
0.1600632805668829
0.1221892775626086
0.08102912420897451
0.06717702489909283
0.0
0.0
0.0
0.0
0.0
0.0
0.02855217689887556
0.11048162267809626
0.1867563987782195
0.22277443297254185
0.2694293067784161
0.3047035966536548
0.3201573981679929
0.3582891398877792
0.3586941448634433
0.3675912340873677
0.32115815684667903
0.2762954502992909
0.21372493329006545
0.1858071348240354
0.15837788517804102
0.12395824599881658
0.07472397953989371
0.052007905772609976
0.0
0.0
0.0
0.0
0.0
0.0
0.051917761007287476
0.12692858404791457
0.20103490263811702
0.23364678463964608
0.26790751582771166
0.3024890637372979
0.3213461875814253
0.3646493425604027
0.3613265974105016
0.35536795406022553
0.31846639750210776
0.2731510653289297
0.21527457955154547
0.18846251574523484
0.15781172280767108
0.09403728716201311
0.05897120212092762
0.0754950781580655
0.0
0.0
0.0
0.0
0.0
0.0
0.014467647630640129
0.09961314193345876
0.1593636749793678
0.1743376249641681
0.20497106375291574
0.23356412129953993
0.24178153474477984
0.259051390704876
0.25080993647579036
0.2602825549540128
0.227686740671871
0.17134983973503068
0.12783115076700302
0.11877203935166528
0.11374433179119905
0.08660141076887463
0.0550099398957565
0.06392796103494126
0.0
0.0
0.0
0.0
0.0
0.0
0.016114070162807827
0.07253696469842744
0.10843820498581043
0.14367427275172853
0.18394914973673238
0.20391303561098892
0.21988394086142135
0.24020496758639667
0.17205441317197653
0.13955048671527517
0.13555601228748806
0.11973698858250881
0.08831924883717583
0.07145908494470561
0.04717444312629799
0.02089613338895201
0.0
0.0
0.0
0.0
0.0
0.0
0.0
0.0
0.0
0.0377812301736034
0.08687891293724627
0.12021931999810298
0.15706120317389063
0.18877427049195214
0.20896735720770376
0.23853635674745685
0.2254913854081186
0.22597670932228686
0.18631189078341975
0.1638481048510723
0.13747358638020618
0.12061915416595842
0.0906095269326874
0.057964855077448155
0.03975140856021
0.004904617642906821
0.0
0.0
0.0
0.0
0.0
0.0
0.01192501675182941
0.0566393298922925
0.09345424395112494
0.13850292206838957
0.1784650550586208
0.21429321505612686
0.23394991058234582
0.2699908414944903
0.278265117262278
0.2951224427812743
0.26095674737851304
0.21581801461725786
0.17990667305355987
0.16808371090783444
0.14939672219980243
0.1161049336094513
0.07239492277917986
0.044203804806003506
0.0
0.0
0.0
0.0
0.0
0.0
0.02388191547543429
0.07522245519735998
0.13076064980310492
0.17603377165381998
0.2093412138811849
0.2430071724735217
0.26807575224840174
0.3214752386114528
0.32545524042723045
0.32074414397655937
0.2820369263653462
0.23739624987974553
0.19429820250434332
0.19740047306533687
0.18146541188542004
0.15239421751620852
0.09174495295811351
0.06941186015783148
0.0
0.0
0.0
0.0
0.0
0.0
0.036370385371882176
0.09791360314043555
0.15115163856469938
0.1769214525762277
0.21637389980866434
0.24707826908242136
0.26152923113709836
0.3109518980959778
0.31544107133235616
0.310058689177093
0.26530755708440334
0.2197292986990666
0.18059244239237623
0.17171426725289463
0.14790469499338732
0.11312715475359213
0.06726256693077061
0.056601261609382676
0.0
0.0
0.0
0.0
0.0
0.009208324028878901
0.04039826144674259
0.10236034464386685
0.14973618054379453
0.1687975362498046
0.20268057128797212
0.2415405585895331
0.2699065404311821
0.3111169089265007
0.3011006245014559
0.2997051709417114
0.260307455642492
0.21915555855938224
0.1724924100198023
0.14948749158238256
0.12160102494104595
0.0892297633605792
0.04720068586648517
0.03102458563450371
0.0
0.0
0.0
0.0
0.0
0.0
0.0090834657740651
0.08096049476499224
0.1366549996149001
0.17035101163701608
0.2170674574122424
0.2688478592858602
0.28996260797430673
0.32015415932442826
0.3178350608654679
0.3224773254805691
0.2814120336320701
0.2285580159195732
0.1757061547081141
0.13611501508367685
0.10779493935421297
0.07300650689775999
0.029044195568933385
0.0
0.0
0.0
0.0
0.0
0.0
0.0
0.007109083494796876
0.06360368966417597
0.12535025578905765
0.17759404839630674
0.20955748765565715
0.2612757092209014
0.28545943991125716
0.321824723890246
0.32106845259043576
0.3191762960118963
0.2698739506567241
0.2292301271244872
0.17494756059319008
0.1338056467180157
0.10686990988863528
0.0858113195477616
0.05598346158526622
0.03295159150173776
0.0
0.0
0.0
0.0
0.0
0.0
0.010805188231695876
0.059601395821177114
0.1124682859782932
0.1424552690974157
0.17549794796513643
0.20779331252696925
0.22971430326233616
0.28108008165529563
0.2974154482659765
0.3018186871089615
0.26064311014443675
0.2221189084666565
0.18452334172627669
0.17141009215401393
0.15015811914518845
0.14304911262331196
0.11261742807448996
0.11154014773176553
0.0
0.0
0.0
0.0
0.07789170585299188
0.06050249369872659
0.0873125863049916
0.1372448221787198
0.17116008697956556
0.18203291128578603
0.21685742546025324
0.24785200191955206
0.2550634898368213
0.2598688602270603
0.2418941123958489
0.23385719240909097
0.2059862850224804
0.17873108925149053
0.15509650776641026
0.147683081788776
0.12302518094761193
0.0995505057555897
0.058236950419891964
0.03772119654855878
0.0
0.0
0.0
0.0
0.0
0.0
0.009846388817836265
0.04393675430115428
0.07415955150378487
0.1106599522122271
0.15333382991393343
0.18705141997126323
0.19875605141827976
0.22864528191687522
0.22828855182415986
0.2308404419703342
0.2103711788819155
0.18772693621595543
0.16623444458088205
0.13625697032092585
0.09293743294933603
0.058494710507788705
0.039746666825900626
0.013249662047336836
0.0
0.0
0.0
0.0
0.0
0.0
0.008225654928844516
0.059172137379175184
0.09861337056519116
0.1343530423452201
0.1709838811304604
0.21359469056544897
0.23161576995066138
0.2611929070706303
0.26387400710903636
0.26656725092999667
0.23009727421666978
0.19758201087283628
0.17761051205498868
0.14980799077147205
0.1089381448412068
0.07974559640659709
0.05051565143037719
0.037350796967641896
0.0
0.0
0.0
0.0
0.0
0.0
0.007209823240019875
0.05673764014613088
0.10626304057902933
0.1382727207285743
0.17564162004871714
0.2167281201372257
0.2424422537562222
0.2790587094794581
0.27983264771770855
0.2811615112716501
0.24710507987797609
0.20927443530429646
0.1564228799056524
0.136388061924224
0.11557570613337494
0.08413700962942311
0.05725935378245218
0.0534747785747668
0.0
0.0
0.0
0.0
0.0
0.0007983506662479436
0.005628938722568337
0.06335817796774153
0.11380275912668907
0.15112709613367215
0.19803265328618572
0.24544532014710643
0.26030971653929197
0.29276540199574286
0.285189204660872
0.25787673242648057
0.2092773294098638
0.1609534815439853
0.12325040213726195
0.09330541047119031
0.05314263203863938
0.021982121704470014
0.0005110508071830883
0.0
0.0
0.0
0.0
0.0
0.0
0.0
0.0
0.0
0.0
0.0
0.008645068346596016
0.03158859151938263
0.03925382021057079
0.042497258657328014
0.04310672691645336
0.04516760515569601
0.029317450769802373
0.016575113000587144
0.0013688185874226883
0.0
0.0
0.0
0.0
0.0
0.0
0.0
0.0
0.0
0.0
0.0
0.0
0.0
0.0
0.0
0.0038749009774137924
0.03178944128310836
0.048781340273301325
0.05722458110810285
0.06411165692023993
0.06647148649018463
0.05577021278964009
0.04907760903128658
0.033075846751513635
0.006148093501409958
0.0
0.0
0.0
0.0
0.0
0.0
0.0
0.0
0.0
0.0
0.0
0.0
0.0
0.008280410724181076
0.05006040552677985
0.100681985904485
0.14019149700944833
0.1703710923263103
0.18266861108346555
0.19099971575527785
0.1579912912651312
0.12373577167788175
0.08546268713631718
0.05847512935996542
0.0566623980065422
0.02205542627729581
0.0
0.0
0.0
0.0
0.0
0.0
0.0
0.0
0.0
0.01955228237202206
0.06332217807835737
0.08417622541373355
0.11907450519886553
0.15704509106585754
0.17271748893128816
0.19134893690248808
0.17916773258673793
0.1631551898601066
0.12786581748148698
0.0839748803197393
0.052856655078766926
0.031802274327420756
0.005087907793887571
0.0
0.0
0.0
0.0
0.0
0.0
0.0
0.0
0.0
0.0
0.0
0.0
0.0
0.0
0.0
0.0
0.0
0.0
0.0
0.0
0.0
0.0
0.0
0.0
0.0
0.0
0.0
0.0
0.0
0.0
0.0
0.0
0.0
0.0
0.0
0.0
0.0
0.0
0.0
0.0
0.0
0.0
0.0
0.00042106249470087937
0.0
0.0
0.0
0.0
0.0
0.0
0.0
0.0
0.0
0.0
0.0
0.0
0.0
0.0
0.0
0.0
0.0
0.0
0.02018389845833559
0.043267319970678
0.04400121526173736
0.039579360272056
0.05593667971367582
0.05802864952588417
0.04093941767592639
0.007454016859157422
0.0
0.0
0.0
0.0
0.0
0.0
0.0
0.0
0.0
0.0
0.0
0.0
0.0
0.0
0.0
0.037973543571767035
0.08459809174028322
0.11886925941520199
0.1437802687748867
0.1462236314730756
0.1466551366627536
0.12522279395722088
0.08317283540020753
0.023069977224473903
0.0
0.0
0.0
0.0
0.0
0.0
0.0
0.0
0.0
0.0
0.0
0.0
0.0
0.009977575173174786
0.04641942904636339
0.08599454967854908
0.1253945425426873
0.1523328410073778
0.18988027384855882
0.19659366444241108
0.19539863165747376
0.1579958253797071
0.09450449698334527
0.03451559305669951
0.01628039191010963
0.0
0.0
0.0
0.0
0.0
0.0
0.0
0.0
0.0
0.0
0.0
0.0
0.024377021954908373
0.06983675045053571
0.12084084283991688
0.1633107866481972
0.17922163648603298
0.1992602033595215
0.2008128282547266
0.19877853957807795
0.16654583367049589
0.11865943181198506
0.057405312963224125
0.020963978992743805
0.0027349840973889057
0.0
0.0
0.0
0.0
0.0
0.0
0.0
0.0
0.0
0.0
0.0
0.012876171725724774
0.053783967470688775
0.0997724595406859
0.14174366124547338
0.15763909309814902
0.182814132078603
0.1943699428634603
0.20283022798661718
0.17050243063322232
0.13159438429106401
0.07670427474602813
0.013385177060887897
0.0
0.0
0.0
0.0
0.0
0.0
0.0
0.0
0.0
0.0
0.0
0.0
0.003327881850195931
0.0412422258661775
0.0889002621415861
0.13727362535000948
0.16164987819964086
0.18405264408436903
0.18587973555205256
0.19107917215478123
0.15873036494810744
0.13829660505741154
0.0722726854037583
0.020992226778768695
0.001547133436134273
0.0
0.0
0.0
0.0
0.0
0.0
0.0
0.0
0.0
0.0
0.0
0.0036659232378469914
0.03604641504444141
0.07268668827989537
0.12087363301964137
0.14972021235636512
0.18581421909123727
0.19898536207518175
0.19951457371558914
0.15788088156918015
0.11026736190304255
0.06427158041777414
0.027607295438732107
0.005493161482727603
0.0
0.0
0.0
0.0
0.0
0.0
0.0
0.0
0.0
0.0
0.007066027827645782
0.04580356294685019
0.06921766182041215
0.10430975707403727
0.13442726821712286
0.14818385963356778
0.16252181445312874
0.15700778970717302
0.14937738491410565
0.11495450984435307
0.08137535249484709
0.04273816896872771
0.007982952415432646
0.0
0.0
0.0
0.0
0.0
0.0
0.0
0.0
0.0
0.0
0.0
0.0
0.0
0.026854644918196405
0.07411194701013521
0.11862056215279168
0.12672355599509072
0.13996805497821432
0.14619527066817029
0.1447496602037922
0.10531882965912465
0.07320428185678347
0.027882216998820614
0.023211424807228997
0.02390765304650241
0.0006031392463406599
0.0
0.0
0.0
0.0
0.0
0.0
0.0
0.0
0.0
0.0
0.004520550198398034
0.03550507310209041
0.08421339353036277
0.11972619850110848
0.1312356008773459
0.15546343202530258
0.162406714846126
0.16008900250161487
0.12342377734131381
0.08867578872760871
0.04853654514092495
0.02351704516019231
0.0018138642700553141
0.0
0.0
0.0
0.0
0.0
0.0
0.0
0.0
0.0
0.0
0.0
0.0
0.0006456088461019577
0.02875075529836259
0.07027707385750451
0.10574680454482786
0.12218201967765849
0.1150981505209004
0.11048535169406978
0.08615994289066566
0.05303697492113823
0.033074894231254225
0.010982336796354715
0.006092296052309478
0.0
0.0
0.0
0.0
0.0
0.0
0.0
0.0
0.0
0.0
0.0
0.0
0.0
0.0
0.0
0.0
0.0
0.0
0.0
0.0
0.0
0.0
0.0
0.0
0.0
0.0
0.0
0.0
0.0
0.0
0.0
0.0
0.0
0.0
0.0
0.0
0.0
0.0
0.0
0.0
0.0
0.0
0.0
0.0
0.0
0.0
0.0
0.0
0.0
0.0
0.0
0.0
0.0
0.0
0.0
0.0
0.0
0.0
0.0
0.0
0.0
0.0
0.0
0.0
0.0
0.0
0.0
0.0
0.0
0.0
0.0
0.0
0.0
0.0
0.0
0.0
0.0
0.0
0.0
0.0
0.0
0.0
0.0
0.0
0.0
0.0
0.0
0.0059276405761511455
0.001621248486888144
0.0007866819362243162
0.0021013653838752515
0.004393054819706684
0.0
0.0
0.0
0.0
0.0
0.0
0.0
0.0
0.0
0.0
0.0
0.0
0.0
0.0
0.0
0.0
0.0
0.0
0.009885779574752162
0.02818554040316794
0.04413601108949611
0.04870424218280662
0.043901856628992264
0.029090809211389384
0.01211395465115338
0.0
0.0
0.0
0.0
0.0
0.0
0.0
0.0
0.0
0.0
0.0
0.0
0.0
0.0
0.0
0.0
0.0
0.0
0.016752825645333525
0.03563993913316576
0.04863247073977367
0.03905456341806449
0.01839649996770789
0.011156188292432392
0.0
0.0
0.0
0.0
0.0
0.0
0.0
0.0
0.0
0.0
0.0
0.0
0.0
0.0
0.0
0.0
0.01077993664163282
0.048589118839491616
0.07306581098090607
0.09500874481339863
0.09700584916084701
0.09243985237314956
0.06923414947796407
0.043847081501435084
0.0072879076177194465
0.0
0.0
0.0
0.0
0.0
0.0
0.0
0.0
0.0
0.0
0.0
0.0
0.0
0.0
0.0014673247547180126
0.037731928600833506
0.08176011790118902
0.10811087737272179
0.13246504683480823
0.14127994669077734
0.13761861482907797
0.10245969395506002
0.06799123695024781
0.031955842554605735
0.0018911023656975217
0.0
0.0
0.0
0.0
0.0
0.0
0.0
0.0
0.0
0.0
0.0
0.0
0.0
0.0
0.0
0.0
0.0
0.0
0.0
0.0
0.0
0.0
0.0
0.0
0.0
0.0
0.0
0.0
0.0
0.0
0.0
0.0
0.0
0.0
0.0
0.0
0.0
0.0
0.010402424480846122
0.03663642797529293
0.05115939812945658
0.055877073340989535
0.04791958799389793
0.0452780940693424
0.029095109987166256
0.003428219213440784
0.0
0.0
0.0
0.0
0.0
0.0
0.0
0.0
0.0
0.0
0.0
0.0
0.0
0.0
0.0
0.010394567932256724
0.04573096960468442
0.06903525749662459
0.09912200563846425
0.10282722868869859
0.08779137865162633
0.07421052846109699
0.03937534588593069
0.007760311236771625
0.0
0.0
0.0
0.0
0.0
0.0
0.0
0.0
0.0
0.0
0.0
0.0
0.0
0.0
0.0
0.0034865924849941236
0.034792493053854755
0.06319254406344672
0.0750981937008988
0.08963983797475673
0.0957258179106348
0.08236196192067793
0.03404839621168849
0.00459299735889147
0.0
0.0
0.0
0.0
0.0
0.0
0.0
0.0
0.0
0.0
0.0
0.0
0.0
0.0
0.0
6.356683072914325e-05
0.02017295021192993
0.05041782558492683
0.06648747526950215
0.08677262310406884
0.08458263756669028
0.07538830728718249
0.034715188964120854
0.008792663904773988
0.0
0.0
0.0
0.0
0.0
0.0
0.0
0.0
0.0
0.0
0.0
0.0
0.0
0.0
0.0
0.0
0.0
0.0
0.0
0.0
0.0
0.0
0.0
0.0
0.0
0.0
0.0
0.0
0.0
0.0
0.0
0.0
0.0
0.0
0.0
0.0
0.0
0.0
0.0
0.0
0.0
0.0
0.0
0.0
0.0
0.0
0.0
0.0
0.0
0.0
0.0
0.0
0.0
0.0
0.0
0.0
0.0
0.0
0.0
0.0
0.0
0.0
0.0
0.0
0.0
0.0
0.0
0.0
0.0
0.0
0.0
0.0
0.0
0.0
0.0
0.0
0.0
0.0
0.0
0.0
0.0
0.0
0.0
0.0
0.0
0.0
0.0
0.0
0.0
0.0
0.0
0.0
0.0
0.0
0.0
0.0
0.0
0.0
0.0
0.0
0.0
0.0
0.0
0.0
0.0
0.0
0.0
0.0
0.0
0.0
0.0
0.0
0.0
0.0
0.005537880920657899
0.008941497318590612
0.0
0.0
0.0
0.0
0.0
0.0
0.0
0.0
0.0
0.0
0.0
0.0
0.0
0.0
0.0
0.0
0.0
0.0
0.0
0.0
0.0
0.0
0.005088633324287128
0.01778739969908503
0.016426244161023132
0.005474001718366438
0.0
0.0
0.0
0.0
0.0
0.0
0.0
0.0
0.0
0.0
0.0
0.0
0.0
0.0
0.0
0.0
0.0
0.0
0.0
0.03090258371339255
0.05794784020377394
0.07202478880543622
0.0800387281947583
0.05869301973146496
0.01123192808870724
0.0
0.0
0.0
0.0
0.0
0.0
0.0
0.0
0.0
0.0
0.0
0.0
0.0
0.0
0.0
0.0
0.0
0.0
0.0035379938257028253
0.03528398192359541
0.05310417828903786
0.04845208217145033
0.011001241009428713
0.0
0.0
0.0
0.0
0.0
0.0
0.0
0.0
0.0
0.0
0.0
0.0
0.0
0.0
0.0
0.0
0.0
0.0
0.0
0.0019466346000602775
0.04029769578846706
0.05949443430975897
0.07098159562818963
0.04888849561512802
0.0059820621895301995
0.0
0.0
0.0
0.0
0.0
0.0
0.0
0.0
0.0
0.0
0.0
0.0
0.0
0.0
0.0
0.0
0.0
0.0
0.010186708383256086
0.04637661075108978
0.046791647092631096
0.030019287668845266
0.0065222948898592354
0.0
0.0
0.0
0.0
0.0
0.0
0.0
0.0
0.0
0.0
0.0
0.0
0.0
0.0
0.0
0.0
0.0
0.0
0.0
0.011451261434691301
0.040280568559782036
0.04138266672953584
0.02493984276522947
0.0031746651375012314
0.0
0.0
0.0
0.0
0.0
0.0
0.0
0.0
0.0
0.0
0.0
0.0
0.0
0.0
0.0
0.0
0.0
0.0
0.0
0.0
0.008308947105920124
0.0031409514943759546
0.0
0.0
0.0
0.0
0.0
0.0
0.0
0.0
0.0
0.0
0.0
0.0
0.0
0.0
0.0
0.0
0.0
0.0
0.0
0.0
0.0
0.0
0.0
0.0
0.0
0.0
0.0
0.0
0.0
0.0
0.0
0.0
0.0
0.0
0.0
0.0
0.0
0.0
0.0
0.0
0.0
0.0
0.0
0.0
0.0
0.0
0.012311252439030534
0.003781735121931477
0.0
0.0
0.0
0.0
0.0
0.0
0.0
0.0
0.0
0.0
0.0
0.0
0.0
0.0
0.0
0.0
0.0
0.0
0.0
0.0
0.0
0.0
0.02833377599303723
0.04641298707930225
0.03148308360587205
0.005571480901799439
0.0
0.0
0.0
0.0
0.0
0.0
0.0
0.0
0.0
0.0
0.0
0.0
0.0
0.0
0.0
0.0
0.0
0.0
0.0
0.0
0.0
0.0
0.0
0.0
0.0
0.0
0.0
0.0
0.0
0.0
0.0
0.0
0.0
0.0
0.0
0.0
0.0
0.0
0.0
0.0
0.0
0.0
0.0
0.0
0.0
0.0
0.0
0.0
0.0
0.0
0.0
0.0
0.0
0.0
0.0
0.0
0.0
0.0
0.0
0.0
0.0
0.0
0.0
0.0
0.0
0.0
0.0
0.0
0.0
0.0
0.0
0.0
0.0
0.0
0.0
0.0
0.0
0.0
0.0
0.0
0.0
0.0
0.0
0.0
0.0
0.0
0.0
0.0
0.0
0.0
0.0
0.0
0.0
0.0
0.0
0.0
0.0
0.0
0.0
0.0
0.0
0.0
0.0
0.0
0.0
0.0
0.0
0.0
0.0
0.0
0.0
0.0
0.0
0.0
0.0
0.0
0.0
0.0
0.0
0.0
0.0
0.0
0.0
0.0
0.0
0.0
0.0
0.0
0.0
0.0
0.0
0.0
0.0
0.0
0.0
0.0
0.0
0.0
0.0
0.0
0.0
0.0
0.0
0.0
0.0
0.0
0.0
0.0
0.0
0.0
0.0
0.0
0.0
0.0
0.0
0.0
0.0
0.0
0.0
0.0
0.0
0.0
0.0
0.0
0.0
0.0
0.0
0.0
0.0
0.0
0.0
0.0
0.0
0.0
0.0
0.0
0.0
0.0
0.0
0.0
0.0
0.0
0.0
0.0
0.0
0.0
0.0
0.0
0.0
0.0
0.0
0.0
0.0
0.0
0.0
0.0
0.0
0.0
0.0
0.0
0.0
0.0
0.0
0.0
0.0
0.0
0.0
0.0
0.0
0.0
0.0
0.0038031802338714163
0.012807399941666901
0.001102075527511127
0.0
0.0
0.0
0.0
0.0
0.0
0.0
0.0
0.0
0.0
0.0
0.0
0.0
0.0
0.0
0.0
0.0
0.0
0.0
0.0
0.0
0.0
0.0
0.0
0.0
0.0
0.0
0.0
0.0
0.0
0.0
0.0
0.0
0.0
0.0
0.0
0.0
0.0
0.0
0.0
0.0
0.0
0.0
0.0
0.0
0.0
0.0
0.0
0.0
0.0
0.0
0.0
0.0
0.0
0.0
0.0
0.0
0.0
0.0
0.0
0.0
0.0
0.0
0.0
0.0
0.0
0.0
0.0
0.0
0.0
0.0
0.0
0.0
0.0
0.0
0.0
0.0
0.0
0.0
0.0
0.0
0.0
0.0
0.0
0.0
0.0
0.0
0.0
0.0
0.0
0.0
0.0
0.0
0.0
0.0
0.0
0.0
0.0
0.0
0.0
0.0
0.0
0.0
0.0
0.0
0.0
0.0
0.0
0.0
0.0
0.0
0.0
0.0
0.0
0.0
0.0
0.0
0.0
0.0
0.0
0.0
0.0
0.0
0.0
0.0
0.0
0.0
0.0
0.0
0.0
0.0
0.0
0.0
0.0
0.0
0.0
0.0
0.0
0.0
0.0
0.0
0.03247635818441556
0.06947828412598053
0.07849753203689373
0.07602914987928203
0.04029287662953318
0.0032046910962228166
0.0
0.0
0.0
0.0
0.0
0.0
0.0
0.0
0.0
0.0
0.0
0.0
0.0
0.0
0.0
0.0
0.0
0.0
0.0
0.004610061573023364
0.022000643857407822
0.017772827349054648
0.0013695368311370314
0.0
0.0
0.0
0.0
0.0
0.0
0.0
0.0
0.0
0.0
0.0
0.0
0.0
0.0
0.0
0.0
0.0
0.0
0.0
0.0
0.006071344281503392
0.01594591219975876
0.0
0.0
0.0
0.0
0.0
0.0
0.0
0.0
0.0
0.0
0.0
0.0
0.0
0.0
0.0
0.0
0.0
0.0
0.0
0.0
0.0
0.0
0.0007509711787883756
0.006907153597389025
0.0
0.0
0.0
0.0
0.0
0.0
0.0
0.0
0.0
0.0
0.0
0.0
0.0
0.0
0.0
0.0
0.0
0.0
0.0
0.0
0.0
0.0
0.0007133205289433769
0.006038474116589941
0.0016724452531610356
0.0
0.0
0.0
0.0
0.0
0.0
0.0
0.0
0.0
0.0
0.0
0.0
0.0
0.0
0.0
0.0
0.0
0.0
0.0
0.0
0.0
0.0
0.0
0.0
0.0
0.0
0.0
0.0
0.0
0.0
0.0
0.0
0.0
0.0
0.0
0.0
0.0
0.0
0.0
0.0
0.0
0.0
0.0
0.0
0.0
0.0
0.0
0.0
0.0
0.0
0.0
0.0
0.0
0.0
0.0
0.0
0.0
0.0
0.0
0.0
0.0
0.0
0.0
0.0
0.0
0.0
0.0
0.0
0.0
0.0
0.0
0.0
0.0
0.0
0.0
0.0
0.0
0.0
0.0
0.0
0.0
0.0
0.0
0.0
0.0
0.0
0.0
0.0
0.0
0.0
0.0
0.0
0.0
0.0
0.0
0.0
0.0
0.0
0.0
0.0
0.0
0.0
0.0
0.0
0.0
0.0
0.0
0.0
0.0
0.0
0.0
0.0
0.0
0.0
0.0
0.0
0.0
0.0
0.0
0.0
0.0
0.0
0.0
0.0
0.0
0.0
0.0
0.0
0.0
0.0
0.0
0.0
0.0
0.0
0.0
0.0
0.0
0.0
0.0
0.0
0.0
0.0
0.0
0.0
0.0
0.0
0.0
0.0
0.0
0.0
0.0
0.0
0.0
0.0
0.0
0.0
0.0
0.0
0.0
0.0
0.0
0.0
0.0
0.0
0.0
0.0
0.0
0.0
0.0
0.0
0.0
0.0
0.0
0.0
0.0
0.0
0.0
0.0
0.0
0.0
0.0
0.0
0.0
0.0
0.0
0.0
0.0
0.0
0.0
0.0004396215548044534
0.0
0.0
0.0
0.0
0.0
0.0
0.0
0.0
0.0
0.0
0.0
0.0
0.0
0.0
0.0
0.0
0.0
0.0
0.0
0.0
0.0
0.0
0.0
0.0
0.0
0.0
0.0
0.0
0.0
0.0
0.0
0.0
0.0
0.0
0.0
0.0
0.0
0.0
0.0
0.0
0.0
0.0
0.0
0.0
0.0
0.0
0.0
0.0
0.0
0.0
0.0
0.0
0.0
0.0
0.0
0.0
0.0
0.0
0.0
0.0
0.0
0.0
0.0
0.0
0.0
0.0
0.0
0.0
0.0
0.0
0.0
0.0
0.0
0.0
0.0
0.0
0.0
0.0
0.0
0.0
0.0
0.0
0.0
0.0
0.0
0.0
0.0
0.0
0.0
0.0
0.0
0.0
0.0
0.0
0.0
0.0
0.0
0.0
0.0
0.0
0.0
0.0
0.0
0.0
0.0
0.0
0.0
0.0
0.0
0.0
0.0
0.0
0.0
0.0
0.0
0.0
0.0
0.0
0.0
0.0
0.0
0.0
0.0
0.0
0.0
0.0
0.0
0.0
0.0
0.0
0.0
0.0
0.0
0.0
0.0
0.0
0.0
0.0
0.0
0.0
0.0
0.0
0.0
0.0
0.0
0.0
0.0
0.0
0.0
0.0
0.0
0.0
0.0
0.0
0.0
0.0
0.0
0.0
0.0
0.0
0.0
0.0
0.0
0.0
0.0
0.0
0.0
0.0
0.0
0.0
0.0
0.0
0.0
0.0
0.0
0.0
0.0
0.0
0.0
0.0
0.0
0.0
0.0
0.0
0.0
0.0
0.0
0.0
0.0
0.0
0.0
0.0
0.0
0.0
0.0
0.0
0.0
0.0
0.0
0.0
0.0
0.0
0.0
0.0
0.0
0.0
0.0
0.0
0.0
0.0
0.0
0.0
0.0
0.0
0.0
0.0
0.0
0.0
0.0
0.0
0.0
0.0
0.0
0.0
0.0
0.0
0.0
0.0
0.0
0.0
0.0
0.0
0.0
0.0
0.0
0.0
0.0
0.0
0.0
0.0
0.0
0.0
0.0
0.0
0.0
0.0
0.0
0.0
0.0
0.0
0.0
0.0
0.0
0.0
0.0
0.0
0.0
0.0
0.0
0.0
0.0
0.0
0.0
0.0
0.0
0.0
0.0
0.0
0.0
0.0
0.0
0.0
0.0
0.0
0.0
0.0
0.0
0.0
0.0
0.0
0.0
0.0
0.0
0.0
0.0
0.0
0.0
0.0
0.0
0.0
0.0
0.0
0.0
0.0
0.0
0.0
0.0
0.0
0.0
0.0
0.0
0.0
0.0
0.0
0.0
0.0
0.0
0.0
0.0
0.0
0.0
0.0
0.0
0.0
0.0
0.0
0.0
0.0
0.0
0.0
0.0
0.0
0.0
0.0
0.0
0.0
0.0
0.0
0.0
0.0
0.0
0.0
0.0
0.0
0.0
0.0
0.0
0.0
0.0
0.0
0.0
0.0
0.0
0.0
0.0
0.0
0.0
