0.0
0.0
0.0
0.0
0.0
0.0
0.0
0.0
0.0
0.0
0.0
0.0
0.0
0.0
0.0
0.0
0.0
0.0
0.0
0.0
0.0
0.0
0.0
0.0
0.0
0.0
0.0
0.0
0.0
0.0
0.0
0.0
0.0
0.0
0.0
0.0
0.0
0.0
0.0
0.0
0.0
0.0
0.0
0.0
0.0
0.0
0.0
0.0
0.0
0.0
0.0
0.0
0.0
0.0
0.0
0.0
0.0
0.0
0.0
0.0
0.0
0.0
0.00021006303407545844
0.0019282016459804218
0.0003506062946641236
0.0
0.0
0.0
0.0
0.0
0.0
0.0
0.0
0.0
0.0
0.0
0.0
0.0
0.0
0.0
0.0
0.0
0.0
0.0
0.0
0.0
0.0
0.0
0.0
0.0
0.0
0.0
0.0
0.0
0.0
0.0
0.0
0.0
0.0
0.0
0.0
0.0
0.0
0.0
0.0
0.0
0.0
0.0
0.0
0.0
0.0
0.0
0.0
0.0
0.0
0.0
0.0
0.0
0.0
0.0
0.0
0.0
0.0
0.0
0.0
0.0
0.0
0.0
0.0
0.0
0.0
0.0
0.0
0.0
0.0
0.0
0.0
0.0
0.0
0.0
0.0
0.0
0.0
0.0
0.0
0.0
0.0
0.0
0.0
0.0
0.0
0.0
0.0
0.0
0.0
0.0
0.0
0.0
0.0
0.0
0.0
0.0
0.0
0.0
0.0
0.0
0.0
0.0
0.0
0.0
0.0
0.0
0.0
0.0
0.0
0.0
0.0
0.0
0.0
0.0
0.0
0.0
0.0
0.0
0.0
0.0
0.0
0.0
0.0
0.0
0.0
0.0
0.0
0.0
0.0
0.0
0.0
0.0
0.0
0.0
0.0
0.0
0.0
0.0
0.0
0.0
0.0
0.0
0.0
0.0
0.0
0.0
0.0
0.0
0.0
0.0
0.0
0.0
0.0
0.0
0.0
0.0
0.0
0.0
0.0
0.0
0.0
0.0
0.0
0.0
0.0
0.0
0.0
0.0
0.0
0.0
0.0
0.0
0.0
0.0
0.0
0.0
0.0
0.0
0.0
0.0
0.0
0.0
0.0
0.0
0.0
0.0
0.0
0.0
0.0
0.0
0.0
0.0
0.0
0.0
0.0
0.0
0.0
0.0
0.0
0.0
0.0
0.0
0.0
0.0
0.0
0.0
0.0
0.0
0.0
0.0
0.0
0.0
0.0
0.0
0.0
0.0
0.0
0.0
0.0
0.0
0.0
0.0
0.0
0.0
0.0
0.0
0.0
0.0
0.0
0.0
0.0
0.0
0.0
0.0
0.0
0.0
0.0
0.0
0.0
0.0
0.0
0.0
0.0
0.0
0.0
0.0
0.0
0.0
0.0
0.0
0.0
0.0
0.0
0.0
0.0
0.0
0.0
0.0
0.0
0.0
0.0
0.0
0.0
0.0
0.0
0.0
0.0
0.0
0.0
0.0
0.0
0.0
0.0
0.0
0.0
0.0
0.0
0.0
0.0
0.0
0.0
0.0
0.0
0.0
0.0
0.0
0.0
0.0
0.0
0.0
0.0
0.0
0.0
0.0
0.0
0.0
0.0
0.0
0.0
0.0
0.0
0.0
0.0
0.0
0.0
0.0
0.0
0.0
0.0
0.0
0.0
0.0
0.0
0.0
0.0
0.0
0.0
0.0
0.0
0.0
0.0
0.0
0.0
0.0
0.0
0.0
0.0
0.0
0.0
0.0
0.0
0.0
0.0
0.0
0.0
0.0
0.0
0.0
0.0
0.0
0.0
0.0
0.0
0.0
0.0
0.0
0.0
0.0
0.0
0.0
0.0
0.0
0.0
0.0
0.0
0.0
0.0
0.0
0.0
0.0
0.0
0.0
0.0
0.0
0.0
0.0
0.0
0.0
0.0
0.0
0.0
0.0
0.0
0.0
0.0
0.0
0.0
0.0
0.0
0.0
0.0
0.0
0.0
0.0
0.0
0.0
0.0
0.0
0.0
0.0
0.0
0.0
0.0
0.0
0.0
0.0
0.0
0.0
0.0
0.0
0.0
0.0
0.0
0.0
0.0
0.0
0.0
0.0
0.0
0.0
0.0
0.0
0.0
0.0
0.0
0.0
0.0
0.0
0.0
0.0
0.0
0.0
0.0
0.0
0.0
0.0
0.0
0.0
0.0
0.0
0.0
0.0
0.0
0.0
0.0
0.0
0.0
0.0
0.0
0.0
0.0
0.0
0.0
0.0
0.0
0.0
0.0
0.0
0.0
0.0
0.0011720940805099854
0.006255627943121689
0.010524561134210547
0.01846525598294608
0.015004621783938034
0.003912990702428206
0.00021308054838492117
0.0
0.0
0.0
0.0
0.0
0.0
0.0
0.0
0.0
0.0
0.0
0.0
0.0
0.0
0.0
0.0
0.002841001361215967
0.010578737606031945
0.021374601330616538
0.03962836705227245
0.056329033702398335
0.05955977632281436
0.032957166014395876
0.00727240627216417
0.0017430049630267357
0.0
0.0
0.0
0.0
0.0
0.0
0.0
0.0
0.0
0.0
0.0
0.0
0.0
0.0
0.0
0.0
0.0
0.0
0.0
0.0
0.0
0.0
0.0
0.0
0.0
0.0
0.0
0.0
0.0
0.0
0.0
0.0
0.0
0.0
0.0
0.0
0.0
0.0
0.0
0.0
0.0
0.0
0.0
0.0
0.0
0.0
0.0
0.0
0.0
0.0
0.0
0.0
0.0
0.0
0.0
0.0
0.0
0.0
0.0
0.0
0.0
0.0
0.0
0.0
0.0
0.00013365422516468372
0.0022483830387420136
0.0032045024733333093
0.0026014541261112274
0.0002219985968237
0.0
0.0
0.0
0.0
0.0
0.0
0.0
0.0
0.0
0.0
0.0
0.0
0.0
0.0
0.0
0.0
0.0
0.0
0.0
0.0
0.0
0.0
0.0
0.0
0.0
0.0
0.0
0.0
0.0
0.0
0.0
0.0
0.0
0.0
0.0
0.0
0.0
0.0
0.0
0.0
0.0
0.0
0.0
0.0
0.0
0.0
0.0
0.0
0.0
0.0
0.0
0.0
0.0
0.0
0.0
0.0
0.0
0.0
0.0
0.0
0.0
0.0
0.0
0.0
0.0
0.0
0.0
0.0
0.0
0.0
0.0
0.0
0.0
0.0
0.0
0.0
0.0
0.0
0.0
0.0
0.0
0.0
0.0
0.0
0.0
0.0
0.0
0.0
0.0
0.0
0.0
0.0
0.0
0.0
0.0
0.0
0.0
0.0
0.0
0.0
0.0
0.0
0.0
0.0
0.0
0.0
0.0
0.0
0.0
0.0
0.0
0.0
0.0
0.0
0.0
0.0
0.0
0.0
0.0
0.0
0.0
0.0
0.0
0.0
0.0
0.0
0.0
0.0
0.0
0.0
0.0
0.0
0.0
0.0
0.0
0.0
0.0
0.0
0.0
0.0
0.0
0.0
0.0
0.0
0.0
0.0
0.0
0.0
0.0
0.0
0.0
0.0
0.0
0.0
0.0
0.0
0.0
0.0
0.0
0.0
0.0
0.0
0.0
0.0
0.0
0.0
0.0
0.0
0.0
0.0
0.0
0.0
0.0
0.0
0.0
0.0
0.0
0.0
0.0
0.0
0.0
0.0
0.0
0.0
0.0
0.0
0.0
0.0
0.0
0.0
0.0
0.0
0.0
0.0
0.0
0.0
0.0
0.0
0.0
0.0
0.0
0.0
0.0
0.0
0.0
0.0
0.0
0.0
0.0
0.0
0.0
0.0
0.0
0.0
0.0
0.0
0.0
0.0
0.0
0.0
0.0
0.0
0.0
0.0
0.0
0.0
0.0
0.0
0.0
0.0
0.0
0.0
0.0
0.0
0.0
0.0
0.0
7.465760310661958e-05
0.0001257040887864143
0.0
0.0
0.0
0.0
0.0
0.0
0.0
0.0
0.0
0.0
0.0
0.0
0.0
0.0
0.0
0.0
0.0
0.0
0.0
0.0009192258557310717
0.004186342268203704
0.008243247706959594
0.01203839148273827
0.0145983441630109
0.005441629754623878
0.00024164136078228506
0.0
0.0
0.0
0.0
0.0
0.0
0.0
0.0
0.0
0.0
0.0
0.0
0.0
0.0
0.0
0.0
0.0
0.0
0.0
0.0
0.0
0.0
0.0
0.0
0.0
0.0
0.0
0.0
0.0
0.0
0.0
0.0
0.0
0.0
0.0
0.0
0.0
0.0
0.0
0.0
0.0
0.0
0.0
0.0
0.0
0.0
0.0
0.0
0.0
0.0
0.0
0.0
0.0
0.0
0.0
0.0
0.0
0.0
0.0
0.0
0.0
0.0
0.0
0.0
0.0
0.0
0.0
0.0
0.0
0.0
0.0
0.0
0.0
0.0
0.0
0.0
0.0
0.0
0.0
0.0
0.0
0.0
0.0
0.0
0.0
0.0
0.0
0.0
0.0
0.0
0.0
0.0
0.0
0.0
0.0
0.0
0.0
0.0
0.0
0.0
0.0
0.0
0.0
0.0
0.0
0.0
0.0
0.0
0.0
0.0
0.0
0.0
0.0
0.0
0.0
0.0
0.0
0.0
0.0
0.0
0.0
0.0
0.0
0.0
0.0
0.0
0.0
0.0
0.0
0.0
0.0
0.0
0.0
0.0
0.0
0.0
0.0
0.0
0.0
0.0
0.0
0.0
0.0
0.0
0.0
0.0
0.0
0.0
0.0
0.0
0.0
0.0
0.0
0.0
0.0
0.0
0.0
0.0
0.0
0.0
0.0
0.0
0.0
0.0
0.0
0.0
0.0
0.0
0.0
0.0
0.0
0.0
0.0
0.0
0.0
0.0
0.0
0.0
0.0
0.0
0.0
0.0
0.0
0.0
0.0
0.0
0.0
0.0
0.0
0.0
0.0
0.0
0.0
0.0
0.0
0.0
0.0
0.0
0.0
0.0
0.0
0.0
0.0
0.0
0.0
0.0
0.0
0.0
0.0
0.0
0.0
0.0
0.0
0.0
0.0
0.0
0.0
0.0
0.0
0.0
0.0
0.0
0.0
0.0
0.0
0.0
0.0
0.0
0.0
0.0
0.0
0.0
0.0
0.0
0.0008953058298503543
0.0017752949379529071
0.004455381462321419
0.004200728519877612
0.002546663220056278
0.0001820293684898166
0.0
0.0
0.0
0.0
0.0
0.0
0.0
0.0
0.0
0.0
0.0
0.0
0.0
0.0
0.0
0.0
0.0014099174165848624
0.00628374944064329
0.025624117057565822
0.037528036434365475
0.03387261386326841
0.032422174274177006
0.007947778156974589
0.0
0.0
0.0
0.0
0.0
0.0
0.0
0.0
0.0
0.0
0.0
0.0
0.0
0.0
0.0
0.0
0.0
0.0
0.0064888808021407625
0.01975196983193037
0.03509557901737948
0.05051520967954489
0.05468716829627646
0.0071635904806854524
0.0
0.0
0.0
0.0
0.0
0.0
0.0
0.0
0.0
0.0
0.0
0.0
0.0
0.0
0.0
0.0
0.0
0.0
0.0
0.0012066436540494854
0.005926080054651786
0.005508812979310255
0.004778183681829846
0.0
0.0
0.0
0.0
0.0
0.0
0.0
0.0
0.0
0.0
0.0
0.0
0.0
0.0
0.0
0.0
0.0
0.0
0.0
0.000992710993536944
0.007225510712984093
0.05558219221015539
0.08409045685402333
0.07812079404089765
0.04883845999133005
0.01971978559126736
0.00164469992227113
0.0
0.0
0.0
0.0
0.0
0.0
0.0
0.0
0.0
0.0
0.0
0.0
0.0
0.0
0.0
0.0
0.0
0.0
0.0
0.0006430661585022744
0.0
0.0
0.0
0.0
0.0
0.0
0.0
0.0
0.0
0.0
0.0
0.0
0.0
0.0
0.0
0.0
0.0
0.0
0.0
0.0
0.0013290995829321583
0.006309604934496479
0.020305338426436025
0.030371789223509076
0.01200607757078675
0.0004970873928597219
0.0
0.0
0.0
0.0
0.0
0.0
0.0
0.0
0.0
0.0
0.0
0.0
0.0
0.0
0.0
0.0
0.0
0.0
0.0
0.0
0.0
0.0
0.0
0.0
0.0
0.0
0.0
0.0
0.0
0.0
0.0
0.0
0.0
0.0
0.0
0.0
0.0
0.0
0.0
0.0
0.0
0.0
0.0
0.0
0.000307618118654337
0.0003011407202549237
0.0
0.0
0.0
0.0
0.0
0.0
0.0
0.0
0.0
0.0
0.0
0.0
0.0
0.0
0.0
0.0
0.0
0.0
0.0
0.0
0.00011792719018828603
0.003729894992299814
0.00886278880655604
0.013006554090946707
0.020379865889918542
0.002041908817024316
0.0
0.0
0.0
0.0
0.0
0.0
0.0
0.0
0.0
0.0
0.0
0.0
0.0
0.0
0.0
0.0
0.0
0.0
0.0
0.0
0.0
0.0
0.0
0.0
0.0
0.0
0.0
0.0
0.0
0.0
0.0
0.0
0.0
0.0
0.0
0.0
0.0
0.0
0.0
0.0
0.0
0.00023441636687827262
0.0032615435461129617
0.007764362862924464
0.020135749230093647
0.03375521091153242
0.03517016044817238
0.020966023063891098
0.0012964735764046098
0.0
0.0
0.0
0.0
0.0
0.0
0.0
0.0
0.0
0.0
0.0
0.0
0.0
0.0
0.0
0.0
0.0
0.0
0.0
0.0
0.0
0.0
0.0
0.0
0.0
0.0
0.0
0.0
0.0
0.0
0.0
0.0
0.0
0.0
0.0
0.0
0.0
0.0
0.0
0.0
0.0
0.0
0.0
0.0
0.0
0.0
0.0
0.0
0.0
0.0
0.0
0.0
0.0
0.0
0.0
0.0
0.0
0.0
0.0
0.0
0.0
0.0
0.0
0.0
0.0
0.0
0.0
0.0010155703990933121
0.002810453106480886
0.003120845749951247
0.001546530883768409
0.0
0.0
0.0
0.0
0.0
0.0
0.0
0.0
0.0
0.0
0.0
0.0
0.0
0.0
0.0
0.0
0.0
0.0009082049356903728
0.004414896614272691
0.01673742794972454
0.044898416788612595
0.051621818759283684
0.04885712544825403
0.03158785881720122
0.002617360928273331
0.0
0.0
0.0
0.0
0.0
0.0
0.0
0.0
0.0
0.0
0.0
0.0
0.0
0.0
0.0
0.0
0.0
0.0
0.0007981688295517199
0.00369111491338159
0.005251701178735772
0.0037007453706412235
0.0
0.0
0.0
0.0
0.0
0.0
0.0
0.0
0.0
0.0
0.0
0.0
0.0
0.0
0.0
0.0
0.0
0.0
0.0
0.0
0.0
0.0004764490490261287
0.0020065361260211715
0.0022403631516988653
0.0004995193204652528
0.0
0.0
0.0
0.0
0.0
0.0
0.0
0.0
0.0
0.0
0.0
0.0
0.0
0.0
0.0
0.0
0.0
0.0
0.0
0.0008472710179918636
0.003162486831372263
0.0038147726447252226
0.0035563187759080988
0.0026282687284918957
0.00015713607296523525
0.0
0.0
0.0
0.0
0.0
0.0
0.0
0.0
0.0
0.0
0.0
0.0
0.0
0.0
0.0
0.0
0.0
0.0
0.0
0.0002338259907869807
0.001598138460599117
0.0016460978278564694
0.0005888099258633929
0.0
0.0
0.0
0.0
0.0
0.0
0.0
0.0
0.0
0.0
0.0
0.0
0.0
0.0
0.0
0.0
0.0
0.0
0.0
0.0
0.0
0.0
0.0
0.0
0.0
0.0
0.0
0.0
0.0
0.0
0.0
0.0
0.0
0.0
0.0
0.0
0.0
0.0
0.0
0.0
0.0
0.0
0.0
0.0
0.0
0.0
0.0
0.0
0.0
0.0
0.0
0.0
0.0
0.0
0.0
0.0
0.0
0.0
0.0
0.0
0.0
0.0
0.0
0.0
0.0
0.0
0.0
0.0
0.0
0.0
0.0
0.0
0.0
0.0
0.0
0.0
0.0
0.0
0.0
0.0
0.0
0.0
0.0
0.0
0.0
0.0
0.0
0.0
0.0
0.0
0.0
0.0
0.0
0.0
0.0
0.0
0.0
0.0
0.0
0.0
0.0
0.0
0.0
0.0
0.0
0.0
0.0
0.0
0.0
0.0
0.0
0.0
0.0
0.0
0.0
0.0
0.0
0.0
0.0
0.0
0.0
0.0
0.0
0.0
0.0
0.0
0.0
0.0
0.0
0.0
0.0
0.0
0.0
0.0
0.0
0.0
0.0
0.0
0.0
0.0
0.0
0.0
0.0
0.0
0.0
0.0
0.0
0.0
0.0
0.0
0.0
0.0
0.0
0.0
0.0
0.0
0.0
0.0
0.0
0.0
0.0
0.0
0.0
0.0018511875843237305
0.005650711248587817
0.008162681865503422
0.007799892838457435
0.003776944241980327
0.0006667617800775759
0.0
0.0
0.0
0.0
0.0
0.0
0.0
0.0
0.0
0.0
0.0
0.0
0.0
0.0
0.0
0.0
0.0003245807621713788
0.003293957112615277
0.010828911534159274
0.033931084445479154
0.03370715934756834
0.027620092376390615
0.014501594002642351
0.002343970173200203
0.0
0.0
0.0
0.0
0.0
0.0
0.0
0.0
0.0
0.0
0.0
0.0
0.0
0.0
3.087160406673496e-05
0.0057425344556029665
0.027382168011651897
0.05889247034579559
0.07698684311455047
0.08923746254295639
0.10152211441701064
0.1009453173563405
0.10092475598715413
0.06353601618957991
0.04640825353197879
0.0
0.0
0.0
0.0
0.0
0.0
0.0
0.0
0.0
0.0
0.0
0.0
0.0
0.0
0.0
0.0
7.754868410089066e-05
0.001984700523236026
0.003371739851396182
0.0045799939109810745
0.003313204175872868
0.0
0.0
0.0
0.0
0.0
0.0
0.0
0.0
0.0
0.0
0.0
0.0
0.0
0.0
0.0
0.0
0.0
0.0
0.0
0.0
0.0
0.0
0.0
0.0
0.0
0.0
0.0
0.0
0.0
0.0
0.0
0.0
0.0
0.0
0.0
0.0
0.0
0.0
0.0
0.0
0.0
0.0
0.0
0.0
0.0
0.0
0.0
0.0
0.0
0.0
0.0
0.0
0.0
0.0
0.0
0.0
0.0
0.0
0.0
0.0
0.0
0.0
0.0
0.0
0.0
0.0
0.0
0.002404305061787791
0.012499145938289036
0.03419586737083831
0.0472599566462059
0.05051622373340083
0.043474080844390146
0.008408890460833561
0.0003176775777204405
0.0
0.0
0.0
0.0
0.0
0.0
0.0
0.0
0.0
0.0
0.0
0.0
0.0
0.0
0.00023793008732693658
0.004424490393855779
0.0272577604714788
0.05506001795812785
0.08238097405106752
0.09144473025838003
0.08839853056820207
0.08728035740507957
0.04197472480820834
0.006629495821226279
0.0
0.0
0.0
0.0
0.0
0.0
0.0
0.0
0.0
0.0
0.0
0.0
0.0
0.0
0.0005284157609821182
0.008999781795686487
0.03866593431827849
0.07013228174678537
0.09414063975969532
0.1141985467143117
0.12920628232559397
0.1281526942132239
0.07661214994264472
0.04301062015815208
0.0
0.0
0.0
0.0
0.0
0.0
0.0
0.0
0.0
0.0
0.0
0.0
0.0
0.0
4.578242924095003e-05
0.0034310837755652255
0.017154273685673876
0.04726411221389236
0.07454412903588888
0.08735143491387286
0.0808150935797028
0.078657727103655
0.04129536545526874
0.010415193749949541
0.0
0.0
0.0
0.0
0.0
0.0
0.0
0.0
0.0
0.0
0.0
0.0
0.0
0.0
0.0
0.0
0.0
0.0
0.0
0.0
0.0
0.0
0.0
0.0
0.0
0.0
0.0
0.0
0.0
0.0
0.0
0.0
0.0
0.0
0.0
0.0
0.0
0.0
0.0
0.0
0.0
0.004430701302476817
0.03303873981489116
0.0771452675301632
0.08507824621058505
0.07063116242006726
0.0
0.0
0.0
0.0
0.0
0.0
0.0
0.0
0.0
0.0
0.0
0.0
0.0
0.0
0.0
0.0
0.0042227575994149835
0.03764538804316332
0.06958524485504244
0.0855523779245508
0.09874162741509014
0.10549888467053248
0.09407833848104857
0.0974894133076545
0.06810500667571041
0.026223414108430848
0.0
0.0
0.0
0.0
0.0
0.0
0.0
0.0
0.0
0.0
0.0
0.0
0.0
0.0
0.0
0.0004920725662276287
0.005041359695503793
0.022921593826384003
0.021235834942145114
0.002508735104931824
7.556281782520462e-05
0.0
0.0
0.0
0.0
0.0
0.0
0.0
0.0
0.0
0.0
0.0
0.0
0.0
0.0
0.0
0.0
0.0
0.001809688734749433
0.042941848416987075
0.09379079586840466
0.11560982891580737
0.14079779963723385
0.15032554314410038
0.14337170599978294
0.15694023892436693
0.1248659987612179
0.10131607496432966
0.0
0.0
0.0
0.0
0.0
0.0
0.0
0.0
0.0
0.0
0.0
0.0
0.0
0.0
0.0019526874718179185
0.007530241199679561
0.02788129055624331
0.03990355676004013
0.05901344251678425
0.06358124174683107
0.0518411226207323
0.032070769729932495
0.004920030118991192
0.002178919127596303
0.0
0.0
0.0
0.0
0.0
0.0
0.0
0.0
0.0
0.0
0.0
0.0
0.0
0.0
0.00018404103983679795
0.001892236867615495
0.016166631503895426
0.03946583554097167
0.05203884649468317
0.0357023489768935
0.003212793432769077
0.0
0.0
0.0
0.0
0.0
0.0
0.0
0.0
0.0
0.0
0.0
0.0
0.0
0.0
0.0
0.0
0.0
0.0
0.0
0.0
0.0
0.0
0.0
0.0
0.0
0.0
0.0
0.0
0.0
0.0
0.0
0.0
0.0
0.0
0.0
0.0
0.0
0.0
0.0
0.0
0.0
0.0
0.0
0.0
0.0
0.0
0.0
0.0
0.0
0.0
0.0
0.0
0.0
0.0
0.0
0.0
0.0
0.0
0.0
0.0
0.0
0.0
0.0
0.0
0.0
0.0
0.0
0.0
0.0
0.0
0.0
0.0
0.0
0.0
0.0
0.0
0.0
0.0
0.0
0.0
0.0
0.0
0.0
0.0
0.0
0.0
0.0
0.0
0.0
0.0
0.0
0.009533381824408856
0.05775681333438579
0.08714514016120709
0.09290456989367434
0.08888597557476342
0.09732378222397359
0.050607325055803835
0.00639927234899202
0.0
0.0
0.0
0.0
0.0
0.0
0.0
0.0
0.0
0.0
0.0
0.0
0.0
0.0
0.0
0.0014882381890878869
0.0004818468110391165
0.0
0.0
0.0003245602123958146
8.92099269385148e-06
0.0
0.0
0.0
0.0
0.0
0.0
0.0
0.0
0.0
0.0
0.0
0.0
0.0
0.0
0.0
0.0
0.0
0.0
0.0
0.0007933386832988117
0.004470758087712154
0.02476402992781982
0.03794817732912402
0.040967370705903845
0.029869356989962615
0.0023379581046913526
0.0
0.0
0.0
0.0
0.0
0.0
0.0
0.0
0.0
0.0
0.0
0.0
0.0
0.0
0.0
0.008920589401855642
0.053509071306168984
0.0873035545298009
0.1110499922061433
0.14338186530344812
0.15749769994057558
0.15133897469002913
0.15326687070673364
0.09137989412994504
0.025941531482089563
0.0
0.0
0.0
0.0
0.0
0.0
0.0
0.0
0.0
0.0
0.0
0.0
0.0
0.0
0.00046302604981108967
0.00874084728232712
0.0390797218458868
0.07102378350471124
0.09427231229049944
0.13216069957234367
0.14682004761756046
0.1345670303797486
0.09879103381939491
0.05952609190900421
0.02964545880018207
0.0
0.0
0.0
0.0
0.0
0.0
0.0
0.0
0.0
0.0
0.0
0.0
0.0
0.0
0.0
0.0
0.0
0.0
0.0
0.0
0.0
0.0
0.0
0.0
0.0
0.0
0.0
0.0
0.0
0.0
0.0
0.0
0.0
0.0
0.0
0.0
0.0
0.0
0.0
0.0
0.0
0.0
0.0
0.0
0.0
0.0
0.0
0.0
0.0
0.0
0.0
0.0
0.0
0.0
0.0
0.0
0.0
0.0
0.0
0.0
0.0
0.0
0.0
0.000903771882907168
0.010271616163318835
0.04027129247595269
0.05996355439499389
0.06423276009653237
0.06338323255858876
0.022754931125975323
0.00031720228692383673
0.0
0.0
0.0
0.0
0.0
0.0
0.0
0.0
0.0
0.0
0.0
0.0
0.0
0.0
0.0
0.0011176908268594457
0.0014358699246489355
0.007640384870235146
0.02650904430556595
0.035745166310056406
0.03499757807935113
0.029273488840657707
0.005714162078035867
0.00029111814294266165
0.0
0.0
0.0
0.0
0.0
0.0
0.0
0.0
0.0
0.0
0.0
0.0
0.0
0.001761805866662297
0.05574462753558051
0.10069794207695998
0.14018898531870175
0.1647384735825987
0.17302434590905502
0.1733108650414578
0.1838350219558301
0.1982137850114554
0.1534637569095571
0.08226893818032828
0.0
0.0
0.0
0.0
0.0
0.0
0.0
0.0
0.0
0.0
0.0
0.00014530154291247116
0.024746542551314085
0.049918143936996395
0.1076329723578468
0.15968613367982692
0.1734229451572121
0.19804823242629052
0.22301367966465552
0.231551951081127
0.21702402781172542
0.2419014645718359
0.2074951627692781
0.14644786521887498
0.0
0.0
0.0
0.0
0.0
0.0
0.0
0.0
0.0
0.0
0.0
0.0
0.005115243022774929
0.05261304843022607
0.1012502055901558
0.15341245309412432
0.20098746971113965
0.22015460258348227
0.22959579122786264
0.24253336814643042
0.24080063652256842
0.26713651599205507
0.26648132794635115
0.16143840433820267
0.07051376674036297
0.0
0.0
0.0
0.0
0.0
0.0
0.0
0.0
0.0
0.0
0.0
0.0013037829628202813
0.05538972158782432
0.1400350246352567
0.1848220711958575
0.22182018199195488
0.2548081514121108
0.2751199672305153
0.28166887734510293
0.32928445738989254
0.3665163051491913
0.0
0.0
0.0
0.0
0.0
0.0
0.0
0.0
0.0
0.0
0.0
0.0
0.0
0.005793854764191693
0.06406804613941462
0.10178197645207199
0.12980910313881985
0.1191227858699726
0.14201644989082737
0.17895065051805925
0.1889961003531624
0.18358001208449534
0.1733260469746928
0.1992547684482668
0.16216447392921113
0.11167237035974657
0.0
0.0
0.0
0.0
0.0
0.0
0.0
0.0
0.0
0.0
0.0
0.0
0.0
7.109128967803166e-05
0.006512855365727868
0.03572785237736926
0.070391453103868
0.1049059702755781
0.13817512058799325
0.15474011160402512
0.15506842597029113
0.17851009684963529
0.13894663401497814
0.0953217877850423
0.0
0.0
0.0
0.0
0.0
0.0
0.0
0.0
0.0
0.0
0.0
0.0
0.00032799736853487505
0.02048204741224569
0.07093018921795827
0.10898316222522939
0.13950672484514157
0.16081662793864893
0.16759825966593664
0.17509379169820097
0.16794014561146822
0.18049048132719236
0.14245323947181954
0.10101407006289286
0.0
0.0
0.0
0.0
0.0
0.0
0.0
0.0
0.0
0.0
0.0
0.0
0.0007327366596730849
0.022426656424427135
0.0921086787100059
0.12288029289692144
0.14235602078826598
0.17392669223619014
0.1890714146049183
0.192779778881458
0.18716231622228757
0.21251871296499622
0.17363301630322053
0.11485969527290105
0.0
0.0
0.0
0.0
0.0
0.0
0.0
0.0
0.0
0.0
0.0
0.0
0.025425933232865666
0.09191604924452247
0.14199749393170757
0.17017168932854715
0.19541936601925775
0.21503498364374107
0.22787695165982788
0.23182791362486985
0.22510115423695126
0.24568308063967206
0.20486807874360974
0.13713774722621264
0.0
0.0
0.0
0.0
0.0
0.0
0.0
0.0
0.0
0.0
0.0
0.0
0.0027522537096537226
0.05889984231625955
0.11662878629165514
0.1659131964222396
0.19371477280994404
0.21344097835806813
0.22503681667435435
0.22954133731527968
0.2141737418670253
0.22558604144288638
0.16110819260691758
0.01992885642534541
0.0
0.0
0.0
0.0
0.0
0.0
0.0
0.0
0.0
0.0
0.0
0.0
0.0
0.0
0.0
0.0
0.0
0.0025616521312907857
0.029433990479264146
0.06814110203106012
0.05787086097978999
0.03078221927526895
0.0
0.0
0.0
0.0
0.0
0.0
0.0
0.0
0.0
0.0
0.0
0.0
0.0
0.0
0.0
0.0005037522029256035
0.035595660649700225
0.07828212368945425
0.11200265348019194
0.1464452895017161
0.16916696919933774
0.1804859780786779
0.18367039843268076
0.20520093691473135
0.16175740543665015
0.08777461765875479
0.0
0.0
0.0
0.0
0.0
0.0
0.0
0.0
0.0
0.0
0.0
0.0
0.0
0.0015441709017486338
0.02499536256257878
0.058363140557361186
0.08955512186936623
0.1204309754268814
0.1449574859760784
0.14996623905483367
0.14516916026393886
0.14591905280569806
0.09811529506635282
0.04437357545764344
0.0
0.0
0.0
0.0
0.0
0.0
0.0
0.0
0.0
0.0
0.0
0.0
0.0
0.0
0.00017337833414508082
0.0019177255893474757
0.009776994586355219
0.0233042703782502
0.035124594073488176
0.03277297731800523
0.026042910688324043
0.011137837628053334
0.000505024891615274
0.0
0.0
0.0
0.0
0.0
0.0
0.0
0.0
0.0
0.0
0.0
0.0
0.0
0.0
0.0
0.0
0.0
0.00037951365403374594
0.0038243582270322753
0.03125289586119852
0.048897891892948846
0.05161601071851901
0.04875359592707035
0.02655676101366075
0.0031019932714199346
0.0
0.0
0.0
0.0
0.0
0.0
0.0
0.0
0.0
0.0
0.0
0.0
0.0
0.0
0.0011336542310415607
0.01836329849564275
0.04615769879676305
0.0702505773677613
0.0890262957100978
0.09957981873636075
0.10199844369932204
0.11083230659407202
0.06916092470101973
0.015299024437273934
0.0
0.0
0.0
0.0
0.0
0.0
0.0
0.0
0.0
0.0
0.0
0.0
0.0
0.0
0.011022965415809563
0.04283634378350024
0.0681910276141468
0.0917295996980792
0.10118709313150857
0.1008385522565653
0.09039764612635323
0.06033224837370687
0.017177117198151994
0.0005953771174270614
0.0
0.0
0.0
0.0
0.0
0.0
0.0
0.0
0.0
0.0
0.0
0.0
0.0
0.0
3.657710889245577e-05
0.01732301715810028
0.04902437189648833
0.07850540478738806
0.0827144786220467
0.08899738943534384
0.04475985663639935
0.0019380608829574525
0.0
0.0
0.0
0.0
0.0
0.0
0.0
0.0
0.0
0.0
0.0
0.0
0.0
0.0
0.0
0.0
0.015956417610210865
0.06517817234021461
0.09400983368454018
0.10735496945307182
0.12269084945867802
0.1430820677194756
0.13915416249683382
0.1533410019958705
0.10210819453146679
0.04671289519640764
0.0
0.0
0.0
0.0
0.0
0.0
0.0
0.0
0.0
0.0
0.0
0.0
0.003752184813366793
0.04497718917072054
0.09646182792243468
0.128874155225079
0.13957073277730303
0.1460890369272588
0.16361220817302086
0.17413965370035572
0.16819791300818498
0.18872353949041693
0.16433339331469912
0.14195567868409648
0.0
0.0
0.0
0.0
0.0
0.0
0.0
0.0
0.0
0.0
0.0
0.0
0.0
6.322544982000924e-05
0.020974065457868153
0.02802814233196826
0.03574732949442692
0.051269046902535045
0.06642097629270736
0.07588082672714137
0.07626638496699975
0.0786423140313886
0.06595445770791157
0.050768404933485056
0.0
0.0
0.0
0.0
0.0
0.0
0.0
0.0
0.0
0.0
0.0
0.0
0.00043241251530872724
0.01523523724009604
0.04847086610098046
0.08021192486222258
0.11967437420201252
0.1487397731507113
0.1708790219479888
0.1742124569273393
0.1708403646457072
0.19074488358842198
0.1560066934320716
0.11246183867657715
0.0
0.0
0.0
0.0
0.0
0.0
0.0
0.0
0.0
0.0
0.0
0.0
0.0
0.0003401546972490746
0.016505126718278237
0.046610934461331945
0.06923006747802965
0.09605736145782459
0.12158741418360912
0.13364107828033164
0.13506391460965483
0.1551789040867485
0.12762985923612294
0.08785150242108034
0.0
0.0
0.0
0.0
0.0
0.0
0.0
0.0
0.0
0.0
0.0
0.0
0.0
0.008341851571781701
0.05077362763426703
0.09006542352922998
0.12248349671871522
0.14930933898992388
0.1702259175121887
0.1897875213940587
0.18883576710264235
0.21339740677528776
0.2234804070793905
0.16325531689029865
0.15354795093651924
0.0
0.0
0.0
0.0
0.0
0.0
0.0
0.0
0.0
0.0
0.0
0.0
0.04186588389449819
0.12586433164135355
0.17657467408314423
0.21339332471585737
0.23774315582277142
0.2527876563244235
0.2632262357065703
0.31272531995932745
0.3644288444840293
0.0
0.0
0.0
0.0
0.0
0.0
0.0
0.0
0.0
0.0
0.0
0.0
0.0
0.009397430944673156
0.09834330735636267
0.16173897061853051
0.2039329205221459
0.23237914875880447
0.2553739797925816
0.24675888287124198
0.2356032965177152
0.24480507086102957
0.19076654049310104
0.17952190610537497
0.16062216759906114
0.1366828723913549
0.0
0.0
0.0
0.0
0.0
0.0
0.0
0.0
0.0
0.0
0.0
0.0
0.0
0.0
0.0036739251096222047
0.023195992688730138
0.03460214960375301
0.05178115591277266
0.05771055916068079
0.046177972803214166
0.030162057395567286
0.006941003188282301
0.0
0.0
0.0
0.0
0.0
0.0
0.0
0.0
0.0
0.0
0.0
0.0
0.0
0.0
0.0
0.0
0.0
0.0
0.0
0.0
0.0
0.0
0.0
0.0
0.0
0.0
0.0
0.0
0.0
0.0
0.0
0.0
0.0
0.0
0.0
0.0
0.0
0.0
0.0
0.0
0.00815324241622731
0.03791225363141717
0.05839923713992454
0.10778630663405636
0.1561952211817508
0.15090369105146556
0.12693184513483532
0.13264258346221794
0.11121085823740039
0.09238797944198696
0.0
0.0
0.0
0.0
0.0
0.0
0.0
0.0
0.0
0.0
0.0
0.0
0.0040226205365827316
0.03519918076813672
0.08049617086834573
0.10724677614341786
0.1309324488761999
0.17193504177914617
0.2034103766109429
0.21491352286058246
0.21538351121848096
0.24952898972635004
0.22297723388443744
0.20027839028529157
0.0
0.0
0.0
0.0
0.0
0.0
0.0
0.0
0.0
0.0
0.0
0.008180087585472073
0.10440339184115904
0.15093785818922992
0.2147489558956012
0.24401039547302916
0.2667356144426106
0.29783509322264073
0.31199034519918906
0.3131624900121018
0.3081561035777395
0.3515607531441696
0.3834913874700747
0.32504094540470857
0.311922538951129
0.0
0.0
0.0
0.0
0.0
0.0
0.0
0.0
0.0
0.0
0.0
0.002170268870366322
0.11674978534328367
0.19719830743823996
0.2341051350936517
0.26688329178684334
0.28902390170286774
0.30235586878191156
0.3080014137447341
0.3741452028110447
0.4537440340554511
0.0
0.0
0.0
0.0
0.0
0.0
0.0
0.0
0.0
0.0
0.0
0.06512428314316729
0.1054242276803685
0.12461987826511874
0.15903484870149567
0.1951901828692008
0.24232906427076523
0.277619475569324
0.2985392215274247
0.322031774550247
0.3354323629131571
0.3350501365132708
0.33423852240567475
0.3870986997977309
0.36519132142704896
0.3465504487915888
0.0
0.0
0.0
0.0
0.0
0.0
0.0
0.0
0.0
0.08185307029591983
0.13263787202122243
0.1459863372115248
0.1683490020784475
0.20623368198768896
0.24784852207308758
0.27682121486352385
0.29766210136186944
0.3141635048754915
0.33314023233479767
0.32980474818121036
0.3184157929333239
0.3493722611512243
0.3130052279770701
0.27233069693986334
0.0
0.0
0.0
0.0
0.0
0.0
0.0
0.0
0.0
0.0
0.0
0.0003681006168368497
0.04283404642655557
0.09347514740264695
0.13746963725379546
0.16308469782280802
0.1901984484929661
0.21981377216164547
0.2432458678354742
0.24857967838137895
0.24704310811382182
0.2770833823328992
0.24491685749117428
0.215624227160269
0.0
0.0
0.0
0.0
0.0
0.0
0.0
0.0
0.0
0.0
0.0
0.0
0.010301717436191894
0.043830212302356376
0.06607607661166147
0.08384049367276411
0.11134325245426305
0.12090949840547087
0.12750193738267707
0.1273601330713681
0.09885032590772848
0.08220848125975187
0.05127165443958921
0.024775704340930852
0.0
0.0
0.0
0.0
0.0
0.0
0.0
0.0
0.0
0.0
0.0
0.0
0.0
0.00023796741340186272
0.015666634941164354
0.043681512629660246
0.07108780412332534
0.10555294696693417
0.13921469440821105
0.14960544245896337
0.14819511562064405
0.1714047292760608
0.14508100934713872
0.10691441822933212
0.0
0.0
0.0
0.0
0.0
0.0
0.0
0.0
0.0
0.0
0.0
0.0
0.00011727871979945666
0.03680329382795033
0.09080251658068543
0.12831761701932828
0.16024389596043256
0.18530496876711613
0.1933131866220357
0.1974374417157066
0.20090715615108373
0.22127451855386948
0.22904385422269527
0.17351471247128933
0.14525115314307324
0.0
0.0
0.0
0.0
0.0
0.0
0.0
0.0
0.0
0.0
0.0
0.0
0.05826905843176997
0.1331673161478947
0.1728297444319748
0.2026080340625187
0.2108194137638743
0.22847035921324796
0.24413903423471273
0.2930753920102727
0.3397691789169422
0.0
0.0
0.0
0.0
0.0
0.0
0.0
0.0
0.0
0.0
0.0
0.0
0.0011880607275625333
0.07127239648273573
0.14306815677212736
0.18811722991956548
0.23304879716011925
0.2593839723080207
0.2760413656015556
0.2907352468056884
0.30672465865150905
0.32244588953856607
0.3157756755868183
0.3528137189200701
0.33217529077186814
0.32206158345321395
0.0
0.0
0.0
0.0
0.0
0.0
0.0
0.0
0.0
0.0
0.005378686619631761
0.06028283393542262
0.1186825391032497
0.15744362817096827
0.20502431950447997
0.23914579421881962
0.24870483699464613
0.277874485540456
0.2911926521882341
0.2769232830029832
0.2580768739999413
0.29822784782038303
0.2572750635897477
0.22537729160548986
0.0
0.0
0.0
0.0
0.0
0.0
0.0
0.0
0.0
0.0
0.000620992806263824
0.04856316473613219
0.1064600898871688
0.13640980091394728
0.16829770643112385
0.18006777879020916
0.19080175773861788
0.20065828973222868
0.20631384143523424
0.20153231134583982
0.1743452742546762
0.16799489541900153
0.11783396978115507
0.081650634767595
0.0
0.0
0.0
0.0
0.0
0.0
0.0
0.0
0.0
0.0
0.0
0.0
0.0005251816352877373
0.019661162272260158
0.07004116429682565
0.1163074133543207
0.14660247520261452
0.17027032647127624
0.1978577488076939
0.2023758459522397
0.18970831996024376
0.21401830615910508
0.18797538555742174
0.15754504042610373
0.0
0.0
0.0
0.0
0.0
0.0
0.0
0.0
0.0
0.0
0.0
0.0
0.003135160488993086
0.033213289954920136
0.07836213867083845
0.11413113898977184
0.13870106748666977
0.1683540889749803
0.19226762771785214
0.1954694203087822
0.19806645090174338
0.22821604028425663
0.21058667792978294
0.18894059434908894
0.0
0.0
0.0
0.0
0.0
0.0
0.0
0.0
0.0
0.0
0.0
0.0
0.04360750443341446
0.12218494539125656
0.17095257255173135
0.19682026296965485
0.20968073390355155
0.227856828981337
0.238325645841722
0.25549047000688363
0.2550061464354541
0.29731900502173003
0.32558906325160375
0.26288154464936514
0.25442041880874267
0.0
0.0
0.0
0.0
0.0
0.0
0.0
0.0
0.0
0.0
0.002642318088048792
0.1219708342248092
0.16266875246783624
0.20939180553682588
0.21985179838873184
0.24154973127372636
0.2794737724277575
0.29576925328729703
0.29301832414070056
0.35132777643536467
0.4134945667162973
0.0
0.0
0.0
0.0
0.0
0.0
0.0
0.0
0.0
0.0
0.0
0.0
0.0
0.009033972746989256
0.06432784535858696
0.13046410155255667
0.17751000162706662
0.22840671926329836
0.27024436196425333
0.27079817497004116
0.2957573104935955
0.3132713256425355
0.3803609770722212
0.4281163908146523
0.0
0.0
0.0
0.0
0.0
0.0
0.0
0.0
0.0
0.0
0.0
0.0
0.0
0.0009228121286409656
0.03993830366967599
0.07517244905680627
0.1085008709922626
0.12008734234299497
0.13077345658539338
0.15189640031531632
0.1805024022166474
0.20351502905679666
0.2135944767967119
0.24559761229426405
0.2201186395188954
0.1913979931114418
0.0
0.0
0.0
0.0
0.0
0.0
0.0
0.0
0.0
0.0
0.0
0.03253323353697264
0.12645170673059014
0.17633684739967395
0.22074548663297103
0.2531052779393759
0.28021326958946835
0.29606378418894824
0.3094604095600563
0.31273974768989293
0.3068683640471612
0.35438576365990176
0.3360561509260288
0.3200436619830637
0.0
0.0
0.0
0.0
0.0
0.0
0.0
0.0
0.0
0.03585509416085142
0.08015464289965941
0.11738240182581601
0.15581256604855712
0.1841112440565377
0.21048589999199274
0.2394721269964511
0.27256753302467357
0.29242578443301226
0.31121533311693006
0.3178973203671593
0.3281147955227687
0.3863311435338123
0.3543631319921229
0.3169946002574062
0.0
0.0
0.0
0.0
0.0
0.0
0.0
0.0
0.0
0.012096595888246839
0.018101293333753533
0.08096156183339459
0.12298450469404504
0.1459738282463203
0.17322804232878883
0.20994386325936024
0.23715637643726498
0.2701878158968804
0.2884624398843534
0.2885086443025018
0.2989726364327065
0.3471041636015303
0.32032952669952963
0.30176230319328784
0.0
0.0
0.0
0.0
0.0
0.0
0.0
0.0
0.0
0.006381791993418521
0.08436952776118753
0.1609827526297119
0.22363204357571959
0.2552586544179113
0.3002229679776361
0.3223805626468771
0.3344904785032525
0.34893788089521843
0.3629496326747273
0.36176743333859107
0.3648687479570239
0.42452284105634414
0.45280071061686084
0.3937810139217639
0.4005389336695525
0.0
0.0
0.0
0.0
0.0
0.0
0.0
0.0
0.0
0.0
0.13857352091551797
0.20171043852754122
0.20284126489115803
0.2279691759615816
0.2217480281208222
0.26850544923920744
0.2929869888806739
0.29611322415391916
0.2910135293780552
0.28154949217969144
0.3131504282340182
0.0
0.0
0.0
0.0
0.0
0.0
0.0
0.0
0.0
0.0
0.0
0.0
0.0
0.0018547492453794938
0.047603823727043304
0.09261453052389654
0.1612133620076348
0.20904214787179284
0.2362844570102701
0.2568894205138285
0.28313407538164176
0.2963884940174916
0.2854128576780036
0.3171502686977139
0.2889431975007859
0.2589733219505767
0.0
0.0
0.0
0.0
0.0
0.0
0.0
0.0
0.0
0.0
0.0
0.05493130591175038
0.13537053620130624
0.17902216924728745
0.21865317999853873
0.24199896769668647
0.2637573992020723
0.28894279410238305
0.29724235309507097
0.310306806081788
0.3130780855433723
0.34248942249006215
0.3029535562011463
0.27714477782504376
0.0
0.0
0.0
0.0
0.0
0.0
0.0
0.0
0.0
0.07073114078479795
0.09315980364532656
0.10206128517525319
0.11930885504760474
0.1295337876768238
0.1445773124966408
0.14762784511842952
0.1472702560072311
0.174559064559468
0.20485417393873645
0.22501411506070404
0.23440309778679447
0.2742882716412026
0.2641403036079931
0.23630388799916568
0.0
0.0
0.0
0.0
0.0
0.0
0.0
0.0
0.0
0.0
0.011661152852270165
0.07123607374258714
0.1209186306582652
0.1928350142288742
0.27813129009467685
0.30855622558322476
0.3288101330127764
0.3436094971377151
0.3578717666398185
0.3352038637405814
0.3034591984230791
0.34451805645639344
0.3275404573730128
0.3159385745565163
0.0
0.0
0.0
0.0
0.0
0.0
0.0
0.0
0.0
0.20302143953334995
0.21092890946174528
0.1945790322614473
0.20732254318189425
0.22213541707922865
0.256790616314173
0.2729574404466861
0.2958310544640217
0.3255062116965456
0.3506956628081933
0.3536636739709268
0.34843354297871654
0.38885400675681775
0.39437725489777314
0.36124941403214467
0.0
0.0
0.0
0.0
0.0
0.0
0.0
0.0
0.0
0.19922212294795916
0.2170124820339024
0.19452588266541893
0.21123321038019444
0.23155923495754546
0.27363156564943464
0.29309794499183167
0.3062802193424573
0.31436524465328436
0.32673778801715253
0.3405577544333998
0.3308791451903527
0.3813575531110725
0.4311726925697721
0.37248894292128487
0.3712809252038742
0.0
0.0
0.0
0.0
0.0
0.0
0.0
0.0
0.0
0.0
0.14153224211200957
0.2741246817034865
0.2646550240912674
0.31441089985879056
0.3204442620067564
0.34433580792115387
0.36900570058024457
0.384775147986796
0.4004011778168121
0.4822166714669131
0.5466694553445225
0.0
0.0
0.0
0.0
0.0
0.0
0.0
0.0
0.0
0.0
0.0
0.0
0.0
0.004245329577653283
0.06169103926578949
0.10100419938940426
0.14480311206711158
0.1747033336262761
0.2013435408892222
0.2225482523585318
0.23775454446179153
0.24216114023042778
0.23575920487617208
0.269788827044006
0.23614385025587117
0.19611158600039702
0.0
0.0
0.0
0.0
0.0
0.0
0.0
0.0
0.0
0.0
0.0
0.011079473447279027
0.06712617269593568
0.12128914411661448
0.1727450704023635
0.1970522031154964
0.21588545279667784
0.23941728668581336
0.26308621877765187
0.27149640637333433
0.2697343631413232
0.31265448289997594
0.28390004167799165
0.2660169607613692
0.0
0.0
0.0
0.0
0.0
0.0
0.0
0.0
0.0
0.0
0.0077265653865317965
0.07213573774331436
0.10619801985564102
0.14353680368563065
0.1998340223715144
0.23601779829200906
0.2608161546800431
0.275698474757473
0.2858407339058953
0.2879289016613605
0.27959004002026244
0.3149156611719033
0.2867531529619963
0.2586624886461828
0.0
0.0
0.0
0.0
0.0
0.0
0.0
0.0
0.0
0.0
0.0
0.03789136634585279
0.11196625612586927
0.15239646470923815
0.19858422533561015
0.22592220536736354
0.24406737569542244
0.26336248513957455
0.26820747577558124
0.27307238576312776
0.27264326036359454
0.3067660458890676
0.2662863821086728
0.2297632960366343
0.0
0.0
0.0
0.0
0.0
0.0
0.0
0.0
0.0
0.0
0.0
0.006440105808218543
0.07668791941305435
0.11745133832370576
0.13916600350526653
0.1561936584026252
0.17977212116675254
0.20003465184129976
0.18295417866992075
0.17496366044487602
0.17444170830477687
0.1777616620710035
0.16189300719494773
0.1517967532683011
0.0
0.0
0.0
0.0
0.0
0.0
0.0
0.0
0.0
0.0
0.0
0.0052008475554212
0.08099573407592248
0.11593707701125346
0.16974287465565352
0.20225473637127306
0.2136868646932916
0.2037367862983736
0.20142529252281036
0.23215585324184645
0.2525888847003076
0.29308585040462676
0.30268781441253223
0.23264490282736636
0.20212173463804867
0.0
0.0
0.0
0.0
0.0
0.0
0.0
0.0
0.0
0.0
0.0005722783362146628
0.08454379453206723
0.14788770410001298
0.22056614716476358
0.24758152645933318
0.2884260797551037
0.30542601173180994
0.31662671827632066
0.3221073158692826
0.40025245526969655
0.47000219460087433
0.0
0.0
0.0
0.0
0.0
0.0
0.0
0.0
0.0
0.0
0.0
0.0019133101988147287
0.06598799623863913
0.1442832548448544
0.19939099294201534
0.2505232659320834
0.28976502468221355
0.31872389305897214
0.3445673503943887
0.35863514400070645
0.3768155063447817
0.37929472416318943
0.37396715302719435
0.4233808769229407
0.39617392293738934
0.3770185994771615
0.0
0.0
0.0
0.0
0.0
0.0
0.0
0.0
0.0
0.254398927336743
0.23119787462562652
0.23738822040703647
0.24848942419859582
0.2964637916502984
0.33785076119179996
0.35239205265982304
0.3626586181711888
0.3792305746201464
0.39583121661381876
0.3947328123717512
0.38801792376882605
0.43337658086821
0.4077584697884253
0.3983247082302192
0.0
0.0
0.0
0.0
0.0
0.0
0.0
0.0
0.0
0.2915110306172645
0.24123519314252706
0.20501181148104614
0.20240023556720926
0.22631380574693527
0.25142179181236135
0.2594048149661729
0.2795811310333813
0.2816517472692422
0.2929486202637659
0.2940048709034253
0.286816759891593
0.32517753523389903
0.29636582595353855
0.29503708152985386
0.0
0.0
0.0
0.0
0.0
0.0
0.0
0.0
0.0
0.10811771216363159
0.1331195948596278
0.1367016322387798
0.15043968417701611
0.18737648055479528
0.22584144291537905
0.25683356466117685
0.28095424030126775
0.28694909970649035
0.3121556334720343
0.31907127605753355
0.31271208740578904
0.35592601880614594
0.3333013177850161
0.3121088947170232
0.0
0.0
0.0
0.0
0.0
0.0
0.0
0.0
0.0
0.11822224322605804
0.14008150867900424
0.1560148441717492
0.18748316640186724
0.22874241751261973
0.27439974183564636
0.30544442264866534
0.3182189577803524
0.3332803507218294
0.3568592953204639
0.3668603734504076
0.36238344952376356
0.4071799051569042
0.377898053265327
0.36475199452643464
0.0
0.0
0.0
0.0
0.0
0.0
0.0
0.0
0.0
0.21080174682831482
0.245198814116319
0.2401106107721049
0.2536833931860109
0.2675732100850467
0.3178308964556709
0.34275203121326403
0.36939269497014426
0.3812176408082254
0.3767844523294348
0.3763115501224138
0.3703745006252551
0.42805544616139596
0.46930804075875415
0.4239995681975976
0.4194914230273335
0.0
0.0
0.0
0.0
0.0
0.0
0.0
0.0
0.0
0.0
0.26621785367475304
0.36617453765388625
0.29976721432587045
0.3267474393244958
0.3099564597725974
0.24317349927283619
0.23943087158772972
0.3016545978218386
0.3125059387279089
0.36756286748087913
0.4623455989438352
0.0
0.0
0.0
0.0
0.0
0.0
0.0
0.0
0.0
0.0
0.0
0.0
0.0
0.0026515426524279847
0.0433346295194431
0.06780364480032047
0.10253872223228176
0.12288689095398739
0.12460864450702844
0.12677298309708526
0.14232651558518963
0.15080511217530626
0.15420299890244146
0.17841682646467028
0.16238902367247882
0.15252813430501422
0.0
0.0
0.0
0.0
0.0
0.0
0.0
0.0
0.0
0.0
0.0
0.0016128722486967613
0.04420233107286364
0.0730056677162244
0.11655604090554482
0.14266742983126557
0.17670367767312936
0.2094452465408401
0.22840344799924692
0.2309572634244243
0.22032118964258696
0.24223902361028643
0.21819244818370154
0.21688349612276495
0.0
0.0
0.0
0.0
0.0
0.0
0.0
0.0
0.0
0.0
0.0
0.018711427252299545
0.08479955118531572
0.12482377334492671
0.13775337730411177
0.1941031337302331
0.23378741854710267
0.24696088096982802
0.271885682232648
0.26714445622741195
0.26576270030423543
0.3070416509244279
0.2832751165583483
0.2734051618721827
0.0
0.0
0.0
0.0
0.0
0.0
0.0
0.0
0.0
0.0
0.01894969706920853
0.07131999200444014
0.12535639314008204
0.163722616522258
0.20453875665589122
0.2309672831512091
0.252111803172079
0.2758809250965001
0.29150735078716766
0.29212288106489664
0.2935988144535743
0.3451664657550978
0.32318186579792085
0.3117588136786582
0.0
0.0
0.0
0.0
0.0
0.0
0.0
0.0
0.0
0.021508247143198527
0.09466569381363718
0.14228368809265132
0.175185586551067
0.20959177329040754
0.2373580400441085
0.2547841129765294
0.2775223835817181
0.29777255039294026
0.31042151915404126
0.3118059167621825
0.3112367262845419
0.35659076428171105
0.32304506932616694
0.31373229965005844
0.0
0.0
0.0
0.0
0.0
0.0
0.0
0.0
0.0
0.11477064651689924
0.12408232479040408
0.13897259711702126
0.1909676582711996
0.22562032557197997
0.2778552746969638
0.3037842445859929
0.3157053961198734
0.33127422718762856
0.3317537837757349
0.3302856062918296
0.3285143791304317
0.377166466424812
0.3966615141460694
0.3318196394256513
0.30280946244881096
0.0
0.0
0.0
0.0
0.0
0.0
0.0
0.0
0.0
0.0
0.22268937587151785
0.34432110158783624
0.30835882203593284
0.3608965510085732
0.35978608042378685
0.39630325780934533
0.4219837482071456
0.43872425417878647
0.4436508831452487
0.5250961251724193
0.590323908392
0.0
0.0
0.0
0.0
0.0
0.0
0.0
0.0
0.0
0.0
0.0
0.3619844320387022
0.3343384883572085
0.30466281508784104
0.30108639413328164
0.33542091407261876
0.3662793737244232
0.38634631389716184
0.4054748142560847
0.41736591904633774
0.4337539823832316
0.44033523898645793
0.4384986665868125
0.49068425260980375
0.468225705489353
0.45645931484122476
0.0
0.0
0.0
0.0
0.0
0.0
0.0
0.0
0.0
0.4038639039044991
0.34461791192536595
0.30760986462332773
0.31021710493100957
0.34699438537120736
0.3720355615661474
0.4076500564487838
0.4306449296299059
0.43609561532528973
0.44948826731260283
0.4533646851137301
0.44590257082206336
0.4973420082944879
0.46992652025398995
0.4470551728226177
0.0
0.0
0.0
0.0
0.0
0.0
0.0
0.0
0.0
0.0
0.0
0.44797682761831936
0.47760109781523324
0.41554285067032254
0.4555936687382744
0.4352163466817497
0.4549845880702264
0.4616622058942332
0.3864356909900082
0.29505821967223445
0.288510615809369
0.30331266696674397
0.0
0.0
0.0
0.0
0.0
0.0
0.0
0.0
0.0
0.0
0.0
0.0
0.0
0.021927108642165082
0.10864736753414782
0.1445430678010924
0.18102326724527104
0.20569558808068847
0.2299875876809136
0.2445356908709893
0.25769592846837214
0.2627470080123513
0.2591767002924152
0.2875758205160223
0.24554558115073638
0.2228712142062518
0.0
0.0
0.0
0.0
0.0
0.0
0.0
0.0
0.0
0.0
0.0
0.0
0.03937437109308196
0.10026514801939647
0.1561200753525775
0.19969158108765514
0.22510793242279678
0.24659396464440148
0.2711411318833538
0.2749977533432674
0.2662602387914428
0.3071738828370469
0.2902357815878449
0.2614220742110977
0.0
0.0
0.0
0.0
0.0
0.0
0.0
0.0
0.0
0.0
0.0
0.06509292737807205
0.16351878362555336
0.19225560217003393
0.2317157485368941
0.25947361332246843
0.27808143176038863
0.2947945810484495
0.3153719054438489
0.3141092421008836
0.31538911469436043
0.3761701349786431
0.41404934205149696
0.36693067496245113
0.32839222566756354
0.0
0.0
0.0
0.0
0.0
0.0
0.0
0.0
0.0
0.0
0.14193922282833074
0.28068126910442054
0.2871546202615284
0.34571522574056024
0.33768248457820654
0.3579128469309725
0.35940762943557913
0.3271267960804446
0.3417699274252169
0.4353615741931816
0.43116779575671244
0.0
0.0
0.0
0.0
0.0
0.0
0.0
0.0
0.0
0.0
0.0
0.006464961750177283
0.07042142128361284
0.13248307990245814
0.16493506128463462
0.20990567872300847
0.2569521187959769
0.27924065906271567
0.30713963463736244
0.33775054870195526
0.36308688451467497
0.3642841141154909
0.32813585862284794
0.35918551246158764
0.34432837216222684
0.32672811040783867
0.0
0.0
0.0
0.0
0.0
0.0
0.0
0.0
0.0
0.127649942610683
0.16817097228790728
0.1768673222926185
0.20439857950509094
0.25097894620600975
0.2936947619222535
0.3159798326444356
0.3255084534053356
0.3378639007147488
0.3518160750348546
0.3488821291892788
0.33723770051263485
0.38614086425984673
0.3619431738678848
0.3301663728077355
0.0
0.0
0.0
0.0
0.0
0.0
0.0
0.0
0.0
0.0
0.01783028572489372
0.13920566251909733
0.1908147915968076
0.22815775489454643
0.26256760480590163
0.2874287802617855
0.31213946109387936
0.3347789455196272
0.35804020697300576
0.37145372429236273
0.36155572781243395
0.40068848392490286
0.374064890070065
0.36764848298987557
0.0
0.0
0.0
0.0
0.0
0.0
0.0
0.0
0.0
0.0047636764365546905
0.056107816034505445
0.14209613118123207
0.19206872622398452
0.24547325610951604
0.2902499685891641
0.31838189442964426
0.34366685332755004
0.3511032915286944
0.3568365165028896
0.37045018014550407
0.3751980545848033
0.41893813434187765
0.3858849581272333
0.3732102781141138
0.0
0.0
0.0
0.0
0.0
0.0
0.0
0.0
0.0
0.13592090748941957
0.18187875694956213
0.20179337749526277
0.23078078895733306
0.27470187928919504
0.3170324074305336
0.33582012781697457
0.34369985014969967
0.3658169170831076
0.3786988260079133
0.35319359522469806
0.3180176530625456
0.3459950080191884
0.32519982739714176
0.31468371399142797
0.0
0.0
0.0
0.0
0.0
0.0
0.0
0.0
0.0
0.08434603658686465
0.1697365743135978
0.2142900750511979
0.2519153043286169
0.26646844049273183
0.31322856847521985
0.3404703691345841
0.34936450960746224
0.29756281017029185
0.25178351220163225
0.25479246418661694
0.2664604336601807
0.30261136659123583
0.32090555674012466
0.2633460514900236
0.24048520006484242
0.0
0.0
0.0
0.0
0.0
0.0
0.0
0.0
0.0
0.0
0.209232134394117
0.35170521325489956
0.3081300577006357
0.356491598648198
0.35491203194093124
0.31501564553303457
0.32795821456968055
0.2828272096248465
0.24624071737732087
0.36539986090431764
0.4661295850518433
0.0
0.0
0.0
0.0
0.0
0.0
0.0
0.0
0.0
0.0
0.0
0.007550246361828972
0.1258150132591823
0.1771956763919293
0.2097436899387897
0.26145709531390765
0.3077218137425196
0.334193887883541
0.33824099875598007
0.3463264071855855
0.3369581141240297
0.3252667493437742
0.32205454482557355
0.36380324485865834
0.33337251442930116
0.31591576143104494
0.0
0.0
0.0
0.0
0.0
0.0
0.0
0.0
0.0
0.0
0.0
0.08656616388242072
0.15706392134422423
0.19704264071378846
0.2319508520113707
0.2561413984580382
0.2809278271788817
0.30347524660038955
0.32676445361178547
0.33550926387456537
0.33446923361607667
0.3757325262688414
0.3544497264954084
0.33893061226879634
0.0
0.0
0.0
0.0
0.0
0.0
0.0
0.0
0.0
0.0033841440838479776
0.08677465331564532
0.14664844108412958
0.18659755788000187
0.24645457960956918
0.29195016877740443
0.3241437804419114
0.3269674882716411
0.3290399006731097
0.35211011844617846
0.35500971114428026
0.348734314666595
0.4002498003365244
0.3770814088394918
0.3627242323479003
0.0
0.0
0.0
0.0
0.0
0.0
0.0
0.0
0.0
0.08236134547123998
0.12566467771608686
0.1423491794883385
0.18913432551368262
0.24047610459079283
0.2920673136309187
0.3237556575331356
0.35040403679158827
0.3618145440113816
0.35679681385216744
0.3523466208484016
0.31076991565061884
0.31928776899713646
0.32506218795172087
0.3101029648030847
0.0
0.0
0.0
0.0
0.0
0.0
0.0
0.0
0.0
0.04078356381769067
0.11465117982697606
0.16154349247736732
0.20065618246539357
0.22464609323757795
0.23976546292266818
0.25120586037852227
0.2728859459914266
0.3059200081723314
0.3322650199345668
0.34021592951414437
0.33975139525912607
0.3928193343178102
0.37257516791681694
0.3372436185628665
0.0
0.0
0.0
0.0
0.0
0.0
0.0
0.0
0.0
9.695699788580276e-05
0.06056451176201696
0.10907788865163673
0.1474837803384484
0.15207698641274162
0.17904342090539818
0.2081954782639737
0.2276638036282488
0.22866980370926807
0.23568205787122898
0.22558202032323607
0.22861966500537062
0.253073475180381
0.2699091034231736
0.21468747130896176
0.1854884457883473
0.0
0.0
0.0
0.0
0.0
0.0
0.0
0.0
0.0
0.0
0.0
0.0
0.05198018164624718
0.06503012075539777
0.11417887563095458
0.1455664229636352
0.14551744985306309
0.13496016321872234
0.13173765786589964
0.10950289967383099
0.13409068821622913
0.0
0.0
0.0
0.0
0.0
0.0
0.0
0.0
0.0
0.0
0.0
0.003358020554443173
0.0729998070926767
0.12063994002684023
0.15266218011738716
0.18403675265103706
0.24347860898708226
0.2736969858474088
0.30095221295378516
0.3023482334337746
0.31394962803987636
0.3218878074308902
0.30422025743467734
0.3290856499613799
0.2967924491789525
0.2745742053613132
0.0
0.0
0.0
0.0
0.0
0.0
0.0
0.0
0.0
0.07432254976770562
0.13500045658118862
0.1353951448408084
0.17976303113709463
0.2219279634596467
0.2646836579619465
0.2844870882410029
0.30521727129050513
0.32988337292167563
0.34147587304605737
0.3280608184887435
0.31454908186332403
0.37804137768817053
0.3460297211058849
0.30747749134096586
0.0
0.0
0.0
0.0
0.0
0.0
0.0
0.0
0.0
0.11308500914144005
0.14768537773887472
0.14091881170145748
0.1894789339830918
0.2515162588472283
0.2925729622035066
0.3214760108473376
0.34377963876884693
0.3630798223098585
0.3732286071592853
0.3708241037046345
0.3556831833139998
0.408254058381853
0.35156988607963224
0.3245563579798846
0.0
0.0
0.0
0.0
0.0
0.0
0.0
0.0
0.0
0.13494092409193076
0.16072672364045526
0.19663055695671067
0.2204144292630346
0.2593121805409589
0.2985585231454149
0.3278529427926937
0.3565186502035618
0.360456353763791
0.3832204711648657
0.38761587471432163
0.3541027917276898
0.3502389333963633
0.31650813939645867
0.3131396803087169
0.0
0.0
0.0
0.0
0.0
0.0
0.0
0.0
0.0
0.04184611449873625
0.1137668189714042
0.17055016028326003
0.2155026367272933
0.2573480306611646
0.2994290108886066
0.3192532874063407
0.3415082997483156
0.35775475391294187
0.378787611012783
0.39002467526289153
0.3772486346243773
0.42008964657545744
0.400029539776853
0.3797287042048912
0.0
0.0
0.0
0.0
0.0
0.0
0.0
0.0
0.0
0.2946508053666694
0.29229081456013534
0.2951481988242084
0.29777187009621514
0.30271515693534623
0.33612811191368225
0.3573971639111056
0.3743671742028964
0.37912931773858977
0.37009196800407956
0.329947234404052
0.27169768705068875
0.2743939048644694
0.32510106110810594
0.33263910961836907
0.3320212901428319
0.0
0.0
0.0
0.0
0.0
0.0
0.0
0.0
0.0
0.0
0.2778440294684099
0.4056182362616715
0.36080577759094185
0.4178810270698747
0.40286394988045304
0.41607983504835855
0.42865864293662637
0.4423048585384309
0.41897967421915794
0.42193801564427497
0.457215717228194
0.0
0.0
0.0
0.0
0.0
0.0
0.0
0.0
0.0
0.0
0.0
0.0897062421524778
0.1510784751797629
0.17026627415664478
0.2094769738486734
0.2642236128836689
0.31074547574663064
0.33520295669933015
0.35498836656897503
0.37023142062385
0.3872134774700589
0.41042709074397826
0.4061288634263796
0.45226371919047315
0.4254424539358291
0.41022418555182466
0.0
0.0
0.0
0.0
0.0
0.0
0.0
0.0
0.0
0.28447779871906603
0.2699216448436945
0.2688444334365279
0.27839051600257486
0.3151066926014572
0.3503300745558071
0.3644420684078396
0.3264003699616666
0.31762656959602703
0.34094056988265875
0.37505307924819237
0.3656409851570559
0.38127835292127793
0.32482069870127167
0.293466638117957
0.0
0.0
0.0
0.0
0.0
0.0
0.0
0.0
0.0
0.0
0.0030284650256544227
0.09323871428223726
0.1622265620304018
0.21974985856392604
0.26945434792773687
0.29428419541002254
0.30557652687164516
0.29094015668990497
0.3035845204941972
0.30659328741529446
0.29827103866124394
0.338199925267253
0.30621585595344264
0.2627416819540795
0.0
0.0
0.0
0.0
0.0
0.0
0.0
0.0
0.0
0.0
0.0
0.005582719194665962
0.11354421319617784
0.17638627470884752
0.2097249118330959
0.2347212671272518
0.25752326146626414
0.27624795396314145
0.29383458134155477
0.3007408201124506
0.2995735665472914
0.33801990879692473
0.31054964755905534
0.2801498331824962
0.0
0.0
0.0
0.0
0.0
0.0
0.0
0.0
0.0
0.0
0.0
0.061996546607092876
0.14922465977398394
0.2069257897690532
0.2550637661390545
0.2836785248977066
0.302219528179687
0.3234939084561899
0.33669547564456953
0.3219709308207636
0.31017850619178333
0.35143633803342605
0.3249730887520676
0.3059472363495484
0.0
0.0
0.0
0.0
0.0
0.0
0.0
0.0
0.0
0.06397050364500702
0.12086575196014436
0.18833512089612212
0.2193599095491191
0.23905248240530771
0.28811622367117556
0.305337267578412
0.3148117849389987
0.34086423523848247
0.36083208954706364
0.35788808619204543
0.34987399193582236
0.39249930475275274
0.4205977010902777
0.3676064786849763
0.36311196937367746
0.0
0.0
0.0
0.0
0.0
0.0
0.0
0.0
0.0
0.0
0.17965282596112017
0.1977143259228478
0.16065674765558072
0.1599670150631128
0.14800725595132724
0.18115845479240966
0.2145756301237064
0.23662391060531296
0.24639683798089976
0.30320379632180294
0.3684828416395608
0.0
0.0
0.0
0.0
0.0
0.0
0.0
0.0
0.0
0.0
0.0
0.0
0.017359216433837386
0.08911784414807668
0.15462702042518678
0.19908092075031064
0.24690725687235013
0.27531822046890103
0.2987250803642762
0.3060199583342649
0.315512780746027
0.3143424153777521
0.3177178522131831
0.3514815497241432
0.3095563293777561
0.2830042281996242
0.0
0.0
0.0
0.0
0.0
0.0
0.0
0.0
0.0
0.0033015185028719965
0.02641843181396668
0.08605664077366856
0.13696052666728076
0.16579266023341607
0.20034289128117172
0.24163644302689688
0.280921744678327
0.31338694614442303
0.33216071901856387
0.3380216905219566
0.31195037692759964
0.3595358965700255
0.3342193176205816
0.26349701795496056
0.0
0.0
0.0
0.0
0.0
0.0
0.0
0.0
0.0
0.0
0.009834610710590694
0.07297915517307693
0.1333324756060783
0.1588797561167444
0.19911740253102692
0.23282359029811822
0.27010109506019486
0.29396944812078596
0.2947078783577962
0.2929194707932663
0.25330406327171734
0.23597466663454167
0.21326887290763383
0.20495289860609944
0.0
0.0
0.0
0.0
0.0
0.0
0.0
0.0
0.0
0.0
0.00221941458556472
0.05989510842321195
0.1253585851648343
0.16105347101591486
0.20472631555678955
0.23856796346827963
0.2708218986565935
0.29151325806542167
0.322308956428381
0.32887929551949424
0.32297209413208855
0.3695683095760386
0.3435982904233327
0.3134104494610462
0.0
0.0
0.0
0.0
0.0
0.0
0.0
0.0
0.0
0.03436875146845894
0.043874241037359665
0.090526143755952
0.15482730206712136
0.20557273149651514
0.2530741436447091
0.2859010907647449
0.31495431719609784
0.3322540705979952
0.33612119383994166
0.34311247659481997
0.3308400447948976
0.36268823990253435
0.33314410236008607
0.2947414921614211
0.0
0.0
0.0
0.0
0.0
0.0
0.0
0.0
0.0
0.0
0.0
0.0528832376081442
0.14978409841085194
0.18145022503110333
0.23310997794304072
0.271704415318729
0.29924584060774473
0.308325685936946
0.3219140899999456
0.32651679900739716
0.301260559767471
0.34669309819668037
0.3918401243081397
0.30679585501499423
0.30736952041974647
0.0
0.0
0.0
0.0
0.0
0.0
0.0
0.0
0.0
0.0
0.07499916089486054
0.17847689802105454
0.20578951181570318
0.28408534405206465
0.31296837364585933
0.3299286276048464
0.3400036991293617
0.3336943482543168
0.3506191875925751
0.4405707253998664
0.48901631367411835
0.0
0.0
0.0
0.0
0.0
0.0
0.0
0.0
0.0
0.0
0.0
0.02753352150651626
0.094518958824402
0.1152230441199206
0.14864021371201513
0.17731489296725053
0.2246948382185588
0.27248535142851377
0.3027320776503664
0.31382082521775445
0.3337437176982498
0.330917395286983
0.3138993486982351
0.3357886035421163
0.3073249416047465
0.29651734513141176
0.0
0.0
0.0
0.0
0.0
0.0
0.0
0.0
0.0
0.06936943870020584
0.12485911732633549
0.1766893939573958
0.2328401767793916
0.27618144316888965
0.3043711653678442
0.33033016307024066
0.35141958095382464
0.36662995628129214
0.3857446891067297
0.3894735882272127
0.38611390168295057
0.43145614729890863
0.4104074612910294
0.36432763983817
0.0
0.0
0.0
0.0
0.0
0.0
0.0
0.0
0.0
0.22603367827552864
0.23322133130848022
0.23987575223294325
0.25828785770248813
0.306501373842438
0.3456257923129499
0.3650151361602264
0.3704462196725612
0.3511567665580266
0.30215273797041975
0.2765926533372426
0.26579240600026494
0.29290911233994427
0.27019160583400237
0.2543690854150824
0.0
0.0
0.0
0.0
0.0
0.0
0.0
0.0
0.0
0.03326714323168615
0.09955588322789641
0.16410733995114785
0.22607666457244585
0.2853799497036946
0.3286104294479606
0.34640244354666117
0.3632320359524797
0.3771821392085496
0.3626472172937103
0.32320343175310084
0.29715439053189935
0.3493788603921026
0.3400381485506511
0.31285580855390954
0.0
0.0
0.0
0.0
0.0
0.0
0.0
0.0
0.0
0.1309490808069222
0.18409714357728638
0.21960382251303895
0.2536944793702997
0.2974316986497204
0.3360098482870007
0.3640302304668999
0.3850733749422979
0.39839037747757206
0.4117425520684138
0.41214948746602176
0.3911147267048603
0.416399462656928
0.37971491391624557
0.3484228264641214
0.0
0.0
0.0
0.0
0.0
0.0
0.0
0.0
0.0
0.18514720793236192
0.2019303500908311
0.21684704564259324
0.2603529242221403
0.2726913691600654
0.3115325126902661
0.3393257708695766
0.36251875900940944
0.37383481468839447
0.3823896555282559
0.388279198709607
0.38504351031446654
0.4315248151843898
0.460132865183846
0.4041301109044496
0.4252741950927801
0.0
0.0
0.0
0.0
0.0
0.0
0.0
0.0
0.0
0.0
0.16266452406161547
0.31627878189742226
0.29782989737249577
0.33019594405548836
0.323507322738734
0.3552225792658498
0.3701169875439433
0.38875338035251034
0.405282018128726
0.48921912040060134
0.5527093707695375
0.0
0.0
0.0
0.0
0.0
0.0
0.0
0.0
0.0
0.0
0.0
0.12974017614044914
0.11935917798790037
0.16645764005559313
0.2063445128669297
0.2480286528457326
0.30145805496411
0.3306976543285052
0.33566650828840683
0.29933086638745315
0.29850688063342923
0.3157101374815086
0.32365646394336994
0.3712983298890093
0.3448567803470716
0.32144429227703425
0.0
0.0
0.0
0.0
0.0
0.0
0.0
0.0
0.0
0.07718328666985619
0.10786440059536809
0.15246157376634176
0.21188381285092325
0.25322795449808905
0.2915267551601981
0.31709914586542415
0.3368862121255125
0.3412859523514634
0.35336234428523605
0.3582334665628388
0.35381087521264515
0.38314950283744265
0.3264984309569251
0.2777292015580639
0.0
0.0
0.0
0.0
0.0
0.0
0.0
0.0
0.0
0.07353139477058354
0.14540152444206483
0.1666140753753281
0.19547552555745956
0.23816731105832714
0.277125642647568
0.3050617906796666
0.32151719533136747
0.3403830003811716
0.3561760210618392
0.3682844102757758
0.36602470728426023
0.40178150412776126
0.37113916644003153
0.33385738581932234
0.0
0.0
0.0
0.0
0.0
0.0
0.0
0.0
0.0
0.15846846461252995
0.17870697177586606
0.20475828721921957
0.23118377831457051
0.272912895025834
0.30956109666784754
0.34106802767279126
0.3479946116653477
0.36266275536700116
0.3742071503254904
0.3616276390677037
0.3065077575642866
0.2873436128429778
0.2590182480869024
0.23366453077092944
0.0
0.0
0.0
0.0
0.0
0.0
0.0
0.0
0.0
0.0
0.007320349698315239
0.09435842197706742
0.16763622538176204
0.22228179278578597
0.2767797104208037
0.3046231428444094
0.33315104793857153
0.3091828963249835
0.3307337815105663
0.35127941669981333
0.3441691984533456
0.3877387818822778
0.3588245959671012
0.3282091446885963
0.0
0.0
0.0
0.0
0.0
0.0
0.0
0.0
0.0
0.07936019895437785
0.13376740256018504
0.19424205711070824
0.24162456205666738
0.2622365640037045
0.30697143603654
0.32676251087095154
0.34322927752275273
0.3552912584522528
0.36164648605981553
0.371464078041876
0.31246302594356645
0.30001338334214933
0.32785585033995146
0.26627937072308655
0.27936492024098564
0.0
0.0
0.0
0.0
0.0
0.0
0.0
0.0
0.0
0.0
0.016965226550091476
0.21757626650933728
0.2590708068547741
0.3207860934727096
0.21636099487624022
0.22438712585401885
0.30047767516190094
0.3477939255768087
0.36188731501717897
0.4442734781735326
0.5164679706332354
0.0
0.0
0.0
0.0
0.0
0.0
0.0
0.0
0.0
0.0
0.0
0.16096389090123153
0.20845839721647608
0.20768449624889962
0.22975556871040115
0.27839446358497894
0.32052796242640086
0.3468985459515284
0.35777998261029914
0.3704811112708021
0.36918225742002175
0.3553370680403946
0.33304138336306593
0.3514631605710062
0.30857892265870224
0.2628012893822704
0.0
0.0
0.0
0.0
0.0
0.0
0.0
0.0
0.0
0.0
0.014121660425789986
0.0944190931863894
0.16189015413788227
0.20692406497419055
0.2451940391284304
0.2828850009079034
0.303464572119978
0.3163023654753312
0.3190532560569773
0.31847443666707453
0.31158286017588593
0.3565259391743031
0.32517529346445195
0.2903140032865282
0.0
0.0
0.0
0.0
0.0
0.0
0.0
0.0
0.0
0.0
0.0050762669707583915
0.07520591670322692
0.13926759572734793
0.17496852921150424
0.20407170723553228
0.23340434998511014
0.25902365384014087
0.2801022874953952
0.29709936223403
0.3082262687058367
0.30952312097986456
0.3471023072459366
0.31907498501427356
0.27250390720942685
0.0
0.0
0.0
0.0
0.0
0.0
0.0
0.0
0.0
0.0
0.0
0.0015584500951583216
0.042269772827660715
0.09949410174307494
0.15626414245172743
0.1967939102148955
0.23384003032490808
0.26299982448884673
0.2870731410561089
0.29197477924233484
0.27511430269896386
0.310465783052467
0.2789681095922418
0.23191923972984985
0.0
0.0
0.0
0.0
0.0
0.0
0.0
0.0
0.0
0.0
0.0
0.001249431831803577
0.06600441335995873
0.140581418810378
0.20107316428068997
0.22506813170371817
0.24157535423246865
0.2618488673981622
0.27198147315974314
0.2872023499030271
0.293371900733945
0.3350839419007082
0.29012884273492956
0.2289646929737717
0.0
0.0
0.0
0.0
0.0
0.0
0.0
0.0
0.0
0.025924261343701956
0.08911424657436921
0.11535001922780395
0.16165785947325667
0.17710465900292405
0.2271393676377916
0.2625403908891204
0.276145907874467
0.3031797550171589
0.3153863543096737
0.32496543016454693
0.31458890455602906
0.355572091899274
0.3634969586456385
0.26966646500219354
0.26493521426151206
0.0
0.0
0.0
0.0
0.0
0.0
0.0
0.0
0.0
0.0
0.055667648565505906
0.17133439054486907
0.1856044128584807
0.24179863558864967
0.2571219480892787
0.28218840063048073
0.30897695126616
0.31588079098528654
0.3075099753006315
0.3587680535639654
0.4112095747439346
0.0
0.0
0.0
0.0
0.0
0.0
0.0
0.0
0.0
0.0
0.0
0.0
0.0
0.011112809311210206
0.1408255416404952
0.18993961051935224
0.2511388203558236
0.2611690854680719
0.2934147193548249
0.3124952874213138
0.320298231876855
0.32482461559161135
0.3794167275830561
0.4287960540785499
0.0
0.0
0.0
0.0
0.0
0.0
0.0
0.0
0.0
0.0
0.0
0.011356938321498217
0.06344915627495203
0.116839296982467
0.151765953720361
0.1768835799530003
0.2170974080386707
0.2642520933870772
0.2817632112050146
0.2928634871348216
0.301070029065146
0.3004201506168781
0.2914809175268592
0.3253558724368325
0.2891238321307708
0.26294695878405694
0.0
0.0
0.0
0.0
0.0
0.0
0.0
0.0
0.0
0.14142321286438148
0.16391189240187212
0.18029117883297716
0.20079954029240926
0.23625691247991573
0.2673731042974618
0.2833299565290032
0.29907306867607
0.31371302072390694
0.3134587925568874
0.3238164564589673
0.32126664874912764
0.3593004608595201
0.3208852668101014
0.29026993957471753
0.0
0.0
0.0
0.0
0.0
0.0
0.0
0.0
0.0
0.07730264119783266
0.12091272855866037
0.15417230250516886
0.18272947567643574
0.21147608754397232
0.25930729021054494
0.285762268636331
0.2954294419424122
0.3113662848472916
0.3140899624769739
0.3127990015655206
0.3190694586815508
0.3650328475686354
0.32099241746644114
0.2750086939722877
0.0
0.0
0.0
0.0
0.0
0.0
0.0
0.0
0.0
0.003799210340964441
0.02025848515249811
0.10665751701746823
0.16395316683829214
0.21443243938652667
0.2542340602508509
0.2735284252388458
0.29162463764157925
0.30737222537371645
0.31724645488767683
0.31764932989671296
0.30869015052099347
0.352312016999562
0.3140864821594221
0.28277705582153906
0.0
0.0
0.0
0.0
0.0
0.0
0.0
0.0
0.0
0.005579024105637028
0.008187299017187257
0.08027199784206508
0.12440781973775779
0.14348115340537276
0.2032213431757516
0.23376163474198688
0.26237611440577935
0.2897525842799226
0.30170111169294556
0.305944558019565
0.3013516363837772
0.33913000164145113
0.3489911931998086
0.27765954012727634
0.2765331878247558
0.0
0.0
0.0
0.0
0.0
0.0
0.0
0.0
0.0
0.0
0.0057634819468478805
0.13821996716706245
0.20435414592055667
0.2772859859826755
0.2959616808076244
0.32897074081457556
0.3437638972241537
0.3524832790464504
0.34919085627787744
0.4015013361633755
0.4564888974564995
0.0
0.0
0.0
0.0
0.0
0.0
0.0
0.0
0.0
0.0
0.0
0.04563513287340313
0.05499728820430859
0.10741066187741966
0.1825167997998951
0.24096927407902893
0.27023059854975184
0.2904845059071357
0.3089020212770175
0.32822041639804445
0.3418848484895558
0.3357823629000751
0.3250558196990845
0.3651253539190301
0.33179978628635376
0.2950254737244508
0.0
0.0
0.0
0.0
0.0
0.0
0.0
0.0
0.0
0.14447735694614203
0.172243321698239
0.16260032563011997
0.19977203332096288
0.23902431705250157
0.28035276660614933
0.30808108472638635
0.3325072472165011
0.3521686918535537
0.3170287248386455
0.30668210685693637
0.3029587789204335
0.3341684359406561
0.2929958723106709
0.2562630198490062
0.0
0.0
0.0
0.0
0.0
0.0
0.0
0.0
0.0
0.0
0.0
0.022024562086549324
0.10063559166530862
0.15312450519041085
0.20750739865154086
0.23786952443104495
0.2512331024495236
0.26881315450911536
0.27782760038939064
0.28040358023597445
0.26526173102303496
0.29027244708041916
0.23924918732784275
0.19477977406188873
0.0
0.0
0.0
0.0
0.0
0.0
0.0
0.0
0.0
0.0
0.0
0.0
0.013098417672126945
0.06287851609376467
0.11954890394190128
0.16073192853512844
0.16966910009241382
0.17663709323219628
0.2022983041762139
0.19380892738484726
0.18766371504684
0.20863302895855923
0.15796065832922718
0.0905289271889553
0.0
0.0
0.0
0.0
0.0
0.0
0.0
0.0
0.0
0.0
0.0
0.0
0.03552976993571622
0.11595404000878133
0.18201646376284109
0.21975359110120662
0.25085906267823743
0.27934632254546565
0.301709984100126
0.31083580166434
0.3017700243683567
0.33350133285373323
0.2675649644683845
0.22007128947094323
0.0
0.0
0.0
0.0
0.0
0.0
0.0
0.0
0.0
0.0
0.0
0.030806058147611337
0.15703988196949847
0.2036600347589765
0.25342345513985204
0.2742297268709024
0.2987182799685058
0.31120349392206403
0.3152235409242341
0.32290119668280154
0.3169965175900342
0.3478991926115156
0.3173765428677155
0.2392054434647809
0.2556154890374801
0.0
0.0
0.0
0.0
0.0
0.0
0.0
0.0
0.0
0.0
0.0027680442683956264
0.03191827042484167
0.08240719140845175
0.110908288537502
0.14729193369966212
0.16296370108637404
0.1800430339868296
0.19309213724205626
0.20883778890490048
0.23809883420091332
0.2776048788233648
0.0
0.0
0.0
0.0
0.0
0.0
0.0
0.0
0.0
0.0
0.0
0.0
0.0
0.0
0.016679143275685468
0.04383464698599924
0.06739766359561589
0.08910349443327883
0.11435762253191584
0.13380124184651038
0.14895089039241727
0.18071493792214408
0.19208203087803866
0.20702466027685892
0.14816484262322463
0.11627028690412693
0.0
0.0
0.0
0.0
0.0
0.0
0.0
0.0
0.0
0.0
0.0
0.02601583332060797
0.0897886926034116
0.12004730676835411
0.1517826105696349
0.17589432218331416
0.19918410459844604
0.20470163789777462
0.21130812341021016
0.2130176167337354
0.2146229019484564
0.23711315808937053
0.1729323030285845
0.14764970780174733
0.0
0.0
0.0
0.0
0.0
0.0
0.0
0.0
0.0
0.0
0.0
0.0014041521278531132
0.07831074142599721
0.14589986609503336
0.20568036559768885
0.22213181565097356
0.24407708281341686
0.260470475123532
0.28117396746615897
0.29020772716920973
0.2810156218379119
0.3115425963814356
0.2486257355640818
0.2035959156958971
0.0
0.0
0.0
0.0
0.0
0.0
0.0
0.0
0.0
0.0
0.0
0.029736901737217578
0.14558489568150237
0.21037630690212913
0.25255837011284527
0.28210514935027126
0.3003503072734531
0.3161768032676361
0.33139731375053344
0.32736742853164436
0.3120407485448929
0.34991820569232374
0.28912726024061985
0.26989050987282187
0.0
0.0
0.0
0.0
0.0
0.0
0.0
0.0
0.0
0.006581216227561118
0.026801059335782515
0.07688170658251606
0.1255456378519818
0.14695897414968342
0.19250900364207094
0.23446223662509533
0.27216404256707555
0.2945121055343407
0.31052717399744495
0.31629687596485934
0.3078805258546675
0.33240005845363735
0.2666873206214618
0.22998480887765202
0.0
0.0
0.0
0.0
0.0
0.0
0.0
0.0
0.0
0.00534360114836368
0.010866823911685416
0.04939759865870476
0.10886174262089762
0.14688428883694235
0.19587117730929648
0.218806212316768
0.21092911824920396
0.22324248098251762
0.2501918422329056
0.2539411455543113
0.2337582787685204
0.23924148422899594
0.22529606944302374
0.19044356185495742
0.1670320867400217
0.0
0.0
0.0
0.0
0.0
0.0
0.0
0.0
0.0
0.0
0.0
0.0
0.0
0.011124269782898748
0.06702647125279232
0.09534528177273609
0.1102771254749621
0.13156716384000094
0.15591202655581252
0.1510526326789671
0.15821544190611708
0.0
0.0
0.0
0.0
0.0
0.0
0.0
0.0
0.0
0.0
0.0
0.0
0.0
0.0004634082085130985
0.07720546984845285
0.12743329465927647
0.17790429237070673
0.21767771817689283
0.24708954751529477
0.2701098252677483
0.28984778303191
0.2946477273402206
0.2900347911006804
0.32401585221665463
0.2625354004952835
0.23841576981452772
0.0
0.0
0.0
0.0
0.0
0.0
0.0
0.0
0.0
0.0
0.003949137202426244
0.05421552889555527
0.10860928644841031
0.12357417439579056
0.1486236927149227
0.15939243877682926
0.1667639228314172
0.18575839629838775
0.20106711020671994
0.19474580369417452
0.17874814721082297
0.18809785336030585
0.1420687422618432
0.12035507624180905
0.0
0.0
0.0
0.0
0.0
0.0
0.0
0.0
0.0
0.0
0.0
0.0
0.012318268284108102
0.05349777563626523
0.09866134586887296
0.13295513150673818
0.15604712458438488
0.167399356655961
0.17910890973967103
0.18903762390005857
0.1791110308390149
0.19502078496659628
0.16000600816166408
0.12007482457901542
0.0
0.0
0.0
0.0
0.0
0.0
0.0
0.0
0.0
0.0
0.0
0.0010403007838008795
0.0634602745056785
0.10553567703921428
0.1582665636517295
0.2184337298517933
0.2579568960297636
0.27952488417176413
0.2922669750078324
0.2891043126433253
0.2834794988011987
0.32068141218204393
0.258321790691516
0.2334887284908971
0.0
0.0
0.0
0.0
0.0
0.0
0.0
0.0
0.0
0.0
0.0003941487134000428
0.04197253204167379
0.09925048431008898
0.14612570881439602
0.20915312302462039
0.2321763042916406
0.25959545250828575
0.2794114275154796
0.29948624900304527
0.29876093984327495
0.2856611049113702
0.3071747730022589
0.24992847758072467
0.23172270840113027
0.0
0.0
0.0
0.0
0.0
0.0
0.0
0.0
0.0
0.0008170143177331658
0.004357419585832006
0.024610939408825333
0.1147355636799763
0.16339553122428363
0.20637121955504484
0.24202612702806678
0.27511121258454685
0.295448021903282
0.3070203950983247
0.31223687574651376
0.3027379935848371
0.3379573983113391
0.3048999562079812
0.26229039425845757
0.2814946512163626
0.0
0.0
0.0
0.0
0.0
0.0
0.0
0.0
0.0
0.0
0.0006114640437556468
0.10612587462851897
0.22086914925164372
0.2853108774928951
0.29981171916234856
0.3257434825200268
0.32864577148941826
0.33246515987313646
0.3386549952999868
0.4079805242122453
0.4580160295002738
0.0
0.0
0.0
0.0
0.0
0.0
0.0
0.0
0.0
0.0
0.0
0.0
0.0
0.0010926706413729623
0.041352347443936226
0.09739356477409675
0.15752194864881663
0.19904622408475883
0.23054717547083833
0.25791423797015706
0.27430042057198384
0.27408687668335435
0.25644318313174896
0.26742555944703905
0.19866302498583446
0.16748795462827626
0.0
0.0
0.0
0.0
0.0
0.0
0.0
0.0
0.0
0.0
0.0
0.003215058376233263
0.05894591359974622
0.10733272471753912
0.14786802304149593
0.1682434602104614
0.19826554007199026
0.21120115889439492
0.21830703586608438
0.21118960733139128
0.18246217382330598
0.17258074680350827
0.10065486435918172
0.0511013812188229
0.0
0.0
0.0
0.0
0.0
0.0
0.0
0.0
0.0
0.0
0.0
0.0
0.00020207142084222534
0.014347578807290805
0.0730529399319121
0.10838101510817302
0.13686898419745855
0.15889006203624503
0.186166731966495
0.19537858385179246
0.1852703508713667
0.1902298380659222
0.13043097183352997
0.09862704124865712
0.0
0.0
0.0
0.0
0.0
0.0
0.0
0.0
0.0
0.0
0.0
0.0
0.0
0.00027829042304973906
0.01904358665398012
0.0393802196002965
0.025455776619088755
0.025966218768255528
0.03723089644747274
0.016802960571269506
0.00021083098426768777
0.0
0.0
0.0
0.0
0.0
0.0
0.0
0.0
0.0
0.0
0.0
0.0
0.0
0.0
0.0
0.0
0.0
0.00014944462108634768
0.007474130141172255
0.03199158356419173
0.0451362858090661
0.062151403382743185
0.06254642318616212
0.051232127225327634
0.03510401432679695
0.0015657471551011745
0.0
0.0
0.0
0.0
0.0
0.0
0.0
0.0
0.0
0.0
0.0
0.0
0.0
0.0
0.0
0.004573572480384668
0.04701434825931564
0.08055160105733662
0.10705141651797728
0.11234168551418311
0.10935022417388374
0.10983019723682254
0.09469311079460313
0.04928100880766367
0.008884981852511974
0.0
0.0
0.0
0.0
0.0
0.0
0.0
0.0
0.0
0.0
0.0
0.0
0.0
0.0
0.00020851662114107408
0.008631239143218509
0.0317256647624669
0.06855224750784299
0.09339890938963691
0.1052896067813012
0.09103372942167708
0.04149372505592217
0.0
0.0
0.0
0.0
0.0
0.0
0.0
0.0
0.0
0.0
0.0
0.0
0.0
0.0
0.0
0.0003871972862640186
0.01394427149441213
0.09307383238414929
0.15591966543519192
0.19932006725252566
0.22538546859819894
0.23157742258602743
0.2639546346006385
0.24568874373279231
0.0
0.0
0.0
0.0
0.0
0.0
0.0
0.0
0.0
0.0
0.0
0.0
0.0
0.0
0.0023624169607161225
0.03750803539557194
0.10485584448956005
0.15155741369020848
0.19046714999351858
0.2139755683412293
0.2280645330173923
0.2245778551817157
0.2106118944546794
0.21723007361573965
0.16406721774842625
0.1393303272729543
0.0
0.0
0.0
0.0
0.0
0.0
0.0
0.0
0.0
0.0
0.0
0.0
0.0
0.0
0.0
0.0
0.0020726300294703513
0.005622437194533822
0.00997860624455755
0.01269618937116554
0.0072102621067902896
0.0013075477853060635
0.0
0.0
0.0
0.0
0.0
0.0
0.0
0.0
0.0
0.0
0.0
0.0
0.0
0.0
0.0
0.0
0.0001290952834800669
0.0034472498382878687
0.010666539563123446
0.04473208733548746
0.07062043792975595
0.07919387536215403
0.07784935309828493
0.07059689943387991
0.02398718435535095
0.0038515309357991753
0.0
0.0
0.0
0.0
0.0
0.0
0.0
0.0
0.0
0.0
0.0
0.0
0.0
0.0019272569743133778
0.04170883978726969
0.10352294483286516
0.14721516229079432
0.17947297733931955
0.20351891776766048
0.264432414115979
0.23185106732930708
0.20372024714326262
0.1340563530597543
0.1027215146228447
0.0
0.0
0.0
0.0
0.0
0.0
0.0
0.0
0.0
0.0
0.0
0.0
0.0
0.009130287617410483
0.05829677968629864
0.08730379102087742
0.10974749827317042
0.11401297194900302
0.08852826679466871
0.08563049073401303
0.06366358768859431
0.009665272033954106
0.00013896691899912105
0.0
0.0
0.0
0.0
0.0
0.0
0.0
0.0
0.0
0.0
0.0
0.0
0.0
0.0
0.0
0.0
0.0
0.0
0.0025554824298719752
0.007569118352477111
0.010339251774410894
0.0006181654357760633
0.0
0.0
0.0
0.0
0.0
0.0
0.0
0.0
0.0
0.0
0.0
0.0
0.0
0.0
0.0
0.0
0.0
0.00010195118502415966
0.003848232107812881
0.012398980416100725
0.03667118433507137
0.05940428481273561
0.07026991580511856
0.06509576588960377
0.048297895574238074
0.014361337546961339
0.0042172699550835305
0.0
0.0
0.0
0.0
0.0
0.0
0.0
0.0
0.0
0.0
0.0
0.0
0.0
0.0
0.004549036961718844
0.038379603182079704
0.07997724044801573
0.10792998629099343
0.1258901137162697
0.14134048207588343
0.13951798574206428
0.1325428962659278
0.08495278085131078
0.05571825374984257
0.0
0.0
0.0
0.0
0.0
0.0
0.0
0.0
0.0
0.0
0.0
0.0
0.0008971077100252164
0.015403907576930928
0.07629297538355602
0.11625117684387608
0.14739370142502367
0.1663066307792653
0.1875988634982722
0.1843699716439733
0.16296190470190253
0.15896667376955023
0.11599551122053986
0.1010944228247243
0.0
0.0
0.0
0.0
0.0
0.0
0.0
0.0
0.0
0.0
0.0
0.0
0.0022263167223116323
0.033594419604376854
0.08818170831019476
0.12029030629191645
0.15458724001757085
0.17382743610043608
0.19610208870545912
0.21565578540217498
0.20005435665474883
0.19228772977934747
0.14467008443482576
0.12563866563529863
0.0
0.0
0.0
0.0
0.0
0.0
0.0
0.0
0.0
0.0
0.0
0.0
0.001871152518230058
0.005428266557042013
0.030999080639055678
0.06551786255549955
0.12088805261720474
0.16223465215958818
0.18515878285681953
0.20173356279130994
0.19904472240689788
0.20346211791340305
0.15931943851167546
0.14266215010960884
0.0
0.0
0.0
0.0
0.0
0.0
0.0
0.0
0.0
0.0
0.0
0.0
0.0015501160530211429
0.02082125174917026
0.07450158831111567
0.10427676087417491
0.12822097725988438
0.15668944991802175
0.19091471465020182
0.20237210715103562
0.19923249377360652
0.19135356511906107
0.15459595380689753
0.10213920502021404
0.027456594353235986
0.0
0.0
0.0
0.0
0.0
0.0
0.0
0.0
0.0
0.0
0.0
0.0
0.009010648439954026
0.07260255627066119
0.13149178783611082
0.1853772668637272
0.21936709988972267
0.2402096006553614
0.256056149578482
0.301515345473088
0.29112872516969407
0.0
0.0
0.0
0.0
0.0
0.0
0.0
0.0
0.0
0.0
0.0
0.0
0.0
0.0
0.002688656543970156
0.023968075280410565
0.08846168019483294
0.1433585665907667
0.18125826334539996
0.20476123015064646
0.2301720368989132
0.22678639378170407
0.21112938526008
0.21456806089525987
0.16225036428087042
0.14370401862723203
0.0
0.0
0.0
0.0
0.0
0.0
0.0
0.0
0.0
0.0
0.0
0.0
0.0
0.0
0.0
0.00032028856373152365
0.006671717295823951
0.03153009358149318
0.06098828792757174
0.06273741309537638
0.04988397663408641
0.013705584727420835
0.00022885686989730072
0.0
0.0
0.0
0.0
0.0
0.0
0.0
0.0
0.0
0.0
0.0
0.0
0.0
0.0
0.0
0.0
0.001255007344625123
0.005437046893154417
0.017595616018840007
0.04284247603667525
0.04871678257920631
0.03608015954828509
0.0073867843795931
0.0003358508453243617
0.0
0.0
0.0
0.0
0.0
0.0
0.0
0.0
0.0
0.0
0.0
0.0
0.0
0.0
0.0
0.0
0.001167617267253753
0.006594613731998328
0.027923003357901183
0.0533155257545851
0.06340799271144781
0.053967453671549294
0.019290606699280625
0.001253524159259992
0.0
0.0
0.0
0.0
0.0
0.0
0.0
0.0
0.0
0.0
0.0
0.0
0.0
0.0
0.0
0.00032832961959945647
0.004024056559831462
0.009860077020120657
0.032728280130296876
0.060567763030566206
0.06570875825186619
0.05717684769768193
0.024442248111915334
0.0016472642582109436
0.0
0.0
0.0
0.0
0.0
0.0
0.0
0.0
0.0
0.0
0.0
0.0
0.0
0.0
0.0
0.0009350715017116492
0.006962802194239124
0.033580905286655846
0.07101544447343251
0.09412058096576689
0.10810243415349564
0.09804287039795206
0.06432944247969262
0.018162962199981106
0.0048719995922398
0.0
0.0
0.0
0.0
0.0
0.0
0.0
0.0
0.0
0.0
0.0
0.0
0.0
0.0
0.0015248144116534038
0.016907317096841967
0.05487803135459571
0.10428912157797834
0.12909846177599288
0.13594576558043747
0.1244852070477347
0.06712479495840792
0.0
0.0
0.0
0.0
0.0
0.0
0.0
0.0
0.0
0.0
0.0
0.0
0.0
0.0
0.0
0.0
0.0
5.198828451910206e-05
0.0008013510215672287
0.0003628308905884593
0.00046047660407999303
0.0007185262036900415
0.0020120193574042953
0.00027892759424434096
0.0
0.0
0.0
0.0
0.0
0.0
0.0
0.0
0.0
0.0
0.0
0.0
0.0
0.0
0.0
0.0
2.082779367574475e-05
0.007950134240848694
0.02473876217610975
0.03941946222916852
0.056605804206056265
0.06374157322192057
0.05478685897399204
0.03522821798684533
0.006039455948000383
0.0005679988644976386
0.0
0.0
0.0
0.0
0.0
0.0
0.0
0.0
0.0
0.0
0.0
0.0
0.0
0.0
0.018016210500662315
0.03525313311665818
0.04224599543608706
0.050546572053629515
0.06142152758081238
0.05554013141665417
0.04598455918450139
0.029953127105798616
0.0012389908994892953
0.0
0.0
0.0
0.0
0.0
0.0
0.0
0.0
0.0
0.0
0.0
0.0
0.0
0.0
0.0
0.0009059414600875551
0.011733736783010446
0.02701137810569081
0.030707126770629044
0.006906454585659289
0.0
0.0
0.0
0.0
0.0
0.0
0.0
0.0
0.0
0.0
0.0
0.0
0.0
0.0
0.0
0.0
0.0
0.0
0.0
0.0
0.0
0.0
0.0
0.0
0.0
0.0
0.0
0.0
0.0
0.0
0.0
0.0
0.0
0.0
0.0
0.0
0.0
0.0
0.0
0.0
0.0
0.0
0.0
0.0
0.0
0.0
0.0013868261819337004
0.0033479290415057254
0.0030323519977967102
0.000438874288396195
0.0
0.0
0.0
0.0
0.0
0.0
0.0
0.0
0.0
0.0
0.0
0.0
0.0
0.0
0.0
0.0
0.0
0.0
0.0
0.0
0.0
0.0023593657243593685
0.0025808884597927407
0.0
0.0
0.0
0.0
0.0
0.0
0.0
0.0
0.0
0.0
0.0
0.0
0.0
0.0
0.0
0.0
0.0
0.0
0.0
1.416360368927563e-05
0.0020067670480940643
0.012719642821943147
0.030521173770953456
0.02621825601103488
0.001678961424177372
0.0
0.0
0.0
0.0
0.0
0.0
0.0
0.0
0.0
0.0
0.0
0.0
0.0
0.0
0.0
0.0
0.0
0.0
0.0004070388685145905
0.0039635505257974366
0.0066652902074745835
0.03004027756165659
0.04652439721035351
0.03546082672712458
0.007984454029186497
0.0003200895528713731
0.0
0.0
0.0
0.0
0.0
0.0
0.0
0.0
0.0
0.0
0.0
0.0
0.0
0.0
0.0
0.0
0.0028664690219354413
0.008244844885722592
0.020421963542567128
0.03268560080880641
0.03820070742795201
0.03244098429297031
0.00914482739069306
0.0017876895112232734
0.0
0.0
0.0
0.0
0.0
0.0
0.0
0.0
0.0
0.0
0.0
0.0
0.0
0.0
0.0
0.0
0.0015515966191998567
0.007038964840248402
0.01917281191705734
0.035960932257456675
0.046080311411111415
0.04085882137544716
0.009270884738434137
0.0003899095639970273
0.0
0.0
0.0
0.0
0.0
0.0
0.0
0.0
0.0
0.0
0.0
0.0
0.0
0.0
0.0
0.0
0.0
0.0
0.0
0.0
7.786181653462253e-05
0.0
0.0
0.0
0.0
0.0
0.0
0.0
0.0
0.0
0.0
0.0
0.0
0.0
0.0
0.0
0.0
0.0
0.0
0.0
0.0
0.001721333858613155
0.021929429882070077
0.038143068961812875
0.04656745896645342
0.045895378771309614
0.019937389972449485
0.0
0.0
0.0
0.0
0.0
0.0
0.0
0.0
0.0
0.0
0.0
0.0
0.0
0.0
0.0
0.0
0.0
0.0
0.0
0.004379594952746511
0.007258778297096616
0.005866717279881877
0.0022146091295828416
0.0
0.0
0.0
0.0
0.0
0.0
0.0
0.0
0.0
0.0
0.0
0.0
0.0
0.0
0.0
0.0
0.0
0.0
0.0
5.733402609953925e-05
0.0014065378409877053
0.0020122971918331563
0.0023908339007119904
0.0010275237927153172
0.0
0.0
0.0
0.0
0.0
0.0
0.0
0.0
0.0
0.0
0.0
0.0
0.0
0.0
0.0
0.0
0.0
0.0
0.0
0.0
0.0
0.0
0.0
0.0
0.0
0.0
0.0
0.0
0.0
0.0
0.0
0.0
0.0
0.0
0.0
0.0
0.0
0.0
0.0
0.0
0.0
0.0
0.0
0.0
0.0
0.0
0.0
0.0
0.0
0.0
0.0
0.0
0.0
0.0
0.0
0.0
0.0
0.0
0.0
0.0
0.0
0.0
0.0
0.0
0.0
0.0
0.0
0.0
0.0
0.0
0.0
0.0
0.0
0.0
0.0
0.0
0.0
0.0
0.0
0.0
0.0
0.0
0.0
0.0
0.0
0.0
0.0
0.0
0.0
0.0
0.0
0.001468218312208964
0.004770900365270213
0.009330086524062418
0.011117891453892834
0.008328435816483097
0.0016355180385064835
0.0
0.0
0.0
0.0
0.0
0.0
0.0
0.0
0.0
0.0
0.0
0.0
0.0
0.0
0.0
0.0
0.0
0.003682125330068277
0.012072862233080824
0.020344574471697175
0.034997703520541906
0.04854024477717726
0.04506611642848302
0.010924055390924524
0.0005321501419388111
0.0
0.0
0.0
0.0
0.0
0.0
0.0
0.0
0.0
0.0
0.0
0.0
0.0
0.0
0.0
0.0
0.0010264245104984644
0.010386110386660588
0.01763375460389915
0.022981961789155778
0.03174608630845941
0.025979260154911994
0.0007308435712444413
0.0
0.0
0.0
0.0
0.0
0.0
0.0
0.0
0.0
0.0
0.0
0.0
0.0
0.0
0.0
9.050650788720139e-05
0.007020279659872484
0.024369113511768594
0.06352661835036769
0.09099842362412376
0.11055775877409245
0.12544604674780058
0.11656063902143748
0.06767680104047
0.025184332150147627
0.008728420233540798
0.004521404696452483
0.0
0.0
0.0
0.0
0.0
0.0
0.0
0.0
0.0
0.0
0.0
0.0
0.0
0.0014271261168561603
0.007364468572815844
0.025056111031198577
0.05881138950395738
0.06852729092314441
0.06786030465839954
0.05891730919979743
0.03162238673667176
0.007364429876898407
0.002363608683463741
0.0
0.0
0.0
0.0
0.0
0.0
0.0
0.0
0.0
0.0
0.0
0.0
0.0
0.0
0.0
0.00043645102955452633
0.010472101565991637
0.0364618518967957
0.0679743638899388
0.08369001185122138
0.06402424290245691
0.01747281359310186
0.002734619393613542
0.00017468880420143956
0.0
0.0
0.0
0.0
0.0
0.0
0.0
0.0
0.0
0.0
0.0
0.0
0.0
0.0
0.0
0.002103638099384412
0.015707294264030464
0.02726607640254494
0.054963492180537664
0.06578621034519877
0.051473776588333735
0.0012179666642039442
0.0
0.0
0.0
0.0
0.0
0.0
0.0
0.0
0.0
0.0
0.0
0.0
0.0
0.0
0.0
0.0
0.0
0.0
0.0
0.0
0.0
0.0025542833772666034
0.003071079049338113
0.00012535486300536576
0.0
0.0
0.0
0.0
0.0
0.0
0.0
0.0
0.0
0.0
0.0
0.0
0.0
0.0
0.0
0.0
0.0
0.0
0.00020376278880436156
0.002941635023070005
0.007315263307395607
0.01050979411904933
0.011284846867712533
0.0014938762443700122
0.0
0.0
0.0
0.0
0.0
0.0
0.0
0.0
0.0
0.0
0.0
0.0
0.0
0.0
0.0
0.0
0.0
0.0
0.0
0.0
0.0
0.0
0.0
0.0
0.0
0.0
0.0
0.0
0.0
0.0
0.0
0.0
0.0
0.0
0.0
0.0
0.0
0.0
0.0
0.0
0.0
0.0
0.0
0.0
0.0
0.0
0.0
0.0
0.0
0.0
0.0
0.0
0.0
0.0
0.0
0.0
0.0
0.0
0.0
0.0
0.0
0.0
0.0
0.0
0.0
0.0
0.0
0.0
0.0
0.0
0.0
0.0
0.0
0.0
0.0
0.0
0.0
0.0
0.0
0.0
0.0
0.0
0.0
0.0
0.0
0.0
0.0
0.0
0.0
0.0
0.0
0.0
0.0
0.0
0.0
0.0
0.0
0.0
0.0
0.0
0.0
0.0
0.0
0.0
0.0
0.0
0.0
0.0
0.0
0.0
0.0
0.0
0.0
0.0
0.0
0.0
0.0
0.0
0.0
0.0
0.0
0.0
0.0
0.0
0.0
0.0
0.0
0.0
0.0
0.0
0.0
0.0
0.0
0.0
0.0
0.0
0.0
0.0
0.0
0.0
0.0
0.0
0.0
0.0
0.0
0.0
0.0
0.0
0.0
0.0
0.0
0.0
0.0
0.0
0.0
0.0
0.0
0.0
0.0
0.0
0.0
0.00014805126183686638
0.004172980751463005
0.011599537011062422
0.026468212412280107
0.03624100475804779
0.024260488138115013
0.002341168020936441
0.0
0.0
0.0
0.0
0.0
0.0
0.0
0.0
0.0
0.0
0.0
0.0
0.0
0.0
0.0
0.0
0.0
0.0
0.0
0.0005198166599492256
0.0022403627376791314
0.0023691458605156314
0.0006600315949142352
0.0
0.0
0.0
0.0
0.0
0.0
0.0
0.0
0.0
0.0
0.0
0.0
0.0
0.0
0.0
0.0
0.0
0.0
0.0
0.0
0.0010117849571074512
0.005796978433334482
0.010947443158149738
0.006400672363237904
0.0012941086479566848
0.0
0.0
0.0
0.0
0.0
0.0
0.0
0.0
0.0
0.0
0.0
0.0
0.0
0.0
0.0
0.0
0.0
0.0
0.0011906769867155982
0.0003591325284545782
0.0002611082909207107
0.0011761039720834382
0.0013253847375196686
0.0007228817142945293
0.0
0.0
0.0
0.0
0.0
0.0
0.0
0.0
0.0
0.0
0.0
0.0
0.0
0.0
0.0
0.0
0.0
1.0300366888945827e-05
0.001921947695235571
0.0038915286012144376
0.004989954369671031
0.003733767404061251
0.0011027916758645131
0.0
0.0
0.0
0.0
0.0
0.0
0.0
0.0
0.0
0.0
0.0
0.0
0.0
0.0
0.0
0.0
0.0
0.0
0.0
0.0
0.0
7.986954068444035e-05
0.00022069593908232823
0.0
0.0
0.0
0.0
0.0
0.0
0.0
0.0
0.0
0.0
0.0
0.0
0.0
0.0
0.0
0.0
0.0
0.0
0.0
0.0
0.0
0.0
0.0
0.0
0.0
0.0
0.0
0.0
0.0
0.0
0.0
0.0
0.0
0.0
0.0
0.0
0.0
0.0
0.0
0.0
0.0
0.0
0.0
0.0
0.0
0.0
0.0
0.0
0.0
0.0
0.0
0.0
0.0
0.0
0.0
0.0
0.0
0.0
0.0
0.0
0.0
0.0
0.0
0.0
0.0
0.0
0.0
0.0
0.0
0.0
0.0
0.0
0.0
0.0
0.0
0.0
0.0
0.0
0.0
0.0
0.0
0.0
0.0
0.0
0.0
0.0
0.0
0.0
0.0
0.0
0.0
0.0
0.0
0.0
0.0
0.0
0.0
0.0
0.0
0.0
0.0
0.0
0.0
0.0
0.0
0.0
0.0
0.0
0.0
0.0
0.0
0.0
0.0
0.0
0.0
0.0
0.0
0.0
0.0
0.0
0.0
0.0
0.0
0.0
0.0
0.0
0.0
0.0
0.0
0.0
0.0
0.0
0.0
0.0
0.0
0.0
0.0
0.0
0.0
0.0
0.0
0.0
0.0
0.0
0.0
0.0
0.0
0.0
0.0
0.0
0.0
0.0
0.0
0.0
0.0
0.0
0.0
0.0
0.0
0.0
0.0
0.0
0.0
0.0
0.0024372913216261067
0.014734867238599283
0.03470662745740055
0.04357375056349674
0.021997222740171404
0.0005539335880314424
0.0
0.0
0.0
0.0
0.0
0.0
0.0
0.0
0.0
0.0
0.0
0.0
0.0
0.0
0.0
0.0
0.0
0.0
0.0
0.0
0.0
0.0
0.0
0.0
0.0
0.0
0.0
0.0
0.0
0.0
0.0
0.0
0.0
0.0
0.0
0.0
0.0
0.0
0.0
0.0
0.0
0.0
0.0
0.0
0.0
0.0
0.0
0.0
0.0
0.0
0.0
0.0
0.0
0.0
0.0
0.0
0.0
0.0
0.0
0.0
0.0
0.0
0.0
0.0
0.0
0.0
0.0
0.0
0.0
0.0
0.0
0.0
0.0
0.0
0.0
0.0
0.0
0.0
0.0
0.0
0.0
0.0
0.0
0.0
0.0
0.0
0.0
0.0
0.0
0.0
0.0
0.0
0.0
0.0
0.0
0.0
0.0
0.0
0.0
0.0
0.0
0.0
0.0
0.0
0.0
0.0
0.0
0.0
0.0
0.0
0.0
0.0
0.0
0.0
0.0
0.0
0.0
0.0
0.0
0.0
0.0
0.0
0.0
0.0
0.0
0.0
0.0
0.0
0.0
0.0
0.0
0.0
0.0
0.0
0.0
0.0
0.0
0.0
0.0
0.0
0.0
0.0
0.0
0.0
0.0
0.0
0.0
0.0
0.0
0.0
0.0
0.0
0.0
0.0
0.0
0.0
0.0
0.0
0.0
0.0
0.0
0.0
0.0
0.0
0.0
0.0
0.0
0.0
0.0
0.0
0.0
0.0
0.0
0.0
0.0
0.0
0.0
0.0
0.0
0.0
0.0
0.0
0.0
0.0
0.0
0.0
0.0
0.0
0.0
0.0
0.0
0.0
0.0
0.0
0.0
0.0
0.0
0.0
0.0
0.0
0.0
0.0
0.0
0.0
0.0
0.0
0.0
0.0
0.0
0.0
0.0
0.0
0.0
0.0
0.0
0.0
0.0
0.0
0.0
0.0
0.0
0.0
0.0
0.0
0.0
0.0
0.0
0.0
0.0
0.0
0.0
0.0
0.0
0.0
0.0
0.0
0.0
0.0
0.0
0.0
0.0
0.0
0.0
0.0
0.0
0.0
0.0
0.0
0.0
0.0
0.0
0.0
0.0
0.0
0.0
0.0
0.0
0.0
0.0
0.0
0.0008269092095764544
0.0017944878013909375
0.0001397607659268654
0.0
0.0
0.0
0.0
0.0
0.0
0.0
0.0
0.0
0.0
0.0
0.0
0.0
0.0
0.0
0.0
0.0
0.0
0.0
0.0
0.0
0.0
0.0
0.0
0.0
0.0
0.0
0.0
0.0
0.0
0.0
0.0
0.0
0.0
0.0
0.0
0.0
0.0
0.0
0.0
0.0
0.0
0.0
0.0
0.0
0.000712945047073558
0.018585228966716282
0.0125809199036447
0.0001490403985494446
0.0
0.0
0.0
0.0
0.0
0.0
0.0
0.0
0.0
0.0
0.0
0.0
0.0
0.0
0.0
0.0
0.0
0.0
0.0
0.0006050007189175836
0.002617944236868947
0.0031471598628839384
0.0009760860012779436
0.0
0.0
0.0
0.0
0.0
0.0
0.0
0.0
0.0
0.0
0.0
0.0
0.0
0.0
0.0
0.0
0.0
0.0
0.0
0.0
7.639095761660248e-05
0.0013077241256256248
0.002258583997615207
0.0010579685503894847
0.0
0.0
0.0
0.0
0.0
0.0
0.0
0.0
0.0
0.0
0.0
0.0
0.0
0.0
0.0
0.0
0.0
0.0
0.0
0.0
0.0
0.0
5.565043810939213e-05
0.0
0.0
0.0
0.0
0.0
0.0
0.0
0.0
0.0
0.0
0.0
0.0
0.0
0.0
0.0
0.0
0.0
0.0
0.0
0.0
0.0
0.0
0.0
0.0
0.0
0.0
0.0
0.0
0.0
0.0
0.0
0.0
0.0
0.0
0.0
0.0
0.0
0.0
0.0
0.0
0.0
0.0
0.0
0.00044128117358808354
0.017392933034551115
0.002010815469494852
0.0
0.0
0.0
0.0
0.0
0.0
0.0
0.0
0.0
0.0
