0.0
0.0
0.0
0.0
0.0
0.0
0.0
0.0
0.0
0.0
0.0
0.0
0.0
0.0
0.0
0.0
0.0
0.0
0.0
0.0
0.0
0.0
0.0
0.0
0.0
0.0
0.0
0.0
0.0
0.0
0.0
0.0
0.0
0.0
0.0
0.0
0.0
0.0
0.0
0.0
0.0
0.0
0.0
0.0
0.0
0.0
0.0
0.0
0.0
0.0
0.0
0.0
0.0
0.0
0.0
0.0
0.0
0.0
0.0
0.0
0.0
0.0
0.0
0.0
0.0
0.0
0.0
0.0
0.0
0.0
0.0
0.0
0.0
0.0
0.0
0.0
0.0
0.0
0.0
0.0
0.0
0.0
0.0
0.0
0.0
0.0
0.0
0.0
0.0
0.0
0.0
0.0
0.0
0.0
0.0
0.0
0.0
0.0
0.0
0.0
0.0
0.0
0.0
0.0
0.0
0.0
0.0
0.0
0.0
0.0
0.0
0.0
0.0
0.0
0.0
0.0
0.0
0.0
0.0
0.0
0.0
0.0
0.0
0.0
0.0
0.0
0.0
0.0
0.0
0.0
0.0
0.0
0.0
0.0
0.0
0.0
0.0
0.0
0.0
0.0
0.0
0.0
0.0
0.0
0.0
0.0
0.0
0.0
0.0
0.0
0.0
0.0
0.0
0.0
0.0
0.0
0.0
0.0
0.0
0.0
0.0
0.0
0.0
0.0
0.0
0.0
0.0
0.0
0.0
0.0
0.0
0.0
0.0
0.0
0.0
0.0
0.0
0.0
0.0
0.0
0.0
0.0
0.0
0.0
0.0
0.0
0.0
0.0
0.0
0.0
0.0
0.0
0.0
0.0
0.0
0.0
0.0
0.0
0.0
0.0
0.0
0.0
0.0
0.0
0.0
0.0
0.0
0.0
0.0
0.0
0.0
0.0
0.0
0.0
0.0
0.0
0.0
0.0
0.0
0.0
0.0
0.0
0.0
0.0
0.0
0.0
0.0
0.0
0.0
0.0
0.0
0.0
0.0
0.0
0.0
0.0
0.0
0.0
0.0
0.0
0.0
0.0
0.0
0.0
0.0
0.0
0.0
0.0
0.0
0.0
0.0
0.0
0.0
0.0
0.0
0.0
0.0
0.0
0.0
0.0
0.0
0.0
0.0
0.0
0.0
0.0
0.0
0.0
0.0
0.0
0.0
0.0
0.0
0.0
0.0
0.0
0.0
0.0
0.0
0.0
0.0
0.0
0.0
0.0
0.0
0.0
0.0
0.0
0.0
0.0
0.0
0.0
0.0
0.0
0.0
0.0
0.0
0.0
0.0
0.0
0.0
0.0
0.0
0.0
0.0
0.0
0.0
0.0
0.0
0.0
0.0
0.0
0.0
0.0
0.0
0.0
0.0
0.0
0.0
0.0
0.0
0.0
0.0
0.0
0.0
0.0
0.0
0.0
0.0
0.0
0.0
0.0
0.0
0.0
0.0
0.0
0.0
0.0
0.0
0.0
0.0
0.0
0.0
0.0
0.0
0.0
0.0
0.0
0.0
0.0
0.0
0.0
0.0
0.0
0.0
0.0
0.0
0.0
0.0
0.0
0.0
0.0
0.0
0.0
0.0
0.0
0.0
0.0
0.0
0.0
0.0
0.0
0.0
0.0
0.0
0.0
0.0
0.0
0.0
0.0
0.0
0.0
0.0
0.0
0.0
0.0
0.0
0.0
0.0
0.0
0.0
0.0
0.0
0.0
0.0
0.0
0.0
0.0
0.0
0.0
0.0
0.0
0.0
0.0
0.0
0.0
0.0
0.0
0.0
0.0
0.0
0.0
0.0
0.0
0.0
0.0
0.0
0.0
0.0
0.0
0.0
0.0
0.0
0.0
0.0
0.0
0.0
0.0
0.0
0.0
0.0
0.0
0.0
0.0
0.0
0.0
0.0
0.0
0.0
0.0
0.0
0.0
0.0
0.0
0.0
0.0
0.0
0.0
0.0
0.0
0.0
0.0
0.0
0.0
0.0
0.0
0.0
0.0
0.0
0.0
0.0
0.0
0.0
0.0
0.0
0.0
0.0
0.0
0.0
0.0
0.0
0.0
0.0
0.0
0.0
0.0
0.0
0.0
0.0
0.0
0.0
0.0
0.0
0.0
0.0
0.0
0.0
0.0
0.0
0.0
0.0
0.0
0.0
0.0
0.0
0.0
0.0
0.0
0.0
0.0
0.0
0.0
0.0
0.0
0.0
0.0
0.0
0.0
0.0
0.0
0.0
0.0
0.0
0.0
0.0
0.0
0.0
0.0
0.0
0.0
0.0
0.0
0.0
0.0
0.0
0.0
0.0
0.0
0.0
0.0
0.0
0.0
0.0
0.0
0.0
0.0
0.0
0.0
0.0
0.0
0.0
0.0
0.0
0.0
0.0
0.0
0.0
0.0
0.0
0.0
0.0
0.0
0.0
0.0
0.0
0.0
0.0
0.0
0.0
0.0
0.0
0.0
0.0
0.0
0.0
0.0
0.0
0.0
0.0
0.0
0.0
0.0
0.0
0.0
0.0
0.0
0.0
0.0
0.0
0.0
0.0
0.0
0.0
0.0
0.0
0.0
0.0
0.0
0.0
0.0
0.0
0.0
0.0
0.0
0.0
0.0
0.0
0.0
0.0
0.0
0.0
0.0
0.0
0.0
0.0
0.0
0.0
0.0
0.0
0.0
0.0
0.0
0.0
0.0
0.0
0.0
0.0
0.0
0.0
0.0
0.0
0.0
0.0
0.0
0.0
0.0
0.0
0.0
0.0
0.0
0.0
0.0
0.0
0.0
0.0
0.0
0.0
0.0
0.0
0.0
0.0
0.0
0.0
0.0
0.0
0.0
0.0
0.0
0.0
0.0
0.0
0.0
0.0
0.0
0.0
0.0
0.0
0.0
0.0
0.0
0.0
0.0
0.0
0.0
0.0
0.0
0.0
0.0
0.0
0.0
0.0
0.0
0.0
0.0
0.0
0.0
0.0
0.0
0.0
0.0
0.0
0.0
0.0
0.0
0.0
0.0
0.0
0.0
0.0
0.0
0.0
0.0
0.0
0.0
0.0
0.0
0.0
0.0
0.0
0.0
0.0
0.0
0.0
0.0
0.0
0.0
0.0
0.0
0.0
0.0
0.0
0.0
0.0
0.0
0.0
0.0
0.0
0.0
0.0
0.0
0.0
0.0
0.0
0.0
0.0
0.0
0.0
0.0
0.0
0.0
0.0
0.0
0.0
0.0
0.0
0.0
0.0
0.0
0.0
0.0
0.0
0.0
0.0
0.0
0.0
0.0
0.0
0.0
0.0
0.0
0.0
0.0
0.0
0.0
0.0
0.0
0.0
0.0
0.0
0.0
0.0
0.0
0.0
0.0
0.0
0.0
0.0
0.0
0.0
0.0
0.0
0.0
0.0
0.0
0.0
0.0
0.0
0.0
0.0
0.0
0.0
0.0
0.0
0.0
0.0
0.0
0.0
0.0
0.0
0.0
0.0
0.0
0.0
0.0
0.0
0.0
0.0
0.0
0.0
0.0
0.0
0.0
0.0
0.0
0.0
0.0
0.0
0.0
0.0
0.0
0.0
0.0
0.0
0.0
0.0
0.0
0.0
0.0
0.0
0.0
0.0
0.0
0.0
0.0
0.0
0.0
0.0
0.0
0.0
0.0
0.0
0.0
0.0
0.0
0.0
0.0
0.0
0.0
0.0
0.0
0.0
0.0
0.0
0.0
0.0
0.0
0.0
0.0
0.0
0.0
0.0
0.0
0.0
0.0
0.0
0.0
0.0
0.0
0.0
0.0
0.0
0.0
0.0
0.0
0.0
0.0
0.0
0.0
0.0
0.0
0.0
0.0
0.0
0.0
0.0
0.0
0.0
0.0
0.0
0.0
0.0
0.0
0.0
0.0
0.0
0.0
0.0
0.0
0.0
0.0
0.0
0.0
0.0
0.0
0.0
0.0
0.0
0.0
0.0
0.0
0.0
0.0
0.0
0.0
0.0
0.0
0.0
0.0
0.0
0.0
0.0
0.0
0.0
0.0
0.0
0.0
0.0
0.0
0.0
0.0
0.0
0.0
0.0
0.0
0.0
0.0
0.0
0.0
0.0
0.0
0.0
0.0
0.0
0.0
0.0
0.0
0.0
0.0
0.0
0.0
0.0
0.0
0.0
0.0
0.0
0.0
0.0
0.0
0.0
0.0
0.0
0.0
0.0
0.0
0.0
0.0
0.0
0.0
0.0
0.0
0.0
0.0
0.0
0.0
0.0
0.0
0.0
0.0
0.0
0.0
0.0
0.0
0.0
0.0
0.0
0.0
0.0
0.0
0.0
0.0
0.0
0.0
0.0
0.0
0.0
0.0
0.0
0.0
0.0
0.0
0.0
0.0
0.0
0.0
0.0
0.0
0.0018577474691658937
0.0
0.0
0.0
0.0
0.0
0.0
0.0
0.0
0.0
0.0
0.0
0.0
0.0
0.0
0.0
0.0
0.0
0.0
0.0
0.0
0.0
0.0
0.0
0.02167269547003675
0.04448365601053379
0.012862693269221017
0.013442320351707584
0.016216161567701587
0.0
0.0
0.0
0.0
0.0
0.0
0.0
0.0
0.0
0.0
0.0
0.0
0.0
0.0
0.0
0.0
0.0
0.0
0.0
0.0
0.0
0.0
0.0
0.0
0.0
0.0
0.0
0.0
0.0
0.0
0.0
0.0
0.0
0.0
0.0
0.0
0.0
0.0
0.0
0.0
0.0
0.0
0.0
0.0
0.0
0.0
0.0
0.0
0.0
0.0
0.0
0.0
0.0
0.0
0.0
0.0
0.0
0.0
0.0
0.0
0.0
0.0
0.0
0.0
0.0
0.0
0.0
0.0
0.0
0.0
0.0
0.0
0.0
0.0
0.0
0.0
0.0
0.0
0.0
0.0
0.0
0.0
0.0
0.0
0.0
0.0
0.0
0.0
0.0
0.0
0.0
0.0
0.0
0.0
0.0
0.0
0.0
0.0
0.0
0.0
0.0
0.0
0.0
0.0
0.0
0.0
0.0
0.0
0.0
0.0
0.0
0.0
0.0
0.0
0.0
0.0
0.0
0.0
0.0
0.0
0.0
0.0
0.0
0.0
0.0
0.0
0.0
0.0
0.0
0.0
0.0
0.0
0.0
0.0
0.0
0.0
0.0
0.0
0.0
0.0
0.0
0.0
0.0
0.0
0.0
0.0
0.0
0.0
0.0
0.0
0.0
0.0
0.0
0.0
0.0
0.0
0.0
0.0
0.0
0.0
0.0
0.0
0.0
0.0
0.0
0.0
0.0
0.0
0.0
0.0
0.0
0.0
0.0
0.0
0.0
0.0
0.0
0.0
0.0
0.0
0.0
0.0
0.0
0.0
0.0
0.0
0.0
0.0
0.0
0.0
0.0
0.0
0.0
0.0
0.0
0.0
0.0
0.0
0.0
0.0
0.0
0.0
0.0
0.0
0.0
0.0
0.0
0.0
0.0
0.0
0.0
0.0
0.0017391286196964735
0.0
0.0
0.0
0.0
0.0
0.0
0.0
0.0
0.0
0.0
0.0
0.0
0.0
0.0
0.0
0.0
0.0
0.0
0.0
0.0
0.0
0.0
0.0014608441463435956
0.004671588963777699
0.0
0.0
0.0
0.0
0.0
0.0
0.0
0.0
0.0
0.0
0.0
0.0
0.0
0.0
0.0
0.0
0.0
0.0
0.0
0.0
0.0
0.0
0.009796382942477705
0.03500738092131567
0.032376162164939694
0.017741841814201218
0.015321913000026518
0.0
0.0
0.0
0.0
0.0
0.0
0.0
0.0
0.0
0.0
0.0
0.0
0.0
0.0
0.0
0.0
0.0
0.0
0.0
0.03733804480080221
0.05359427709168328
0.04269341331196829
0.0054392838045390435
0.0
0.0
0.0
0.0
0.0
0.0
0.0
0.0
0.0
0.0
0.0
0.0
0.0
0.0
0.0
0.0
0.0
0.0
0.0
0.0
0.0
0.0
0.0
0.0
0.0
0.0
0.0
0.0
0.0
0.0
0.0
0.0
0.0
0.0
0.0
0.0
0.0
0.0
0.0
0.0
0.0
0.0
0.0
0.0031883656690855854
0.045542211084049454
0.0644081325555292
0.05168097732568457
0.05185440475811268
0.047169482326632206
0.0068429775443603
0.0
0.0
0.0
0.0
0.0
0.0
0.0
0.0
0.0
0.0
0.0
0.0
0.0
0.0
0.0
0.0
0.0008998691846092086
0.041954982985609596
0.09942524717789492
0.12243399448478512
0.11481969588336693
0.1152213200209795
0.09508504044771873
0.051314215480178726
0.022100177303904747
0.0
0.0
0.0
0.0
0.0
0.0
0.0
0.0
0.0
0.0
0.0
0.0
0.0
0.0
0.0
0.0
0.011582443419239167
0.08915193800887798
0.11267893719851162
0.09908948452166641
0.08719352223161685
0.08362157690771524
0.03368924932424459
0.004209193312233894
0.0
0.0
0.0
0.0
0.0
0.0
0.0
0.0
0.0
0.0
0.0
0.0
0.0
0.0
0.0
0.0
0.0
0.012476761661226656
0.034341205466519746
0.002526710690371995
0.0
0.0
0.0
0.0
0.0
0.0
0.0
0.0
0.0
0.0
0.0
0.0
0.0
0.0
0.0
0.0
0.0
0.0
0.0
0.0
0.0
0.0
0.0
0.0
0.0
0.0
0.0
0.0
0.0
0.0
0.0
0.0
0.0
0.0
0.0
0.0
0.0
0.0
0.0
0.0
0.0
0.0
0.0
0.0
0.0
0.0
0.0
0.0
0.0
0.0
0.0
0.0
0.0
0.0
0.0
0.0
0.0
0.0
0.0
0.0
0.0
0.0
0.0
0.0
0.0
0.0
0.0
0.0
0.0
0.0
0.0
0.0
0.0
0.0
0.0
0.0
0.0
0.0
0.0
0.0
0.0
0.0
0.0
0.0
0.0
0.0
0.0
0.0
0.0
0.0
0.0
0.0
0.0
0.0
0.0
0.0
0.0
0.0
0.0
0.0
0.0
0.0
0.0
0.0
0.0
0.0
0.0
0.0
0.0
0.0
0.0
0.0
0.0
0.0
0.0
0.0
0.0
0.0
0.0
0.0
0.0
0.0
0.0
0.0
0.0
0.0
0.0
0.0
0.0
0.0
0.0
0.0
0.0
0.0
0.0
0.0
0.0
0.0
0.0
0.0
0.0
0.0
0.0
0.0
0.0
0.0
0.0
0.0
0.0
0.0
0.0
0.0
0.0
0.0
0.0
0.0
0.0
0.0
0.0
0.0
0.0
0.0
0.0
0.0
0.0
0.0
0.019423758754975557
0.021134828231033794
0.005783096536141305
0.0075949161657268074
0.0034727176423915134
0.0
0.0
0.0
0.0
0.0
0.0
0.0
0.0
0.0
0.0
0.0
0.0
0.0
0.0
0.0
0.0
0.0
0.0
0.04414233404105733
0.06123691221212857
0.045555960369972885
0.0323644597400292
0.04055821126629252
0.017999821619072112
0.00743911030893738
0.0
0.0
0.0
0.0
0.0
0.0
0.0
0.0
0.0
0.0
0.0
0.0
0.0
0.0
0.0
0.018693884561583222
0.06004513299570493
0.10089614991803282
0.09991753203166877
0.07442173592542868
0.06065635875763148
0.06568230334092265
0.06207247797750586
0.05648405527582046
0.03700912885989665
0.02702260227142842
0.0
0.0
0.0
0.0
0.0
0.0
0.0
0.0
0.0
0.0
0.0
0.0
0.0
0.0
0.0
0.011618468326062236
0.0
0.0
0.0
0.0
0.0
0.0
0.0
0.0
0.0
0.0
0.0
0.0
0.0
0.0
0.0
0.0
0.0
0.0
0.0
0.0
0.0
0.0
0.0
0.0
0.0
0.0
0.0028064323780173355
0.005544839436044734
0.0016815612482383774
0.0
0.0
0.0
0.0
0.0
0.0
0.0
0.0
0.0
0.0
0.0
0.0
0.0
0.0
0.0
0.0
0.0
0.022469998502729786
0.03835011602143513
0.04066500022600801
0.04436605735114493
0.07301963356063797
0.1004061781036199
0.08088751377669928
0.02346478207301691
0.000773888622319366
0.0
0.0
0.0
0.0
0.0
0.0
0.0
0.0
0.0
0.0
0.0
0.0
0.0
0.0
0.0
0.0
0.0
0.0
0.0
0.0
0.0
0.0
0.0
0.0
0.0
0.0
0.0
0.0
0.0
0.0
0.0
0.0
0.0
0.0
0.0
0.0
0.0
0.0
0.0
0.0
0.0
0.0
0.0
0.0
0.0
0.0
0.0
0.0
0.0
0.0
0.0
0.0
0.0
0.0
0.0
0.0
0.0
0.0
0.0
0.0
0.0
0.0
0.0
0.0
0.0
0.0
0.0
0.0
0.0
0.0
0.0
0.0
0.0
0.0
0.0
0.0
0.0
0.0
0.0
0.0
0.0
0.0
0.0
0.0
0.0
0.0
0.0
0.0
0.0
0.0
0.0
0.0
0.0
0.0
0.0
0.0
0.0
0.0
0.0
0.0
0.0
0.0
0.0
0.0
0.0
0.0
0.0
0.0
0.0
0.0
0.0
0.0
0.0
0.0
0.0
0.0
0.0
0.0
0.0
0.0
0.0
0.0
0.0
0.0
0.0
0.0
0.0
0.0
0.0
0.0
0.0
0.0
0.0
0.0
0.0
0.0
0.0
0.0
0.0
0.0
0.0
0.0
0.0
0.0
0.0
0.0
0.0
0.0
0.0
0.0
0.0
0.0
0.0
0.0
0.0
0.0
0.0
0.0
0.0
0.0
0.0
0.0
0.0
0.0
0.0
0.0
0.0
0.0
0.0
0.0
0.0
0.0
0.0
0.0
0.0
0.0
0.0
0.0
0.0
0.0
0.0
0.0
0.0
0.0
0.0
0.0
0.0
0.0
0.0
0.0
0.0
0.0
0.0
0.0
0.0
0.0
0.0
0.0
0.0
0.0
0.0
0.0
0.0
0.0
0.0
0.0
0.0
0.0
0.0
0.0
0.0
0.0
0.0
0.0
0.0
0.0
0.0
0.0
0.0
0.0
0.0
0.0
0.0
0.0
0.0
0.0
0.0
0.0
0.0
0.0
0.0
0.0
0.0
0.0
0.0
0.0
0.0
0.0
0.0
0.0
0.0
0.0
0.0
0.0
0.0
0.0
0.0
0.0
0.0
0.0
0.0
0.0
0.0
0.0
0.0
0.005153702732809216
0.02715523036731976
0.025038080670025754
0.023459671822757242
0.017894561860843865
0.0180894176802326
0.018799691240577437
0.0
0.0
0.0
0.0
0.0
0.0
0.0
0.0
0.0
0.0
0.0
0.0
0.0
0.0
0.0
0.0
0.0
0.0007436092274176095
0.018130157712065248
0.02672704289632569
0.003788768937654472
0.017819797078140857
0.017986394084772095
0.019632220923132028
0.006066583027850399
0.0
0.0
0.0
0.0
0.0
0.0
0.0
0.0
0.0
0.0
0.0
0.0
0.0
0.0
0.0
0.0
0.0
0.0
0.0
0.0
0.0
0.0
0.0
0.0
0.0
0.0
0.0
0.0
0.0
0.0
0.0
0.0
0.0
0.0
0.0
0.0
0.0
0.0
0.0
0.0
0.005959241078616427
0.02698182370289415
0.03487906729739725
0.0298438906162039
0.06559545262635001
0.09114429684549098
0.0779929100906022
0.010870514001972077
0.0
0.0
0.0
0.0
0.0
0.0
0.0
0.0
0.0
0.0
0.0
0.0
0.0
0.0
0.0
0.0
0.03247022434649653
0.05997792962704267
0.047229375441248084
0.009555762162453586
0.0
0.0
0.0
0.0
0.0
0.0
0.0
0.0
0.0
0.0
0.0
0.0
0.0
0.0
0.0
0.0
0.0
0.0
0.0
0.0
0.0
0.0
0.0
0.0
0.0
0.0
0.0
0.0
0.0
0.0
0.0
0.0
0.0
0.0
0.0
0.0
0.0
0.0
0.0
0.0
0.0
0.0
0.0
0.0
0.0
0.0
0.0
0.0
0.0
0.0
0.0
0.0
0.0
0.0
0.0
0.0
0.0
0.0
0.0
0.0
0.0
0.0
0.0
0.0
0.0
0.0
0.0
0.0
0.044838732530343366
0.06464877319472834
0.06727611188997293
0.062007038456300186
0.07442144773210775
0.075437563557754
0.06607537713535708
0.009143045775244397
0.0
0.0
0.0
0.0
0.0
0.0
0.0
0.0
0.0
0.0
0.0
0.0025594170223020405
0.04102007028240677
0.0781639289877157
0.10178731305333039
0.14092748521359405
0.16871614888036102
0.19511019405166832
0.18911436076226065
0.19397196672269879
0.17905678475892636
0.15913130442858675
0.14910718129732725
0.11245327381397723
0.05489277376901266
0.011922851276373037
0.0
0.0
0.0
0.0
0.0
0.0
0.0
0.0
0.0
0.0
0.0
0.0
0.0
0.0
0.0
0.0
0.0
0.0
0.0
0.0
0.0
0.0
0.0
0.0
0.0
0.0
0.0
0.0
0.0
0.0
0.0
0.0
0.0
0.0
0.0
0.0
0.0
0.0
0.029740152857041006
0.04700824067602478
0.039419466700758646
0.02872305341172355
0.05625624056581713
0.08686956022045378
0.08816613475330792
0.02941672472938947
0.0
0.0
0.0
0.0
0.0
0.0
0.0
0.0
0.0
0.0
0.0
0.0
0.0
0.0
0.0
0.018992743991208965
0.08992406394273995
0.1365834500873839
0.12779304588660798
0.12437776646925484
0.1270252898407253
0.1318025686409922
0.12511157538404633
0.08383706553810019
0.04761062650264245
0.0
0.0
0.0
0.0
0.0
0.0
0.0
0.0
0.0
0.0
0.0
0.0
0.0
0.00025725707735112344
0.06042903784284445
0.11562714282249056
0.14464754909111024
0.13651625760952055
0.12065857370275057
0.11920210785255832
0.14640907078855311
0.15040368357639933
0.09061620770113414
0.02881282814715846
0.0
0.0
0.0
0.0
0.0
0.0
0.0
0.0
0.0
0.0
0.0
0.0
0.0
0.0
0.006161807654169941
0.053204399635288765
0.018961240405431
0.0
0.0
0.0
0.0
0.0
0.0
0.0
0.0
0.0
0.0
0.0
0.0
0.0
0.0
0.0
0.0
0.0
0.0
0.0
0.0
0.0
0.0
0.0
0.009926537906085092
0.026657308063596227
0.033470258736185074
0.05667552079479685
0.07064679316194601
0.0683272096803038
0.011177827298652946
0.0
0.0
0.0
0.0
0.0
0.0
0.0
0.0
0.0
0.0
0.0
0.0
0.0
0.0
0.0
0.006778788654696574
0.03439235803900336
0.08229266971075508
0.0983138898034433
0.10809590627720009
0.11567954632870574
0.1098190411403931
0.12345626666530664
0.07679503952602586
0.020286311249025447
0.0
0.0
0.0
0.0
0.0
0.0
0.0
0.0
0.0
0.0
0.0
0.0
0.0
0.021819338890245298
0.07480730206914549
0.12048876088710224
0.15829044829265412
0.16287036543403569
0.16597399542399657
0.17274965873998305
0.18010211413035498
0.18047243486491762
0.1449339192526276
0.07636395800048114
0.0015533634718110968
0.0
0.0
0.0
0.0
0.0
0.0
0.0
0.0
0.0
0.0
0.0
0.0
0.0028034840276323445
0.060633966599994135
0.11939767692221838
0.1493949973244296
0.15838686729434504
0.16869622264532114
0.16550798722852908
0.16862263795982496
0.1812741252312856
0.15109223892600354
0.0917853687732802
0.01941845616788812
0.0
0.0
0.0
0.0
0.0
0.0
0.0
0.0
0.0
0.0
0.0
0.022379835004415833
0.07897788461625214
0.16090083432339536
0.21629962093091346
0.247726919397475
0.24522684179782303
0.24208897818637715
0.2307787062095739
0.23822855230773837
0.24251964497810174
0.21054633390051966
0.1683006785836872
0.08774770053777148
0.04282925445435685
0.008687927803901199
0.0
0.0
0.0
0.0
0.0
0.0
0.0
0.0
0.0
0.0
0.03675004317192999
0.13548647164196473
0.18954066635068959
0.20665924974999242
0.19787059562458323
0.19961238015499927
0.1832110562988811
0.17178410096252364
0.15326577197938532
0.0846587334882109
0.013472408379095305
0.0
0.0
0.0
0.0
0.0
0.0
0.0
0.0
0.0
0.0
0.0
0.0
0.0
0.0
0.0
0.007846973179078023
0.024362227675804475
0.00557699937184819
0.0
0.007247259783120557
0.03460489915057342
0.040879668819019575
0.009101204924230671
0.0
0.0
0.0
0.0
0.0
0.0
0.0
0.0
0.0
0.0
0.0
0.0
0.0
0.0
0.0
0.0
0.0
0.0
0.0
0.0
0.015841697508104883
0.055378443889201115
0.06605943181452625
0.01817070118465045
0.0
0.0
0.0
0.0
0.0
0.0
0.0
0.0
0.0
0.0
0.0
0.0
0.0
0.0
0.004125186369758921
0.07298673092694624
0.12860188942679257
0.18955211234462901
0.21271935396981945
0.22306999692564614
0.2033246878057219
0.19615793113578006
0.20577038569413547
0.18402336230548433
0.1278272959675086
0.08226376114924863
0.04001005245167706
0.001556983894307174
0.0
0.0
0.0
0.0
0.0
0.0
0.0
0.0
0.0
0.0
0.0
0.0
0.0
0.005625999407392961
0.0
0.0
0.0035395175361161327
0.009586234200286502
0.00408391004564867
0.0
0.0
0.0
0.0
0.0
0.0
0.0
0.0
0.0
0.0
0.0
0.0
0.0
0.0
0.0
0.0
0.0
0.01046191013460991
0.03266687941363827
0.01980555752563618
0.0
0.02938698233647068
0.05170322442587581
0.05125624988144817
0.005269403287156398
0.0
0.0
0.0
0.0
0.0
0.0
0.0
0.0
0.0
0.0
0.0
0.0
0.0
0.0
0.0
0.0
0.013425116997545856
0.017484361263781
0.015292975064533169
0.030156208644507677
0.039027240739311846
0.060622161788920534
0.0814867806193443
0.02011298435614292
0.0
0.0
0.0
0.0
0.0
0.0
0.0
0.0
0.0
0.0
0.0
0.0
0.0
0.0
0.0
0.04346512264523369
0.10007632691388849
0.1254296089124342
0.11245974422761824
0.11070306947440375
0.1331494024221451
0.1597049433541575
0.17287567658918124
0.1265797516454401
0.06223815136808535
0.0
0.0
0.0
0.0
0.0
0.0
0.0
0.0
0.0
0.0
0.0
0.0
0.06492473093202854
0.10795885201398821
0.17120444087285086
0.2300960490017295
0.26474815090373127
0.2491201190912177
0.2525040094430015
0.25367290741061255
0.2696570122288624
0.27617779027204076
0.2419192622660237
0.18672221367650058
0.10294562227675165
0.049056524351403966
0.0031538889704430272
0.0
0.0
0.0
0.0
0.0
0.0
0.0
0.005413324897996502
0.0850433878815105
0.1667515381369647
0.18645885417771993
0.2361916045423876
0.2854842299756809
0.3264839973705326
0.3131377060055294
0.3165227615675987
0.30399675605379084
0.31860046491593425
0.31982780232313957
0.2843086655740143
0.2518929813960576
0.17570987932689916
0.10726811966120985
0.08210465498393062
0.02802817559986838
0.0
0.0
0.0
0.0
0.0
0.0
0.01901461154587888
0.10093295556342351
0.1783199719845377
0.2011193911078192
0.2548483276648034
0.2809135437548415
0.317909976102566
0.3180925954885238
0.3100638880131703
0.2795541246533702
0.27103739411143485
0.2817909576190958
0.25560250778584853
0.21508666435762036
0.18317575671395148
0.12773657340713787
0.06569795855632558
0.0
0.0
0.0
0.0
0.0
0.0
0.0
0.0009116008570906315
0.054660653648542744
0.09319872288342704
0.13990511018453805
0.17385781390682775
0.20862391694033666
0.24329035970688265
0.2393378573087637
0.23267658402528943
0.2244232966900284
0.22939186881776805
0.2260437437743166
0.19517997078939991
0.16065049078204763
0.10577343991754076
0.04419287232958896
0.013457214182752588
0.0
0.0
0.0
0.0
0.0
0.0
0.0
0.0
0.006451600759102488
0.042880869282072694
0.06342900937900597
0.1180715388099626
0.16286127147957802
0.19389134485701476
0.1976200780146891
0.1860024898807119
0.17805051921286388
0.19274125988306898
0.20072509149395748
0.16383253975494314
0.0958947391605009
0.021824511919419105
0.01082219278257355
0.0
0.0
0.0
0.0
0.0
0.0
0.0
0.0
0.0
0.0
0.010742913097858908
0.04209988040011069
0.11278267970243044
0.18151891456332261
0.20207288630118053
0.1901054586112735
0.1855414030687251
0.18185463872368704
0.1955085592746292
0.2049590237861161
0.17585186422866153
0.12161853025626207
0.06340057477551944
0.02099102544489371
0.0019616332810469526
0.0
0.0
0.0
0.0
0.0
0.0
0.0
0.0
0.0
0.0
0.0
0.0
0.04737065085576619
0.07227858751614294
0.0683561266411153
0.04724120973352809
0.058533825317046276
0.06463172298485025
0.056956530944718614
0.003384937248308906
0.0
0.0
0.0
0.0
0.0
0.0
0.0
0.0
0.0
0.0
0.0
0.0
0.0
0.0
0.0
0.025305603636746273
0.09235728830772157
0.134656288917362
0.13868926240662618
0.14314182227487807
0.16746360724371306
0.19168834103052634
0.1918456118531749
0.13836616217129255
0.09376106028700423
0.027901273495885042
0.0
0.0
0.0
0.0
0.0
0.0
0.0
0.0
0.0
0.0
0.015038846690084748
0.06666571534410604
0.09110403898935378
0.16979167932580705
0.23638409099620417
0.2869977616812411
0.30431530460594014
0.31008933531173155
0.2863306936283797
0.3001378081697151
0.31269688155388464
0.29102705669653545
0.24857572036932254
0.2079451431876484
0.1743262210584486
0.1367281157222929
0.09276069580021985
0.0
0.0
0.0
0.0
0.0
0.0
0.06512483793230087
0.12775832333859818
0.1617194476768515
0.16472382239984226
0.20962706914076662
0.23364333250159178
0.27239635161892867
0.27654976376642465
0.29439896691225614
0.27657319777312195
0.2706870653361079
0.2778846061467051
0.2629047217738257
0.19791379851619148
0.16909135457213498
0.1459977021706357
0.0702630031622756
0.0
0.0
0.0
0.0
0.0
0.0
0.0
0.0017219954382256604
0.048199414749409045
0.11268840846619531
0.16393454591159204
0.19943285907607314
0.24376871019782903
0.29255483496118123
0.28096783487787946
0.277065618868086
0.25787082346065887
0.2628797274217927
0.25817769500262544
0.2360459493496176
0.18377248703237317
0.10075153224110746
0.04628481826529334
0.01988860181983937
0.0
0.0
0.0
0.0
0.0
0.0
0.0
0.0
0.04734446703936536
0.15519998126513015
0.1816652836255344
0.22156927655827346
0.25585817431127933
0.29515811316032037
0.29030615615038713
0.2922514449963565
0.27439779946861176
0.28348046818750616
0.2916480269688203
0.2599488059255985
0.2118003772486641
0.1316860814226761
0.08137844223228066
0.041319841401949685
0.0
0.0
0.0
0.0
0.0
0.0
0.0
0.02048837759402044
0.12341811049432069
0.19576669736721347
0.20427635231770522
0.258195230917261
0.29752247554154176
0.3280922893968407
0.34166760607665275
0.3402684048002719
0.3123526918067362
0.32178039494824656
0.3299783435630112
0.3098671747079616
0.2570659971902163
0.19870286409303306
0.16417920027544186
0.12074628203939793
0.07150439144709195
0.0
0.0
0.0
0.0
0.0
0.0
0.08006595250753747
0.16143883158197794
0.24248202250280756
0.2589232069593525
0.29002908702212565
0.32594194123728876
0.366821474588626
0.3581486311413731
0.35345319745923687
0.3405942805007178
0.35818809229800036
0.3547569678045316
0.3324307234792495
0.2884235700794431
0.2254424008442835
0.16362492750937097
0.11591462248574896
0.11341769615601986
0.0
0.0
0.0
0.0
0.0
0.0
0.10037849814893657
0.18283572780386742
0.2466873147183682
0.25663877257032114
0.30483330965871547
0.3341777120723033
0.36740728717091453
0.36053010648312867
0.35482539757402154
0.3434027995765762
0.3545595133817416
0.3574402647613261
0.33085109811340313
0.278002604218368
0.22532027791584208
0.19240755993432723
0.1623632211483365
0.15766405886713475
0.0
0.0
0.0
0.0
0.00453109532110542
0.06747875792464948
0.15033557496358574
0.19862256987238083
0.2576516854822833
0.2798605282233981
0.31769861815457284
0.3373145628865672
0.37571206547326436
0.3711387654183423
0.3665206316437689
0.34766539643667543
0.3595499124008772
0.35802659024266636
0.33931023477396033
0.30107001786576376
0.2702237429062785
0.2345078112591741
0.17690634557680532
0.16506303377546272
0.0
0.0
0.0
0.0
0.0
0.001775904370457087
0.12513015392332927
0.19170877516182422
0.26212903756360567
0.27085815203867575
0.3049976037124692
0.32177965687542065
0.3590039248573098
0.3447528435651382
0.3510059221792513
0.3382947810184055
0.34181916793798023
0.3494941542915447
0.3424944314127091
0.28671439331927084
0.24615615499263907
0.20699734237660192
0.16561114991252693
0.145959036051943
0.0
0.0
0.0
0.0
0.0
0.0
0.08349188024664828
0.16973609579107424
0.23747409608419182
0.27145770621175913
0.3068748175512187
0.3663676249778619
0.4271428557523522
0.4198817882826696
0.4175628401601498
0.3858758071390529
0.385891227398762
0.3827727497101682
0.35922211463502945
0.30596400886100267
0.24274391887180577
0.20544545108965073
0.17735796906135837
0.19005408718476052
0.0
0.0
0.0
0.0
0.05962271581659201
0.08587624478902908
0.1641433821300097
0.22528105866681544
0.28679493802992545
0.282122337145198
0.34340920127131236
0.38591532211925794
0.42415067505297893
0.41108053971764075
0.41021265000109175
0.37753470411632434
0.3771212575922522
0.3763088230578469
0.3599492262700061
0.3123177387156328
0.2471025528846385
0.20693679526687933
0.1808787419086591
0.2014179918863174
0.0
0.0
0.0
0.0
0.15366461362183798
0.14683959495124246
0.16607991825779095
0.19936489220846199
0.250661294575884
0.254759148267838
0.2841834476227951
0.29907188285336245
0.34847497748585804
0.35858622498610015
0.3498241450471947
0.3128439471661825
0.29690543924020013
0.27592028052534934
0.2304638393864886
0.16871803521499576
0.0986998900832911
0.04199234094788629
0.0021892411701805894
0.0
0.0
0.0
0.0
0.0
0.0
0.0
0.0
0.0
0.027347139358768934
0.06452483283879933
0.1224377142469191
0.1638903659863503
0.19299931914926463
0.18801269337095416
0.18098316902132347
0.17025954706705085
0.1899734611295729
0.1875100629926883
0.12848637233896318
0.06182716801640769
0.0011626519910679183
0.0
0.0
0.0
0.0
0.0
0.0
0.0
0.0
0.0
0.0
0.0
0.0
0.0
0.0
0.0
0.0
0.0
0.0
0.0
0.0
0.0
0.0
0.0
0.0
0.0
0.0
0.0
0.0
0.0
0.0
0.0
0.0
0.0
0.0
0.0
0.0
0.0
0.02769770686293745
0.06453893705605093
0.047611994869211326
0.0417668975058024
0.03253510797751395
0.06032302548301243
0.09128517836563477
0.11693365394814752
0.10210940705621446
0.037415775622443914
0.0
0.0
0.0
0.0
0.0
0.0
0.0
0.0
0.0
0.0
0.0
0.0
0.00821325813987846
0.004182420136909983
0.04499068410912611
0.07699406600870594
0.06080117135802366
0.09091607060761671
0.06220389588242247
0.022285158180957946
0.025725465890072945
0.016381159437842022
0.0
0.0
0.0
0.0
0.0
0.0
0.0
0.0
0.0
0.0
0.0
0.0
0.0
0.0
0.0
0.0
0.0
0.02202174594321701
0.010353018500682477
0.01423121498150739
0.04522108629725527
0.07754502696054305
0.09230912980939261
0.09943827995491322
0.06757802206944326
0.04719193663523666
0.0011810891110408134
0.0
0.0
0.0
0.0
0.0
0.0
0.0
0.0
0.0
0.0
0.0
0.008801854290266389
0.030109357683595833
0.08963046647698229
0.13377426443562224
0.07781254928684665
0.034473723441785446
0.06279708979811008
0.09524132125926141
0.11947722177263392
0.12306193809274321
0.08158889911968877
0.04668705078187451
0.0041102705126287815
0.0
0.0
0.0
0.0
0.0
0.0
0.0
0.0
0.0
0.0
0.006447256943505332
0.05545753405069009
0.08123390778238881
0.12806874897198084
0.16849617272332598
0.21478304544642
0.22025665617588094
0.21616746205003223
0.21499625185935944
0.2380920474997966
0.2508068952928587
0.21537189307018786
0.1515533889376023
0.10081833623466273
0.055814007265413704
0.027466777340055065
0.0
0.0
0.0
0.0
0.0
0.0
0.0
0.008862812347399928
0.05402336777226977
0.09891925821155509
0.12906860535074188
0.18651282197082777
0.2499916802700768
0.2850017861414097
0.2768296771623314
0.281435614433375
0.276402231494612
0.29163932704683154
0.30109071126041054
0.30165816729930284
0.2507228135770653
0.1787289230317769
0.12522470492741414
0.07363194314724056
0.02367453362532172
0.0
0.0
0.0
0.0
0.0
0.009449977953022935
0.07181526815880201
0.12397815451435279
0.1897007513740754
0.20344210500880527
0.25315733111012495
0.2846788013614767
0.3131805835458702
0.2991211574173948
0.29769270834268413
0.28885611999395794
0.30521404573103417
0.3037431760172923
0.28239450947940625
0.23970399734337974
0.1802628396362147
0.1335181043616796
0.0860708602111982
0.013974319900699467
0.0
0.0
0.0
0.0
0.0
0.0
0.04648324785369454
0.11625480587035325
0.15393692962036895
0.14901654757237548
0.19744854586487295
0.23748021814456097
0.27202484553024975
0.28011457612186325
0.28290016697565484
0.27236895490037105
0.2888623567400867
0.2978779652719386
0.2777135785147054
0.2302208716099726
0.17509434268030682
0.1172369419479461
0.05750116610921129
0.0018654985148996344
0.0
0.0
0.0
0.0
0.0
0.0
0.044587962251673476
0.1327998065664863
0.1955625962022945
0.2059868802920758
0.2523378527849322
0.2929615383026156
0.3671484483972179
0.3830434127999564
0.38723383714026477
0.34864289071064036
0.3396179670166183
0.3456997673510137
0.349734334538912
0.30317136752059465
0.27701412618024546
0.2562756821570324
0.22099422492097634
0.21965212558048558
0.0
0.0
0.0
0.0
0.07515069568330884
0.10206964793814229
0.18339192043520686
0.22063793099466086
0.251579700306028
0.253281166610164
0.2747635803424608
0.31161231459737554
0.35275819468483094
0.34774452945579226
0.3592483934301687
0.34916644287576937
0.35126965374397034
0.3460207040426198
0.3320562455302317
0.2779126425924498
0.22439724223545532
0.19903113800143138
0.17373138052758394
0.16773252367420866
0.0
0.0
0.0
0.0
0.0431345491775493
0.05518238563756773
0.10995604101442692
0.15751273037236457
0.22072757247576016
0.23783354900186737
0.2838068755392074
0.3166888371752044
0.3640697477211293
0.3618292646895827
0.3501304759379608
0.3270725036756441
0.3462278607568847
0.35336629048208956
0.33600007606614773
0.28633397086745477
0.24218400501258822
0.19812178467838165
0.16323031696856627
0.15255256648910562
0.0
0.0
0.0
0.0
0.02550718660612332
0.04907991895009801
0.11932344970313519
0.16221927185983046
0.2198038085598133
0.22241931658577654
0.2628216205870372
0.3068483789906265
0.3422030776710362
0.32351026146958195
0.3127447497463586
0.28697946309488526
0.2903324602323259
0.2841201166680244
0.26883474460703677
0.23155459683851998
0.17603143640187496
0.12523122574854367
0.09121744742027485
0.11222636119295239
0.0
0.0
0.0
0.0
0.0
0.0
0.012678580767969544
0.09163434930478852
0.16010482515723168
0.1625675294383168
0.21000788929845757
0.2443720084680689
0.281070611125879
0.27269611160694895
0.27663054330092907
0.27276890814408356
0.2844581376245097
0.2912146932136843
0.2714706276565426
0.21668829954543561
0.15978566252883203
0.10226060730867301
0.05160507312467196
0.0
0.0
0.0
0.0
0.0
0.0
0.0
0.008907515810868325
0.08744424184114505
0.14650466846051607
0.15520267444954144
0.20143743434078556
0.23990945395236224
0.2741304959383185
0.2691591459737873
0.27650253881209935
0.26217752612583073
0.2776703495677286
0.2905551251863669
0.28802329235114943
0.24121278715464575
0.18705636343364387
0.12377473345526153
0.0573636691254154
0.0123357186945908
0.0
0.0
0.0
0.0
0.0
0.0
0.03920278242817071
0.10416331541710966
0.16137671501866171
0.170267139948647
0.21697952548140617
0.26769893939581335
0.30759738319346697
0.30462587669803676
0.3022550969923081
0.2900147479136718
0.3100889660171127
0.3132282738806053
0.29094295210759596
0.23951102796586915
0.1708600237416297
0.1119989795395329
0.03973034670572253
0.0
0.0
0.0
0.0
0.0
0.0
0.0
0.08082282934160351
0.1866087796294202
0.2529603158228556
0.253689220058801
0.2903203931430449
0.3096845743169537
0.3511298100473112
0.35857987723372164
0.3597962087194694
0.3261881625768222
0.31624716877817577
0.3312671373349399
0.33468384112100197
0.275069102450468
0.2507460292283732
0.22435239674255586
0.16885753865167408
0.1406160851735085
0.0
0.0
0.0
0.0
0.0
0.02625151893513373
0.10379613287202949
0.15006610679142957
0.1713038125766113
0.19375980749956148
0.24605809705985984
0.2791250810724793
0.31776115873937827
0.3119945663585203
0.309157576623466
0.2849158176653123
0.28642706176240884
0.28481533598155245
0.26536200590655507
0.21629741048541343
0.15899379886417395
0.12018531745551725
0.06662312498563538
0.0027702939173591366
0.0
0.0
0.0
0.0
0.0
0.0
0.0029663723066183038
0.04389282992129695
0.06682356965656322
0.1220915516957871
0.16301115888276016
0.20220844092964552
0.23754543680616177
0.22800848395432563
0.22479911918242848
0.21558649116874898
0.21979601164595042
0.20178756193198596
0.16121953371585257
0.10290020375727775
0.038085046441058736
0.005235633692180524
0.0
0.0
0.0
0.0
0.0
0.0
0.0
0.0
0.0
0.0
0.006906116224608984
0.01795415521093287
0.08308505297021666
0.1360286816759234
0.134932530813164
0.12433337773935624
0.15278158317997687
0.17552834128553815
0.19581435756346446
0.20492333180963912
0.18889212464487604
0.12768634983872376
0.05845912888477306
0.010391676317646526
0.0
0.0
0.0
0.0
0.0
0.0
0.0
0.0
0.0
0.0312859023100208
0.08183029039499648
0.10708334382933554
0.16471852810127802
0.21045847253823255
0.24209266296493823
0.23536875093648438
0.23765760005646944
0.22668214685591295
0.25006269231114064
0.2624106151614685
0.2593107300059249
0.2015199632144397
0.14886635788701422
0.1066132218365941
0.050814262826721864
0.0
0.0
0.0
0.0
0.0
0.0
0.0
0.019163981418053363
0.08472325291593498
0.1500722524871632
0.17263154810551104
0.22440320437627845
0.2759599534562108
0.3158678217284299
0.3071177564362683
0.30074730240083825
0.2827841924426302
0.29955562674582387
0.3106339342400512
0.304070201283481
0.24950098259880346
0.19598626970127583
0.12703652479123131
0.05789913917351869
0.001947157168175464
0.0
0.0
0.0
0.0
0.0
0.0
0.10322794638891347
0.18445630169865757
0.23889131813422926
0.2409122292950528
0.28815284461805485
0.33041655735953934
0.3830086774680127
0.3787575364192318
0.37676766000262324
0.35627875382033086
0.3726821601027349
0.3785352750570307
0.3692474560641874
0.30853322273507683
0.25309318789802543
0.20353611114411999
0.15717858220977696
0.15557697655100727
0.0
0.0
0.0
0.0
0.0
0.04424538908729485
0.1696095191885607
0.2349864573017865
0.31596807534740373
0.30811053335066885
0.34697996774896395
0.3797906870277348
0.43269587215887945
0.4385355987825333
0.45668018069393795
0.42617700534629327
0.4213503685385835
0.42447457960920604
0.42638283401835014
0.3525563044433488
0.30265330098170323
0.26148092543817336
0.2314320931397827
0.25698601490447365
0.0
0.0
0.0
0.0
0.14171036629931838
0.1373495062617098
0.2040836950450724
0.25782244057169934
0.32023253737274154
0.3237801009541604
0.3558075353734418
0.38067047599811804
0.4275675214444028
0.4304372121045609
0.425774302734811
0.38884169679655284
0.38786540168793454
0.38567357922114165
0.3869330677228158
0.326641748069948
0.2691630898475381
0.22397810944233354
0.18878197994096754
0.18403017397399152
0.0
0.0
0.0
0.0
0.013847430847467132
0.028269828565543977
0.08889863733703963
0.12279705119671419
0.15662000329069767
0.15143360804082157
0.19009798582798432
0.2377499886476139
0.27471270605681497
0.26564621369333546
0.25252972521726996
0.22484716102621755
0.23888388075748096
0.24077667443739226
0.21223654481675414
0.1563504837220251
0.09546599514483108
0.03439640758146391
0.0
0.0
0.0
0.0
0.0
0.0
0.0
0.0
0.0
0.0011291362319550073
0.03253804193173897
0.07285959954109739
0.13531329507547837
0.17936798048192729
0.20466783289262502
0.20398276522885958
0.2163214646908182
0.21565709023460183
0.21335078925852355
0.21316702830940792
0.1872930528478403
0.12432341335608373
0.07169570110750821
0.011709303802642417
0.0
0.0
0.0
0.0
0.0
0.0
0.0
0.0
0.0
0.0
0.02370626704782121
0.06887004921641385
0.1316482779306655
0.18438616559842333
0.22248208063050595
0.2326943834932979
0.24258158570913446
0.2290096680593663
0.24108776179041191
0.24689797060623467
0.22558273890015243
0.1528502898312283
0.0793461879767145
0.01784170455283259
0.0
0.0
0.0
0.0
0.0
0.0
0.0
0.0
0.0
0.02305557717623127
0.05678726227678789
0.09114393928072315
0.1595276143328617
0.21366530516537655
0.25984223881906104
0.2521469094581621
0.24879575658237013
0.25271810231727565
0.26456514197029923
0.2681479324371486
0.26454206779560824
0.21948045192929314
0.1463844075884945
0.06852776029723329
0.007937081097273636
0.0
0.0
0.0
0.0
0.0
0.0
0.0
0.032826511271740126
0.12426489134309739
0.1859574297730078
0.19539067155949824
0.2519316090424581
0.2988484876181236
0.35247856687938367
0.3534434721807657
0.36130070337877884
0.3464830852156965
0.3574812309397262
0.36075001285080094
0.35369459125647934
0.290255594973807
0.2285536593542451
0.16740254677629982
0.11487206191429711
0.12315046657718433
0.0
0.0
0.0
0.0
0.0
0.00932818600106303
0.13490715438895393
0.21116322073961485
0.27135875826778016
0.2686774090419962
0.303898154646249
0.3295735935329628
0.3815312992249185
0.38477047297444894
0.3863086992722905
0.3587869943226861
0.35255678110160377
0.35687361272887047
0.3637267673263598
0.29521664835204936
0.2554926038156483
0.17697386461884868
0.0911397810644189
0.0455826913453389
0.0
0.0
0.0
0.0
0.0
0.0
0.10214549042960948
0.18304376828151875
0.230363419022719
0.24752288997970265
0.2704903629011076
0.30106772549869276
0.3437351645021235
0.340956731677625
0.3476900925326243
0.3185953934462024
0.315889066552316
0.3137382424360692
0.31171327370853363
0.2603066497592654
0.21420878182293876
0.17574782404477374
0.13298568682341524
0.11388447327133817
0.0
0.0
0.0
0.0
0.0
0.0035433450891924757
0.07444839215629032
0.1531034069751489
0.2267959291876353
0.21521431575362168
0.2631525029873067
0.30618051660911816
0.35364983011320417
0.3547123771018008
0.34522766479273653
0.32581965770110044
0.33434064952092185
0.3387895686770387
0.32937173143798815
0.2696003375281796
0.22824125949231558
0.19551521253252227
0.15379859254910572
0.1529639163606377
0.0
0.0
0.0
0.0
0.0
0.03255318334267945
0.13231396243164392
0.20209145068618953
0.26074674421086014
0.254350133949067
0.29002956832933247
0.3331644462824872
0.3768781089847967
0.3705282166404466
0.37324677385578514
0.3535251595381524
0.36214134523000185
0.3699245478641523
0.36607202714081905
0.30684241977370313
0.2558500129791382
0.21661539692452278
0.1697818483632488
0.16923837500111386
0.0
0.0
0.0
0.0
0.0
0.05453655083650081
0.16703396697494635
0.2327802327012425
0.2959909159739205
0.2927597092377944
0.33469691499761134
0.3689050812293054
0.41341920187846304
0.4124292469084136
0.4152290295396774
0.3873032097641887
0.39970267707035956
0.4027007615623327
0.40154483755288367
0.34147148160593793
0.2955752839861742
0.2792326416642285
0.2383428910430551
0.2598950444378484
0.0
0.0
0.0
0.0
0.11828776192550655
0.09701052459887678
0.182862843423403
0.25635459358559676
0.32771365004958036
0.31517807262209546
0.36560157444282365
0.3993745340254305
0.43180611668483804
0.4286083535347687
0.42823941733201615
0.40103906809349166
0.40595841179449244
0.40955648039364745
0.4074943689869984
0.3347256640265014
0.27606570786623996
0.2421979572859095
0.1876607524750046
0.170943619450765
0.0
0.0
0.0
0.0
0.0
0.05432446050799129
0.17925369014803053
0.24164922679084302
0.30814647068795953
0.3105160285171036
0.3662992974319998
0.4140395584359869
0.4546585948553709
0.45655632946150476
0.4428855445648021
0.39121186191986584
0.38777808511606926
0.3887100063694848
0.3923204195213283
0.3396025747799986
0.2953815494046053
0.2626905758740573
0.23072678585878229
0.26401272349305305
0.0
0.0
0.0
0.0
0.1636793030584093
0.12896951436145812
0.20236658244268324
0.2608932081982585
0.29855247546140057
0.27089904227271494
0.30021115871112375
0.32100649253456087
0.37617291401376163
0.37758752471908813
0.37608475390425206
0.33512797693130325
0.30820450899908125
0.31145611708858045
0.3244654661680221
0.26517910586728916
0.24718537800349843
0.22918592079894914
0.2038931751046174
0.21601072651073083
0.0
0.0
0.0
0.0
0.13408788437177216
0.10794335518800684
0.1844406687892751
0.23814875305180083
0.2799459726278513
0.2809406527621042
0.30640995785283115
0.3474971106445381
0.39569321900279253
0.3946576599525502
0.4100965695410698
0.3920178100055662
0.3826631284312217
0.3690077811338979
0.3720842762505246
0.30584949088504465
0.2623598073889821
0.2559292856990126
0.23419162408268193
0.28974225440265483
0.0
0.0
0.0
0.0
0.19991913421339105
0.15147074618713766
0.19854111010074618
0.23988635057189142
0.29032713400642846
0.26800900363680036
0.29777645236638167
0.33117848409297995
0.34773147476910804
0.31889207310615003
0.3223494435796292
0.31723544556525807
0.33730251650794624
0.34752024982966534
0.34567623268925496
0.3013276160876821
0.2693543519763393
0.24040717198472342
0.1995376112850323
0.20451148385612103
0.0
0.0
0.0
0.0
0.0957575298029741
0.10963230094072682
0.1974779044095211
0.24551756936451352
0.2981370564783323
0.28463483922837834
0.3376964317462337
0.3754425141167336
0.42368630361094406
0.43353786522990684
0.42943385717369026
0.39397793367041095
0.40545534905950165
0.4107021843162476
0.41144222014163645
0.32844820130898267
0.28313871274219743
0.2488333482254048
0.20917650558101378
0.22976221420837362
0.0
0.0
0.0
0.0
0.1616970411986036
0.14715507590878324
0.2013514104007911
0.2439133077394966
0.28446241766719815
0.27745557738017246
0.3291687122592979
0.3712236749611446
0.39757345396757404
0.3910977814791239
0.40075547338664397
0.3467774341621155
0.3218487249161062
0.32481957476290624
0.3143759886680513
0.2811083194060295
0.2424367002544071
0.22299970509056208
0.19687078299489177
0.24150177566205894
0.0
0.0
0.0
0.0
0.11028872851242197
0.12077975157982027
0.21311332317563908
0.25960944915868667
0.3122385351187498
0.2947685251086982
0.3188940749712633
0.370097557678243
0.42771147963112177
0.431682051539247
0.4190269634089922
0.3910516085863918
0.4026518515599639
0.40748686295812986
0.39972178319056534
0.35029360411503485
0.32263474230470635
0.2992865252569337
0.25718455113617483
0.29856594101750206
0.0
0.0
0.0
0.0
0.13474690738699122
0.13260471577785668
0.21264586123710347
0.27238219505092676
0.3406159679927141
0.3369372942569797
0.3718125099659904
0.406432036289388
0.45768661082615547
0.4654825807276518
0.4618335034314201
0.44520162605718167
0.45484141418317997
0.4522107483391552
0.47617078971005106
0.4226176012791528
0.37485304270622855
0.31598302477008117
0.2842603823289375
0.3184295116829537
0.0
0.0
0.0
0.0
0.21840724197889097
0.17730065246730542
0.21203952937026632
0.25388922230335353
0.33907535942850503
0.345241886995655
0.38570047600752544
0.3838614197495983
0.4026170026343546
0.40569188185446586
0.4157911900348445
0.4102931513960465
0.4281757850794848
0.43904099476871866
0.4489802162458075
0.3815978246014129
0.3539807912050758
0.33084866844005983
0.3097531897075354
0.35503541767434305
0.0
0.0
0.0
0.0
0.24150489453230448
0.16080452297042197
0.2302443758684157
0.2859059108483473
0.3177865356833278
0.3055028293482682
0.33145442271221115
0.36053674746781933
0.39734275331030317
0.3858239041980503
0.389388439042459
0.36390046142538757
0.36993219673777256
0.37164537098868017
0.3723346097589579
0.3079243483640647
0.2536379280629433
0.21114041404890282
0.17003895107685182
0.18021188718211445
0.0
0.0
0.0
0.0
0.00528045417854027
0.06045032498123847
0.17938307465014997
0.2519862855220633
0.31699085634185137
0.3038646277989237
0.3284491558815169
0.360365603023883
0.4079853370952536
0.40733725868421783
0.4064852817479659
0.39313329197558855
0.40414454563716107
0.41226054096595754
0.4043908333250085
0.33489071582123653
0.3000738526831172
0.2708268427489209
0.22979684833271455
0.2448070093101536
0.0
0.0
0.0
0.0
0.09437445768728925
0.11775687806355217
0.2165328889849028
0.2756334930749519
0.34331433655727994
0.3214420702496714
0.3580666790514167
0.4097506188421477
0.45885366771907865
0.459824054858042
0.45634306910186373
0.42407326416125146
0.4413308323633044
0.4359814421731891
0.4448387498099489
0.39589022329299156
0.3461158574152759
0.31595497935635114
0.26346102618776
0.33052216210118973
0.0
0.0
0.0
0.0
0.20747567911554435
0.18852898876890783
0.257821449090107
0.31364260362092933
0.3829556062773242
0.3699983842622447
0.39584393112316185
0.42577704297901126
0.46991724016506436
0.4601832769468724
0.44014108992529827
0.4093120988636285
0.41640816544289116
0.41703178999037
0.4188419629610601
0.362764182391454
0.3209273392864425
0.2923329400391955
0.25584810181859996
0.2865224796632408
0.0
0.0
0.0
0.0
0.18636621229837477
0.1399217785143166
0.19189095002578616
0.24694059809867888
0.3285831705284279
0.3269895566249939
0.37156294639219
0.4141424280804574
0.4653162361542197
0.45971024356698953
0.45369443721080244
0.41851034156225336
0.423673779824984
0.43099203948002757
0.4337181002128422
0.3737360661248029
0.33040251447868857
0.2908959202869653
0.25421086184956626
0.2905689657629396
0.0
0.0
0.0
0.0
0.15652908679506683
0.14426671383231782
0.22105778603687057
0.2614274700656807
0.32680693289918156
0.33201306764862626
0.3712693104243912
0.4086257963828734
0.45841651910869297
0.4598408737848055
0.45937269092300936
0.4371616191583524
0.43774263719571876
0.4387284173985813
0.45420880845414957
0.39588653501859716
0.34330907296532404
0.29647940476926427
0.24912374586900965
0.2762345914594397
0.0
0.0
0.0
0.0
0.0
0.04670395341247885
0.16679633214673845
0.23743020063358677
0.30827994379726664
0.3168809449686723
0.3420760500519491
0.3721829234202346
0.43528019827810643
0.4366169668163645
0.4424563340431275
0.41531281915363205
0.4246395970708018
0.43393207054136157
0.44471686841608377
0.37291330758638663
0.3127202730127864
0.2708785222073374
0.23822262830504
0.2510463033825542
0.0
0.0
0.0
0.0
0.08812373612183091
0.12028706468373432
0.21338362468793984
0.29655422268739107
0.3638515484581623
0.35562885478143547
0.3806473594669136
0.41463748626519037
0.46886143001354663
0.47335291950685426
0.48423023428054235
0.4542205803560972
0.45641920819979326
0.4548089634372905
0.46867685286224736
0.4014188500228706
0.3312236980471641
0.2853600621715036
0.255175605382623
0.3128206491182913
0.0
0.0
0.0
0.0
0.18554657561393786
0.15694682059474546
0.25076585562591464
0.32267243291476383
0.38824200786992047
0.3903419932260734
0.42994568456198784
0.4483565425597035
0.4943312238999041
0.49399378618778755
0.49785538588182315
0.46477164663192233
0.4632260577561537
0.46035267948115477
0.49103302347134364
0.44298866004150683
0.3746604057496769
0.32776699991193137
0.30003262725123697
0.37936686587619284
0.0
0.0
0.0
0.0
0.18118466112313023
0.2118778018725906
0.2858173855157728
0.332049669811985
0.38724615845672966
0.39602540913692175
0.42210752604762036
0.44474391489477877
0.4937911448014494
0.4941807919287034
0.4999968806497463
0.4639919065150175
0.4648923538580382
0.4622183049040935
0.4812212313463557
0.4283423888319197
0.37485391551491226
0.3328835213073545
0.3059845628608227
0.3961271383435401
0.0
0.0
0.0
0.0
0.22691809407460445
0.17337957382406421
0.23536600838517596
0.28719803260479965
0.34558662632712267
0.33206193933104816
0.37559175518155363
0.4237005636636082
0.4749098570955591
0.4792979041527923
0.4833376770041942
0.4360949021127671
0.4085131669477502
0.4064820049344847
0.4211058670720755
0.3717006627829245
0.3223324212671306
0.28667996890231334
0.25108549561506144
0.30713355226358247
0.0
0.0
0.0
0.0
0.22489465805106917
0.17958611646949516
0.21348212021528176
0.2521909889707433
0.3045922009777453
0.28762722607019564
0.3154914177181442
0.3629352746568551
0.4028569593096545
0.4035775716915001
0.40367115381341523
0.3529584460427363
0.3440779145722794
0.34821435651140337
0.348865844997345
0.3101716241605056
0.2708230086681299
0.2437858969821399
0.22420893120478577
0.24925076874455215
0.0
0.0
0.0
0.0
0.16406747441356626
0.14428867621605768
0.22169425342826632
0.26594581511922294
0.30709484534235154
0.3074123852196313
0.35710302127735444
0.40066755320632974
0.429669656985534
0.39290857451380157
0.3570913417050478
0.3369146053253194
0.3185043900704819
0.3076068978785799
0.30897448542542416
0.28432392568835824
0.25942768427523016
0.23188021693764838
0.19232413672444712
0.14246861831555302
0.0
0.0
0.0
0.0
0.0
0.06064112182561625
0.18299425428707983
0.22646129116056626
0.26076063619209894
0.2621376694198379
0.29207378099998227
0.3104266063413069
0.32427669506289514
0.29581758647948275
0.29369841870702545
0.272228403528638
0.2864202314705598
0.30574470528377695
0.30508060177555285
0.24355652011640144
0.2091296222449853
0.17805162541387515
0.1450042563283286
0.11628434523310567
0.0
0.0
0.0
0.0
0.03318151886113458
0.0698460282407658
0.1495470383901053
0.20301813586091663
0.2288289940055684
0.25745111474501914
0.2864271303078268
0.30892008074773053
0.3476901214638268
0.3524580586872358
0.36716385828183906
0.35246570602215077
0.3700093646436721
0.3764212463431871
0.38122230697106335
0.31603657148752035
0.271000141271314
0.25725907871306297
0.22989379467743776
0.25419071972904034
0.0
0.0
0.0
0.0
0.02988449171861801
0.07323308131636096
0.1589523204928297
0.2156912908997883
0.27906382895146614
0.27178464459027946
0.30320326210298515
0.33858397730145007
0.3917990701260373
0.3969274147236867
0.4012701303922778
0.38222106922480004
0.39506672408946075
0.40601378214583783
0.41547019248957734
0.3488118999471331
0.2793413597990642
0.22027358387013143
0.18955088015230132
0.1927011738876678
0.0
0.0
0.0
0.0
0.04297238202965275
0.10272518428201279
0.18741310220129526
0.2501000966475436
0.3187636579178943
0.31175954893591556
0.3256830331576017
0.35963443176386445
0.4139232809076874
0.4122320981393205
0.4093035688588488
0.3881651296384397
0.40631655402645594
0.41097882318480533
0.4161897399730341
0.3513592491983074
0.2953887642516271
0.2435997895867015
0.20796921582045266
0.25448943695021026
0.0
0.0
0.0
0.0
0.12607427481172745
0.10488146505471366
0.18951992735912007
0.2663037366790025
0.3428584766994929
0.3317452637319051
0.37316779751723855
0.41978500073297664
0.46276833436433606
0.4550506629995025
0.4571509386031432
0.4316250983185067
0.44292788457330673
0.4418957726686018
0.45729197902820823
0.4034067096839601
0.35362551515449686
0.31786254435148187
0.26915949408588835
0.3225244826561586
0.0
0.0
0.0
0.0
0.22264636107413877
0.18468392703922387
0.2566185776914267
0.30869418170217405
0.36707619788200174
0.35040790244238695
0.3811752944406138
0.42520515142449367
0.475407813055691
0.4736746197223999
0.48186518794768846
0.4526601830055764
0.45516793893638113
0.4476855923976095
0.4631338019546631
0.40713352447551326
0.3606678930817455
0.30895835267322447
0.27509387189460477
0.3356096003775613
0.0
0.0
0.0
0.0
0.2384907814019643
0.2073966918274943
0.2598252085697003
0.3148772499874617
0.38183564436659057
0.36258375497962236
0.3961776220767892
0.4127237703282426
0.4486641594173254
0.44598283068998146
0.4427486201247643
0.41489530250791606
0.4184675429459506
0.4224761253886007
0.4337452157464897
0.38175861421788054
0.3293153876431154
0.295160047171467
0.2659609568572324
0.3161741447679216
0.0
0.0
0.0
0.0
0.15746665751928982
0.16783957291285895
0.24816358661536234
0.29803950248729566
0.3593365798422337
0.342431809539741
0.3701920295901391
0.393570300714007
0.4346608551033434
0.4315954867173529
0.43499279047422856
0.4054631040362281
0.40454471914773493
0.4107951581568974
0.4241707269245175
0.35926165929543535
0.3286127996079225
0.29087656515577553
0.25923981675696806
0.31670973505716543
0.0
0.0
0.0
0.0
0.1962578354242563
0.18418848774581248
0.2397707711682777
0.283631357558621
0.3252457196487606
0.3251101327518289
0.3466135640046036
0.3744053284044155
0.4213336894965637
0.42024605395781867
0.4157771371217153
0.396105589283794
0.4050724785736773
0.4011806314572824
0.40886388855637473
0.35389038159410574
0.3121848072607051
0.26418637751744395
0.23372846570605238
0.284984057815691
0.0
0.0
0.0
0.0
0.1823747723045516
0.1624610365402161
0.22041739856967557
0.28454166698146055
0.36027273407690424
0.3546034150461461
0.3794598004310999
0.404843143407448
0.45207088817384283
0.442519874267589
0.4291608025031788
0.40360275833780446
0.41090996823542464
0.4199922149645016
0.4323513709500145
0.38175764071752677
0.3453900461547186
0.29001923936626095
0.2340378638661171
0.27926046034913443
0.0
0.0
0.0
0.0
0.2131898188858677
0.1762886904309819
0.23495447402342576
0.2828235739799031
0.3448036612183786
0.3412659340151948
0.37632157590542586
0.41375953718231656
0.4479641268854548
0.42817160435974616
0.41986702764818085
0.39373777885648364
0.3977560719730728
0.396591640362765
0.39831923828298144
0.34981024458661836
0.3128203593140371
0.2666889541529548
0.23419894689576048
0.2687477435022714
0.0
0.0
0.0
0.0
0.15808984931646203
0.11346208567058326
0.17991676893007297
0.24364437492751573
0.30303390729259183
0.2940643695095455
0.3292501931621008
0.3599646020713493
0.3963766361257597
0.38420185521240396
0.37564384513720617
0.3510714480175807
0.3669338437981927
0.37309896482498267
0.3695096619446314
0.3124051300214363
0.2692420084926899
0.22919674664297157
0.19654394766454386
0.21771830134640624
0.0
0.0
0.0
0.0
0.0
0.05352442131900589
0.14580503310181314
0.21562293873730762
0.2730681617939529
0.26772651985453016
0.30758143151141776
0.33879025370567506
0.38312892550315075
0.3822030452678141
0.37872461359681747
0.3605150176532963
0.3686327893935315
0.3602546247456209
0.3519167185218124
0.303990107364782
0.26498334158765213
0.23446919382387266
0.19149698203253926
0.1744210064963899
0.0
0.0
0.0
0.0
0.0
0.044498131695495595
0.14326229440356983
0.20947372451765503
0.27541800962460616
0.26264494289286666
0.2988518074389033
0.3514703438559868
0.39400949781322203
0.3904985439854121
0.39099608983322587
0.3670629529205811
0.3771053556144507
0.3847709881266832
0.3885785795276949
0.33526107614720296
0.27652497122415215
0.23516188431117588
0.18480287574015306
0.1888972842006331
0.0
0.0
0.0
0.0
0.0747470884577368
0.10579038264941094
0.18638757049096896
0.22958805203124075
0.28400815034655263
0.2888145037195073
0.33852362673763603
0.36381797455228954
0.4210915921580898
0.42926735042938413
0.43049453005875377
0.4073906175607036
0.4151226213228803
0.4210710994716285
0.43679281611852644
0.3798124864728239
0.34016186141608984
0.31074336234080396
0.2423309041865995
0.235381497140818
0.0
0.0
0.0
0.0
0.10274242767547588
0.1105071221272486
0.1912347062653806
0.24707258679178304
0.3106676971136597
0.32715016208409015
0.3555119193698863
0.38995233173408483
0.4475118116093042
0.4493601227279137
0.4515488082698023
0.4235897737555104
0.42824265843383763
0.43045109545810684
0.4352664008879056
0.372774813947283
0.2975575780002629
0.2465613561416416
0.20137574433538888
0.22408463988983798
0.0
0.0
0.0
0.0
0.08968635385860015
0.09953974314288108
0.17766507623319144
0.24481889601508008
0.31705699434960427
0.3097192266089152
0.3533009710218621
0.3894193111123596
0.43361266324840514
0.43524810169362393
0.44180745029639623
0.41394431265284193
0.42403513952802824
0.4295795737434899
0.4326383418659947
0.37496286887602376
0.3081677790846582
0.2659481436664371
0.22104179952397127
0.2536583045043315
0.0
0.0
0.0
0.0
0.14715881784667545
0.12978542495242065
0.18849107881095914
0.24490060835336022
0.3201766529155236
0.3196560216797382
0.35618647675640186
0.38596794327630224
0.4340114892227609
0.4327600443347015
0.42297654589998257
0.3994366280120949
0.41313513703906307
0.4200705985172147
0.4307528984392785
0.3776888159187156
0.3377574579885383
0.296866869853774
0.2387138230932892
0.2677702357938226
0.0
0.0
0.0
0.0
0.1223156774399956
0.11593533445455918
0.1929063441019844
0.2542130923466074
0.31985963682009033
0.33226869663776787
0.37149193123224405
0.38503691339349316
0.4258429925422856
0.42479940084090784
0.4266648432489679
0.40435131240615957
0.4200217632740341
0.42335530464317617
0.42214108553929697
0.3650247493500058
0.31898393619924514
0.28790033928513586
0.2426072815283385
0.2645739156414397
0.0
0.0
0.0
0.0
0.12357968142363605
0.12586671596184884
0.2031516371815079
0.2625421234033541
0.32577719162309493
0.3247764247313901
0.3614353133838658
0.40096365958265995
0.4553342710490016
0.4441110442798459
0.4502953225322191
0.42932584378820515
0.4378770848624294
0.4422866440883995
0.44838504467408025
0.38579322643371955
0.34114189608825973
0.31212151339768945
0.2651724928078016
0.30575213320792577
0.0
0.0
0.0
0.0
0.19711139314763945
0.18065262735178964
0.2432671948071645
0.3095183256366898
0.3876672907066549
0.37320320734810986
0.4023340478895514
0.43591253544083747
0.48941820883473836
0.4913739733399625
0.49387748700465817
0.46060106559485414
0.46337405809135596
0.45809377178137567
0.476478251727845
0.4306615521033065
0.38264507801122943
0.3410746394690147
0.32691476320537755
0.403709707009754
0.0
0.0
0.0
0.0
0.19955467160925944
0.19156137310535554
0.2674507668924889
0.3226952169859624
0.38739635681848356
0.3770914412802474
0.42023449495448906
0.44471868083468535
0.48555669266197704
0.48629699711659097
0.49424408791144386
0.4605179044865475
0.46100016527871024
0.45603051080888274
0.45560388986399575
0.3958028467664908
0.3702263403674143
0.3418041893404519
0.30263074659306816
0.33732166575281586
0.0
0.0
0.0
0.0
0.23415397901279997
0.18877969600702463
0.23241623319892132
0.27821583440393594
0.30577404279837184
0.31403034622034326
0.3420139877997001
0.38546340926191724
0.43218808785807145
0.4093139069514683
0.4081489213599605
0.37497453943577735
0.36765336230402806
0.36771063036599216
0.37474448415833744
0.3502327091216144
0.3149430601698909
0.28749156183627356
0.2413939952078756
0.1774965437982178
0.0
0.0
0.0
0.0
0.12954200431862667
0.12852200833859678
0.17192696653260367
0.2125365227091502
0.24892532729056602
0.23676333663705565
0.2909807493789369
0.34309091394301794
0.3838034455343788
0.34495533401051753
0.34281677656384935
0.3341325484443774
0.3529564606276983
0.35058826743992855
0.33196923836045106
0.23364419460281544
0.1980552640721347
0.1744950410334634
0.1591032229659486
0.2099987495547564
0.0
0.0
0.0
0.0
0.09996461675401457
0.1137763143790446
0.19196923740457505
0.253494293012116
0.3228816027193621
0.3195406353408218
0.36603322560109813
0.4052582505323626
0.451475582940727
0.4539835633179416
0.4543408250193699
0.42668470782152934
0.4354131529331466
0.4380026742499085
0.43581917753459737
0.39202537288256223
0.3284995823834898
0.2985309139624269
0.2728235904814736
0.31665128781621504
0.0
0.0
0.0
0.0
0.1990806117844644
0.16302395559186764
0.22529279570025243
0.2760819964155695
0.3187769599445213
0.30633024373785134
0.366736862689419
0.4162510173022595
0.45568371132245206
0.43011468122458413
0.4337808756227028
0.4072135813719644
0.4206121554831761
0.42840855103684305
0.4128218420204578
0.36442808265759963
0.3280740713447771
0.29398327295375154
0.2572344410272418
0.29214459894068184
0.0
0.0
0.0
0.0
0.18851779147172495
0.16862186280336575
0.25180812014359544
0.29027664075196197
0.3327095064256795
0.325040883077131
0.3655400449671594
0.41600974218206
0.44071616209165837
0.40416688354450386
0.38618601247471784
0.3539610760131817
0.38861864257607626
0.41759215735318506
0.402462989643501
0.33974696783507924
0.30129983190573867
0.2676593743078402
0.22277614078107294
0.24685824958658198
0.0
0.0
0.0
0.0
0.16012207568386636
0.149441854801076
0.20685488102413047
0.24953429488579615
0.32210314993651434
0.3087681188116313
0.35861501010133606
0.407570688245189
0.4469851335427642
0.45256100957087153
0.4675582377840477
0.44505889813212735
0.4494469198798701
0.44004012429986833
0.438578794640832
0.39273875001599085
0.3429790410687834
0.30644638375041805
0.27645306820232474
0.328520227117682
0.0
0.0
0.0
0.0
0.18931183945730704
0.1744468491411525
0.25876503566020725
0.3121318162291058
0.35957959404991746
0.3481705502377117
0.38657542203949025
0.40702051075977347
0.4574918091004025
0.43815068359440984
0.42232786036527953
0.38260328564962404
0.3673488518728814
0.3818457004114664
0.3806329383244425
0.3246281701425043
0.3002054696110281
0.2855307949092091
0.2612916481615687
0.28516442956917665
0.0
0.0
0.0
0.0
0.17745703566386453
0.1554381243530418
0.24579761154272012
0.29297519481852896
0.32115787668867657
0.325392057948909
0.3636548625059225
0.3903548706976824
0.41438942691894187
0.41114762006995464
0.41600582876989695
0.3823626915638648
0.37376616488615483
0.38084990674551866
0.392568771787235
0.36109766205308635
0.3097629443605862
0.27520747946449786
0.2465330528640429
0.2904772244967523
0.0
0.0
0.0
0.0
0.18047841773850354
0.16229780667648783
0.24140156487154216
0.29231560509885374
0.3455763641854679
0.32830415661391804
0.3741301064630677
0.4085261712381406
0.43346275068662937
0.4042698971156678
0.37892013587373985
0.36781682699692764
0.3937767033665176
0.40125875861529964
0.3906380657128806
0.34749705140034653
0.3011273672270723
0.26520452505360126
0.23345961816903718
0.2593174824733618
0.0
0.0
0.0
0.0
0.16886068656053185
0.16568166359499398
0.21765497366537356
0.2643361804218928
0.3193947150683714
0.3008641421734148
0.33805785460641163
0.3798769585533245
0.4277060111973806
0.38714875113890296
0.3370035797555057
0.2989518035800698
0.32342477869580655
0.34815346668902514
0.3307100892594213
0.2857944841689017
0.2572136470563972
0.22924216062535807
0.18947311417811494
0.20621689304016122
0.0
0.0
0.0
0.0
0.10278469785412578
0.09746758163655556
0.16560744301374697
0.2211652155495268
0.27378805837810893
0.275875274959787
0.32164415782788414
0.35616904245861447
0.40893747581915485
0.4213610840011804
0.4235093194074713
0.39138381817387385
0.40167606359432645
0.40594905975403384
0.41352317476259187
0.3730214175275597
0.3253422253119925
0.2805600341579459
0.23347082278224165
0.2712733456268224
0.0
0.0
0.0
0.0
0.15586125487478442
0.14854082916624897
0.20267281396502093
0.25653328359941463
0.3266279363279251
0.33783462480282794
0.3920430036162209
0.4239870289929173
0.4691357698256979
0.4627815402639642
0.45510939236896103
0.4208661644986889
0.42480359993521055
0.42898577946048844
0.41876224043233445
0.36233759074340655
0.3164653756794026
0.2890496776048813
0.2638747933347285
0.32375191960882027
0.0
0.0
0.0
0.0
0.21362225528040957
0.18248645111053446
0.2255704513185839
0.27036685313704134
0.33045126547095954
0.31863009266302605
0.35097533996101404
0.37979772378903964
0.41814012497447567
0.41786185753260463
0.4177563178819772
0.3870619465141686
0.3942625475498978
0.4056102264125436
0.4032860468336088
0.3608090937710476
0.321634325133769
0.29288620730688847
0.25599591627711493
0.3047935372492219
0.0
0.0
0.0
0.0
0.16941143199466563
0.15066189737415034
0.19715284438422184
0.23369069082894417
0.2928173219571347
0.3009128325161612
0.33245513699993706
0.35954458512715404
0.4112533543909643
0.4126826184828161
0.4170197893786944
0.38272597414688214
0.38223275571379234
0.39495889685724767
0.4006894300263815
0.34755343730064714
0.31350046676762366
0.27845604566518334
0.21717431949657698
0.20426738628484445
0.0
0.0
0.0
0.0
0.046196410175626396
0.08517945419343737
0.1641468266868949
0.2239861002147588
0.2824909132861369
0.2951817139729034
0.31423309574056324
0.3431630135305834
0.3844477170125708
0.37446244133408685
0.3767216344925505
0.35067074797759085
0.3516792088091588
0.345336841673359
0.33986961298886814
0.29713380940200884
0.2312964374735727
0.20946779853142478
0.19246065345415259
0.18518250382075024
0.0
0.0
0.0
0.0
0.07188527829605727
0.0820184151143907
0.13887151328184427
0.18136786621076173
0.2298797715028498
0.23153482948869747
0.27144161751097645
0.31350794328832426
0.3578892652781154
0.35289079177705984
0.34759770061632367
0.32504436719855584
0.3349714625429484
0.33477043016362684
0.3060809968438535
0.2620286952652938
0.2102043076831875
0.16876539740755414
0.1234867327312324
0.0988597835461175
0.0
0.0
0.0
0.0
0.0
0.0
0.054064950822184335
0.12453942792583789
0.17543788329979645
0.1990795304594106
0.25354425630196176
0.29344374818082497
0.33633966447339
0.338546796454834
0.343638418578581
0.3250251733727707
0.3417553176845335
0.346233268175632
0.31157201390775996
0.2649114564440747
0.20298422459746035
0.1505592143564571
0.11059536832305479
0.06876410618384171
0.0
0.0
0.0
0.0
0.0
0.0
0.036679548067635855
0.15389941880809557
0.2310994084791596
0.23659831375121212
0.2911016492102718
0.3424745744425163
0.3884829877987499
0.382894094237501
0.3818705299896756
0.35904193138483953
0.37301778434630245
0.37119307767395077
0.33625651461453404
0.2863004708200535
0.25225629555380297
0.19362720622781304
0.10396175514127655
0.09549328547934237
0.0
0.0
0.0
0.0
0.0
0.0018605442749443344
0.12143164177257024
0.2071144165567337
0.2777234621281657
0.27859631154001474
0.322377386837744
0.36858599217735394
0.42590834948445344
0.4221380281100422
0.4152664504930219
0.3869035172441293
0.3953106458073946
0.3961788879990355
0.372726055244229
0.3282695465467526
0.26814114788314025
0.21013656351699128
0.1803938789123498
0.17966634780494026
0.0
0.0
0.0
0.0
0.01946177194646775
0.04039668499166819
0.14034848901637734
0.21413243043442845
0.2939898733397766
0.29310198464014814
0.3389102453025293
0.39687665153434454
0.44521290302441346
0.44190653803223984
0.4474306642471295
0.42042302832492906
0.42856528408602135
0.42449736573611724
0.41113217605824137
0.3711738310234079
0.33110415230994167
0.2756301844568574
0.21429967228585703
0.2286254686390402
0.0
0.0
0.0
0.0
0.09288866307688479
0.07696363458022319
0.16145944504492946
0.2377703099542369
0.30679010553875313
0.30899119014686655
0.37246983281891993
0.40695872017389145
0.45637714587939515
0.4656722379824583
0.47228062622325806
0.4340826193203223
0.42703618358489154
0.4313162494501034
0.42241495018188197
0.36281856426979026
0.3135809345316511
0.2896636689540445
0.2631862959919084
0.279111531214018
0.0
0.0
0.0
0.0
0.26523381399757434
0.2150108408857397
0.21784308863593982
0.2329869323972854
0.2624192465896386
0.2809726678072279
0.31968672566491313
0.3464747865347535
0.36047221300580384
0.31163891637384794
0.31079362335878763
0.3093059841516813
0.33064729832352224
0.3276750571297959
0.30862227433734823
0.285366135600665
0.2594868950213428
0.2186843018336225
0.17173641084137456
0.18576405593075138
0.0
0.0
0.0
0.0
0.06332629521892749
0.07197172084767567
0.1482855289390886
0.2236998869587017
0.3075997804409552
0.3016167480552282
0.3377379015559094
0.3844867542600227
0.44105503274667196
0.4283285072182284
0.4213579173541764
0.3905150560400293
0.40045160090216214
0.4035266747944291
0.38247540871548374
0.3455828516340014
0.29631706189079937
0.2429711941638879
0.20050116061167486
0.23769457321847062
0.0
0.0
0.0
0.0
0.10708407644349592
0.08179768877034269
0.12995920056967614
0.1867333323860295
0.25429318249758265
0.2801280695759264
0.3184916496736166
0.34029438167263143
0.4004508416989578
0.39749850093117944
0.37127983866289493
0.3416881105455199
0.3442649704592711
0.34092928846511916
0.3145640030451866
0.2943318217499658
0.26099472516770644
0.22782517477266698
0.1828456903257138
0.18377266425591374
0.0
0.0
0.0
0.0
0.09506425330789949
0.09307665939517054
0.17222255832789993
0.21288947133364278
0.26009428264510326
0.26281793247846924
0.3123250995037499
0.3346018049624926
0.343429789771098
0.2942457860179257
0.27441136407973027
0.2685836940356934
0.3168559549476817
0.32158422594826913
0.29634276240561147
0.2595686634121774
0.21142573013389593
0.17732755315426793
0.13697990539202085
0.12396234696284078
0.0
0.0
0.0
0.0
0.0
0.0
0.1068908892198372
0.18455853998583907
0.23134911301032987
0.22957026483951376
0.2730935674383301
0.31677650788387357
0.379103802089621
0.38649853185827854
0.39285925572072133
0.3751346111326425
0.37918115101820704
0.3761845987290968
0.34726015332756127
0.3041432265490993
0.23816489593443033
0.2050860418448227
0.16534452058454396
0.15862931015057002
0.0
0.0
0.0
0.0
0.0
0.0
0.08193462655848797
0.18172370409537394
0.25846227730650123
0.26088856814809247
0.2973403328193735
0.33761277515790544
0.3623855846496156
0.3458297857383379
0.36414701056298515
0.33825853104462067
0.33142017028881415
0.3211766144918509
0.29721424938574437
0.25797938954913363
0.2082112819828249
0.16774367664663614
0.13089159037565568
0.12429838793936067
0.0
0.0
0.0
0.0
0.0
0.0
0.08672012757438849
0.1603330246233205
0.2118047902503931
0.22424546273425577
0.27651944122358857
0.32051244630278497
0.36670028981558883
0.37357035593307825
0.38875217162408615
0.3603275222049765
0.35896349681414114
0.35993663564313017
0.33245606564446706
0.2905405621378828
0.2591367761994203
0.20737013442851984
0.18125133806146368
0.2096075160321241
0.0
0.0
0.0
0.0
0.0
0.009297978747382678
0.11099822330469887
0.1789095029056781
0.20824772546821949
0.22902297636914232
0.2747142134909471
0.32102925941580324
0.3697286366580653
0.3774208912527785
0.39041988127923155
0.3523482073035211
0.34206803170744643
0.3414862611815481
0.3227195474474593
0.2876888225549296
0.23652828269836002
0.20028214428831204
0.17609098045717309
0.17454973998351725
0.0
0.0
0.0
0.0
0.031884812017447105
0.049643013863073376
0.13338851991080322
0.21361210486146057
0.2795994743963542
0.2790416622149026
0.3229566721543675
0.3692955370686353
0.4152339460294014
0.4121484068363804
0.41456834269822945
0.367110468976637
0.3671042196851766
0.37004227868418577
0.3381752731849043
0.27911575068027156
0.23189887052083985
0.20880511174572317
0.16593426543831954
0.1648694552843855
0.0
0.0
0.0
0.0
0.021087691460550312
0.05900375285575082
0.15084447880981006
0.21966073729438423
0.29685687949187833
0.2943681731164304
0.3325775427830788
0.3713640950967763
0.42028558061203697
0.41945798708405124
0.4162148310358325
0.39033191758080277
0.40012125139109145
0.3953320802722028
0.35918307740899863
0.32102231025080374
0.2786988477139887
0.24434347442007145
0.19801313561356818
0.17603120583490947
0.0
0.0
0.0
0.0
0.04873736850134821
0.04762749314433498
0.13689025708584968
0.22809102539214537
0.30422720193779235
0.2998942239103431
0.34185397910117593
0.3812759140670338
0.4362947019040531
0.44320212685578275
0.44302958766255346
0.41046445353479344
0.4157636719764864
0.41755686527905445
0.3902866525045033
0.34373239165894764
0.2876694214662097
0.2553548911403809
0.20560713230931385
0.21879842719466247
0.0
0.0
0.0
0.0
0.05691048730710087
0.11474976691930643
0.1878244976186044
0.24975858230857936
0.334073569329886
0.33390111362435154
0.36808784581163506
0.4083838900682618
0.4613582145586097
0.4568500308331527
0.4481551520142891
0.4194095096542233
0.4304831898450561
0.4226066116506808
0.39450292356496447
0.3528308919571479
0.31431142757153735
0.28675962882727374
0.2522729700678112
0.2993308893414606
0.0
0.0
0.0
0.0
0.1589435311789502
0.12726678398633914
0.19680439291056012
0.2443171400376253
0.3122053183916178
0.32735168871580644
0.3809377225990183
0.4168182350879567
0.45287790227281194
0.43852388123589253
0.446237086308938
0.40528129452910966
0.4092941933004842
0.4079339056778575
0.3449378948221169
0.31995827015362505
0.3037754704165577
0.266076131489797
0.22981768152771195
0.24407460819876592
0.0
0.0
0.0
0.0
0.11831562918668347
0.07927570011604101
0.16059890879283553
0.2398631990936609
0.2975738008986921
0.29072283560399337
0.3316450665031929
0.3539886686180526
0.4033077675219913
0.4147392483689891
0.37543250387087296
0.3351523245760047
0.3447703075703393
0.3522562092600602
0.3224601487508111
0.28176314468811336
0.262858203062945
0.2278321045754235
0.20513078720560665
0.22112819866629416
0.0
0.0
0.0
0.0
0.10482671130668852
0.10248093296011122
0.16910187219917916
0.2200140710673567
0.3000028646906675
0.32531069524448875
0.3563063740692071
0.385675990819004
0.4273735397081404
0.41777851958752976
0.40705512095456675
0.3774570479701702
0.3764002993923604
0.36379976833294364
0.33257601708958606
0.2919503774196862
0.2227263745844326
0.21896730194910655
0.22655729205777592
0.2744881433086008
0.0
0.0
0.0
0.0
0.1810931216314581
0.12318357664185331
0.16830946730970406
0.2047874519016203
0.2476450881468038
0.2576862058818312
0.27711030088882194
0.30607263941631246
0.34833598410790034
0.3489211323647062
0.3055571891028416
0.2028498855539863
0.1988206202532085
0.2271748129258643
0.22057370372223975
0.2007127856634013
0.16170267023627152
0.12991597425621884
0.08683934076234515
0.07433010603307026
0.0
0.0
0.0
0.0
0.0
0.0
0.0295639527972657
0.1112374406643582
0.16424105067593953
0.16749695429216196
0.2149409817408884
0.2642361857926213
0.2997388958324719
0.28706496727626124
0.3009862119881056
0.28567966391515337
0.2918535217974974
0.2921835003765469
0.2550460770323608
0.21060121209756014
0.17857487700119387
0.15892853105357327
0.1028299662115513
0.05471278300460002
0.0
0.0
0.0
0.0
0.0
0.0
0.031004195720950867
0.12872997207129666
0.20498155541653654
0.21221890252604717
0.2572653223297982
0.30762423921213516
0.35195204113760437
0.3447860013027888
0.34710198012900273
0.32900912542494776
0.3287578402154453
0.3170123981824432
0.2856568633260098
0.2596062796843835
0.2347249016133905
0.17500013027293476
0.12182335115379607
0.10640805627824089
0.0
0.0
0.0
0.0
0.0
0.0
0.051371757595946324
0.16082847256083024
0.2407126576029834
0.2401251609559496
0.2798286260144152
0.32863123387993715
0.37608567284952893
0.3650312235650036
0.3568515924927757
0.33329878185372414
0.34907613389937686
0.3357163625023038
0.3124541979319697
0.26865814797762416
0.21689915677152505
0.18158823349112585
0.15183390613258643
0.13469770752260338
0.0
0.0
0.0
0.0
0.0
0.0
0.05990181668468335
0.16042513929732707
0.2356577543526053
0.24512204775216914
0.2953503652366869
0.3476516544815149
0.39761339337272666
0.39168163358560626
0.39653652113915067
0.37235377791661917
0.3789522148232889
0.36726075448451473
0.3354066410165432
0.2890116596301968
0.2238973535997201
0.17985930834805813
0.15239304355175357
0.12415252433435134
0.0
0.0
0.0
0.0
0.0
0.0
0.06691188112639355
0.1625033482177214
0.2166637956220008
0.23981665782721806
0.3078932321182785
0.33544396387534164
0.38251857045952714
0.39252868669422114
0.38390366642732393
0.36584301678689335
0.3652089067601783
0.3615283764321223
0.3447106385181098
0.28466715577881635
0.25469187077072164
0.21576087293960425
0.18272917723077403
0.20315014536358267
0.0
0.0
0.0
0.0
0.1013781145688849
0.06379557572110671
0.14589002641364884
0.21308980848483733
0.25774427211819767
0.2840267793173932
0.31936733188887156
0.35238940259059864
0.3979607379893624
0.40071633192460376
0.4091048440390493
0.3797102363975038
0.37241139571024934
0.3473521656144885
0.31507347278174963
0.26850926060750857
0.19153359380201196
0.13179241935033462
0.08137857028005162
0.05772958104313065
0.0
0.0
0.0
0.0
0.0
0.0
0.03316478220899822
0.1523332046919149
0.25135060995266467
0.2574600007874883
0.29236239714651685
0.33447830497130215
0.3836544539687356
0.38613828779086434
0.3852387172739717
0.3548195737917248
0.35962679109657747
0.34802264765822866
0.3365939270513714
0.30725086192257106
0.2556683687523993
0.20996457085888676
0.1377172134314794
0.10178843563345631
0.0
0.0
0.0
0.0
0.009835152373350777
0.003345271512327849
0.07423592930899929
0.1656518528397993
0.23869705153626963
0.24916195418785217
0.2815656105191463
0.3203234872139474
0.35821974817970964
0.3396093878971172
0.3282727994472578
0.3115816582880001
0.3131502720707987
0.29690057501450634
0.25982904308704796
0.2172459508317043
0.16983054430342148
0.11835749714577996
0.040356708225724
0.0
0.0
0.0
0.0
0.0
0.0
0.0
0.003058160450921082
0.044550748337896275
0.09709253340929408
0.1355461421048548
0.18874968383769608
0.23115555965068124
0.25738783007252064
0.25427782856617787
0.23231501619971057
0.19689571704189388
0.18890535007801817
0.18378503415299902
0.16866051065980803
0.1363249322632095
0.0838308501864749
0.05704779414352831
0.022957164257678464
0.0
0.0
0.0
0.0
0.0
0.0
0.0
0.0
0.007560623015663482
0.037565766164039775
0.09315017117585499
0.1645411759860104
0.23189245105192152
0.2740092339158094
0.27214744140862346
0.277208458481842
0.2653596216815615
0.2763991725932106
0.25911657553812834
0.23026537559229004
0.20521427683578908
0.1363461792991601
0.1121409673490652
0.06482797067410959
0.0
0.0
0.0
0.0
0.0
0.0
0.0
0.00525431248181716
0.0704243518647339
0.14663946190093707
0.17280124023698354
0.22171070870681983
0.28052095985193626
0.3385827884264119
0.36309593027707426
0.3722870804034464
0.3414301097977401
0.34320982356654145
0.3245232511093007
0.2903740326742342
0.25361030513120797
0.2135953322568992
0.18021035961486848
0.14992422103462394
0.16516943468074616
0.0
0.0
0.0
0.0
0.03903499100512669
0.04659773683174192
0.07562660699714635
0.12991895438416337
0.20775832666595037
0.22050805052865097
0.2599740352846512
0.28700970649601865
0.34828702263503786
0.3507003760874775
0.34871938995506646
0.32346686219064547
0.3188615858881231
0.3023298128124595
0.2827772430836425
0.22818796934271954
0.1713932665889339
0.13297403198566154
0.08724916991723525
0.013892237828687034
0.0
0.0
0.0
0.0
0.0
0.0
0.024985108867896542
0.10796563168732305
0.1697929458915237
0.20822885905231442
0.24617345715928587
0.2824090284707809
0.33037321600877745
0.33337309408540766
0.33481772404095556
0.31464826648837674
0.3106350835573009
0.28433686941411246
0.2592189816263952
0.20500922746957587
0.1408319825524062
0.10758842934467026
0.07222595661469634
0.02256471366019747
0.0
0.0
0.0
0.0
0.0
0.0
0.004197571811239054
0.11174424064029505
0.20046750856671472
0.20852976975973625
0.2567318003718795
0.30510918203662674
0.3544247939547434
0.35735396123979407
0.3634103993315766
0.33286054309758223
0.33506463780557993
0.30523798181024364
0.28080255684912253
0.24364070373655206
0.19400478518095338
0.1550765184570096
0.09533678743705902
0.08104350978691086
0.0
0.0
0.0
0.0
0.0
0.0
0.022128101504642412
0.1329079882892678
0.22831081315996532
0.24185284164608603
0.287496587703323
0.33408090345193087
0.38525758098997365
0.3850520717702231
0.38904674215618973
0.36125939926498196
0.36573589723611416
0.32912771822305514
0.292212324937629
0.2607311942101857
0.21805286520145856
0.17418746683064532
0.13032908509270086
0.10815649765844154
0.0
0.0
0.0
0.0
0.0
0.0
0.042965589436470816
0.15747456944080837
0.25143130304885697
0.27125793903542283
0.32513269550357354
0.3637462216229401
0.40905318661573253
0.40307996990813943
0.4028542181785665
0.3810431744500369
0.38226680470880875
0.3501896445631725
0.30973609786235423
0.2610155797227435
0.21719990616815094
0.17625502376221333
0.12130244821377922
0.08481455782813642
0.0
0.0
0.0
0.0
0.0
0.0
0.08055706497600588
0.17526758806201054
0.2646786903308548
0.2820071916188729
0.32329703950704575
0.36147823392320805
0.4110433486171876
0.4098841103945939
0.4056186937173825
0.36971356813275846
0.37938675330169075
0.3467800347431436
0.3110553092073822
0.2631201361995173
0.21670510461436168
0.14140044769746046
0.09757104640815224
0.12279055663107938
0.0
0.0
0.0
0.0
0.0
0.0
0.02211318480616755
0.143685840231613
0.22467492126410774
0.2214166959918466
0.2592302131134859
0.29227464823855437
0.3239340188163087
0.3040628244920016
0.29460805754515
0.2844122426247855
0.2901843460488978
0.24302462396044924
0.2093174204306506
0.1876025131591234
0.16524437102749848
0.12985803400847193
0.09384838557483664
0.10401544113917376
0.0
0.0
0.0
0.0
0.0
0.0
0.04066014057154078
0.12450883120508997
0.17316631883818087
0.18911382789596673
0.2331846299618189
0.24939669719531238
0.2920704723921253
0.2819186616787691
0.21558935551917824
0.17884381859835882
0.18997673432575857
0.18277065720186292
0.16764668360918755
0.13764324859138255
0.10228738460933366
0.05810899202161323
0.006492655806266758
0.0
0.0
0.0
0.0
0.0
0.0
0.0
0.0008952360545755553
0.07133279919239628
0.12668249126433473
0.16511810795897192
0.19519324106541586
0.22917508880848622
0.27694179493990884
0.2745090814379626
0.2640956174118983
0.251499230596398
0.24356052670133782
0.22277061790993025
0.2106445062588244
0.18368262772972327
0.12911567533942267
0.08473427030757927
0.0632895128460707
0.011053632069265679
0.0
0.0
0.0
0.0
0.0
0.0
0.01587926438939903
0.08720091380523223
0.15269437235340172
0.18286434663894185
0.22745077382945952
0.2663719612170351
0.31247436806263806
0.3127279128360491
0.3216332089124532
0.3157772987480423
0.3228263488157258
0.29055225930545464
0.27037769346475815
0.23912622648458448
0.20535307499329297
0.16496064006412
0.11816855215882356
0.07283471849077672
0.0
0.0
0.0
0.0
0.0
0.0
0.03591917637590572
0.11435195126320975
0.1935142906931026
0.22306898053521756
0.26305105513824956
0.3010964070746887
0.3528635054230059
0.36652686567874565
0.36804034625800386
0.3382537418789274
0.34328727997933894
0.31038493601736133
0.28713914779626026
0.2691221959181934
0.23742255433460557
0.2024864348254345
0.14031609117166616
0.11167881290354478
0.0
0.0
0.0
0.0
0.0
0.0
0.05581931705678902
0.14365867359308734
0.21457495785311484
0.2244361881918042
0.27030703425806274
0.3052219276956828
0.3449074716060908
0.3544225483317389
0.35795920806892617
0.3281945221558124
0.3268840743124479
0.2933425302680652
0.2724081015057048
0.24438690850644815
0.2043091601893325
0.16215450056846734
0.11049217989257476
0.09102287153963703
0.0
0.0
0.0
0.0
0.0
0.0025356111854381042
0.0621565784929618
0.14774330970010943
0.21363324052418337
0.21609113249470208
0.25603828039709847
0.29992120915083526
0.3545435653512451
0.35459402540368895
0.3433093774386395
0.31850589026392306
0.3213601166344912
0.29265984906418907
0.26380932623353215
0.22421598486717914
0.17839651126133954
0.13556607634735063
0.07758971291936712
0.05395626329514837
0.0
0.0
0.0
0.0
0.0
0.0
0.011944334285768063
0.11893757470938991
0.20346867336398478
0.21777206084687156
0.2713011330174668
0.32781940169724494
0.3774847358047816
0.3659054517044778
0.36256284941189265
0.3398257652721937
0.34218518432866635
0.3022680898059121
0.2688079336787931
0.21198280768884442
0.16284326274668434
0.11673394255499737
0.048794698656131806
0.0
0.0
0.0
0.0
0.0
0.0
0.0
0.017061768999381846
0.10445562080623337
0.1919909773594063
0.22654092739082077
0.26282662122694683
0.3103446021010569
0.36748979618997407
0.36568617963448796
0.3670544052356939
0.337531435266507
0.3263458357134694
0.2977121811326403
0.2731277365555953
0.2031618910529638
0.17288589877541294
0.14873447211388927
0.10535301891274294
0.05818897364422663
0.0
0.0
0.0
0.0
0.0
0.0
0.025180812387556303
0.09860604046027407
0.15771666584664096
0.18734049907770656
0.21770112978371642
0.2553745298676151
0.30418337636128084
0.32040920421607233
0.336645949756346
0.3192756106936035
0.3200945516426123
0.2830702213475682
0.2642675892499017
0.2320567549521168
0.19084469996472292
0.17640844791130972
0.15550739950708664
0.16867725150950122
0.0
0.0
0.0
0.0
0.12016876668419829
0.09590064961625114
0.1326061195378862
0.17860995118795175
0.22448069902897
0.22283500363507913
0.2623867079300704
0.29686779054924856
0.3249059087666974
0.3011949544756659
0.2826247010197722
0.2569376343157646
0.2653961785935674
0.2507717816661376
0.24244852317136795
0.2187250923381544
0.17758916929832613
0.14595820770316434
0.0960932117515456
0.061833628679720594
0.0
0.0
0.0
0.0
0.0
0.0
0.012985138413796447
0.06656971304368481
0.11860213050967186
0.15349019357737442
0.2031872542728668
0.24256858664162342
0.2734435752203964
0.27158780394737836
0.2712411254929186
0.2572094734543854
0.2717493866088841
0.2617105030415985
0.25571400792422855
0.20453306251957226
0.14147653554592177
0.09819649467016574
0.06440226898951715
0.025787258009275553
0.0
0.0
0.0
0.0
0.0
0.0
0.010580574762376832
0.09016553841258426
0.15984569056563572
0.17916906183326164
0.2206091947420872
0.2684083678661522
0.3100787254794893
0.3053192132651702
0.3064269432641886
0.2885328810784737
0.2899963614715369
0.26846600949099253
0.26431337587527853
0.2189885439194399
0.15784871415768484
0.12119169167296792
0.08454276410705606
0.061544892311738965
0.0
0.0
0.0
0.0
0.0
0.0
0.00933298309518239
0.08651943319549638
0.16829188088432473
0.18216486215653552
0.22415785764125773
0.2722284071428449
0.3241639096282728
0.3238241159806794
0.32276044853981406
0.3022421414446547
0.3082886742790056
0.2831136201820074
0.24386300552155904
0.20853375683796843
0.1705816223473401
0.128936106053659
0.09632209683182305
0.08611802302448957
0.0
0.0
0.0
0.0
0.0
0.0
0.007835567080939252
0.09754426508849146
0.17699256894211135
0.19545915357506383
0.2511061572350281
0.30458906351919357
0.34525814946357025
0.3384268817937779
0.32899516384783967
0.28042804528599713
0.270395537302868
0.23386135127082336
0.20617321197079574
0.16111677175762829
0.09592654105627359
0.03957223167213385
0.001646967651529327
0.0
0.0
0.0
0.0
0.0
0.0
0.0
0.0
0.0
0.0
0.0
0.008567800462719011
0.0410327783976201
0.05794385665171521
0.06071398692528918
0.06414255998200336
0.07649952957359638
0.05769039259663461
0.051909311521328806
0.028160056676863745
0.0
0.0
0.0
0.0
0.0
0.0
0.0
0.0
0.0
0.0
0.0
0.0
0.0
0.0
0.0
0.0
0.03047748555386963
0.06335521740441921
0.06642776865591514
0.07686133786741646
0.09490516660974566
0.10235539599203812
0.09414931576652727
0.06954713149962091
0.0287796208006675
0.0
0.0
0.0
0.0
0.0
0.0
0.0
0.0
0.0
0.0
0.0
0.0
0.0
0.0029944526712919494
0.06359410833553461
0.1390089624185624
0.20465103547821722
0.21325016933579619
0.22418881949883052
0.2208988791672331
0.21639092372777344
0.18166344815736457
0.1484537519384589
0.11499950196187284
0.08619507940004728
0.025908949038161953
0.0
0.0
0.0
0.0
0.0
0.0
0.0
0.0
0.0
0.030768973220222966
0.09702891705712148
0.12407197974368488
0.1685469224027894
0.21620531132415147
0.24830393333419234
0.23819357253203532
0.22462826658649943
0.1984421371994471
0.18514780434642084
0.14844517049559894
0.11689161656560844
0.08231925423205762
0.014578969094192285
0.0
0.0
0.0
0.0
0.0
0.0
0.0
0.0
0.0
0.0
0.0
0.0
0.0
0.0
0.0
0.0
0.0
0.0
0.0
0.0
0.0
0.0
0.0
0.0
0.0
0.0
0.0
0.0
0.0
0.0
0.0
0.0
0.0
0.0
0.0
0.0
0.0
0.0
0.0
0.0
0.0
0.0
0.0
0.0030645310441196026
0.010148106696191496
0.0
0.0
0.0
0.0
0.0
0.0
0.0
0.0
0.0
0.0
0.0
0.0
0.0
0.0
0.0
0.0
0.0
0.023900355501434694
0.05932869924916893
0.05267427495259663
0.044718311951964344
0.08317913422772126
0.10327780870723688
0.09836695576241952
0.02660755622807887
0.0
0.0
0.0
0.0
0.0
0.0
0.0
0.0
0.0
0.0
0.0
0.0
0.0
0.0
0.0
0.05146852488782854
0.11999622545813278
0.1776446719891872
0.19146463031137553
0.19679892821293948
0.18671599838089367
0.17921129562818575
0.14312222444011521
0.07254883539640113
0.0024236680786326368
0.0
0.0
0.0
0.0
0.0
0.0
0.0
0.0
0.0
0.0
0.0
0.0
0.007735871921971917
0.06153088300272428
0.11695743548070522
0.16820759876937844
0.21853544141038989
0.23161058555800923
0.2377377063246131
0.2243086231368067
0.2166100114494459
0.14678916425665786
0.07238593050638144
0.04650146651323171
0.0
0.0
0.0
0.0
0.0
0.0
0.0
0.0
0.0
0.0
0.0
0.0
0.03715987820340132
0.10004140825680792
0.17089963367115724
0.2219485128093434
0.25534316039323185
0.24540602702375067
0.24503258859320637
0.22882368561884162
0.22719698144547884
0.1901653115212011
0.12164247467974046
0.06431786614282214
0.010868251496473746
0.0
0.0
0.0
0.0
0.0
0.0
0.0
0.0
0.0
0.0
0.0
0.019986721148047663
0.0738131525059889
0.1459559799852968
0.19862654950490752
0.23087155005178897
0.22974096785238457
0.23839158526313955
0.2324811641661856
0.23039378322998857
0.20559946537383297
0.14857423723990973
0.04910575931214313
0.0046991907734612245
0.0
0.0
0.0
0.0
0.0
0.0
0.0
0.0
0.0
0.0
0.0
0.0070110971232518375
0.05335248098406045
0.13183889830881876
0.1928404613628656
0.2356968660076674
0.23060685140587095
0.23077597184114293
0.22262147350854913
0.2187498719410056
0.21279538235762793
0.1416843455586526
0.0646367873587758
0.00702169190756203
0.0
0.0
0.0
0.0
0.0
0.0
0.0
0.0
0.0
0.0
0.0
0.00577341643510675
0.04280511125424657
0.10979606060381622
0.17308443154800046
0.22071227304701577
0.23275454592430347
0.24465552142876132
0.2305918435918922
0.21818988321352412
0.18133503592357594
0.13326489064594857
0.07554744810913402
0.01907599681470541
0.0
0.0
0.0
0.0
0.0
0.0
0.0
0.0
0.0
0.0
0.011223286255667486
0.07029055004189677
0.10116440245806338
0.14778982416630024
0.18647222968131047
0.21778037505990874
0.20987405728186298
0.20250349670870207
0.18669952324128214
0.17005929263651304
0.1473709555215977
0.10159355877233273
0.04291046709925666
0.0
0.0
0.0
0.0
0.0
0.0
0.0
0.0
0.0
0.0
0.0
0.0
0.0
0.030398856630697423
0.11244613114204188
0.1611319290159571
0.1876248826365346
0.18639107097972296
0.19639417579204174
0.1853649940762949
0.1549189000899176
0.13183233951560513
0.08189986113727922
0.059405987536792555
0.059404067613216864
0.011098527021297388
0.0
0.0
0.0
0.0
0.0
0.0
0.0
0.0
0.0
0.0
0.0010670885784977084
0.044362163521253946
0.113682241646272
0.16044416136547657
0.190864888979044
0.19637350437711087
0.20359131644782494
0.19417260005522666
0.17935574975258228
0.13945346337507508
0.09735706355719555
0.05822489259172819
0.0017334046265909309
0.0
0.0
0.0
0.0
0.0
0.0
0.0
0.0
0.0
0.0
0.0
0.0
0.0
0.03884435540118601
0.11193596296043522
0.16249934646708702
0.16518022962371076
0.15888276199906984
0.15131029714773445
0.13799097310064415
0.1167743235475218
0.08521304928671605
0.04932455353851453
0.01985651748719372
0.0007143294486604881
0.0
0.0
0.0
0.0
0.0
0.0
0.0
0.0
0.0
0.0
0.0
0.0
0.0
0.0
0.0
0.0
0.0
0.0
0.0
0.0
0.0
0.0
0.0
0.0
0.0
0.0
0.0
0.0
0.0
0.0
0.0
0.0
0.0
0.0
0.0
0.0
0.0
0.0
0.0
0.0
0.0
0.0
0.000124200718816291
0.0006322685742441379
0.0
0.0
0.0
0.0
0.0
0.0
0.0
0.0
0.0
0.0
0.0
0.0
0.0
0.0
0.0
0.0
0.0
0.0
0.0
0.0
0.0
0.0
0.0
0.0
0.0
0.0
0.0
0.0
0.0
0.0
0.0
0.0
0.0
0.0
0.0
0.0
0.0
0.0
0.0
0.0
0.0
0.0
0.0016286091004410644
0.0
0.0
0.005473432910476691
0.0095058095683937
0.006979469061287743
0.0
0.0
0.0
0.0
0.0
0.0
0.0
0.0
0.0
0.0
0.0
0.0
0.0
0.0
0.0
0.0
0.0
0.001498813012236088
0.02550578585584942
0.049633073882523374
0.05850075882457127
0.06563113854455274
0.05161375948202962
0.04124466753966162
0.002292362059372347
0.0
0.0
0.0
0.0
0.0
0.0
0.0
0.0
0.0
0.0
0.0
0.0
0.0
0.0
0.0
0.0
0.0
0.0174231613014101
0.04160760543013951
0.05260511701511005
0.05738008141442311
0.03883098333816292
0.028395993094178847
0.0
0.0
0.0
0.0
0.0
0.0
0.0
0.0
0.0
0.0
0.0
0.0
0.0
0.0
0.0
0.0
0.006910371013727611
0.06812944479530617
0.1093453929620925
0.1268299918103793
0.13431847378030892
0.13115679412237735
0.11744788023769168
0.10269162628853852
0.025985353541026705
0.0
0.0
0.0
0.0
0.0
0.0
0.0
0.0
0.0
0.0
0.0
0.0
0.0
0.0
0.0
0.04946024341632492
0.12558401330894067
0.16679338615128023
0.178769356059267
0.18751015763867382
0.177547702567979
0.1566879682760085
0.13408456903638652
0.0817585385513855
0.025936976490097283
0.0017836668429657393
0.0
0.0
0.0
0.0
0.0
0.0
0.0
0.0
0.0
0.0
0.0
0.0
0.0
0.0
0.0
0.0
0.0
0.0
0.0
0.0
0.0
0.0
0.0
0.0
0.0
0.0
0.0
0.0
0.0
0.0
0.0
0.0
0.0
0.0
0.0
0.0
0.0
0.0033952111082363257
0.04641834192656296
0.0698535915789082
0.0661988145524283
0.05279789556453437
0.0620861055328663
0.04935447680409851
0.023809940617147776
0.0
0.0
0.0
0.0
0.0
0.0
0.0
0.0
0.0
0.0
0.0
0.0
0.0
0.0
0.0
0.008171059496623912
0.06364187677758854
0.1057306818569229
0.1546233544349
0.14213514264868296
0.11970924245726013
0.10443164038184803
0.0683822953400404
0.03664058085371107
0.0
0.0
0.0
0.0
0.0
0.0
0.0
0.0
0.0
0.0
0.0
0.0
0.0
0.0
0.0
0.0
0.039778405922402775
0.08154758528815548
0.10790042677129794
0.11416409668416408
0.12976901139710248
0.1139139955505366
0.05620863025862507
0.016446267477140206
0.0
0.0
0.0
0.0
0.0
0.0
0.0
0.0
0.0
0.0
0.0
0.0
0.0
0.0
0.0
0.0
0.003023509073973329
0.055523841038129115
0.08861370198622415
0.10148653957266535
0.09685770434515081
0.09733144057117059
0.05973780121721316
0.018678511973185725
0.0
0.0
0.0
0.0
0.0
0.0
0.0
0.0
0.0
0.0
0.0
0.0
0.0
0.0
0.0
0.0
0.0
0.0
0.0
0.0
0.0
0.0
0.0
0.0
0.0
0.0
0.0
0.0
0.0
0.0
0.0
0.0
0.0
0.0
0.0
0.0
0.0
0.0
0.0
0.0
0.0
0.0
0.0
0.0
0.0
0.0
0.0
0.0
0.0
0.0
0.0
0.0
0.0
0.0
0.0
0.0
0.0
0.0
0.0
0.0
0.0
0.0
0.0
0.0
0.0
0.0
0.0
0.0
0.0
0.0
0.0
0.0
0.0
0.0
0.0
0.0
0.0
0.0
0.0
0.0
0.0
0.0
0.0
0.0
0.0
0.0
0.0
0.0
0.0
0.0
0.0
0.0
0.0
0.0
0.0
0.0
0.0
0.0
0.0
0.0
0.0
0.0
0.0
0.0
0.0
0.0
0.0
0.0
0.0
0.0
0.0
0.0
0.0
0.0
0.002723129703235366
0.0
0.0
0.0
0.0
0.0
0.0
0.0
0.0
0.0
0.0
0.0
0.0
0.0
0.0
0.0
0.0
0.0
0.0
0.0
0.0
0.0
0.0
0.0
0.0
0.003502873992637081
0.0024537467473879936
0.0
0.0
0.0
0.0
0.0
0.0
0.0
0.0
0.0
0.0
0.0
0.0
0.0
0.0
0.0
0.0
0.0
0.0
0.0
0.0
0.017169731988052703
0.06675048876935397
0.09852136453365719
0.0932447694660456
0.060974608506878435
0.013917768810838832
0.0
0.0
0.0
0.0
0.0
0.0
0.0
0.0
0.0
0.0
0.0
0.0
0.0
0.0
0.0
0.0
0.0
0.0
0.0
0.0419170887115801
0.07176799321872025
0.055749535647301576
0.006805440537035624
0.0
0.0
0.0
0.0
0.0
0.0
0.0
0.0
0.0
0.0
0.0
0.0
0.0
0.0
0.0
0.0
0.0
0.0
0.0
0.0
0.049066643042405586
0.08332318633775959
0.08841607732507731
0.05715766242432376
0.00871612755019139
0.0
0.0
0.0
0.0
0.0
0.0
0.0
0.0
0.0
0.0
0.0
0.0
0.0
0.0
0.0
0.0
0.0
0.0
0.007285404287448898
0.06205429718231808
0.06377824388830318
0.03294009278387828
0.0015790934984985959
0.0
0.0
0.0
0.0
0.0
0.0
0.0
0.0
0.0
0.0
0.0
0.0
0.0
0.0
0.0
0.0
0.0
0.0
0.0
0.0030854465861483013
0.05279862821831749
0.05411925975380072
0.025782432094223075
0.0
0.0
0.0
0.0
0.0
0.0
0.0
0.0
0.0
0.0
0.0
0.0
0.0
0.0
0.0
0.0
0.0
0.0
0.0
0.0
0.0
0.011033602363175927
0.0
0.0
0.0
0.0
0.0
0.0
0.0
0.0
0.0
0.0
0.0
0.0
0.0
0.0
0.0
0.0
0.0
0.0
0.0
0.0
0.0
0.0
0.0
0.0
0.0
0.0
0.0
0.0
0.0
0.0
0.0
0.0
0.0
0.0
0.0
0.0
0.0
0.0
0.0
0.0
0.0
0.0
0.0
0.0
0.0
0.0
0.0
0.0
0.0
0.0
0.0
0.0
0.0
0.0
0.0
0.0
0.0
0.0
0.0
0.0
0.0
0.0
0.0
0.0
0.0
0.0
0.0
0.0
0.0
0.0
0.0
0.03223121909735047
0.0593618609001985
0.029880602402662285
0.0
0.0
0.0
0.0
0.0
0.0
0.0
0.0
0.0
0.0
0.0
0.0
0.0
0.0
0.0
0.0
0.0
0.0
0.0
0.0
0.0
0.0
0.0
0.0
0.0
0.0
0.0
0.0
0.0
0.0
0.0
0.0
0.0
0.0
0.0
0.0
0.0
0.0
0.0
0.0
0.0
0.0
0.0
0.0
0.0
0.0
0.0
0.0
0.0
0.0
0.0
0.0
0.0
0.0
0.0
0.0
0.0
0.0
0.0
0.0
0.0
0.0
0.0
0.0
0.0
0.0
0.0
0.0
0.0
0.0
0.0
0.0
0.0
0.0
0.0
0.0
0.0
0.0
0.0
0.0
0.0
0.0
0.0
0.0
0.0
0.0
0.0
0.0
0.0
0.0
0.0
0.0
0.0
0.0
0.0
0.0
0.0
0.0
0.0
0.0
0.0
0.0
0.0
0.0
0.0
0.0
0.0
0.0
0.0
0.0
0.0
0.0
0.0
0.0
0.0
0.0
0.0
0.0
0.0
0.0
0.0
0.0
0.0
0.0
0.0
0.0
0.0
0.0
0.0
0.0
0.0
0.0
0.0
0.0
0.0
0.0
0.0
0.0
0.0
0.0
0.0
0.0
0.0
0.0
0.0
0.0
0.0
0.0
0.0
0.0
0.0
0.0
0.0
0.0
0.0
0.0
0.0
0.0
0.0
0.0
0.0
0.0
0.0
0.0
0.0
0.0
0.0
0.0
0.0
0.0
0.0
0.0
0.0
0.0
0.0
0.0
0.0
0.0
0.0
0.0
0.0
0.0
0.0
0.0
0.0
0.0
0.0
0.0
0.0
0.0
0.0
0.0
0.0
0.0
0.0
0.0
0.0
0.0
0.0
0.0
0.0
0.0
0.0
0.0
0.0
0.0
0.0
0.0
0.0
0.0
0.0
0.0
0.0
0.011095808469373003
0.0
0.0
0.0
0.0
0.0
0.0
0.0
0.0
0.0
0.0
0.0
0.0
0.0
0.0
0.0
0.0
0.0
0.0
0.0
0.0
0.0
0.0
0.0
0.0
0.0
0.0
0.0
0.0
0.0
0.0
0.0
0.0
0.0
0.0
0.0
0.0
0.0
0.0
0.0
0.0
0.0
0.0
0.0
0.0
0.0
0.0
0.0
0.0
0.0
0.0
0.0
0.0
0.0
0.0
0.0
0.0
0.0
0.0
0.0
0.0
0.0
0.0
0.0
0.0
0.0
0.0
0.0
0.0
0.0
0.0
0.0
0.0
0.0
0.0
0.0
0.0
0.0
0.0
0.0
0.0
0.0
0.0
0.0
0.0
0.0
0.0
0.0
0.0
0.0
0.0
0.0
0.0
0.0
0.0
0.0
0.0
0.0
0.0
0.0
0.0
0.0
0.0
0.0
0.0
0.0
0.0
0.0
0.0
0.0
0.0
0.0
0.0
0.0
0.0
0.0
0.0
0.0
0.0
0.0
0.0
0.0
0.0
0.0
0.0
0.0
0.0
0.0
0.0
0.0
0.0
0.0
0.0
0.0
0.0
0.0
0.0
0.0
0.0
0.0
0.0
0.0
0.0
0.03571140276365593
0.09842576700157102
0.11550167414257109
0.09503806986707586
0.04347255699232114
0.0038046112650487107
0.0
0.0
0.0
0.0
0.0
0.0
0.0
0.0
0.0
0.0
0.0
0.0
0.0
0.0
0.0
0.0
0.0
0.0
0.0
0.0019172880562683585
0.014500295663357926
0.009742429600653284
0.0
0.0
0.0
0.0
0.0
0.0
0.0
0.0
0.0
0.0
0.0
0.0
0.0
0.0
0.0
0.0
0.0
0.0
0.0
0.0
0.0
0.002842541907269007
0.004196702145286374
0.0
0.0
0.0
0.0
0.0
0.0
0.0
0.0
0.0
0.0
0.0
0.0
0.0
0.0
0.0
0.0
0.0
0.0
0.0
0.0
0.0
0.0
0.0
0.0
0.0
0.0
0.0
0.0
0.0
0.0
0.0
0.0
0.0
0.0
0.0
0.0
0.0
0.0
0.0
0.0
0.0
0.0
0.0
0.0
0.0
0.0
0.0
0.0
0.0
0.0
0.0
0.0
0.0
0.0
0.0
0.0
0.0
0.0
0.0
0.0
0.0
0.0
0.0
0.0
0.0
0.0
0.0
0.0
0.0
0.0
0.0
0.0
0.0
0.0
0.0
0.0
0.0
0.0
0.0
0.0
0.0
0.0
0.0
0.0
0.0
0.0
0.0
0.0
0.0
0.0
0.0
0.0
0.0
0.0
0.0
0.0
0.0
0.0
0.0
0.0
0.0
0.0
0.0
0.0
0.0
0.0
0.0
0.0
0.0
0.0
0.0
0.0
0.0
0.0
0.0
0.0
0.0
0.0
0.0
0.0
0.0
0.0
0.0
0.0
0.0
0.0
0.0
0.0
0.0
0.0
0.0
0.0
0.0
0.0
0.0
0.0
0.0
0.0
0.0
0.0
0.0
0.0
0.0
0.0
0.0
0.0
0.0
0.0
0.0
0.0
0.0
0.0
0.0
0.0
0.0
0.0
0.0
0.0
0.0
0.0
0.0
0.0
0.0
0.0
0.0
0.0
0.0
0.0
0.0
0.0
0.0
0.0
0.0
0.0
0.0
0.0
0.0
0.0
0.0
0.0
0.0
0.0
0.0
0.0
0.0
0.0
0.0
0.0
0.0
0.0
0.0
0.0
0.0
0.0
0.0
0.0
0.0
0.0
0.0
0.0
0.0
0.0
0.0
0.0
0.0
0.0
0.0
0.0
0.0
0.0
0.0
0.0
0.0
0.0
0.0
0.0
0.0
0.0
0.0
0.0
0.0
0.0
0.0
0.0
0.0
0.0
0.0
0.0
0.0
0.0
0.0
0.0
0.0
0.0
0.0
0.0
0.0
0.0
0.0
0.0
0.0
0.0
0.0
0.0
0.0
0.0
0.0
0.0
0.0
0.0
0.0
0.0
0.0
0.0
0.0
0.0
0.0
0.0
0.0
0.0
0.0
0.0
0.0
0.0
0.0
0.0
0.0
0.0
0.0
0.0
0.0
0.0
0.0
0.0
0.0
0.0
0.0
0.0
0.0
0.0
0.0
0.0
0.0
0.0
0.0
0.0
0.0
0.0
0.0
0.0
0.0
0.0
0.0
0.0
0.0
0.0
0.0
0.0
0.0
0.0
0.0
0.0
0.0
0.0
0.0
0.0
0.0
0.0
0.0
0.0
0.0
0.0
0.0
0.0
0.0
0.0
0.0
0.0
0.0
0.0
0.0
0.0
0.0
0.0
0.0
0.0
0.0
0.0
0.0
0.0
0.0
0.0
0.0
0.0
0.0
0.0
0.0
0.0
0.0
0.0
0.0
0.0
0.0
0.0
0.0
0.0
0.0
0.0
0.0
0.0
0.0
0.0
0.0
0.0
0.0
0.0
0.0
0.0
0.0
0.0
0.0
0.0
0.0
0.0
0.0
0.0
0.0
0.0
0.0
0.0
0.0
0.0
0.0
0.0
0.0
0.0
0.0
0.0
0.0
0.0
0.0
0.0
0.0
0.0
0.0
0.0
0.0
0.0
0.0
0.0
0.0
0.0
0.0
0.0
0.0
0.0
0.0
0.0
0.0
0.0
0.0
0.0
0.0
0.0
0.0
0.0
0.0
0.0
0.0
0.0
0.0
0.0
0.0
0.0
0.0
0.0
0.0
0.0
0.0
0.0
0.0
0.0
0.0
0.0
0.0
0.0
0.0
0.0
0.0
0.0
0.0
0.0
0.0
0.0
0.0
0.0
0.0
0.0
0.0
0.0
0.0
0.0
0.0
0.0
0.0
0.0
0.0
0.0
0.0
0.0
0.0
0.0
0.0
0.0
0.0
0.0
0.0
0.0
0.0
0.0
0.0
0.0
0.0
0.0
0.0
0.0
0.0
0.0
0.0
0.0
0.0
0.0
0.0
0.0
0.0
0.0
0.0
0.0
0.0
0.0
0.0
0.0
0.0
0.0
0.0
0.0
0.0
0.0
0.0
0.0
0.0
0.0
0.0
0.0
0.0
0.0
0.0
0.0
0.0
0.0
0.0
0.0
0.0
0.0
0.0
0.0
0.0
0.0
0.0
0.0
0.0
0.0
0.0
0.0
0.0
0.0
0.0
0.0
0.0
0.0
0.0
0.0
0.0
0.0
0.0
0.0
0.0
0.0
0.0
0.0
0.0
0.0
0.0
0.0
0.0
0.0
0.0
0.0
0.0
0.0
0.0
0.0
0.0
0.0
0.0
0.0
0.0
0.0
0.0
0.0
0.0
0.0
0.0
0.0
0.0
0.0
0.0
0.0
0.0
0.0
0.0
0.0
0.0
0.0
0.0
0.0
0.0
0.0
0.0
0.0
0.0
0.0
0.0
0.0
0.0
0.0
0.0
0.0
0.0
0.0
0.0
0.0
0.0
0.0
0.0
0.0
