0.0
0.0
0.0
0.0
0.0
0.0
0.0
0.0
0.0
0.0
0.0
0.0
0.0
0.0
0.0
0.00014986003772495012
0.0
0.0
0.0
0.0
0.0
0.0
0.0
0.0
0.0
0.0
0.0
0.0
0.0
0.0
0.0
0.0
0.0
0.0
0.0
0.0
0.0
0.0
0.0
0.0
0.0
0.0
0.0
0.0
0.0
0.0
0.0
0.0
0.0
0.0
0.0
0.0
0.0
0.0
0.0
0.0
0.0
0.0
0.0
0.0
0.0
0.0
0.0
0.0
0.0
0.0
0.0
0.0
0.0
0.0
0.0
0.0
0.0
0.0
0.0
0.0
0.0
0.0
0.0
0.0
0.0
0.0
0.0
0.0
0.0
0.0
0.0
0.0
0.0
0.0
0.0
0.0
0.0
0.0
0.0
0.0
0.0
0.0
0.0
0.0
0.0
0.0
0.0
0.0
0.0
0.0
0.0
0.0
0.0
0.0
0.0
0.0
0.0
0.0
0.0
0.0
0.0
0.0
0.0
0.0
0.0
0.0
0.0
0.0
0.0
0.0
0.0
0.0
0.0
0.0
0.0
0.0
0.0
0.0
0.0
0.0
0.0
0.0
0.0
0.0
0.0
0.0
0.0
0.0
0.0
0.0
0.0
0.0
0.0
0.0
0.0
0.0
0.0
0.0
0.0
0.0
0.0
0.0
0.0
0.0
0.0
0.0
0.0
0.0
0.0
0.0
0.0
0.0
0.0
0.0
0.0
0.0
0.0
0.0
0.0
0.0
0.0
0.0
0.0
0.0
0.0
0.0
0.0
0.0
0.0
0.0
0.0
0.0
0.0
0.0
0.0
0.0
0.0
0.0
0.0
0.0
0.0
0.0
0.0
0.0
0.0
0.0
0.0
0.0
0.0
0.0
0.0
0.0
0.0
0.0
0.0
0.0
0.0
0.0
0.0
0.0
0.0
0.0
0.0
0.0
0.0
0.0006399298031870778
0.0
0.0
0.0
0.0
0.0004875778946705251
0.0006198959909225096
0.0003441686810662134
0.0037652774674662584
0.003197347998897424
0.00043503553717334596
0.0
0.00022865795968882505
0.0
0.0
0.0
0.0
0.0
0.0
0.0
0.0
0.0
0.0
0.0
0.0
0.0
0.0
0.0
0.0
0.0
0.0
0.0001730340180943555
0.0004167476073580489
0.0
0.0
0.0
0.0
0.0
0.0
0.0
0.0
0.0
0.0
0.0
0.0
0.0
0.0
0.0
0.0
0.0
0.0
0.0
0.0
0.0
0.0
0.0
0.0
0.0
0.0
0.0
0.0
0.0
0.0
0.0
0.0
0.0
0.0
0.0
0.0
0.0
0.0
0.0
0.0
0.0
0.0
0.0
0.0
0.0
0.0
0.0
0.0
0.0
0.0
0.0
0.0
0.0
0.0
0.0
0.0
0.0
0.0
0.0
0.0
0.0
0.0
0.0
0.000365839112447258
0.0
0.0
0.0
0.0
0.0
0.0
0.0
0.0
0.0
0.0
0.0
0.0
0.0
0.0
0.0
0.0
0.0
0.0
0.0009376791355651776
0.00040892299883610485
0.0
0.0
0.0
0.0
0.0
0.0
0.0
0.0
0.0
0.0
0.0
0.0
0.0
0.0
0.0
0.0
0.0
0.0
0.0
0.0
0.0
0.0
0.0
0.0
0.0
0.0
0.0
0.0
0.0
0.0
0.0
0.0
0.0
0.0
0.0
0.0
0.0
0.0
0.0
0.0
0.0
0.0
0.0
0.0
0.0
0.0
0.0
0.0
0.0
0.0
0.0
0.0
0.0
0.0
0.0
0.0
0.0
0.0
0.0
0.0
0.0
0.0
0.0
0.0
0.0
0.0
0.0
0.0
0.0
0.0
0.0
0.0
0.0
0.0
0.0
0.0
0.0
0.0
0.0
0.0
0.0
0.0
0.0
0.0
0.0
0.0
0.0
0.0
0.0
0.0
0.0
0.0
0.0
0.0
0.0
0.0
0.0
0.0
0.0
0.0
0.0
0.0
0.0
0.0
0.0
0.0
0.0
0.0
0.0
0.0
0.0
0.0
0.0
0.0
0.0
0.0
0.0
0.0
0.0
0.0
0.0
0.0
0.0
0.0
0.0
0.0
0.0
0.0
0.0
0.0
0.0
0.0005028184397109035
0.0
0.0
0.0
0.00014177938433662248
0.0
0.0
0.0
0.0
0.0
0.0
0.0
0.0
0.0
0.0
0.0
0.0
0.0
0.0
0.0
0.0
0.0
0.0
0.0
0.0
0.0
0.0
0.0
0.0
0.0
0.0
0.0
0.0007012838219023781
0.001051690589045518
0.001879278993575953
0.0005210959810730074
0.0004727725193040146
0.0
0.0
0.0
0.0
0.0
0.0
0.0
0.0
0.0
0.0
0.0
0.0
0.0
0.0
0.0
0.0
0.0
0.0
0.0
0.0
0.0
0.0
0.0
0.0
0.0
0.0
0.0
0.0
0.0
0.0
0.0
0.0
0.0
0.0
0.0
0.0
0.0
0.0
0.0
0.0
0.0
0.0
0.0
0.0
0.0
0.0
0.0
0.0
0.0
0.0
0.0
0.0
0.0
0.0
0.0
0.0
0.0
0.0
0.0
0.0003307405831630459
0.00015743359385870267
0.0
0.0
0.00013571329107332875
0.0
0.0
0.0
0.0
0.0
0.0
0.0
0.0
0.0
0.0
0.0
0.0002678685506227925
0.0
0.0
0.0
7.16611605116836e-05
0.0003145957584041979
8.81401186891961e-05
0.0
0.00043305941216600506
0.0
0.0
0.0
0.000131409476635087
0.0
0.0
0.0
0.0
0.0
0.0
0.0
0.0
0.0
0.0
0.0
0.0
0.0
0.0
0.0
0.0
0.0
0.0
0.0
0.0
0.0
0.0
0.0
0.0
0.0
0.0
0.0
0.0
0.0
0.0
0.0
0.0
0.00010320542774046769
0.0
0.0
0.0
0.0
0.0
0.0
0.0
0.0
0.000382860956669831
0.00037743446944368136
0.0020586620838720015
0.001369564065626114
0.0
0.0
0.00020854076862739394
0.0
0.0
0.0
0.0
0.0
0.0
0.0
0.0
0.0
0.0
0.0
0.0
0.0
0.0
0.0
0.0
0.0
0.0
0.0
0.0
0.0
0.0
0.0
0.0
0.0
0.0
0.0
0.0
0.0
0.0
0.0
0.0
0.0
0.0
0.0
0.0
0.0
0.0
0.0
0.0
0.0
0.0
0.0
0.0
0.0
0.0
0.0
0.0
0.0
0.0
0.0
0.0
3.711371812427035e-05
4.453161077197386e-05
0.0
0.0
0.0
0.0
0.0
0.0
0.0
0.0
0.0
0.0
0.0
0.00014286637712073737
0.00024962579620709777
0.0006341108726873397
0.0001815290033283804
0.00022855827104427125
3.595462390840392e-05
9.797555743033045e-05
0.0
0.0
0.0
0.0
0.0
0.0
0.0
0.0
0.0
0.0
0.0
0.0
0.0
0.0
0.0
0.0
0.0
0.0
0.0
0.0
0.0
0.0
0.0
0.0
0.0
0.0
0.0
0.0
0.0
0.0
0.0
0.0
0.0
0.00013901627838176705
0.0
0.0
0.0
0.0
0.0
0.0
0.0
0.0
0.0
0.0005644409890486137
0.0011192232293022024
0.0007532951183610737
0.00014303320978724192
0.0
0.0
0.0
0.0
0.0
0.0
0.0
0.0
0.0
0.0
0.0
0.0
0.0
0.0
0.0
0.00047969800877055647
0.0005844364705943678
0.0009461507114498487
0.00022313160836672346
0.00011921022695853224
0.014140703637674607
0.030919720388621345
0.041070572283768966
0.037946106426719854
0.0007550496353458341
0.0
0.0
0.0
0.0
0.0
0.0
0.0
0.0
0.0
0.0
0.0
0.0
0.0
0.0
0.0
0.0003683748714714903
0.00021719592996308955
0.006661560868089044
0.016407903092615077
0.02916231073443351
0.03381638981495872
0.034690750209751715
0.02783058122053768
0.0008818069015607604
0.0
0.0
0.0
0.0
0.0
0.0
0.0
0.0
0.0
0.0
0.0
0.0
0.0
0.0
0.0
0.0
0.0
0.0
0.0
0.0
0.0
0.0
0.0
0.0
0.0
0.0
0.0
0.0
0.0
0.0
0.0
0.0
0.0
0.0
0.0
0.0
0.0
0.0
0.0
0.0
0.0
0.0
0.0002768807067696251
0.0
0.0
0.0
0.0
0.0
0.0
0.0
0.0
0.0
0.0
0.0
0.0
0.0
0.0
0.0
0.0
0.0
0.0
0.0
0.0
0.0
0.0
0.0
0.0
0.0
0.0
0.0
0.0
0.0
0.0
0.0
0.0
0.0
0.0
0.0
0.0
0.0
0.0
0.0
0.0
0.0
0.0
0.0
0.0
0.0
0.0
0.0
5.1269052234262075e-05
0.00032786368875596585
0.0
0.0
0.0
0.0
0.0
0.0
0.0
0.0
0.0
0.0
0.0
0.0
0.0
0.0
0.0
0.0
0.0
0.0
0.0
0.0
3.816381772477958e-05
0.0002046949572922201
0.00014133964606861428
0.000365495796348366
0.0
0.0
0.0
0.00031391976164607907
0.0
0.0
0.0
0.0
0.0
0.0
0.0
0.0
0.0
0.0
0.0
0.0
0.0
0.0
0.0
8.498203264955787e-05
0.00019330852190385675
0.00022554163075914094
0.0
0.001402693754546447
0.00016323496385403982
0.0
0.0
0.0005309706854273611
0.0
0.0
0.0
0.0
0.0
0.0
0.0
0.0
0.0
0.0
0.0
0.0
0.0
0.0
0.0
0.0
0.0
0.0
0.0
0.0006521680598640354
0.0004398588047280838
0.0005268079574745984
0.0
0.0005240235564671007
0.0
0.0
0.0
0.0
0.0
0.0
0.0
0.0
0.0
0.0
0.0007150982578772771
0.0
0.0
0.0
0.0
0.0
0.0
0.0
0.0
0.0
0.0
0.0
0.0
0.0
0.0
0.0
0.0
0.0
0.0
0.00029677953103911844
0.0
0.0
0.0
0.0
0.0
0.0
0.0
0.0
0.0
0.0
0.0
0.0
0.0
0.0
0.0
0.0
0.002063825720599795
0.0007098975279018429
0.0
0.0
0.0
0.0
0.0
0.0
0.0
0.0
0.0
0.0
0.0
0.0
0.0
0.0
0.0
0.0
9.268860009471691e-05
0.0001971657320358049
0.0
0.0009436787361201395
8.024790362358845e-05
0.0
0.0
6.815888497137348e-05
0.0
0.0
0.0
0.0
0.0
0.0
0.0
0.0
0.0
0.0
0.0
0.000391113851511113
0.0
0.0
0.0
0.00012949367749275382
0.0003432820308634871
0.0004934862833767653
0.0009538206145976873
0.005417672833908103
0.004920616980214075
0.0008463636748699269
0.0
0.0003502158779385848
8.398706726774193e-05
0.0
0.0
0.0
0.0
0.0
0.0
0.0
0.0
0.0
0.0
0.0
0.0
0.0
0.0
0.0
0.0
0.0
0.0
0.00017312282185802635
0.0
0.0
0.0
0.0
0.0
0.0
0.0
0.0
0.0
0.0
0.0
0.0
0.0
0.0
0.0
0.0
0.0
0.0
0.0
0.0
0.0
0.0
0.0
0.00010519031407811843
0.0
0.0
0.0
0.0
0.0
0.0
0.0
0.0
0.0
0.0
0.0
0.0
0.0
0.0
0.0
0.0
0.0
0.0
0.0
0.0
0.0
0.000163304653218134
0.00012289023682854761
0.0008009095650182496
0.0
0.0
0.0
0.00023619376934147838
0.0
0.0
0.0
0.0
0.0
0.0
0.0
0.0
0.0
0.0
0.0
0.0
0.0
0.0
0.0
0.0
0.0
0.0
0.0
0.0
0.0
0.0
0.0
0.0
0.0
0.0
0.0
0.0
0.0
0.0
0.0
0.0
0.0
0.0
0.0
0.0
0.0
0.0
0.0
0.0
0.0
0.0
0.0
0.0007396056455101279
0.00043665938545289475
0.0
0.0
0.0
0.0
0.0
0.0
0.0
0.0
0.0
0.0
4.64602421615208e-05
0.0
0.0
0.0
0.0
0.0
0.0
0.0
0.0
0.0
0.0
0.0
0.0
0.0
0.0
0.0
0.0
0.0
0.0
0.0
0.0
0.0
0.0
0.0
0.0
0.0
0.0
0.0
0.0
0.0
0.0
0.0
0.0
0.0
0.0
0.0
0.00011132566130759353
0.0
0.0
0.0
0.0
0.0
0.0
0.0
0.0
0.0
0.0
0.0
0.0
0.00030135771069732183
0.0
0.00030191982135757234
0.0
0.0
0.0
0.0
0.0
0.0
0.0
0.0
0.0
0.0
0.0
0.0
0.0
0.0
0.0
0.0
0.0
0.0
0.0
0.0
0.0
0.0
0.0
0.0
0.0
0.0
0.0
0.0
0.0
0.0
0.0
0.0
0.0
0.0
0.0
0.0
0.0
0.0
0.0
0.0
0.0
0.0
0.0
0.0
0.0
0.0
0.0
0.0
0.0
0.0
0.0
0.0
0.0
0.0
0.0
0.0
0.0
0.0
0.0
0.0
0.0
0.0
0.0
0.0
0.0
0.0
0.0
0.0
0.0
0.0
0.0
0.0
0.0
0.0
0.0
0.0
0.0
0.0
0.0
0.0
0.0
0.0
0.0
0.0
0.0
0.0
0.0
0.0
0.0
0.0
0.0
0.0
0.0
0.0
0.0
0.0
0.0
0.0
0.0
0.0
0.0
0.0
0.0
0.0
0.0
0.0
0.0
0.0
0.0
0.0
0.0
0.0
0.0
0.0
0.0
0.0
0.0
0.0
0.0
0.0
0.0
0.0
0.0
0.0
0.0
0.0
0.0
0.0
0.0
0.0
0.0
0.0
0.0
0.0
0.0
0.0
0.0
0.0
0.0
0.0
0.0
0.0
0.0
0.0
0.0
0.0
0.0
0.0
0.0
0.0
0.0
0.0
0.0
0.0
0.0
0.0
0.0
0.0
0.0
0.0
0.0
0.0
0.0
0.0
0.0
0.0
0.0
0.0
0.0
0.0
0.0
0.0
0.0
2.5319516215656995e-05
0.00013921477888328935
0.0
0.00054561431597363
0.0
0.0
0.0
0.0
0.0
0.0
0.0
0.0
0.0
0.0
0.0
0.0
0.0
0.0
0.0
0.0
0.0
0.0
0.0
0.0
0.0
0.0
0.0
0.0
0.0
0.0
0.0
0.0
0.0
0.0
0.0
0.0
0.0
0.0
0.0
0.0
0.0
0.0
0.0
0.0
0.0
0.0
0.0
0.0
0.0
0.0
0.0
0.0
0.0
0.0
0.0
0.0
0.0
0.0
0.0
0.0
0.0
0.0
0.0
0.0
0.0
0.0
0.0
0.0
0.0
0.0
0.0
0.0
0.0
0.0
0.0
0.0
0.0
0.0
0.0
0.0
0.0
0.0
0.0
0.0
0.0
0.0
0.0
0.0
0.0
0.0
0.0
0.0
0.0
0.0
0.0
0.0
0.0
0.0
0.0
0.0
0.0
0.0
0.0
0.0
0.0
0.0
6.532844501605353e-05
5.8795676131394215e-05
0.0
0.0
0.0
0.0
0.0
0.0
0.0
0.0
0.0
0.0
0.0
0.0
0.0
0.0
0.0
0.0002519687360287576
0.00015397666435516724
0.0003679059298124468
8.2283961732734e-05
0.0001430517577627321
0.0
0.0
0.0
0.0
0.0
0.0
0.0
0.0
0.0
0.0
0.0
0.0005470333095760002
0.0
0.0
0.0
0.0
0.0
0.0
8.695516914999495e-05
0.00047523141640886535
0.00026322836831445983
0.0007740788830628405
0.00014729615889583962
0.00037674581730039343
5.790209259185321e-05
0.0
0.0
0.0
0.0
0.0
0.0
0.0
0.0
0.0
0.0
0.0
0.0
0.0
0.0
0.0
0.00015089350332201496
0.00021798598815688295
0.0
0.0025159397473320153
0.007955479277813647
0.006787674685178615
0.006376100741140861
0.000413800714169967
0.00018145372811607312
0.0
0.0
0.0
0.0
0.0
0.0
0.0
0.0
0.0
0.0
0.0
8.26492995240256e-05
0.0
0.0009817244958904205
0.0005144308892979665
0.0025752047064207272
0.010097399650645442
0.011368163992910697
0.018075074117773014
0.026116897053718474
0.03504652815037663
0.04274075221853097
0.005354437210010087
0.0003560863281383319
0.0
0.0
0.0
0.0
0.0
0.0
0.0
0.0
0.0
0.0
0.0
0.000436619021963389
0.0
0.0008236967639019046
0.0004044711164349979
0.0003989488661996033
0.0012067461324404745
0.007341701065088962
0.01646278207868631
0.019317203018643696
0.021899763970812305
0.020585761214873908
0.0046927826418479415
0.00033368925479645826
0.0
0.0
0.0
0.0
0.0
0.0
0.0
0.0
0.0
0.0
0.0
0.0
0.0
0.0
0.0
0.0
0.0001939313186755353
0.0
0.0
0.0
0.0
0.0
0.0
0.0
0.0
0.0
0.0
0.0
0.0
0.0
0.0
0.0
0.0
0.0
0.0
0.0
0.0
0.0
0.000574699124439985
0.00031441712997949
0.000778228777038277
0.0
0.0
0.0
0.0
0.0
0.0
0.0
0.0
0.0002019103770626427
0.0
0.0
0.0
0.0
0.0
0.0
0.0
0.0
0.0
0.0
0.0
0.0
0.0
0.0
0.0
0.0002250451998750159
0.0
0.0003815297547823533
0.0006606045034828254
0.0
0.0
0.0
0.0
0.0
0.0
0.0
0.0
0.0
0.0
0.0
0.0
0.0
0.0
0.0
0.0
0.0
0.0
0.00010220205478916337
0.0001603990150624287
0.0016460702611573715
0.005926517042343648
0.008193842634867976
0.010481609503824775
0.0002843361178695326
0.0
5.347804633016283e-05
0.0
0.0
0.0
0.0
0.0
0.0
0.0
0.0
0.0
0.0
0.0
0.0
4.765102644007414e-05
0.00011394486887018449
0.00019491349451044416
0.00025253641861726925
0.0007788500703221363
0.006403689535094384
0.004264250722159511
0.005743374953088359
0.009300989985943529
0.0
0.0
0.0
0.0
0.0
0.0
0.0
0.0
0.0
0.0
0.0
0.0
0.0
0.0
0.0
0.0001256631445059427
0.0
0.0001583978434674076
0.00022489161220870456
0.000665529410374283
0.006000843205317771
0.004997105106633357
0.0024643047889634936
0.0
0.00048294339291991714
0.0
0.0
0.0
0.0
0.0
0.0
0.0
0.0
0.0
0.0
0.0
0.0
0.0
0.0
0.0
0.0
0.0
0.00021060599748088375
0.00019432688150388156
0.0005019302537616041
0.0
0.0
0.0
0.0004602541034552798
0.0
0.0
0.0
0.0
0.0
0.0
0.0
0.0
0.0
0.0
0.0
0.0
0.0
0.0
0.0
0.0
0.0
0.0
0.0
0.0
0.0
0.0
0.0
0.0
0.0
0.0
0.0
0.0
0.0
0.0
0.0
0.0
0.0
0.0
0.0
0.0
0.0
0.000355385594047712
0.0016621377542679356
0.0005081188078585019
0.0
0.0
0.0
0.0
0.0
0.0
0.0
0.0
0.0
0.0
0.0
0.0
0.0
0.0
0.0
0.0
0.0
0.0
0.0
0.0
0.0
0.0
0.0
0.0
0.0
0.0
0.0
0.00023150785964448674
0.0
0.0
0.00011468748802084981
0.0
0.0
0.0
0.0
0.0
0.0
0.0
0.0
0.0
0.0
0.0
0.0
0.0
0.0
0.0
0.0
0.0
0.0
0.0
0.0
0.0
0.0
0.0
0.0
0.0
0.0
0.0
0.0
0.0
0.0
0.0
0.0
0.0
0.0
0.0
0.0
0.0
0.0
0.0
0.0
0.0
0.0
0.0
3.675342625382778e-05
0.0003275940315840491
0.0003375095833363557
0.0
0.0005632371672938838
0.00021533008669082866
0.0
0.0
0.0
0.0
0.0
0.0
0.0
0.0
0.0
0.0
0.0
0.0
0.0
0.0
0.0
0.0
0.0
0.0
7.482201920111837e-05
0.0008202446217771373
0.0011498577428872918
0.0009682345843319373
0.0004548035498908116
0.00030438787540226835
0.0001730860316896341
0.0
0.0
0.0
0.0
0.0
0.0
0.0
0.0
0.0
0.0
0.0
0.0
0.0
0.0
5.781862505499744e-05
9.913543728629667e-05
0.00021695773356359945
0.0014642413114126002
0.014306832833660885
0.02182517248489529
0.02559588887800522
0.033840932547616775
0.01706181407628071
0.006475316714560831
0.00012541099598607986
5.480250783088512e-05
0.0
0.0
0.0
0.0
0.0
0.0
0.0
0.0
0.0
0.0
0.0
0.0
0.0
0.0
0.0002285808375234176
0.0002395808251979557
0.0006055973711646801
0.000695695982097922
0.000910180911634854
0.001479276734788778
0.0004217900193134535
0.0
0.0
0.0
0.0
0.0
0.0
0.0
0.0
0.0
0.0
0.0
0.0
0.0
0.0
0.0
0.00023267056982891152
0.0
0.0
0.0
0.0
0.0
0.0
0.0
0.0
0.0
0.0
0.0
0.0
0.0
0.0
0.0
0.0
0.0
0.0
0.0
0.0
0.0
0.0
5.5425294016067344e-05
9.888929023856774e-05
0.0001685131822166855
0.000305022771651083
0.008765338965221315
0.025636174379743602
0.046938886808746784
0.06911470238637567
0.0810717973570831
0.06317819115395695
0.034843182485724676
0.004236073267358899
4.982435808992503e-05
0.0
0.0
0.0
0.0
0.0
0.0
0.0
0.0
0.0
0.0
0.0
0.00017068412206229812
0.00013756598607068897
0.0010020223655562795
0.006738810501311903
0.017410727276851244
0.045307458552175134
0.07268140129337392
0.0921411887778549
0.10214100226172317
0.09721371857966306
0.06424487869230565
0.014682815453335656
0.0
0.0
0.0
0.0
0.0
0.0
0.0
0.0
0.0
0.0
0.00032101576181487726
0.0
0.0002915898913465273
0.0002242668369917674
0.000188418336025269
0.0007994467942263574
0.007185365140018853
0.028192640318253852
0.0539585564586665
0.07709587020620885
0.09429561387627651
0.091889987986699
0.055991991158187294
0.012764505457311177
0.0
0.0
0.0
0.0
0.0
0.0
0.0
0.0
0.0
0.0
0.0
0.0
0.00018355513396688946
0.00037414828358120017
0.0005675177229834509
0.00995514446467518
0.026084279405408552
0.06236339065411279
0.09102940279118572
0.10813176474680325
0.1168445169059959
0.1175658268037275
0.08142148847889416
0.02117299885414926
0.0001462982435394364
0.0
0.0
0.0
0.0
0.0
0.0
0.0
0.0
0.0
0.002789966379695061
0.0
0.0030992286694823353
0.0010768041758862363
0.005025487287877151
0.0269511586660717
0.03485430739376027
0.06163954207942283
0.07214898229784997
0.07716091729957499
0.07817642581746904
0.05149270911882329
0.018249604307944742
0.001347142404772108
0.0
0.0
0.0
0.0
0.0
0.0
0.0
0.0
0.0
0.0
0.0
0.0
0.0
0.0
0.0
8.578105394751738e-05
0.0
0.0004980648517125501
0.0
0.0
0.0009705877169358343
0.0005211869254206555
0.0
0.0
0.0
0.0
0.0
0.0
0.0
0.0
0.0
0.0
0.0
0.0
0.0
0.0
0.0
0.00022041032552300743
0.0005612268986840406
0.0
0.0
0.0
0.0
0.0
0.0
0.0
0.0
0.0
0.0
0.0008516191317404166
0.0005263063828438454
0.0001667174397776447
0.00014481697692793924
0.0
0.0001259690780001164
0.0
0.0
0.0
0.0
0.0
0.0
0.0
0.0
4.890646138208889e-05
0.0
0.00029234986117351647
0.0
0.0005309904590173477
0.0009566961734358512
0.0
0.0
3.897702355267264e-05
7.046020060161975e-05
0.0
0.0
0.0
0.0
0.0
0.0
0.0
0.0
0.0
0.0
0.0
0.0
1.5570054240137286e-05
0.0
0.00011311229093459048
0.00011488143264256136
0.0005367005385143222
0.004305988490163412
0.008029846326372686
0.008953709379892658
0.0077414283736689194
0.005283402853117302
4.3025990487595584e-05
0.0001580385526695402
0.0
0.0
0.0
0.0
0.0
0.0
0.0
0.0
0.0
0.0
0.0
1.6825994880341605e-05
6.0579153697528944e-05
6.103827994896368e-05
0.00018237573950498817
0.00020311257117975283
0.010570291270417986
0.019566756652678235
0.033165717855224895
0.047732429002480606
0.034737721768915875
0.021257251955091316
0.00409873905196661
0.00010238151515155071
0.0
0.0
0.0
0.0
0.0
0.0
0.0
0.0
0.0
0.0
0.0
0.00014274007742706604
4.488300776763726e-05
0.0001639401272401904
0.00020948226848542577
0.003440614816270231
0.025249143027908497
0.0583296638434097
0.07912299369852147
0.0929239519148566
0.0869025588206261
0.05706561888025446
0.021999835334260344
0.00083111142850229
0.0
0.0
0.0
0.0
0.0
0.0
0.0
0.0
0.0
0.0018568732861463464
0.0
0.0033816754752015385
0.0005023902108357075
7.895368996331207e-05
0.00023520250650271933
0.0
0.0037526404676234853
0.00491888797211785
0.005018519382707848
0.004960101700031213
0.0
0.0
0.0
0.0
0.0
0.0
0.0
0.0
0.0
0.0
0.0
0.0
0.0
0.0
0.0
0.0
0.0
0.0
0.0
0.00016355713626241134
0.0007233583261408477
0.0012108701392802678
0.0005077721691397058
0.0011903283764227981
0.0
0.0
0.0
0.0
0.0
0.0
0.0
0.0
0.0
0.0
0.0
0.0
0.0
0.00020277288015234604
0.00199941124651626
0.0
0.0
0.0
0.0
0.0
0.0
0.0
0.0
0.0
0.0
0.0
0.0
0.0
0.0
0.0
0.0
0.0
0.0
0.0
0.0
0.0
0.0
0.0
0.0
0.0
0.0
0.0
0.0
0.0
0.0002459553993215718
9.355105506438216e-05
0.00014000374240474408
0.0005175372481769237
0.00041078507119266547
0.0
0.0
4.283155649648185e-05
0.0
0.0
0.0
0.0
0.0
0.0
0.0
0.0
0.0
0.0
0.0
0.0
0.0
0.0
0.0001480917579920385
0.0
0.0003417776990929292
0.0
0.00012569263856575046
0.0005646296723331636
0.00035883181613523887
0.0
0.0
0.0
0.0
0.0
0.0
0.0
0.0
0.0
0.0
0.0
0.0
0.0
0.0
0.0
0.0
0.0
0.0
0.0
0.0004349258299317191
0.00013963593645549885
0.00030868963473163873
0.001250223623799595
0.0023957877941888435
0.0005686109546133414
0.0
0.00016310064633156098
0.0
0.0
0.0
0.0
0.0
0.0
0.0
0.0
0.0
0.0
0.0
0.0
1.4880184200822614e-05
0.0
0.00017313655684296549
0.00023015867106517836
0.0029184022950380062
0.011112235406735579
0.01537130932371096
0.023992473281550387
0.0006244929765760292
0.0
0.0
0.0
0.0
0.0
0.0
0.0
0.0
0.0
0.0
0.0
0.0
0.0
0.0
0.00010948451469726499
9.060747082296011e-05
0.00021740379634136472
0.0004106490691635043
0.0036164494041589987
0.020978141718250534
0.040590070257747295
0.06271801483755532
0.07821009856184381
0.06739075707214738
0.035962891899124924
0.007923063266762497
0.0
0.0
0.0
0.0
0.0
0.0
0.0
0.0
0.0
0.0
0.0021798495293914423
0.0
0.0
0.0
0.0
0.0
0.0
0.0
0.0
0.0
0.0
0.0
0.0
0.0
0.0
0.0
0.0
0.0
0.0
0.0
0.0
0.0
0.0
0.0
0.0
0.00021266399217742754
0.0
0.00039510791342667074
0.0010224741941396078
0.0
0.0
0.0
0.0
0.0
0.0
0.0
0.0
0.0
0.0
0.0
0.0
0.0004946438231052291
0.0001772883560874422
0.0011795178347639096
0.0
0.0
0.0
0.0
0.0
0.0
0.0
0.0
0.0
0.0
0.0
0.0
0.0
0.0
0.0
0.0
0.0
0.0
0.0
0.0
0.0
0.0
0.0
0.0
0.0
0.0
0.0
0.00020066351410121238
0.0
0.0
0.0
0.0
0.0
0.0
0.0
0.00044864995437292516
0.0
0.00014759914182964983
0.00045251567631567606
0.0
0.0
0.0
3.8046437964623675e-05
0.0
0.0
0.0
0.0
0.0
0.0
0.0
0.0
0.0
0.0
0.0
5.306744681642955e-05
5.627842564186769e-05
0.0
0.00016452575148031694
0.00011430426165202249
0.0015889750694791606
0.007722310441692798
0.014606654278628445
0.027908346605891643
0.008306956266276096
0.0026582966541109656
0.0
0.0
0.0
0.0
0.0
0.0
0.0
0.0
0.0
0.0
0.0
0.0001030848870771411
0.0
0.00028091287579297625
0.0
0.0
0.0
0.0
0.0009379931911899504
0.0
0.0
0.0
0.0
0.0
0.0
0.0
0.0
0.0
0.0
0.0
0.0
0.0
0.0
0.0
0.0
0.0
0.0
0.0
0.0
0.0
8.381115757217134e-05
8.140388512911823e-05
0.0011475201932483383
0.006062562809489739
0.011242424101724885
0.01070932067096158
0.0005197806870753665
0.000187893940853731
0.0
0.0
0.0
0.0
0.0
0.0
0.0
0.0
0.0
0.0
0.0
0.0
0.0
0.0
0.0
0.0
0.0
0.0
0.0
0.0
0.0
0.0
0.0
0.0
0.0
0.0
0.0
0.0
0.0
0.0
0.0
0.0
0.0
0.0
0.0
0.0
0.0
0.0
0.0
0.0
0.0
0.0
0.0
0.0
0.0
0.0
0.0
0.0
0.0
0.0
0.0
0.0
0.0
0.0
0.0
0.0
0.0
0.0
0.0
0.0
0.0
0.0003133195538426278
0.0003965058072938848
0.0008208697065657777
0.0003776976109818054
0.0
0.0023735500668903716
0.0
0.001664084909095594
0.008960863564277404
0.0
0.0
0.0
0.0
0.0
0.0
0.0
0.0
0.0
0.0
0.0
0.0
0.0
0.00012174751831534603
0.0
7.699551588356429e-05
0.0
0.0
0.0
0.0
0.0005743663562367384
0.0
0.0
0.0
0.0
0.0
0.0
0.0
0.0
0.0
0.0
0.0
0.0
0.0
0.0
0.0
0.0
0.0
0.0
0.0
0.0
0.0
0.0
0.0
0.0006929517446122449
0.0
0.0002105858263154753
0.0004718786448323491
0.0006066761424395001
0.0
0.0
0.0
0.0
0.0
0.0
0.0
0.0
0.0
0.0
0.0
0.0
0.0
0.0
0.0
0.0
0.0
0.0
0.0
0.0004090876247297576
0.0
8.317212959143362e-05
0.0
0.00042067249217547586
0.00016436306321978043
0.0
0.0
0.0
0.0
0.0
0.0
0.0
0.0
0.0
0.0
0.0
0.0
0.0
0.0
0.0
0.0
0.0002725242993219532
0.0
0.0024049320202886495
0.00010372736244420318
0.006402796298137662
0.015777879466133817
0.0072784139568198725
0.006207548480700495
0.0001288541263839039
7.55439751521444e-05
0.0
0.0
0.0
0.0
0.0
0.0
0.0
0.0
0.0
0.0
0.0
0.000231197223673693
5.755620662360505e-05
0.0
0.0
0.0
0.0
0.0
0.00039785687294696735
0.0011541444410545242
0.0
0.0
0.0
0.0
0.0
0.0
0.0
0.0
0.0
0.0
0.0
0.0
0.0
0.0
0.0
0.0
0.0
0.0
0.0
0.0
0.0
0.0
0.0
0.0
0.0
0.0
0.0
0.0
0.0
0.0
0.0
0.0
0.0
0.0
0.0
0.0
0.0
0.0
0.0
0.00021282128885108433
1.9737184005916665e-05
0.0001308661667713818
0.0008872656639569586
0.0009900510991447523
0.0012824745650180662
0.009512364191869987
0.01966607281225731
0.028608530582697023
0.0071451845825492594
0.005366957055659025
0.0024075646524799594
0.0
0.0
0.0
0.0
0.0
0.0
0.0
0.0
0.0
0.0
0.002206716357274683
0.000536274029448157
0.005353769288867607
0.010341727142872487
0.012341222065657869
0.019901508864318015
0.02958509784684305
0.06079491470058541
0.07933193266919288
0.09283239283154696
0.10513688733363082
0.10641736896982996
0.07866557009571365
0.0411059334208323
0.005400161537676985
0.0
0.0
0.0
0.0
0.0
0.0
0.0
0.0
0.0
0.0026897013677510376
8.337878295238203e-05
0.0026380475412683397
0.007331545788877083
0.020694866266808998
0.0469631505168433
0.056519210892472534
0.08366494489498703
0.10009442278411368
0.11270554740275839
0.1220390245850006
0.1298525700398973
0.09462978622205778
0.03515037654255521
0.003224343956981188
0.0
0.0
0.0
0.0
0.0
0.0
0.0
0.0
0.0
0.0008165364232685114
0.00014318724675436715
0.002051434089081697
0.0071889878417070625
0.009526673135106856
0.016432143162627005
0.030969255030344315
0.0697388787157004
0.09595652523464696
0.11563384088516168
0.13624750299373745
0.1638257174765654
0.15740671138999085
0.1138568440104176
0.05281188959539511
0.010869778718188792
0.0
0.0
0.0
0.0
0.0
0.0
0.0
0.0
0.0030275547567229838
0.00022355219169266325
0.002010326210933654
0.005936475717112508
0.02091064780158788
0.05208733668969371
0.0649501922533305
0.099556557466389
0.1240425979844875
0.1296290743291177
0.11986309618296853
0.08051796704663064
0.03150333204483529
0.007201829836489537
0.0
0.0
0.0
0.0
0.0
0.0
0.0
0.0
0.0
0.0
0.0023446291856722323
0.00010203102156706556
0.00036498470398660225
0.0
0.00042639600011652355
0.0005276389998615205
0.0
0.0
0.0
0.0
0.0
7.937236921555127e-05
0.0
0.0
0.0
0.0
0.0
0.0
0.0
0.0
0.0
0.0
0.0
0.0
0.0
0.0
0.0
0.0
0.0
0.0
0.0
0.0
0.0
0.0
0.0
0.0
0.0
0.0
0.0
0.0
0.0
0.0
0.0
0.0
0.0
0.0
0.0
0.0
0.0
0.0
0.0
0.0
9.5201111733571e-05
0.0
0.0
0.0008409731896794617
0.0010258296807539409
0.001444764697989747
0.01109403746972044
0.001467743399710207
0.003940274052073032
0.0010893154013565292
0.00012180995024361379
0.0
0.0
0.0
0.0
0.0
0.0
0.0
0.0
0.0
0.00012941496438596099
0.0
0.0012245394558440712
0.0002627352792226669
0.0013706720281569371
0.0022462935642418606
0.0006170728823884671
0.01715143381019197
0.03109384110993157
0.03977029498138049
0.04806504970413053
0.025030885144849736
0.013795622696492356
0.007118157146274183
6.253356283882484e-05
0.0
0.0
0.0
0.0
0.0
0.0
0.0
0.0
0.0
0.0005454982751991004
0.00011677934203244353
0.0006984752138242998
0.0027977164745025263
0.0031640983678626615
0.0020418707663696248
0.0
0.005659204118310227
0.01179639237919189
0.013593985038937051
0.014711646411294669
0.0003519713512783266
0.0
0.0
0.0
0.0
0.0
0.0
0.0
0.0
0.0
0.0
0.0
0.0
0.00013643582430842283
0.0
0.00015329157363337006
3.893698109713604e-05
9.940420964199995e-05
6.531971335977265e-05
0.0
0.0011890244554842594
0.0
6.634074263722089e-05
0.00024949820117143917
0.0005638667678540626
0.0
0.0
0.0
0.0
0.0
0.0
0.0
0.0
0.0
0.0
0.0
0.0
0.0
0.0
0.0
0.0
0.0
0.0
0.0
0.00019945878806291805
0.0
8.642329460056147e-05
3.304309446832955e-05
0.0
0.0
0.0
0.0
0.0
0.0
0.0
0.0
0.0
0.0
0.0
0.0
0.0001890500960922139
0.0
0.0
0.0
0.0
0.0
0.0
0.0
0.0
0.0
0.0
0.0
0.0
0.0
0.0
0.0
0.0
0.0
0.0
0.0
0.0
0.0
0.0
0.00016503045891685237
0.00013333614909401173
0.0031830853210779533
0.0008660291223815421
0.0
0.0
0.0
0.0
0.0
0.0
0.0
0.0
0.0
0.0
0.0
0.0
0.0
0.0
0.0
0.0
0.0
0.0
0.0
0.0
0.0
0.0
0.0
0.0
0.0003508061163951146
0.0001412562464690263
0.0028588964196121576
0.004848479185551177
0.004491400724196641
0.03600800830280917
0.06317065393306728
0.08233681928579503
0.09782233692216612
0.1059236178555051
0.08609673906085316
0.04373411560025511
0.0073367533885670706
0.0
0.0
0.0
0.0
0.0
0.0
0.0
0.0
0.0
0.0030195336241347066
0.00026471267437647535
0.004954347917728328
0.011433243195466517
0.02527964755540555
0.05766619595810233
0.07471591663058375
0.10713490772523236
0.12910396192086016
0.14914090367205893
0.16988801485554136
0.2087417891627833
0.21151893468748822
0.16635658322471925
0.10980293220102823
0.04380360684635955
0.0
0.0
0.0
0.0
0.0
0.0
0.0
0.0
0.008954179924639136
0.005191301716793603
0.029396605075417463
0.06830744157220407
0.08893502340094737
0.10318547998824096
0.10635760248562566
0.12764929259243785
0.1406827868118645
0.1501878602553214
0.16259015245444033
0.1879821486320741
0.1769523219049828
0.13582195337224734
0.08221684833005763
0.029091815806976534
0.0
0.0
0.0
0.0
0.0
0.0
0.0
0.0
0.01259444309577131
0.0009987972828838097
0.002939658977208032
0.0038478513220992173
0.018958481819907454
0.03763249249484746
0.04051736798277878
0.061789479713649884
0.072940832452785
0.07511189557055244
0.07023775524656152
0.032083751126359424
0.0009026012897448207
0.0
0.0
0.0
0.0
0.0
0.0
0.0
0.0
0.0
0.0
0.0
0.003749439821668297
0.00024210909874222762
0.00337971346588978
0.007493273553120663
0.019566695373193294
0.04254953505503496
0.04761718318953497
0.06978903627102674
0.07035147676478512
0.07896289491997634
0.09054974987156535
0.07357043142620037
0.04182331906888738
0.013040332599759848
8.437644912483085e-05
0.0
0.0
0.0
0.0
0.0
0.0
0.0
0.0
0.0
0.0033326619648430416
0.00024244654030132663
0.0005260015917966477
0.0
0.0
0.0
0.0
0.0
0.0
0.0
0.0
0.0
0.0
0.0
0.0
0.0
0.0
0.0
0.0
0.0
0.0
0.0
0.0
0.0
0.0
0.0
0.0
0.0
0.0
0.0
0.0
0.0
0.0
0.0
0.0
0.0
0.0
0.0
0.0
0.0
0.0
0.0
0.0
0.0
0.0
0.0
0.0
0.0
0.0
5.8871617273716956e-05
0.0003858745787381727
0.002741478236345098
0.006423335888866965
0.007113161674565716
0.009664474892818834
0.04564113900367081
0.06574074494842301
0.0812608254942938
0.09988950321280257
0.10593054184451185
0.07929616320917356
0.04041418732985072
0.0055367534247490946
0.0
0.0
0.0
0.0
0.0
0.0
0.0
0.0
0.0
0.011102524084921348
0.0
0.0037013522046364503
0.006759503154669974
0.025447525406457543
0.04420908283350553
0.04795524870482895
0.06951581154997276
0.07974813870131625
0.08663733208168117
0.09571014236792773
0.09410087706436178
0.06841963135974057
0.034413092869284456
0.004466618407511312
0.0
0.0
0.0
0.0
0.0
0.0
0.0
0.0
0.0
0.002902037345493844
0.00012186339265116603
0.0027975065540516036
0.0003900427127952134
0.0
0.0014394767182945585
0.0015225351863278204
0.021258262411543608
0.033163698927267816
0.04481821496676021
0.062478228063026046
0.058231994190335014
0.04085059279449162
0.02783878260542325
0.011597707911607726
0.0
0.0
0.0
0.0
0.0
0.0
0.0
0.0
0.0
0.002591482551105198
0.0002680300410686979
0.0018916821804582176
0.006858551377047543
0.015076431925474965
0.044310559005863115
0.06110400859642738
0.092651800044735
0.11241310763721385
0.13075930494848845
0.15097388761689443
0.1842258826300569
0.18792773738091162
0.14819189404665564
0.10251892430581185
0.04830833354578858
0.0
0.0
0.0
0.0
0.0
0.0
0.0
0.0
0.01757537837914769
0.0005162117359769006
0.015387872629146024
0.051731181798157194
0.0794190050505211
0.09979636572737761
0.1038222759155302
0.1242273258338176
0.136605690759723
0.14484528408807668
0.15330799501670417
0.17037502677958358
0.15499895073915756
0.10665397195800443
0.05993679973579931
0.01440731730673985
0.0
0.0
0.0
0.0
0.0
0.0
0.0
0.0
0.009457308632627311
0.00033802821773739803
0.0005020448619123692
0.0
0.0018387264410110993
0.00010444153133387441
0.0
0.0
0.0001481278818413607
0.0
0.0
0.0
0.0
0.0
0.0
0.0
0.0
0.0
0.0
0.0
0.0
0.0
0.0
0.0
0.0
0.0
0.0
0.0
0.0
0.0
0.0
0.0
0.0
0.0
0.0
0.0
0.0
0.0
0.0
0.0
0.0
0.0
0.0
0.0
0.0
0.0
0.0
0.0
0.0
0.0
0.0
0.0
0.0
0.0
0.0
0.0
0.0
0.0
0.0
0.0
0.0
0.0
0.0
0.0
0.0
0.0
0.0
0.0
0.0
0.0
0.0
0.0
0.0
0.0
0.00036372292289010133
0.00037904400257783837
0.0
0.0
0.0
0.0010609961210679315
0.0
0.0011560675235575447
0.01263766535160366
0.007138489975622493
0.010799345334951072
0.005295505394902602
0.0
5.713434400308359e-05
0.0
0.0
0.0
0.0
0.0
0.0
0.0
0.0
0.0
0.0
0.0005322218644291396
0.0016429282392658644
0.0038661836047720883
0.003398461856787685
0.0034029797246065566
0.03097795962413544
0.057332911647515646
0.07428955477841065
0.08921353750562384
0.09062452841695376
0.07851505863752652
0.042694376868137714
0.015114239570680825
0.0
0.0
0.0
0.0
0.0
0.0
0.0
0.0
0.0
0.0027870051480749893
0.0003210507690475538
0.002694888880752178
0.0034809020137124614
0.008361154316580067
0.01460081826666599
0.011934331906949567
0.03630512177443673
0.05113593363082336
0.057977291010299095
0.058895683900035536
0.02545776392536113
0.00558055619481554
0.0036671623148145567
0.0
0.0
0.0
0.0
0.0
0.0
0.0
0.0
0.0
0.0
0.002096173154603622
0.0
0.0026084457738446737
0.0010572696453776146
0.00570080218229551
0.014412000513581201
0.018183348004970828
0.03861112697183148
0.05335513194783006
0.05712200639816337
0.07273468122678899
0.06949618758726948
0.04538589267429077
0.019256947055411717
0.006082514544165571
0.0
0.0
0.0
0.0
0.0
0.0
0.0
0.0
0.0
0.0022326701068891524
0.0
0.0003298397463277333
3.578355763275824e-05
0.0012905155148439061
0.0014187400144526968
0.0
0.0
9.971918028384055e-05
0.0
0.0
0.0002238717581317559
0.0
0.0
0.0
0.0
0.0
0.0
0.0
0.0
0.0
0.0
0.0
0.0
0.0
0.0
0.0
0.0
0.0
0.0
0.0
0.0
0.0
0.0
0.0
0.0
0.0
0.0
0.0
0.0
0.0
0.0
0.0
0.0
0.0
0.0
0.0
0.0
0.0
0.0
0.0011546274601254385
0.0013895388199978837
0.005598145749061569
0.005859613844350273
0.00764857317850287
0.0417092258003237
0.06329091747825656
0.08181117960196188
0.09584452725906158
0.09920115703449704
0.09803482161589167
0.07757159115928948
0.03748745752754885
0.002216039301443361
0.0
0.0
0.0
0.0
0.0
0.0
0.0
0.0
0.007622590503391649
0.0005047824239749798
0.003363756404643826
0.01546256607111873
0.04711017408129563
0.07062720696736224
0.07671545218056165
0.10516545077458177
0.11888566174988684
0.1241350332009193
0.13232206343995231
0.11938447248246477
0.11713283604681923
0.07955726485971959
0.01347671387769347
0.0
0.0
0.0
0.0
0.0
0.0
0.0
0.0
0.0
0.01833167189296155
0.0005712629741512238
0.005682202147913203
0.021648743122510205
0.037864354392305954
0.05170348111020189
0.03941116933372991
0.05958628909225955
0.0779256168356989
0.09180669393311597
0.10596248144536206
0.09786069242080446
0.0776128550489651
0.055793673015068
0.02177833639142534
0.0008934221128028885
0.0
0.0
0.0
0.0
0.0
0.0
0.0
0.0
0.0037936734047207383
0.0002508718801256493
0.0025666346229213017
0.009285529847646138
0.03967448066186553
0.06720133131338053
0.07758556506612944
0.10578154466011876
0.12507670621377365
0.13656907540952293
0.14748820941051896
0.15835291113467573
0.1301013969956918
0.1116704456084741
0.08258678584432354
0.01996138065969298
0.0
0.0
0.0
0.0
0.0
0.0
0.0
0.0
0.017142815289808228
0.0010189381978036019
0.023782771045579864
0.06656795144476516
0.09969435306960943
0.12065218051514483
0.13773762865506659
0.17126081682520075
0.1923264795551266
0.2180273627933004
0.2414845917470568
0.2920680669980032
0.3046378958499037
0.2731202166544585
0.24217051443223223
0.148998568452488
0.0
0.0
0.0
0.0
0.0
0.0
0.0
0.0
0.05280248184303954
0.004177930726391151
0.03585713269640877
0.03663429430518127
0.045047249857441324
0.07312718202884946
0.11711680636439081
0.14938602135217588
0.07714014332114273
0.0050008215490730396
0.0
0.0
0.0
0.0
0.0
0.0
0.0
0.0
0.0
0.0
0.0
0.0
0.0
0.0
0.0
0.0
0.0
0.0
0.0
0.0
0.0
0.0
0.0
0.0
0.0
0.0
0.0
0.0
0.0
0.0
0.0
0.0
0.0
0.0
0.0
0.0
0.0
0.0
0.0006002358909842346
8.358658831194172e-05
0.0021797025461740777
0.004791580296359379
0.007518923989915412
0.009355803794383345
0.007689397168863698
0.03622025780243984
0.051472510410792184
0.06316957685080875
0.07147477670017602
0.03948614072034821
0.0030859065528749496
0.0009529993927269499
0.0
0.0
0.0
0.0
0.0
0.0
0.0
0.0
0.0
0.0
0.005411883935584388
0.00019159350243656652
0.003265962530540414
0.0016033427013661668
0.010890871041212068
0.02964233115106072
0.030173698951980712
0.050451384400075794
0.06267294245757125
0.07317637089442845
0.07442680603648998
0.04606579237294906
0.022924866405198467
0.005678105248391954
0.0
0.0
0.0
0.0
0.0
0.0
0.0
0.0
0.0
0.0
0.00393315289785289
0.0
0.0038603152082178427
0.0013639447891332182
0.0006587294477333535
0.0023333056197691756
0.0
0.007346488960389825
0.006638770840943037
0.007566141161597353
0.007936942999493225
0.0
0.0
0.0
0.0
0.0
0.0
0.0
0.0
0.0
0.0
0.0
0.0
0.0
0.0003586888029059569
0.0
0.0011977501188043952
0.0016522014340417351
5.79893583116488e-05
0.0
0.00047602905410145313
0.008333394632010013
0.02148072762037923
0.03266316143090002
0.030509646433307305
0.0225195942590567
0.014817445385509375
0.017166205926852817
0.007662487498657616
0.0
0.0
0.0
0.0
0.0
0.0
0.0
0.0
0.0
0.0024698819171998895
0.0003154708092936853
0.005164729535364191
0.012250759282223916
0.02451035141989475
0.05301419058480249
0.06398306350740753
0.09587310432847708
0.0801079368637593
0.06676681610592794
0.0953981956577875
0.12311570044872822
0.08037750786973145
0.03193164838283387
0.007183172468338368
0.00011409618594966859
0.0
0.0
0.0
0.0
0.0
0.0
0.0
0.0
0.005971290686370309
0.0003308426062019062
0.00120670030823581
0.008499793811583108
0.013103490630575367
0.011459936813390153
0.009557737747265461
0.009837022390745962
0.026683325362256864
0.05425894689866897
0.044984606019760495
0.005517732109870925
0.0
0.0
0.0
0.0
0.0
0.0
0.0
0.0
0.0
0.0
0.0
0.0
0.0
0.0
0.0
0.0
0.0
0.0
0.0
0.0
0.0
0.0
0.0
0.0
0.0
0.0
0.0
0.0
0.0
0.0
0.0
0.0
0.0
0.0
0.0
0.0
0.019139719742222335
0.0
0.014396972413417912
0.0463323313098799
0.06247445237757419
0.075186518017076
0.06753101267800227
0.089074233834661
0.12472656602394
0.13766092727713208
0.1442298422245411
0.16162963042356168
0.15922686816914516
0.1310296021359888
0.10453873825717071
0.044550252397864414
0.0
0.0
0.0
0.0
0.0
0.0
0.0
0.0
0.017282023251979292
0.0
0.007544199931071983
0.04582645964351046
0.07296618252880968
0.09484175341174277
0.1136010161315437
0.14323785085000237
0.15114950331580265
0.16375258707623802
0.17655532973272794
0.1966351252124684
0.19351279720550224
0.15735483522094046
0.09912520809292012
0.034880693502481144
0.0
0.0
0.0
0.0
0.0
0.0
0.0
0.0
0.017361836470071397
0.003466870415947948
0.024716932639725707
0.05817771286899217
0.0782170612318335
0.09137866342862827
0.09875893442757915
0.1246393581190879
0.14135789966423706
0.1643567039777254
0.18152678953539164
0.21566056140258347
0.23835231443697003
0.22743353702781727
0.21113531624014728
0.10767169863800899
0.0
0.0
0.0
0.0
0.0
0.0
0.0
0.0
0.018537157803140043
0.004262260168840234
0.04226068351689949
0.08180013242882912
0.11335120803326434
0.13649093517765165
0.15271554370088278
0.19590209591403024
0.21852363831032487
0.23218946904798773
0.25270621932856974
0.3123687438852515
0.3431580720259788
0.32397798490067153
0.307311423560743
0.21060070080688592
0.0
0.0
0.0
0.0
0.0
0.0
0.0
0.0
0.11129640738811457
0.09784452045482252
0.1400226632960794
0.17874396816479518
0.20228053203408503
0.22811435702752586
0.2403299412291329
0.2572462253203833
0.2670794240869895
0.2752711105444789
0.28883435456187806
0.3485645345906982
0.3780552716112877
0.34423315764038626
0.3177582292576882
0.21137494153470732
0.0
0.0
0.0
0.0
0.0
0.0
0.0
0.0
0.07073226635009519
0.06815433299524865
0.121928759099822
0.1616669022861104
0.18769774213865628
0.21858460864744303
0.27534485163109607
0.3061363767399925
0.34407579409049
0.35005184541057244
0.36354162699928055
0.41595301019091385
0.07605037259808432
0.0743474613469802
0.0
0.0
0.0
0.0
0.0
0.0
0.0
0.0
0.0
0.0
0.0
0.0
0.0
0.0
0.04625934825597985
0.0
0.0
0.0
0.0
0.0
0.08805073778693458
0.168712994101271
0.20874476039039105
0.18048832344283045
0.16603928679703395
0.01770387100344386
0.0
0.0
0.0
0.0
0.0
0.0
0.0
0.0
0.11247234544336865
0.10043015892712895
0.13516169859318516
0.17167536562276017
0.19714585612922095
0.22404301564397602
0.24652958327755442
0.27484969501070505
0.2855714343509433
0.2969267572023845
0.30356715816473523
0.35623842088705143
0.37544069292770027
0.34499959154189613
0.33458402248048097
0.24897448187002338
0.0
0.0
0.0
0.0
0.0
0.0
0.0
0.0
0.11415587983425739
0.12430698764274659
0.15080792725918907
0.18087460677408054
0.1955291420822698
0.20267299906755523
0.20847194102779423
0.2108605134335602
0.2019648006407629
0.20129019921307437
0.20995481652956682
0.2529680414801132
0.2850317473291621
0.2687355346595221
0.23329611482550272
0.12961386611007955
0.0
0.0
0.0
0.0
0.0
0.0
0.0
0.0
0.02502095230729215
0.016984098764687587
0.0764073969634409
0.11247164526153917
0.141693495295078
0.16201221480923597
0.15996260095231843
0.15907352074234624
0.18802679699954208
0.21437176968266627
0.22258311656709667
0.255749454423905
0.27132869727743597
0.24769320670494605
0.21928194119883632
0.137567953259529
0.0
0.0
0.0
0.0
0.0
0.0
0.0
0.0
0.02281789798525765
0.012655090969621858
0.0767731369258334
0.11549519736771198
0.1456004380353083
0.16878300487395095
0.18434029142469288
0.21098250538305893
0.2273294259278924
0.24523504428246856
0.2642597966299828
0.3229379722419561
0.35937842096103173
0.3458692628946917
0.3286578984106097
0.2024910900418392
0.0
0.0
0.0
0.0
0.0
0.0
0.0
0.0
0.08585832994426995
0.0883629745078017
0.13818128956531503
0.17677059389015673
0.20956838170621164
0.2365990913697669
0.25675338944573833
0.289193359348883
0.29604734466487737
0.30331644256683726
0.3023760891310656
0.33981887049804066
0.37539390217807395
0.3589542297398773
0.3145425241197407
0.18563690163574825
0.0
0.0
0.0
0.0
0.0
0.0
0.0
0.0
0.026361044915459413
0.004150703237050017
0.022724375480299073
0.04973094470691984
0.08658441746829236
0.11424020537938097
0.14129096999770366
0.16194166971301208
0.18927843945267264
0.1795711511194723
0.14892159810411387
0.10796062537879492
0.0
0.0
0.0
0.0
0.0
0.0
0.0
0.0
0.0
0.0
0.0
0.0
0.0
0.0
0.0
0.0
0.0
0.0
0.0
0.0
0.0
0.0
0.0
0.0
0.0
0.0
0.0
0.0
0.0
0.0
0.0
0.0
0.0
0.0
0.0
0.0
0.017161731469721723
0.002221523153600012
0.02572968298147887
0.06038080585035972
0.0803929772548173
0.09319057067365757
0.10625196318874151
0.14618032601292472
0.17959949667446937
0.20696526357697959
0.230349589570926
0.2872222763782718
0.29761298736618613
0.25471235211218773
0.22027904554839098
0.13983371892737953
0.0
0.0
0.0
0.0
0.0
0.0
0.0
0.0
0.0
0.0
0.0
0.0
0.0
0.0
0.0
0.0
0.0
0.0
0.0
0.0
0.0
0.0
0.0
0.0
0.0
0.0
0.0
0.0
0.0
0.0
0.0
0.0
0.0333545526273281
0.02273657370460031
0.09152740807661912
0.12595286665553201
0.14896312130600886
0.16562040517503757
0.17890433050590154
0.21347873255586713
0.2392230391473462
0.25074325740013637
0.2561454526541353
0.2875659584516371
0.2899851029946588
0.25691564533227235
0.22405885019348287
0.15511200274774556
0.0
0.0
0.0
0.0
0.0
0.0
0.0
0.0
0.061332438748716536
0.05434689336963746
0.10508093064842788
0.139276787887195
0.17035241533235657
0.1849209983881992
0.19463681498882682
0.22458133323339627
0.23489656519513244
0.23707975106365567
0.2363662713464302
0.2610710616168996
0.261547713581961
0.23455586074679335
0.2260093321573249
0.14282470181015688
0.0
0.0
0.0
0.0
0.0
0.0
0.0
0.0
0.027469459976039327
0.011036962516323287
0.07333860217041702
0.11677910475909761
0.15140710447255332
0.17895859920598664
0.19080964348569554
0.21532484663234472
0.23529845767117027
0.25092350628123516
0.26406474737423974
0.32127911286216054
0.342061072318546
0.29689510066360625
0.2710686292055118
0.1868240365789004
0.0
0.0
0.0
0.0
0.0
0.0
0.0
0.0
0.07684017184669498
0.04712042235272367
0.09145492808236919
0.12650655281476741
0.1578828630539764
0.17755920921359106
0.22105398517157376
0.25212904803469505
0.284827855307619
0.29878257516846973
0.3076347071555965
0.34471838195971033
0.0
0.0
0.0
0.0
0.0
0.0
0.0
0.0
0.0
0.0
0.0
0.0
0.0
0.0
0.0
0.0
0.0
0.0
0.0
0.0
0.0
0.0
0.035530245138703426
0.10233040713765701
0.08095192070606372
0.10188204576268962
0.06055801334381113
0.0
0.0
0.0
0.0
0.0
0.0
0.0
0.0
0.0
0.08941184301539691
0.07032564937348358
0.12310602203566474
0.15762912176091512
0.17961602110906508
0.19633275614790377
0.20248852320227148
0.2207669484634841
0.23446592485039253
0.24069732741370295
0.2468052341764319
0.2926410009083103
0.3053400339506505
0.2717508008236246
0.25413922241329623
0.1672958769926207
0.0
0.0
0.0
0.0
0.0
0.0
0.0
0.0
0.0801056255580027
0.048369524214424565
0.09756333847981212
0.13092975857302752
0.1511922660129734
0.16604211420849865
0.1740468988778668
0.19775056959519416
0.2159826030324387
0.22269208922365127
0.22426363876214997
0.2536665831243208
0.2513202501930612
0.20939648068242966
0.18331335750843997
0.12018332565874551
0.0
0.0
0.0
0.0
0.0
0.0
0.0
0.0
0.05784077293708445
0.02617154503395382
0.08960632600268195
0.11864263981956413
0.1357900812843439
0.14810905574257047
0.15249261345781376
0.17163616278408064
0.1846400066297537
0.19448763162338384
0.20334422357437487
0.23940686861265695
0.24948769391113268
0.2163186645909861
0.1985362317201004
0.1199316080172925
0.0
0.0
0.0
0.0
0.0
0.0
0.0
0.0
0.04066088551213477
0.02044458104102387
0.07334718618714982
0.09819851373248321
0.11206299476898327
0.12206931147774587
0.1269342376262453
0.14997697299907564
0.16624006410364833
0.18082529757202306
0.1982575031562102
0.24440510443531002
0.26389670469003834
0.23421335110646166
0.21216934021002798
0.12528979890306313
0.0
0.0
0.0
0.0
0.0
0.0
0.0
0.0
0.047315436875975427
0.0361452292776747
0.09811737823329858
0.12471003363622023
0.1382079428914322
0.14696462884472247
0.1513863370345107
0.17009205393133822
0.18077221961978918
0.19186025741093612
0.20174331420224123
0.24661559008026138
0.2536933968231037
0.21663212102596413
0.19007750607234605
0.10952043113407221
0.0
0.0
0.0
0.0
0.0
0.0
0.0
0.0
0.035885301488574946
0.023533899257942165
0.05540635662306967
0.08881008290961748
0.10575806476321001
0.11416015318255132
0.1330460040162748
0.15363722049988557
0.17693365558570273
0.19168146589755813
0.19432949253327608
0.20722914474914172
0.0
0.0
0.0
0.0
0.0
0.0
0.0
0.0
0.0
0.0
0.0
0.0
0.0
0.0
0.0
0.0
0.0
0.0
0.0
0.0
0.0
0.0
0.0
0.04971706933840338
0.11896489919635819
0.10364114270619934
0.053955217642477286
0.0
0.0
0.0
0.0
0.0
0.0
0.0
0.0
0.0
0.05720508293078911
0.047660493852516014
0.10750148721386796
0.14598088888324062
0.17521077784556818
0.19928098891968177
0.2139228447083874
0.24148582477352334
0.26234540968640346
0.27792452455512684
0.2970282818011889
0.3740868680694316
0.4025426820127302
0.3626152898809009
0.345020986071243
0.23284067733005837
0.0
0.0
0.0
0.0
0.0
0.0
0.0
0.0
0.1399860621773229
0.12249310013616033
0.14652321376534633
0.18007832398888146
0.20309457815039836
0.22066102711064117
0.23244550226384667
0.25795947778975387
0.28079530080808457
0.2946587592389312
0.30681527330690966
0.3774778423189659
0.40474995014180015
0.3685702079399298
0.355539037517192
0.24249306432578255
0.0
0.0
0.0
0.0
0.0
0.0
0.0
0.0
0.1499948242555035
0.1410035642482319
0.1622366534877253
0.19677786055431729
0.21417501477966092
0.2254400213528227
0.23792105318327889
0.2647858269685608
0.2898669315976878
0.30129660481105375
0.30561176891390096
0.36420074108646283
0.38116953154024147
0.3337869965211032
0.3083748346125383
0.2113078271985823
0.0
0.0
0.0
0.0
0.0
0.0
0.0
0.0
0.13771287713156857
0.09758632900978513
0.12546615513117876
0.1611890529342965
0.19191727790191504
0.21268933890849917
0.22769556819560177
0.2552067371537803
0.27693933493436473
0.28778131197148127
0.29333777802651073
0.3522824987931596
0.37315035014593945
0.33324912280635266
0.31471767997664946
0.2140496326868206
0.0
0.0
0.0
0.0
0.0
0.0
0.0
0.0
0.13407267854926153
0.11601947778918013
0.1426200354343597
0.18073985172765716
0.21116826697546828
0.23630255307238893
0.24965611388270553
0.2713968623399758
0.2888435705373726
0.3022021648891314
0.3172669617560367
0.39313478215430525
0.4238577037727455
0.3859293623269739
0.3654845112846891
0.25631832240767477
0.0
0.0
0.0
0.0
0.0
0.0
0.0
0.0
0.271871321614825
0.2532519416474936
0.22026966219082697
0.21525263827908866
0.20171644115595955
0.17323341504239134
0.1790105357926105
0.17988487611650342
0.15706326065800313
0.17252808381652487
0.19681499463185437
0.23269730215167886
0.0
0.0
0.0
0.0
0.0
0.0
0.0
0.0
0.0
0.0
0.0
0.0
0.0
0.0
0.0
0.0
0.0
0.0
0.0
0.0
0.0
0.0
0.0021683792002948864
0.11689187154490757
0.09989700999603109
0.12702136638300254
0.07542118698521459
0.0
0.0
0.0
0.0
0.0
0.0
0.0
0.0
0.0
0.07027223322994934
0.04118473003080837
0.1014646340682383
0.1293388875845281
0.14642672204613819
0.15855863207809004
0.16133721718982347
0.18243599164904672
0.19715607803253504
0.20663044231303
0.2167172104980448
0.2571093158413666
0.2625390434873115
0.22271500755451837
0.19467333619425486
0.11504170588331651
0.0
0.0
0.0
0.0
0.0
0.0
0.0
0.0
0.07002383817009972
0.01951219300184545
0.07964873364443482
0.10712204373630001
0.12682693407570414
0.14515488257834244
0.15110255704652914
0.17301623431673754
0.18813896594359608
0.19393782701059425
0.19770869648348272
0.22637991766515367
0.22706445881712328
0.1911496612105673
0.1602092017915386
0.0857228395768714
0.0
0.0
0.0
0.0
0.0
0.0
0.0
0.0
0.0316926460973484
0.009481033272557856
0.06957187998265535
0.1032793378509746
0.12875653987360902
0.14957485139171167
0.16163936500070858
0.18943211687696598
0.20958031773033528
0.22360505174198214
0.23732892234143846
0.2894155797704748
0.30635123438476586
0.27197198850480414
0.24985977746160964
0.15413113816143878
0.0
0.0
0.0
0.0
0.0
0.0
0.0
0.0
0.05080072602563471
0.03255660913921028
0.09822139761632565
0.13141478507870374
0.15426392959521354
0.17226131373325876
0.18438353495035034
0.21342209747353907
0.2345196371592417
0.24468995675800426
0.24947794035437884
0.2912206078107214
0.2957801056083699
0.2634290852404445
0.24184902971106834
0.14926785342496965
0.0
0.0
0.0
0.0
0.0
0.0
0.0
0.0
0.042125331278087305
0.019756157862892847
0.09321828887160852
0.12655172981966328
0.14920404788298036
0.1715762392724921
0.1720268545702953
0.1792362733702959
0.17975446515151577
0.17781662237465973
0.17334657301518835
0.18021863791747386
0.16375804226672894
0.13067063815002417
0.09904817056786469
0.047602559983055466
0.0
0.0
0.0
0.0
0.0
0.0
0.0
0.0
0.0229923441663665
0.0011781050525537413
0.02449071851042504
0.06878977783831482
0.1063362818973768
0.1292476999449327
0.1612860856485576
0.19023538446081703
0.22047657095452877
0.23934751199572749
0.26510053275581336
0.3182476698061547
0.0
0.0
0.0
0.0
0.0
0.0
0.0
0.0
0.0
0.0
0.0
0.0
0.0
0.0
0.0
0.0
0.0
0.0
0.0
0.0
0.0
0.0
0.0017877990558372843
0.11318449710233379
0.08517720178576113
0.09621943312375049
0.018686023916329217
0.0
0.0
0.0
0.0
0.0
0.0
0.0
0.0
0.0
0.05464363324269088
0.035550596007983756
0.0973788364006653
0.13206432183722175
0.15849713788033878
0.18153887157682602
0.19822862829277302
0.22816498880914424
0.2505117117808852
0.2669020830112184
0.2844917100972408
0.359070802022348
0.38673754351608725
0.3333094940256509
0.26923255299289217
0.17050304298069224
0.0
0.0
0.0
0.0
0.0
0.0
0.0
0.0
0.0659806328311158
0.033887208280578056
0.09628011167534758
0.1284478586452331
0.1518136183364918
0.17130344999769478
0.18106538110269493
0.20399874478737137
0.2189730748646367
0.22085146930016702
0.21515573793813755
0.2246002516121837
0.20503109298946762
0.16513027087477083
0.1250862335170192
0.07766393506024337
0.0
0.0
0.0
0.0
0.0
0.0
0.0
0.0
0.028235216603083344
0.0
0.043850532878658505
0.06858371742197873
0.08354950735208787
0.09502175853376549
0.08425797460143536
0.09203833358076927
0.09470575215168106
0.09576482851501117
0.09519239072873566
0.07572296389269789
0.03916547388851669
0.01491597343600381
0.00024402683118818528
0.0
0.0
0.0
0.0
0.0
0.0
0.0
0.0
0.0
0.013379669415050671
0.0008010128012091721
0.013842853574114229
0.028848635176479162
0.05126527802913646
0.06739633982049545
0.07367704833086862
0.10225572128315698
0.12010072080047082
0.1354477022065004
0.15456650870144328
0.19096719841611118
0.20943353445548904
0.19133005205652004
0.16319163222249497
0.09217776777198064
0.0
0.0
0.0
0.0
0.0
0.0
0.0
0.0
0.01473560995402797
0.004395287168854062
0.030458768265231737
0.06404094840617643
0.08831055705399367
0.10851801783245354
0.12264337858347683
0.15766222641743194
0.18460003986974588
0.2046096805087287
0.2247744193158491
0.2808647658066078
0.303818726226806
0.27464189916727016
0.2368345847912184
0.15242371418129724
0.0
0.0
0.0
0.0
0.0
0.0
0.0
0.0
0.02322317582870378
0.004442943087045769
0.029704190682412483
0.07990288869766761
0.12813370607657876
0.17121619676661487
0.21981223962121305
0.24122932943302394
0.2626928592977337
0.27819796574486483
0.29832696871845077
0.3504946444797881
0.04914615860787598
0.0
0.0
0.0
0.0
0.0
0.0
0.0
0.0
0.0
0.0
0.0
0.0
0.0
0.0
0.0
0.0
0.0
0.0
0.0
0.0
0.0
0.049268411839036685
0.14870778134795032
0.13678417695116632
0.07633114632525577
0.03290184053860246
0.0
0.0
0.0
0.0
0.0
0.0
0.0
0.0
0.0
0.05537397521828135
0.052485454161438606
0.1137018527693303
0.15315873246272912
0.18119352793359852
0.20451120319333352
0.21030617297271947
0.22394428616661796
0.23184978662614333
0.24154684451866293
0.2560129096646301
0.3150122609617989
0.3339049509187538
0.2969035980577368
0.2523715891655414
0.17805298226170704
0.0
0.0
0.0
0.0
0.0
0.0
0.0
0.0
0.08281543842512129
0.0639962765196463
0.1161821459590641
0.14757876685499863
0.1703755620878982
0.18978003249743305
0.20478232137563226
0.23311816190273063
0.25316734020703563
0.2665194365698566
0.27935439428723247
0.33998048441271417
0.35775376856708124
0.3182508576338832
0.2793470018852567
0.19881621191000476
0.0
0.0
0.0
0.0
0.0
0.0
0.0
0.0
0.07929815859094076
0.056820592270516126
0.10387430624034653
0.13628262453243487
0.1605312829528192
0.1806278632895738
0.19879238752858577
0.2320443731033468
0.26121652750241126
0.27994842355606964
0.291877675219536
0.3627792588550694
0.3781461452500521
0.3207964817126884
0.25153097768257104
0.17922156651542354
0.0
0.0
0.0
0.0
0.0
0.0
0.0
0.0
0.07682714569476225
0.06152345550457101
0.11084345919451763
0.1446724968213627
0.17230658431164284
0.1964756325733899
0.20874277466586927
0.23274209675177623
0.2500150685189031
0.25817864375745514
0.26464168459392134
0.3070927396822562
0.3232002983873397
0.28789590023346434
0.22956985092306073
0.16933080930064046
0.0
0.0
0.0
0.0
0.0
0.0
0.0
0.0
0.052457218271129494
0.02943529168350777
0.09333787961755483
0.131065510580381
0.1610552601398025
0.18634943688483321
0.2000638268464
0.22434048065447765
0.24494825004476298
0.2622914345092583
0.27909986422123884
0.3450306563730847
0.3643024521691202
0.31943940231352175
0.26439855595290046
0.20177140104147945
0.0
0.0
0.0
0.0
0.0
0.0
0.0
0.0
0.07683593257477532
0.03486782036020655
0.05406558310373833
0.08332951604385293
0.12327943503590634
0.1625402021400434
0.20314545505612217
0.22326794665895372
0.24426683257060536
0.25934210506433014
0.2757983131516052
0.3165985126997549
0.0
0.0
0.0
0.0
0.0
0.0
0.0
0.0
0.0
0.0
0.0
0.0
0.0
0.0
0.0
0.0
0.0
0.0
0.0
0.0
0.0
0.0
0.0
0.0
0.0
0.0
0.0
0.0
0.0
0.0
0.0
0.0
0.0
0.0
0.0
0.0
0.019064698335272995
0.0
0.038799320535652104
0.06641137745299028
0.07618030561001753
0.07857962933187736
0.07917753754736608
0.10593693758260483
0.11715216457289805
0.12634799040842093
0.1329443665646945
0.13316689512288904
0.11123040707693953
0.079989240446008
0.042345447520036064
0.021491537158317208
0.0
0.0
0.0
0.0
0.0
0.0
0.0
0.0
0.024879330352647885
0.003573404143561794
0.0500847791821089
0.08445000166151452
0.10872867044651956
0.13201544319916855
0.13497550634291558
0.1516622074558757
0.15585399852043008
0.16432559046012452
0.17464677879028365
0.19965825532475437
0.2023822402964532
0.1779110182118539
0.12679673481418546
0.08623317761795267
0.0
0.0
0.0
0.0
0.0
0.0
0.0
0.0
0.022027389334090992
0.006392436811464407
0.06672712543645878
0.10147796606482183
0.12375500536909283
0.14335679945087118
0.1573898992637384
0.19211024984896183
0.2174923097177614
0.23447046846653982
0.2460174737075007
0.29447680038561075
0.29972754288619213
0.24323799168359528
0.16786932867524923
0.11447006529362061
0.0
0.0
0.0
0.0
0.0
0.0
0.0
0.0
0.030814446569318945
0.01734476847671675
0.089065956177215
0.1205368746841013
0.13847840249910526
0.15317033031599697
0.1657100502756944
0.20107622008024656
0.2300037289666966
0.24827977990690142
0.2570190640744693
0.307188222968583
0.32233637389466
0.2738085065935544
0.20135960878215353
0.14508624819227361
0.0
0.0
0.0
0.0
0.0
0.0
0.0
0.0
0.0460030878084857
0.034853932966192415
0.1036398206279012
0.13271448177663756
0.14940713031994712
0.1621433610698644
0.17360887277025375
0.20635781392900493
0.2323407770839473
0.24952911270343386
0.25963755388649296
0.3178670407023462
0.32795515487343674
0.2650606076019865
0.20171271790585146
0.15736740553254605
0.0
0.0
0.0
0.0
0.0
0.0
0.0
0.0
0.10198705747934933
0.08558358620242118
0.10718361391803291
0.12624866234783008
0.13650967156235633
0.1473964878320367
0.15954091508592277
0.15853493447318068
0.16308679053480227
0.1704953545511427
0.17718012616297352
0.19660551890759598
0.0
0.0
0.0
0.0
0.0
0.0
0.0
0.0
0.0
0.0
0.0
0.0
0.0
0.0
0.0
0.0
0.0
0.0
0.0
0.0
0.0
0.0
0.0
0.0
0.0
0.0
0.0
0.0
0.0
0.0
0.0
0.0
0.0
0.0
0.0
0.0
0.017054052203916797
0.0014418628152053346
0.02951640866478102
0.06727783185094889
0.09654692359853215
0.12148678141565615
0.13386336549698022
0.1626607742866222
0.18117866447070913
0.17633441627376292
0.16214611848405547
0.14560855071635964
0.12252924438059572
0.10758009700930335
0.06976152641830052
0.04345256209215812
0.0
0.0
0.0
0.0
0.0
0.0
0.0
0.0
0.016128572958281837
0.00039220192684142046
0.0205867634856149
0.05188416936198657
0.08130283020263214
0.10798598930209082
0.1156636180342194
0.13322552171166782
0.137346960680105
0.14148881869838037
0.13543698502861765
0.1043984340091731
0.059111255717876184
0.02927575825139613
0.0020673615088717154
0.0
0.0
0.0
0.0
0.0
0.0
0.0
0.0
0.0
0.01397730464558165
0.0
0.006552869515253269
0.010667750014233935
0.025784702358109264
0.03235562655301781
0.03539536851827043
0.0662595275938943
0.08051381635547904
0.09110740521875073
0.1012364819015157
0.09575535139153546
0.06818290825136573
0.043466923745302546
0.009118812214290365
0.0007931272516423388
0.0
0.0
0.0
0.0
0.0
0.0
0.0
0.0
0.014304637537091186
0.0
0.007153032348130328
0.026048093091705152
0.061508367501044145
0.08503215835693156
0.09675731919568371
0.12949480189125978
0.14988252549079614
0.16064355681177322
0.16914979629053795
0.18573615344511382
0.17994500572335853
0.1457215980686178
0.09049584714253098
0.05910734297808042
0.0
0.0
0.0
0.0
0.0
0.0
0.0
0.0
0.015675976009726263
0.0005409017912336646
0.02447051614636161
0.05610781430915948
0.08157525968242618
0.10339512934458045
0.11678104179675543
0.15012284810741383
0.173728211027072
0.1890620629189827
0.20043067885996968
0.24358688047278387
0.2510347332362433
0.2037060783368359
0.12543980618946693
0.08252380880503775
0.0
0.0
0.0
0.0
0.0
0.0
0.0
0.0
0.016259240714955794
0.001739060575023365
0.018589004682980418
0.02885667753941065
0.03817216113619002
0.06708998062626192
0.10215790846449543
0.1550769694926742
0.2033560691936712
0.23088749134178452
0.25329325114198
0.3046349711523299
0.017187609708799633
0.02237464073087415
0.0
0.0
0.0
0.0
0.0
0.0
0.0
0.0
0.0
0.0
0.0
0.0
0.0
0.0
0.0
0.0
0.0
0.0
0.0
0.0
0.0
0.04379033783736546
0.08715604580517529
0.02105858737778295
0.0
0.0
0.0
0.0
0.0
0.0
0.0
0.0
0.0
0.0
0.013850230061453325
0.002169981988709806
0.04224588687144153
0.08095855001805838
0.11308383098790221
0.1430426882299511
0.1648927860076035
0.20184177156033203
0.2299316986137064
0.24785297105345885
0.25989814121754423
0.3178828650411755
0.32839228727591546
0.271929204070355
0.1709174580276057
0.1345042414904295
0.0
0.0
0.0
0.0
0.0
0.0
0.0
0.0
0.024630762424928815
0.006695926919891018
0.07403608911924595
0.10915477995847266
0.139129791451904
0.16712876773770868
0.18415251082102296
0.21094243895199716
0.23090953980400591
0.23499085135421635
0.2291586639326129
0.259367563000222
0.25579289154523055
0.2127569545800812
0.1403088771066908
0.13094803718296877
0.0
0.0
0.0
0.0
0.0
0.0
0.0
0.0
0.04811198428223204
0.04638812237484372
0.1093794475674453
0.14030605328369222
0.163358900034088
0.18397803080532207
0.18576881951563057
0.19667540027409686
0.2006608119833838
0.19541588287337666
0.1873931645300156
0.20316634367389505
0.19004468857019371
0.13765987382382086
0.05919782707303388
0.030786638807635405
0.0
0.0
0.0
0.0
0.0
0.0
0.0
0.0
0.011333221091901212
9.488706420245866e-05
0.010021632976898048
0.03107614509757583
0.05335979289129695
0.06991474092337538
0.07557139171418455
0.09270286809351402
0.1019574252203353
0.11214095627455259
0.12258003224927391
0.13036482697943455
0.1083867324348321
0.05696867122661183
0.0070472174964176845
0.00017449706259334963
0.0
0.0
0.0
0.0
0.0
0.0
0.0
0.0
0.00971670523246511
0.00047785819757343375
0.01158652866231425
0.03266405738631551
0.06732576530992473
0.09712172608263178
0.11792961296246544
0.15512015921494793
0.18269801881405226
0.20597003458103336
0.22777534971090965
0.2901918648673156
0.3066695504093095
0.2549901443966066
0.15906749307851303
0.1177064816857535
0.0
0.0
0.0
0.0
0.0
0.0
0.0
0.0
0.01389264911543286
0.003415211227774144
0.02339956137669965
0.035492121326147937
0.06982529605176443
0.11471233713327673
0.16695327531940005
0.2196210354075578
0.26694658411825595
0.2935150889277513
0.3018500957855719
0.3252592540842325
0.0
0.0
0.0
0.0
0.0
0.0
0.0
0.0
0.0
0.0
0.0
0.0
0.0
0.0
0.0
0.0
0.0
0.0
0.0
0.0
0.0
0.0
0.0
0.0
0.0
0.0
0.0
0.0
0.0
0.0
0.0
0.0
0.0
0.0
0.0
0.0
0.0
0.0
0.0
0.0
0.0
0.0
0.0
0.0
0.0
0.0
0.0
0.0
0.0
0.0
0.0
0.0
0.0
0.0
0.0
0.0
0.0
0.0
0.0
0.0
0.0
0.0
0.0009244145663889423
0.0011273971359133457
0.0057618285888399335
0.016929294630510995
0.026447699948393508
0.0559217070149767
0.07508121287585193
0.08870330555875075
0.09934981028922309
0.10196170078218718
0.07945277048179449
0.031240321590981897
0.0012324492823050349
0.0
0.0
0.0
0.0
0.0
0.0
0.0
0.0
0.0
0.0025281897876185504
0.0002269346075415325
0.00258851549584869
0.005879370734601667
0.018776563689414428
0.045687236431142
0.065744120863116
0.10611210445098566
0.13544350974117952
0.15394858318482127
0.16473794941975411
0.18974455155457184
0.1746993420400358
0.10412603187845092
0.03836246328354105
0.010300774583480561
0.0
0.0
0.0
0.0
0.0
0.0
0.0
0.0
0.004593406430714017
0.0005140703506836803
0.006594295234561192
0.016900415020361038
0.042676895626579676
0.07259146366376587
0.09365908239106276
0.133443678344063
0.1630620937863562
0.18464376303727079
0.2016373206557177
0.24853533371360254
0.24188962670906897
0.1542538236590293
0.06706092451605696
0.03513191951952453
0.0
0.0
0.0
0.0
0.0
0.0
0.0
0.0
0.00769775263977137
0.0006468103419279321
0.009516580701032926
0.026909778780186397
0.06231161550209096
0.09595148260122156
0.11459019128105527
0.1493023428951659
0.17504717772551592
0.1905374882617357
0.19770642361100113
0.22177296207189712
0.21749284652232317
0.17301622015000695
0.12507183003446615
0.10191074627130528
0.0
0.0
0.0
0.0
0.0
0.0
0.0
0.0
0.011228075527970234
0.0
0.00038849397866780924
0.0026646249941623856
0.025431676247574798
0.0664722121720896
0.11241113772908831
0.1688511043252329
0.22012127300280251
0.2443316607476722
0.25531303435425867
0.29629480809898157
0.0
0.0
0.0
0.0
0.0
0.0
0.0
0.0
0.0
0.0
0.0
0.0
0.0
0.0
0.0
0.0
0.0
0.0
0.0
0.0
0.0
0.0
0.0
0.0
0.0
0.0
0.0
0.0
0.0
0.0
0.0
0.0
0.0
0.0
0.0
0.0
0.012309157388126823
0.0
0.011439640200561926
0.04675510790875296
0.08495875901881209
0.11692312955986127
0.13451195900551138
0.17122654129297024
0.19528707752768226
0.20833179958948553
0.2083196052288919
0.226780379003462
0.2144103483441991
0.16684186284692257
0.11944694137533456
0.10220905571038377
0.0
0.0
0.0
0.0
0.0
0.0
0.0
0.0
0.01872903621869863
0.0
0.05484187283142896
0.0952949639165636
0.13006714357618823
0.15893465016964417
0.1718850728138351
0.2000477873772383
0.21694629011091734
0.21884500356830638
0.2132425965490426
0.22953913075858837
0.21628916650835595
0.1552039612802245
0.11232467000392686
0.08419166149727741
0.0
0.0
0.0
0.0
0.0
0.0
0.0
0.0
0.013676494939932171
0.0011384027577700895
0.037319219562743325
0.08202091523438959
0.11738545838853226
0.14739520375437118
0.16012445449506513
0.187378462173582
0.20160562652685593
0.19436308151407267
0.17922086505152773
0.16312525321342675
0.1335940888905139
0.09179137421338655
0.05463219344351602
0.02842332625847429
0.0
0.0
0.0
0.0
0.0
0.0
0.0
0.0
0.007358931592213147
0.00045955164991938235
0.0074009080539432365
0.016177730083736096
0.03144576420700102
0.04981815978356466
0.05381361027080759
0.08013706945123328
0.09198269710527765
0.09716705616168626
0.10281876768189877
0.09706235528535362
0.06299626332438849
0.010783311367234608
0.0
0.0
0.0
0.0
0.0
0.0
0.0
0.0
0.0
0.0
0.0011022043250614802
0.0
0.0006095464305832682
0.0002623638126699093
0.00247124871483396
0.0061148898550196715
0.010048085951309989
0.029245487865383075
0.053452688824544556
0.07143628009387648
0.07920828776170562
0.06886875213295404
0.036458238097486675
0.004269376431490499
0.0
0.0
0.0
0.0
0.0
0.0
0.0
0.0
0.0
0.0
0.0006490304488756294
0.0
0.0
0.0
0.0
0.00020821682411839253
0.0
0.0
0.0014293872469215536
0.0020823529569648134
0.005757298100796702
0.019556265719172218
0.0
0.0
0.0
0.0
0.0
0.0
0.0
0.0
0.0
0.0
0.0
0.0
0.0
0.0
0.0
0.0
0.0
0.0
0.0
0.0
0.0
0.0
0.0
0.0
0.0
0.0
0.0
0.0
0.0
0.0
0.0
0.0
0.0
0.0
0.0
0.0
0.000723357036735672
0.0
0.0015663158623015247
0.0006245719912149759
0.005415198899907224
0.030292348406439334
0.047067187410522696
0.07799087501885009
0.09615316499743931
0.1105357546383313
0.1212404512942285
0.13089811254409953
0.11293725302727202
0.06656000029709194
0.031059417114423796
0.018497554487533745
0.0
0.0
0.0
0.0
0.0
0.0
0.0
0.0
0.016855007980653758
0.0
0.011407980934346196
0.03560491493079386
0.05789827032107385
0.07491366967517193
0.0773318647721077
0.09394589145915738
0.10105836194040473
0.09846382188582108
0.09108438717953113
0.057303750094929606
0.011441822636407074
6.634193165711737e-05
0.0
0.0
0.0
0.0
0.0
0.0
0.0
0.0
0.0
0.0
0.001722978738678501
0.0002448848320338645
0.002126638776064422
0.0005217685783317229
0.0
0.0
0.0
0.004047196614288772
0.007293173296276931
0.012077907427007312
0.02149046504093875
0.0
0.0
0.0
0.0
0.0
0.0
0.0
0.0
0.0
0.0
0.0
0.0
0.0
0.0017590178338672106
0.0
0.0015314018989796552
0.0009899019045264432
0.0011509856937312526
0.0018218317232493596
0.003073905095374689
0.022872101645878183
0.03784449263467613
0.04646909387833059
0.05201521560767925
0.02162631334077227
0.005764541878726436
0.0
0.0
0.0
0.0
0.0
0.0
0.0
0.0
0.0
0.0
0.0
0.0006499374441209479
0.0
0.0004871983575704667
0.00020666906657638772
0.0012215687626179555
0.0069140205477408664
0.01622425893566812
0.04228646218848302
0.06513981902167072
0.08334860007275934
0.09357507888242866
0.07754207591954963
0.04218604651530709
0.008716906789431413
0.0
0.0
0.0
0.0
0.0
0.0
0.0
0.0
0.0
0.0
0.003948872803810713
0.0
0.00018385319709733389
0.0
0.0
0.0
0.0
0.0
0.0
0.0
0.0
0.0
0.0
0.0
0.0
0.0
0.0
0.0
0.0
0.0
0.0
0.0
0.0
0.0
0.0
0.0
0.0
0.0
0.0
0.0
0.0
0.0
0.0
0.0
0.0
0.0
0.0
0.0
0.0
0.0
0.0
0.0
0.0
0.0
0.0
0.0
0.0
0.0
0.0
0.0
0.0
0.00017180688496948145
0.0002891645687317692
0.0007923090902203609
0.005523340981346861
0.02582135266552221
0.06377916415158105
0.07968282862854674
0.0886236452473494
0.07275059844231188
0.037054414698048765
0.006537989761511258
0.0
0.0
0.0
0.0
0.0
0.0
0.0
0.0
0.0
0.0
0.0020542965547759306
0.0
0.002429355575436341
0.0011349610963493142
0.012714124485115346
0.035615870687501716
0.04842539511601938
0.07865001008988136
0.0982775185763026
0.11320144881826362
0.12005969519342961
0.12033816619882894
0.0835453203229442
0.01768877013642298
0.0
0.0
0.0
0.0
0.0
0.0
0.0
0.0
0.0
0.0
0.0018168419147170615
0.00027611564962875884
0.001903658485479465
0.002352815171354715
0.010750015747263234
0.027133933755829096
0.03931523482008772
0.07044204719921256
0.09175575058162672
0.10230806733270598
0.10811490663324384
0.08289918290670673
0.0486869655531677
0.022503105103124692
0.004342473281073594
0.0
0.0
0.0
0.0
0.0
0.0
0.0
0.0
0.0
0.012721938050261629
0.00021007898458792203
0.005935854861667229
0.025174179812636352
0.060208512798915134
0.08858933067093445
0.0996121287439604
0.12752042773484837
0.14374981989898294
0.15705839815885492
0.16672026975438092
0.18607474086931794
0.1608792656458577
0.06545464220092363
0.01919326218023532
0.0018841683948253468
0.0
0.0
0.0
0.0
0.0
0.0
0.0
0.0
0.00588195872187712
0.00037875110139787787
0.002886762186514841
0.003425493438804786
0.020844296014979776
0.04788142199662987
0.06447619792170024
0.10014324645436531
0.126770473138823
0.13955265323106544
0.13732628996466323
0.1409630039699747
0.10940072083432444
0.051300597606128956
0.023972783962222913
0.018118212464492352
0.0
0.0
0.0
0.0
0.0
0.0
0.0
0.0
0.011347052067770633
0.0
0.0
0.0
0.0
0.0
0.0
0.0
0.0
0.0
0.0
0.0
0.0
0.0
0.0
0.0
0.0
0.0
0.0
0.0
0.0
0.0
0.0
0.0
0.0
0.0
0.0
0.0
0.0
0.0
0.0
0.0
0.0
0.0
0.0
0.0
0.0
0.0
0.0
0.0
0.0
0.0
0.0
0.0
0.0
0.0
0.0
0.0
0.0
0.0
0.0002011101005373538
0.00020031000961286293
0.0
0.0
0.0
0.002390787687163066
0.0
0.0
0.0
0.0007657091431536977
0.0
0.0
0.0
0.0
0.0
0.0
0.0
0.0
0.0
0.0
0.0
0.0
0.0
0.0
8.125931644742385e-05
9.815649429291332e-05
0.00018859249115640256
0.0002433220368217644
0.0011844727201686192
0.008167326509409233
0.016841007106779993
0.02211423302676301
0.026375355211983517
0.003436635272830699
0.0001812289073796479
0.00010891752256844647
0.0
0.0
0.0
0.0
0.0
0.0
0.0
0.0
0.0
0.0
0.0
0.0
0.00013449646393402844
0.00020539098788663075
0.00024364526336656823
0.007149091288617751
0.016895437362405535
0.02983323950398603
0.04479984004106325
0.058818371727937586
0.06806076454737384
0.04792604410576813
0.012852522376247092
0.0
0.0
0.0
0.0
0.0
0.0
0.0
0.0
0.0
0.0
0.0
8.431930445957416e-05
0.0
0.00047001276969506003
0.0003015396736255373
0.0013494716997895764
0.014124557614991262
0.026936719856489225
0.05930323929808554
0.09248799809334794
0.11590808536565524
0.1273223032146146
0.13489874847384498
0.09628569429969043
0.036436423284938686
0.010040595512017688
0.0007898245931610117
0.0
0.0
0.0
0.0
0.0
0.0
0.0
0.0
0.0016749849834161235
0.0
0.002149471036616352
0.003976146119436823
0.020075461625621894
0.046326734429403695
0.06714295209269776
0.10713692658961163
0.1336386874671482
0.15041262686816967
0.1572970869277586
0.17248692910066277
0.12679642634248284
0.044163723757570286
0.007172079593646152
0.0
0.0
0.0
0.0
0.0
0.0
0.0
0.0
0.0
0.002175762147367977
0.0
0.00015304683677101982
0.00044744490559722174
0.0005545549507923053
0.00643616680552847
0.021138522330616118
0.0395099585360296
0.050494870521286886
0.04715975729767127
0.03982773687910003
0.012137471272876099
0.0
0.0
0.0
0.0
0.0
0.0
0.0
0.0
0.0
0.0
0.0
0.0
0.0
0.0
0.0
0.0
0.0
0.0
0.0
0.0
0.0
0.0
0.0
0.0
0.0
0.0
0.0
0.0
0.0
0.0
0.0
0.0
0.0
0.0
0.0
0.0
0.0
0.0
0.0
0.0
0.0
0.0
0.0
0.0
0.0
0.0
0.0
0.0
0.0
0.0
0.0
0.0
0.0
0.0
0.0
0.0
0.0
0.0
0.0
0.0
0.0
0.0
0.0
0.00022160216446819904
0.00022943880570910533
0.005458796697311157
0.016329346113533965
0.03232641351070824
0.05628860159800836
0.08144389102601839
0.09260159494367644
0.0782609429241775
0.03343123943772355
0.004171218377790718
0.0
0.0
0.0
0.0
0.0
0.0
0.0
0.0
0.0
0.0
0.0006757733829781737
0.0
0.0008561608479033727
0.0004644764877844477
0.004305458853091315
0.01781220493673365
0.023916384583222164
0.05646777449420939
0.0784051830777656
0.09078257391887708
0.08612631195325712
0.05951919212402506
0.01583743634925424
0.0009924347359833994
0.0
0.0
0.0
0.0
0.0
0.0
0.0
0.0
0.0
0.0
0.0018152386036037937
0.0
0.0010810597486909793
0.0005702996176131151
0.0
0.0
0.0
0.00033701442339841134
0.0
0.0
0.0
0.0008037428185385133
6.812992054409716e-05
0.0
0.0
0.0
0.0
0.0
0.0
0.0
0.0
0.0
0.0
0.0
0.0
0.0
0.0
0.0
0.0
0.0
0.0
0.00010479520639432058
0.0
0.0
0.0
0.0001551976754377437
0.0
0.0
0.0
0.0
0.0
0.0
0.0
0.0
0.0
0.0
0.0
0.0
0.0
0.0
0.0
0.0
0.0
5.904378611072163e-05
0.0
0.0
0.0
0.0
0.0
0.0
0.0
0.0
0.0
0.0
0.0
0.0
0.0
0.0
0.0
0.0
0.0
0.0
0.0
0.0
0.0
0.00035441055153239293
0.00012396471678446783
0.0005696235652346265
0.0
0.0
0.0
0.0
0.0
0.0
0.0
0.0
0.0
0.0
0.0002350588286942495
0.0
0.0
0.0
0.0
0.0
0.0
0.0
0.0
0.0
0.0
0.0
0.00012592467303763118
0.0002605702203880346
0.0
0.0023440688835097635
0.001477252095089109
0.00034333058850726536
0.0
0.0
0.0
0.0
0.0
0.0
0.0
0.0
0.0
0.0
0.0
0.0
0.0
0.0
0.0
0.0
0.0004598639087209623
0.0006282642945667857
0.0004307251479793607
0.0021880809560082
0.008028500827860916
0.017852537558667995
0.018978414090183547
0.015941815849876813
0.009714849782983424
0.0003697290870499304
0.0
0.0
0.0
0.0
0.0
0.0
0.0
0.0
0.0
0.0
0.0
0.0
0.0
0.0
0.0
0.0
0.00021737599884286574
0.00026343114215139407
0.0
0.0013968302712867601
0.0012374628568563642
0.0027418619300753795
0.004180981718033063
0.0
0.0
0.0
0.0
0.0
0.0
0.0
0.0
0.0
0.0
0.0
0.0
0.0
0.0
0.0
0.0
0.00010111980501151294
0.000312390387589131
0.0012670948456111714
0.012118043196159419
0.0305549147213053
0.05807509594056055
0.08326724727182844
0.09114984853354151
0.06747157159165852
0.020896474200612514
0.0038085673788816154
0.0
0.0
0.0
0.0
0.0
0.0
0.0
0.0
0.0
0.0
0.008433816699984343
0.0
0.005537254180699613
0.010222734259889874
0.028956291779289395
0.051467800481320686
0.0541802220416998
0.06598575720791479
0.06831530087621697
0.0581606330444101
0.0475970957499667
0.007340413700653801
0.00012544669764450687
0.0
0.0
0.0
0.0
0.0
0.0
0.0
0.0
0.0
0.0
0.0
0.0
0.0
0.0
0.0
0.0
0.00019231358651265284
0.0
0.0
0.0
0.0
0.0
0.0
0.0
0.0
0.0
0.0
0.0
0.0
0.0
0.0
0.0
0.0
0.0
0.0
0.0
0.0
0.0
0.0
0.0
0.0002186989348719097
0.0025776216828119996
0.0005510909306436078
0.0
0.0
0.0
0.0
0.0008384695877467669
0.0012851170141574477
0.002716637130061192
0.002018867172966932
0.0008012479465726149
0.0
0.0
0.0
0.0
0.0
0.0
0.0
0.0
0.0
0.0
0.0
0.0
0.0
0.0001198493046368121
0.0017178830775634033
0.0009993102775577827
0.00036491229641137646
0.002364263125660749
0.0
0.0
0.0
0.0
0.0
0.0
0.0
0.0
0.0
0.0
0.0
0.0
0.0
0.0018529179605844062
0.0
0.002286218597004748
0.002898744730313355
0.0023588110798664144
0.020089714519693807
0.025788526155960882
0.04932365319608298
0.06257984439201904
0.0718972100975629
0.07016051795209324
0.03885823982630375
0.001722932561061234
0.0
0.0
0.0
0.0
0.0
0.0
0.0
0.0
0.0
0.0
0.0
0.0
0.0
0.0002973162877690888
0.0004044301292874558
0.00027786177769627767
0.008744395745258492
0.01945689843208678
0.03812744855659782
0.05932858905590922
0.07384973310374938
0.07369291589231561
0.04022269622737642
0.002300472032032388
0.0
0.0
0.0
0.0
0.0
0.0
0.0
0.0
0.0
0.0
0.0
0.0
0.0
0.00010217254636234492
0.00038012056405154317
0.0003344567363656761
0.010453200855143164
0.019452046907993816
0.03178029134135835
0.05013113413478379
0.07141504970093536
0.08730335517662252
0.07494453594526569
0.020371699478957603
0.0016128008135899877
0.0
0.0
0.0
0.0
0.0
0.0
0.0
0.0
0.0
0.0
0.0012214096739074248
0.0
0.0013929981904110538
0.0012125665771779448
0.0025499423273342044
0.012960831563954596
0.01942002442395917
0.034885102566433505
0.03692731052176411
0.03543641515117424
0.02940477017988692
0.0006375873977566549
0.0
0.0
0.0
0.0
0.0
0.0
0.0
0.0
0.0
0.0
0.0
0.0
0.0
0.0
0.0
0.0
0.0
0.0
0.0
0.0
0.0
0.0
0.0
0.0
0.0
0.0
0.0
0.0
0.0
0.0
0.0
0.0
0.0
0.0
0.0
0.0
0.0
0.0
0.0
0.0
0.0005259245729173363
0.0003571755386970911
0.0015074691967435084
0.0
0.0
0.0
0.0
0.0
0.0
0.0
0.0
0.0
0.0004964706611293769
0.003524149024318918
0.0013300311519104152
0.0
0.0
0.0
0.0
0.0
0.0
0.0
0.00019811280901460833
0.0010099568032999977
0.0005304254546078646
0.0001231148927099812
0.0
0.002181191733358415
0.0018384739310866977
0.004207914995046449
0.009721949651545098
0.0
0.0
0.0
0.0
0.0
0.0
0.0
0.0
0.0
0.0
0.0
0.0
0.0
8.856138912979727e-05
0.0
0.0003696298273340174
0.0006863848226235573
0.00025767889542808076
0.00045286730609946714
0.0003655756827252042
0.013267244658974015
0.020407478897540538
0.020680170698764315
0.016714564285781462
0.00030016375933198514
0.0003155226853667789
0.0
0.0
0.0
0.0
0.0
0.0
0.0
0.0
0.0
0.0
0.0
0.0
0.0
0.0
0.0
0.0
0.0
0.0
0.0017495841546043697
0.0
9.569797217797989e-05
0.0
0.00013275192486718925
0.0
0.0
0.0
0.0
0.0
0.0
0.0
0.0
0.0
0.0
0.0
0.00013872917297755058
0.0
0.0
0.0
0.0
0.0
0.0
0.0
3.0320608416986437e-05
0.0
0.0
0.0
0.00018008190179405923
0.0
0.0
0.0
0.0
0.0
0.0
0.0
0.0
0.0
0.0
0.0
0.0
0.0
0.0
0.0
0.0
0.0
0.00014242459302892497
0.0
0.00046045886483171136
0.0002898444990231457
0.00011065944814584418
0.0
0.0002422000050245403
0.0
0.0
0.0
0.0
0.0
0.0
0.0
0.0
0.0
0.0
0.0
0.0
0.0
0.0
0.0
0.0
0.0
0.0
0.0
0.00023219534587472777
0.0
0.0
0.0
0.0
0.0
0.0
0.0
0.0
0.0
0.0
0.0
0.0
0.0
0.0
0.0
0.0
0.0
0.0
0.0
0.0006392533873003135
0.00047557665670358855
0.0001428373610057824
0.0
0.003048980224560904
0.0023903655139517472
0.0
0.0
0.0
0.0005149803443400692
0.00010881725417962776
0.0
0.0
0.0
0.0
0.0
0.0
0.0
0.0
0.0
0.0
0.0
0.0
0.0
0.0
2.721839606708136e-05
0.0001639088012399611
0.00023171990343435724
0.0011629124516417558
0.010795603754216634
0.011775887334497873
0.006907837401781107
0.001275876855669623
0.0004725257594333766
0.0
0.0
0.0
0.0
0.0
0.0
0.0
0.0
0.0
0.0
0.0
0.0
0.0
0.0
0.0
0.00010694379835776723
0.00025221148495353123
7.324422719380834e-05
0.0
0.0026656463780539946
0.0006579747657250557
0.0
0.0007243177382050489
0.0
0.0
0.0
0.0
0.0
0.0
0.0
0.0
0.0
0.0
0.0
0.0
0.0
0.0
0.0
0.00038070168365299115
0.00044257157121500336
0.0006976277587186476
0.006859333303068806
0.007654036754043432
0.014511309217571598
0.011083396087844304
0.006761568403261951
0.0009383530956303061
0.0005704563052357352
0.0
0.0
0.0
0.0
0.0
0.0
0.0
0.0
0.0
0.0
0.0
0.0
0.0
0.0
0.0
0.0
0.0
5.7687762549408964e-05
0.0
0.0009582404392367073
0.0012900861419443143
0.000652973274033393
0.0
0.0002449669350513222
0.0
0.0
0.0
0.0
0.0
0.0
0.0
0.0
0.0
0.0
0.0
0.0
0.0
0.0
0.0
0.0
0.0
0.0
0.0
0.0011314223749365729
0.00043264871046435894
0.00019144955270249472
0.0
8.45267419584168e-05
0.0
0.0
0.0
0.0
0.0
0.0
0.0
0.0
0.0
0.0
0.0
0.0
0.0
0.0
0.0
0.0003690889327136701
0.0
0.0
0.0
0.0028271876972552567
0.0013260612054422263
0.0005651257290728384
0.0
0.0
0.0002894776597691833
0.0
0.0
0.0
0.0
0.0
0.0
0.0
0.0
0.0
0.0
0.0
0.0
0.0
0.0
0.0015014529802932555
0.0011935674467808868
0.0
0.0
0.0
0.0
0.0
0.0
0.0
0.0
0.0008163172237510253
0.0
0.0001785689776457174
0.0
0.0
0.0
0.0
0.0
0.0
0.0
0.0
0.0
0.0
0.0
0.0
0.0
0.0
0.0
0.0003835933051735111
0.0002257941888037831
0.0
0.0
0.0
0.0
0.0
0.0
0.0
0.0
0.0
0.0
0.0
0.0
0.0
0.0
0.0
0.0
0.0
0.0
0.0
0.0
0.0
0.0
0.0
0.0
0.0
0.0
0.0
0.0
0.0
0.0
0.0
0.0
0.0
0.0
0.0
0.0
0.0
0.0
0.0
0.0
0.0
0.0
0.0
0.0001367323201498105
0.0002859002040515013
0.0
0.0011674168994697976
0.0004750354109333557
0.0
0.0
0.0002050225801085934
0.0
0.0
0.0
0.0
0.0
0.0
0.0
0.0
0.0
0.0
0.0
0.0
0.0
0.0
0.0
0.0
0.00017262983317461886
0.00022189034316332128
0.00016868251265225753
0.00514311271566009
0.005123092392098241
0.0009711903499348398
0.0
0.00027449180397882435
0.0
0.0
0.0
0.0
0.0
0.0
0.0
0.0
0.0
0.0
0.0
0.0
0.0
0.0
0.0
0.0
5.046825743575389e-05
0.0002595820589752327
9.716536411570624e-05
0.0025715165901488424
0.003654494948952303
0.00018385052757589359
0.0
0.00030749907005821875
0.0
0.0
0.0
0.0
0.0
0.0
0.0
0.0
0.0
0.0
0.0
0.0
0.0
0.0
0.0
0.0
0.0
0.0
0.0
0.0
0.0
0.0
0.0
0.0
0.0
0.0
0.0
0.0
0.0
0.0
0.0
0.0006686438110264286
0.0005069053409342938
0.0
0.00021342011913951723
0.0006244331454702886
0.0
0.0
0.0013061089559151368
0.0
0.0
0.0015253262653356513
0.0003467122821344138
0.0
0.0
0.0
0.0006143850371304866
0.0
0.0
0.0
0.0
0.0
0.0
0.0
0.0
0.0
0.0
0.0
0.0
0.0
0.0
0.0
0.0
0.0
0.0002793593411358085
0.00036477007805494493
0.0015651480112773364
0.015127801357884423
0.016265315233843797
0.010804400651794333
0.004841296484975664
0.0
0.0
0.0
0.0
0.0
0.0
0.0
0.0
0.0
0.0
0.0
0.0
0.0
0.0013778659635078616
0.0
0.0036264013210348675
0.002415363163551153
0.0019472251621845073
0.00348436298104829
0.004225644734133204
0.01553532439340679
0.017163702028328592
0.018179730202202204
0.016393053745970682
0.0
0.0
0.0
0.0
0.0
0.0
0.0
0.0
0.0
0.0
0.0
0.0
0.0
9.351420716215551e-05
0.0
0.0
0.0
0.0
0.0002809685335363912
0.0
0.002282412512685892
0.00023426628293015094
6.260399467811507e-05
0.0
0.00012580064308256124
0.0
0.0
0.0
0.0
0.0
0.0
0.0
0.0
0.0
0.0
0.0
0.0
0.0
0.0
0.0
0.0
0.0
0.0
0.0
0.0
0.0
0.0
0.0
0.0
0.0
0.0
0.0
0.0
0.0
0.0
0.0
0.0
0.0
0.0
0.0
0.0
0.0
0.0
0.0
0.0
0.0
0.0002074164641151767
0.0004153029233646197
0.0007907531179803131
0.0
0.0
0.0
0.0
0.0
0.0
0.0
0.0
0.0
0.0
0.0
0.0
0.0
0.0
0.0
0.0
0.0
0.0
0.0
0.0
0.0
0.0
0.0
0.0
0.0
0.0
0.0
0.0
0.0
0.0
0.0
0.0
0.0
0.0
0.0
0.0010771720573404297
0.0006590434195146554
0.000130896955855221
0.0
0.0
0.0
0.0
0.0011621322343768677
0.0009528896331174136
0.0
0.0
0.0006619693878496747
0.0002295116939772194
0.000961411959376135
0.0
0.0
0.0
0.0
0.0
0.0
0.0
0.0
0.0
0.0
0.0
0.0
0.0
0.0
0.0
0.0
0.0
0.0
0.0
0.0
0.0
0.0
0.0
0.0
0.0
0.0
0.0
0.0
0.0
0.0
0.0
0.0
0.0
0.0
0.0
0.0
0.0
0.0
0.0
0.0
0.0
0.0
0.0
7.286874163600541e-05
0.00019270614238886498
0.0
0.0004098947058624463
0.0
0.0
0.0
0.0
0.0
0.0
0.0
0.0
0.0
0.0
0.0
0.0
0.0
0.0
0.0
0.0
0.0
0.0
0.0
0.0
0.0
0.0
0.00012806245998719544
0.00034354695729060846
0.0
0.0
0.0
0.0
0.0
0.0
0.0
0.0
0.0
0.0
0.0
0.0
0.0
0.0
0.0
0.0
0.0
0.0
0.0
0.0
0.0
0.0
0.0
0.0
0.0
0.0
0.0
0.0
0.0
0.0
0.0
0.0
0.0
0.0
0.0
0.0
0.0
0.0
0.0
0.0
0.0
0.0
0.0
0.0
0.00027206509385503674
0.00024239244776136327
0.0
0.0038879779648594973
0.0028520114151171986
0.0009293353745996368
0.0
0.00030264475506037937
0.0
0.0
0.0
0.0
0.0
0.0
0.0
0.0
0.0
0.0005004478792286855
0.0002565476626504256
0.0
0.0
0.0
0.0
0.0
0.0
0.0
0.0
0.0
0.0
0.0
0.0
0.0
0.0
0.0
0.0
0.0
0.0005167039684037282
0.00017982950353116547
0.0
0.0
0.0
0.0
0.0
0.0
0.0
0.0
0.0
0.00015823167551113192
0.0
0.0
0.0
0.0
0.0
0.0
0.0
0.0
0.0
0.0
0.0
0.0
0.0
0.0
0.0
0.0
0.0
0.0
0.0
0.0
0.0
0.0
0.0
0.0
0.0
0.0
0.0
0.0
0.0
0.0
0.0
0.0
0.0
0.0
0.0
0.0
0.0
0.0
0.0
0.0
0.0
0.0
0.0
0.00013661538310480258
0.0
0.0
0.0
0.0
0.00013897657289338843
0.0005779176473881734
0.000704131096231831
0.0009014803539067638
0.0
0.0
0.0
0.00012538111134175587
0.0
0.0
0.0
0.0
0.0
0.0
0.0
0.0
0.0
0.0
0.0
0.0
0.0
0.0
0.0
0.0
0.0
0.00018419127058041923
0.0
0.00014928279493290806
0.0
0.0
0.0
0.0
0.0
0.0
0.0
0.0
0.0
0.0
0.0
0.0
0.0
0.0
0.0
0.0
0.0
0.0
0.0
0.0
0.0
0.0
0.0
0.0
0.0
0.0
0.0
0.0
0.0
0.0
0.0
0.0
0.0
0.0
0.0
0.0
0.0
0.0
0.0
0.0
0.0
0.0
0.0
0.0
0.0
0.0
0.0
0.0
0.0
0.0
0.0
0.0
0.0
0.0
0.0
0.0
0.0
0.0
0.0
0.0
0.0
0.0
0.0
0.0
0.0
0.0
0.0
0.0
0.0
0.0
0.0
0.0
0.0
0.0
0.0
0.0
0.0
0.0
0.0
0.0
0.0
0.0
0.0
0.0
0.0
0.0
0.0
0.0
0.0
0.0
0.0
0.0
0.0
0.0
0.0
0.0
0.0
0.0
0.0
0.0
0.0
0.0
0.0
0.0
0.0
0.0
0.0
0.0
0.0
0.0
0.0
0.0
0.0
0.0
0.0
0.0
0.0
0.0
0.0
0.0
0.0
0.0
0.0
0.0
0.0
0.0
0.0
0.0
0.0
0.0
0.0
0.0
0.0
0.0
0.0
0.0
0.0
0.0
0.0
0.0
0.0
0.0
0.0
0.0
0.0
0.0
0.0
0.0
0.0
0.0
0.0
0.0
0.0
0.0
0.0
0.0
0.0
0.0
0.0
0.0
0.0
0.0
0.0
0.0
0.0
0.0
0.0
0.0
0.0
0.0
0.0
0.0
0.0
0.0
0.0
0.0
0.0
0.0
0.0
0.0
0.0
0.0
0.0
0.0
0.0
0.0
0.0
0.0
0.0
0.0
0.0
0.0
0.0
0.0
0.0
0.0
0.0
0.0
0.0
0.0
0.0
0.0
0.0
0.0
0.0
0.0
0.0
0.0
0.0
0.0
0.0
0.0
0.0
0.0
0.0
0.0
0.0
0.0
0.0
0.0
0.0
0.0
0.0
0.0
0.0
0.0
0.0
0.0
0.0
0.0
0.0
0.0
0.0
0.0
0.0
0.0
0.0
0.0
0.0
0.0
0.0
0.0
0.0
0.0
0.0
0.0
0.0
0.0
0.0
0.0
0.0
0.0
0.0
0.0
0.0
0.0
0.0
0.0
0.0
0.0
0.0
0.0
0.0
0.0
0.0
0.0
0.0
0.0
0.0
0.0
0.0
0.0
0.0
0.0
0.0
0.0
0.0
0.0
0.0
0.0
0.0
0.0
0.0
0.0
0.0
0.0
0.0
0.0
0.0
0.0
0.0
0.0
0.0
0.0
0.0
0.0
0.0
0.0
0.0
0.0
0.0
0.0
0.0
0.0
0.0
0.0
0.0
0.0
0.0
0.0
0.0
0.0
0.0
0.0
0.0
0.0
0.0
0.0
0.0
0.0
0.0
0.0
0.0
0.0
0.0
0.0
0.0
0.0
0.0
0.0
0.0
0.0
0.00010963162463957887
0.0003477508764285728
5.539939551149769e-05
0.0005137813588098903
0.0
0.0
0.0
0.00013853380862521218
0.0
0.0
0.0
0.0
0.0
0.0
0.0
0.0
0.0
0.0
0.0
0.0
0.0
0.0
0.0
0.0
0.0
0.0
0.0
0.00023174125068288226
0.0
0.0
0.0
0.0
0.0
0.0
0.0
0.0
0.0
0.0
0.0
0.0
0.0
0.0
0.0
0.0
0.0
0.0
0.0
0.0
0.0
0.0
0.0
0.0
0.0
0.0
0.0
0.0
0.0
0.0
0.0
0.0
0.0
0.0
0.0
0.0
0.0
0.0
0.0
0.0
0.0
0.0
0.0
0.0
0.0
0.0
0.0
0.0
0.0
0.0
0.0
0.0
0.0
0.0
0.0
0.0
0.000789552190621914
0.0
0.0
0.0
0.0
0.0
0.0
0.0
0.0
0.0
0.0
0.0
0.0
0.0
0.0003741285291174941
0.0002267511309490408
0.0
0.0
0.0
0.0
0.0005803076477979527
0.0
0.0
0.0
0.0
0.0
0.0
0.0
0.0
0.0
0.0
0.0
0.0
0.0
0.0
0.0
0.00035530344373095146
0.0
0.0
0.0
0.0
0.0
0.0
0.0
0.0
0.0
0.0
0.0
0.0
0.0
0.0
0.0
0.0
0.0
0.0
0.0
0.0
0.0
0.0
0.0
0.0
0.0
0.0
9.360625087190678e-05
0.000224886715027333
0.0
0.0
0.0
0.0
0.0
0.0
0.0
0.0
0.0
0.0
0.0
0.0
0.0
0.0
0.0
0.0
0.0
0.0
0.0
0.0
7.57381388939757e-05
0.0
0.0
0.0
0.0
0.0
0.0
0.0
0.0
0.0
0.0
0.0
0.0
0.0
0.0
0.0
0.0
0.0
0.0
0.0
0.0
0.0
0.0
0.0
0.0
0.0
0.0
0.0
0.0
0.0
0.0
0.0
0.0
0.0
0.0
0.0
0.0
0.0
0.0
0.0
0.0
0.0
0.0
0.0
0.0
0.0
0.0
0.0
0.0
0.0
5.1444586220701875e-05
0.0
0.0
0.0
0.00015752103353053703
0.0
0.0
0.0
0.0
0.0
0.0
0.0
0.0
0.0
0.0
0.0
0.0
0.0
0.0
0.0
0.0
0.0
0.0
0.0
0.0
0.0
0.0
0.0
0.0
0.0
0.0
0.0
0.0
0.0
0.0
0.0
0.0
0.0
0.0
0.0
0.0
0.0
0.0
0.0
0.0002983762331592066
0.0
0.0
0.0
0.0
0.0016794837846317197
0.0
0.0
0.0
0.0
0.0
0.0
0.0
0.0
0.0
