0.0
0.0
0.0
0.0
0.0
0.0
0.0
0.0
0.0
0.0
0.0
0.0
0.0
0.0
0.0
0.0
0.0
0.0
0.0
0.0
0.0
0.0
0.0
0.0
0.0
0.0
0.0
0.0
0.0
0.0
0.0
0.0
0.0
0.0
0.0
0.0
0.0
0.0
0.0
0.0
0.0
0.0
0.0
0.0
0.0
0.0
0.0
0.0
0.0
0.0
0.0
0.0
0.0
0.0
0.0
0.0
0.0
0.0
0.0
0.0
0.0
0.0
0.0
0.0
0.0
0.0
0.0
0.0
0.0
0.0
0.0
0.0
0.0
0.0
0.0
0.0
0.0
0.0
0.0
0.0
0.0
0.0
0.0
0.0
0.00036804980456686296
0.00416745808657232
0.0009371339692477063
0.0
0.0
0.0
0.0
0.0
0.0
0.0
0.0
0.0
0.0
0.0
0.0
0.0
0.0
0.0
0.0
0.0
0.0
0.0
0.0
0.0
0.0
0.0
0.0
0.0
0.0
0.0
0.0
0.0
0.0
0.0
0.0
0.0
0.0
0.0
0.0
0.0
0.0
0.0
0.0
0.0
0.0
0.0
0.0
0.0
0.0
0.0
0.0
0.0
0.0
0.0
0.0
0.0
0.0
0.0
0.0
0.0
0.0
0.0
0.0
0.0
0.0
0.0
0.0
0.0
0.0
0.0
0.0
0.0
0.0
0.0
0.0
0.0
0.0
0.0
0.0
0.0
0.0
0.0
0.0
0.0
0.0
0.0
0.0
0.0
0.0
0.0
0.0
0.0
0.0
0.0
0.0
0.0
0.0
0.0
0.0
0.0
0.0
0.0
0.0
0.0
0.0
0.0
0.0
0.0
0.0
0.0
0.0
0.0
0.0
0.0
0.0
0.0
0.0
0.0
0.0
0.0
0.0
0.0003037726601992846
0.0013323497346784503
0.00020867558972949808
0.0
0.0
0.0
0.0
0.0
0.0
0.0
0.0
0.0
0.0
0.0
0.0
0.0
0.0
0.0
0.0
0.0
0.0
0.0007278586117916441
0.013081950874418782
0.017478671991641225
0.013507250209694961
0.008157703135567934
0.004195076704571463
0.002182871039832586
0.0
0.0
0.0
0.0
0.0
0.0
0.0
0.0
0.0
0.0
0.0
0.0
0.0
0.0
0.0
0.0
0.0
0.0
0.0
0.0
0.0
0.0
1.0558189044502532e-05
0.0
0.0
0.0
0.0
0.0
0.0
0.0
0.0
0.0
0.0
0.0
0.0
0.0
0.0
0.0
0.0
0.0
0.0
0.0
3.512480221813645e-05
0.0020657456460724233
0.004235131302284145
0.0011723339024174147
0.0
0.0
0.0
0.0
0.0
0.0
0.0
0.0
0.0
0.0
0.0
0.0
0.0
0.0
0.0
0.0
0.0
0.0
0.0
0.0
0.012172017638923609
0.05279681727895983
0.09260529697628808
0.09671225005908755
0.07410622265645682
0.02881018510686211
0.0018627111583602424
0.0
0.0
0.0
0.0
0.0
0.0
0.0
0.0
0.0
0.0
0.0
0.0
0.0
0.0
0.0
0.0
0.0
0.05191814761482541
0.07998266656471471
0.072758628474741
0.07445849977109333
0.050560106115616905
0.0059561546525377694
0.0
0.0
0.0
0.0
0.0
0.0
0.0
0.0
0.0
0.0
0.0
0.0
0.0
0.0
0.0
0.0
0.0
0.0
0.0
0.0
0.0
0.0
0.0
0.0
0.0
0.0
0.0
0.0
0.0
0.0
0.0
0.0
0.0
0.0
0.0
0.0
0.0
0.0
0.0
0.0
0.0
0.0
0.0
0.0
0.0
0.0
0.0
0.0
0.0
0.0
0.0
0.0
0.0
0.0
0.0
0.0
0.0
0.0
0.0
0.0
0.0
0.0
0.0
0.0
0.0
0.0
0.0
0.0
0.0
0.0
0.0
0.0
0.0
0.0
0.0
0.0
0.0
0.0
0.0
0.0
0.0
0.0
0.0
0.0
0.0
0.0
0.0
0.0
0.0
0.0
0.0
0.0
0.0
2.541576849634746e-05
7.173847937508906e-05
0.0
0.0
0.0
0.0
0.0
0.0
0.0
0.0
0.0
0.0
0.0
0.0
0.0
0.0
0.0
0.0
0.0
0.0
0.0
0.0
0.003888061640372998
0.005435790607825273
0.0031396238579182553
0.0008702061862966408
0.0
0.0
0.0
0.0
0.0
0.0
0.0
0.0
0.0
0.0
0.0
0.0
0.0
0.0
0.0
0.0
0.0
0.0
0.0
0.0
0.0
0.0
0.0
0.0
0.0
0.0
0.0
0.0
0.0
0.0
0.0
0.0
0.0
0.0
0.0
0.0
0.0
0.0
0.0
0.0
0.0
0.0
0.0
0.0
0.0
0.0
0.0
0.0
0.0
0.0
0.0
0.0
0.0
0.0
0.0
0.0
0.0
0.0
0.0
0.0
0.0
0.0
0.0
0.0
0.0
0.0
0.0
0.0
0.002422125423306543
0.0073180180503327336
0.008050392827801723
0.0051496589791619396
0.0
0.0
0.0
0.0
0.0
0.0
0.0
0.0
0.0
0.0
0.0
0.0
0.0
0.0
0.0
0.0
0.0
0.0
0.0
0.0037429288509884134
0.010939638266791986
0.009847244854397573
0.008364797025502442
0.0033309095611021118
0.0
0.0
0.0
0.0
0.0
0.0
0.0
0.0
0.0
0.0
0.0
0.0
0.0
0.0
0.0
0.0
0.0
0.0
0.030051448306017973
0.06365157109744551
0.06213726611431742
0.12429192083600585
0.14996853731569135
0.12468722538863719
0.06835774333730238
0.013246468328804344
0.0005602652864308666
0.0
0.0
0.0
0.0
0.0
0.0
0.0
0.0
0.0
0.0
0.0
0.0
0.0
0.0
0.0
0.022640094759521417
0.11369745601184489
0.17329807559461768
0.20393924268757635
0.21428339217214942
0.20875584143619488
0.16963441603544463
0.09385425436181871
0.045135329393381426
0.009244080904043807
0.0
0.0
0.0
0.0
0.0
0.0
0.0
0.0
0.0
0.0
0.0
0.0
0.0
0.0
0.059462872330718425
0.1378475089920038
0.2022578971376004
0.23178534425147293
0.21939306244579546
0.16094532226923222
0.0819623440823296
0.042660646735993735
0.03989050810939677
0.01911918139125182
0.005857686382881241
0.0
0.0
0.0
0.0
0.0
0.0
0.0
0.0
0.0
0.0
0.0
0.0
0.0
0.00013344034479104754
0.07692126900451982
0.17201502158344797
0.18394018178377636
0.1575253851158049
0.10545995126829377
0.05286484627938399
0.009614581891635924
0.0
0.0
0.0
0.0
0.0
0.0
0.0
0.0
0.0
0.0
0.0
0.0
0.0
0.0
0.0
0.0
0.0
0.027836714854444524
0.04310767763497312
0.03070020587911619
0.02652938024090405
0.016638618337779666
0.0028240676596909095
0.0
0.0
0.0
0.0
0.0
0.0
0.0
0.0
0.0
0.0
0.0
0.0
0.0
0.0
0.0
0.0
0.0
0.0
0.0
0.0
0.0
0.0
0.0
0.0
0.0
0.0
0.0
0.0
0.0
0.0
0.0
0.0
0.0
0.0
0.0
0.0
0.0
0.0
0.0
0.0
0.0
0.0
0.0
0.0
0.0
0.0
0.0
0.0
0.0
0.0
0.0
0.0
0.0
0.0
0.0
0.0
0.0
0.0
0.0
0.0
0.0
0.0
0.0
0.0
0.0
0.0
0.0
0.0
0.0
0.0
0.0
0.0
0.0
0.0
0.0
0.0
0.0
0.0
0.0
0.0
0.0
0.0
0.0
0.0
0.0
0.0
0.0
0.0
0.0
0.0
0.0
0.0
0.0
0.0
0.0
0.0
0.0
0.0
0.0
0.0
0.0
0.0
0.0
0.0
0.0
0.0
0.0
0.0
0.0
0.0
0.0
0.0
0.0
0.0
0.0
0.0
0.0
0.0
0.0
0.0
0.0
0.0
0.0
0.0
0.0
0.0
0.0
0.0
0.0
0.0
0.0
0.0
0.0
0.0
0.0
0.0
0.0
0.0
0.0
0.0
0.0010130128916365218
0.001122520934931444
1.0296927898708339e-05
3.443102063744574e-05
1.1839079083909641e-05
0.0
0.0
0.0
0.0
0.0
0.0
0.0
0.0
0.0
0.0
0.0
0.0
0.0
0.0
0.0
0.0
0.0
0.0
0.0
0.0
0.0
0.0
0.0
0.0
0.0
0.0
0.0
0.0
0.0
0.0
0.0
0.0
0.0
0.0
0.0
0.0
0.0
0.0
0.0
0.0
0.0
0.0
0.0
0.0
0.0
0.0
0.0
0.0
0.0
0.0
0.0
0.0
0.0
0.0
0.0
0.0
0.0
0.0
0.0
0.0
0.0
0.0
0.0
0.0
0.0
0.0
0.0
0.0030863514153762635
0.0018825291244876925
2.30466581924609e-05
0.0
0.0
0.0
0.0
0.0
0.0
0.0
0.0
0.0
0.0
0.0
0.0
0.0
0.0
0.0
0.0
0.0
0.0
0.0
0.0
0.000209019299044272
0.00244310384805539
0.0009932292452172298
0.0
0.0
0.0
0.0
0.0
0.0
0.0
0.0
0.0
0.0
0.0
0.0
0.0
0.0
0.0
0.0
0.0
0.0
0.0
0.0
0.0
0.0
0.0
0.0
0.0
0.0
0.0
0.0
0.0
0.0
0.0
0.0
0.0
0.0
0.0
0.0
0.0
0.0
0.0
0.0
0.0
0.0
0.0
0.0
0.00016578443200266862
0.004930176686656905
0.029505905262574204
0.07367055338539984
0.07337370729508125
0.053032811779065735
0.010363139319010178
0.0
0.0
0.0
0.0
0.0
0.0
0.0
0.0
0.0
0.0
0.0
0.0
0.0
0.0
0.0
0.0
0.07522003268296265
0.1340313122418531
0.1329892027698397
0.1324353783611956
0.12789098076053085
0.1156383430132444
0.09064682765295014
0.040132981769048434
0.001475616884925829
0.0
0.0
0.0
0.0
0.0
0.0
0.0
0.0
0.0
0.0
0.0
0.0
0.0
0.0
0.0
0.0
0.0012399029782483321
0.016616143173003216
0.0652022179023384
0.09538389434631031
0.0941178096383645
0.07365303591421568
0.0018813883156449046
0.0
0.0
0.0
0.0
0.0
0.0
0.0
0.0
0.0
0.0
0.0
0.0
0.0
0.0
0.0
0.04110769435122124
0.12661712859670843
0.18240522119012026
0.21708108370674326
0.24999305153081294
0.23103017349652258
0.20389254351137145
0.15077549992626713
0.06224700938557412
0.013778402059277838
0.0012681666037326995
0.0
0.0
0.0
0.0
0.0
0.0
0.0
0.0
0.0
0.0
0.0
0.0
0.0
0.004636239169902225
0.09736695361307025
0.1849738804666997
0.17474319360391777
0.1602487969316176
0.15569996508099232
0.13893308402690066
0.10808566611655268
0.041253507979764764
0.005683839011061513
0.0
0.0
0.0
0.0
0.0
0.0
0.0
0.0
0.0
0.0
0.0
0.0
0.0
0.0
0.0
0.0
0.0027216922967700564
0.015995749795403285
0.017574522728566633
0.012353650389013432
0.005201167437143944
0.0
0.0
0.0
0.0
0.0
0.0
0.0
0.0
0.0
0.0
0.0
0.0
0.0
0.0
0.0
0.0
0.0
0.0
0.0
0.0
0.0
0.0
0.0
0.0
0.0
0.0
0.0
0.0
0.0
0.0
0.0
0.0
0.0
0.0
0.0
0.0
0.0
0.0
0.0
0.0
0.0
0.0
0.0
0.0
0.0
0.0
0.0
0.0
0.0
0.0
0.0
0.0
0.0
0.0
0.0
0.0
0.0
0.0
0.0
0.0
0.0
0.0
0.0
0.0
0.0
0.0
0.0
0.0
0.0
0.0
0.0
0.0
0.0
0.0
0.0
0.0
0.0
0.0
0.0
0.0
0.0
0.0
0.0
0.0
0.0
0.0
0.0
0.0
0.0
0.0
0.0
0.0
0.0
0.0
0.0
0.0
0.0
0.0
0.0
0.0
0.0
0.0
0.0
0.0
0.0
0.0
0.0
0.0
0.0
0.0
0.0
0.0
0.0
0.0
0.0
0.0
0.0
0.0
0.0
0.0
0.0
0.0
0.0
0.0
0.0
0.0
0.0
0.0
0.0
0.0
0.0
0.0
0.0
0.0
0.0
0.0
0.0
0.0
0.0
0.0
0.0
0.0
0.0
0.0
0.0
0.0
0.0
0.0
0.0
0.0
0.0
0.0
0.0
0.0
0.0
0.0
0.0
0.0
0.0
0.0
0.0
0.0
0.0
0.0
0.0
0.0
0.0
0.0
0.0
0.0
0.0
0.0
0.0
0.0
0.0
0.0
0.0
0.0
0.0
0.0
0.0
0.0
0.0
0.0
0.0
0.0
0.0
0.0
0.0
0.0
0.0
0.0
0.0
0.0
0.0
0.0
0.0
0.0
0.0
0.0
0.0
0.0
0.0
0.0
0.0
0.0
0.0
0.0
0.0
0.0
0.0
0.0
0.0049099327549471895
0.00917012902423744
0.008166248700224655
0.006329927602545063
0.0016973318414072929
0.0
0.0
0.0
0.0
0.0
0.0
0.0
0.0
0.0
0.0
0.0
0.0
0.0
0.0
0.0
0.0
0.0
0.0
0.0009615721953914333
0.0062452021795464776
0.010060807643182429
0.010549409949280305
0.006227460744739699
0.0004871519722628087
3.132150930358313e-05
0.0
0.0
0.0
0.0
0.0
0.0
0.0
0.0
0.0
0.0
0.0
0.0
0.0
0.0
0.0
0.0
0.0
0.0
0.0
0.0
1.0752934818289578e-05
3.73060352526433e-05
0.0
0.0
0.0
0.0
0.0
0.0
0.0
0.0
0.0
0.0
0.0
0.0
0.0
0.0
0.0
0.0
0.0
0.0
0.0
0.00010652997519254878
0.007228448348234757
0.012973612830186916
0.014557830294225728
0.014046405599158951
0.006531772168951068
4.898601667524892e-05
0.0
0.0
0.0
0.0
0.0
0.0
0.0
0.0
0.0
0.0
0.0
0.0
0.0
0.0
0.0
0.0
0.0
0.0
0.0
0.0
0.0
0.0
0.0
0.0
0.0
0.0
0.0
0.0
0.0
0.0
0.0
0.0
0.0
0.0
0.0
0.0
0.0
0.0
0.0
0.0
0.0
0.0
0.0
0.0
0.0
0.0
0.0
0.0
0.0
0.0
0.0
0.0
0.0
0.0
0.0
0.0
0.0
0.0
0.0
0.0
0.0
0.0
0.0
0.0
0.0
3.9223303840443406e-05
0.0030407265162922066
0.0063700073116275055
0.0060863029603852635
0.004049097990882246
0.0
0.0
0.0
0.0
0.0
0.0
0.0
0.0
0.0
0.0
0.0
0.0
0.0
0.0
0.0
0.0
0.0
0.0
0.0
0.0
0.0
0.003545178349237085
0.00438572092218829
0.0036221535891346438
1.0229351955583345e-05
0.0
0.0
0.0
0.0
0.0
0.0
0.0
0.0
0.0
0.0
0.0
0.0
0.0
0.0
0.0
0.0
0.0
0.0
0.012348122440501865
0.06360973823783561
0.14291511867047124
0.15125917670298303
0.10819605337814178
0.07169398473383286
0.023125395419137013
0.0
0.0
0.0
0.0
0.0
0.0
0.0
0.0
0.0
0.0
0.0
0.0
0.0
0.0
0.0
0.0
0.008434725955658105
0.11110512987894115
0.17210785661242006
0.1727265569730165
0.17547604581009635
0.1636377656218567
0.09124867517490981
0.0009417055047334284
0.0
0.0
0.0
0.0
0.0
0.0
0.0
0.0
0.0
0.0
0.0
0.0
0.0
0.0
0.0
0.0
0.0
0.0
0.0
0.0
0.0
0.0
0.0
0.0
0.0
0.0
0.0
0.0
0.0
0.0
0.0
0.0
0.0
0.0
0.0
0.0
0.0
0.0
0.0
0.0
0.0
0.0
0.0
0.0
0.0
0.0
0.0
0.0
0.0
0.0
0.0
0.0
0.0
0.0
0.0
0.0
0.0
0.0
0.0
0.0
0.0
0.0
0.0
0.0
0.0
0.0
0.0
0.0
8.246041430160772e-05
0.0
0.0
0.0
0.0
0.0
0.0
0.0
0.0
0.0
0.0
0.0
0.0
0.0
0.0
0.0
0.0
0.0
0.0
0.0
0.0
7.956672109603891e-05
0.004641184589952131
0.008840300045332332
0.008345387682571401
0.006274489009184802
0.0004861309444390609
3.858797249031261e-05
0.0
0.0
0.0
0.0
0.0
0.0
0.0
0.0
0.0
0.0
0.0
0.0
0.0
0.0
0.0
0.0
0.0
0.0
0.0
0.0012939197807300973
0.005648992656795794
0.004834319838993018
0.0
0.0
0.0
0.0
0.0
0.0
0.0
0.0
0.0
0.0
0.0
0.0
0.0
0.0
0.0
0.0
0.0
0.0
0.0
0.0
0.0043134017918942755
0.0046064109000194895
0.00266976356534714
0.00023302754986054047
0.0
0.0
0.0
0.0
0.0
0.0
0.0
0.0
0.0
0.0
0.0
0.0
0.0
0.0
0.0
0.0
0.0
0.0
0.0
0.0
0.0
0.0
0.0
0.0
0.0
0.0
0.0
0.0
0.0
0.0
0.0
0.0
0.0
0.0
0.0
0.0
0.0
0.0
0.0
0.0
0.0
0.0
0.0
0.0
0.0
0.0
0.0
0.0
0.0
0.0
0.0
0.0
0.0
0.0
0.0
0.0
0.0
0.0
0.0
0.0
0.0
0.0
0.0
0.0
0.0
0.0
0.0
0.0012929805583934036
0.009197885739718723
0.01369025523128072
0.011661504013656645
0.005803571523208709
0.0
0.0
0.0
0.0
0.0
0.0
0.0
0.0
0.0
0.0
0.0
0.0
0.0
0.0
0.0
0.0
0.0
0.0
0.0
0.0
0.0
0.0
0.0
0.0
0.0
0.0
0.0
0.0
0.0
0.0
0.0
0.0
0.0
0.0
0.0
0.0
0.0
0.0
0.0
0.0
0.0
0.0
0.0
0.0
0.0
0.0
0.0
0.0
0.0
0.0
0.0
0.0
0.0
0.0
0.0
0.0
0.0
0.0
0.0
0.0
0.0
0.0
0.0
0.0
0.0
0.0
0.0
0.00018342743740118589
0.003393101793692144
0.0057266337677178356
0.006787222181385894
0.002088279664783566
0.0
0.0
0.0
0.0
0.0
0.0
0.0
0.0
0.0
0.0
0.0
0.0
0.0
0.0
0.0
0.0
0.0
0.0
0.0
0.007752645125932959
0.0156420669455555
0.01585963561539681
0.015083186799001322
0.01075369631539213
0.0010867133309607018
0.0
0.0
0.0
0.0
0.0
0.0
0.0
0.0
0.0
0.0
0.0
0.0
0.0
0.0
0.0
0.0
0.0
0.0
0.0
0.0
0.0
0.0
0.0
0.0
0.0
0.0
0.0
0.0
0.0
0.0
0.0
0.0
0.0
0.0
0.0
0.0
0.0
0.0
0.0
0.0
0.0
0.0
0.0
0.0
0.0
0.0
0.0
0.0
0.0
0.0
0.0
0.0
0.0
0.0
0.0
0.0
0.0
0.0
0.0
0.0
0.0
0.0
0.0
0.0
0.0
0.0
0.0
0.0
0.0017107518788885246
0.0035925858558732535
0.0006497243394386807
0.0
0.0
0.0
0.0
0.0
0.0
0.0
0.0
0.0
0.0
0.0
0.0
0.0
0.0
0.0
0.0
0.0
0.0
0.0
0.0
0.0
0.0
0.0
0.0
0.0
0.0
0.0
0.0
0.0
0.0
0.0
0.0
0.0
0.0
0.0
0.0
0.0
0.0
0.0
0.0
0.0
0.0
0.0
0.0
0.0
0.0
0.0
0.0
0.0
0.0
0.0
0.0
0.0
0.0
0.0
0.0
0.0
0.0
0.0
0.0
0.0
0.0
0.0
0.0
0.0
0.0
0.0
0.0
0.0
0.0
0.0
0.0
0.0
0.0
0.0
0.0
0.0
0.0
0.0
0.0
0.0
0.0
0.0
0.0
0.0
0.0
0.0
0.0
0.0
0.0
0.0
0.0
0.003176388756704266
0.004524062628347759
0.004687422054546182
0.00038760765062304637
0.0
0.0
0.0
0.0
0.0
0.0
0.0
0.0
0.0
0.0
0.0
0.0
0.0
0.0
0.0
0.0
0.0
0.0
0.0
0.0029432890811898005
0.010761306419928549
0.015723549741194505
0.011213206051830486
0.0046033286274964795
0.0
0.0
0.0
0.0
0.0
0.0
0.0
0.0
0.0
0.0
0.0
0.0
0.0
0.0
0.0
0.0
0.0
0.004962407432099758
0.05712237800398465
0.07328067905282286
0.078517514278249
0.07939052721493424
0.07604644407693298
0.06298889973873892
0.034866643709596606
0.010349839928960733
0.0
0.0
0.0
0.0
0.0
0.0
0.0
0.0
0.0
0.0
0.0
0.0
0.0
0.0
0.0
0.0
0.0
0.0012596530334988707
0.006623766883596123
0.009260501641936874
0.007288449452237034
0.0008716339970441028
0.0
0.0
0.0
0.0
0.0
0.0
0.0
0.0
0.0
0.0
0.0
0.0
0.0
0.0
0.0
0.0
0.0
0.0
0.0358548046010045
0.1085901357493033
0.11656260599085715
0.11575561337285506
0.10223201242567084
0.06839010824524926
0.0311057187695376
0.010156909820040893
0.0
0.0
0.0
0.0
0.0
0.0
0.0
0.0
0.0
0.0
0.0
0.0
0.0
0.0
0.0
0.0019128768146535978
0.06689207357162524
0.10941467878714155
0.12083159543826112
0.11881826851714383
0.11897462055487051
0.10007985606998221
0.06530185109033376
0.026625122808547886
0.0031072105161667
0.0
0.0
0.0
0.0
0.0
0.0
0.0
0.0
0.0
0.0
0.0
0.0
0.0
0.0
0.009831164585067163
0.08891989786759617
0.16695970062696452
0.1968173158105514
0.18508185218289722
0.15181452716815577
0.11503248089998654
0.07663148416858463
0.02603357709037261
1.992541230728707e-05
0.0
0.0
0.0
0.0
0.0
0.0
0.0
0.0
0.0
0.0
0.0
0.0
0.0
0.00047876948071128993
0.07547558742169466
0.1583697821813115
0.18663069235439356
0.17946327095140674
0.18606879344567123
0.19174060078853128
0.171750489192003
0.11977254271201662
0.039030599368372346
0.0
0.0
0.0
0.0
0.0
0.0
0.0
0.0
0.0
0.0
0.0
0.0
0.0
0.0
0.0
0.0
0.0
0.0
0.0
0.0
0.0
0.0
0.0
0.0
0.0
0.0
0.0
0.0
0.0
0.0
0.0
0.0
0.0
0.0
0.0
0.0
0.0
0.0
0.0
0.0
0.0
0.0
0.0
0.0
0.0
0.0
0.0
0.0
0.0
0.0
0.0
0.0
0.0
0.0
0.0
0.0
0.0
0.0
0.0
0.0
0.0
0.0
0.0
0.0
0.0
0.0
0.00044800763033741724
0.002832404966610362
0.004051515330522582
0.0003522848701965242
0.0
0.0
0.0
0.0
0.0
0.0
0.0
0.0
0.0
0.0
0.0
0.0
0.0
0.0
0.0
0.0
0.0
0.0
0.0
0.0
0.003365929610660022
0.005713878451106731
0.003949049110926558
0.00017279635610991
0.0
0.0
0.0
0.0
0.0
0.0
0.0
0.0
0.0
0.0
0.0
0.0
0.0
0.0
0.0
0.0
0.0
0.0
0.0
0.0016767127864162536
0.00843089016014612
0.011013772942673644
0.011055515456237931
0.005417920243430317
0.0
0.0
0.0
0.0
0.0
0.0
0.0
0.0
0.0
0.0
0.0
0.0
0.0
0.0
0.0
0.0
0.0
0.0
0.0
0.0036635007295304028
0.008743693427528886
0.010536490515949813
0.010935253300501498
0.007303753439382944
0.0006653893542410582
0.0
0.0
0.0
0.0
0.0
0.0
0.0
0.0
0.0
0.0
0.0
0.0
0.0
0.0
0.0
0.0
0.0
0.0071970095202786195
0.01688728647966221
0.020910807009580486
0.021088081970907023
0.023906251014882387
0.02560914454506888
0.017249456803398098
0.008754339383901534
0.0
0.0
0.0
0.0
0.0
0.0
0.0
0.0
0.0
0.0
0.0
0.0
0.0
0.0
0.0
0.03153153199044137
0.16047562767235524
0.1722080552109157
0.16417069315772687
0.16222574108788684
0.160772036825185
0.13982090012002554
0.07884111825811967
0.009116775425391169
0.0
0.0
0.0
0.0
0.0
0.0
0.0
0.0
0.0
0.0
0.0
0.0
0.0
0.0
0.0
0.014396285665045335
0.04348989999233066
0.045146147096839034
0.04575149233515038
0.046078884054660624
0.04449242719022169
0.03761157152579935
0.023507936803536376
0.01647261360806104
0.00018020359514478608
0.0
0.0
0.0
0.0
0.0
0.0
0.0
0.0
0.0
0.0
0.0
0.0
0.0
0.0
0.0
0.027165419100272307
0.058797462352277
0.058028446569578625
0.059959014702837855
0.06295644209783359
0.057319573483794864
0.0432571344834156
0.025718865782148236
0.002900063579151752
0.0
0.0
0.0
0.0
0.0
0.0
0.0
0.0
0.0
0.0
0.0
0.0
0.0
0.0
0.0001164732712229457
0.008499744371084176
0.017032313968553592
0.05067427483767657
0.1468286748390922
0.1796271885093122
0.23242795726448867
0.24279943512573118
0.2532683149299759
0.15483861917603808
0.09494549065645752
0.0
0.0
0.0
0.0
0.0
0.0
0.0
0.0
0.0
0.0
0.0
0.0
0.018419607416780795
0.10245594909815907
0.15236901786370446
0.18065111030818404
0.19566646017308414
0.1846858128690388
0.1743563355684706
0.1590255838758265
0.12650265174019423
0.10444203413011363
0.027174546037073335
0.0001248879336071644
0.0
0.0
0.0
0.0
0.0
0.0
0.0
0.0
0.0
0.0
0.0
0.0
0.004656428868281404
0.08030836892616941
0.15691205046605974
0.20310604654724523
0.20308448923050185
0.18173066618732867
0.1552308695647211
0.12778635638403044
0.09834389835626989
0.0553346955405825
0.008707252650215248
0.0
0.0
0.0
0.0
0.0
0.0
0.0
0.0
0.0
0.0
0.0
0.0
0.0
0.0
0.0002488743256581807
0.016844015137547356
0.028185865187938676
0.02909756203878147
0.032289493587403816
0.029518368408755612
0.023159778192189666
0.011453477404423594
0.003864714291205394
0.0
0.0
0.0
0.0
0.0
0.0
0.0
0.0
0.0
0.0
0.0
0.0
0.0
0.0
0.0
0.0
0.0
0.00022492624772184151
0.012210340472081447
0.018135668524343906
0.015342266937703776
0.008766286936467397
0.0
0.0
0.0
0.0
0.0
0.0
0.0
0.0
0.0
0.0
0.0
0.0
0.0
0.0
0.0
0.0
0.0
0.0008975921047058901
0.03454284740060216
0.07806429057530656
0.09084823277934376
0.09286507818841212
0.09382271025875713
0.08793664116177301
0.07835692785952547
0.049753102841541094
0.009751007293191779
0.0
0.0
0.0
0.0
0.0
0.0
0.0
0.0
0.0
0.0
0.0
0.0
0.0
0.0
0.0
0.0
0.0026317803535417686
0.007143742786698136
0.011571879178041719
0.012574130145242682
0.007532661651339755
0.00042860204554296923
0.0
0.0
0.0
0.0
0.0
0.0
0.0
0.0
0.0
0.0
0.0
0.0
0.0
0.0
0.0
0.0
0.0
0.007163282725582939
0.015392632162962184
0.0199564242804192
0.02353788032721904
0.022289293577066174
0.017463893835049767
0.008468852264366887
0.0017704149312074379
0.0
0.0
0.0
0.0
0.0
0.0
0.0
0.0
0.0
0.0
0.0
0.0
0.0
0.0
0.0
0.0009526808334470621
0.020948449806463303
0.045778949709090765
0.05701763420928424
0.05446006270213081
0.05263707098643362
0.04622914172654352
0.03468290437767943
0.02050840579855801
0.004030344280994125
0.0
0.0
0.0
0.0
0.0
0.0
0.0
0.0
0.0
0.0
0.0
0.0
0.0
0.0
0.0
0.0018047339981261607
0.010887831147136453
0.015701925589267855
0.016570840959977087
0.01564458314717741
0.009958026822731237
0.0009541316113255737
0.0
0.0
0.0
0.0
0.0
0.0
0.0
0.0
0.0
0.0
0.0
0.0
0.0
0.0
0.0
0.0
0.0
0.0
0.0
0.0
0.0
0.0
0.0
0.0
0.0
0.0
0.0
0.0
0.0
0.0
0.0
0.0
0.0
0.0
0.0
0.0
0.0
0.0
0.0
0.0
0.0
0.0
0.0
0.0
0.0
0.0
0.0
0.0
0.0
0.0
0.0
0.0
0.0
0.0
0.0
0.0
0.0
0.0
0.0
0.0
0.0
0.0
0.0
0.0
0.0
0.0
0.0
0.0
0.0
0.0
0.0
0.0
0.0
0.0
0.0
0.0
0.0
0.0
0.0
0.0
0.0
0.0
0.0
0.0
0.0
0.0
0.0
0.0
0.0
0.0
0.0
0.00020853681515620593
9.288710056616193e-05
5.5843696691194834e-05
0.0
0.0
0.0
0.0
0.0
0.0
0.0
0.0
0.0
0.0
0.0
0.0
0.0
0.0
0.0
0.0
0.0
0.0
0.0
0.0
0.0002682832532672854
0.004567366041834418
0.009500759552867534
0.00945408349938735
0.0032873237693798463
4.2005702159879714e-05
0.0
0.0
0.0
0.0
0.0
0.0
0.0
0.0
0.0
0.0
0.0
0.0
0.0
0.0
0.0
0.0
0.0
0.0
0.0
0.0
0.0
0.0
0.0
0.0
0.0
0.0
0.0
0.0
0.0
0.0
0.0
0.0
0.0
0.0
0.0
0.0
0.0
0.0
0.0
0.0
0.0
0.0
0.0
0.0008153197731588683
0.0024515816056734554
0.0019453436248610145
0.0
0.0
0.0
0.0
0.0
0.0
0.0
0.0
0.0
0.0
0.0
0.0
0.0
0.0
0.0
0.0
0.0
0.0
0.0
0.0
0.00034461516492016167
0.0
0.0
0.0
0.0
0.0
0.0
0.0
0.0
0.0
0.0
0.0
0.0
0.0
0.0
0.0
0.0
0.0
0.0
0.0
0.0
0.0
0.0
0.0
0.0
0.0
0.0
0.0
0.0
0.0
0.0
0.0
0.0
0.0
0.0
0.0
0.0
0.0
0.0
0.0
0.0
0.0
0.0
0.0
0.0
0.0
0.0
0.0
0.0
0.0
0.0
0.0
0.0
0.0
0.0
0.0
0.0
0.0
0.0
0.0
0.0
0.0
0.0
0.0
0.0
0.0
0.0
0.0
0.0
0.0
0.0
0.01265072008373526
0.04359696188734283
0.06999082973203603
0.08310303909158888
0.10093534184128497
0.09885376855708922
0.08565587800895559
0.053729718717970436
0.009088729978510613
0.0
0.0
0.0
0.0
0.0
0.0
0.0
0.0
0.0
0.0
0.0
0.0
0.0
0.0
0.0
0.004114569459788094
0.016123497221000482
0.02415612033469785
0.04227620573105362
0.05221062986221217
0.04342155823961992
0.03015400710697831
0.02046981714331363
0.001454631247940402
0.0
0.0
0.0
0.0
0.0
0.0
0.0
0.0
0.0
0.0
0.0
0.0
0.0
0.0
0.0
0.002963139872152118
0.008470857946488842
0.01498618895127925
0.017278524619345287
0.013091678799801996
0.006282162490390188
0.0
0.0
0.0
0.0
0.0
0.0
0.0
0.0
0.0
0.0
0.0
0.0
0.0
0.0
0.0
0.0
0.0
0.0
0.0
3.848265211578355e-05
0.004708143425036249
0.012676265117309375
0.01620440334550962
0.010900299618629794
0.002627332180029226
0.0
0.0
0.0
0.0
0.0
0.0
0.0
0.0
0.0
0.0
0.0
0.0
0.0
0.0
0.0
0.0
0.0
0.0007655569067431003
0.005705175889489305
0.00651312818125449
0.006634109512585162
0.006304493911332987
0.00355860383213399
0.0
0.0
0.0
0.0
0.0
0.0
0.0
0.0
0.0
0.0
0.0
0.0
0.0
0.0
0.0
0.0
0.0
0.0
0.0
0.0
0.0
0.00019522088399566507
0.0
0.0
0.0
0.0
0.0
0.0
0.0
0.0
0.0
0.0
0.0
0.0
0.0
0.0
0.0
0.0
0.0
0.0
0.0
0.0
0.0
0.006789495513659457
0.020047665122687238
0.025432626441361947
0.024336184692875684
0.018134407053796982
0.009613527510636538
0.005815164352883838
0.0
0.0
0.0
0.0
0.0
0.0
0.0
0.0
0.0
0.0
0.0
0.0
0.0
0.0
0.0
0.0
0.0015631681949010306
0.010503675564020574
0.0223476786382529
0.030347976640076504
0.028202344799230283
0.023570992959277857
0.016872642370622526
0.01087440382226365
0.0030908329571849844
0.0
0.0
0.0
0.0
0.0
0.0
0.0
0.0
0.0
0.0
0.0
0.0
0.0
0.0
0.0
0.005605630854462513
0.013405756596434195
0.01834350010621252
0.02913086387792309
0.03697853282038992
0.033358862629924796
0.028484414802394484
0.025413323864215236
0.011897187775377571
0.0
0.0
0.0
0.0
0.0
0.0
0.0
0.0
0.0
0.0
0.0
0.0
0.0
0.0
0.0012846726877316502
0.021082523449601178
0.057812767245051126
0.08619281025903235
0.0909123628260321
0.0926373228854922
0.08861967567634325
0.07346940809668513
0.04335752726484985
0.009889653777524345
0.0
0.0
0.0
0.0
0.0
0.0
0.0
0.0
0.0
0.0
0.0
0.0
0.0
0.0
0.002816098513931265
0.038068396674186954
0.0972113218283948
0.11663381352105771
0.1171627857639777
0.12005890242773144
0.11205246616761656
0.0969528656726647
0.07546472174010908
0.019106625045992334
0.00026650202376745074
0.0
0.0
0.0
0.0
0.0
0.0
0.0
0.0
0.0
0.0
0.0
0.0
0.0
0.00012676924274308233
0.013131766498021332
0.026138593369538676
0.0916015412506442
0.13336589096052967
0.13916396590767593
0.13329587573179635
0.12344630939869976
0.09363535403087973
0.018808900335036544
0.0
0.0
0.0
0.0
0.0
0.0
0.0
0.0
0.0
0.0
0.0
0.0
0.0
0.0
0.0
0.0
0.0
0.004332319744839706
0.01969642845569019
0.02775698865579906
0.026010988697465272
0.007950147802722171
0.0
0.0
0.0
0.0
0.0
0.0
0.0
0.0
0.0
0.0
0.0
0.0
0.0
0.0
0.0
0.0
0.001270172180850948
0.01122157722967232
0.016529060288526343
0.03998042981984459
0.06421877240997954
0.06664606439279128
0.061412235633032185
0.05770388219176728
0.05433800889371746
0.00829009491410693
0.0
0.0
0.0
0.0
0.0
0.0
0.0
0.0
0.0
0.0
0.0
0.0
0.0
0.0
0.0
0.008345202495729953
0.021279306328631096
0.036353150507426525
0.050443775382447056
0.05272542022471525
0.04228762498731658
0.023862072658229455
0.010542443372540872
0.0
0.0
0.0
0.0
0.0
0.0
0.0
0.0
0.0
0.0
0.0
0.0
0.0
0.0
0.0
0.0
0.008112306394111706
0.01920827928115442
0.032681713257339
0.04688932264407171
0.04826399804865896
0.03885989197050365
0.023343994960765568
0.013223121843745063
0.0
0.0
0.0
0.0
0.0
0.0
0.0
0.0
0.0
0.0
0.0
0.0
0.0
0.0
0.0
0.0
0.00024910246468808165
0.008870390138380502
0.018552542155150863
0.029228482783126793
0.04032653714922709
0.036503398336987236
0.026218302923331476
0.018853754146136277
0.003980243251580567
0.0
0.0
0.0
0.0
0.0
0.0
0.0
0.0
0.0
0.0
0.0
0.0
0.0
0.0
0.0
0.0
0.0
0.010773202665663558
0.019307605942688363
0.017513529645834976
0.01492686846538977
0.0076576047005088655
0.0015892730341099575
0.0
0.0
0.0
0.0
0.0
0.0
0.0
0.0
0.0
0.0
0.0
0.0
0.0
0.0
0.0
0.0
0.0
0.0
0.0
0.0
0.0
0.0
0.0
0.0
0.0
0.0
0.0
0.0
0.0
0.0
0.0
0.0
0.0
0.0
0.0
0.0
0.0
0.0
0.0
0.0
0.0
0.0
0.0028842858602771775
0.006321800416828917
0.006005784349934417
0.0027742046567307667
0.0
0.0
0.0
0.0
0.0
0.0
0.0
0.0
0.0
0.0
0.0
0.0
0.0
0.0
0.0
0.0
0.0
0.0
0.0009681728829587998
0.008864656263024639
0.014367922992030444
0.01671880207979912
0.018540848479348265
0.01578527063945895
0.009489064839492673
0.001602036917737535
0.00016455440160323043
0.0
0.0
0.0
0.0
0.0
0.0
0.0
0.0
0.0
0.0
0.0
0.0
0.0
0.0
0.0017398557626273022
0.020364483301053022
0.0399132760567093
0.06876345523546276
0.08151968333321448
0.0847632027744341
0.08168703523970144
0.07367852355179474
0.06934284461897475
0.02103359215827548
0.00010855249600637065
0.0
0.0
0.0
0.0
0.0
0.0
0.0
0.0
0.0
0.0
0.0
0.0
0.0
0.0032339421949942925
0.0340211810920224
0.08056274842438442
0.09675092817993027
0.09716359013468134
0.09687164784149453
0.09291467273348473
0.08510718263282163
0.06734176268156325
0.01537402008606942
0.0
0.0
0.0
0.0
0.0
0.0
0.0
0.0
0.0
0.0
0.0
0.0
0.0
0.0
0.0
0.0
0.002787618959878998
0.013094063484955249
0.02285479123619356
0.04713111414572304
0.056469468747867534
0.050291150067735144
0.0411839676497871
0.009320822276870106
0.0
0.0
0.0
0.0
0.0
0.0
0.0
0.0
0.0
0.0
0.0
0.0
0.0
0.0
0.0
0.0
0.0013715091049792075
0.0061270100233850764
0.009025911680013833
0.012541437403362775
0.010551515741002191
0.004065406407386996
0.0
0.0
0.0
0.0
0.0
0.0
0.0
0.0
0.0
0.0
0.0
0.0
0.0
0.0
0.0
0.0
0.0
0.001956480752178689
0.0129978204853659
0.01835242584228329
0.020999203095795626
0.023667092276262326
0.02363952357644803
0.015997437505185483
0.00427104309676437
0.0
0.0
0.0
0.0
0.0
0.0
0.0
0.0
0.0
0.0
0.0
0.0
0.0
0.0
0.0
0.0
0.0
0.01587285026683134
0.14925679091703242
0.13081653757812575
0.09895040896833546
0.10027695062631625
0.05008511613355718
0.01165128262837915
0.0
0.0
0.0
0.0
0.0
0.0
0.0
0.0
0.0
0.0
0.0
0.0
0.0
0.0
0.01832643770738924
0.16221753231172967
0.18585532995414733
0.1310722744244719
0.13803282991827262
0.1454030190514954
0.14159281005106472
0.13596200437752545
0.13251338894788836
0.09997680128026808
0.0
0.0
0.0
0.0
0.0
0.0
0.0
0.0
0.0
0.0
0.0
0.0
0.0
0.0
0.005728580912487959
0.07863122713929208
0.17745621853206617
0.23804600638201384
0.2623716004276012
0.26205314013930603
0.23598555789744416
0.2059966338521957
0.18052009367432678
0.18739993758992754
0.13008923027967048
0.056021568712040476
0.0
0.0
0.0
0.0
0.0
0.0
0.0
0.0
0.0
0.0
0.0
0.0046465247964461
0.13207886814798755
0.17423983042959607
0.1993182689078992
0.20670897413372152
0.20995439566471427
0.21039910149779223
0.20434668928511332
0.19188295545077416
0.170573993140573
0.17619581074623875
0.11197495430445481
0.03863570350315127
0.0
0.0
0.0
0.0
0.0
0.0
0.0
0.0
0.0
0.0
0.0
0.0
0.0024499352705203955
0.027137159130741627
0.08355714268002877
0.11816820936799216
0.14369064848320875
0.14859375568369126
0.1471752739155932
0.13789648513371464
0.12095879744696797
0.10883582882392692
0.034428229751241164
0.004580692168181396
0.0
0.0
0.0
0.0
0.0
0.0
0.0
0.0
0.0
0.0
0.0
0.0
0.0
0.0
0.0026298660558226284
0.01037146947324465
0.01739790473132635
0.019236806132577496
0.019729478158340488
0.01602238015353566
0.009838074730897421
0.00158687935217905
4.078299636051344e-05
0.0
0.0
0.0
0.0
0.0
0.0
0.0
0.0
0.0
0.0
0.0
0.0
0.0
0.0
0.0
0.004300924567616102
0.01034924125044058
0.015011995390964882
0.019062596399439472
0.018954926699973753
0.016142914871767035
0.009190087977840242
0.0
0.0
0.0
0.0
0.0
0.0
0.0
0.0
0.0
0.0
0.0
0.0
0.0
0.0
0.0
0.0
0.0
0.0
0.002106722062538174
0.008354883668961383
0.008453243353463815
0.009844014321401024
0.008202197886918504
0.0
0.0
0.0
0.0
0.0
0.0
0.0
0.0
0.0
0.0
0.0
0.0
0.0
0.0
0.0
0.0
0.0
0.0
0.0
0.0003551575158507469
0.010881369191563373
0.018161278711987524
0.020349731796644576
0.015572470380307011
0.004261930599254969
0.0
0.0
0.0
0.0
0.0
0.0
0.0
0.0
0.0
0.0
0.0
0.0
0.0
0.0
0.0
0.0
0.0
0.0
0.0
0.0
0.0027144855125189973
0.012790077180434992
0.016109929262631866
0.007865527091795417
0.0
0.0
0.0
0.0
0.0
0.0
0.0
0.0
0.0
0.0
0.0
0.0
0.0
0.0
0.0
0.0
0.0
0.0
0.0037879929239272277
0.01965638956828796
0.03833655903922015
0.04048680846207165
0.036541003190276346
0.029246968926545533
0.022487937676975083
0.014265623087221221
4.6987935134538485e-05
0.0
0.0
0.0
0.0
0.0
0.0
0.0
0.0
0.0
0.0
0.0
0.0
0.0
0.0
0.011055540413339232
0.03271771978252215
0.05434387623393297
0.06971397302019577
0.07426670481378998
0.06948737074815477
0.06217777310947053
0.06120558583567265
0.021924158870701073
0.0011552022657363545
0.0
0.0
0.0
0.0
0.0
0.0
0.0
0.0
0.0
0.0
0.0
0.0
0.0
0.0
0.0
0.0009174240294541372
0.0038057952391011333
0.008682391153511453
0.011740692597591335
0.009093120560637992
0.005893807039825841
0.0002784284616466219
0.0
0.0
0.0
0.0
0.0
0.0
0.0
0.0
0.0
0.0
0.0
0.0
0.0
0.0
0.0
0.0
0.0043303246837002075
0.015250776085795432
0.027432624010779047
0.0410574633937374
0.04368763082738004
0.040302210510069165
0.03376945910119265
0.022142506347120113
0.0023605679368463185
0.0
0.0
0.0
0.0
0.0
0.0
0.0
0.0
0.0
0.0
0.0
0.0
0.0
0.0
0.0
0.0
0.0
0.010001542344337309
0.01372434953301827
0.012169937016557568
0.01157449801769015
0.0
0.0
0.0
0.0
0.0
0.0
0.0
0.0
0.0
0.0
0.0
0.0
0.0
0.0
0.0
0.0
0.0
0.0
0.002619080400781398
0.018904650198308823
0.033622611018638116
0.039901451628730045
0.04232467033500529
0.03587835182272333
0.027478925877639882
0.019134924718018392
0.0028937600191880426
0.0
0.0
0.0
0.0
0.0
0.0
0.0
0.0
0.0
0.0
0.0
0.0
0.0
0.0
0.0
0.00026024041193867345
0.015144823293931273
0.03180145272475745
0.04043273664088763
0.053509508850304296
0.052700810585143684
0.04402220836594854
0.034515994831698794
0.013969885039232641
0.0
0.0
0.0
0.0
0.0
0.0
0.0
0.0
0.0
0.0
0.0
0.0
0.0
0.0
0.0003221433573154966
0.012340076383133334
0.028871288077187668
0.052915094034759316
0.058542482985867055
0.06603134230086381
0.06556000137409182
0.05400522973722799
0.04199180594230909
0.01066593140457832
0.0
0.0
0.0
0.0
0.0
0.0
0.0
0.0
0.0
0.0
0.0
0.0
0.0
0.0
0.0
0.0038635276200435897
0.02014398087227753
0.02920715608493586
0.028533669248221764
0.026043821277701752
0.018184667426894056
0.008989988854572601
0.0038847606636803794
0.0
0.0
0.0
0.0
0.0
0.0
0.0
0.0
0.0
0.0
0.0
0.0
0.0
0.0
0.0
0.0013962423035807257
0.01674404387287894
0.03407437313067077
0.05075625722256069
0.06328563233772878
0.07324171384260275
0.07195037059670577
0.06708265728606243
0.07476323471174158
0.03387335209230284
0.0033707931101043726
0.0
0.0
0.0
0.0
0.0
0.0
0.0
0.0
0.0
0.0
0.0
0.0
0.0
0.006445403027951777
0.049333055995066544
0.10322452668268693
0.13599897405490619
0.14111527499298396
0.13816964908828452
0.1357707245835483
0.12519893007717875
0.11053464342503388
0.03645075828171368
0.0
0.0
0.0
0.0
0.0
0.0
0.0
0.0
0.0
0.0
0.0
0.0
0.0
0.0
0.0
0.0016519078915120393
0.035164771534538904
0.05975182069500278
0.08489691664561745
0.09997074248392591
0.0922808105530805
0.0409832618729465
0.0
0.0
0.0
0.0
0.0
0.0
0.0
0.0
0.0
0.0
0.0
0.0
0.0
0.0
0.0
0.0
0.0017519896011958115
0.01891110909094226
0.04268898588501001
0.054267183188684016
0.05528752600327655
0.053515026778596035
0.043987637405596205
0.031096124020258853
0.02170412426864374
0.013583803435693825
0.0
0.0
0.0
0.0
0.0
0.0
0.0
0.0
0.0
0.0
0.0
0.0
0.0
0.0
0.016523722396598724
0.04209617907850571
0.056669318830958916
0.09675927000862529
0.10742612955431574
0.10709197419890244
0.10071285096190565
0.0928150188604206
0.09465096608927138
0.03466391022919094
0.005366498870773189
0.0
0.0
0.0
0.0
0.0
0.0
0.0
0.0
0.0
0.0
0.0
0.0
0.0
0.0
0.018014288109504204
0.060988698871430526
0.08790996948190107
0.0950111645751077
0.0934052215611462
0.08582381776884855
0.07785094006806016
0.08409666328824078
0.032882496410968166
0.004356692207219184
0.0
0.0
0.0
0.0
0.0
0.0
0.0
0.0
0.0
0.0
0.0
0.0
0.0
0.0
0.03763060777724268
0.0879230981505861
0.09505242759951879
0.10746513389070586
0.11325489078729661
0.10678626034371191
0.09438113623855016
0.08208161305861655
0.022259084773132574
0.0012413557382858133
0.0
0.0
0.0
0.0
0.0
0.0
0.0
0.0
0.0
0.0
0.0
0.0
0.0
0.008230825383607913
0.04561287977662703
0.09895745228747137
0.13241070371758323
0.1479225150675299
0.15098690796781897
0.13971100614370593
0.1289904274733329
0.12383224708502627
0.044827232346626576
0.007238747257981018
0.0
0.0
0.0
0.0
0.0
0.0
0.0
0.0
0.0
0.0
0.0
0.0
0.0
0.011829511730988328
0.13672837826536544
0.16433116951814278
0.1612924215104434
0.16868016131468222
0.17295188709735032
0.17416703128948036
0.16068305871370914
0.12729454270642346
0.038131117249550484
0.0
0.0
0.0
0.0
0.0
0.0
0.0
0.0
0.0
0.0
0.0
0.0
0.0
0.0
0.0
0.0
0.011723562688003435
0.0271830522976364
0.04666987114691415
0.05879281564078597
0.05977710097984426
0.0446028208304346
0.014027542350876334
0.0
0.0
0.0
0.0
0.0
0.0
0.0
0.0
0.0
0.0
0.0
0.0
0.0
0.0
0.0
0.0011504985912595242
0.01986365788301223
0.0653485361508566
0.09871537110736454
0.12671437691523346
0.13635514845691193
0.1293176007796005
0.11227050466300141
0.07967489782198352
0.020685677384142363
0.0009791233822290313
0.0
0.0
0.0
0.0
0.0
0.0
0.0
0.0
0.0
0.0
0.0
0.0
0.0
0.0019112608783173268
0.02273074575208512
0.08483011209093694
0.1127787903283764
0.11252715048286599
0.11040119413750468
0.104810108551951
0.09535810484164141
0.06517658416079901
0.012181921663164771
0.0
0.0
0.0
0.0
0.0
0.0
0.0
0.0
0.0
0.0
0.0
0.0
0.0
0.0
0.006148279205052516
0.029870824089469648
0.062008484618173126
0.09435352672039485
0.10757277296199348
0.10571202833436888
0.0982603385684883
0.08492393348708266
0.06505728994696812
0.026593627580685248
0.005027174951978897
0.0
0.0
0.0
0.0
0.0
0.0
0.0
0.0
0.0
0.0
0.0
0.0
0.06501879173047188
0.14303174670908678
0.1830029894748456
0.20327903954365795
0.22227772043674668
0.22482857830605493
0.21501353444698887
0.19661837018907066
0.17766314263652963
0.1821121495784987
0.12695149471696968
0.05831684024540099
0.0
0.0
0.0
0.0
0.0
0.0
0.0
0.0
0.0
0.0
0.0
0.0010569791355711892
0.06000011671475771
0.11272672682480449
0.14202651096256028
0.16260395458870436
0.18071086905954434
0.20160233117134096
0.21005121670239657
0.20016937471789933
0.17630632019365697
0.18483817688937001
0.11070475420550017
0.03906557626231471
0.0
0.0
0.0
0.0
0.0
0.0
0.0
0.0
0.0
0.0
0.0
0.0022312583029025805
0.07223790153954236
0.13106070105237524
0.1812276376404781
0.20246657530453271
0.2143978887428851
0.21639159952037568
0.21723633406790915
0.21261187835386414
0.19147862508733207
0.18554161849682096
0.11083178777393785
0.011330219630065912
0.0
0.0
0.0
0.0
0.0
0.0
0.0
0.0
0.0
0.0
0.0
0.0
0.0
0.0
0.0
0.011526047315262434
0.01923676406714317
0.02236791992046292
0.02347888065719828
0.02206244068581458
0.0004924096298348209
0.0
0.0
0.0
0.0
0.0
0.0
0.0
0.0
0.0
0.0
0.0
0.0
0.0
0.0
0.0
0.0
0.0005517419048806015
0.013958198011689429
0.025209225724479097
0.03575561211382586
0.046515092495812684
0.07266615880401538
0.08089559255305229
0.07385254229599278
0.08460397667585301
0.05892988585462836
0.01746527244508544
0.0
0.0
0.0
0.0
0.0
0.0
0.0
0.0
0.0
0.0
0.0
0.0
0.0015922015907025168
0.05476055472726278
0.11939877979296588
0.13661488428358465
0.1516557393933054
0.16340476823180325
0.17205492229452304
0.1661840489164243
0.1533388538879058
0.15505351877630955
0.08386515049938453
0.024562903374765625
0.0
0.0
0.0
0.0
0.0
0.0
0.0
0.0
0.0
0.0
0.0
0.0
0.0
0.0
0.0
0.0017135139162772297
0.010958342024138115
0.019305727543127215
0.024014698422362785
0.024463172373451216
0.004876309080559049
0.0
0.0
0.0
0.0
0.0
0.0
0.0
0.0
0.0
0.0
0.0
0.0
0.0
0.0
0.0
0.0
0.0028388138199025898
0.018071183057577333
0.03902635073028029
0.06959004745946006
0.08519239073498086
0.09469170757433475
0.08900286250260443
0.08037059524992468
0.08584848375828037
0.03721149547777162
0.009400199856710182
0.0
0.0
0.0
0.0
0.0
0.0
0.0
0.0
0.0
0.0
0.0
0.0
0.0
0.0
0.00877465057560091
0.018472732488587378
0.03401862706615747
0.057385856705546925
0.06830550558319665
0.0654509060945701
0.06017492795496007
0.06725430279286138
0.04474971478527189
0.01776444160796429
0.0
0.0
0.0
0.0
0.0
0.0
0.0
0.0
0.0
0.0
0.0
0.0
0.0
0.008390972383502017
0.022646677774504017
0.07243690587459736
0.15686151089935246
0.1967418087281369
0.19937012249535943
0.19057965897198492
0.17181446185194504
0.14765009591831374
0.06695945012591098
0.006056403936543263
0.0
0.0
0.0
0.0
0.0
0.0
0.0
0.0
0.0
0.0
0.0
0.0
0.0
0.001350678126686966
0.014019028113406115
0.056761648344942094
0.08927804295249134
0.15082725999390406
0.19015449194071607
0.19049985191017493
0.21186842798453007
0.16593366897431364
0.0
0.0
0.0
0.0
0.0
0.0
0.0
0.0
0.0
0.0
0.0
0.0
0.0
0.021676480505068832
0.14959127880028464
0.1734569150247299
0.19770651555487798
0.2140844312711158
0.22747001826065627
0.2365776266272085
0.24370346580617047
0.2281812345822766
0.20456792951978547
0.20866736853126866
0.14135970790548458
0.07004468611672628
0.0
0.0
0.0
0.0
0.0
0.0
0.0
0.0
0.0
0.0
0.0
0.03420993927032149
0.1342568635025984
0.1953103451352604
0.23286951828512914
0.2420233570103725
0.24812211753245503
0.2528356198264267
0.26699919168790476
0.26454701582248996
0.24589091906826127
0.2633439502022996
0.1951859250829831
0.11160852044771329
0.0
0.0
0.0
0.0
0.0
0.0
0.0
0.0
0.0
0.0
0.0
0.030450899003779994
0.15378886416770424
0.2026140693627558
0.23383876163227724
0.23907673771275417
0.24044463189587148
0.23985222809827375
0.23525567668458422
0.2175247139550121
0.19118964027889923
0.2022066560427991
0.13832720033241108
0.060593308843917844
0.0
0.0
0.0
0.0
0.0
0.0
0.0
0.0
0.0
0.0
0.0
0.00023408400121955694
0.07777163164506183
0.16717468500033675
0.21604403476312323
0.23464492813488266
0.24088624927184477
0.2450785046742646
0.23630557176204955
0.21485837671511387
0.1863453460320518
0.19292834249842555
0.11971566010209217
0.039259659388767805
0.0
0.0
0.0
0.0
0.0
0.0
0.0
0.0
0.0
0.0
0.0
0.0
0.0058764742715050455
0.037581229236791615
0.11454536256371248
0.15599837366602143
0.16698955536745688
0.1732084450438552
0.1718901808389345
0.16371364047610135
0.14769074021101272
0.15076020671873364
0.08282371044606344
0.0177945978879017
0.0
0.0
0.0
0.0
0.0
0.0
0.0
0.0
0.0
0.0
0.0
0.0
0.0
0.014010296283079307
0.07981041688878608
0.14254925603832333
0.16626691114618178
0.17114884910711375
0.17207435440693553
0.16769223820915047
0.1592183846418819
0.15806094935710405
0.0875036793337795
0.009469125504624922
0.0
0.0
0.0
0.0
0.0
0.0
0.0
0.0
0.0
0.0
0.0
0.0
0.0
0.0
0.0
0.05703860919227461
0.14262106401616476
0.1713424396334917
0.18311529846963528
0.1786811842086701
0.1583856312071466
0.10294569962895606
0.0
0.0
0.0
0.0
0.0
0.0
0.0
0.0
0.0
0.0
0.0
0.0
0.0
0.0
3.183449061137162e-05
0.010288773574164948
0.05713691319330579
0.11531460484687074
0.14797653018401552
0.16311942961223166
0.17263461141156103
0.15850869489841374
0.14309886169457248
0.15063516981917585
0.08629087853659992
0.02532386252721583
0.0
0.0
0.0
0.0
0.0
0.0
0.0
0.0
0.0
0.0
0.0
0.0
0.004603260394358511
0.055685838504547294
0.1197658487738297
0.14392262516775062
0.15905085455342063
0.16954335812972887
0.17716477617957882
0.17741617118116149
0.16869247206783344
0.16358863180804453
0.09325347814657972
0.03380797276501852
0.0
0.0
0.0
0.0
0.0
0.0
0.0
0.0
0.0
0.0
0.0
0.0
0.0
0.006891911897866158
0.024455852881600043
0.060274803327670504
0.09502168822792992
0.09843188373011723
0.10065837281532648
0.09834826412139873
0.09433424960387954
0.10911694030539568
0.05962622945486484
0.017614909394729594
0.0
0.0
0.0
0.0
0.0
0.0
0.0
0.0
0.0
0.0
0.0
0.0
8.268852002694009e-06
0.009989103881579036
0.049695680743707206
0.10033167197573406
0.1448229406474603
0.17006140492126712
0.17837280306943196
0.17410084003848258
0.16354747784479082
0.18013291297543538
0.11469387720017109
0.051994292706335765
0.0
0.0
0.0
0.0
0.0
0.0
0.0
0.0
0.0
0.0
0.0
0.0
0.022300202962216752
0.14961809242639212
0.215425681326481
0.23494608127013705
0.24411724526276424
0.24624418535269732
0.2454123310794267
0.2278739505500154
0.20358705343373454
0.2060715854245378
0.1259380892708681
0.06154609299467355
0.0
0.0
0.0
0.0
0.0
0.0
0.0
0.0
0.0
0.0
0.0
0.0
0.0017790933836488614
0.06524047531391755
0.16284858590957532
0.1974949837500609
0.20246181571824395
0.19736860918670077
0.20238258850082433
0.19645980014450073
0.17348595845707251
0.1672488562425426
0.10300665959122937
0.015126084243458413
0.0
0.0
0.0
0.0
0.0
0.0
0.0
0.0
0.0
0.0
0.0
0.0
0.0
0.01623894666507952
0.06369980484919185
0.1394858238342135
0.162228119604692
0.16565777466440262
0.16944586063050146
0.1700358519836057
0.1699380382924801
0.11503449701101633
0.0
0.0
0.0
0.0
0.0
0.0
0.0
0.0
0.0
0.0
0.0
0.0
0.0
0.0
0.01547657883369237
0.10648134463264991
0.18428187501033802
0.2171782892835079
0.24652604773699377
0.24992535161066423
0.26159567441890125
0.23628930261683675
0.19986852415487405
0.19602257283536437
0.12553412109512
0.06308101622329698
0.0
0.0
0.0
0.0
0.0
0.0
0.0
0.0
0.0
0.0
0.0
0.0
0.09786603236481407
0.18772612427409394
0.23284102658679554
0.2449068250379543
0.2483049512052292
0.2511202139261315
0.2635205800433832
0.23422207375920778
0.18767590736642092
0.17701752156551237
0.1178384060193128
0.06242521362261225
0.0
0.0
0.0
0.0
0.0
0.0
0.0
0.0
0.0
0.0
0.0
0.0
0.007354209008843335
0.04195575633305143
0.1176917688255428
0.15170603322940188
0.17551579296404102
0.18992206322266514
0.19219515767809603
0.18955784612573276
0.18310758195986937
0.19363525021161845
0.12162853337500149
0.07129946511611074
0.0
0.0
0.0
0.0
0.0
0.0
0.0
0.0
0.0
0.0
0.0
0.0
0.015880383360623994
0.10569648898986532
0.1856223521954507
0.20436737721874618
0.21800717454570154
0.22123318130967254
0.21661630583458635
0.21036424032493514
0.1877944652639857
0.19128975459298464
0.1266750146187389
0.06525306302218477
0.0
0.0
0.0
0.0
0.0
0.0
0.0
0.0
0.0
0.0
0.0
0.0
0.004559963179510599
0.03678799904074114
0.12767225975085597
0.16837194746095804
0.18241434792321978
0.1870009505630668
0.18622285542393488
0.17971418986963714
0.1554650527816888
0.12915049327570477
0.06960566625139672
0.042473085637631046
0.0
0.0
0.0
0.0
0.0
0.0
0.0
0.0
0.0
0.0
0.0
0.0
0.002671101496664274
0.02173483686234876
0.04668440501762622
0.07506891775191063
0.11865372995775782
0.15141198822004504
0.16463204375346074
0.16440831746635196
0.1582814932270134
0.1785419154128262
0.15613915177877793
0.10118219448392506
0.049762610990471204
0.0
0.0
0.0
0.0
0.0
0.0
0.0
0.0
0.0
0.0
0.0
0.08442793627989947
0.23616617000331713
0.307399843286719
0.25932409926906475
0.2593019703846829
0.25842021185158304
0.25622651950599207
0.25263650081638556
0.25639298389972104
0.22773453510092015
0.0
0.0
0.0
0.0
0.0
0.0
0.0
0.0
0.0
0.0
0.0
0.0
0.0
0.0
0.011583505456605145
0.09987043607912628
0.17890199484374675
0.2121306488363323
0.22615349719985922
0.22979010166660044
0.23356602135505838
0.21782453586317982
0.18998234188692095
0.18391570498144638
0.1160506168976568
0.05998527258058923
0.0
0.0
0.0
0.0
0.0
0.0
0.0
0.0
0.0
0.0
0.0
0.0
0.013174687849610322
0.06761690777577388
0.15097131612579423
0.19173293775817352
0.21491931337560136
0.2281140896857069
0.23383244172136464
0.22276574496801865
0.19816610028863385
0.19437971501946683
0.11607779295032684
0.05860723691477767
0.0
0.0
0.0
0.0
0.0
0.0
0.0
0.0
0.0
0.0
0.0
0.0
0.11372036857371923
0.17738981838706228
0.2175537267197635
0.22316859247061166
0.22330916727767336
0.2273315359572098
0.2246688233001665
0.20878654971538763
0.17684632350388543
0.1654493493276423
0.10073121672164408
0.03908440801752186
0.0
0.0
0.0
0.0
0.0
0.0
0.0
0.0
0.0
0.0
0.0
0.0
0.05682077124901222
0.16564262885888145
0.20346194773125248
0.21905881563955018
0.22905121266469922
0.2239990879933315
0.20920424855808287
0.19129848084771367
0.17235708388815218
0.1728299007001823
0.10318649849452761
0.039389776660732095
0.0
0.0
0.0
0.0
0.0
0.0
0.0
0.0
0.0
0.0
0.0
0.0
0.026840204634735756
0.10399701774367508
0.15487297518265805
0.17996256310011918
0.1952468543125495
0.20589623784173758
0.20729403094191864
0.18396232101541898
0.1364755398854132
0.10790040080672035
0.036458609299878986
0.007844030816019852
0.0
0.0
0.0
0.0
0.0
0.0
0.0
0.0
0.0
0.0
0.0
0.0
0.006009029201612632
0.06405071750631167
0.13868447171552836
0.17390934485486617
0.18903102785146533
0.19132073452871542
0.18788012318014152
0.18446839531463388
0.163490435432538
0.13017481508951245
0.04125288223452757
0.0005103425966712171
0.0
0.0
0.0
0.0
0.0
0.0
0.0
0.0
0.0
0.0
0.0
0.0
0.0
0.0
0.0
0.007409067487066972
0.017137809881724423
0.025718827544141974
0.02348380620106513
0.014289653704904232
0.0
0.0
0.0
0.0
0.0
0.0
0.0
0.0
0.0
0.0
0.0
0.0
0.0
0.0
0.0
0.0
0.0
0.0
0.00855791707451529
0.04051395757155656
0.09507124351396264
0.10603406304329581
0.10657854974981328
0.09739387191969805
0.08378100297440967
0.07050363261820244
0.017387335067835283
0.0008441292723727029
0.0
0.0
0.0
0.0
0.0
0.0
0.0
0.0
0.0
0.0
0.0
0.0
0.0978221095783092
0.17706101894466578
0.2253981639421466
0.2541341376388952
0.28362729970178735
0.29046087443134216
0.27029913074458584
0.24628281939568225
0.22361223512246617
0.23696237683857813
0.1745237355082529
0.12481216290072054
0.0
0.0
0.0
0.0
0.0
0.0
0.0
0.0
0.0
0.0
0.0
0.08348743627528676
0.20050995620790601
0.2739041863164185
0.30241123961530225
0.3140257426745409
0.32562460044600183
0.31992257761030063
0.3176552046302117
0.3033073429676993
0.2838981073754577
0.26648065527246934
0.1532915920289735
0.08660221408133693
0.0
0.0
0.0
0.0
0.0
0.0
0.0
0.0
0.0
0.0
0.0
0.10406888150826239
0.2075946868795829
0.23708362316431855
0.2655856433583488
0.2903762349483585
0.3001477439106606
0.2921463970087721
0.28151987111619964
0.2610164153690674
0.2260640566406346
0.20736571499304432
0.10512129261543575
0.036233752809201304
0.0
0.0
0.0
0.0
0.0
0.0
0.0
0.0
0.0
0.0
0.0
0.0
0.0032390224635791337
0.03850767556087069
0.10595983633459218
0.1365205324697284
0.15284952121549605
0.1604593245391163
0.1650511492084732
0.15291393644440643
0.13394754024952032
0.09787574362740638
0.02396433242339537
0.008794161219687291
0.0
0.0
0.0
0.0
0.0
0.0
0.0
0.0
0.0
0.0
0.0
0.0
0.03811657880023789
0.16378567625843618
0.22445581086829852
0.25130998183476627
0.24987825734367805
0.2510629514269274
0.2520602680282269
0.24610047073137542
0.21615543374032078
0.2068831258816313
0.13683184770176157
0.0406363307183721
0.0
0.0
0.0
0.0
0.0
0.0
0.0
0.0
0.0
0.0
0.0
0.010382311139158013
0.23416239359508875
0.26315316076576195
0.30010023049243933
0.2626382631992645
0.27723340913992933
0.2815263334124989
0.2808054757968163
0.2750711675758885
0.26958215336128
0.2371645388248832
0.0
0.0
0.0
0.0
0.0
0.0
0.0
0.0
0.0
0.0
0.0
0.0
0.0
0.027933593991104955
0.14828539532293813
0.21015494982467506
0.2412595291633011
0.2626492183660139
0.2770803175688909
0.2776661500171984
0.2727382796301877
0.2608732849214805
0.23418962134260463
0.2268180049458269
0.13697645504277836
0.08335710711179142
0.0
0.0
0.0
0.0
0.0
0.0
0.0
0.0
0.0
0.0
0.0
0.01137449277199192
0.14411426418613948
0.20144642750733563
0.24919989246280372
0.272170263451056
0.2798461178751068
0.28486071390679474
0.27230370265285786
0.23659657895872704
0.19110759784683157
0.15563118693089045
0.06819606659194702
0.024138527170750063
0.0
0.0
0.0
0.0
0.0
0.0
0.0
0.0
0.0
0.0
0.0
0.00861137124156528
0.14155536259905915
0.19843128391322518
0.23389720962194535
0.2647387595885715
0.2783804777709043
0.2714439377080985
0.26442470182048533
0.2563315335753255
0.23525905341802678
0.24026199724781142
0.16052136441172374
0.10751375611739007
0.0
0.0
0.0
0.0
0.0
0.0
0.0
0.0
0.0
0.0
0.0
0.01702639301140195
0.13907243648776213
0.22074701313163358
0.2671087481403318
0.28467176775731956
0.2883299547820755
0.2832057597697853
0.27678283955582944
0.26510716737105755
0.23919783640276185
0.2543526417670843
0.18001733090577937
0.12629968090979288
0.0
0.0
0.0
0.0
0.0
0.0
0.0
0.0
0.0
0.0
0.0
0.017517557719365348
0.1374457263381405
0.20355448987827243
0.24854405667953072
0.2643988857698862
0.27052516818617
0.26994972597043654
0.27164162991251956
0.24760447792524512
0.22227209549251264
0.2245725890250497
0.13699995720017738
0.08196795861406339
0.0
0.0
0.0
0.0
0.0
0.0
0.0
0.0
0.0
0.0
0.0
0.0
0.00033646880008773335
0.01489988476575255
0.05665900717116564
0.11267571472267054
0.13128447297540366
0.1407282119889943
0.15013752918014278
0.14351098928876554
0.1233625165206545
0.0745077604016201
0.009770670995010116
0.0
0.0
0.0
0.0
0.0
0.0
0.0
0.0
0.0
0.0
0.0
0.0
0.0
0.0
0.0
0.007211068763580532
0.06874135614079706
0.15411423497680304
0.19011472207210003
0.1902308966390506
0.17783049944404325
0.10796226917364343
0.0054105981479819765
0.0
0.0
0.0
0.0
0.0
0.0
0.0
0.0
0.0
0.0
0.0
0.0
0.0
0.0
0.0
0.005152935043685966
0.04278014211491501
0.14200261403197756
0.18908770864923288
0.18722796521304488
0.1804943752335066
0.16919318213706697
0.12958962695242535
0.08783306306241265
0.028721555037065354
0.009072769173086432
0.0
0.0
0.0
0.0
0.0
0.0
0.0
0.0
0.0
0.0
0.0
0.0
0.005635079711070611
0.03154267058840256
0.08930251026681034
0.12350900523725154
0.15764940019969853
0.19246992275565566
0.21064188024812333
0.19445596100452145
0.16113824424756162
0.13783385807574766
0.06293840912973243
0.020704430857937613
0.0
0.0
0.0
0.0
0.0
0.0
0.0
0.0
0.0
0.0
0.0
0.0
0.0015251324171706884
0.032195950570407056
0.10658526600175008
0.15590388330210586
0.1813327216315724
0.20173976215508185
0.21713603595436984
0.2016519906762479
0.17007930312874978
0.15965103588459853
0.08877497730778255
0.03668672569551831
0.0
0.0
0.0
0.0
0.0
0.0
0.0
0.0
0.0
0.0
0.0
0.0
0.01661098494567833
0.10128266935568779
0.16715795561778504
0.20696030992086709
0.22839791857764666
0.22262161203866235
0.21564408928267417
0.20112031791254803
0.17290731301570214
0.16210677416726343
0.0868882280696373
0.04784125428308858
0.0
0.0
0.0
0.0
0.0
0.0
0.0
0.0
0.0
0.0
0.0
0.001398154342479803
0.10155628995884555
0.17069039145768883
0.22460696210000175
0.24744543222935592
0.2571508579709499
0.26519631688902023
0.25549809352158864
0.21964730508799185
0.18132400076525274
0.1780840113853482
0.10124343227692657
0.055374704873354094
0.0
0.0
0.0
0.0
0.0
0.0
0.0
0.0
0.0
0.0
0.0
0.0
0.05830985520661148
0.1647151266646337
0.22964323543644635
0.24554293584729395
0.24964148363330207
0.24510198687052695
0.23790128465442556
0.22866950565843155
0.1929570969255395
0.1715818817732257
0.08192541555186432
0.017710884595204267
0.0
0.0
0.0
0.0
0.0
0.0
0.0
0.0
0.0
0.0
0.0
0.0
1.995709869675831e-05
0.11385052488806044
0.20230738143429694
0.19805419363751697
0.20998181364790705
0.20822922993811288
0.2002131026900021
0.19050537318102378
0.17550021673816324
0.12943468687525317
0.0
0.0
0.0
0.0
0.0
0.0
0.0
0.0
0.0
0.0
0.0
0.0
0.0
0.001079573595001009
0.11562965918138148
0.1920440496538689
0.233677740209446
0.25431503562071445
0.2634817432040981
0.2582617054223064
0.24986179563426203
0.22567137398925768
0.19256831235786204
0.1838010126983315
0.0971524189343419
0.04488216608866752
0.0
0.0
0.0
0.0
0.0
0.0
0.0
0.0
0.0
0.0
0.0
0.0
0.02218773764980099
0.11184011039669078
0.1746061903916835
0.1959716665745108
0.20878263122458726
0.20893275061137537
0.2054854977687159
0.1925870125832391
0.17143292541044874
0.16394966832991795
0.08105001062993482
0.030002680122852062
0.0
0.0
0.0
0.0
0.0
0.0
0.0
0.0
0.0
0.0
0.0
0.0
0.0064248622397415165
0.050786325690678986
0.11973974518441029
0.1489798177402706
0.16459846839618855
0.18133865661235984
0.1920678931588099
0.18490547816040595
0.16795066943149803
0.1556856679020793
0.06837580318970092
0.024403114286193992
0.0
0.0
0.0
0.0
0.0
0.0
0.0
0.0
0.0
0.0
0.0
0.0
0.008515768460517142
0.07365252610100113
0.17508982892175406
0.22067376416644205
0.23559527144264147
0.2327928513114608
0.22288472594390435
0.2059473452640366
0.17726216432766656
0.17738899550658652
0.09730394386269298
0.05036878729549674
0.0
0.0
0.0
0.0
0.0
0.0
0.0
0.0
0.0
0.0
0.0
0.0
0.04605838368426275
0.1360633421824366
0.18756046978895144
0.209524528644288
0.2218920078801437
0.22133332777615933
0.21539752605990514
0.2002881843064943
0.17276079844938377
0.16020663228628393
0.05399012048921158
0.010012040164770482
0.0
0.0
0.0
0.0
0.0
0.0
0.0
0.0
0.0
0.0
0.0
0.0
0.0
0.003815021909250992
0.07745105970696024
0.15975559695983105
0.20024805413903563
0.23027093884485883
0.23306037252447137
0.21997182947868701
0.183125532089546
0.13236995059832568
0.03375204439647257
0.001735117968718301
0.0
0.0
0.0
0.0
0.0
0.0
0.0
0.0
0.0
0.0
0.0
0.0
0.0
0.00029353468551758467
0.03598342615163061
0.17205863252321385
0.23067935133983386
0.23910485856625233
0.23567868559147775
0.22250805301908055
0.19976731756507032
0.12236008855247608
0.0
0.0
0.0
0.0
0.0
0.0
0.0
0.0
0.0
0.0
0.0
0.0
0.0
0.0
0.0
0.0038325323346931825
0.016521097561573234
0.05150917468063233
0.09420764469440647
0.11124138867526986
0.1147794471611475
0.11138931480716159
0.09155795646625672
0.00906438167160992
0.0
0.0
0.0
0.0
0.0
0.0
0.0
0.0
0.0
0.0
0.0
0.0
0.0
0.0
0.0
0.007173865351989865
0.02956922915397644
0.07954158560885387
0.1521379534702157
0.17715651549394498
0.17250280460452305
0.1621182238553149
0.14348664300945457
0.12443588267151343
0.039969301278791586
0.0131742067030089
0.0
0.0
0.0
0.0
0.0
0.0
0.0
0.0
0.0
0.0
0.0
0.0
0.00038173703905906457
0.04812160772797922
0.14009173759766663
0.17537207696075985
0.20259009116105342
0.21595587516346673
0.21726587360084795
0.2079723506998289
0.18043050081986664
0.1642795256915645
0.08415490693470035
0.04927507920663185
0.0
0.0
0.0
0.0
0.0
0.0
0.0
0.0
0.0
0.0
0.0
0.0
0.03286011426045882
0.1231681762835745
0.20746280563807099
0.2324928754063267
0.2415570075732973
0.25566505194254485
0.24508078023887625
0.22557343205322686
0.1980050424032004
0.19943386785099268
0.12356277556541835
0.09878790087130175
0.0
0.0
0.0
0.0
0.0
0.0
0.0
0.0
0.0
0.0
0.0
0.007064720670225083
0.13022136133501253
0.2069532599115873
0.2403059365795895
0.25364355365496294
0.2683319940395454
0.27528561357488734
0.267856473831738
0.24509880136501638
0.22061339496577242
0.23257703759256942
0.14577522722836916
0.11648599345209025
0.0
0.0
0.0
0.0
0.0
0.0
0.0
0.0
0.0
0.0
0.0
0.0018435301215631516
0.1395749671097109
0.21597744149972992
0.25896036314593157
0.2740395693391974
0.2801082550225197
0.27747996985316403
0.2628546253897742
0.2422410566924169
0.2167817194050626
0.21405423982928481
0.14283358233114576
0.09847465875202994
0.05182744214788113
0.0
0.0
0.0
0.0
0.0
0.0
0.0
0.0
0.0
0.0
0.0029965214900600132
0.133760773243088
0.25031646656389756
0.34168096018124733
0.3139059909843455
0.3216769221598737
0.32629964773103315
0.31094630377911503
0.2734590406503397
0.26248738134126687
0.19513972124230647
0.0
0.0
0.0
0.0
0.0
0.0
0.0
0.0
0.0
0.0
0.0
0.0
0.0
0.0
0.05489587651894249
0.18424091478113455
0.2417507935739537
0.24853148279474718
0.24693540430491998
0.24576769876699164
0.24187047431688563
0.22549770558976126
0.19034336809093927
0.165647600140179
0.08856335326550879
0.06361396944175926
0.0
0.0
0.0
0.0
0.0
0.0
0.0
0.0
0.0
0.0
0.0
0.0
0.010134421710022757
0.08510222099650205
0.1665681829273684
0.20966327625086958
0.2284200164033066
0.22730945031193298
0.22174024407421694
0.2098197190934823
0.18252369683003652
0.17195067117494728
0.09308854924975127
0.05433538881920038
0.0
0.0
0.0
0.0
0.0
0.0
0.0
0.0
0.0
0.0
0.0
0.0
0.007024080252436216
0.07878661121697622
0.15024156716834072
0.18058871476037797
0.2065309793603392
0.2196878856826476
0.21969311928049426
0.19844476009897535
0.16529612708064728
0.15315361457248317
0.07029130531044966
0.0318376449935024
0.0
0.0
0.0
0.0
0.0
0.0
0.0
0.0
0.0
0.0
0.0
0.0
0.0
0.008979792252073262
0.12132812009668593
0.21334055249610992
0.2285630527408858
0.22538503147048156
0.2172659517195974
0.18733967037876184
0.14541883865102065
0.11839008255218378
0.053430627829642745
0.031701980015761334
0.0
0.0
0.0
0.0
0.0
0.0
0.0
0.0
0.0
0.0
0.0
0.0
0.0034576505803321886
0.03174063657419621
0.0843860115551062
0.097281015390651
0.10167800572264087
0.1297386808097996
0.15221788816461007
0.1494274916876169
0.1380731660673272
0.13193023612629481
0.06705361523229081
0.03843043557157194
0.0
0.0
0.0
0.0
0.0
0.0
0.0
0.0
0.0
0.0
0.0
0.0
0.0
0.01204427418477361
0.041297782762337906
0.07053038216008553
0.08801651744482304
0.09846152407735702
0.10014556488409104
0.09850948818430381
0.09081304769859662
0.09598617095071423
0.03739674048379585
0.007276537442398841
0.0
0.0
0.0
0.0
0.0
0.0
0.0
0.0
0.0
0.0
0.0
0.0
0.0
0.012254634162001473
0.12813721687344512
0.2000097763149395
0.24112514879788227
0.24627983366241946
0.23491901216107347
0.2140401596660401
0.16818604713146848
0.059860857966826705
0.0
0.0
0.0
0.0
0.0
0.0
0.0
0.0
0.0
0.0
0.0
0.0
0.0
0.0
0.0050792667556581175
0.024985544968889873
0.05954425823776532
0.07628423118128312
0.08108472883549678
0.08143409114275506
0.0794145640028351
0.07477337320691266
0.06476227845791602
0.05741309875868521
0.02468296544355773
0.010874197745875197
0.0
0.0
0.0
0.0
0.0
0.0
0.0
0.0
0.0
0.0
0.0
0.0
0.0
0.0023793926082099587
0.01803444808008468
0.05449154906897278
0.11611495032105029
0.13392366345781212
0.1346305825572376
0.12555656690080028
0.11032325244913145
0.09806638588991631
0.035016005645649
0.014584787702877872
0.0
0.0
0.0
0.0
0.0
0.0
0.0
0.0
0.0
0.0
0.0
0.0
0.0
0.0029277897945747255
0.013622972072837983
0.019692321327695474
0.02319439028559384
0.025221986770171217
0.033020044686511554
0.04676293463278527
0.04580450347540638
0.03833174277150674
0.016590747547996117
0.007142970886623004
0.0
0.0
0.0
0.0
0.0
0.0
0.0
0.0
0.0
0.0
0.0
0.0
0.0
0.0055929044326174975
0.04444419922354421
0.10173598189108343
0.13629657493348243
0.14643943961070272
0.1425715175394582
0.13432039257449035
0.11608033518468502
0.08228603911477542
0.02346792474927257
0.005681020850115647
0.0
0.0
0.0
0.0
0.0
0.0
0.0
0.0
0.0
0.0
0.0
0.0
0.0
0.0062831637281205695
0.07745881885019737
0.14679703520535908
0.1669233039948883
0.17181583512474588
0.17545930978083737
0.16898190014783412
0.14538156904436264
0.11618445122245455
0.04905074275958889
0.020655994559975646
0.0
0.0
0.0
0.0
0.0
0.0
0.0
0.0
0.0
0.0
0.0
0.0
0.026399855871275673
0.11385780337762232
0.1809052674013078
0.22126845230612724
0.24488490435796195
0.2508837666095054
0.24654006454280922
0.23824511938284398
0.21680511347915762
0.18810704363283945
0.11233945418437707
0.0655754025143782
0.006672644084829407
0.0
0.0
0.0
0.0
0.0
0.0
0.0
0.0
0.0
0.0
0.0
0.10407359473749361
0.24318757858921008
0.3486708896348354
0.32332444016754386
0.3330200199701133
0.3551298839359812
0.34849975182372006
0.3231359407121272
0.35926081352825784
0.2828756733134508
0.0
0.0
0.0
0.0
0.0
0.0
0.0
0.0
0.0
0.0
0.0
0.0
0.0
0.07168195337918566
0.19215937067072908
0.28413928286671525
0.3570891456743823
0.36296213661859367
0.3512440132462145
0.341077900102493
0.32829555799974425
0.2972925567701057
0.24999666787339994
0.2221195579383759
0.14042597472433818
0.12562849911477683
0.0
0.0
0.0
0.0
0.0
0.0
0.0
0.0
0.0
0.0
0.0
0.048545428814156154
0.17301165057610463
0.22964261722090493
0.2732957449574693
0.3128333019913607
0.32887040097279985
0.3193876021414765
0.3180409157420473
0.2971778891522659
0.2491253023142541
0.21243749194733041
0.14155448911223284
0.12364380362188616
0.0
0.0
0.0
0.0
0.0
0.0
0.0
0.0
0.0
0.0
0.0
0.0
0.0
0.0233028570901974
0.11791130417821542
0.14978566651217115
0.1748565932949553
0.183749023680632
0.1811726804445154
0.17540068603298248
0.14099676179740372
0.08178248586934302
0.023281821438581724
0.008861943578145659
0.0
0.0
0.0
0.0
0.0
0.0
0.0
0.0
0.0
0.0
0.0
0.0
0.000508247921064792
0.0367375352103178
0.1401759867595336
0.16882744448138726
0.1787834096312289
0.17973850651507142
0.17427179716029623
0.1567508247439746
0.11872663151477733
0.07498810440725093
0.02237402765113752
0.006808880033433194
0.0
0.0
0.0
0.0
0.0
0.0
0.0
0.0
0.0
0.0
0.0
0.0
0.0
0.006468656601098398
0.07055780535440663
0.1531506244922095
0.17660469945323418
0.1729679652808352
0.15958177490848663
0.1403861611896561
0.10492663425323544
0.07115916981499185
0.030591053840335367
0.016576122991839633
0.0
0.0
0.0
0.0
0.0
0.0
0.0
0.0
0.0
0.0
0.0
0.0
0.0
0.0033230308856731137
0.01643468474138546
0.0308904280447719
0.08494754724229193
0.11354426644943978
0.11533516411353645
0.11084282273736586
0.10114182172019051
0.0595410405360309
0.00651961001738031
0.0
0.0
0.0
0.0
0.0
0.0
0.0
0.0
0.0
0.0
0.0
0.0
0.0
0.0
0.0
0.0
0.0044464547635513505
0.01478987969541029
0.020350802783904044
0.019664725115429164
0.014370951460986225
0.0
0.0
0.0
0.0
0.0
0.0
0.0
0.0
0.0
0.0
0.0
0.0
0.0
0.0
0.0
0.0
0.0
0.017096722894111367
0.12959438039772686
0.19589914794997218
0.22839983462308536
0.2311496087627168
0.21202082523045906
0.17996978094421526
0.1348514066864877
0.08359949350209937
0.024923761065980394
0.01020917007465873
0.0
0.0
0.0
0.0
0.0
0.0
0.0
0.0
0.0
0.0
0.0
0.0
0.0
0.0
0.0038435939753967197
0.02486104874447461
0.044681970701759714
0.046451891852621933
0.045611619389267034
0.041323498619446425
0.031217607728436278
0.017971505357259207
0.005872343784909488
0.0002834652796290495
0.0
0.0
0.0
0.0
0.0
0.0
0.0
0.0
0.0
0.0
0.0
0.0
0.00048190835861466603
0.024141788546695266
0.08639272253694277
0.12272973462475945
0.13380775942535386
0.13166541288775455
0.12754317996420186
0.11742581923858825
0.09344220250549003
0.056357282736214445
0.016188289038698934
0.0036826329436902222
0.0
0.0
0.0
0.0
0.0
0.0
0.0
0.0
0.0
0.0
0.0
0.0
0.0026042552693476303
0.04513992429005434
0.09531515776873203
0.1420043391592046
0.17765991589386596
0.18270472397399504
0.17945726027401848
0.1699390229926453
0.14219593079525794
0.10347683515840037
0.05011218345226599
0.023628411605720774
0.0
0.0
0.0
0.0
0.0
0.0
0.0
0.0
0.0
0.0
0.0
0.0
0.002164365830114957
0.09874997872477695
0.2168073264254258
0.2535731455545811
0.2686823032280002
0.27095535261733966
0.2646840651501811
0.23082589122829109
0.18730938159209104
0.15660754391199988
0.08173326369210958
0.03194340800534115
0.0
0.0
0.0
0.0
0.0
0.0
0.0
0.0
0.0
0.0
0.0
0.0
0.0
0.006278290987093488
0.06975493081668457
0.14491498116059906
0.16613970021192034
0.1737099120225755
0.17188969022006897
0.16154352916537215
0.13048650582516702
0.05668786356038295
0.010333994714869683
0.0
0.0
0.0
0.0
0.0
0.0
0.0
0.0
0.0
0.0
0.0
0.0
0.0
0.0
0.005626973112742604
0.04922278401064641
0.1321172609806361
0.18334842721883984
0.1974423370302673
0.1923441114149004
0.16468003953509863
0.05043751296182817
0.0
0.0
0.0
0.0
0.0
0.0
0.0
0.0
0.0
0.0
0.0
0.0
0.0
0.0
0.0
0.0
0.005454081830721428
0.19137469205017876
0.20780716718083245
0.19524239456604134
0.18196023646096435
0.14983621572376404
0.10109115678663519
0.00032967226763970975
0.0
0.0
0.0
0.0
0.0
0.0
0.0
0.0
0.0
0.0
0.0
0.0
0.0
0.0
0.0
0.0
0.044036517363009973
0.11504151166519275
0.12329302453987234
0.12954654830463738
0.12856623225424466
0.12624807867424975
0.11250198764701302
0.08110966813860615
0.039078466893681725
0.016587606012475557
0.00698341640358336
0.0
0.0
0.0
0.0
0.0
0.0
0.0
0.0
0.0
0.0
0.0
0.0
0.0
0.0007628001086285291
0.07271589853570402
0.15137919666137553
0.16377320214510718
0.16197042111575619
0.15276136868094467
0.13932032130747724
0.09900452250759152
0.049114904457162
0.012624721314365732
0.0013901001223929363
0.0
0.0
0.0
0.0
0.0
0.0
0.0
0.0
0.0
0.0
0.0
0.0
0.0
0.01312865437493925
0.07118391526925233
0.1179660876623019
0.13525934286894759
0.13824825081089498
0.1363830526666764
0.1235849632536699
0.09305986688265384
0.04903948195825409
0.016959778725637996
0.004991390797695327
0.0
0.0
0.0
0.0
0.0
0.0
0.0
0.0
0.0
0.0
0.0
0.0
0.0
0.004552799950916761
0.02281104403234438
0.041929622160511944
0.06487280455576186
0.07248821188288564
0.06824480490459654
0.05809262887189679
0.04616357174610716
0.02523629414735403
0.007451284057447422
0.0005281318872741459
0.0
0.0
0.0
0.0
0.0
0.0
0.0
0.0
0.0
0.0
0.0
0.0
0.0
0.002005464811232225
0.016671016316195175
0.02148367917702071
0.04881081649834984
0.10017951458643912
0.10222021847542019
0.09210996302623654
0.06991337764537227
0.013157904452234071
0.0
0.0
0.0
0.0
0.0
0.0
0.0
0.0
0.0
0.0
0.0
0.0
0.0
0.0
0.0
0.0
0.0
5.3831186133731014e-05
0.004745875482737134
0.0075787891394976355
0.017688565698807765
0.015515779019875883
0.0
0.0
0.0
0.0
0.0
0.0
0.0
0.0
0.0
0.0
0.0
0.0
0.0
0.0
0.0
0.0
0.0
0.0
0.009748770574936729
0.037351013487105636
0.0740449976101599
0.09353961844667999
0.0944886957999643
0.08588326304156899
0.07036202439717355
0.033597773541401754
0.005058272952946512
0.0
0.0
0.0
0.0
0.0
0.0
0.0
0.0
0.0
0.0
0.0
0.0
0.0
0.0
0.011535268315059424
0.06475047877919905
0.10636888760735967
0.12269873496226694
0.1330973674569664
0.13453843970391416
0.12511073589332664
0.09833685634564647
0.043533356865869476
0.009305602255484055
0.0006536774609965228
0.0
0.0
0.0
0.0
0.0
0.0
0.0
0.0
0.0
0.0
0.0
0.0
0.0002380400114292128
0.0290914500006166
0.07253830910758527
0.07597484239756769
0.1201209898803801
0.15648944492898048
0.15021051093277135
0.11501050002697262
0.05708801470951059
0.0194441566392055
0.0030081692117001927
0.0
0.0
0.0
0.0
0.0
0.0
0.0
0.0
0.0
0.0
0.0
0.0
0.0
0.038096406238511564
0.11906152578821522
0.1304019835757831
0.13455684227990716
0.13480500320466532
0.13635203783332198
0.13164526583804595
0.10732122498247124
0.08284287997744298
0.043613325137706445
0.01493242387974322
0.003086637003438791
0.0
0.0
0.0
0.0
0.0
0.0
0.0
0.0
0.0
0.0
0.0
0.0
0.08504035963610203
0.17631748045882648
0.2595535670443617
0.2604065861512308
0.2534760721079269
0.24674136329888977
0.2371120667605762
0.1880779857484521
0.112103734517207
0.042968950260002935
0.018315024740604403
0.017967119101282767
0.0
0.0
0.0
0.0
0.0
0.0
0.0
0.0
0.0
0.0
0.0
0.0
0.0
0.0
0.0
0.0
0.006400432740726043
0.08590127742436177
0.12444621288614983
0.11263526615673011
0.08867102392978361
0.028133645995407797
0.0026643218037580023
0.0
0.0
0.0
0.0
0.0
0.0
0.0
0.0
0.0
0.0
0.0
0.0
0.0
0.0
0.0
0.0
0.005410418153356913
0.01701347018399248
0.01915269215341278
0.021868464232030174
0.022840454464070587
0.00323076612238355
0.0
0.0
0.0
0.0
0.0
0.0
0.0
0.0
0.0
0.0
0.0
0.0
0.0
0.0
0.0
0.0
0.0
0.0
0.0
0.018262479088051047
0.1150262885125173
0.14060365531777871
0.1291505934986716
0.09936994621238962
0.04678602825996546
0.018592730204497008
0.009020712785574415
0.0
0.0
0.0
0.0
0.0
0.0
0.0
0.0
0.0
0.0
0.0
0.0
0.0
0.0026878082453158196
0.018511711464121117
0.04909421376037705
0.09385996007266721
0.11989052235445966
0.12397777279724746
0.11079985077211746
0.08407317172795113
0.03183135405050023
0.006994801351764057
0.0002147379895256489
0.0
0.0
0.0
0.0
0.0
0.0
0.0
0.0
0.0
0.0
0.0
0.0
0.0
0.0016131923213332365
0.029147265135145255
0.09435139523758675
0.12034357395926366
0.11247240625635872
0.10402401229102187
0.09564630852140484
0.06633342244922845
0.021648152038277326
0.0046623894028969565
0.0
0.0
0.0
0.0
0.0
0.0
0.0
0.0
0.0
0.0
0.0
0.0
0.0
0.0
0.00289870100627843
0.014687021119155107
0.02071681954664062
0.026721442676773892
0.02938811069069764
0.026894162008603
0.019735221717706735
0.011427528464176563
0.0040655954421418335
0.0028745144881038814
0.0006093090659913915
0.0
0.0
0.0
0.0
0.0
0.0
0.0
0.0
0.0
0.0
0.0
0.0
0.0
0.0030601808894337615
0.04240878907989021
0.08501161711091257
0.09003078636934747
0.08786410190272695
0.08641744476156439
0.07790282510932449
0.051221205133668624
0.014299704264125605
0.0005750831262763871
0.0
0.0
0.0
0.0
0.0
0.0
0.0
0.0
0.0
0.0
0.0
0.0
0.0
0.0
0.0007642716565445795
0.013037920676368726
0.02619266175465322
0.04832960710020117
0.06122787961225838
0.06034471805744703
0.05209397814729103
0.03534972153341141
0.003968995417179487
0.0
0.0
0.0
0.0
0.0
0.0
0.0
0.0
0.0
0.0
0.0
0.0
0.0
0.0
0.0
0.0
0.00836155340686103
0.1006350520426861
0.14031700086466484
0.13910429861418763
0.11879010071961811
0.08767933319410558
0.0032080162897052907
0.0
0.0
0.0
0.0
0.0
0.0
0.0
0.0
0.0
0.0
0.0
0.0
0.0
0.0
0.0
0.0
0.016673530140483377
0.11781814947216915
0.1949719943759414
0.22482982679731583
0.2400125967709613
0.2445511590283026
0.20769320226622864
0.1481986193221201
0.08417284483450253
0.03803026761392444
0.015614987899182923
0.0
0.0
0.0
0.0
0.0
0.0
0.0
0.0
0.0
0.0
0.0
0.0
0.00010016164957860127
0.050085732729763806
0.15252435050255564
0.20712279181843868
0.23722550104280576
0.222728568082399
0.18396314255234933
0.13605409041050512
0.08980896052666491
0.04861229940569816
0.014785804429914123
0.0029809020922149476
0.0
0.0
0.0
0.0
0.0
0.0
0.0
0.0
0.0
0.0
0.0
0.0
0.0027161614169379325
0.08927863542967795
0.153887806476717
0.15471244281218677
0.15364148516003698
0.15486069190929963
0.15207757231428873
0.14399601765130923
0.09527733569427853
0.029347000120525348
0.0026688879941422702
0.0
0.0
0.0
0.0
0.0
0.0
0.0
0.0
0.0
0.0
0.0
0.0
0.0
0.0
0.0
0.00876414024903687
0.026754278539217535
0.04315075657151492
0.03928586389249831
0.03681237418637325
0.030216532680409164
0.013703740475872665
0.004242862560930234
0.0
0.0
0.0
0.0
0.0
0.0
0.0
0.0
0.0
0.0
0.0
0.0
0.0
0.0
0.0
0.0
0.00868964059408177
0.024712359706511887
0.047702096456503286
0.06033454250830303
0.058418300703894845
0.04660908023109671
0.025644656623815692
0.009706539513491872
0.00012459557516820134
0.0
0.0
0.0
0.0
0.0
0.0
0.0
0.0
0.0
0.0
0.0
0.0
0.0
0.0
0.0
0.0
0.0
0.0030702126357208745
0.006469509227214895
0.005586154608519413
0.0004756495157558168
0.0
0.0
0.0
0.0
0.0
0.0
0.0
0.0
0.0
0.0
0.0
0.0
0.0
0.0
0.0
0.0
0.0
0.0
0.0
0.0007427600515571581
0.008893456804630401
0.01608627203252428
0.014874791078935476
0.0040922801303359116
0.0
0.0
0.0
0.0
0.0
0.0
0.0
0.0
0.0
0.0
0.0
0.0
0.0
0.0
0.0
0.0
0.0
0.0
0.001152794782868265
0.014925469878712105
0.02455986336595331
0.03495998292541652
0.03557271755765028
0.029084976723205504
0.013111306382206847
0.005387786892005278
0.0
0.0
0.0
0.0
0.0
0.0
0.0
0.0
0.0
0.0
0.0
0.0
0.0
0.0
0.0
0.0
0.0008909183263030642
0.06412160546655951
0.1225574863196772
0.1256401432867539
0.11761982065169535
0.09570736772180827
0.04163110422528391
0.013438234547074867
0.001100187071479907
0.0
0.0
0.0
0.0
0.0
0.0
0.0
0.0
0.0
0.0
0.0
0.0
0.0
0.0
0.0
0.009615106398484728
0.08878733433758372
0.12036653286709255
0.11920946041923393
0.11381302141958502
0.10146979373630995
0.06287648680548605
0.02144989466859955
0.004605404314954954
0.0
0.0
0.0
0.0
0.0
0.0
0.0
0.0
0.0
0.0
0.0
0.0
0.0
0.0
0.0495085624067984
0.1422056787374719
0.18915384468522753
0.21603622832490252
0.20440331645471094
0.1750645097661188
0.13395942575459371
0.09574989432346434
0.05287283219677366
0.02194022872688111
0.004984071785723787
0.0
0.0
0.0
0.0
0.0
0.0
0.0
0.0
0.0
0.0
0.0
0.0
0.0
0.00964869257850604
0.11374658648622578
0.17844911126104523
0.20068036289719057
0.20090520989745211
0.18327458008243028
0.16344625890913603
0.1084662281647824
0.04012305313208575
0.01054763624335359
0.00019132386072122153
0.0
0.0
0.0
0.0
0.0
0.0
0.0
0.0
0.0
0.0
0.0
0.0
0.0
0.005491099850478866
0.11725041919840644
0.16455723518787882
0.1759229949976921
0.17703648129583946
0.18412540605250663
0.17107631891451908
0.11159305191244732
0.04716265391455365
0.004217479436262618
0.0
0.0
0.0
0.0
0.0
0.0
0.0
0.0
0.0
0.0
0.0
0.0
0.0
0.0
0.0
0.0
0.0
0.0006571357429812363
0.0068436325347853095
0.01381166306401292
0.00323923464022437
0.0
0.0
0.0
0.0
0.0
0.0
0.0
0.0
0.0
0.0
0.0
0.0
0.0
0.0
0.0
0.0
0.0
0.0
0.0
0.0035721722426334773
0.01291087120909576
0.017757748317984948
0.0154055158125165
0.007907436981961764
8.736827067665283e-06
0.0
0.0
0.0
0.0
0.0
0.0
0.0
0.0
0.0
0.0
0.0
0.0
0.0
0.0
0.0
0.0
0.0
0.003412255020664217
0.03964245050970511
0.10330217990996593
0.11883402355636347
0.10978751110505057
0.09147191145512266
0.042773773156178314
0.013407532880763117
0.002776392010251835
0.0
0.0
0.0
0.0
0.0
0.0
0.0
0.0
0.0
0.0
0.0
0.0
0.0
0.0
0.0
0.0
0.002581688591638008
0.00805914705965394
0.015218813624709402
0.015909307676492013
0.01009045683546609
0.0005554483990428056
0.0
0.0
0.0
0.0
0.0
0.0
0.0
0.0
0.0
0.0
0.0
0.0
0.0
0.0
0.0
0.0
0.0
0.0
0.0
0.0
0.0
0.0
0.0
0.0
0.0
0.0
0.0
0.0
0.0
0.0
0.0
0.0
0.0
0.0
0.0
0.0
0.0
0.0
0.0
0.0
0.0
0.0030841179930101003
0.015998383662003294
0.021562371076682813
0.023379164443077936
0.01987054094715596
0.011994734532058801
0.0007627803192835848
0.0
0.0
0.0
0.0
0.0
0.0
0.0
0.0
0.0
0.0
0.0
0.0
0.0
0.0
0.0
0.0
0.0
0.00010268604759820457
0.014028216808071679
0.023170368996056952
0.022311285576284014
0.01909929909850368
0.012375816211004413
0.0016415791939619285
0.0
0.0
0.0
0.0
0.0
0.0
0.0
0.0
0.0
0.0
0.0
0.0
0.0
0.0
0.0
0.0
0.0
0.0
0.0
0.0
0.0
0.0
0.0
0.0
0.0
0.0
0.0
0.0
0.0
0.0
0.0
0.0
0.0
0.0
0.0
0.0
0.0
0.0
0.0
0.0
0.0
0.0
0.009061806817817446
0.01798817926068472
0.0225764727674393
0.022988480019463155
0.013458480744284056
0.0007538599900805123
0.0
0.0
0.0
0.0
0.0
0.0
0.0
0.0
0.0
0.0
0.0
0.0
0.0
0.0
0.0
0.0
0.02920112782480411
0.14514745943584076
0.20914339276167387
0.2405458207174443
0.24371666238905085
0.22126246561424256
0.18400974771063466
0.11299557076307078
0.05457384245834518
0.019061767588439436
0.005268992479316774
0.0009980241283465499
0.0
0.0
0.0
0.0
0.0
0.0
0.0
0.0
0.0
0.0
0.0
0.0
0.010465833429601444
0.06136835036104048
0.11853143879435998
0.14147019046682788
0.14836291752636085
0.14547909494201017
0.1369141656021719
0.08226371691786326
0.020753252981756967
0.00340978714788501
0.0
0.0
0.0
0.0
0.0
0.0
0.0
0.0
0.0
0.0
0.0
0.0
0.0
0.0
0.0
0.0
0.0
0.0005877079683395787
0.002055483440649481
0.0
0.0
0.0
0.0
0.0
0.0
0.0
0.0
0.0
0.0
0.0
0.0
0.0
0.0
0.0
0.0
0.0
0.0
0.0
0.0
0.0
0.005544671475420558
0.024635264243542183
0.028580408285127364
0.017078381969881106
0.010807267609982909
0.0068779993454276735
0.0002975293266594224
0.0
0.0
0.0
0.0
0.0
0.0
0.0
0.0
0.0
0.0
0.0
0.0
0.0
0.0
0.0
0.0
0.0
0.0
0.006680550209341794
0.013353238686424239
0.01213931713239579
0.005688382671757972
0.0006581525427186304
0.00022609995361027525
0.0
0.0
0.0
0.0
0.0
0.0
0.0
0.0
0.0
0.0
0.0
0.0
0.0
0.0
0.0
0.0
0.0
0.0
0.0002294508517717063
0.005527518439889097
0.00678189982065196
0.0010535830934244967
0.0
0.0
0.0
0.0
0.0
0.0
0.0
0.0
0.0
0.0
0.0
0.0
0.0
0.0
0.0
0.0
0.0
0.0003267586373065282
0.026092715882460822
0.10112379992091158
0.14611267000702943
0.1627311432223603
0.16341517923521273
0.14828913765325336
0.09326305067569872
0.04306090091947594
0.017795958041577138
0.0015657211802500453
0.0
0.0
0.0
0.0
0.0
0.0
0.0
0.0
0.0
0.0
0.0
0.0
0.0
0.0
0.0
0.010327724983310842
0.01821895249005752
0.02045171028828951
0.013423485327608318
0.00621603257094231
0.000907041238705261
0.0
0.0
0.0
0.0
0.0
0.0
0.0
0.0
0.0
0.0
0.0
0.0
0.0
0.0
0.0
0.0
0.0
0.0003346013983277215
0.020026234428302484
0.06663523102123727
0.07622016073139029
0.07245268827571463
0.06400708443131874
0.03167264901780273
0.007802360893455759
0.0
0.0
0.0
0.0
0.0
0.0
0.0
0.0
0.0
0.0
0.0
0.0
0.0
0.0
0.0
0.0
0.001997594100379197
0.031286981962743356
0.0491562676150542
0.04592123721899877
0.04223254247261828
0.036902753592969094
0.017628435295950918
0.0022966309385435042
0.0
0.0
0.0
0.0
0.0
0.0
0.0
0.0
0.0
0.0
0.0
0.0
0.0
0.0
0.0
0.0
0.0
0.0
0.0
0.0
0.0
0.0
0.0
0.0
0.0
0.0
0.0
0.0
0.0
0.0
0.0
0.0
0.0
0.0
0.0
0.0
0.0
0.0
0.0
0.0
0.0
0.0
0.0
0.0
0.0
0.0
0.0
0.0
0.0
0.0
0.0
0.0
0.0
0.0
0.0
0.0
0.0
0.0
0.0
0.0
0.0
0.0
0.0
0.0
0.0
0.0
0.0
0.0
0.0
0.0
0.0
0.0
0.0
0.0
0.0
0.0
0.0
0.0
0.0
0.0
0.0
0.0
0.0
0.0
0.0
0.0
0.0
0.0
0.0
0.0
0.0
5.435714576911207e-05
0.0
0.0
0.0
0.0
0.0
0.0
0.0
0.0
0.0
0.0
0.0
0.0
0.0
0.0
0.0
0.0
0.0
0.0
0.0
0.0
0.010228461065447312
0.09134192634983995
0.11446060389952091
0.09812244142555071
0.07464374981354663
0.04387554381876963
0.012693021159330594
3.9748719534364416e-05
0.0
0.0
0.0
0.0
0.0
0.0
0.0
0.0
0.0
0.0
0.0
0.0
0.0
0.0
0.0
0.0
0.002026510993148078
0.01572383232170962
0.020037456820690063
0.020725338740494634
0.01783648313996835
0.010361186833113713
0.00016672616180437216
0.0
0.0
0.0
0.0
0.0
0.0
0.0
0.0
0.0
0.0
0.0
0.0
0.0
0.0
0.0
0.0
0.0
0.0
0.0027651420767513357
0.009396707534374526
0.007878748278419284
0.007994983025712808
0.0033296644157444787
0.0
0.0
0.0
0.0
0.0
0.0
0.0
0.0
0.0
0.0
0.0
0.0
0.0
0.0
0.0
0.0
0.0
0.0
0.0007155150028796086
0.013415085197051113
0.017835998136249056
0.019561650392908896
0.017405818081506704
0.011704620813515424
0.0016748112183498616
0.0005835891744746164
0.0
0.0
0.0
0.0
0.0
0.0
0.0
0.0
0.0
0.0
0.0
0.0
0.0
0.0
0.0
0.0
0.0
0.0
0.0
0.0
0.0
0.0
0.0
0.0
0.0
0.0
0.0
0.0
0.0
0.0
0.0
0.0
0.0
0.0
0.0
0.0
0.0
0.0
0.0
0.0
0.0
0.0
0.0
0.0
0.0
0.0
0.0
0.0
0.0
0.0
0.0
0.0
0.0
0.0
0.0
0.0
0.0
0.0
0.0
0.0
0.0
0.0
0.0
0.0
0.0
0.0
0.0
0.0
0.0
0.0
0.0
0.0
0.0
0.0
0.0
0.0
0.0
0.0
0.0
0.0
0.0
0.0
0.0
0.0
0.0
0.0
0.0
0.0
0.0
0.0
0.0
0.0
0.0
0.0
0.0
0.0
0.0
0.0
0.0
0.0
0.0
0.0
0.0
0.0
0.0
0.0
0.0
0.0
0.0
0.0
0.0
0.0
0.0
0.0
0.0
0.0
0.0
0.0
0.0
0.0
0.0
0.0
0.0
0.0
0.0
0.0
0.0
0.0
0.0
0.0
0.0
0.0
0.0
0.0
0.0
0.0
0.0
0.0
0.001364847717667388
0.005436536480245753
0.0013642034036099899
0.0
0.0
0.0
0.0
0.0
0.0
0.0
0.0
0.0
0.0
0.0
0.0
0.0
0.0
0.0
0.0
0.0
0.0
0.0
0.0
0.004093249275270034
0.011676695259536731
0.009252612988895738
0.006371183690155542
0.002838876683361714
0.0
0.0
0.0
0.0
0.0
0.0
0.0
0.0
0.0
0.0
0.0
0.0
0.0
0.0
0.0
0.0
0.0
0.0
0.0
0.008351845373741618
0.02112709192813999
0.018217518295724665
0.010553428756283506
0.005570110361059054
0.003696075422332854
0.00044780791714009417
0.0
0.0
0.0
0.0
0.0
0.0
0.0
0.0
0.0
0.0
0.0
0.0
0.0
0.0
0.0
0.0
0.002537641878124021
0.0968071715143248
0.13469885007832041
0.13060585444217962
0.12903280202095913
0.12113110049334004
0.05157125052925654
0.0
0.0
0.0
0.0
0.0
0.0
0.0
0.0
0.0
0.0
0.0
0.0
0.0
0.0
0.0
0.0
0.0
0.05406682210993682
0.15747143313458042
0.20416436306401112
0.2144806425376045
0.16505685080781665
0.12515878275673756
0.06474710050483319
0.016263462851072344
0.004207814037453744
0.0
0.0
0.0
0.0
0.0
0.0
0.0
0.0
0.0
0.0
0.0
0.0
0.0
0.0
0.0020564180975174307
0.11120819530159061
0.19699325493616035
0.21092253635640307
0.19932590453298024
0.17233394899428123
0.14705054756584737
0.09274753518878286
0.04093816526405987
0.02448429969029207
0.014792994429316919
0.005763451968245132
0.0
0.0
0.0
0.0
0.0
0.0
0.0
0.0
0.0
0.0
0.0
0.0
0.005305997672341807
0.10652996953947122
0.1869013869295661
0.23547352252372863
0.23112105610650796
0.19755313178277073
0.165436290734858
0.07863976920001833
0.018415937604865772
0.0030828757287908975
0.0
0.0
0.0
0.0
0.0
0.0
0.0
0.0
0.0
0.0
0.0
0.0
0.0
0.0
0.008575387817414185
0.1055656479391719
0.18367914237710242
0.178721828543925
0.16256410555832373
0.1528699150055125
0.12242999056535814
0.05641689799816511
0.013033065647456248
0.001724865242391642
0.0
0.0
0.0
0.0
0.0
0.0
0.0
0.0
0.0
0.0
0.0
0.0
0.0
0.0
0.0006303422892551164
0.05164377877865864
0.08934458838189545
0.09004935759805063
0.09115930436374943
0.08835347848687686
0.08532734979510756
0.04479623998888275
0.009634536467391923
0.0
0.0
0.0
0.0
0.0
0.0
0.0
0.0
0.0
0.0
0.0
0.0
0.0
0.0
0.0
0.0
0.0017315277123657426
0.011022169179029161
0.022246377676935925
0.029485023196806452
0.023289610546355557
0.015544160099995706
0.009577983799854202
0.002032715449523761
0.0
0.0
0.0
0.0
0.0
0.0
0.0
0.0
0.0
0.0
0.0
0.0
0.0
0.0
0.0
0.0
0.0
0.022298443097005852
0.03137206185742238
0.01083985509139802
0.0
0.0
0.0
0.0
0.0
0.0
0.0
0.0
0.0
0.0
0.0
0.0
0.0
0.0
0.0
0.0
0.0
0.0
0.0
0.0
0.010977816261383526
0.11949198140464147
0.19318862060182718
0.14980017420128855
0.10855302633709105
0.0735870264112903
0.020804128305495297
0.005653276201898439
0.00045863915529787287
0.0
0.0
0.0
0.0
0.0
0.0
0.0
0.0
0.0
0.0
0.0
0.0
0.0
0.0
0.0
0.005914552229858425
0.11199597556098603
0.1693047066803675
0.2021372305039268
0.174937044514033
0.11162857841605364
0.03817367829174217
0.0
0.0
0.0
0.0
0.0
0.0
0.0
0.0
0.0
0.0
0.0
0.0
0.0
0.0
0.0
0.0
0.0
0.0
0.0
0.0
0.0
0.0
0.0
0.0
0.0
0.0
0.0
0.0
0.0
0.0
0.0
0.0
0.0
0.0
0.0
0.0
0.0
0.0
0.0
0.0
0.0
0.0
0.0
0.0
0.00026981534031136624
0.0011879438443529854
4.081563648307485e-05
0.0
0.0
0.0
0.0
0.0
0.0
0.0
0.0
0.0
0.0
0.0
0.0
0.0
0.0
0.0
0.0
0.0
0.0
0.0
0.0
0.0
0.0
0.0
0.0
0.0
0.0
0.0
0.0
0.0
0.0
0.0
0.0
0.0
0.0
0.0
0.0
0.0
0.0
0.0
0.0
0.0
0.0
0.0
0.0
0.0008131175881978339
0.008947719202378268
0.012320354918793337
0.009665130112784753
0.008510808145782095
0.004302334444953241
0.0
0.0
0.0
0.0
0.0
0.0
0.0
0.0
0.0
0.0
0.0
0.0
0.0
0.0
0.0
0.0
0.0
0.0
0.0023339147350969346
0.00773105668572327
0.0019460012082808675
0.0
0.0
0.0
0.0
0.0
0.0
0.0
0.0
0.0
0.0
0.0
0.0
0.0
0.0
0.0
0.0
0.0
0.0
0.0
0.0
0.0
0.0
0.0
0.0
0.0
0.0
0.0
0.0
0.0
0.0
0.0
0.0
0.0
