0.0
0.0
0.0
0.0
0.0
0.0
0.0
0.0
0.0
0.0
0.0
0.0
0.0
0.0
0.0
0.0
0.0
0.0
0.0
0.0
0.0
0.0
0.0
0.0
0.0
0.0
0.0
0.0
0.0
0.0
0.0
0.0
0.0
0.0
0.0
0.0
0.0
0.0
0.0
0.0
0.0
0.0
0.0
0.0
0.0
0.0
0.0
0.0
0.0
0.0
0.0
0.0
0.0
0.0
0.0
0.0
0.0
0.0
0.0
0.0
0.0
0.0
0.0
0.0
0.0
0.0
0.0
0.0
0.0
0.0
0.0
0.0
0.0
0.0
0.0
0.0
0.0
0.0
0.0
0.0
0.0
0.0
0.0
0.0
0.0
0.0
0.0
0.0
0.0
0.0
0.0
0.0
0.0
0.0
0.0
0.0
0.0
0.0
0.0
0.0
0.0
0.0
0.0
0.0
0.0
0.0
0.0
0.0
0.0
0.0
0.0
0.0
0.0
0.0
0.0
0.0
0.0
0.0
0.0
0.0
0.0
0.0
0.0
0.0
0.0
0.0
0.0
0.0
0.0
0.0
0.0
0.0
0.0
0.0
0.0
0.0
0.0
0.0
0.0
0.0
0.0
0.0
0.0
0.0
0.0
0.0
0.0
0.0
0.0
0.0
0.0
0.0
0.0
0.0
0.0
0.0
0.0
0.0
0.0
0.0
0.0
0.0
0.0
0.0
0.0
0.0
0.0
0.0
0.0
0.0
0.0
0.0
0.0
0.0
0.0
0.0
0.0
0.0
0.0
0.0
0.0
0.0
0.0
0.0
0.0
0.0
0.0
0.0
0.0
0.0
0.0
0.0
0.0
0.0
0.0
0.0
0.0
0.0
0.0
0.0
0.0
0.0
0.0
0.0
0.0
0.0
0.0
0.0
0.0
0.0
0.0
0.0
0.0
0.0
0.0
0.0
0.0
0.0
0.0
0.0
0.0
0.0
7.859347887177723e-06
2.0012804991470685e-06
5.2884527051762795e-06
5.491416155440425e-06
4.039981899268068e-06
0.0
0.0
0.0
0.0
0.0
0.0
0.0
0.0
0.0
0.0
0.0
0.0
0.0
0.0
0.0
0.0
0.0
0.0
0.0
0.0
0.0
0.0
0.0
0.0
0.0
0.0
0.0
0.0
0.0
0.0
0.0
0.0
0.0
0.0
0.0
0.0
0.0
0.0
0.0
0.0
0.0
0.0
0.0
0.0
0.0
0.0
0.0
0.0
0.0
0.0
0.0
0.0
0.0
0.0
0.0
0.0
0.0
0.0
0.0
0.0
0.0
0.0
0.0
0.0
0.0
0.0
0.0
0.0
0.0
0.0
0.0
0.0
0.0
0.0
0.0
0.0
0.0
0.0
0.0
0.0
0.0
0.0
0.0
0.0
0.0
0.0
0.0
0.0
0.0
0.0
0.0
0.0
0.0
0.0
0.0
0.0
0.0
0.0
0.0
0.0
0.0
0.0
0.0
0.0
0.0
0.0
0.0
0.0
0.0
0.0
0.0
0.0
0.0
0.0
0.0
0.0
0.0
0.0
0.0
0.0
0.0
0.0
0.0
0.0
0.0
0.0
0.0
0.0
0.0
0.0
0.0
0.0
0.0
0.0
0.0
0.0
0.0
0.0
0.0
0.0
0.0
0.0
0.0
0.0
0.0
0.0
0.0
0.0
0.0
0.0
0.0
0.0
0.0
0.0
0.0
0.0
0.0
0.0
0.0
0.0
0.0
0.0
0.0
0.0
0.0
0.0
0.0
0.0
0.0
0.0
0.0
0.0
0.0
0.0
0.0
0.0
0.0
0.0
0.0
0.0
0.0
0.0
0.0
0.0
0.0
0.0
0.0
0.0
0.0
0.0
0.0
0.0
0.0
0.0
0.0
0.0
0.0
0.0
0.0
0.0
0.0
0.0
0.0
0.0
0.0
0.0
0.0
0.0
0.0
0.0
0.0
0.0
0.0
0.0
0.0
0.0
0.0
0.0
0.0
0.0
0.0
0.0
0.0
0.0
0.0
0.0
0.0
0.0
0.0
0.0
0.0
0.0
0.0
0.0
0.0
0.0
0.0
0.0
2.4487098367974553e-06
4.445651830066805e-06
0.0
0.0
0.0
0.0
0.0
0.0
0.0
0.0
0.0
0.0
0.0
0.0
0.0
0.0
0.0
0.0
0.0
0.0
0.0
0.0
0.0
0.0
0.0
0.0
0.0
0.0
0.0
0.0
0.0
0.0
0.0
0.0
0.0
0.0
0.0
0.0
0.0
0.0
0.0
0.0
0.0
0.0
0.0
0.0
0.0
0.0
0.0
0.0
0.0
0.0
0.0
0.0
0.0
0.0
0.0
0.0
0.0
0.0
0.0
0.0
0.0
0.0
0.0
0.0
0.0
0.0
0.0
0.0
0.0
4.5202944625952755e-06
2.726425243624993e-06
4.516170854402359e-06
0.0
0.0
0.0
0.0
0.0
0.0
0.0
0.0
0.0
0.0
0.0
0.0
0.0
0.0
0.0
0.0
0.0
0.0
0.0
0.0
0.0
0.0
5.061088171921154e-06
4.0090756037200974e-06
0.0
0.0
0.0
0.0
0.0
0.0
0.0
0.0
0.0
0.0
0.0
0.0
0.0
0.0
0.0
0.0
0.0
0.0
0.0
0.0
0.0
3.667177500623619e-06
2.141221715062185e-06
3.615818949098982e-06
0.0
0.0
0.0
0.0
0.0
0.0
0.0
0.0
0.0
0.0
0.0
0.0
0.0
0.0
0.0
0.0
0.0
0.0
0.0
0.0
0.0
0.0
0.0
0.0
0.0
0.0
0.0
0.0
0.0
0.0
0.0
0.0
0.0
0.0
0.0
0.0
0.0
0.0
0.0
0.0
0.0
0.0
0.0
0.0
0.0
4.981776916545273e-06
2.383626821039191e-06
3.911241557635363e-06
0.0
0.0
0.0
0.0
0.0
0.0
0.0
0.0
0.0
0.0
0.0
0.0
0.0
0.0
0.0
0.0
0.0
0.0
0.0
0.0
0.0
0.0
0.0
0.0
0.0
0.0
0.0
0.0
0.0
0.0
0.0
0.0
0.0
0.0
0.0
0.0
0.0
0.0
0.0
0.0
0.0
0.0
0.0
0.0
0.0
0.0
0.0
0.0
0.0
0.0
0.0
0.0
0.0
0.0
0.0
0.0
0.0
0.0
0.0
0.0
0.0
0.0
0.0
0.0
0.0
0.0
0.0
0.0
0.0
0.0
0.0
0.0
0.0
0.0
0.0
0.0
0.0
0.0
0.0
0.0
0.0
0.0
0.0
0.0
0.0
0.0
0.0
0.0
0.0
0.0
0.0
0.0
0.0
0.0
0.0
0.0
0.0
0.0
0.0
0.0
0.0
0.0
0.0
0.0
0.0
0.0
0.0
0.0
0.0
0.0
0.0
0.0
0.0
0.0
0.0
0.0
0.0
3.7654988766467176e-06
2.3676365624903853e-06
3.601956243999127e-06
0.0
0.0
0.0
0.0
0.00018193052072248804
0.0010972521343999037
0.0007676728078381472
0.0
0.0
0.0
0.0
0.0
0.0
0.0
0.0
0.0
0.0
0.0
0.0
0.0
2.4113672192344194e-06
6.156328786699314e-06
3.424569000024231e-06
0.00572321364644966
0.0037702482610486882
0.0
0.0072367162125926915
0.04634012776663729
0.06985392544600753
0.04382850455623608
0.02272386183459835
0.000594745417774909
0.0
0.0
0.0
0.0
0.0
0.0
0.0
0.0
0.0
0.0
0.0
0.0
0.0
4.704756842419377e-06
2.9382334022827425e-06
4.352782770163351e-06
0.0
0.0
0.012363852585561705
0.03588333191708577
0.03820821633301761
0.018230012208607024
0.0016195191817069896
0.0
0.0
0.0
0.0
0.0
0.0
0.0
0.0
0.0
0.0
0.0
0.0
0.0
0.0
0.0
0.0
0.0
0.0
0.0
0.0
0.0
0.0
0.0
0.0
0.0
0.0
0.0
0.0
0.0
0.0
0.0
0.0
0.0
0.0
0.0
0.0
0.0
0.0
0.0
0.0
0.0
0.0
0.0
0.0
0.0
0.0
0.0
0.0
0.0
0.0
0.0
0.0
0.0
0.0
0.0
0.0
0.0
0.0
0.0
0.0
0.0
0.0
0.0
0.0
0.0
0.0
0.0
0.0
0.0
0.0
0.0
0.0
0.0
0.0
0.0
0.0
0.0
0.0
0.0
0.0
0.0
0.0
0.0
0.0
0.0
0.0
0.0
0.0
0.0
0.0
0.0
0.0
0.0
0.0
0.0
0.0
0.0
0.0
0.0
0.0
0.0
0.0
0.0
0.0
0.0
0.0
0.0
0.0
0.0
0.0
0.0
0.0
4.186748930479154e-06
0.0
0.0
0.0
0.0
0.0
0.0
0.0
0.0
0.0
0.0
0.0
0.0
0.0
0.0
0.0
0.0
0.0
0.0
0.0
0.0
0.0
0.0
2.585462309051774e-06
4.065719812776684e-06
0.0
0.0
0.0
0.0
0.0
0.0
0.0
0.0
0.0
0.0
0.0
0.0
0.0
0.0
0.0
0.0
0.0
0.0
0.0
0.0
2.2313163200645452e-06
5.224731685155228e-06
5.341833232989492e-06
4.662991641670803e-06
0.0
0.0
0.0
0.0
0.0
0.0
0.0
0.0
0.0
0.0
0.0
0.0
0.0
0.0
0.0
0.0
0.0
0.0
0.0
0.0
0.0
0.0
0.0
0.0
0.0
0.0
0.0
0.0
0.0
0.0
0.0
0.0
0.0
0.0
0.0
0.0
0.0
0.0
0.0
0.0
0.0
0.0
0.0
0.0
0.0
0.0
0.0
0.0
0.0
0.0
0.0
0.0
0.0
0.0
0.0
0.0
0.0
0.0
0.0
0.0
0.0
0.0
0.0
0.0
0.0
0.0
0.0
0.0
0.0
0.0
2.6294542421131155e-06
4.139762951381932e-06
0.0
0.0
0.0
0.0
0.0
0.0
0.0
0.0
0.0
0.0
0.0
0.0
0.0
0.0
0.0
0.0
0.0
0.0
0.0
0.0
2.120096295753385e-06
4.988760186154275e-06
2.5296925801827934e-06
4.258625686293112e-06
0.0
0.0
0.0
0.0
0.0
0.0
0.0
0.0
0.0
0.0
0.0
0.0
0.0
0.0
0.0
0.0
0.0
0.0
0.0
0.0
0.0
0.0
0.0
0.0
0.0
0.0
0.0
0.0
0.0
0.0
0.0
0.0
0.0
0.0
0.0
0.0
0.0
0.0
0.0
0.0
0.0
0.0
0.0
0.0
0.0
0.0
0.0
0.0
0.0
0.0
0.0
0.0
0.0
0.0
0.0
0.0
0.0
0.0
0.0
0.0
0.0
0.0
0.0
0.0
0.0
0.0
0.0
0.0
0.0
0.0
0.0
0.0
0.0
0.0
0.0
0.0
0.0
0.0
0.0
0.0
0.0
0.0
0.0
0.0
0.0
0.0
0.0
0.0
0.0
0.0
0.0
0.0
0.0
0.0
0.0
0.0
0.0
0.0
0.0
0.0
0.0
0.0
0.0
0.0
0.0
0.0
0.0
0.0
0.0
0.0
0.0
0.0
0.0
0.0
0.0
0.0
0.0
0.0
0.0
0.0
0.0
0.0
0.0
0.0
0.0
0.0
0.0
0.0
0.0
0.0
0.0
0.0
0.0
0.0
0.0
0.0
0.0
0.0
0.0
0.0
0.0
0.0
0.0
0.0
0.0
0.0
0.0
0.0
0.0
0.0
0.0
0.0
0.0
0.0
0.0
0.0
0.0
0.0
0.0
0.0
0.0
0.0
0.0
0.0
0.0
0.0
0.0
0.0
0.0
0.0
0.0
0.0
0.0
0.0
0.0
0.0
0.0
0.0
0.0
0.0
0.0
0.0
0.0
0.0
0.0
0.0
0.0
0.0
0.0
0.0
0.0
0.0
0.0
0.0
0.0
0.0
0.0
0.0
0.0
0.0
0.0
0.0
0.0
0.0
0.0
0.0
0.0
0.0
0.0
0.0
0.0
0.0
0.0
0.0
0.0
0.0
0.0
0.0
0.0
0.0
0.0
0.0
0.0
0.0
0.0
0.0
0.0
0.0
0.0
0.0
0.0
0.0
0.0
0.0
0.0
0.0
0.0
0.0
0.0
0.0
0.0
0.0
0.0
0.0
0.0
0.0
0.0
0.0
0.0
0.0
0.0
0.0
0.0
0.0
0.0
0.0
0.0
0.0
0.0
0.0
0.0
0.0
0.0
0.0
0.0
0.0
0.0
0.0
0.0
0.0
0.0
0.0
0.0
0.0
0.0
0.0
0.0
0.0
0.0
0.0
0.0
0.0
0.0
0.0
0.0
0.0
0.0
0.0
0.0
0.0
0.0
0.0
0.0
0.0
0.0
0.0
0.0
0.0
0.0
0.0
0.0
0.0
0.0
0.0
0.0
0.0
0.0
0.0
0.0
0.0
0.0
0.0
0.0
0.0
0.0
0.0
0.0
0.0
0.0
0.0
0.0
0.0
0.0
0.0
0.0
0.0
0.0
0.0
0.0
0.0
0.0
0.0
0.0
0.0
0.0
0.0
0.0
0.0
0.0
0.0
0.0
0.0
0.0
0.0
0.0
0.0
0.0
0.0
0.0
0.0
0.0
0.0
0.0
0.0
0.0
0.0
0.0
0.0
0.0
0.0
0.0
0.0
0.0
0.0
0.0
0.0
0.0
0.0
0.0
0.0
0.0
0.0
0.0
0.0
0.0
0.0
0.0
0.0
0.0
0.0
0.0
0.0
0.0
0.0
0.0
0.0
0.0
0.0
0.0
0.0
0.0
0.0
0.0
0.0
0.0
0.0
0.0
0.0
0.0
0.0
0.0
0.0
0.0
0.0
0.0
0.0
0.0
0.0
0.0
0.0
0.0
0.0
0.0
0.0
0.0
0.0
0.0
0.0
0.0
0.0
0.0
0.0
0.0
0.0
0.0
0.0
0.0
0.0
0.0
0.0
0.0
0.0
0.0
0.0
0.0
0.0
0.0
0.0
0.0
0.0
0.0
0.0
0.0
0.0
0.0
0.0
0.0
0.0
0.0
0.0
0.0
0.0
0.0
0.0
0.0
0.0
0.0
0.0
0.0
0.0
0.0
0.0
0.0
0.0
0.0
0.0
0.0
0.0
0.0
0.0
0.0
0.0
0.0
0.0
0.0
0.0
0.0
0.0
0.0
0.0
0.0
0.0
0.0
0.0
0.0
0.0
0.0
0.0
0.0
0.0
0.0
0.0
0.0
0.0
0.0
0.0
0.0
0.0
0.0
0.0
2.1121003821206543e-06
5.2805564685042836e-06
5.08138289987853e-06
4.13519214006089e-06
0.0
0.0
0.0
0.0
0.0
0.0
0.0
0.0
0.0
0.0
0.0
0.0
0.0
0.0
0.0
0.0
0.0
0.0
0.0
0.0
0.0
0.0
1.9455526042009747e-06
3.6572695159417733e-06
0.0
0.0
0.0021252782390517194
0.0052751519473192
0.001067378349671201
0.0
0.0
0.0
0.0
0.0
0.0
0.0
0.0
0.0
0.0
0.0
0.0
0.0
0.0
0.0
2.248189596415713e-06
6.333186070884114e-06
3.048891733140838e-06
0.0027091286758867913
0.010012310631429124
0.015332804932948791
0.021540488508197012
0.026663193146091668
0.03136011581809166
0.031905088831195104
0.021316593401809036
0.0011503050904078738
0.0
0.0
0.0
0.0
0.0
0.0
0.0
0.0
0.0
0.0
0.0
0.0
2.06154503930559e-06
5.625393659558864e-06
5.1016728745763825e-06
4.439512484008202e-06
0.0
0.0
0.0
0.0
0.0
0.0
0.0
0.0
0.0
0.0
0.0
0.0
0.0
0.0
0.0
0.0
0.0
0.0
0.0
0.0
0.0
0.0
0.0
0.0
0.0
0.0
0.0
0.0
0.0
0.0
0.0
0.0
0.0
0.0
0.0
0.0
0.0
0.0
0.0
0.0
0.0
0.0
0.0
0.0
0.0
0.0
0.0
0.0
0.0
0.0
0.0
0.0
0.0
0.0
0.0
0.0
0.0
0.0
0.0
0.0
0.0
0.0
0.0
0.0
0.0
0.0
0.0
0.0
0.0
2.2850381536269953e-06
4.066362321957481e-06
0.0
0.0
0.0
0.0
0.0
0.0
0.0
0.0
0.0
0.0
0.0
0.0
0.0
0.0
0.0
0.0
0.0
0.0
0.0
0.0
0.0
0.0
2.720005380993162e-06
4.305986655061115e-06
0.0
0.0
0.0
0.016670399859855373
0.024422666716885096
0.02129571106065487
0.020445441172767247
0.0026317945136581384
0.0
0.0
0.0
0.0
0.0
0.0
0.0
0.0
0.0
0.0
0.0
0.0
0.0
5.077173186919731e-06
2.640377174660349e-06
4.44183555388308e-06
0.0
0.0
0.0
0.0029709454821943457
0.004257925853102788
0.00045464152509892234
0.0
0.0
0.0
0.0
0.0
0.0
0.0
0.0
0.0
0.0
0.0
0.0
0.0
0.0
1.673827963014968e-06
4.9315349851504655e-06
4.467386706059408e-06
3.98856448312168e-06
0.0
0.0
0.0
0.0
0.0
0.0
0.0
0.0
0.0
0.0
0.0
0.0
0.0
0.0
0.0
0.0
0.0
0.0
0.0
0.0
0.0
0.0
3.6918836259371665e-06
3.0725081411004314e-06
0.0
0.0
0.0
0.0
0.0
0.0
0.0
0.0
0.0
0.0
0.0
0.0
0.0
0.0
0.0
0.0
0.0
0.0
0.0
0.0
0.0
0.0
0.0
0.0
0.0
0.0
0.0
0.0
0.0
0.0
0.0
0.0
0.0
0.0
0.0
0.0
0.0
0.0
0.0
0.0
0.0
0.0
0.0
0.0
0.0
0.0
0.0
0.0
0.0
0.0
0.0
0.0
0.0
0.0
0.0
0.0
0.0
0.0
0.0
0.0
0.0
0.0
0.0
0.0
0.0
0.0
0.0
0.0
0.0
0.0
0.0
3.1381398970273023e-06
0.0
0.0
0.0
0.0
0.0
0.0
0.0
0.0
0.0
0.0
0.0
0.0
0.0
0.0
0.0
0.0
0.0
0.0
0.0
0.0
0.0
0.0
0.0
0.0
0.0
0.0
0.0
0.0
0.0
0.0
0.0
0.0
0.0
0.0
0.0
0.0
0.0
0.0
0.0
0.0
0.0
0.0
0.0
0.0
0.0
0.0
0.0
0.0
0.0
0.0
0.0
0.0
0.0
0.0
0.0
0.0
0.0
0.0
0.0
0.0
0.0
0.0
0.0
0.0
0.0
0.0
0.0
0.0
0.0
0.0
0.0
0.0
0.0
0.0
0.0
0.0
0.0
0.0
0.0
0.0
0.0
0.0
0.0
0.0
0.0
0.0
0.0
0.0
0.0
0.0
0.0
0.0
0.0
0.0
2.4260206823617894e-06
4.11946128286966e-06
0.0
0.0
0.0007083895791909298
0.013267949458537329
0.02519602744252141
0.02858503352558306
0.033565610139945475
0.0165243275579594
0.0
0.0
0.0
0.0
0.0
0.0
0.0
0.0
0.0
0.0
0.0
0.0
0.0
0.0
0.0
0.0
0.0
0.0
0.0
0.0
0.0
0.0
0.0
0.0
0.0
0.0
0.0
0.0
0.0
0.0
0.0
0.0
0.0
0.0
0.0
0.0
0.0
0.0
0.0
0.0
0.0
0.0
0.0
0.0
0.0
0.0
0.0
0.0
0.0
0.0
0.0
0.0
0.0
0.0
0.0
0.0
0.0
0.0
0.0
0.0
0.0
6.053441285730486e-06
2.8886610320170297e-06
4.788534119416938e-06
0.0
0.012022769762086003
0.0396458258842855
0.07845906318910889
0.10600685482938858
0.12449394580592622
0.12056363733532333
0.06892825269830692
0.020511451749375034
0.0
0.0
0.0
0.0
0.0
0.0
0.0
0.0
0.0
0.0
0.0
0.0
4.9759804127093325e-06
2.6889209340677026e-06
4.8366773085073745e-06
0.006739984591564716
0.030098251489106578
0.06117880639927213
0.09219938120854741
0.12025629763948179
0.15142776031540572
0.15493012997017885
0.11521010218887555
0.05705539024022597
0.021783344024796328
0.0
0.0
0.0
0.0
0.0
0.0
0.0
0.0
0.0
0.0
1.944813975076124e-06
5.1449413408827245e-06
2.8289945321639284e-06
4.7894241950771995e-06
0.0
0.015720112550320752
0.03979424554794143
0.07178035157606029
0.10168410265869632
0.13321219391270292
0.14672628294143722
0.10148037115913731
0.04146596526611273
0.003367286306206345
0.0
0.0
0.0
0.0
0.0
0.0
0.0
0.0
0.0
0.0
1.6922736508725905e-06
4.5640053318301785e-06
2.8384919716794053e-06
0.0008573678251817786
0.02963324867052511
0.06487836285763598
0.09142240023615907
0.12314203531091329
0.1672072049266517
0.19918317318092058
0.20274109668751375
0.15311842171501427
0.07927627812515867
0.031186545100024037
0.0
0.0
0.0
0.0
0.0
0.0
0.0
0.0
0.0
0.0
0.0
5.405627467076862e-06
2.8500019227046715e-06
0.0011270438510682034
0.02189161119374678
0.04016257289556562
0.054970830164681996
0.06801599605320015
0.07113156848247694
0.0586712454412035
0.050391442750129765
0.029375157290913508
0.002809177008127517
0.0
0.0
0.0
0.0
0.0
0.0
0.0
0.0
0.0
0.0
0.0
0.0
0.0
0.0
0.0
0.0
0.0
0.0
0.0
0.0
0.0
0.0
0.0
0.0
0.0
0.0
0.0
0.0
0.0
0.0
0.0
0.0
0.0
0.0
0.0
0.0
0.0
0.0
0.0
0.0
0.0
0.0
0.0
0.0
0.0
0.0
0.0
0.0
0.0
0.0
0.0
0.0
0.0
0.0
0.0
0.0
0.0
0.0
0.0
1.1068822879189795e-06
4.414531950654892e-06
2.0964862563950594e-06
3.6605177172644997e-06
0.0
0.0
0.0
0.0
0.0
0.0
0.0
0.0
0.0
0.0
0.0
0.0
0.0
0.0
0.0
0.0
0.0
0.0
0.0
0.0
0.0
0.0
0.0
3.286444184210304e-06
0.0
0.0
0.0
0.0
0.0
0.0
0.0
0.0
0.0
0.0
0.0
0.0
0.0
0.0
0.0
0.0
0.0
0.0
0.0
0.0
0.0
0.0
2.1100401604014264e-06
3.7329090861300937e-06
0.0
0.0
0.0016654400620286242
0.021917356117111646
0.03951333338339215
0.047962472174444236
0.06024000945477164
0.04120741016698878
0.009063858512181052
0.0
0.0
0.0
0.0
0.0
0.0
0.0
0.0
0.0
0.0
0.0
1.954066518726807e-06
5.065543294568402e-06
5.330539370890508e-06
4.40506100306964e-06
0.0
0.017443227519059922
0.04762354356594077
0.08773725721609116
0.12225118689641155
0.1585403515685608
0.16126193244794168
0.13598967884295807
0.09252084460841323
0.05468045775157224
0.0
0.0
0.0
0.0
0.0
0.0
0.0
0.0
0.0
0.0
2.0127403762107424e-06
5.2780547608011675e-06
5.243420982579872e-06
4.6355475554756104e-06
0.0
0.0
0.0
0.0
0.0
0.0
0.0
0.0
0.0
0.0
0.0
0.0
0.0
0.0
0.0
0.0
0.0
0.0
0.0
0.0
0.0
0.0
0.0
0.0
0.0
0.0
0.0
0.0
0.0
0.0
0.0
0.0
0.0
0.0
0.0
0.0
0.0
0.0
0.0
0.0
0.0
0.0
0.0
0.0
0.0
0.0
0.0
0.0
0.0
0.0
0.0
0.0
0.0
0.0
0.0
0.0
0.0
0.0
0.0
0.0
0.0
0.0
0.0
0.0
0.0
0.0
0.0
0.0
1.960423751963905e-06
4.1586004778908155e-06
4.034695931249985e-06
3.31143948665031e-06
0.0
0.0
0.0
0.0
0.0
0.0
0.0
0.0
0.0
0.0
0.0
0.0
0.0
0.0
0.0
0.0
0.0
0.0
0.0
0.0
0.0
0.0
0.0
3.3285436974857713e-06
0.0
0.0
0.0
0.0
0.0
0.0
0.0
0.0
0.0
0.0
0.0
0.0
0.0
0.0
0.0
0.0
0.0
0.0
0.0
0.0
0.0
3.828487370082139e-06
4.181855494150256e-06
3.4270462228983616e-06
0.0
0.0
0.0
0.0
0.0
0.0
0.0
0.0
0.0
0.0
0.0
0.0
0.0
0.0
0.0
0.0
0.0
0.0
0.0
0.0
0.0
0.0
1.955936748996984e-06
3.471655753405384e-06
0.0
0.0
0.0
0.013814426539239085
0.028596205806556297
0.03266189270088648
0.04155963215578642
0.0288824781936624
0.005408016618444131
0.0
0.0
0.0
0.0
0.0
0.0
0.0
0.0
0.0
0.0
0.0
0.0
4.562754114583042e-06
2.37720378166537e-06
4.232811339448383e-06
0.0
0.007582445632430362
0.02829121516845132
0.05952977656673563
0.08743434616304978
0.11802239800082055
0.14181741853808624
0.1214382204887162
0.07480043232440146
0.04331683780870461
0.0
0.0
0.0
0.0
0.0
0.0
0.0
0.0
0.0
0.0
0.0
0.0
0.0
0.0
0.0
0.0
0.0
0.0
0.0
0.0
0.0
0.0
0.0
0.0
0.0
0.0
0.0
0.0
0.0
0.0
0.0
0.0
0.0
0.0
0.0
0.0
0.0
0.0
0.0
0.0
0.0
0.0
0.0
0.0
0.0
0.0
0.0
0.0
0.0
0.0
0.0
0.0
0.0
0.0
0.0
0.0
0.0
3.5616856827674564e-06
2.04381622002992e-06
4.945025936629784e-06
4.6805736960163875e-06
3.7691081690830485e-06
0.0
0.0
0.0
0.0
0.0
0.0
0.0
0.0
0.0
0.0
0.0
0.0
0.0
0.0
0.0
0.0
0.0
0.0
0.0
0.0
0.0
3.85713068463876e-06
5.1202437759557215e-06
4.016158981680102e-06
0.0
0.0
0.0
0.0
0.0
0.0
0.0
0.0
0.0
0.0
0.0
0.0
0.0
0.0
0.0
0.0
0.0
0.0
0.0
0.0
0.0
6.009984825099383e-06
2.5472485010286386e-06
4.463416033012953e-06
0.0
0.0
0.0
0.006171810804844913
0.01719025048156193
0.02123893427262481
0.02933045976350238
0.022816860585308713
0.008765555730261429
0.0
0.0
0.0
0.0
0.0
0.0
0.0
0.0
0.0
0.0
0.0
2.295032859372905e-06
5.6460076779369095e-06
5.826502472747424e-06
4.714662649946019e-06
0.0
0.0
0.0
0.0
0.0
0.0
0.0
0.0
0.0
0.0
0.0
0.0
0.0
0.0
0.0
0.0
0.0
0.0
0.0
0.0
2.372135269839832e-06
6.0443719953692855e-06
3.1129665512690308e-06
5.31166291595105e-06
0.0
0.0
0.0
0.00556705807226214
0.00562231971999618
0.0
0.0
0.0
0.0
0.0
0.0
0.0
0.0
0.0
0.0
0.0
0.0
0.0
0.0
0.0
0.0
0.0
0.0
0.0
0.0
0.0
0.0
0.0
0.0
0.0
0.0
0.0
0.0
0.0
0.0
0.0
0.0
0.0
0.0
0.0
0.0
0.0
0.0
0.0
0.0
0.0
0.0
0.0
0.0
0.0
0.0
0.0
0.0
0.0
0.0
0.0
0.0
0.0
0.0
0.0
0.0
0.0
0.0
0.0
0.0
0.0
0.0
0.0
3.0438009806873644e-06
7.338449637422757e-06
3.603480940518056e-06
6.275288506033601e-06
0.0
0.0
0.0
0.0
0.0
0.0
0.0
0.0
0.0
0.0
0.0
0.0
0.0
0.0
0.0
0.0
0.0
0.0
0.0
0.0
2.1402930592432374e-06
4.858736389552921e-06
5.229046212022384e-06
4.2932141729653685e-06
0.0
0.0
0.0
0.0
0.0
0.0
0.0
0.0
0.0
0.0
0.0
0.0
0.0
0.0
0.0
0.0
0.0
0.0
0.0
0.0
2.062578079269489e-06
5.281228221688213e-06
5.143763823917949e-06
4.0673274337023986e-06
0.0
0.0
0.0
0.0
0.0
0.0
0.0
0.0
0.0
0.0
0.0
0.0
0.0
0.0
0.0
0.0
0.0
0.0
0.0
0.0
0.0
0.0
4.348269942461932e-06
3.6467980560309274e-06
0.0
0.0
0.0
0.0
0.0
0.0
0.0
0.0
0.0
0.0
0.0
0.0
0.0
0.0
0.0
0.0
0.0
0.0
0.0
0.0
2.4384065929727297e-06
6.071182170431269e-06
3.1068048216434944e-06
5.369020076511425e-06
0.0
0.0
0.0
0.0
0.0
0.0015438303372555696
0.005454364760712746
0.0007641796316230716
0.0
0.0
0.0
0.0
0.0
0.0
0.0
0.0
0.0
0.0
0.0
0.0
0.0
0.0
0.0
0.0
0.0
0.0
0.0
0.0
0.0
0.0
0.0
0.0
0.0
0.0
0.0
0.0
0.0
0.0
0.0
0.0
0.0
0.0
0.0
0.0
0.0
0.0
0.0
0.0
0.0
0.0
0.0
0.0
0.0
0.0
0.0
0.0
0.0
0.0
0.0
0.0
0.0
0.0
0.0
0.0
0.0
0.0
0.0
0.0
2.4139806788909877e-06
5.614952472659029e-06
5.90643918597103e-06
4.665310538041334e-06
0.0
0.0
0.0
0.005877398423253868
0.009680053292011414
0.008462687298247437
0.007943970000154283
0.0017740708705914579
0.0
0.0
0.0
0.0
0.0
0.0
0.0
0.0
0.0
0.0
0.0
0.0
2.665688067603189e-06
6.165567854173658e-06
0.0010047615218309876
0.010854619013297534
0.02541971612969275
0.0466836515978897
0.07130212020495182
0.09015778177388988
0.11388563588630637
0.13969006281756047
0.14477249169798426
0.1146525215890964
0.06616188161026845
0.034725659801053334
0.0
0.0
0.0
0.0
0.0
0.0
0.0
0.0
0.0
0.0
2.324208041316303e-06
6.359180848393477e-06
0.004597980092686296
0.02407208021661922
0.048760356595943445
0.07573289529622346
0.09405872284526741
0.11537157422584023
0.14572519578859297
0.17275730879372667
0.1725655094122052
0.11713180848238121
0.04603708145625062
0.0025222271969027993
0.0
0.0
0.0
0.0
0.0
0.0
0.0
0.0
0.0
0.0
2.5160142788270862e-06
5.813026590643021e-06
6.203491547483662e-06
0.0018445700822641465
0.023512077868267107
0.050476504209413686
0.08499732416790581
0.12579720823981327
0.18211022766126606
0.22852426013147073
0.2579170731705054
0.2277609187833884
0.16382578078538895
0.103108242116168
0.0
0.0
0.0
0.0
0.0
0.0
0.0
0.0
0.0
0.0
1.5608900072224302e-06
6.271956518989035e-06
3.1531289250911527e-06
0.025176612792747563
0.057207228334881045
0.09133916051666964
0.12950639760571594
0.19459315832644083
0.20575724420356248
0.18200478824359012
0.12894509775457177
0.07154343982507161
0.038480927427926304
0.008085591198894473
0.0
0.0
0.0
0.0
0.0
0.0
0.0
0.0
0.0
0.0
0.0
0.0
0.0
0.0
0.0
0.0
0.0
0.0
0.0
0.0
0.0
0.0
0.0
0.0
0.0
0.0
0.0
0.0
0.0
0.0
0.0
0.0
0.0
0.0
0.0
0.0
0.0
0.0
0.0
0.0
0.0
0.0
0.0
0.0
0.0
0.0
0.0
0.0
0.0
0.0
0.0
0.0
0.0
0.0
0.0
0.0
0.0
0.0
2.459805212711343e-06
6.119461139262554e-06
6.596968657554376e-06
5.317670227678736e-06
0.0
0.0
0.0
0.0033506609022729505
0.009338888454361994
0.009583200752715779
0.012040842523094328
0.002931303621332272
0.0
0.0
0.0
0.0
0.0
0.0
0.0
0.0
0.0
0.0
0.0
0.0
2.8572311400568184e-06
6.977974883463399e-06
7.018270116065068e-06
5.366481804156612e-06
0.002435516836744088
0.008193450479922938
0.01196996241669628
0.017133476816174338
0.021367920763278894
0.020701398892143782
0.022601172790815242
0.010812790259948175
0.0
0.0
0.0
0.0
0.0
0.0
0.0
0.0
0.0
0.0
0.0
0.0
2.6883414723885593e-06
6.147386099252726e-06
5.756778798954839e-06
4.679819529656951e-06
0.0
0.0
0.0
0.0
0.0
0.0
0.0
0.0
0.0
0.0
0.0
0.0
0.0
0.0
0.0
0.0
0.0
0.0
0.0
0.0
1.8435153898765229e-06
4.484193482583033e-06
2.3226138929592356e-06
4.197176804487263e-06
0.0
0.0
0.0
0.0
0.0
0.0
0.0
0.0
0.0
0.0
0.0
0.0
0.0
0.0
0.0
0.0
0.0
0.0
0.0
0.0
2.0506188344772525e-06
4.9600694801967865e-06
4.611204697178604e-06
3.837848272838819e-06
0.0
0.0
0.0
0.0
0.0
0.0
0.0
0.0
0.0
0.0
0.0
0.0
0.0
0.0
0.0
0.0
0.0
0.0
0.0
0.0
0.0
0.0
0.0
0.0
0.0
0.0
0.0
0.0
0.0
0.0
0.0
0.0
0.0
0.0
0.0
0.0
0.0
0.0
0.0
0.0
0.0
0.0
0.0
0.0
0.0
0.0
0.0
0.0
0.0
0.0
0.0
0.0
0.0
0.0
0.0
0.0
0.0
0.0
0.0
0.0
0.0
0.0
0.0
0.0
0.0
0.0
0.0
8.274588847727986e-06
2.516664859579431e-06
6.090952609299041e-06
0.008941738407683699
0.0195361717095275
0.031400850632640066
0.04642463749436599
0.06675216139526559
0.08546446178777248
0.12002766868052475
0.16719430914777136
0.18218336824758055
0.1535564337284412
0.09961854925541043
0.0524650084881857
0.0
0.0
0.0
0.0
0.0
0.0
0.0
0.0
0.0
0.0
1.727602461056234e-06
6.2569316949397764e-06
0.006875141433842867
0.034417778445338554
0.0751659443052989
0.11914933125728233
0.16824460461691643
0.22086766641193623
0.265940288908752
0.30015047439849124
0.3321416233336265
0.303305327006939
0.23675435225029867
0.1647497118336023
0.0
0.0
0.0
0.0
0.0
0.0
0.0
0.0
0.0
0.0
0.018173897702584464
0.05371566320727759
0.08246219595220786
0.102988518818625
0.1472662161042946
0.18032855115521096
0.20283822202140453
0.22651247672563404
0.2474808413704434
0.26635346456933423
0.2753322095695103
0.2339468083249349
0.16876198698240202
0.10879633966504967
0.0
0.0
0.0
0.0
0.0
0.0
0.0
0.0
0.0
0.0
0.0
4.9164914513360305e-06
5.572194713930344e-06
4.855065545625754e-06
0.01803089810842603
0.03172184013983906
0.04398504785168358
0.05846567600130784
0.05457433220121967
0.029260608394447205
0.005973110780296748
0.0
0.0
0.0
0.0
0.0
0.0
0.0
0.0
0.0
0.0
0.0
0.0
0.0
2.0011380875557984e-06
8.528021620661552e-06
0.005278671893571079
0.027726395302538193
0.03821943752859765
0.052449556051165615
0.06597547161920167
0.07245768928343001
0.07906888813476533
0.06428767913876449
0.06992490477646413
0.07726861202424207
0.05159705840075478
0.03271967202392041
0.0
0.0
0.0
0.0
0.0
0.0
0.0
0.0
0.0
0.0
0.0
0.0
0.0
0.0
0.0
0.0
0.0
0.0
0.0
0.0
0.0
0.0
0.0
0.0
0.0
0.0
0.0
0.0
0.0
0.0
0.0
0.0
0.0
0.0
0.0
0.0
0.0
0.0
0.0
0.0
0.0
0.0
0.0
0.0
0.0
0.0
0.0
0.0
0.0
0.0
0.0
0.0
0.0
0.0
0.0
0.0
0.0
0.0
3.2251324361505755e-06
7.720658374332573e-06
3.6628740469019984e-06
0.007294873643568769
0.03737473219681159
0.041746323978975416
0.06509155451361977
0.08045873429345415
0.10583663461251569
0.1527784243201707
0.17558015629791407
0.15377086513582772
0.10345581918699652
0.05664460052633295
0.0
0.0
0.0
0.0
0.0
0.0
0.0
0.0
0.0
0.0
2.0784461475309894e-06
8.080927146455525e-06
0.00843358237492449
0.01802226085688536
0.03249101166679925
0.04861293388937262
0.06647185882770755
0.07879461593226812
0.0918117801104428
0.09981454128873016
0.10635143318304442
0.08607672541321407
0.05996968214731765
0.04398297611766536
0.0
0.0
0.0
0.0
0.0
0.0
0.0
0.0
0.0
0.0
1.7514405009056148e-06
6.361214632822091e-06
6.882649846730651e-06
5.116754141780334e-06
0.0
0.0
0.0006768240013876923
0.009972771046331092
0.02123545665550011
0.031970880587055765
0.04909861197326433
0.045424347134655416
0.030977716864635376
0.015619501063048102
0.0
0.0
0.0
0.0
0.0
0.0
0.0
0.0
0.0
0.0
1.8359440381463264e-06
7.047197045582964e-06
0.0009060640191219659
0.02064795453558062
0.05549572847329828
0.09252687160054895
0.12268090756823828
0.17539162591638358
0.2264670430914012
0.2666475958272713
0.30060240710052544
0.2806163687160128
0.22994205330614512
0.176791463596554
0.0
0.0
0.0
0.0
0.0
0.0
0.0
0.0
0.0
0.0
0.0015952337344610791
0.03140756115364574
0.043866616980459676
0.07265380598770371
0.11587707721660051
0.15414222989286344
0.17663008855407134
0.20116344502786632
0.2222148202966081
0.2417985874109007
0.24523624779831876
0.20401224395116005
0.14621850298063038
0.09203465674402334
0.0
0.0
0.0
0.0
0.0
0.0
0.0
0.0
0.0
0.0
0.0
0.0
0.0
0.0
0.0
0.0
0.0
0.0
0.0
0.0
0.0
0.0
0.0
0.0
0.0
0.0
0.0
0.0
0.0
0.0
0.0
0.0
0.0
0.0
0.0
0.0
0.0
0.0
0.0
0.0
0.0
0.0
0.0
0.0
0.0
0.0
0.0
0.0
0.0
0.0
0.0
0.0
0.0
0.0
0.0
0.0
0.0
0.0
0.0
0.0
0.0
0.0
0.0
0.0
0.0
0.0
0.0
0.0
0.0
0.0
0.0
0.0
0.0
0.0
0.0
0.0
0.0
0.0
0.0
0.0
0.0
0.0
2.465757052982878e-06
5.74331532305277e-06
0.0
4.990440409314809e-06
0.0
0.0
0.0
0.0
0.0
0.0026963444041113566
0.02032187708640357
0.011723484006772462
0.0
0.0
0.0
0.0
0.0
0.0
0.0
0.0
0.0
0.0
0.0
0.0
2.8865709809130844e-06
7.088449532789758e-06
7.058124829953034e-06
5.472269108870643e-06
0.011206976967573182
0.026469855368100596
0.04829568692270508
0.07492454710839246
0.09872870912494133
0.11964140379512858
0.12662889947474654
0.10975538840951996
0.06228515220430103
0.02374672742387711
0.0
0.0
0.0
0.0
0.0
0.0
0.0
0.0
0.0
0.0
4.541381012153985e-06
5.6979189427644155e-06
0.0
0.0004872660770063562
0.0
0.0005846596527708742
0.010293103757102358
0.022607012626914405
0.02727678210337705
0.019272217755520883
0.013123352895847396
0.0021234631341190634
0.0
0.0
0.0
0.0
0.0
0.0
0.0
0.0
0.0
0.0
0.0
0.0
2.3745611243723926e-06
6.8048306286397625e-06
7.21965798517165e-06
0.003482556853604485
0.013568494221867036
0.0213515800173428
0.023121823711457
0.03835362056847118
0.041772648882639506
0.048161946393881536
0.06359175960555111
0.055722404379896964
0.042878845876687346
0.020334892365391204
0.0
0.0
0.0
0.0
0.0
0.0
0.0
0.0
0.0
0.0
0.0
0.0
0.0
0.0
0.0
0.0
0.0
0.0
0.0
0.0
0.0
0.0
0.0
0.0
0.0
0.0
0.0
0.0
0.0
0.0
0.0
0.0
0.0
0.0
0.0
0.0
0.0
0.0
0.0
0.0
0.0
0.0
0.0
0.0
0.0
0.0
0.0
0.0
0.0
0.0
0.0
0.0
0.0
0.0
0.0
0.0
0.0
0.0
2.510464679726682e-06
5.8896389944157205e-06
0.0018586614681431006
0.015357515265145168
0.02316093536860935
0.033696041829535804
0.05507790218712286
0.07647827484996854
0.10465940461908077
0.1307287525075478
0.13552869447740165
0.13261777976285527
0.11109812488181889
0.06384358071418125
0.0
0.0
0.0
0.0
0.0
0.0
0.0
0.0
0.0
0.0
0.0
0.0059373528932944505
0.021036980564113184
0.04336353582724775
0.08289005150218408
0.09293598430508955
0.12977211620699117
0.15687247192292803
0.1673330518011016
0.18814908225843555
0.17501410652068286
0.16492783052663598
0.13278424130029312
0.05470243750561208
0.0
0.0
0.0
0.0
0.0
0.0
0.0
0.0
0.0
0.0053692460056811355
0.0
7.986861677450891e-06
0.011947991340086775
0.01628313995079089
0.02856881783185472
0.027052655687493835
0.03857971619967816
0.06686124872583413
0.08638553725407551
0.1017256771723364
0.09272437461784183
0.07343610025826967
0.05891821573132347
0.03670204064669857
0.0
0.0
0.0
0.0
0.0
0.0
0.0
0.0
0.0
0.0
1.6027570382832046e-06
0.005412591262910908
0.020743315282427125
0.04360302464174164
0.07688689084659862
0.10661100982679728
0.1385266481311985
0.185510848226111
0.21360156125165594
0.23852833852031025
0.23393456111249952
0.1826402334593636
0.15989406228049566
0.12512085906566897
0.0
0.0
0.0
0.0
0.0
0.0
0.0
0.0
0.0
0.0
0.019844755405321567
0.038449187219141624
0.05902464271421369
0.0970025300357494
0.16503159332987477
0.23420122472012808
0.28217469932029715
0.31551877922458343
0.3714559363712756
0.4085122861340703
0.43982959276619255
0.4151544417002286
0.38548796205017116
0.33697179930843574
0.0
0.0
0.0
0.0
0.0
0.0
0.0
0.0
0.0
0.0
0.0
0.0
0.0
0.0
0.0
0.0
0.0
0.0
0.0
0.0
0.0
0.0
0.0
0.0
0.0
0.0
0.0
0.0
0.0
0.0
0.0
0.0
0.0
0.0
0.0
0.0
0.0
0.0
0.0
0.0
0.0
0.0
0.0
0.0
0.0
0.0
0.0
0.0
0.0
0.0
0.0
0.0
0.0
0.0
0.0
0.0
0.0
0.0
2.2479070300964593e-06
6.056095477452966e-06
5.495225039254879e-06
0.015433845741334508
0.018292400911570174
0.014762856430744967
0.027833292655006912
0.041426832554709137
0.05352445223141865
0.05367578728880281
0.04285101507429851
0.02221426659114045
0.011709004094455931
0.0019039162362566454
0.0
0.0
0.0
0.0
0.0
0.0
0.0
0.0
0.0
0.0
2.158790904313221e-06
6.016723826624796e-06
5.9649704348045675e-06
0.004946920442496718
0.01825032159636113
0.02222336870897517
0.030393320834138326
0.04436010971098892
0.05779331518372385
0.05259043910674101
0.03798014743452515
0.029374193388247365
0.007712958625968223
0.0
0.0
0.0
0.0
0.0
0.0
0.0
0.0
0.0
0.0
0.0
2.630396263967857e-06
6.53922893860405e-06
6.217291722634836e-06
5.338819200677452e-06
0.0
0.0
0.0
0.0
0.0
0.0
0.0
0.0
0.0
0.0
0.0
0.0
0.0
0.0
0.0
0.0
0.0
0.0
0.0
0.0
2.9552475970335313e-06
6.965020582850316e-06
3.712407718655401e-06
6.511839154623839e-06
0.0
0.006725116005037215
0.014073304302680988
0.03303302615054157
0.024479596035294104
0.02117162340207926
0.03702170148010948
0.04563683437312059
0.05043195760485645
0.05352536055078109
0.0
0.0
0.0
0.0
0.0
0.0
0.0
0.0
0.0
0.0
2.4037361687540227e-06
0.0012224446060734213
0.014960238862072702
0.03616757773515719
0.06844851934415762
0.0949788897212219
0.1319275569113129
0.1029487844017794
0.07920417573956673
0.12452718720919721
0.17575202290496983
0.11871646209175175
0.060423375170750915
0.04757611023560438
0.0
0.0
0.0
0.0
0.0
0.0
0.0
0.0
0.0
0.0
0.0
0.0
0.0
0.0
0.0
0.0
0.0
0.0
0.0
0.0
0.0
0.0
0.0
0.0
0.0
0.0
0.0
0.0
0.0
0.0
0.0
0.0
0.0
0.0
0.0
0.0
0.0
0.0
0.0
0.0
0.0
0.0
0.0
0.0
0.1555279317792548
0.16201987403162713
0.12853670180256344
0.07402800196791313
0.0
0.0
0.0
0.0
0.0
0.0
0.0
0.0
0.0
0.07951121482890325
0.043999652555061386
0.0381778765958261
0.04833547739555284
0.05321306660542823
0.05833740037811301
0.08145572719509886
0.07220634725092646
0.12347819419126514
0.16449269424862462
0.1916178230644356
0.22408069339313716
0.2110963104542466
0.17234120737641123
0.1387233425052392
0.0
0.0
0.0
0.0
0.0
0.0
0.0
0.0
0.0
0.0
0.0
0.02502548008207427
0.055851679286264465
0.07353900972547862
0.10482843321665243
0.16755993035417452
0.23427214580099354
0.2429439691104782
0.27022550186891686
0.2948884599866912
0.2891864992337222
0.2566951508470591
0.22268069085368133
0.1509610818967066
0.0
0.0
0.0
0.0
0.0
0.0
0.0
0.0
0.0
0.0
2.1074544903839537e-06
0.012001039657181299
0.030886347112604694
0.056047071802832193
0.08843846453777687
0.1270971464171813
0.16478927376938246
0.20080600771162635
0.2553782146518574
0.28680116806541506
0.2970137917241486
0.29572770833566
0.2882004751253356
0.2451407887786722
0.0
0.0
0.0
0.0
0.0
0.0
0.0
0.0
0.0
0.0
0.025406888705532787
0.051015615159878534
0.061924135729830077
0.10317298429801637
0.19268061593747493
0.24665626994764486
0.31046536562765004
0.3444539466043636
0.3640264572988887
0.39845988333015503
0.44560450676240365
0.44062772120728344
0.43074126151107217
0.39961663106506934
0.1597273545135732
0.16777139714013464
0.1401191316564467
0.0
0.0
0.0
0.0
0.0
0.0
0.11903033210665531
0.08256513230273124
0.13473375738277335
0.22519972111591605
0.27902737303034164
0.3434907197974403
0.3785730395669808
0.39307039244240244
0.4034240117448893
0.4115691857121368
0.429134004948773
0.4620802042205911
0.4522847973558833
0.42243243653069307
0.3679067866655464
0.2660527090833532
0.14758965730138712
0.1103601061169838
0.04220001761750467
0.0
0.0
0.0
0.0
0.0
0.0
0.0
0.048666037597426805
0.06787785530623695
0.08027249695523525
0.15911477317216371
0.2453746192890488
0.3029841753056719
0.3234672353662702
0.33236386864827105
0.3375891782226356
0.3297996979820737
0.3447669664386454
0.33605280420802
0.28086607954732606
0.14348218408137461
0.0926936491636308
0.0
0.0
0.0
0.0
0.0
0.0
0.0
0.0
0.07474961349367881
0.05725085071323325
0.1305571677863791
0.13970638824483322
0.2111223878510332
0.2581437266104981
0.3125645128812161
0.2978303645202
0.3156942777447134
0.34601343619393976
0.31752029574914054
0.3342484720425492
0.35952316216706276
0.3085570303522947
0.26553201339081445
0.2489024143187357
0.11568692394940856
0.10620271239082413
0.0
0.0
0.0
0.0
0.0
0.10725998824791637
0.08277855048780489
0.12500838844519227
0.19653052470189872
0.25475396014689883
0.33061588867860486
0.380219023617173
0.4166416570687124
0.43090480257946046
0.44021964373451955
0.44800150782374937
0.48219784846950814
0.47167026720005495
0.4572213286688309
0.4164985740533205
0.29852949996410594
0.2677557226881727
0.19789646841546982
0.11077744466819368
0.0
0.016944508526042224
0.0
0.0
0.0
0.12044138121145276
0.11320820745514928
0.17821832055228132
0.2536682689364635
0.2648253974955279
0.30329197117223994
0.3316592632948372
0.31335159232386
0.29832978602157323
0.299017273677166
0.3098282415087954
0.3366733017266811
0.35547701579194724
0.3595506617372785
0.3202411279523839
0.0
0.0
0.0
0.0
0.0
0.0
0.0
0.0
0.0
0.08785986941795114
0.047082236245013585
0.06551681070400289
0.10287968325665868
0.16452734452911016
0.2342636337279794
0.25165588390618543
0.22911122773796677
0.27711632101015365
0.32735422780676093
0.35515665210818004
0.38385932619156476
0.37519162094893654
0.33647781618611394
0.280422823166423
0.0
0.0
0.0
0.0
0.0
0.0
0.0
0.0
0.0
0.100276104111854
0.045173195582228425
0.0706156579026485
0.11050402445561068
0.17965201136852293
0.2514902813143189
0.3025663164346212
0.3325680198416858
0.3534848336317542
0.3812093530856078
0.4089696874966268
0.44845989653897445
0.45861672126028397
0.45269737106671176
0.41786176050725193
0.19248014529749427
0.20571788356084933
0.13865058824717283
0.023645284873232766
0.01862937254050574
0.0
0.0
0.0
0.0
0.09018239098196562
0.08242602312239702
0.14838338572261472
0.22787973047145355
0.29773698874319177
0.36480802521413935
0.4070011538939104
0.43236608524190656
0.4385871274604694
0.4474628273246614
0.4597186417381539
0.49497387055698805
0.48859403695499914
0.4742047203830643
0.41383073935603354
0.14148273100059827
0.1396325115331305
0.01387234156972318
0.012953496882414034
0.0
0.0
0.0
0.0
0.0
0.0
0.0
0.0
0.0
0.0
0.0
0.0
0.0
0.1859906267421172
0.05615174373588839
0.1358402770817487
0.0
0.0
0.0
0.0
0.0
0.0
0.0
0.0
0.0
0.0
0.0
0.0
0.0
0.0
0.0
0.0
0.0
0.0
0.0
0.0
0.0
0.0
0.0
0.0
0.0
0.12939055864354781
0.10619453029036859
0.0
0.0
0.0
0.0
0.0
0.0
0.0
0.0
0.0
0.0
2.1021148568016018e-05
0.018620271072764975
0.03145745888347961
0.04845194394617757
0.06649074991635438
0.08692459337778308
0.1259734283123002
0.2267082884509565
0.29682647627561404
0.3473930763809908
0.3832700701533446
0.4389120711649056
0.27744487383495664
0.1896109849211981
0.21572222614371228
0.0
0.0
0.0
0.0
0.0
0.0
0.0
0.0
0.0
0.0
0.0
0.0
0.0
0.0
0.0
0.0
0.0
0.0
0.10122955617597074
0.19564331134103144
0.14503291050405703
0.2047440401167635
0.10699062278150494
0.0
0.0
0.0
0.0
0.0
0.0
0.0
0.0
0.0
0.0
0.03583736256210788
0.07872121958427612
0.0655582356197126
0.0985983167073191
0.14027297150517673
0.2058898354036763
0.27769838557832943
0.3495739264992839
0.4104800068887546
0.43626191611377163
0.4379346998059741
0.4579271255434847
0.3014937098921393
0.20703108095057082
0.22443259143000494
0.0
0.0
0.0
0.0
0.0
0.0
0.0
0.0
0.0
0.10308618545742992
0.11696273649897278
0.08943455686325275
0.1350580052060449
0.2179509162033239
0.2836412952211025
0.33197660573864346
0.37683685426385305
0.4063189917859324
0.4047455301161575
0.38682326465689887
0.3784661617019575
0.2101325018815483
0.18450354875304859
0.2445689383852635
0.0
0.0
0.0
0.0
0.0
0.0
0.0
0.0
0.0
0.004265917168959995
0.04450233476005491
0.0468996991850927
0.08728588315639473
0.166269364127017
0.2680551455624042
0.32836016573914145
0.37221923372117505
0.41259294976756755
0.44249586732857377
0.4586033009073443
0.4947282056736454
0.3570150826125461
0.2750791633145183
0.27167253473162856
0.0
0.0
0.0
0.0
0.0
0.0
0.0
0.0
0.0
0.0
0.0
0.0
0.0
0.0
0.0
0.0
0.2649327772829376
0.26843610519575833
0.3021233099549292
0.2570046218406648
0.32603678585573886
0.2705682924604495
0.2076750648410132
0.2247133467905152
0.06391393818437768
0.0
0.0
0.0
0.0
0.0
0.0
0.0
0.0
0.0
0.0
0.0
0.0
0.0
0.0
0.0
0.15578512191776694
0.2837089417949593
0.223480958909018
0.3282625616445061
0.3386362027131348
0.2523415781719593
0.3121304886775904
0.29617209232940295
0.17742880939489505
0.0
0.0
0.0
0.0
0.0
0.0
0.0
0.0
0.078785338981981
0.14973488546250036
0.10951086110873613
0.16916874195306025
0.23821070012335835
0.30378255405768717
0.35317599180658676
0.38443920029266593
0.40939709253444134
0.41480963205267557
0.40912879286606624
0.42375176100769446
0.2440896283340835
0.1785023956539472
0.22433002084286552
0.0
0.0
0.0
0.0
0.0
0.0
0.0
0.0
0.0
0.08000227784646365
0.09948160493097608
0.07484009930490805
0.10675854065474563
0.14848868323253486
0.2066859582787189
0.25851188100792366
0.3080140797319034
0.35170432340553276
0.35895321426197574
0.3404949967250257
0.33891358340961286
0.17907080272430428
0.1410746522383043
0.1699465268017971
0.0
0.0
0.0
0.0
0.0
0.0
0.0
0.0
0.0
0.05599113434169372
0.08153182616152788
0.06511197910667617
0.08800794025071294
0.11409983417166854
0.14849670110488106
0.19018941990287516
0.22940065525625877
0.26404490130785646
0.2816466844434609
0.28996232922878545
0.315891116199784
0.17871870845421783
0.15077648830890095
0.19744900982434965
0.0
0.0
0.0
0.0
0.0
0.0
0.0
0.0
0.0
0.01366754164342912
0.04454446286427999
0.03836820354488333
0.054707027189848954
0.07214702232423054
0.09136887805115393
0.11644934786898353
0.15968074513653366
0.21147702342492317
0.24892176915441858
0.28180793650328173
0.3349409159413124
0.19316864412407891
0.1638624321126093
0.21397639054103507
0.0
0.0
0.0
0.0
0.0
0.0
0.0
0.0
0.0
0.05350924827723632
0.09041169333078035
0.0778078308823019
0.10700391467862419
0.13043657835471875
0.16436933609850862
0.1979046673274647
0.22619390395126399
0.250373391491611
0.27188696488373437
0.2900898990698483
0.3300144547948359
0.18238406038441585
0.14711319827769587
0.18076214639883287
0.0
0.0
0.0
0.0
0.0
0.0
0.0
0.0
0.0
0.0
0.0
0.0
0.0
0.0
0.0
0.0
0.0
0.0
0.0
0.18901957713698164
0.1565846350054933
0.0
0.0
0.0
0.0
0.0
0.0
0.0
0.0
0.0
0.0
0.0
0.0
0.0
0.0
0.0
0.0
0.0
0.0
0.0
0.0
0.03462939438571841
0.20396573925089437
0.2886312339097014
0.312341266423846
0.2344265962606062
0.28832166000731235
0.2894618271233016
0.1575225657893657
0.036963147385806895
0.0
0.0
0.0
0.0
0.0
0.0
0.0
0.06572273387573402
0.12493638232381339
0.08370472038782399
0.13586497793516067
0.2231182250558535
0.3031096165985316
0.36419267395063165
0.42079035547623805
0.468235146658913
0.49997577665221804
0.5273205547715801
0.5720631949713657
0.4478429389397286
0.3764508671629399
0.39156589793043667
0.2341662609108513
0.08401372852245546
0.0
0.0
0.0
0.0
0.0
0.0
0.0
0.07259681520122331
0.14745507123570892
0.13842097563657368
0.21617616106281
0.28531709543455847
0.3460191666488842
0.40346440808456685
0.4512440415433732
0.5049537862163261
0.5261025475147589
0.5322475347796549
0.5619919898686101
0.4258577804024968
0.3614358170468601
0.37681125405135
0.2441610032970912
0.2005320792486697
0.03122926932966967
0.030793559216789577
0.0
0.0
0.0
0.0
0.0
0.08930719896628414
0.15411011274036304
0.18827161080928376
0.2812249843447095
0.3200668140356846
0.37049361710369166
0.422766248802689
0.47455386604598543
0.517356586143155
0.5317085884969769
0.5278620896190354
0.5463455940824399
0.3938717347239927
0.30775715739484866
0.3230826173196527
0.17425837202184988
0.0
0.04770211419304668
0.0
0.0
0.0
0.0
0.0
0.0
0.11712736620742285
0.13000684169450688
0.1008952738236333
0.15449013963225186
0.2448556104712688
0.31709240474979333
0.38045784208514133
0.43967168606593976
0.4872869350992794
0.5109320368320717
0.5101538280075197
0.5322365763005308
0.38608631339406335
0.3195475680162713
0.35155204801132905
0.1115628956645024
0.03630658462138314
0.0
0.0
0.0
0.0
0.0
0.0
0.0
0.08456914846800463
0.15293477153990231
0.12635102183128794
0.21651948818846237
0.3071175297051856
0.3837727912096387
0.4398961195007361
0.48315437000454226
0.5130512290173203
0.5406385853317397
0.553378272481373
0.5884629472566506
0.47763633343559375
0.407303628160994
0.45114289595366575
0.2529947270721456
0.23869696204947496
0.16105288403493376
0.04374661480841837
0.04352958947240899
0.0
0.0
0.0
0.0
0.0
0.0
0.22064966356633622
0.05307311206726763
0.1324907775111513
0.0
0.0
0.0
0.0
0.0823758637982881
0.08437955978406367
0.2053967281583488
0.16444830250562295
0.1644035088397276
0.0
0.0
0.0
0.0
0.0
0.0
0.0
0.0
0.0
0.0
0.0
0.0
0.0
0.0
0.0
0.0
0.0
0.23413807576978873
0.22225563245281482
0.3080811370523266
0.30436358912255135
0.31141968440559115
0.31138213865094394
0.31320419043571224
0.26419093082555095
0.21828450096669183
0.06613151726833927
0.0
0.0
0.0
0.0
0.0
0.0
0.0
0.09945017232684819
0.10289983032636664
0.07670927091327394
0.09885112955022231
0.11790866005195026
0.14250505523362664
0.1841901585081319
0.2335920331331847
0.27386218003141477
0.2924395036442727
0.29992655749581837
0.32672921791215764
0.17459388012961977
0.14042274432977098
0.17152148002988826
0.0
0.0
0.0
0.0
0.0
0.0
0.0
0.0
0.0
0.08598769429585812
0.08535058823991212
0.05057086283288719
0.06241098781159866
0.08234146629892171
0.10655004477380327
0.13440100293252613
0.182717750748215
0.23108180913470258
0.23943485518177296
0.2254075225358804
0.22868099151773622
0.139373280265803
0.10794233137076954
0.12234500964822623
0.0
0.0
0.0
0.0
0.0
0.0
0.0
0.0
0.0
0.008906893693175483
0.03571052176200901
0.03141783192405907
0.053006686223005056
0.08463925356468227
0.13087567079077747
0.20280929428537603
0.2670025271462776
0.32140594402147
0.3516841275161797
0.3700117756866658
0.4105827938565973
0.24259734026474458
0.17701623717070683
0.21740534736438477
0.0
0.0
0.0
0.0
0.0
0.0
0.0
0.0
0.0
0.01761850800939346
0.0578617497724879
0.06020517418482279
0.1165541078203407
0.14738989820873452
0.21714832180175941
0.28080740619991923
0.3434476594269109
0.3931799178556903
0.4201121621542864
0.415671471187089
0.43256507791155746
0.24821449391031963
0.18061531565507252
0.21810188899980568
0.0
0.0
0.0
0.0
0.0
0.0
0.0
0.0
0.0
0.037518027060259446
0.06912504380705917
0.06338537102771495
0.0943441590282851
0.1389381146576374
0.21558043507276362
0.235149539261984
0.21807530965431024
0.19625827922450176
0.16869311459565145
0.14425757587221658
0.13751969425466484
0.1079409256865257
0.08311086851212966
0.09638853758657662
0.0
0.0
0.0
0.0
0.0
0.0
0.0
0.0
0.0
0.0
0.0
0.0
0.0
0.0
0.0
0.0
0.0
0.0
0.10313261094258684
0.23548268461329325
0.24541079224906873
0.2753356645107872
0.22859552064048647
0.16621918599536972
0.0
0.0
0.0
0.0
0.0
0.0
0.0
0.0
0.0
0.0
0.0
0.0
0.0
0.0
0.0
0.0
0.25521859288876153
0.2374562002396284
0.32152450934701615
0.29593015598126543
0.29591761819126017
0.3138472831804857
0.263745003594703
0.24281281963133003
0.10536363481445886
0.0
0.0
0.0
0.0
0.0
0.0
0.0
0.0
0.022000481173858336
0.06759917652103718
0.0657621605444497
0.09701182890585668
0.15204817287114106
0.23676954227951427
0.3107212208469355
0.37579853208570035
0.43141119051057397
0.46753375204411163
0.49602566149398447
0.5490291469508706
0.4176506914937728
0.3084442588541098
0.26228701578125374
0.0
0.0
0.0
0.0
0.0
0.0
0.0
0.0
0.0
0.02638474561629284
0.07523311077457955
0.0544059626758292
0.08395190253128765
0.12871635648522228
0.1998914550349108
0.2578605869592562
0.30422915234300235
0.3396285083687444
0.33181940476488475
0.29149365915184794
0.25386417685928814
0.1351498756093075
0.09947498174776219
0.10528109867111793
0.0
0.0
0.0
0.0
0.0
0.0
0.0
0.0
0.0
0.010406802181602157
0.01847359039774565
0.013870569052398361
0.019189247180219318
0.024957324916312272
0.032322346370770284
0.03255146448289045
0.02651316751896332
0.01927532110647392
0.013800490621306635
0.011223065302109711
0.009721617373850956
0.003604535106611681
0.0
0.0
0.0
0.0
0.0
0.0
0.0
0.0
0.0
0.0
0.0
0.0
1.887455112660688e-05
1.5604906234280368e-06
0.00047735354751962845
0.012846970497890171
0.032663911273280534
0.056296277866607174
0.06209431865379365
0.0915462436666368
0.1172271088947016
0.1480562941480441
0.20733810736626598
0.1532119336375915
0.14145452341914916
0.18865445308782236
0.0
0.0
0.0
0.0
0.0
0.0
0.0
0.0
0.0
0.0
1.7306918552127752e-05
1.5062409927473502e-06
0.024688761064729565
0.050698284944681184
0.09876555482415865
0.1210997005696242
0.20024627902943654
0.27720868355186173
0.3238228557789506
0.3601202024707163
0.4107937686968911
0.2818171437923833
0.22303384993670441
0.24133378720676993
0.0
0.0
0.0
0.0
0.0
0.0
0.0
0.0
0.0
0.0
0.0
0.0
0.0
0.0
0.0
0.0
0.0
0.2547617130171807
0.2903726437803115
0.23459005443700987
0.31095637520230796
0.31130619647715907
0.2106824362982488
0.1692182838977619
0.0
0.0
0.0
0.0
0.0
0.0
0.0
0.0
0.0
0.0
0.0
0.0
0.0
0.0
0.0
0.0
0.29983950972363477
0.3400436144560395
0.2642566515778594
0.34930068455891233
0.35042235038709446
0.26320414617335475
0.3131908561954033
0.2768307859143747
0.15914297539064617
0.0
0.0
0.0
0.0
0.0
0.0
0.0
0.0
0.08159882074485465
0.1157629017470104
0.09013417333870058
0.1507929818953231
0.23898857712239768
0.31759405878277075
0.3567272742992943
0.3740992547058182
0.38431559842722207
0.3991965610728823
0.4189323081750627
0.46076588120787143
0.29955390620111827
0.22244460450759895
0.2368350128047073
0.0
0.0
0.0
0.0
0.0
0.0
0.0
0.0
0.0
0.08213665312736414
0.10015685527472419
0.07887361563013053
0.11676612809029188
0.17395946671203064
0.24890705251237494
0.31508508013215986
0.3754783363098145
0.4244481671416122
0.45575950931747156
0.4747364628695612
0.5162948604500572
0.3751309758894902
0.30923811649597105
0.32193160281937566
0.08192308455826361
0.07766858929366635
0.0
0.0
0.0
0.0
0.0
0.0
0.0
0.08055545516108764
0.1006582273754444
0.07678982464558004
0.11250256198914174
0.17032072551093927
0.24622328806896893
0.31825651359122775
0.401653973305814
0.4697295786847429
0.5069673792396567
0.5229040066477478
0.5626948476306377
0.4246674113655064
0.3346695322181114
0.31681330980245814
0.0
0.0
0.0
0.0
0.0
0.0
0.0
0.0
0.0
0.11803805392294418
0.10263068752666157
0.07409096231445132
0.11757969944003256
0.19863756817906106
0.2872389757538446
0.34768007573320303
0.3949284041324808
0.439347014821798
0.45925418616401165
0.45749148998239497
0.47527963220172836
0.31314620707533347
0.23940021909608045
0.23948388416731284
0.0
0.0
0.0
0.0
0.0
0.0
0.0
0.0
0.0
0.06095259175587391
0.08933765930921536
0.0720695464018604
0.11212569361903449
0.2009832680240909
0.2706883353037572
0.3259561902878195
0.36706106619163015
0.4021267430665482
0.43561301609903313
0.46704519531502364
0.5194876414244556
0.38933621183299005
0.33492015599858077
0.3614984753064118
0.0
0.0
0.0
0.0
0.0
0.0
0.0
0.0
0.0
0.0
0.0
0.0
0.0
0.0
0.0
0.0
0.21787419057666085
0.2698179954149786
0.2823909574480218
0.2507016507437178
0.31883722511662116
0.28843672580620255
0.23667272766116704
0.23544182449635656
0.11455938447486684
0.0
0.0
0.0
0.0
0.0
0.0
0.0
0.0
0.0
0.0
0.0
0.0
0.0
0.0
0.2147315772581276
0.19743322988816867
0.20251335768283518
0.19269001796099422
0.1838563628196571
0.0
0.0
0.0
0.0
0.0
0.0
0.0
0.0
0.0
0.0
0.0
0.0
0.0
0.059470398914480804
0.07122086728198096
0.04601226842847827
0.049283872705707714
0.04947812543822686
0.04976564993537155
0.05813921996615212
0.07182336669394832
0.08625171506209331
0.10173863724863524
0.11210814956937609
0.12880267154196848
0.11788696428163421
0.0959623846627141
0.1080568798280043
0.0
0.0
0.0
0.0
0.0
0.0
0.0
0.0
0.0
0.08592409667584595
0.0951394398466509
0.05725309778184435
0.0746065739378026
0.09775100514354094
0.11732763312093103
0.1250904137238948
0.13221107391368514
0.13496929676029182
0.1397139451015121
0.1441092599395053
0.1600997878325196
0.14340015947267018
0.13388600274004112
0.17744459934265228
0.0
0.0
0.0
0.0
0.0
0.0
0.0
0.0
0.0
0.004288554778142614
0.04271901444129595
0.039409757927887805
0.05683931639601953
0.07880712246279668
0.10687951683268462
0.16700179900498327
0.25940450997695125
0.32992933568802113
0.3635684107483108
0.39300412616202646
0.4353303918863802
0.27292909790484765
0.19340976547872407
0.18907166906639072
0.0
0.0
0.0
0.0
0.0
0.0
0.0
0.0
0.0
0.014297787470176853
0.04867672990291745
0.048793839814420696
0.07269254275497891
0.09933203396989235
0.1292196229891923
0.19902742270139298
0.2875093139026194
0.359485592282638
0.3982456909808937
0.4228652317632001
0.4612085513434925
0.30694728124061676
0.21858732897815494
0.21283615657621485
0.0
0.0
0.0
0.0
0.0
0.0
0.0
0.0
0.0
0.06312802165385811
0.09338656505809112
0.07493535189314054
0.09886619275023772
0.12402617406280578
0.1583361244717156
0.2248002969089601
0.3024597057923693
0.3654578404007971
0.40560704825456856
0.4287164778262145
0.4823266154127894
0.32505853976554394
0.22749518034172309
0.210174756735946
0.0
0.0
0.0
0.0
0.0
0.0
0.0
0.0
0.0
0.0
0.0
0.0
0.0
0.0
0.0
0.0
0.0
0.0
0.0
0.1520322228982594
0.0
0.0
0.0
0.0
0.0
0.0
0.0
0.0
0.0
0.0
0.0
0.0
0.0
0.0
0.0
0.0
0.0
0.0
0.0
0.0
0.1130027188647959
0.040022496769330285
0.12732238134228055
0.18488201919881922
0.21390284885422345
0.15450732063999595
0.11243629580507845
0.0
0.0
0.0
0.0
0.0
0.0
0.0
0.0
0.0
0.0
2.858313075276914e-05
1.2408951357517042e-05
0.014512238620232829
0.03534612565221043
0.06186006475961836
0.09732013299779839
0.13852332123330544
0.2003870773750597
0.2562594026385678
0.22815043874695812
0.14822115381693501
0.11120796059142166
0.08366656679964098
0.07725146941692293
0.10343578859754135
0.0
0.0
0.0
0.0
0.0
0.0
0.0
0.0
0.0
3.520795707574949e-05
1.812762072016593e-05
1.677881416014867e-06
0.024990357808575343
0.046702475847177925
0.07440823910212437
0.09021223365001663
0.0972168086340081
0.10919284108713226
0.09844445653263728
0.08083521755209624
0.06683466430178135
0.04399834551855834
0.024829951780908122
0.010022773979606298
0.0
0.0
0.0
0.0
0.0
0.0
0.0
0.0
0.0
3.0582392302095865e-05
1.8059015676554924e-05
0.0
0.0
8.255473780123086e-06
0.0
0.003279302199027995
0.015986794482863175
0.029097243327363152
0.0414857939033667
0.05334821601811845
0.07138473451027892
0.07025710556183475
0.05916379251972356
0.06688012027252097
0.0
0.0
0.0
0.0
0.0
0.0
0.0
0.0
0.0
4.850736201953631e-05
2.138143557482682e-05
1.744516218895143e-06
0.008379676794495538
0.027075613754469048
0.04771762974721671
0.07114495796800006
0.0984307965979773
0.1326108392622847
0.1568916352096127
0.16284760928564634
0.184819194049587
0.1341512486440494
0.11405655512121457
0.12909989468714236
0.0
0.0
0.0
0.0
0.0
0.0
0.0
0.0
0.0
4.85372817117673e-05
1.8683211247963553e-05
1.6631009034821803e-06
0.023784663778557612
0.043787292691619774
0.06986694386240914
0.10144388135724708
0.15550511791977037
0.23143175107759564
0.26294817586343894
0.2913715464380518
0.34173527339094134
0.1904157547193272
0.15034757211713803
0.174543990265212
0.0
0.0
0.0
0.0
0.0
0.0
0.0
0.0
0.0
0.0
0.0
0.0
0.0
0.0
0.0
0.0
0.0
0.1465562676884746
0.24220205294458438
0.22810173837848877
0.26905708320661204
0.26762983685256664
0.16119184531069428
0.11731230228743551
0.0
0.0
0.0
0.0
0.0
0.0
0.0
0.0
0.0
0.0
0.0
0.0
0.0
0.0
0.0
0.0
0.24735159491911352
0.2154193712851082
0.30335764079198624
0.3098700107964575
0.21249369673996069
0.2932453574555843
0.2860541636413075
0.15264915696390155
0.0
0.0
0.0
0.0
0.0
0.0
0.0
0.0
0.0
2.294902989459505e-05
0.015889708536102984
0.020097759087648513
0.0414237000120351
0.07881221101655499
0.1325904973677364
0.22667371036566128
0.31814057053000194
0.39176660902584615
0.4344673928288378
0.45347613233734047
0.4921104305086205
0.33436967197859413
0.22012811701585314
0.20571353361336647
0.0
0.0
0.0
0.0
0.0
0.0
0.0
0.0
0.0
0.015916282053673868
0.040066788122420864
0.039562238300384044
0.08553918544883359
0.11587084216347943
0.19124367231950187
0.27055199312596817
0.3346329442536535
0.3814573427082174
0.4035431252427337
0.38373798285934774
0.3836183365677988
0.20306727516459386
0.1606885404684473
0.18267197103848082
0.0
0.0
0.0
0.0
0.0
0.0
0.0
0.0
0.0
0.08892134554738014
0.10696232622543082
0.08523913039084456
0.12162086676208897
0.16471125098927344
0.24117815556421807
0.2760844310430422
0.2888846407591212
0.29425400646027977
0.26730854530687814
0.2178104600306333
0.18109881112625253
0.1164373439777542
0.06860953939647087
0.04542121093222304
0.0
0.0
0.0
0.0
0.0
0.0
0.0
0.0
0.0
3.926222628310378e-05
1.423684666363682e-05
1.2093773539992587e-06
0.0018089371402696963
0.018235289341353548
0.03416615786392684
0.0457799219975764
0.05497360097214951
0.06375538931897246
0.07223617361625943
0.07760283987916136
0.08780455084755658
0.06940538521970709
0.03538681564382999
0.0072733148395701715
0.0
0.0
0.0
0.0
0.0
0.0
0.0
0.0
0.0
3.0671932603631526e-05
1.4839898565456813e-05
0.0030170938477103266
0.028943335708661214
0.0610799003357716
0.09986766162992633
0.15702544415418446
0.2479629025555972
0.32532848520799246
0.3787936973498135
0.41877350092958243
0.48174279836960715
0.34340999929535204
0.2552463335020456
0.23901229713276187
0.0
0.0
0.0
0.0
0.0
0.0
0.0
0.0
0.0
0.0
0.0
0.0
0.0
0.0
0.0
0.0
0.23592521728113072
0.28145072599946136
0.2728231183912201
0.29034102676487017
0.2952618842842202
0.25712059609386784
0.2771342745112719
0.17169841578322845
0.07320579309375927
0.0
0.0
0.0
0.0
0.0
0.0
0.0
0.0
0.0
0.0
0.0
0.0
0.0
0.0
0.17225095148423727
0.18763699360586822
0.12615053459814288
0.13888366288731957
0.13550958267635801
0.07251452654739472
0.052865395804267475
0.00992235496559192
0.0
0.0
0.0
0.0
0.0
0.0
0.0
0.0
0.0
0.0
0.0
0.0
0.0
0.0
0.0
0.0
0.0
0.0
0.0
0.0
0.0
0.0
0.0
0.0
0.0
0.0
0.0
0.0
0.0
0.0
0.0
0.0
0.0
0.0
0.0
2.849590357864795e-06
4.595124782964182e-06
0.0
0.0033820563807727567
0.02094004664353572
0.04116339830395384
0.06497058480656721
0.08254041111735076
0.1010416674734065
0.12031326709762884
0.13008765846584247
0.09886762492298369
0.0544834111499896
0.021462834575739064
0.0
0.0
0.0
0.0
0.0
0.0
0.0
0.0
0.0
0.0
2.8004487756601062e-06
5.155980395811828e-06
0.0
0.01045513668998009
0.03551618657020319
0.07502297496823394
0.11689373776067101
0.19030605633687578
0.2438669995930629
0.2747573826323111
0.2948664825521481
0.2513931159442465
0.16938092879622108
0.09418573753575352
0.0
0.0
0.0
0.0
0.0
0.0
0.0
0.0
0.0
0.0
1.7564170557828083e-06
5.028807298436284e-06
0.00924424129774256
0.03552451961048268
0.06980061122441562
0.1144474454212079
0.17933515800408734
0.25130856288760395
0.30339880612690634
0.34365390862275513
0.3870619713409459
0.3431171423352481
0.23885873010869876
0.1282422199876079
0.0
0.0
0.0
0.0
0.0
0.0
0.0
0.0
0.0
0.0
1.3806334003532223e-06
4.9518152427782376e-06
0.01073424015930228
0.049232596411802554
0.09479319613597408
0.1496555830789308
0.20732034611377248
0.2694059304288419
0.2945102592123289
0.31991079103312003
0.349687028798832
0.33428833634781163
0.29449259000161365
0.2446680355806004
0.0
0.0
0.0
0.0
0.0
0.0
0.0
0.0
0.0
0.0
0.0
0.0
0.0
0.0
0.0
0.18187784153691255
0.19062262209768777
0.2833419265079541
0.29660820028973844
0.22282591035982585
0.2877030063405514
0.28245240623952594
0.22592283136129873
0.10951006995009008
0.0
0.0
0.0
0.0
0.0
0.0
0.0
0.0
0.0
0.0
0.0
0.0
0.0
0.0
0.0762132923574921
0.21719963583118576
0.2167336539751566
0.2789517607409541
0.26853971057606363
0.24893927984437614
0.28484822183995967
0.25801358812718167
0.17733881361151796
0.14835836479894404
0.0
0.0
0.0
0.0
0.0
0.0
0.0
0.0
0.0
0.0
0.0025671781910676515
0.010051672804925355
0.030480525040963994
0.06972330777858186
0.11855698381710295
0.18749714123616743
0.2495466418631665
0.3023230734803474
0.32578773819892176
0.32842629521841804
0.33141135744548195
0.30528028301494076
0.2710210607531292
0.2279148237227755
0.0
0.0
0.0
0.0
0.0
0.0
0.0
0.0
0.0
0.09204351237530108
0.038295306810182804
0.043233691672264665
0.07821470626935177
0.11587958013739012
0.17987742204583762
0.23420021680391567
0.2739493824571032
0.30627022669231946
0.3205252144035667
0.32488509616419164
0.32251171407474855
0.29184533038629973
0.2501762550896062
0.2036945754736377
0.0
0.0
0.0
0.0
0.0
0.0
0.0
0.0
0.0
0.0
0.0111632164925606
0.02597616817844806
0.06191512894884466
0.10534645133346089
0.16902751795983734
0.22280833178487622
0.25424982353434633
0.28465317283573865
0.28156990838326873
0.2630588491360561
0.21690719000107045
0.16992001586787633
0.12957188403643624
0.0852090664692618
0.0
0.0
0.0
0.0
0.0
0.0
0.0
0.0
0.0
0.0
1.7894342007488967e-06
4.798026464359402e-06
0.0
0.0051673119845451285
0.018311759887652518
0.032780950622912246
0.05227568781716938
0.07082073788459951
0.07932082755057021
0.07847977976316144
0.0812055949351478
0.052879640337238236
0.012661718862309823
0.0
0.0
0.0
0.0
0.0
0.0
0.0
0.0
0.0
0.0
0.0
2.1551698542786377e-06
3.641047522461492e-06
0.0
4.671659439450651e-06
0.0
0.001475787662535311
0.01949686616245753
0.043025586811531576
0.06483609533506303
0.06758313560773452
0.07374768721045223
0.05477022174060873
0.02487217919608886
0.0018188137492315332
0.0
0.0
0.0
0.0
0.0
0.0
0.0
0.0
0.0
0.0
0.0
0.0
0.0
0.0
0.0
0.0
0.0
0.0
0.0
0.0
0.0
0.0
0.0
0.0
0.0
0.0
0.0
0.0
0.0
0.0
0.0
0.0
0.0
0.0
0.0
0.0
0.0
0.0
0.0
0.0
0.0
0.02602392933280973
0.11146440775317198
0.16239858458139889
0.0966725910644051
0.07829913910514008
0.0
0.0
0.0
0.0
0.0
0.0
0.0
0.0
0.0
0.0
0.0
0.0
2.2488802502755452e-06
5.914362760108986e-06
3.0797310526846554e-06
0.00877813663534979
0.03388050022697048
0.06572052067521578
0.09175747595185921
0.12311140654985608
0.1753492316713984
0.21859365407198647
0.24176392440094713
0.21453947417852753
0.1606640528513725
0.11473982154364964
0.0
0.0
0.0
0.0
0.0
0.0
0.0
0.0
0.0
0.08096452074777731
0.025146842057916566
0.01877446380898078
0.028222179891047416
0.04507886291414031
0.06483814836934772
0.07880719851764935
0.07621261230435682
0.08345199749383193
0.08787417618461794
0.06985855522549568
0.04933305249786116
0.02019541511803233
0.007743645495987992
0.0004339459978151647
0.0
0.0
0.0
0.0
0.0
0.0
0.0
0.0
0.0
0.0
2.4125702976866834e-06
6.346866753374325e-06
6.591120208610833e-06
5.599529402186667e-06
0.0
0.0
0.0
0.0
0.0
0.0
0.0
0.0
0.0
0.0
0.0
0.0
0.0
0.0
0.0
0.0
0.0
0.0
0.0
0.0
2.75292539966138e-06
7.279616758473871e-06
8.171967593603566e-06
6.2511282702038415e-06
0.001104387966691954
0.005812177534851307
0.012618890063836862
0.021875200807184095
0.02860273700811885
0.027977265968877337
0.029637087910562455
0.02104477980842682
0.009558544056829663
0.0007325702635731485
0.0
0.0
0.0
0.0
0.0
0.0
0.0
0.0
0.0
0.0
2.310015129388811e-06
6.638563597312491e-06
3.125313955488988e-06
5.568472759733384e-06
0.0
0.009755033593038245
0.03595499759864833
0.07146091577582486
0.09586686372631809
0.11118252189210391
0.11567314752167009
0.08948669515382639
0.0560804712174865
0.03545542403962369
0.0
0.0
0.0
0.0
0.0
0.0
0.0
0.0
0.0
0.0
0.0
0.0
0.0
0.0
0.0
0.0
0.0
0.0
0.0
0.0
0.0
0.0
0.0
0.0
0.0
0.0
0.0
0.0
0.0
0.0
0.0
0.0
0.0
0.0
0.0
0.0
0.0
0.0
0.0
0.0
0.0
0.0
0.0
0.0
0.0
0.0
0.0
0.0
0.0
0.0
0.0
0.0
0.0
0.0
0.0
0.0
0.0
0.0
2.3291606689822623e-06
6.272099009280053e-06
3.2171870877763524e-06
5.820484804146366e-06
0.0
0.018926099904280548
0.050220262546177216
0.09129434250494972
0.12228973125329966
0.15220986383841306
0.1503136024414469
0.12374560416620993
0.07699645691487281
0.04791265677459742
0.0
0.0
0.0
0.0
0.0
0.0
0.0
0.0
0.0
0.0
2.3264852579470716e-06
6.5386405825879616e-06
3.2518239482176968e-06
6.0535256554526884e-06
0.01706089309192406
0.0428377986805394
0.07215314780058983
0.09579517268654457
0.12276727409401833
0.15044199508598047
0.15512367139268501
0.11015753424754694
0.051576239166580884
0.01179475432887246
0.0
0.0
0.0
0.0
0.0
0.0
0.0
0.0
0.0
0.0
2.1696746300086574e-06
6.269477728640285e-06
2.895776548675079e-06
5.192935958099402e-06
0.0037819032744552793
0.02550567097621628
0.05692573842128549
0.0875935460662865
0.11209689287227066
0.13362798433618683
0.13336549395829156
0.1103799247665885
0.0853807529817849
0.048686778340709544
0.0
0.0
0.0
0.0
0.0
0.0
0.0
0.0
0.0
0.019673610270764797
0.00794902882762709
0.006042402935871563
0.017024926274350802
0.044964195023117375
0.08056377659056511
0.10684653979677215
0.1297103607811396
0.16613919031086505
0.19707146550465715
0.24146846899199043
0.26807060540268657
0.21913166363644976
0.14246228874284594
0.05423372655442624
0.0
0.0
0.0
0.0
0.0
0.0
0.0
0.0
0.0
0.0
0.0
6.884985944860655e-06
3.6463410684348676e-06
6.309231183487641e-06
0.012651472202975229
0.050690391099620855
0.08605245058235739
0.1248294046329681
0.1659699966495632
0.1924992720985228
0.19140353794843035
0.1619741307986668
0.11194700768613947
0.06870686887869394
0.0
0.0
0.0
0.0
0.0
0.0
0.0
0.0
0.0
0.0
0.0
0.0
0.0
0.0
0.0
0.0
0.0
0.0
0.0
0.0
0.0
0.0
0.0
0.0
0.0
0.0
0.0
0.0
0.0
0.0
0.0
0.0
0.0
0.0
0.0
0.0
0.0
0.0
0.0
0.0
0.0
0.0
0.0
0.0
0.0
0.0
0.0
0.0
0.0
0.0
0.0
0.0
0.0
0.0
0.0
0.0
0.0
0.0
2.275716970178499e-06
5.436634148493877e-06
5.91015157160427e-06
4.769022400001771e-06
0.0
0.0
0.0
0.0
0.0
0.0
0.0
0.0
0.0
0.0
0.0
0.0
0.0
0.0
0.0
0.0
0.0
0.0
0.0
0.0
0.0
6.372804356341487e-06
2.6495376318195624e-06
4.511549925134609e-06
0.0
0.0
0.0
0.0023329804536887716
0.004981731816191437
0.0009838417081402145
0.0
0.0
0.0
0.0
0.0
0.0
0.0
0.0
0.0
0.0
0.0
0.0
0.0
0.0
2.036373747623205e-06
6.089552078510156e-06
3.0322172663582764e-06
5.268656096263351e-06
0.0
0.003916680376766983
0.01690353440026768
0.03703799164462143
0.05534641488076766
0.05928212519969865
0.06573371942517962
0.04242801777773341
0.009660028792434591
0.0
0.0
0.0
0.0
0.0
0.0
0.0
0.0
0.0
0.0
0.0
2.0637724203482846e-06
6.2176287179440846e-06
3.2610343414305584e-06
5.705232601935171e-06
0.002305928337283741
0.028266681340197535
0.06863890506234725
0.10822037641545788
0.15959561439386358
0.20911708369822837
0.23201155779713775
0.19502764650669382
0.13255744820953883
0.07895850560995092
0.0
0.0
0.0
0.0
0.0
0.0
0.0
0.0
0.0
0.0
2.402201084263634e-06
7.576278510837568e-06
3.6964714490184875e-06
0.006604998605436064
0.03814487459595304
0.07665781292511481
0.1118034967060877
0.17267862199316683
0.22517307992656221
0.2587532860688324
0.2791806534500399
0.21836076460162648
0.11868956374311278
0.0484712708732854
0.0
0.0
0.0
0.0
0.0
0.0
0.0
0.0
0.0
0.0
0.0
0.0
0.0
0.0
0.0
0.0
0.0
0.08395563843908192
0.0835368343743234
0.07532317830664316
0.0
0.0
0.0
0.0
0.0
0.0
0.0
0.0
0.0
0.0
0.0
0.0
0.0
0.0
0.0
0.0
0.0
0.0
0.0
0.0
0.0
0.0
0.0
0.0
0.0
0.0
0.0
0.0
0.0
0.0
0.0
0.0
0.0
0.0
0.0
0.0
0.0
0.0
0.0
0.0
0.0
0.0
0.0
0.0
0.0
0.0
0.0
0.0
0.0
0.0
0.0
0.0
0.0
0.0
0.0
0.0
0.0
0.0
0.0
0.0
0.0
0.0
0.0
4.550367096778992e-06
2.5686730138594144e-06
4.1452996162933515e-06
0.0
0.010123247056541263
0.04085836063208151
0.0800331976295128
0.11045684978156463
0.1428029150464107
0.15273843750065777
0.11470138558697619
0.058173558022867285
0.026554631416126313
0.0
0.0
0.0
0.0
0.0
0.0
0.0
0.0
0.0
0.0
1.8443597426571033e-06
5.520323616850968e-06
2.876674171553606e-06
4.882162163292518e-06
0.0023228346830727956
0.02605682441422782
0.06392820599006757
0.09811295548969748
0.12184120458949643
0.12715927481796221
0.10744012272601997
0.06878979630094009
0.03977650751739152
0.017173394939159148
0.0
0.0
0.0
0.0
0.0
0.0
0.0
0.0
0.0
0.0
2.2402114584621365e-06
5.42385634160147e-06
5.237715990756143e-06
4.567830830086314e-06
0.0
0.0
0.0
0.0
0.0
0.0
0.0
0.0
0.0
0.0
0.0
0.0
0.0
0.0
0.0
0.0
0.0
0.0
0.0
0.0
1.6964299015128229e-06
4.317368709418998e-06
4.323493616009765e-06
3.5465882325762976e-06
0.0
0.0
0.0
0.0
0.0
0.0
0.0
0.0
0.0
0.0
0.0
0.0
0.0
0.0
0.0
0.0
0.0
0.0
0.0
0.0
0.0
0.0
0.0
0.0
0.0
0.0
0.0
0.0
0.0
0.0
0.0
0.0
0.0
0.0
0.0
0.0
0.0
0.0
0.0
0.0
0.0
0.0
0.0
0.0
0.0
0.0
0.0
0.0
0.0
0.0
0.0
0.0
0.0
0.0
0.0
0.0
0.0
0.0
0.0
0.0
0.0
0.0
0.0
0.0
0.0
0.0
0.0
0.0
0.0
0.0
2.6026126729627653e-06
4.417799428739501e-06
0.0
0.0
0.0
0.0
0.0
0.0
0.0
0.0
0.0
0.0
0.0
0.0
0.0
0.0
0.0
0.0
0.0
0.0
0.0
0.0
1.766755976539656e-06
4.9013978646687775e-06
2.4853420974651057e-06
4.462160454265071e-06
0.0
0.0
0.0
0.0
0.0
0.0
0.0
0.0
0.0
0.0
0.0
0.0
0.0
0.0
0.0
0.0
0.0
0.0
0.0
0.0
0.0
3.7955924250580053e-06
2.3085137296871217e-06
3.935095781359346e-06
0.0
0.0
0.0
0.0
0.0
0.0
0.0
0.0
0.0
0.0
0.0
0.0
0.0
0.0
0.0
0.0
0.0
0.0
0.0
0.0
1.7113424546759527e-06
4.567961336706432e-06
2.787670983711742e-06
4.718330931378916e-06
0.0
0.01442279937219577
0.04780842000621841
0.09084681389252197
0.12447795196827303
0.15370940911641426
0.15050614776575824
0.12037846063319696
0.07808818889875127
0.05168922721776413
0.0
0.0
0.0
0.0
0.0
0.0
0.0
0.0
0.0
0.032553974212684515
0.024764579127864048
0.03035716890169867
0.04086428604911594
0.047623288167099764
0.05650721493544746
0.06096283911717587
0.05779841319047289
0.0515322335350046
0.029625564308803663
0.0011537994826830058
0.0
0.0
0.0
0.0
0.0
0.0
0.0
0.0
0.0
0.0
0.0
0.0
0.0
0.0
0.0
0.0
0.0
0.0
0.0
0.0
0.0
0.0
0.0
0.0
0.0
0.0
0.0
0.0
0.0
0.0
0.0
0.0
0.0
0.0
0.0
0.0
0.0
0.0
0.0
0.0
0.0
0.0
0.0
0.0
0.0
0.0
0.0
0.0
0.0
0.0
0.0
0.0
0.0
0.0
0.0
0.0
0.0
0.0
0.0
0.0
0.0
1.755865374904467e-05
2.3341160654707296e-06
8.142552155255689e-06
3.0306818599201526e-06
5.135621721462652e-06
0.00396809775746155
0.011972770555612971
0.013659201508943763
0.014958453833578092
0.01620386916121461
0.01682277031598398
0.02124169577201983
0.01892002586126067
0.015603461070948873
0.012218117033080593
0.0
0.0
0.0
0.0
0.0
0.0
0.0
0.0
0.0
0.0
2.068602642414263e-06
5.87801528755366e-06
3.2146667069253666e-06
0.007015006313816433
0.026170118455782588
0.04639115359549406
0.06409142659271323
0.077361005858136
0.08745896147407894
0.07558584064809294
0.06249069051866066
0.034665934125596036
0.006106923060756934
0.0
0.0
0.0
0.0
0.0
0.0
0.0
0.0
0.0
0.0
0.0
1.748428691380061e-06
5.069353208015083e-06
2.9159060422006143e-06
4.842718305609435e-06
0.0
0.005755481678779983
0.030061442546466855
0.06538520490611835
0.07988878556069963
0.07239834652545696
0.06436875830669471
0.026964161779503566
0.0
0.0
0.0
0.0
0.0
0.0
0.0
0.0
0.0
0.0
0.0
0.0
1.803689539570714e-06
5.3328103528987116e-06
3.04725894621782e-06
4.989866009888357e-06
0.00045703086117270165
0.015761067837793713
0.040290554520664434
0.07191478178015595
0.09692782966245425
0.12578203783963535
0.14510940556223534
0.10240581840934261
0.048701074897710125
0.014226973727385373
0.0
0.0
0.0
0.0
0.0
0.0
0.0
0.0
0.0
0.0
2.165783805976903e-06
6.354714977374044e-06
3.1377541175403847e-06
5.22407746057952e-06
0.0005374854750067353
0.006693185288345756
0.013369638558500182
0.02016453201280536
0.0177972188296392
0.004632409564656769
0.0
0.0
0.0
0.0
0.0
0.0
0.0
0.0
0.0
0.0
0.0
0.0
0.0
0.0
0.0
0.0
0.0
0.0
0.0
0.0
0.0
0.0
0.0
0.0
0.0
0.0
0.0
0.0
0.0
0.0
0.0
0.0
0.0
0.0
0.0
0.0
0.0
0.0
0.0
0.0
0.0
0.0
0.0
0.0
0.0
0.0
0.0
0.0
0.0
0.0
0.0
0.0
0.0
0.0
0.0
0.0
0.0
0.0
0.0
0.0
0.0
0.006725157050080294
2.4319321212855533e-06
6.568178727471714e-06
3.3408160954190313e-06
0.004748013818013589
0.012719315545595763
0.015376462729471388
0.016160444853365458
0.017379537938511252
0.0186009002501851
0.018838396047525456
0.022229178186893465
0.018278530168760757
0.013132749988349774
0.00803164420098322
0.0
0.0
0.0
0.0
0.0
0.0
0.0
0.0
0.0
0.0
2.058961787639575e-06
5.574878524790154e-06
5.593626844080606e-06
4.089021439139882e-06
0.0
0.0
0.0
0.0
0.0
0.0
0.0
0.0
0.0
0.0
0.0
0.0
0.0
0.0
0.0
0.0
0.0
0.0
0.0
0.0
2.1912119456828863e-06
5.678330244464732e-06
5.645665260546391e-06
4.517175643085814e-06
0.0
0.0
0.0
0.0
0.0
0.0
0.0
0.0
0.0
0.0
0.0
0.0
0.0
0.0
0.0
0.0
0.0
0.0
0.0
0.0
1.9859430832616866e-06
4.762141363455518e-06
5.061535828740353e-06
4.088529080197214e-06
0.0
0.0
0.0
0.0
0.0
0.0
0.0
0.0
0.0
0.0
0.0
0.0
0.0
0.0
0.0
0.0
0.0
0.0
0.0
0.0
0.0
0.0
0.0
0.0
0.0
0.0
0.0
0.0
0.0
0.0
0.0
0.0
0.0
0.0
0.0
0.0
0.0
0.0
0.0
0.0
0.0
0.0
0.0
0.0
0.0
0.0
0.0
0.0
0.0
0.0
0.0
0.0
0.0
0.0
0.0
0.0
0.0
0.0
0.0
0.0
0.0
0.0
0.0
0.0
0.0
0.0
0.0
0.0
0.0
0.0
0.0
0.0
0.0
0.0
0.0
0.0
0.0
0.0
0.0
0.0
0.0
0.0
0.0
0.0
0.0
0.0
0.0
0.0
0.0
0.0
0.0
0.0
0.0
0.0
0.0
0.0
3.5613779458866168e-06
0.0
0.0
0.0
0.0
0.0
0.0
0.0
0.0
0.0
0.0
0.0
0.0
0.0
0.0
0.0
0.0
0.0
0.0
0.0
0.0
1.924897892154217e-06
5.577714183728705e-06
2.9840833284472665e-06
4.951495752570007e-06
0.0
0.0
0.0
0.0
0.0
0.0
0.0
0.0
0.0
0.0
0.0
0.0
0.0
0.0
0.0
0.0
0.0
0.0
0.0
0.0
1.705001126119787e-06
5.184767166612837e-06
2.3972248244888176e-06
4.031085723435347e-06
0.0
0.0
0.0
0.0
0.0
0.0
0.0
0.0
0.0
0.0
0.0
0.0
0.0
0.0
0.0
0.0
0.0
0.0
0.0
0.0
0.0
0.0
3.766076071170036e-06
3.2988378669724904e-06
0.0
0.0
0.0
0.0
0.0
0.0
0.0
0.0
0.0
0.0
0.0
0.0
0.0
0.0
0.0
0.0
0.0
0.0
0.0
0.0
0.0
2.19364206780425e-06
2.2234779748136564e-06
3.983222630998524e-06
0.0
0.0
0.0
0.0
0.0
0.0
0.0
0.0
0.0
0.0
0.0
0.0
0.0
0.0
0.0
0.0
0.0
0.0
0.0
0.0
0.0
0.0
0.0
0.0
0.0
0.0
0.0
0.0
0.0
0.0
0.0
0.0
0.0
0.0
0.0
0.0
0.0
0.0
0.0
0.0
0.0
0.0
0.0
0.0
0.0
0.0
0.0
0.0
0.0040249988308315035
0.0
0.0
0.0
0.0
0.0
0.0
0.0
0.0
0.0
0.0
0.0
0.0
0.0
0.0
0.0
0.0
0.0
0.0
0.0
0.0
0.0
0.0
3.4964516000517517e-06
0.0
0.0
0.0
0.0
0.0
0.0
0.0
0.0
0.0
0.0
0.0
0.0
0.0
0.0
0.0
0.0
0.0
0.0
0.0
0.0
0.0
0.0
0.0
0.0
0.0
0.0
0.0
0.0
0.0
0.0
0.0
0.0
0.0
0.0
0.0
0.0
0.0
0.0
0.0
0.0
0.0
0.0
0.0
0.0
0.0
0.0
0.0
4.142794827875707e-06
0.0
0.0
0.0
0.0
0.0
0.0
0.0
0.0
0.0
0.0
0.0
0.0
0.0
0.0
0.0
0.0
0.0
0.0
0.0
0.0
0.0
0.0
0.0
0.0
0.0
0.0
0.0
0.0
0.0
0.0
0.0
0.0
0.0
0.0
0.0
0.0
0.0
0.0
0.0
0.0
0.0
0.0
0.0
0.0
0.0
0.0
0.0
0.0
0.0
0.0
0.0
0.0
0.0
0.0
0.0
0.0
0.0
0.0
0.0
0.0
0.0
0.0
0.0
0.0
0.0
0.0
0.0
0.0
0.0
0.0
0.0
0.0
0.0
0.0
0.0
0.0
0.0
0.0
0.0
0.0
0.0
0.0
0.0
0.0
0.0
0.0
0.0
0.0
0.0
0.0
0.0
0.0
0.0
0.0
0.0
0.0
0.0
0.0
0.0
0.0
0.0
0.0
0.0
0.0
0.0
0.0
0.0
0.0
0.0
0.0
0.0
0.0
0.0
0.0
0.0
1.322369156805334e-05
0.0
3.5709943370843364e-06
2.4829247245521896e-06
3.888548488395449e-06
0.0
0.0
0.0013459809181383287
0.005355900570074889
0.005287449420465082
0.0050207383123571855
0.004493113282092773
0.0026512369753697194
0.0006554650012893855
0.0
0.0
0.0
0.0
0.0
0.0
0.0
0.0
0.0
0.0
0.0
1.9357678139441345e-06
0.0017077622898451581
0.008565637700785712
0.016700985532955372
0.02235252369021712
0.024626554290892413
0.026530551637649166
0.023861395818896118
0.01750142846449936
0.00941248681652175
0.007238264531721077
0.006655901233265493
0.006246491504157178
0.0014958787473391638
0.0
0.0
0.0
0.0
0.0
0.0
0.0
0.0
0.0
0.0
1.6884816739283076e-06
4.270092112492412e-06
4.103673617336739e-06
3.391430094125777e-06
0.0
0.0
0.0
0.0
0.0
0.0
0.0
0.0
0.0
0.0
0.0
0.0
0.0
0.0
0.0
0.0
0.0
0.0
0.0
0.0
0.0
0.0
0.0
0.0
0.0
0.0
0.0
0.0
0.0
0.0
0.0
0.0
0.0
0.0
0.0
0.0
0.0
0.0
0.0
0.0
0.0
0.0
0.0
0.0
0.0
3.5744118766871833e-06
2.3367808043655824e-06
3.7693041101099287e-06
0.0
0.0
0.0
0.0
0.0
0.0
0.0
0.0
0.0
0.0
0.0
0.0
0.0
0.0
0.0
0.0
0.0
0.0
0.0
0.0
0.0
0.0
0.0
0.0
0.0
0.0
0.0
0.0
0.0
0.0
0.0
0.0
0.0
0.0
0.0
0.0
0.0
0.0
0.0
0.0
0.0
0.0
0.0
0.0
0.0
0.0
0.0
0.0
0.0
0.0
0.0
0.0
0.0
0.0
0.0
0.0
0.0
0.0
0.0
0.0
0.0
0.0
0.0
0.0
0.0
0.0
0.0
0.0
0.0
0.0
0.0
0.0
0.0
0.0
0.0
0.0
0.0
0.0
0.0
0.0
0.0
0.0
0.0
0.0
0.0
0.0
0.0
0.0
0.0
0.0
0.0
0.0
0.0
0.0
0.0
0.0
0.0
0.0
0.0
0.0
0.0
0.0
0.0
0.0
0.0
0.0
0.0
0.0
0.0
0.0
0.0
0.0
0.0
0.0
0.0
0.0
0.0
0.0
0.0
0.0
0.0
0.0
0.0
0.0
0.0
0.0
0.0
0.0
0.0
0.0
0.0
0.0
0.0
0.0
0.0
0.0
0.0
0.0
0.0
0.0
0.0
0.0
0.0
0.0
0.0
0.0
0.0
0.0
0.0
0.0
0.0
0.0
0.0
0.0
0.0
0.0
0.0
0.0
0.0
0.0
0.0
0.0
0.0
2.840127464681581e-06
1.1096730193024916e-06
5.251001051334273e-06
0.0
4.408610845372179e-06
0.0
0.0
0.0
0.0
0.0
0.0
0.0
0.0
0.0
0.0
0.0
0.0
0.0
0.0
0.0
0.0
0.0
0.0
0.0
0.0
0.0
0.0
0.0
0.0
0.0
0.0
0.0
0.0
0.0
0.0
0.0
0.0
0.0
0.0
0.0
0.0
0.0
0.0
0.0
0.0
0.0
0.0
0.0
0.0
0.0
0.0
0.0
0.0
0.0
0.0
0.0
0.0
0.0
0.0
0.0
0.0
0.0
0.0
0.0
0.0
0.0
0.0
0.0
0.0
0.0
0.0
0.0
0.0
0.0
0.0
0.0
0.0
0.0
0.0
0.0
0.0
0.0
0.0
0.0
0.0
0.0
0.0
0.0
0.0
0.0
0.0
0.0
0.0
0.0
0.0
0.0
0.0
0.0
3.144850660667916e-06
1.944020635401985e-06
2.9587811976697763e-06
0.0
0.0
0.0
0.0
0.0
0.0
0.0
0.0
0.0
0.0
0.0
0.0
0.0
0.0
0.0
0.0
0.0
0.0
0.0
0.0
0.0
0.0
0.0
0.0
0.0
0.0
0.0
0.0
0.0
0.0
0.0
0.0
0.0
0.0
0.0
0.0
0.0
0.0
0.0
0.0
0.0
0.0
0.0
0.0
0.0
0.0
0.0
0.0
0.0
0.0
0.0
0.0
0.0
0.0
0.0
0.0
0.0
0.0
0.0
0.0
0.0
0.0
0.0
0.0
0.0
0.0
0.0
0.0
0.0
0.0
0.0
0.0
0.0
0.0
0.0
0.0
0.0
0.0
0.0
0.0
0.0
0.0
0.0
0.0
0.0
0.0
0.0
0.0
0.0
0.0
0.0
0.0
0.0
0.0
0.0
0.0
0.0
0.0
0.0
0.0
0.0
0.0
0.0
0.0
0.0
0.0
0.0
0.0
0.0
0.0
0.0
0.0
0.0
0.0
0.0
0.0
0.0
0.0
0.0
0.0
0.0
0.0
0.0
0.0
0.0
0.0
0.0
0.0
0.0
0.0
0.0
0.0
0.0
0.0
0.0
0.0
0.0
0.0
0.0
0.0
0.0
0.0
0.0
0.0
0.0
0.0
0.0
0.0
0.0
0.0
0.0
0.0
0.0
0.0
0.0
0.0
0.0
0.0
0.0
0.0
0.0
0.0
0.0
0.0
0.0
0.0
0.0
0.0
0.0
0.0
0.0
0.0
0.0
0.0
0.0
0.0
0.0
0.0
0.0
0.0
0.0
0.0
0.0
0.0
0.0
0.0
0.0
0.0
0.0
0.0
0.0
0.0
0.0
0.0
0.0
0.0
0.0
0.0
0.0
0.0
0.0
0.0
0.0
0.0
0.0
0.0
0.0
0.0
0.0
0.0
0.0
0.0
0.0
0.0
0.0
0.0
0.0
0.0
0.0
0.0
0.0
0.0
0.0
0.0
0.0
0.0
0.0
0.0
0.0
0.0
0.0
0.0
0.0
0.0
0.0
0.0
0.0
0.0
0.0
0.0
0.0
0.0
0.0
0.0
0.0
0.0
0.0
0.0
0.0
0.0
0.0
0.0
0.0
0.0
0.0
0.0
0.0
0.0
0.0
0.0
0.0
0.0
0.0
0.0
0.0
0.0
0.0
0.0
0.0
0.0
0.0
0.0
0.0
0.0
0.0
0.0
0.0
0.0
0.0
0.0
0.0
0.0
0.0
0.0
0.0
0.0
0.0
0.0
0.0
0.0
0.0
0.0
0.0
0.0
0.0
0.0
0.0
0.0
0.0
0.0
0.0
0.0
0.0
0.0
0.0
0.0
0.0
0.0
0.0
0.0
0.0
0.0
0.0
0.0
0.0
0.0
0.0
0.0
0.0
0.0
0.0
0.0
0.0
0.0
0.0
0.0
0.0
0.0
0.0
0.0
0.0
0.0
0.0
0.0
0.0
0.0
0.0
0.0
0.0
0.0
0.0
0.0
0.0
0.0
0.0
0.0
0.0
0.0
0.0
0.0
0.0
0.0
0.0
0.0
0.0
6.748527508961902e-06
1.2246194978090569e-06
5.392794090361488e-06
4.809115615866189e-06
3.975441066868848e-06
0.0
0.0
0.0
0.0
0.0
0.0
0.0
0.0
0.0
0.0
0.0
0.0
0.0
0.0
0.0
0.0
0.0
0.0
0.0
0.0
1.6506863107611282e-06
3.989190292996903e-06
4.275345118766557e-06
3.0174289780613103e-06
0.0
0.0
0.0
0.0
0.0
0.0
0.0
0.0
0.0
0.0
0.0
0.0
0.0
0.0
0.0
0.0
0.0
0.0
0.0
0.0
0.0
0.0
0.0
0.0
0.0
0.0
0.0
0.0
0.0
0.0
0.0
0.0
0.0
0.0
0.0
0.0
0.0
0.0
0.0
0.0
0.0
0.0
0.0
0.0
0.0
0.0
0.0
0.0
0.0
0.0
0.0
0.0
0.0
0.0
0.0
0.0
0.0
0.0
0.0
0.0
0.0
0.0
0.0
0.0
0.0
0.0
0.0
0.0
0.0
0.0
0.0
0.0
0.0
0.0
0.0
0.0
0.0
0.0
0.0
0.0
0.0
0.0
0.0
0.0
0.0
0.0
0.0
0.0
0.0
0.0
0.0
0.0
0.0
0.0
0.0
0.0
0.0
0.0
0.0
0.0
0.0
0.0
0.0
0.0
0.0
0.0
0.0
0.0
0.0
0.0
0.0
0.0
0.0
0.0
0.0
0.0
0.0
0.0
0.0
0.0
0.0
0.0
0.0
0.0
0.0
0.0
0.0
0.0
0.0
0.0
0.0
0.0
0.0
0.0
0.0
0.0
0.0
0.0
0.0
0.0
0.0
0.0
0.0
0.0
0.0
0.0
0.0
0.0
0.0
0.0
0.0
0.0
0.0
0.0
0.0
0.0
0.0
0.0
0.0
0.0
0.0
0.0
0.0
0.0
0.0
0.0
0.0
0.0
0.0
0.0
0.0
0.0
0.0
0.0
0.0
0.0
0.0
0.0
0.0
0.0
0.0
0.0
0.0
0.0
0.0
0.0
0.0
0.0
1.982530187452903e-06
5.225361790262364e-06
5.346630485197359e-06
4.197312194924846e-06
0.0
0.0
0.0
0.0
0.0
0.0
0.0
0.0
0.0
0.0
0.0
0.0
0.0
0.0
0.0
0.0
0.0
0.0
0.0
0.0
0.0
0.0
0.0
0.0
0.0
0.0
0.0
0.0
0.0
0.0
0.0
0.0
0.0
0.0
0.0
0.0
0.0
0.0
0.0
0.0
0.0
0.0
0.0
0.0
0.0
0.0
0.0
0.0
0.0
0.0
0.0
0.0
0.0
0.0
0.0
0.0
0.0
0.0
0.0
0.0
0.0
