0.0
0.0
0.0
0.0
0.0
0.0
0.0
0.0
0.0
0.0
0.0
0.0
0.0
0.0
0.0
0.0
0.0
0.0
0.0
0.0
0.0
0.0
0.0
0.0
0.0
0.0
0.0
0.0
0.0
0.0
0.0
0.0
0.0
0.0
0.0
0.0
0.0
0.0
0.0
0.0
0.0
0.0
0.0
0.0
0.0
0.0
0.0
0.0
0.0
0.0
0.0
0.0
0.0
0.0
0.0
0.0
0.0
0.0
0.0
0.0
0.0
0.0
0.0
0.0
0.0
0.0
0.0
0.0
0.0
0.0
0.0
0.0
0.0
0.0
0.0
0.0
0.0
0.0
0.0
0.0
0.0
0.0
0.0
0.0
0.0
0.0
0.0
0.0
0.0
0.0
0.0
0.0
0.0
0.0
0.0
0.0
0.0
0.0
0.0
0.0
0.0
0.0
0.0
0.0
0.0
5.110710982948498e-05
0.0010701156815413144
0.004065424343896643
0.008237105902773188
0.014572923048883434
0.015049873221180588
0.018182523716609545
0.017345016399242068
0.016517444248496424
0.011224259610816117
0.007913180636099361
0.007733755438638839
0.0
0.0
0.0
0.0
0.0
0.0
0.0
0.0
0.0
0.0
0.0
0.0
0.0
0.0
0.0068095134207637464
0.02366672225946149
0.034430946824587874
0.04010890645969334
0.04823119170487172
0.03627198644521604
0.017247717771850708
0.002505792965570436
0.0
0.0
0.0
0.0
0.0
0.0
0.0
0.0
0.0
0.0
0.0
0.0
0.0
0.0
0.0
0.0
0.0
0.0
0.0
0.0
0.0
0.0
0.0
0.0
0.0
0.0
0.0
0.0
0.0
0.0
0.0
0.0
0.0
0.0
0.0
0.0
0.0
0.0
0.0
0.0
0.0
0.0
0.0
0.0
0.0
0.0
0.0
0.0
0.0
0.0
0.0
0.0
0.0
0.0
0.0
0.0
0.0
0.0
0.0
0.0
0.0
0.0
0.0
0.0
0.0
0.0
0.0
0.0
0.0
0.0
0.0
0.0
0.0
0.0
0.0
0.0
0.0
0.0
0.0
0.0
0.0
0.0
0.0
0.0
0.0
0.0
0.0
0.0
0.0
0.0
0.0
0.0
0.0
0.0
0.0
0.0
0.0
0.0
0.0
0.0
0.0
0.0
0.0
0.0
0.0
0.0
0.0
0.0
0.0
0.0
0.0
0.0
0.0
0.0
0.0
0.0
0.0
0.0
0.0
0.0
0.0
0.0
0.0
0.0
0.0
0.0
0.0
0.0
0.0
0.0
0.0
0.0
0.0
0.0
0.0
0.0
0.0
0.0
0.003385051759784928
0.006088278181803482
0.006296835447311064
0.0018838253951205604
0.0
0.0
0.0
0.0
0.0
0.0
0.0
0.0
0.0
0.0
0.0
0.0
0.0
0.0
0.0
0.0
0.0
0.0
0.0
0.0
0.0
0.0
0.0
0.0
0.0
0.0
0.0
0.0
0.0
0.0
0.0
0.0
0.0
0.0
0.0
0.0
0.0
0.0
0.0
0.0
0.0
0.0
0.0
0.0
0.0
0.0
0.0
0.0
0.0
0.0
0.0
0.0
0.0
0.0
0.0
0.0
0.0
0.0
0.0
0.0
0.0
0.0
0.0
0.0
0.0
0.0
0.0
0.0
0.0
0.0
0.0
0.0
0.0
0.0
0.0
0.0
0.0
0.0
0.0
0.0
0.0
0.0
0.0
0.0
0.0
0.0
0.0
0.0
0.0
0.0
0.0
0.0
0.0031245735120223805
0.00823000831255372
0.0
0.0
0.0
0.0
0.0
0.0
0.0
0.0
0.0
0.0
0.0
0.0
0.0
0.0
0.0
0.0
0.0
0.0
0.0
0.0015320745627564805
0.014433345449862954
0.02179020119457919
0.035234945717622826
0.05226698333183673
0.046337628077337684
0.020187738673266856
0.0011882241987024084
0.0
0.0
0.0
0.0
0.0
0.0
0.0
0.0
0.0
0.0
0.0
0.0
0.0
0.0
0.0
0.0
0.0
0.0
0.0
0.0
0.0
0.0
0.0
0.0
0.0
0.0
0.0
0.0
0.0
0.0
0.0
0.0
0.0
0.0
0.0
0.0
0.0
0.0
0.0
0.0
0.0
0.0
0.0
0.0
0.0
0.0
0.0
0.0
0.0
0.0
0.0
0.0
0.0
0.0
0.0
0.0
0.0
2.671513415296583e-07
0.0
4.08309945993141e-07
0.0
0.0
0.0
0.0
0.0
0.0
0.0
0.003313975089111443
0.013790149266963888
0.006063701331332162
0.0
0.0
0.0
0.0
0.0
0.0
0.0
0.0
0.0
0.0
0.0
0.0
0.0
0.0
0.0
0.0
0.0
0.0
0.0
0.0
0.0
0.0
0.0
0.0
0.0
0.0
0.0
0.0
0.0
0.0
0.0
0.0
0.0
1.669146507562614e-07
0.0
0.0
0.0
0.0
0.0
0.0
0.0
0.0
0.0
0.0
0.0
0.0
0.0
0.0
0.0
0.0
0.0
0.0
0.0
0.0
0.0
0.0
0.0
0.0
0.0
0.0
0.0
0.0
0.0
0.0
0.0
0.0
0.0
0.0
0.0
0.0
0.0
0.0
0.0
0.0
0.0
0.0
0.0
0.0
0.0
0.0
0.0
0.0
0.0
0.0
0.0
0.0
0.0
0.0
0.0
0.0
0.0
0.0
0.0
0.0
0.0
0.0
0.0
0.0
0.0
0.0
0.0
0.0
0.0
0.0
0.0
0.0
0.0
0.0
0.0
0.0
0.0
0.0
0.0
0.0
0.0
0.0
0.0
0.0
0.0
0.0
0.0
0.0
0.0
0.0
0.0
0.0
0.0
0.0
0.0
0.0
0.0
0.0
0.0
0.0
0.0
0.0
0.0
0.0
0.0
0.0
0.014444417336598531
0.03258389224395574
0.038781159066673496
0.03978572618131204
0.030527376898524992
0.010199876580720045
0.0
0.0
0.0
0.0
0.0
0.0
0.0
0.0
0.0
0.0
0.0
0.0
0.0
0.0
0.0
0.0
0.0
0.013940039780123056
0.028257713243205425
0.03438336542998746
0.0493325793748274
0.060048999746854625
0.03405114626513742
0.007169645760466444
1.4947306102878616e-05
0.0
0.0
0.0
0.0
0.0
0.0
0.0
0.0
0.0
0.0
0.0
0.0
0.0
0.0
0.0
0.0
0.0
0.0
0.0
0.0
0.0
0.0
0.0
0.0
0.0
0.0
0.0
0.0
0.0
0.0
0.0
0.0
0.0
0.0
0.0
0.0
0.0
0.0
0.0
0.0
0.0
0.0
0.0
0.0
0.0
0.0
0.0
0.0
0.0
2.7283795348667447e-07
0.0
0.0
0.0
1.8227601314578364e-06
1.3630413899134088e-06
0.0
0.0
0.0
0.0
0.0
0.0
0.0
0.0
0.0
0.0
0.0
0.0
0.0
0.0
0.0
0.0
0.0
0.0
0.0
0.0
0.0
0.0
0.0
0.0
0.0
0.0
0.0
0.0
0.0
0.0
0.0
0.0
0.0
0.0
0.0
0.0
0.0
0.0
0.0
0.0
0.0
0.0
0.0
0.0
0.0
0.0
0.0
0.0
0.0
0.0
0.0
0.0
0.0
0.0
0.0
0.0
0.0
0.0
0.008382090823183723
0.01810375933334655
0.02133692166600485
0.02491333427477457
0.01709949233110907
0.003351180124762391
0.0
0.0
0.0
0.0
0.0
0.0
0.0
0.0
0.0
0.0
0.0
0.0
0.0
0.0
0.0
0.0
0.0
0.0
0.0
0.0
0.0
0.0
0.0
0.0
0.0
0.0
0.0
0.0
0.0
0.0
0.0
0.0
0.0
0.0
0.0
0.0
0.0
0.0
0.0
0.0
0.0
0.0
0.0
0.0
0.001614241479472346
0.011161655405798214
0.006296006041171914
0.0
0.0
0.0
0.0
0.0
0.0
0.0
0.0
0.0
0.0
0.0
0.0
0.0
0.0
0.0
0.0
0.0
0.0
0.0
0.0
0.0
0.0
0.0
0.0
0.0
0.0
0.0
0.0
0.0
0.0
0.0
0.0
0.0
0.0
0.0
0.0
0.0
0.0
0.0
0.0
0.0
0.0
0.0
0.0
0.0
0.0
0.0
0.0
0.0
0.0
0.0
0.0
0.0
0.0
0.0
0.0
0.0
0.0
0.0
0.0
0.0
0.0
0.0
0.0
0.0
0.0
0.004060596922629686
0.023348929877655213
0.030931212702818053
0.03699099197922192
0.04619387880559943
0.03913206813474428
0.022164987052498565
0.002091364752149445
0.0
0.0
0.0
0.0
0.0
0.0
0.0
0.0
0.0
0.0
0.0
0.0
0.0
0.0
0.0
0.0
0.0010983333889849202
0.019399563243926343
0.03153536287716073
0.03532174498960589
0.03941999464723141
0.033387306840088116
0.022235030093523716
0.004873979232504682
0.000362955276245962
0.003433447015006364
0.0
0.0
0.0
0.0
0.0
0.0
0.0
0.0
0.0
0.0
0.0
9.151453636145192e-05
0.00722950290249499
0.01402023908364386
0.01723326030614692
0.020473029676432965
0.017253885102941076
0.009840633245397936
0.0022425953701681878
0.0
0.0
0.0
0.0
0.0
0.0
0.0
0.0
0.0
0.0
0.0
0.0
0.0
0.0
0.0
0.0
0.0
0.00011587650810496103
0.000629263890376345
0.0032458225516988196
0.0059957759500155385
0.010951979898620703
0.018157309668881235
0.026449335804431158
0.02472952582163963
0.01640595007049873
0.003013010757114525
0.0
0.0
0.0
0.0
0.0
0.0
0.0
0.0
0.0
0.0
0.0
0.0
0.0
0.0
0.0
0.0
0.0
0.0
0.0029609821749847225
0.02465335325776243
0.057211370168313125
0.05398309935913618
0.03197544435931403
0.0043897535535660495
0.0
0.0
0.0
0.0
0.0
0.0
0.0
0.0
0.0
0.0
0.0
0.0
0.0
0.0
0.0
0.0
0.0
0.0
0.0
0.0
0.0
0.0
0.0
0.0
0.0
0.0
0.0
0.0
0.0
0.0
0.0
0.0
0.0
0.0
0.0
0.0
0.0
0.0
0.0
0.0
0.0
0.0
0.0
0.0
0.0
0.0
0.0
0.0
0.0
0.0
0.0
0.0
0.0
0.0
0.0
0.0
0.0
0.0
0.0
0.0
0.0
0.0
0.0
0.0
0.009875080647932641
0.0348509055738382
0.057190563619135985
0.0768713641535872
0.10080226617251298
0.09850647806243246
0.08734534100897554
0.06629083596675808
0.04358172672420083
0.020753533748740602
0.0
0.0
0.0
0.0
0.0
0.0
0.0
0.0
0.0
0.0
0.0
0.0019438736753970343
0.025850507288117858
0.06166246349135144
0.11420306835730872
0.15801759353073344
0.1891232076451254
0.15601878997295274
0.13904392141538263
0.11447473857214355
0.09374426248613997
0.058034686411904256
0.04932824004177314
0.019608492530597942
0.0
0.0
0.0
0.0
0.0
0.0
0.0
0.0
0.0
0.0
0.0
0.001538768000545667
0.019869750893635733
0.043647982940781746
0.07463351044791305
0.11552507808124755
0.1441160255129521
0.17012062858535756
0.2186715238089483
0.2229746099651592
0.1740558480878446
0.11504652128364055
0.08693440611641409
0.07039106360967783
0.0
0.0
0.0
0.0
0.0
0.0
0.0
0.0
0.0
0.0
0.0
0.0014548877702832883
0.016356471674397525
0.03520249600909257
0.05971531615835499
0.09286359634038392
0.1099708714444051
0.11220932753151547
0.10996274080687918
0.07970426609471608
0.057402020326371705
0.028834437246529218
0.012592298509197427
0.0028340360951557226
0.0
0.0
0.0
0.0
0.0
0.0
0.0
0.0
0.0
0.0
0.0
0.0
0.005175357942349552
0.028856586586536167
0.05661758787016565
0.09189371319386189
0.12458358143676501
0.1421538944080083
0.17673008130965767
0.1826750072656137
0.12622522048628232
0.08886873906986448
0.07208067710862102
0.05376704737997497
0.0
0.0
0.0
0.0
0.0
0.0
0.0
0.0
0.0
0.0
0.0
0.0
0.0
0.0
0.0
0.16799494287411257
0.1960309719857955
0.1878809714642773
0.15259490173390963
0.08216626106750141
0.0
0.0
0.0
0.0
0.0
0.0
0.0
0.0
0.0
0.0
0.0
0.0
0.0
0.0
0.0
0.0
0.0
0.0
0.0
0.0
0.0
0.0
0.0
0.0
0.0
0.0
0.0
0.0
0.0
0.0
0.0
0.0
0.0
0.0
0.0
0.0
0.0
0.0
0.0
0.0
0.0
0.0
0.0
0.0
0.0
0.0
0.0
0.0
0.0
0.0
0.0
0.0
0.0
0.0
0.0
0.0
0.0
0.0
0.0
0.0
0.0
0.027794841515011295
0.007560810435619728
0.002331095323077191
0.00029641459529614875
0.0003255303149384918
0.0039053865114828733
0.0072820053395823
0.007891171460300635
0.0071766322122115474
0.0068251328190175545
0.005032125712638466
0.0022351395013760914
0.0002118695002302302
0.0
0.0
0.0
0.0
0.0
0.0
0.0
0.0
0.0
0.0
0.0
0.0
0.0
0.0
0.0
0.0
0.0
0.002581971929228563
0.005310009500291628
0.007576947304598775
0.010437019458948671
0.008509748421880473
0.0020697378288630857
0.0
0.0
0.0
0.0
0.0
0.0
0.0
0.0
0.0
0.0
0.0
0.0
0.0
0.0
0.0
0.0
0.003276629512115744
0.009444164842351216
0.01665914453610628
0.016315992800331275
0.009753721475946723
0.0023707505372365777
0.0
0.0
0.0
0.0
0.0
0.0
0.0
0.0
0.0
0.0
0.0
0.0
0.0
0.0
0.0
0.0
0.0
0.0
0.0
0.0
0.0028923111826878816
0.008259141881892891
0.009959272102666228
0.012241443732834622
0.005712755522986329
0.0
0.0
0.0
0.0
0.0
0.0
0.0
0.0
0.0
0.0
0.0
0.0
0.0
0.0
0.0
0.0
0.0
0.0
0.0
0.0
0.0
0.0
0.0
0.0
0.0
0.0
0.0
0.0
0.0
0.0
0.0
0.0
0.0
0.0
0.0
0.0
0.0
0.0
0.0
0.0
0.0
0.0
0.0
0.0
0.0
0.0
0.0
0.0
0.0
0.0
0.0
0.0
0.0
0.0
0.0
0.0
0.0
0.0
0.0
0.0
0.0
0.0
0.0
0.0
0.0
0.0017575016612871239
0.02383917679677687
0.0368560857044814
0.06330827828995476
0.07570703269700785
0.07384508603411753
0.05625166777016267
0.03604951760615358
0.008746210248790817
0.0
0.0
0.0
0.0
0.0
0.0
0.0
0.0
0.0
0.0
0.0
0.0
0.0
0.0
0.0
0.0
0.0
0.0018941988982440604
0.0035168819900667715
0.001459669836459375
0.0002187643773389038
0.0
0.0
0.0
0.0
0.0
0.0
0.0
0.0
0.0
0.0
0.0
0.0
0.0
0.0
0.0
0.0
0.004484361621315649
0.018068528078510063
0.024723528238890086
0.05570531399955664
0.09192909968612746
0.10965703435271927
0.09164624684427276
0.07045737373288946
0.029348238226405674
0.004627792180117072
0.0
0.0
0.0
0.0
0.0
0.0
0.0
0.0
0.0
0.0
0.0
0.0
0.0
0.0
0.0
0.0
0.002548476058857286
0.011647406527185157
0.019475939687870893
0.02285884792547693
0.019075781753607978
0.011314938154646877
0.0009578496475632296
0.0
0.0
0.0
0.0
0.0
0.0
0.0
0.0
0.0
0.0
0.0
0.0
0.0
0.0
0.0
0.0
0.0
0.013752452728429444
0.03177156980407036
0.04649509866590669
0.04260913005994819
0.035976241577440005
0.036079746332331825
0.029728584818555462
0.023157124186433283
0.0021157787325114174
0.0
0.0
0.0
0.0
0.0
0.0
0.0
0.0
0.0
0.0
0.0
0.0
0.0
0.0
0.0
0.0
0.0
0.0
0.06222698022764579
0.034737716161815584
0.037124074565811176
0.0
0.0
0.0
0.0
0.0
0.0
0.0
0.0
0.0
0.0
0.0
0.0
0.0
0.0
0.0
0.0
0.0
0.0
0.0
0.0
0.0
0.0
0.0
0.0
0.0
0.0
0.0
0.0
0.0
0.0
0.0
0.0
0.0
6.155348504031879e-07
0.0
0.0
0.0
0.0
0.0
0.0
0.0
0.0
0.0
0.0
0.0
0.0
0.0
0.0
0.0
0.0
0.0
0.0
0.0
0.0
0.0
0.0
0.0
0.0
0.0
0.0
0.0
0.0
0.0
0.0
0.0
0.00534188957146791
0.019147854056511922
0.019115689694156023
0.03229169174042111
0.04548125847446155
0.0531730730990915
0.04372996304740332
0.03470517897043978
0.014912256747285439
0.0
0.0
0.0
0.0
0.0
0.0
0.0
0.0
0.0
0.0
0.0
0.0
0.0
0.0
0.0
0.011395745659247917
0.028898389151982375
0.024343611202329918
0.027743403982047853
0.012582435563211205
0.0
0.0
0.0
0.0
0.0
0.0
0.0
0.0
0.0
0.0
0.0
0.0
0.0
0.0
0.0
0.0
0.0
0.0
0.0
0.0
0.0
0.013332766582206173
0.0227701872756668
0.01900361609951464
0.019963305764393816
0.018600255268380012
0.00317366843436819
0.0
0.0
0.0
0.0
0.0
0.0
0.0
0.0
0.0
0.0
0.0
0.0
0.0
0.0
0.0
0.0
0.0
0.004369837713361374
0.017395579251088655
0.01953300136908363
0.029790614757683333
0.03466110331922776
0.029870710457383615
0.01756122869010318
0.0011383575378762238
0.0
0.0
0.0
0.0
0.0
0.0
0.0
0.0
0.0
0.0
0.0
0.0
0.0
0.0
0.0
0.0
0.0
0.0
0.0
0.0
0.0
0.0
0.0
0.0
0.0
0.0
0.0
0.0
0.0
0.0
0.0
0.0
0.0
0.0
0.0
0.0
0.0
0.0
0.0
0.0
0.0
0.0
0.0
0.0
0.0
0.0
0.0
0.0
0.0
0.0
0.0
0.0
0.0
0.0
0.0
0.0
0.0
0.0
0.0
0.0
0.0
0.0
0.0
0.0
0.001905583058654916
0.030999391078619307
0.053826352662771096
0.05111053559524828
0.04039497269969664
0.019749023594571466
0.0012600269821797442
0.0
0.0
0.0
0.0
0.0
0.0
0.0
0.0
0.0
0.0
0.0
0.0
0.0
0.0
0.0
0.0
0.0
0.0
0.0
0.0
0.0
0.0
0.0
0.0
0.0
0.0
0.0
0.0
0.0
0.0
0.0
0.0
0.0
0.0
0.0
0.0
0.0
0.0
0.0
0.0
0.0
0.0
0.0
0.0
0.0
0.0
0.0
0.0
0.0
0.0
0.0
0.0
0.0
0.0
0.0
0.0
0.0
0.0
0.0
0.0
0.0
0.0
0.0
0.0
0.0
0.0
0.0
0.0
0.0
0.0
0.0
0.0
0.0
0.0
0.0
0.0
0.0
0.0
0.0
0.0
0.0
0.0
0.0
0.0
0.0
0.0
0.0
0.0
0.0
0.0
0.0
0.0
0.0
0.0
0.0
0.0
0.0
0.0
0.0
0.0
0.0
0.0
0.0
0.0
0.0
0.0
0.0
0.0
0.0
0.0
0.0
0.0
0.0
0.0
0.0
0.0
0.0
0.0
0.0
0.0
0.0
0.0
0.0
0.0
0.0
0.0
0.0
0.0
0.0
0.0
0.0
0.0
0.0
0.0
0.0
0.0
0.0
0.0
0.0
0.0
0.0
0.0
0.0
0.0
0.0
0.0
0.0
0.0
0.0
0.0
0.0
0.0
0.0
0.0
0.0
0.0
0.0
0.0
0.0
0.0
0.0
0.0
0.023952408464750663
0.040615020726565074
0.06988676335636869
0.12479206396597164
0.10560483947947467
0.07077977311829547
0.03947830259746663
0.003884627878638356
0.0
0.0
0.0
0.0
0.0
0.0
0.0
0.0
0.0
0.0
0.0
0.0
0.0
0.0
0.0
0.009848754693748856
0.018728772038322
0.025545626240961464
0.023461931615743538
0.03383209689302163
0.03928495955805409
0.0298295474123293
0.012849615952754337
0.0012203806526687986
0.0
0.0
0.0
0.0
0.0
0.0
0.0
0.0
0.0
0.0
0.0
0.0
0.0
0.013364872657418939
0.03883260269196219
0.03891325993354919
0.03019165314482018
0.005126330733357692
0.0
0.0
0.0
0.0
0.0
0.0
0.0
0.0
0.0
0.0
0.0
0.0
0.0
0.0
0.0
0.0
0.0
0.0
0.0
0.0
0.0
0.0
0.0025671219813542734
0.004864572095071602
0.01588587747688902
0.02269532279791756
0.022179337649396218
0.021118404889417682
0.0061856797107091984
0.0
0.0
0.0
0.0
0.0
0.0
0.0
0.0
0.0
0.0
0.0
0.0
0.0
0.0
0.0
0.0
0.0
0.006187112527962291
0.028170989347817935
0.04717022742511232
0.056767129175877694
0.05683925603363197
0.04982676619001778
0.027259159922582554
0.003916633558985778
0.0
0.0
0.0
0.0
0.0
0.0
0.0
0.0
0.0
0.0
0.0
0.0
0.0
0.0
0.0
0.0
0.0
0.0
0.0
0.0
0.0
0.0
0.0
0.0
0.0
0.0
0.0
0.0
0.0
0.0
0.0
0.0
0.0
0.0
0.0
0.0
0.0
0.0
0.0
0.0
0.0
0.0
0.0
0.0
0.0
0.0
0.0
0.0
0.0
0.0
0.0
0.0
0.0
0.0
0.0
0.0
0.0
0.0
0.006656432004847322
0.0
0.004869978993584425
0.008720648652636744
0.007709003199341153
0.007636437706222212
0.011753459885238952
0.018170981913484444
0.021106510929986295
0.022801995571168663
0.018223276338853026
0.012412825011202874
0.008542650524185305
0.0008697633772573259
0.0
0.0
0.0
0.0
0.0
0.0
0.0
0.0
0.0
0.0
0.0
0.0
0.003157659690881127
0.01794672933419262
0.01796878966571586
0.020089832411949747
0.03804816497584814
0.05340886687885576
0.052028226291684576
0.05319733574102298
0.04071786422057794
0.04579575945589024
0.029582210448200502
0.011416338217097026
0.0022668197704517447
0.0
0.0
0.0
0.0
0.0
0.0
0.0
0.0
0.0
0.0
0.0
0.0
0.006695437963431475
0.017929068160675226
0.021779846803806208
0.03170747217004818
0.04382003455761678
0.047914427324364836
0.056037550510536605
0.05423988000827875
0.05588704961390192
0.03800731555305534
0.015495290027395777
0.008114053672226734
0.0
0.0
0.0
0.0
0.0
0.0
0.0
0.0
0.0
0.0
0.0
0.0
0.007514061584140852
0.026279584745616605
0.05261418137915666
0.06200806441622508
0.06699738251069622
0.06747078351406816
0.07738071045791864
0.07529803698021194
0.06044378219191364
0.03763035937879071
0.01617627136533335
0.008235007048043932
0.0
0.0
0.0
0.0
0.0
0.0
0.0
0.0
0.0
0.0
0.0
0.0
0.00980976066683132
0.0017999935997491162
0.0
0.0
0.0
0.0
0.0
0.0
0.0
0.0
0.0
0.0
0.0
0.0
0.0
0.0
0.0
0.0
0.0
0.0
0.0
0.0
0.0
0.0
0.0
0.0
0.0
0.0
0.0
0.0
0.0
0.0
0.0
0.0
0.0
0.0
0.0
0.0
0.0
0.0
0.0
0.0
0.0
0.0
0.0
0.0
0.0
0.0
0.0
0.0
0.0
0.0
0.0
0.0
0.0
0.0
0.0
0.0
0.0
0.0
0.0
0.0
0.0
0.0
0.0
0.0
0.0
0.0
0.0
0.0
0.0
0.0
0.0
0.0
0.0054078705446898205
0.017934913091052
0.02678758789320656
0.034882632773062285
0.04112879907039791
0.031762046415867023
0.01753586523852463
0.0013949447150811089
0.0
0.0
0.0
0.0
0.0
0.0
0.0
0.0
0.0
0.0
0.0
0.0
0.0
0.0
0.0
0.0002638757443631615
0.01357688588712087
0.034642986807439914
0.05239204689218224
0.08000060046889827
0.10783001058869009
0.11792456117824185
0.13478291989902605
0.12376363252315842
0.09346046096699404
0.07273304787461
0.0
0.0
0.0
0.0
0.0
0.0
0.0
0.0
0.0
0.029954861278587337
0.022790857092808443
0.02002485132913349
0.04159787322554811
0.06404813317253831
0.046671472159521485
0.021760874426949007
0.01725430896688558
0.02217487642137871
0.024236512731136386
0.02965076282397869
0.026874988528981462
0.00660401746308194
0.0
0.0
0.0
0.0
0.0
0.0
0.0
0.0
0.0
0.0
0.0
0.0
0.0
0.0
0.005046478057528482
0.019703406694315553
0.027281666777758094
0.04634364929986302
0.05496380868180551
0.06364014707387759
0.06332782137186742
0.0512348057980032
0.044548230083872806
0.020392889834408984
0.0012687501199296208
0.0
0.0
0.0
0.0
0.0
0.0
0.0
0.0
0.0
0.0
0.0
0.0
0.0014923300428056872
0.019371171307600604
0.03660302517220171
0.03668935995457822
0.06291217310747613
0.08775045256036222
0.10661382748253471
0.13139217663652203
0.16274868267563727
0.16262915204850154
0.10305091136741869
0.059808580762244413
0.0404884208989011
0.0
0.0
0.0
0.0
0.0
0.0
0.0
0.0
0.0
0.0
0.0
0.0
0.0
0.0
0.0
0.0
0.0
0.0
0.0
0.0
0.0
0.0
0.0
0.0
0.0
0.0
0.0
0.0
0.0
0.0
0.0
0.0
0.0
0.0
0.0
0.0
0.0
0.0
0.0
0.0
0.0
0.0
0.0
0.0
0.0
0.0
0.0
0.0
0.0
0.0
0.0
0.0
0.0
0.0
0.0
0.0
0.0
0.0
0.0
0.0
0.0
0.002890035712232969
0.01738922731977434
0.02687693072919096
0.030032496759450272
0.030425773597136264
0.045619012595330084
0.04219693940704216
0.026759779879353473
0.006580907674699783
0.0
0.0
0.0
0.0
0.0
0.0
0.0
0.0
0.0
0.0
0.0
0.0
0.0
0.0015350348893197671
0.01846642571372333
0.037096776794762955
0.060269476163915474
0.06357252527173093
0.07055117036532653
0.07057287552346887
0.06528305205883934
0.062262354108180845
0.07103483182189096
0.05199983663696668
0.03788559732219047
0.024764524906644964
0.0
0.0
0.0
0.0
0.0
0.0
0.0
0.0
0.0
0.0
0.0
0.012915424247812333
0.03340027765047151
0.0592908318314134
0.07652042813659041
0.1280182508675955
0.17193748340627907
0.18552074413681408
0.1747231262055557
0.1595154099768307
0.10045387894839132
0.07347986475219294
0.07168496889492275
0.036580537140755195
0.0
0.0
0.0
0.0
0.0
0.0
0.0
0.0
0.0
0.0
0.0037322089251926884
0.03537138405156667
0.07179087459279035
0.09379088998929241
0.12360136493841654
0.14871179040610988
0.1619697254717454
0.20400171377562168
0.2543148799905259
0.25180055076609753
0.19857771343392103
0.13600572863064045
0.08955775324507534
0.07658145243667927
0.0
0.0
0.0
0.0
0.0
0.0
0.0
0.0
0.0
0.0
0.008213238259696796
0.03962315210923315
0.057172058571305556
0.08102277165581621
0.13611028364641634
0.17049926685539316
0.19040858980637396
0.21172087457723993
0.163652803427723
0.09620490907336654
0.07737939606383025
0.051847309270009356
0.040992626968213604
0.016578205372318543
0.0
0.0
0.0
0.0
0.0
0.0
0.0
0.0
0.0
0.0
0.0
0.0
0.0
0.0
0.0
0.0
0.0
0.0
0.0
0.0
0.0
0.0
0.0
0.0
0.0
0.0
0.0
0.0
0.0
0.0
0.0
0.0
0.0
0.0
0.0
0.0
0.0
0.0
0.0
0.0
0.0
0.0
0.12803068743388737
0.1048072168112865
0.1135249036322078
0.0
0.0
0.0
0.0
0.0
0.0
0.0
0.0
0.0
0.0
0.0
0.0
0.0
0.0
0.0
0.0
0.0
0.0
0.005361358688656971
0.01956370923036858
0.006479772377741615
0.0
0.0
0.0
0.0
0.0
0.0
0.0
0.0
0.0
0.0
0.0
0.0
0.0
0.0
0.0
0.0
0.0
0.0
0.0
0.0028209364481959027
0.0008017311982583411
0.0
0.0
0.0
0.008345681593450787
0.014171553588563764
0.011684323418115006
0.0009417855959894865
0.0
0.0
0.0
0.0
0.0
0.0
0.0
0.0
0.0
0.0
0.0
0.0
0.0
0.0
0.0
0.0038630565335077698
0.017519480600196344
0.017265868928402667
0.02423359287662359
0.029201655930747344
0.032170978738672196
0.02139765147634022
0.014135136046519031
0.007858304137318084
0.0
0.0
0.0
0.0
0.0
0.0
0.0
0.0
0.0
0.0
0.0
0.0
0.0
0.0
0.0134690101155134
0.03731421253768929
0.0421463852168656
0.05102447841599012
0.05945260649218139
0.06128250952076645
0.05342860811898243
0.03857979269290364
0.027719191469134683
0.013218650520407813
0.0010451933473756307
0.0
0.0
0.0
0.0
0.0
0.0
0.0
0.0
0.0
0.0
0.0
0.0
0.00011393894771469397
0.011850020431112645
0.02065076226882159
0.02198984645284787
0.03229074927580632
0.04054761050987109
0.0428289470195951
0.03873420256329
0.02411578322989709
0.007108380918911189
0.0
0.0
0.0
0.0
0.0
0.0
0.0
0.0
0.0
0.0
0.0
0.0
0.0
0.0
0.0
0.0
0.0
0.0
0.0
0.0
0.0
0.0
0.0
0.0
0.0
0.0
0.0
0.0
0.0
0.0
0.0
0.0
0.0
0.0
0.0
0.0
0.0
0.0
0.0
0.0
0.0
0.0
0.0
0.0
0.0
0.0
0.0
0.0
0.0
0.0
0.0
0.0
0.0
0.0
0.0
0.0
0.0
0.0
0.0
0.0
0.0
0.0
0.0
0.0
0.0
0.0013531556331232493
0.005500395571399753
0.009299197709576724
0.01660124538547906
0.021164698205033312
0.013088068584695758
0.0027583775290044173
0.0
0.0
0.0
0.0
0.0
0.0
0.0
0.0
0.0
0.0
0.0
0.0
0.0
0.0
0.0
0.0
0.0
0.0
0.016518576964185128
0.028431487478799075
0.029661452181069938
0.02655820908962977
0.018790108121611766
0.006559390746804456
0.0
0.0
0.0
0.0
0.0
0.0
0.0
0.0
0.0
0.0
0.0
0.0
0.0
0.0
0.00307580006220104
0.0
0.0
0.0
0.009103465265055748
0.02525157791694362
0.030241353856001935
0.019112958425036193
0.02452871312304575
0.02189236242211912
0.0030466634874681143
0.0
0.0
0.0
0.0
0.0
0.0
0.0
0.0
0.0
0.0
0.0
0.0
0.0
0.0
0.0038203445154517306
0.018572485121253896
0.039418783554774434
0.052509400003720515
0.05476320387415724
0.054962319225212435
0.057117757937229334
0.04272676472519698
0.027357625196838122
0.01341656031106885
0.0010841238265969868
0.0
0.0
0.0
0.0
0.0
0.0
0.0
0.0
0.0
0.0
0.0
0.0
0.004151011616610274
0.03094402863548148
0.054996725264445046
0.09324513201798908
0.15334273845148402
0.1727499113415768
0.14725039988895092
0.14594955992430234
0.1531181998972094
0.1488057223705264
0.10187962923855191
0.07380209843026167
0.0421842063059699
0.0
0.0
0.0
0.0
0.0
0.0
0.0
0.0
0.0
0.0
0.0
0.0
0.0
0.0
0.0
0.0
0.28142888152737855
0.2866241181206976
0.24850290085369467
0.22894522398873268
0.14088567965593962
0.19466169113850246
0.0
0.0
0.0
0.0
0.0
0.0
0.0
0.0
0.0
0.0
0.0
0.0
0.0
0.0
0.0
0.0
0.0
0.0
0.0
0.0
0.0
0.0
0.0
0.0
0.0
0.0
0.0
0.0
0.0
0.0
0.0
0.0
0.0
0.0
0.0
0.0
0.0
0.00949706058356517
0.02038058493426144
0.026468754310701413
0.03493975324869603
0.060164255477579406
0.08659527367832248
0.08632803351028905
0.0707758096522875
0.05989919569795689
0.06391737566634512
0.04522169018621373
0.03125191610362532
0.026895394520161597
0.0
0.0
0.0
0.0
0.0
0.0
0.0
0.0
0.0
0.038078867575453666
0.028165986377335795
0.03375445177320071
0.057332350109688304
0.08240288660228541
0.09246940101930662
0.10181721547758332
0.10219121405556221
0.09205989213499075
0.07958214026989324
0.06387459397129631
0.06478489021636906
0.06379808937421698
0.05323711066101518
0.0391515158787426
0.0
0.0
0.0
0.0
0.0
0.0
0.0
0.0
0.0
0.0002349001357002885
0.009942594331777502
0.018863431504879385
0.022938230304885187
0.0326560098968465
0.05011433543086058
0.06507820523600578
0.07074832532909449
0.07604622228833555
0.0815532120345386
0.07783696216448278
0.06864963238950705
0.048460787148019394
0.019698531194638477
0.002407090729487211
0.0
0.0
0.0
0.0
0.0
0.0
0.0
0.0
0.0
0.0
0.0015848072251947295
0.013738514443260824
0.022492848339251213
0.0390034635579205
0.05390793855305457
0.08013318861766507
0.09719359327432572
0.10229492298177449
0.0943880791396568
0.07807533277443854
0.07032750834283831
0.04576825808171567
0.01986066519166754
0.0025329265223250847
0.0
0.0
0.0
0.0
0.0
0.0
0.0
0.0
0.0
0.0
0.00012888589354174715
0.003850377590720444
0.011853687645741713
0.01262730510755037
0.029716852455850214
0.03989621009871641
0.04769513019537975
0.03840387810685574
0.03820324907481954
0.030462516562735135
0.010542131447687132
0.0
0.0
0.0
0.0
0.0
0.0
0.0
0.0
0.0
0.0
0.0
0.0
0.0
0.0
0.0
0.0
0.0
0.0
0.0
0.0
0.0
0.0
0.0
0.0
0.0
0.0
0.0
0.0
0.0
0.0
0.0
0.0
0.0
0.0
0.0
0.0
0.0
0.0
0.0
0.0
0.0
0.0
0.0
0.0
0.0
0.0
0.0
0.0
0.0
0.0
0.0
0.0
0.0
0.0
0.0
0.0
0.0
0.0
0.0
0.0
0.0
0.0
0.005471781023985422
0.023414736949347585
0.04935536276814832
0.0865833499508845
0.12687846713531598
0.1515047804286547
0.14667033845354804
0.13618383584400426
0.13961623553263253
0.09992983868841926
0.07521939164590936
0.04552940040031843
0.01587634510189618
0.0
0.0
0.0
0.0
0.0
0.0
0.0
0.0
0.0
0.0
0.01766202385913346
0.056516385088258646
0.07491587169168981
0.12318405751764662
0.2065753405323735
0.2518172663777129
0.2578409743465809
0.18702814505572057
0.17733513762592626
0.14310089352664543
0.10118859388926627
0.05885569615612901
0.01727713237361919
0.008393060180209645
0.0
0.0
0.0
0.0
0.0
0.0
0.0
0.0
0.0
0.0
0.00013160364713854847
0.01931362406089763
0.030347482538997123
0.05192507792989292
0.03271447217665769
0.0456941482486341
0.04746617551618137
0.04238422635245471
0.03771296996024367
0.0335304905998644
0.026725643071067527
0.00685694529229291
0.0
0.0
0.0
0.0
0.0
0.0
0.0
0.0
0.0
0.0
0.0
0.0
0.0
0.001987604091116261
0.016733111717488203
0.039735887481898366
0.05156658354274384
0.0842368528722755
0.10475230106137616
0.0948385986061721
0.07401037720353501
0.05330903323130825
0.039381230642807505
0.017983507192330467
0.0014634145812771238
0.0
0.0
0.0
0.0
0.0
0.0
0.0
0.0
0.0
0.0
0.0
0.0
0.024780781372993277
0.04355469118531706
0.07026474085057957
0.11675226854754628
0.18263067974837704
0.20965659848162882
0.21959523201201683
0.2335872368586364
0.2047524208722632
0.13592659539169744
0.07488411749451897
0.04239822871090396
0.007345936096600823
0.0
0.0
0.0
0.0
0.0
0.0
0.0
0.0
0.0
0.0
0.0
0.0
0.0
0.0
0.0
0.0
0.0
0.0
0.0
0.0
0.0
0.0
0.0
0.0
0.0
0.0
0.0
0.0
0.0
0.0
0.0
0.0
0.0
0.0
0.0
0.0
0.0
0.0
0.0
0.0
0.0
0.0
0.0
0.0
0.0
0.0
0.0
0.0
0.0
0.0
0.0
0.0
0.0
0.0
0.0
0.0
0.0
0.0
0.0
0.0037744485793941647
0.026308747021978236
0.03369761871785272
0.039696325434327176
0.051890147399097794
0.07406332116650434
0.07772594338546356
0.07548898923295286
0.054742996701530725
0.07658518728138194
0.05422048733836789
0.026948578871294145
0.0022302949860443766
0.0
0.0
0.0
0.0
0.0
0.0
0.0
0.0
0.0
0.0
0.0032905545477503973
0.030493083750917527
0.05330345779738826
0.07832571423646922
0.13439862050545523
0.21754424218931184
0.25385930376068616
0.27075267076038456
0.2371985092667649
0.19328784917724479
0.19895856981727003
0.14752250977042378
0.05295374972892283
0.015911931641656437
0.0
0.0
0.0
0.0
0.0
0.0
0.0
0.0
0.0
0.0
0.013738927671737337
0.052788240073098354
0.08396804534009741
0.1026079192235888
0.16312181042601537
0.2022020852665729
0.2440356951209035
0.29357513700728144
0.29108838471603193
0.22659798401140221
0.14968743054674682
0.07955207679586247
0.042702498779215094
0.010479166770191983
0.0
0.0
0.0
0.0
0.0
0.0
0.0
0.0
0.0
0.0
0.0
0.0
0.008638538025541282
0.023435163779298416
0.03560901012279652
0.056129659194940916
0.06942586250143654
0.06473594707080206
0.051986152245596495
0.037837614538117355
0.03340434532754883
0.01716146051304958
0.0010655909996658316
0.0
0.0
0.0
0.0
0.0
0.0
0.0
0.0
0.0
0.0
0.0
0.0
0.0
0.005131418199976089
0.027460118514658436
0.03814576687988971
0.04522823369121738
0.05058635958006914
0.05561553712590692
0.04935899171671678
0.05270668350103235
0.033795114467053404
0.009915657680978244
0.008860140758918474
0.002281065260110792
0.0
0.0
0.0
0.0
0.0
0.0
0.0
0.0
0.0
0.0
0.0
0.0
0.0
0.0
0.0
0.0
0.0
0.0
0.0
0.0
0.0
0.0
0.0
0.0
0.0
0.0
0.0
0.0
0.0
0.0
0.0
0.0
0.0
0.0
0.0
0.0
0.0
0.0
0.0
0.0
0.0
0.0
0.0
0.0
0.0
0.0
0.0
0.0
0.0
0.0
0.0
0.0
0.0
0.0
0.0
0.0
0.0
0.0
0.0
0.022207667685854384
0.04362582855656967
0.07894704227119538
0.10094086170731334
0.1267567825413475
0.15334227678882115
0.16081967997839847
0.14913404409810224
0.10055857018906927
0.06296962671890323
0.04307580722966333
0.026358930201121497
0.003699084734603901
0.0
0.0
0.0
0.0
0.0
0.0
0.0
0.0
0.0
0.0
0.0
0.0
0.019060649651610306
0.028626641002046132
0.04387430850420297
0.06398858716698314
0.04960567107191412
0.050954868714769716
0.06433797614237571
0.06334637440367417
0.06390613384241417
0.06251311299156402
0.03819046430287013
0.006312395237257935
0.0
0.0
0.0
0.0
0.0
0.0
0.0
0.0
0.0
0.0
0.012472325973044441
0.028354853980007023
0.05261043842015717
0.07515537390684437
0.09828762155714181
0.13041651328568327
0.14175380231751997
0.15867415131947235
0.21178023360848391
0.23478456905106992
0.2338529551992197
0.19376092116660246
0.10148900492179243
0.05371810253673315
0.0
0.0
0.0
0.0
0.0
0.0
0.0
0.0
0.0
0.0
0.004976933658672223
0.027267393523413615
0.0490727623099413
0.08547618291152921
0.1375015848662506
0.18168306386469985
0.17425750488362513
0.156378320329621
0.19460088760790065
0.24059280774481956
0.2316323262741304
0.20414008009981977
0.15408560882519173
0.087540127498923
0.0
0.0
0.0
0.0
0.0
0.0
0.0
0.0
0.0
0.04728827139611963
0.029573532982430432
0.05566736621456338
0.0939825160627716
0.1268444686551793
0.16218161317672977
0.18155181224458403
0.218080799609746
0.23490149311659103
0.20201374878011671
0.16174388468416967
0.14061856557460825
0.14136743218978567
0.1290561643276808
0.0831735103287353
0.0
0.0
0.0
0.0
0.0
0.0
0.0
0.0
0.0
0.0
0.0
0.0
0.0
0.0
0.0
0.0
0.0
0.0
0.0
0.0
0.0
0.0
0.0
0.0
0.0
0.0
0.0
0.0
0.0
0.0
0.0
0.0
0.0
0.0
0.0
0.0
0.0
0.0
0.0
0.0
0.0
0.0
0.0
0.0
0.0
0.0
0.0
0.0
0.0
0.0
0.0
0.0
0.0
0.0
0.0
0.0
0.0
0.0
0.0
0.0
0.0
0.0
0.0
0.0
0.0
0.0
0.1751951283540274
0.19912435622745023
0.17763063605277746
0.0
0.0
0.0
0.0
0.0
0.0
0.0
0.0
0.0
0.0
0.0
0.0
0.000330951902726978
0.0057710373142177114
0.018928059987369426
0.04256910190747361
0.06614345382297285
0.08140056635203197
0.10250330995121272
0.13678270268009568
0.17414545562028075
0.17060484331712442
0.15273666453670884
0.10906414817398685
0.07978747134579715
0.05129279152381065
0.02548322074162366
0.0
0.0
0.0
0.0
0.0
0.0
0.0
0.0
0.0
0.031461439414223046
0.01742334733485992
0.019220240521497633
0.03213676375543142
0.047856420439328126
0.06696300634284427
0.08745600258358577
0.09264514894696482
0.09034792364916928
0.10100054068760257
0.08501849571692899
0.07657344949662796
0.06434571526803567
0.03796685841720842
0.014269976216576932
0.0
0.0
0.0
0.0
0.0
0.0
0.0
0.0
0.0
0.0
0.0
0.0
0.0
0.0
0.001540968717662403
0.005892187403419675
0.010416382272672772
0.014475485734606835
0.01832548878326477
0.031034554088051086
0.020794786327083405
0.0014541428577786143
0.0
0.0
0.0
0.0
0.0
0.0
0.0
0.0
0.0
0.0
0.0
0.0
0.0
0.0
0.001042392152330926
0.014764196326671057
0.02992180648941267
0.04564339016566021
0.06394391430943738
0.06314965733835266
0.049201260407110724
0.0328806559684169
0.02021536343903444
0.0031330390037683682
0.0
0.0
0.0
0.0
0.0
0.0
0.0
0.0
0.0
0.0
0.0
0.0
0.0
0.0
0.0
0.0
0.0
0.0
0.0
0.0
0.0
0.0
0.0
0.0
0.0
0.0
0.0
0.0
0.0
0.0
0.0
0.0
0.0
0.0
0.0
0.0
0.0
0.0
0.0
0.0
0.0
0.0
0.0
0.0
0.0
0.0
0.0
0.0
0.0
0.0
0.0
0.0
0.0
0.0
0.0
0.0
0.0
0.0
0.0
0.0
0.002834762417801056
0.019230327515174287
0.05049341200920807
0.08507712683860466
0.09958965572294164
0.09875537207300011
0.09791052057942537
0.09070937408740515
0.07837748855086477
0.06203543923655464
0.05276926971302097
0.03368148863296656
0.016059246389917403
0.0025068881244182874
0.0
0.0
0.0
0.0
0.0
0.0
0.0
0.0
0.0
0.0
0.0
0.0
0.012817958033994097
0.030778206839803205
0.04766951884299474
0.06389997808198972
0.08308485389849989
0.08379702180769102
0.07761845839658274
0.06637115967038307
0.06292274851518631
0.04778690640615993
0.03412006541848215
0.01848095413933151
0.0
0.0
0.0
0.0
0.0
0.0
0.0
0.0
0.0
0.0
0.0
0.0
0.0
0.004742172528342877
0.015832376878476405
0.028629277906928218
0.04348688279902727
0.051468024385660976
0.05360779842575951
0.05315808358746316
0.04970556513686243
0.028018604037264413
0.006741540386731009
0.0
0.0
0.0
0.0
0.0
0.0
0.0
0.0
0.0
0.0
0.0
0.0
0.0
0.0
0.004006111568859105
0.011058666281790211
0.018637188652020534
0.027484129317524968
0.0317013536709139
0.03319103890118659
0.033059038797315546
0.030825442530412375
0.016662427927847934
0.003103193184820144
0.0
0.0
0.0
0.0
0.0
0.0
0.0
0.0
0.0
0.0
0.0
0.0
0.001405666061482708
0.005547366644917619
0.009837567341137821
0.02259942730539169
0.04336831759269891
0.06734846287629177
0.08311911822949988
0.0958086415328
0.1061570418438655
0.09899149244498502
0.07818593227052119
0.057723063285113216
0.04290744837598093
0.0
0.0
0.0
0.0
0.0
0.0
0.0
0.0
0.0
0.0
0.0
0.0
0.0
0.0
0.0
0.0
0.0
0.0
0.0
0.0
0.0
0.0
0.0
0.0
0.0
0.0
0.0
0.0
0.0
0.0
0.0
0.0
0.0
0.0
0.0
0.0
0.0
0.0
0.0
0.0
0.0
0.0
0.0
0.0
0.0
0.0
0.0
0.0
0.0
0.0
0.0
0.0
0.0
0.0
0.0
0.0
0.0
0.0
0.0
0.0013401066194467374
0.014023549250649631
0.02540257325440376
0.035082293117699954
0.04402590382102531
0.053821978259438734
0.057013795604300976
0.05718545628115641
0.05372117263099189
0.052485687750154136
0.03842118506266126
0.024530712366097825
0.013228201740948239
0.0
0.0
0.0
0.0
0.0
0.0
0.0
0.0
0.0
0.009000613299028659
0.013073547278464846
0.02592838277701638
0.04970065891666014
0.07466935984881928
0.09006812319485635
0.10382923374623353
0.1156082243595333
0.12058833477024213
0.13511784691126177
0.14970960053406077
0.10924433248776018
0.06270931141257499
0.024498752228667892
0.0071235439541411935
0.0
0.0
0.0
0.0
0.0
0.0
0.0
0.0
0.0
0.011588198300702743
0.015788657058808032
0.031229722519680148
0.05855516347440699
0.09060885538673778
0.13301329351437388
0.18222715762249678
0.23522326237879462
0.2485810942698034
0.24570218857554882
0.24386060085776107
0.21983211796102436
0.17787756145507816
0.12718540294086636
0.08134996797982025
0.0
0.0
0.0
0.0
0.0
0.0
0.0
0.0
0.0
0.0750334525353052
0.06632833926936824
0.08625701607089131
0.12950675128278813
0.19071267618817986
0.24378484100113973
0.2844856596472244
0.3191579437178493
0.31801235553813084
0.3052968134007944
0.28982350336319523
0.25877567967342047
0.20779999003596597
0.15420901087860664
0.09684168779995804
0.0
0.0
0.0
0.0
0.0
0.0
0.0
0.0
0.0
0.134998369933628
0.09034206523439724
0.11035325859342204
0.17976705801248052
0.25939158909523485
0.3012614029426212
0.31040399675181746
0.3156369911074649
0.3161232461476516
0.32420344653813876
0.3308732315872086
0.31618117885096936
0.25807285041206024
0.19711963623596773
0.12775553321160069
0.0
0.0
0.0
0.0
0.0
0.0
0.0
0.0
0.0
0.0
0.0
0.0
0.0
0.027458963643669978
0.05768996289740111
0.2422097077581177
0.27186638556854537
0.30575544704198265
0.24289687449530245
0.2870203745230489
0.22084190344967713
0.06183238185866469
0.0
0.0
0.0
0.0
0.0
0.0
0.0
0.0
0.0
0.0
0.0
0.0
0.0
0.0
0.0
0.0
0.0
0.0
0.0
0.0
0.11569756537475472
0.11874940003189928
0.13812782165663978
0.0
0.0
0.0
0.0
0.0
0.0
0.0
0.0
0.0
0.0
0.0
0.0
0.045597862083889946
0.026745950560491692
0.036116671175176675
0.05909850508372331
0.08470496372910145
0.10731321093041872
0.1255670302666014
0.13892213938596493
0.1440537827760174
0.16082081077221894
0.17969842790299664
0.15506626676497176
0.11115381145985238
0.08240624845043411
0.060775198148472584
0.0
0.0
0.0
0.0
0.0
0.0
0.0
0.0
0.0
0.0
0.0
0.009909063541326533
0.025961066410850223
0.041698692614300197
0.05797943321779259
0.0743276219049666
0.0933124088527632
0.11181582205271925
0.14332327117893973
0.1884459108404381
0.1640488903973547
0.0974237997621677
0.056525296198707144
0.03328106145109552
0.0
0.0
0.0
0.0
0.0
0.0
0.0
0.0
0.0
0.07596343541442027
0.0581166637307997
0.06748863094066684
0.09092449378138286
0.11843339253668117
0.14199371596757965
0.15159532499326722
0.16477827935569192
0.16856923432572482
0.1807732496480281
0.19745591459731096
0.16367622074885832
0.10775284538461197
0.07315402568728632
0.05030564237956994
0.0
0.0
0.0
0.0
0.0
0.0
0.0
0.0
0.0
0.020406989364133123
0.015381217540381817
0.022117698049642275
0.03597370675006649
0.05072127077612879
0.06125184189249552
0.06931446953708784
0.07781595385320267
0.08290177529499274
0.08939212942227681
0.08924498820538083
0.08812012345976372
0.07535539251145966
0.0641770305260313
0.056280374146183546
0.0
0.0
0.0
0.0
0.0
0.0
0.0
0.0
0.0
0.0390417095543741
0.018099337070848688
0.019695290129577606
0.027249029807036775
0.03539588344236569
0.047525526000370355
0.06411607222868822
0.08249781403087984
0.09439588420903283
0.10801662063100721
0.11776589402595528
0.10388894953701541
0.0807322757733323
0.05921560465191226
0.038980459871721926
0.0
0.0
0.0
0.0
0.0
0.0
0.0
0.0
0.0
0.0
0.0
0.0
0.0
0.0
0.0
0.0
0.0
0.0
0.0
0.0
0.0
0.0
0.0
0.0
0.0
0.0
0.0
0.0
0.0
0.0
0.0
0.0
0.0
0.0
0.0
0.0
0.0
0.0
0.0
0.0
0.0
0.0
0.0
0.0
0.0
0.0
0.0
0.0
0.0
0.0
0.0
0.0
0.0
0.0
0.0
0.0
0.0
0.16861197167184397
0.11325042228688835
0.10780214654897653
0.11992977289617222
0.12833882380111294
0.13778616672491065
0.14764883207199564
0.1545913968352855
0.16334023578149698
0.1899735123489035
0.2205714626135329
0.19090508643260373
0.133073800090934
0.08516425238784077
0.04421909467319463
0.0
0.0
0.0
0.0
0.0
0.0
0.0
0.0
0.0
0.010397519861410607
0.0087582127430663
0.021691835405369113
0.041621133777588235
0.06495220938174287
0.08180427038263442
0.09173230282051509
0.10246261591462187
0.09981701995180839
0.0957930547595293
0.0828412611122063
0.07534077639961925
0.0553555562607936
0.03713344581775087
0.022381970104424352
0.0
0.0
0.0
0.0
0.0
0.0
0.0
0.0
0.0
0.011386317790074986
0.015312555914756132
0.029632844636526646
0.05487535665727023
0.08388537038695038
0.09457101837280432
0.09572232888607494
0.09730104077169424
0.09747330683659185
0.10178421419169617
0.09575541527553315
0.079256948847164
0.05177134889342758
0.027647708702332054
0.013846101733170803
0.0
0.0
0.0
0.0
0.0
0.0
0.0
0.0
0.0
0.0
0.009885265172544237
0.02604363989432103
0.04882814205623027
0.07456059943195131
0.09771422940218613
0.12329938164945464
0.1416325078722098
0.1406941710029853
0.14206652837102055
0.12659309908775637
0.1020273880470512
0.08251950934521106
0.06736605363860991
0.051101851999600906
0.0
0.0
0.0
0.0
0.0
0.0
0.0
0.0
0.0
0.00354694087642542
0.013961880636773605
0.029011562883702546
0.05370317207625717
0.08152004567593474
0.10244909905700438
0.11511539650817104
0.12628252150965263
0.1251576246220358
0.12256304258156983
0.10619454301982274
0.08559312178349522
0.060591458825751315
0.03825840635650828
0.022373329528392657
0.0
0.0
0.0
0.0
0.0
0.0
0.0
0.0
0.0
0.0
0.0
0.0
0.0
0.0
0.0
0.0
0.3410646073938152
0.35620816569114017
0.4045554104948734
0.31991872105726515
0.36237837230846826
0.3290130186446506
0.0
0.0
0.0
0.0
0.0
0.0
0.0
0.0
0.0
0.0
0.0
0.0
0.0
0.0
0.0
0.08002417954140895
0.11272237695031653
0.43628183799161163
0.45821060514304046
0.45069460144495105
0.4952699053351418
0.47496432847390174
0.4337055525890588
0.4690468729983849
0.4348801602632401
0.31584378498482263
0.2554113025544061
0.0
0.0
0.0
0.0
0.0
0.0
0.0
0.0
0.2724101452556908
0.31587369678289356
0.2953055157957079
0.3598639417297341
0.40886435265810533
0.43949824927666675
0.45807182447472283
0.47867489483328823
0.46708529000999427
0.43791694852652446
0.40443127321322325
0.37454497901572953
0.2323960265557754
0.18900629560772605
0.20373823771242663
0.0
0.0
0.0
0.0
0.0
0.0
0.0
0.0
0.0
0.0
0.0
0.0
0.0
0.0
0.0
0.0
0.0
0.0
0.0
0.0
0.1206397189987649
0.0
0.0
0.0
0.0
0.0
0.0
0.0
0.0
0.0
0.0
0.0
0.0
0.0
0.0
0.00901060943052274
0.027564590270862034
0.041730445269441606
0.05702214908489472
0.0740839721420405
0.09200064580076298
0.09383171914179665
0.08857786918786699
0.08144404466793488
0.07334248613286286
0.04861264868229857
0.023416027548192473
0.014270447885556424
0.0
0.0
0.0
0.0
0.0
0.0
0.0
0.0
0.0
0.0
0.0
0.0
0.0
0.0
0.01078358266517514
0.03099529916889614
0.051430107184296366
0.06551357134625432
0.07604378547516698
0.08528257891148786
0.0789367017181148
0.04628689928140745
0.011552327302755754
0.0
0.0
0.0
0.0
0.0
0.0
0.0
0.0
0.0
0.0
0.0
0.00021154955816279916
0.019586453057395932
0.05318173559836561
0.0902021280193937
0.11971546220733595
0.14274002080411316
0.1649302397773598
0.17382285981554352
0.1815662709892989
0.18928030083505595
0.19023937954636827
0.15983174050038598
0.12851131336715568
0.13459731703595657
0.0
0.0
0.0
0.0
0.0
0.0
0.0
0.0
0.0
0.0
0.0
0.0
0.0
0.0
0.0
0.0
0.0
0.0
0.0
0.0
0.0
0.0
0.0
0.0
0.0
0.0
0.0
0.0
0.0
0.0
0.0
0.0
0.0
0.0
0.0
0.0
0.0
0.0
0.0
0.0
0.0
0.0
0.0
0.0
0.04567403191987213
0.0
0.0
0.0
0.0
0.0
0.0
0.0
0.0
0.0
0.0
0.0
0.0
0.024508735251922608
0.02272549664795611
0.029726692957999734
0.056777545949007066
0.08525822431367755
0.11675906885591533
0.15014112587351466
0.1838633048305172
0.18976089511838365
0.1877095521359474
0.18070532944362144
0.17598694705549456
0.14472042689974962
0.1134414726978412
0.11870882567410983
0.0
0.0
0.0
0.0
0.0
0.0
0.0
0.0
0.0
0.03444324249387263
0.03915921429650397
0.03978200343594963
0.06767226508789759
0.09642030416531014
0.11344588302288544
0.12237851922031946
0.13108708546910267
0.13188078409175888
0.13178836930991633
0.1297343862138646
0.12246622800092767
0.09053426426252073
0.05736381163756115
0.047193822058455154
0.0
0.0
0.0
0.0
0.0
0.0
0.0
0.0
0.0
1.2512277931722795e-05
0.014414778288836807
0.030913514502448867
0.06179678287978652
0.09446418355968526
0.11684463892968232
0.12913439260872842
0.14342402421148728
0.14025485469817894
0.1306658622375203
0.12018461740671309
0.11325918874758807
0.08951193874383843
0.06535650437174707
0.06875422358376937
0.0
0.0
0.0
0.0
0.0
0.0
0.0
0.0
0.0
0.0030585999050301085
0.029496036707604045
0.04310962837415532
0.07925167621588274
0.11630725622970231
0.14514343850164724
0.16626289774180972
0.1903795255614317
0.18900954211868942
0.18004610247834754
0.16902631790999784
0.15384411537219733
0.10931955203129065
0.0628694218972349
0.05240732692241313
0.0
0.0
0.0
0.0
0.0
0.0
0.0
0.0
0.0
0.024646994336222475
0.05200377148231926
0.05587426745400762
0.09248693036779328
0.1314488214402366
0.1544371547767417
0.1642255627678153
0.18294476643352883
0.1818665257480403
0.1742689684717287
0.16676651969059308
0.16131957145896278
0.13211358108631388
0.10088391618991896
0.10711961383575984
0.0
0.0
0.0
0.0
0.0
0.0
0.0
0.0
0.0
0.0
0.0
0.0
0.0
0.0
0.0
0.0
0.0
0.0
0.0
0.0
0.0
0.0
0.0
0.0
0.0
0.0
0.0
0.0
0.0
0.0
0.0
0.0
0.0
0.0
0.0
0.0
0.0
0.0
0.0
0.0
0.0
0.0
0.0
0.0
0.0
0.0
0.0
0.0
0.0
0.0
0.0
0.0
0.0
0.0
0.0
0.0
0.0
0.0223782222891599
0.021732305072797418
0.03182021053460829
0.06209277490458472
0.09415556309408674
0.12446971398812368
0.15413888393389205
0.18471021885329067
0.18907083628515647
0.17988150556976637
0.16893144571123497
0.15547757798911838
0.11706455313262816
0.07524195906026554
0.06403549162708606
0.0
0.0
0.0
0.0
0.0
0.0
0.0
0.0
0.0
0.0
0.0
0.02554150215229594
0.06372090342214369
0.104387532919586
0.13113894692354167
0.1490198142119375
0.16658515325330522
0.16200672199139257
0.14776540422379433
0.1339207864153894
0.11880263962960866
0.0822530404222201
0.043369437556315726
0.029366967747012983
0.0
0.0
0.0
0.0
0.0
0.0
0.0
0.0
0.0
0.010241490924626846
0.03171085207004516
0.047025627040995305
0.09279216011995686
0.13898283884405324
0.17125235591453442
0.19815050814633167
0.24235578665150484
0.23911015674800506
0.20216109351663497
0.17439539976211216
0.1549681003866426
0.11532052868612634
0.07412703386002498
0.06964062981395625
0.0
0.0
0.0
0.0
0.0
0.0
0.0
0.0
0.0
0.020343079656438418
0.034422602516502664
0.036916238425628446
0.0626265198787778
0.08848763790204571
0.10469062359058749
0.11700817944851433
0.13051778228801078
0.12918840919338814
0.12379177881515666
0.11766628910001717
0.11685119011088421
0.09788178765564531
0.07924000965567607
0.0859254654950676
0.0
0.0
0.0
0.0
0.0
0.0
0.0
0.0
0.0
0.033736084309881925
0.05431171497644191
0.04739313758719653
0.06933787214598844
0.08999284300192698
0.10731708222872931
0.12350090689466832
0.14204179374779058
0.14796229396166885
0.15064695821180515
0.15273823195700295
0.16018360140368235
0.14172844230743503
0.12406038360085939
0.13747038957866783
0.0
0.0
0.0
0.0
0.0
0.0
0.0
0.0
0.0
0.0
0.0
0.0
0.0
0.0
0.0
0.0
0.0
0.0
0.0
0.0
0.12251928234072758
0.0
0.0
0.0
0.0
0.0
0.0
0.0
0.0
0.0
0.0
0.0
0.0
0.0
0.0
0.0
0.0
0.0
0.0
0.0
0.0
0.0
0.0
0.16144915354139297
0.0
0.0
0.0
0.0
0.0
0.0
0.0
0.0
0.0
0.0
0.0
0.0
0.0
0.050019559018641815
0.059496473126363456
0.05248059700554147
0.0811637471021236
0.10925995133403239
0.13776403280394514
0.16691674952311145
0.2030806833496276
0.22468413221808217
0.2316433452345552
0.23627968274137956
0.21008066645617068
0.15019081200190876
0.09611775893389339
0.08574983626939975
0.0
0.0
0.0
0.0
0.0
0.0
0.0
0.0
0.0
0.05475892469715789
0.060947833650774656
0.0548611654157553
0.08650716953462642
0.11834114187907203
0.14369797381090105
0.16945527826935122
0.19414383734814017
0.1922811087731841
0.18247553712748135
0.16768591322801463
0.16358358717011237
0.13739923022224923
0.11064059764075687
0.12415233605762555
0.0
0.0
0.0
0.0
0.0
0.0
0.0
0.0
0.0
0.057509823943393594
0.06253251763614354
0.05567952946168959
0.08722848108658583
0.1191281598619977
0.14669151418974688
0.1739946893730825
0.20749497748204898
0.2169020569799823
0.21276091942856037
0.2012039365157938
0.19184552617645084
0.15914230530935114
0.12499733341262653
0.13614628441868287
0.0
0.0
0.0
0.0
0.0
0.0
0.0
0.0
0.0
0.07632001566201399
0.07979257892203237
0.0678411270944589
0.10610871949968878
0.14002636807612354
0.17062791279278752
0.19594195028538183
0.23626821185019176
0.2476414948463572
0.24131209769303955
0.2307168892321343
0.2169542454777315
0.18239782045658767
0.13871143777966455
0.14130105553315786
0.0
0.0
0.0
0.0
0.0
0.0
0.0
0.0
0.0
0.10297758201695278
0.13218849745193123
0.10531548775217522
0.13816795019435243
0.17404772868297969
0.1884313309518683
0.1890017169175746
0.19082011781086491
0.18503796894817426
0.17861379616697307
0.16890962770050585
0.1662677010198361
0.14466490372211155
0.12288456735938276
0.13939007692379327
0.0
0.0
0.0
0.0
0.0
0.0
0.0
0.0
0.0
0.0
0.0
0.0
0.0
0.0
0.0
0.0
0.0
0.0
0.0
0.14999405699829718
0.0
0.0
0.0
0.0
0.0
0.0
0.0
0.0
0.0
0.0
0.0
0.0
0.0
0.0
0.0
0.0
0.0
0.0
0.0
0.0
0.0
0.0
0.0
0.0
0.0
0.0
0.0
0.0
0.0
0.0
0.0
0.0
0.0
0.0
0.0
0.0
0.0
0.021002382525372277
0.020338694486135563
0.017679516292639683
0.029199921002695535
0.040819061864565284
0.05708126932053427
0.07889533571109357
0.10125455055435206
0.1122219046426798
0.11905326295438605
0.12531868274133814
0.12307045015997257
0.09153230965931487
0.054926192754062415
0.04064350927125286
0.0
0.0
0.0
0.0
0.0
0.0
0.0
0.0
0.0
0.0
0.034781520384925206
0.06461428721285725
0.10532290831239831
0.1340877322788034
0.17647634605478238
0.2297251488517341
0.27315491097625283
0.2841138507158065
0.21620933576709023
0.1801724788272677
0.20903027885805106
0.15264678168438428
0.0895202585485218
0.06253171366384594
0.0
0.0
0.0
0.0
0.0
0.0
0.0
0.0
0.0
0.020977034736328972
0.04733871681696428
0.042332866146527356
0.06262135653328957
0.07307315148712819
0.09345277431764795
0.1160539671083816
0.14543589659195372
0.12959566059747074
0.107666967483855
0.08692911784718545
0.0788310510289419
0.06148985862713493
0.04684847964479475
0.04421289269831431
0.0
0.0
0.0
0.0
0.0
0.0
0.0
0.0
0.0
0.0469973225122913
0.039726752021151064
0.022628806837264242
0.022502844718756836
0.035467800662001045
0.05929691426725357
0.1073260893058594
0.14170710008727738
0.16283790857732475
0.15398040002289254
0.1324266318246073
0.11642843534585179
0.07397229917955046
0.03873306813560918
0.03654496520181214
0.0
0.0
0.0
0.0
0.0
0.0
0.0
0.0
0.0
0.019020380504271454
0.019419517669390745
0.024420990913425946
0.05574529281721273
0.08657514474773849
0.12887218329282513
0.17171408541042635
0.18928195772932038
0.17536408675661946
0.17445503125169662
0.15604374115256495
0.11965397072262474
0.08399464894514651
0.045550381194762776
0.012837544462417319
0.0
0.0
0.0
0.0
0.0
0.0
0.0
0.0
0.0
0.0
0.0
0.0
0.0
0.0
0.0
0.0
0.0
0.0
0.0
0.0
0.0
0.0
0.0
0.0
0.0
0.0
0.0
0.0
0.0
0.0
0.0
0.0
0.0
0.0
0.0
0.0
0.0
0.0
0.0
0.0
0.0
0.0
0.0
0.14776570879704307
0.0
0.0
0.0
0.0
0.0
0.0
0.0
0.0
0.0
0.0
0.0
0.0
0.0
0.0
0.0
0.022565494263597295
0.05738348806289887
0.10353014983439479
0.14633646623213897
0.18967631505703994
0.200462675876171
0.21600242436184258
0.19875200985655378
0.19216478216070934
0.19843674461279004
0.18003435633646164
0.1253280077473357
0.1104359436930082
0.0
0.0
0.0
0.0
0.0
0.0
0.0
0.0
0.0
0.055519848581469085
0.07426767280877716
0.05433076739929987
0.06818265965555881
0.0800188452389399
0.09472409868942992
0.13043351862450306
0.18738245620577726
0.18793027578494811
0.16510598511591534
0.148504316295012
0.1310995516524157
0.10832959719765332
0.10908914733265185
0.11112699605210272
0.0
0.0
0.0
0.0
0.0
0.0
0.0
0.0
0.0
0.0900217667602754
0.1347951993040136
0.14994350381831778
0.1864262866111851
0.20571954305009676
0.22372072181836308
0.26926839856563783
0.25918156376332335
0.2743921554348438
0.28364014394024895
0.22814743326282402
0.2119059074276229
0.18033534777210058
0.13183449174753
0.11814800851000039
0.0
0.0
0.0
0.0
0.0
0.0
0.0
0.0
0.0
0.00012433751211166668
0.039243893654967936
0.07770978512135478
0.11177011876683422
0.16964290523193817
0.22790196047933042
0.30985636872106104
0.3302289786759773
0.27045563042051946
0.21698825133222086
0.20105783192602125
0.2090947165827265
0.15233284785598047
0.09302101723517464
0.07364618226136943
0.0
0.0
0.0
0.0
0.0
0.0
0.0
0.0
0.0
0.0006870414466530432
0.011091070230460996
0.032582572321971585
0.06932555822956846
0.10824145485571361
0.13804137483149884
0.14648999073256438
0.15490489236598712
0.15891435553604166
0.16176417069168436
0.14539224067753745
0.13790576663734727
0.10807080057724479
0.0668059132651063
0.06405861860858736
0.0
0.0
0.0
0.0
0.0
0.0
0.0
0.0
0.0
0.0
0.0
0.0
0.0
0.0
0.0
0.0
0.0
0.0
0.0
0.0
0.0
0.0
0.0
0.0
0.0
0.0
0.0
0.0
0.0
0.0
0.0
0.0
0.0
0.0
0.0
0.0
0.0
0.0
0.0
0.0
0.0
0.0
0.0
0.20633639945033105
0.16370023573216053
0.0
0.0
0.0
0.0
0.0
0.0
0.0
0.0
0.0
0.0
0.0
0.0
0.0
0.03654107229409586
0.08777312549837317
0.14644002198570472
0.19138258312836676
0.2657083422235778
0.3416595139625152
0.40251116600216463
0.4018769140051733
0.3465150792740762
0.28119866040320857
0.28282856935002754
0.22290907396932957
0.17677629841306622
0.15962816702308552
0.0
0.0
0.0
0.0
0.0
0.0
0.0
0.0
0.0
0.012660386710665333
0.08522852745997715
0.1373916032627819
0.20914564867002877
0.2877375467238994
0.39016367331671065
0.4370523807900036
0.4243959622355889
0.3502797193644614
0.272839767970599
0.20791885917307687
0.18886582182220515
0.12538126028673194
0.05127355032628735
0.026501069948665936
0.0
0.0
0.0
0.0
0.0
0.0
0.0
0.0
0.0
0.0
0.017351162204680352
0.049808438354104166
0.0801940441080802
0.09915266771294748
0.13768611316975254
0.1568356887209516
0.16031478442468447
0.1431785218618743
0.13567410428408336
0.13342600327931728
0.1254720982780013
0.08891605017969255
0.05449802222617131
0.04509446372943715
0.0
0.0
0.0
0.0
0.0
0.0
0.0
0.0
0.0
0.0
0.019260020127508253
0.04556690715891592
0.08121814522198881
0.11291791142332513
0.14506005271673741
0.15565657160001778
0.15014865126310764
0.15580818218040465
0.16361316066028256
0.16417921475392852
0.17547604140582698
0.16192757968239843
0.1278800089298582
0.1293698071144435
0.0
0.0
0.0
0.0
0.0
0.0
0.0
0.0
0.0
0.01914530427439893
0.07035234159925229
0.0820728142186088
0.12794128218704523
0.15282183549197628
0.16281263447431796
0.1801934367223266
0.19266711547781915
0.19483278786290803
0.19992738668303897
0.18876843541540578
0.19287428566741308
0.16975471860367697
0.1371708652063096
0.14656965404501862
0.0
0.0
0.0
0.0
0.0
0.0
0.0
0.0
0.0
0.0
0.0
0.0
0.0
0.0
0.0
0.0
0.0
0.0
0.2363122966795796
0.20374953796779205
0.18041810318860746
0.07336390692711461
0.0
0.0
0.0
0.0
0.0
0.0
0.0
0.0
0.0
0.0
0.0
0.0
0.0
0.0
0.0
0.0
0.0
0.0
0.0
0.0
0.18773666279112292
0.17483956258836497
0.13804810088199965
0.0
0.0
0.0
0.0
0.0
0.0
0.0
0.0
0.0
0.0
0.0
0.0
0.0
0.03585481676689369
0.08105657045235665
0.1084129545025999
0.14039380649280558
0.1981733010557087
0.25120718134877734
0.2991344385879616
0.27459320448431057
0.24655464839461969
0.19309197052042715
0.16464829102838952
0.1395044033497826
0.101546776385158
0.10201090238581453
0.0
0.0
0.0
0.0
0.0
0.0
0.0
0.0
0.0
0.039828282158617605
0.054571406219265955
0.04214690784860795
0.06952877433066482
0.0982220408884426
0.1360734354016179
0.16406459050752153
0.17316816962332734
0.14997864766156885
0.13759137343276168
0.09291672424853416
0.07138156795824412
0.07981256194653462
0.08420089752074993
0.11491578830671015
0.0
0.0
0.0
0.0
0.0
0.0
0.0
0.0
0.0
0.06519749721671086
0.06565746085470141
0.04397902969866479
0.0626151339918141
0.09531433113187146
0.11679749069928268
0.12231041809561112
0.13053265979841425
0.13956476862158795
0.15637571541495737
0.1583881664060544
0.1669524947999231
0.15460911372850053
0.1276822390818383
0.15705310706491776
0.0
0.0
0.0
0.0
0.0
0.0
0.0
0.0
0.0
0.0
0.026896925260279793
0.03254731982831222
0.05907889280401054
0.07985421226914712
0.09857316005923705
0.11702922696256272
0.13041055567819496
0.1439388259454961
0.14300847543668627
0.13405641981424185
0.12596363030447402
0.09499998907194668
0.06451495003910807
0.06344499186999315
0.0
0.0
0.0
0.0
0.0
0.0
0.0
0.0
0.0
0.0
0.016271186769668166
0.03171666479697665
0.06547102959853959
0.09156651654077443
0.13982317857201454
0.18157884289044648
0.20187909738740936
0.21779684662231938
0.19056914804473776
0.15893006601355716
0.1589991530548818
0.1457393941842123
0.11453327763688324
0.12243947231031371
0.0
0.0
0.0
0.0
0.0
0.0
0.0
0.0
0.0
0.0
0.0
0.0
0.0
0.0
0.0
0.0
0.09482148450259131
0.3710744735301181
0.29057140988843233
0.31335539696258186
0.31416983750152727
0.17126880605955316
0.0
0.0
0.0
0.0
0.0
0.0
0.0
0.0
0.0
0.0
0.0
0.0
0.0
0.0
0.0
0.0
0.0
0.0
0.0
0.2883674599597787
0.18284127524360444
0.2081661802234236
0.23167091752479574
0.04603381390701965
0.0
0.0
0.0
0.0
0.0
0.0
0.0
0.0
0.0
0.0
0.0
0.006197074003701494
0.025623465355771514
0.05428874535469901
0.09512369862285179
0.12339614459987824
0.1638785443615134
0.18531195741395018
0.17960589455375855
0.1734528270077706
0.1598793477752697
0.15253474697065536
0.15968525607014677
0.147968864051774
0.11285451783135525
0.1220648435942174
0.0
0.0
0.0
0.0
0.0
0.0
0.0
0.0
0.0
0.038793312927267065
0.04027230004937485
0.044189969541715904
0.09269081239365176
0.1505563887848876
0.20516933144551733
0.20438494537815116
0.18477696291732193
0.16824354272750647
0.13718644154785456
0.12024495489000779
0.13265481054820444
0.1175404858385743
0.0936934055202602
0.11565668543983834
0.0
0.0
0.0
0.0
0.0
0.0
0.0
0.0
0.0
0.09931287995529875
0.10526802716644484
0.07094643209070509
0.0768926916115551
0.08488805155993263
0.12854790547629277
0.14955124620837584
0.15819375383629608
0.16919549754191476
0.17683582152259839
0.1797986722288916
0.1812250964165371
0.15557224246937673
0.11895027297077164
0.15066895560748403
0.0
0.0
0.0
0.0
0.0
0.0
0.0
0.0
0.0
0.10380078152916604
0.10763990318857573
0.06286119884113166
0.08622978669342646
0.11041111349616611
0.1520516123803087
0.1918574543631697
0.19348721419425088
0.18683209429245287
0.18271681379030616
0.1721611645646121
0.17077336982223962
0.15917708596977803
0.11456328494535171
0.11761991749566936
0.0
0.0
0.0
0.0
0.0
0.0
0.0
0.0
0.0
0.025690727413481575
0.050450003590717434
0.04606915386188748
0.0866391467852703
0.1347509897241548
0.18850794425210773
0.2411256176895337
0.2444846989222979
0.21624396468723703
0.19385220845058115
0.16716559960259195
0.1744974513739239
0.15233009355452495
0.09347417378253806
0.07178991668229383
0.0
0.0
0.0
0.0
0.0
0.0
0.0
0.0
0.0
0.0
0.0
0.0
0.0
0.0
0.0
0.0
0.0
0.0
0.20486772797700206
0.18429815418853035
0.1262044797357303
0.0
0.0
0.0
0.0
0.0
0.0
0.0
0.0
0.0
0.0
0.0
0.0
0.0
0.0
0.0
0.0
0.0
0.0
0.0
0.0
0.181302573718055
0.12330789506289509
0.0719973884912069
0.06768466139495703
0.0
0.0
0.0
0.0
0.0
0.0
0.0
0.0
0.0
0.0
0.0
0.0
0.0
0.0
0.0
0.0
0.0
0.0
0.0
0.1361349959796775
0.189474649816435
0.2764991210514732
0.12500803802186075
0.1049226274703456
0.0
0.0
0.0
0.0
0.0
0.0
0.0
0.0
0.0
0.0
0.0
0.0
0.0
0.0
0.015453643199167368
0.0534610075110764
0.08261399460052538
0.10098442798350851
0.1373681302204191
0.1534200370515713
0.14655124192585217
0.14136525323562585
0.12220585859868488
0.09566064706457318
0.06674575249510627
0.04592770802160699
0.03099927240460613
0.0
0.0
0.0
0.0
0.0
0.0
0.0
0.0
0.0
0.0098372998510517
0.01434654753454579
0.028476355142212546
0.04850181876036026
0.06538147273748955
0.09125066683846164
0.13598836011892954
0.15897033037750943
0.17463829556836802
0.17325995421039866
0.1835107382172226
0.15170971140299339
0.09183808999719899
0.06674980247791755
0.05707690440969691
0.0
0.0
0.0
0.0
0.0
0.0
0.0
0.0
0.0
0.10636925674917722
0.05965572463475186
0.05821923370688419
0.06539529323031612
0.09107016781196046
0.12243708523194356
0.14962374076123047
0.17131207508985044
0.17643113208900182
0.2022695199951085
0.21275881941074298
0.1825255036880285
0.12801975134468135
0.09027732524602315
0.07942276546466906
0.0
0.0
0.0
0.0
0.0
0.0
0.0
0.0
0.0
0.02149835637369559
0.03997226420766336
0.06868273533452886
0.09109388258764499
0.09213651566510296
0.10775258902785094
0.14027227575164675
0.16048538908897972
0.17382255632093804
0.18330008604665954
0.18996078082169998
0.16887432951554932
0.11254168200234228
0.0733470320440339
0.058869094982351385
0.0
0.0
0.0
0.0
0.0
0.0
0.0
0.0
0.0
0.0
0.0
0.0
0.0
0.0
0.0
0.0
0.2153113295171008
0.20593604981176228
0.13622989713257805
0.12992337836466583
0.0
0.0
0.0
0.0
0.0
0.0
0.0
0.0
0.0
0.0
0.0
0.0
0.0
0.0
0.0
0.0
0.0
0.0
0.0
0.0
0.0
0.0
0.0
0.0
0.0
0.0
0.0
0.0
0.0
0.0
0.0
0.0
0.0
0.0
0.0
0.0
0.0
0.02961838291553147
0.016678304697308636
0.02567386900410273
0.04234182385583681
0.06346241068566999
0.08078139234593566
0.0938935108558701
0.1044544252157631
0.11045505957523521
0.11134982548413914
0.09217531232212767
0.08831980455558826
0.06236462819890862
0.035927357103920275
0.02159304694542038
0.0
0.0
0.0
0.0
0.0
0.0
0.0
0.0
0.0
0.0
0.0001234579213595282
0.013523459247048852
0.03175129361225283
0.049646635636130386
0.06375109504230893
0.0893878797123632
0.09023652250723072
0.0909829896054868
0.08998129010424724
0.07931327518605627
0.07154967286111491
0.054451012670160705
0.03520011378761156
0.02709937278638946
0.0
0.0
0.0
0.0
0.0
0.0
0.0
0.0
0.0
0.016766052708215167
0.014288332633149615
0.03375522487506716
0.06768637857662259
0.07988096981042561
0.08268716293328232
0.11622681572755368
0.13642087648317783
0.1344914155356199
0.1341763013005281
0.13346432817982856
0.11987027868121619
0.09048871390145319
0.05887065974506249
0.038421231936494354
0.0
0.0
0.0
0.0
0.0
0.0
0.0
0.0
0.0
0.0
0.0027642800524886333
0.025819323998875765
0.05420345638863105
0.07836731528094988
0.10512524684526232
0.16834034154621513
0.22050609075903488
0.22679634045248703
0.22882041981582762
0.24186546712143198
0.19288993235239452
0.11445422652858964
0.0536535277455978
0.029827365952176048
0.0
0.0
0.0
0.0
0.0
0.0
0.0
0.0
0.0
0.0
0.013254405205372289
0.0467761954237922
0.07374992088330189
0.0992552476434288
0.1674433945630607
0.23486146532644886
0.2860275389370174
0.2777151708163948
0.2523369196299276
0.23855085954094304
0.1897272416018038
0.1189690320103442
0.09754265491069282
0.08727095679079758
0.0
0.0
0.0
0.0
0.0
0.0
0.0
0.0
0.0
0.0
0.0
0.0
0.0
0.0
0.0
0.26566272570937355
0.2271629705735274
0.2881486038276431
0.32816740404879136
0.26911955628122436
0.21355959608385777
0.192824088017145
0.0
0.0
0.0
0.0
0.0
0.0
0.0
0.0
0.0
0.0
0.0
0.0
0.0
0.0
0.0
0.0
0.0
0.2160048092099155
0.2390703774381662
0.3051114894295518
0.3051503816683068
0.25251530193609567
0.0
0.0
0.0
0.0
0.0
0.0
0.0
0.0
0.0
0.0
0.0
0.0
0.0
0.24471204634396473
0.12688809771061152
0.08855442055426758
0.07802604312999128
0.08793322689247118
0.10301683777815596
0.1095233376776006
0.11014661254180175
0.10259831661012753
0.10856176541902536
0.09398927742452114
0.07374011941727349
0.05380846118498204
0.03612671033360938
0.02181463329624546
0.0
0.0
0.0
0.0
0.0
0.0
0.0
0.0
0.0
0.03471174176008275
0.028642089004614485
0.03464065550026966
0.04892716743060777
0.061058186609131676
0.103255678355477
0.12428458896247813
0.17142263268908514
0.18396227865362658
0.1936501201958218
0.25060868125099545
0.21138883966999497
0.1379671657015762
0.10122176292753828
0.09557677313429475
0.0
0.0
0.0
0.0
0.0
0.0
0.0
0.0
0.0
0.04921384470167225
0.026675576950139897
0.06587883555256284
0.11667872674422408
0.11578048132839808
0.13910663549155777
0.1918980853074629
0.23172725318937495
0.24779925718407142
0.24950398142528904
0.24865281885175095
0.21246869015560402
0.1353728168338891
0.08447917602151084
0.07665905340502105
0.0
0.0
0.0
0.0
0.0
0.0
0.0
0.0
0.0
0.012986116501525737
0.029551434787079854
0.04961879220938132
0.08558169966911132
0.11559179235510843
0.138844393026102
0.1839195988411238
0.2203996256109042
0.24635707155716932
0.24946229070546116
0.22690912149327444
0.19516679828746863
0.15003048969965527
0.08176780390734834
0.060871070468993385
0.0
0.0
0.0
0.0
0.0
0.0
0.0
0.0
0.0
0.027902041293674063
0.034024395601602184
0.05913571138473609
0.09433121575334541
0.11448440994173986
0.1665249206232822
0.2059515690274542
0.20894011822388872
0.2151844638949278
0.2556774339932057
0.25644891731095804
0.2175753911221664
0.1696457298683299
0.12554068283188013
0.08693695584993395
0.0
0.0
0.0
0.0
0.0
0.0
0.0
0.0
0.0
0.0
0.0
0.0
0.0
0.0
0.0
0.13166294764244016
0.20021732185494556
0.15696351499046743
0.023647517894399134
0.0939870332465525
0.0
0.0
0.0
0.0
0.0
0.0
0.0
0.0
0.0
0.0
0.0
0.0
0.0
0.0
0.0
0.0
0.0
0.0
0.0
0.15111554212907108
0.27589818771743174
0.26218871145702227
0.2917058680327667
0.21484320996655815
0.0
0.0
0.0
0.0
0.0
0.0
0.0
0.0
0.0
0.0
0.0
0.0
0.0
0.15879935213976273
0.09127972029353312
0.08476162619363248
0.09964176641021485
0.10803243233780777
0.11862094244666478
0.1486305457105288
0.1559768619179283
0.14529473505161114
0.14083668107611647
0.13099072660987077
0.12721853297668892
0.09122687690731822
0.06526040954117904
0.0447769330811502
0.0
0.0
0.0
0.0
0.0
0.0
0.0
0.0
0.0
0.024022234686361332
0.014263053478671472
0.023730694462263623
0.04483103182831946
0.065356580676901
0.10650012695264674
0.1526466407665402
0.16107914770245663
0.15086150314877175
0.15181328200377892
0.16614503586444998
0.13210010376466097
0.08849503314180726
0.07058770450786508
0.06039926980482665
0.0
0.0
0.0
0.0
0.0
0.0
0.0
0.0
0.0
0.16962567457972377
0.14614605231779376
0.1608976887042034
0.23436624959238855
0.27770477044702513
0.32592218664418987
0.34010716405846836
0.3753899225592105
0.413007156349959
0.43192012569331495
0.41638678836979154
0.38682505640532916
0.30683920224371164
0.2252090987961642
0.20897325525623753
0.0
0.0
0.0
0.0
0.0
0.0
0.0
0.0
0.0
0.10966487573127233
0.06698912473473449
0.10047909046506731
0.22507767683780747
0.31104815610075937
0.35758644036419795
0.40111632731125824
0.4346757530224642
0.45976617601203623
0.48894954606095437
0.49802639926650466
0.5059305035583551
0.42226420435778195
0.32880870732499184
0.3320463545462582
0.0
0.0
0.0
0.0
0.0
0.0
0.0
0.0
0.0
0.18343787878154952
0.09693309378931975
0.14319170279286597
0.23606908574380267
0.3088290658980128
0.38523438001567073
0.4374376412081697
0.45109565328628615
0.43805613289502426
0.4378505278990377
0.4193128077376356
0.3890442436605953
0.3209132611354402
0.2660928850479987
0.23603500846802175
0.0
0.0
0.0
0.0
0.0
0.0
0.0
0.0
0.0
0.0
0.0
0.0
0.0
0.024641802671662327
0.34066173625284757
0.4053706723277507
0.38217252945423286
0.42008861692070787
0.38813966733094885
0.31522679782300467
0.2846724954991841
0.092482036658793
0.0
0.0
0.0
0.0
0.0
0.0
0.0
0.0
0.0
0.0
0.0
0.0
0.0
0.0
0.0
0.0
0.0
0.0
0.0
0.07309202227904514
0.03237874559207721
0.05861514463165074
0.052086015934168485
0.0
0.0
0.0
0.0
0.0
0.0
0.0
0.0
0.0
0.0
0.0
0.0
0.0
0.0
0.0013666313892142367
0.014398415239199339
0.026070432497516265
0.042484820332206116
0.06695172694862767
0.1007771331957451
0.11687572649328529
0.10677145907596232
0.10077811982621078
0.10154338596336954
0.06849918529157459
0.03586532779096302
0.01938794760147439
0.0
0.0
0.0
0.0
0.0
0.0
0.0
0.0
0.0
0.0
0.0
0.001854408551569733
0.02484099948173098
0.05542856144004976
0.10111493233451045
0.1625741844207643
0.22852815404256602
0.25985020330874464
0.2533484008855354
0.24632006319580352
0.1944733473327406
0.10737625443344316
0.05378135964908077
0.03260732692182268
0.0
0.0
0.0
0.0
0.0
0.0
0.0
0.0
0.0
0.0
0.0
0.0024391110180548236
0.02905647003637436
0.0645774180436982
0.11772483243336279
0.17863119822234694
0.23494845684969498
0.24030039555617547
0.21738797860278464
0.16829079252825113
0.1025580956151253
0.061046880617782344
0.029030471757072306
0.012035685926728395
0.0
0.0
0.0
0.0
0.0
0.0
0.0
0.0
0.0
0.0
0.0
0.011086965298423575
0.0405775125583139
0.07549939161233499
0.11569052653520939
0.15104625524376356
0.18663201103921717
0.1814583200846611
0.16494278110427374
0.13705097474858274
0.08859193620298451
0.05163248768796216
0.021018553455038752
0.006950106500207415
0.0
0.0
0.0
0.0
0.0
0.0
0.0
0.0
0.0
0.03241339636379334
0.02323638453014641
0.029760176802893883
0.04496258033883528
0.059847338606345106
0.07147013212111832
0.08441598916264208
0.09932731862220909
0.09993356521469832
0.09102455460053786
0.07513132023008964
0.07438443399333373
0.06265981867442826
0.05121807452744853
0.03981070804760336
0.0
0.0
0.0
0.0
0.0
0.0
0.0
0.0
0.0
0.0
0.0
0.0
0.0
0.0
0.0
0.0
0.0
0.0
0.0
0.0
0.0
0.0
0.0
0.0
0.0
0.0
0.0
0.0
0.0
0.0
0.0
0.0
0.0
0.0
0.0
0.0
0.0
0.0
0.0
0.0
0.0
0.0
0.0
0.0
0.0
0.0
0.0
0.0
0.0
0.0
0.0
0.0
0.0
0.0
0.0
0.0
0.0
0.0
0.0
0.0
0.0
0.0
0.0
0.0
0.0
0.0
0.0854659145175008
0.0
0.0
0.0
0.0
0.0
0.0
0.0
0.0
0.0
0.0
0.0
0.0
0.0
0.0
0.0
0.0
0.0001288436713974373
0.021152396622434143
0.049552557419858256
0.08145820960157607
0.11846465077248225
0.1504019397051428
0.1629027855146908
0.14082935947878925
0.10118522864531417
0.07558050653129811
0.0498676020300506
0.02614225584855803
0.01299662266102943
0.0
0.0
0.0
0.0
0.0
0.0
0.0
0.0
0.0
0.0
0.0
0.0
0.00600955547908504
0.02583727159757391
0.04497243211869676
0.06353785596116698
0.08798166462944398
0.09352828827336743
0.08550215849055202
0.06985923524702321
0.05553529406252264
0.026850190852065678
0.003174311827063409
0.0
0.0
0.0
0.0
0.0
0.0
0.0
0.0
0.0
0.0
0.0
0.0
0.0002532638278309841
0.013958694596661641
0.034757292705571236
0.06785650224256379
0.11959326961613492
0.17283550405072592
0.18589944869328356
0.18536634923636514
0.1861020165629123
0.15776397503212886
0.11559015482249103
0.09077663295976185
0.07154751566056573
0.0
0.0
0.0
0.0
0.0
0.0
0.0
0.0
0.0
0.017920667659403443
0.008769584643502932
0.02164170301368072
0.04728444981512806
0.0810204490413337
0.12860412598842774
0.17544823091904163
0.23655381338172854
0.26563711671818024
0.28985965231328725
0.30791334123138175
0.2872987887415568
0.2193847835709395
0.1587498857527732
0.11819166577286
0.0
0.0
0.0
0.0
0.0
0.0
0.0
0.0
0.0
0.0
0.0
0.0
0.0
0.0
0.0808593731440302
0.295888581468288
0.3040378662637006
0.33593323142459464
0.33532940768048297
0.2583535791863959
0.17383669266227506
0.0
0.0
0.0
0.0
0.0
0.0
0.0
0.0
0.0
0.0
0.0
0.0
0.0
0.0
0.0
0.0
0.0
0.0
0.0
0.028447823456852706
0.046639411261296004
0.07172355632598283
0.0
0.0
0.0
0.0
0.0
0.0
0.0
0.0
0.0
0.0
0.0
0.0
0.0
0.0
0.0
0.0
0.00012380651566148474
0.00399847825142119
0.011409711901782188
0.03476310672017848
0.08207517064724465
0.13212170214853639
0.17574833625248298
0.24063634614817275
0.29295749090374396
0.29012245293308103
0.2420313101350759
0.20454545348817357
0.1648695885472791
0.0
0.0
0.0
0.0
0.0
0.0
0.0
0.0
0.0
0.04324803694388731
0.025332069255042642
0.03750006519929811
0.06755133882586452
0.10603260548754911
0.15124639564484596
0.19714433193067357
0.24542232040851
0.2267590355949583
0.1837355948046851
0.13414603883940945
0.08498635706082398
0.047584561178049135
0.019862435818352793
0.006891779957077634
0.0
0.0
0.0
0.0
0.0
0.0
0.0
0.0
0.0
0.023458466125679575
0.00932870919655273
0.01247928818221779
0.022921170027331902
0.03391678754369769
0.043242176013818974
0.05319731050161469
0.06633787813110988
0.0697848599754766
0.06502337998658997
0.053137994322125154
0.04438378058658186
0.027275404642384826
0.013476310554968094
0.0038398127226612765
0.0
0.0
0.0
0.0
0.0
0.0
0.0
0.0
0.0
0.0
0.005381728109210456
0.010466054615440595
0.01800468329235391
0.02596485278075962
0.04178333738072441
0.06748123760065218
0.10431639694422733
0.11739214788541891
0.13547494195853968
0.1499146741798426
0.1162447482414697
0.0761863806263624
0.04745093092585939
0.037891228867402135
0.0
0.0
0.0
0.0
0.0
0.0
0.0
0.0
0.0
0.12243549054764931
0.07324760410971035
0.07513075939289672
0.0918223360035498
0.10616937081654375
0.11945748675754783
0.13149204439551185
0.1437012909630929
0.14658750803069248
0.16123854533786708
0.16900583853579726
0.15655549654178483
0.13158876515863333
0.11679203490922033
0.10934767062834203
0.0
0.0
0.0
0.0
0.0
0.0
0.0
0.0
0.0
0.0
0.0
0.0
0.0
0.0
0.0
0.0
0.0
0.0
0.0
0.0
0.0
0.0
0.0
0.0
0.0
0.0
0.0
0.0
0.0
0.0
0.0
0.0
0.0
0.0
0.0
0.0
0.0
0.0
0.0
0.0
0.0
0.0
0.0
0.0
0.0
0.0
0.0
0.0
0.0
0.0
0.0
0.0
0.0
0.0
0.0
0.0
0.0
0.06308411059352231
0.029834153838809867
0.02989808821874258
0.040769628413477324
0.05144978711036528
0.061349329795284055
0.07055500018353612
0.0815889090397521
0.08522899867028542
0.08719774401913183
0.08028708617307669
0.07355807247762487
0.050655298016807064
0.03370217226185232
0.0259047095317182
0.0
0.0
0.0
0.0
0.0
0.0
0.0
0.0
0.0
0.0
0.0
0.0
0.005835742716896105
0.022114531790022728
0.040265349204016365
0.0509694529032389
0.07596480227834501
0.0991785719515216
0.1076085215039832
0.08345944420635037
0.08191971898920274
0.06397562204190095
0.05049724725040196
0.04144350324973068
0.0
0.0
0.0
0.0
0.0
0.0
0.0
0.0
0.0
0.019066293600112326
0.009448775897339633
0.01218679436089758
0.01926544758339997
0.0263017026421477
0.03684536648835392
0.048979802654767035
0.0670051082685776
0.07606657917261933
0.07344998643392077
0.06301590300069959
0.0536500012332347
0.035998832409434904
0.022165145059868493
0.014690753156891154
0.0
0.0
0.0
0.0
0.0
0.0
0.0
0.0
0.0
0.0
0.0
0.000254864487579347
0.014691030270678111
0.03712448100906416
0.0662741571861027
0.10324099804633959
0.11574570359466126
0.15263679909517952
0.14428852944153575
0.12491825831215125
0.09399804676530406
0.06010024984396365
0.03627469772926044
0.020885785229586264
0.0
0.0
0.0
0.0
0.0
0.0
0.0
0.0
0.0
0.0
0.0
0.0
0.018113525141785367
0.04433914595570211
0.07578517999582114
0.11612423421290302
0.15341387576892454
0.17707168387278835
0.2094673907850601
0.2396792075823722
0.21234468459994454
0.14212631316323499
0.08983429431514384
0.07311597445198008
0.0
0.0
0.0
0.0
0.0
0.0
0.0
0.0
0.0
0.0
0.0
0.0
0.0
0.0
0.0
0.0
0.17634788323737882
0.25891747460011466
0.1808016132154885
0.13431654881494523
0.1436495707276697
0.0
0.0
0.0
0.0
0.0
0.0
0.0
0.0
0.0
0.0
0.0
0.0
0.0
0.0
0.0
0.0
0.0
0.0
0.2003280588188067
0.2687278675677478
0.260823365509391
0.32491275492194366
0.3009573106992218
0.13919203753167583
0.0
0.0
0.0
0.0
0.0
0.0
0.0
0.0
0.0
0.0
0.0
0.0
0.1381101293412834
0.09029529748917703
0.09436340680751916
0.11462551531424683
0.13889772939939102
0.19040541358185148
0.23768758292314213
0.2751411656003329
0.2861849024559451
0.2887624676525536
0.28342619130064306
0.25037170976674666
0.19090903171560586
0.14461068671780708
0.11068606677439155
0.0
0.0
0.0
0.0
0.0
0.0
0.0
0.0
0.0
0.03404416731548826
0.013629203248820335
0.027702715139724027
0.05281754970406701
0.08603282442753045
0.1363604472560971
0.20571214290084752
0.27640712877104445
0.27803897711595055
0.25941181068266933
0.23925048627203233
0.16494771602171404
0.07584966262891871
0.02709989587598104
0.0061664295945763
0.0
0.0
0.0
0.0
0.0
0.0
0.0
0.0
0.0
0.0
0.0
0.0
0.0003037779010672776
0.005436585508842696
0.015152213104880486
0.028408618926881627
0.04335701841513695
0.0490548468009623
0.04785180021095131
0.04373070680561083
0.04361910913740003
0.03248343678407081
0.022540450598756506
0.01679824238642269
0.0
0.0
0.0
0.0
0.0
0.0
0.0
0.0
0.0
0.0
0.0
0.0
0.004433628568005133
0.018692409876240816
0.031230435742473122
0.039442018840589545
0.04737191695875709
0.05325176219098793
0.05950750786003109
0.06512121559218381
0.07638337665775778
0.06945247249057138
0.06566998268382682
0.06487861582011521
0.0
0.0
0.0
0.0
0.0
0.0
0.0
0.0
0.0
0.06971006852157463
0.036447701848209633
0.029278680838800083
0.027643368419198882
0.02502346686802838
0.020411943118113337
0.01548806580770456
0.010205790116206544
0.009247204236049267
0.010755395440450583
0.012630252643966843
0.01650538099998004
0.016068871806765944
0.016318249953175008
0.016146721079076717
0.0
0.0
0.0
0.0
0.0
0.0
0.0
0.0
0.0
0.0
0.0
0.0
0.0
0.0
0.0
0.0
0.0
0.0
0.0
0.0
0.0
0.0
0.0
0.0
0.0
0.0
0.0
0.0
0.0
0.0
0.0
0.0
0.0
0.0
0.0
0.0
0.0
0.0
0.0
0.0
0.0
0.0
0.0
0.0
0.0
0.0
0.0
0.0
0.0
0.0
0.0
0.0
0.0
0.0
0.0
0.0
0.0
0.0
0.0
0.0
0.014735436134335422
0.037434199205100216
0.05543185539427891
0.06909289963145136
0.08346911852521487
0.07823627051873268
0.058530135496324555
0.03999751170388659
0.03220996100271252
0.03585619195884218
0.03568514287845768
0.03125722125885559
0.02544595112542012
0.0
0.0
0.0
0.0
0.0
0.0
0.0
0.0
0.0
0.020642332172509426
0.015187367173168327
0.019070861367942334
0.026126060826458172
0.0352556382912574
0.04475482705042459
0.05402486444262976
0.05284077729961753
0.047115766011306404
0.04226129059175883
0.03461833174827333
0.02688354412784815
0.013807669186572082
0.012877223581724004
0.017843035344408453
0.0
0.0
0.0
0.0
0.0
0.0
0.0
0.0
0.0
0.0
0.0021525003640696827
0.020415614701779244
0.04505594212451582
0.06265173948876059
0.07686558102665299
0.09236228320318944
0.10164181494647989
0.10172800834996747
0.09651218822926583
0.07376441599118039
0.05939155542138712
0.04224594664888978
0.028639072217628528
0.0156651118474986
0.0
0.0
0.0
0.0
0.0
0.0
0.0
0.0
0.0
0.007822398028367488
0.013400550667671993
0.01871941623460465
0.027052912491300502
0.03817965311542555
0.05422528299016561
0.07600191777821479
0.07999532219665667
0.06461992157568039
0.046624746801917055
0.03066860416589991
0.02157788867868551
0.01155017677317115
0.008011439389219251
0.007757365561405882
0.0
0.0
0.0
0.0
0.0
0.0
0.0
0.0
0.0
0.0
0.0
0.004284520549262036
0.015941153864487505
0.024789753706896695
0.032425499037299896
0.04216554447694339
0.04834176519787648
0.04950473027098029
0.04920237157927989
0.03796061812080272
0.02736809970381795
0.013610392041247215
0.006448128562136682
0.0024397569776943863
0.0
0.0
0.0
0.0
0.0
0.0
0.0
0.0
0.0
0.0
0.0
0.0
0.0
0.0
0.0
0.07133281249094307
0.12789382675560665
0.11473616439667558
0.11278615071458228
0.0
0.0
0.0
0.0
0.0
0.0
0.0
0.0
0.0
0.0
0.0
0.0
0.0
0.0
0.0
0.0
0.0
0.0
0.0
0.0
0.049020540138840246
0.016555043440302484
0.024272142474712852
0.0
0.0
0.0
0.0
0.0
0.0
0.0
0.0
0.0
0.0
0.0
0.0
0.0
0.0
0.0
0.0
0.0
0.0
0.02170917503753616
0.04327243066389648
0.06343140832800287
0.09118575312037792
0.1037704127350613
0.10356321314561553
0.10116137228567898
0.07730734342692222
0.06367416178750095
0.043789536843400874
0.023134682478110655
0.0031883186051823924
0.0
0.0
0.0
0.0
0.0
0.0
0.0
0.0
0.0
0.0
0.0
0.0
0.012500636137003359
0.03663473985280249
0.06382295590756262
0.09742572377551934
0.10830602241306371
0.10238982261697627
0.09329052785550006
0.07136021507282
0.05995747159055489
0.04313422042596858
0.02921072986025671
0.01567583368153521
0.0
0.0
0.0
0.0
0.0
0.0
0.0
0.0
0.0
0.0
0.0
0.0
0.01244416861374749
0.026155824066037933
0.03904372771161628
0.051149943386133746
0.05626960551846916
0.05706718661759459
0.0580495589992058
0.055862079213910086
0.06071617829685869
0.057958707032627434
0.057323116694003945
0.0573397741472257
0.0
0.0
0.0
0.0
0.0
0.0
0.0
0.0
0.0
0.039243491404850166
0.025476478179846884
0.02864123883443474
0.03691404109816566
0.04556660915568026
0.05395287743787831
0.06362406155548642
0.06254177256643983
0.07013675426463692
0.11185268534105158
0.1087762133607334
0.0926747425437458
0.06177985070260535
0.04604648032522219
0.04151974072187292
0.0
0.0
0.0
0.0
0.0
0.0
0.0
0.0
0.0
0.0
0.009001570476904058
0.021010211519457592
0.03366208667151035
0.04285700079740838
0.04974684158456788
0.06049119051505532
0.05965557454379879
0.049743469120072666
0.039021234207473006
0.029653755166613113
0.027026647506389865
0.020478053874719
0.014990381875525007
0.012083157392714945
0.0
0.0
0.0
0.0
0.0
0.0
0.0
0.0
0.0
0.0
0.0
0.0
0.0
0.0
0.0
0.0
0.03433248673119539
0.0
0.0
0.0
0.0
0.0
0.0
0.0
0.0
0.0
0.0
0.0
0.0
0.0
0.0
0.0
0.0
0.0
0.0
0.0
0.0
0.0
0.0
0.0
0.02153747619991092
0.0
0.009410098161038258
0.0
0.0
0.0
0.0
0.0
0.0
0.0
0.0
0.0
0.0
0.0
0.0
0.0
0.0
0.0
0.0
0.0
0.0
0.003450765565992688
0.010032155238767168
0.01853601603671294
0.0265897384596035
0.03079444166902284
0.03403722805617881
0.023270901632450755
0.006420287341427546
0.0
0.0
0.0
0.0
0.0
0.0
0.0
0.0
0.0
0.0
0.0
0.0
0.0
0.0
0.0
0.0
0.0
0.0
0.0033013760481761943
0.005715514901187144
0.0022178563164624737
0.00031684801307831724
0.0
0.0
0.0
0.0
0.0
0.0
0.0
0.0
0.0
0.0
0.0
0.0
0.0
0.0
0.0
0.0
0.0
0.0
0.0
0.0
0.0
0.0
0.0
0.0
0.0
0.0
0.00012405624596926364
0.0
0.0
0.0
0.0
0.0
0.0
0.0
0.0
0.0
0.0
0.0
0.0
0.0
0.0
0.0
0.0
0.0
0.0
0.0
0.0
0.0
0.0
0.0
0.0
0.0
0.0
0.0
0.0
0.0
0.0
0.0
0.0
0.0
0.0
0.0
0.0
0.005208152849295141
0.011976923031731639
0.0185951435325
0.033383363359094725
0.057298654112451004
0.08109815004618545
0.09067920611641765
0.09286522493552099
0.09538664451158733
0.08210975029503285
0.07143923679987363
0.04854093801946378
0.02561901331142758
0.017610603127020525
0.0
0.0
0.0
0.0
0.0
0.0
0.0
0.0
0.0
0.0
0.0
0.0
0.0
0.0
0.0
0.0
0.0
0.0
0.0
0.0
0.0
0.0
0.0
0.0
0.0
0.0
0.0
0.0
0.0
0.0
0.0
0.0
0.0
0.0
0.0
0.0
0.0
0.0
0.0
0.0
0.0
0.0
0.0
0.0
0.0
0.0
0.0
0.0
0.0
0.0
0.0
0.0
0.0
0.0
0.0
0.0
0.0
0.0
0.0
0.0
0.0
0.0
0.0009725922349231651
0.009388056569971524
0.013115848652206238
0.013619667350369647
0.014073424741567905
0.009772511113575699
0.002220459648627027
0.0
0.0
0.0
0.0
0.0
0.0
0.0
0.0
0.0
0.0
0.0
0.0
0.0
0.0
0.0
0.0016979810494974683
0.01376662826233783
0.02642102057849156
0.04091780394048771
0.04623605348633686
0.0436619243151839
0.041368825525264205
0.03391866848112919
0.026032012737399916
0.013362370781977878
0.00248317655542925
0.0
0.0
0.0
0.0
0.0
0.0
0.0
0.0
0.0
0.0
0.0
0.0
0.0
0.0037667880754715926
0.022226302023422545
0.03405314186923718
0.0362122285414069
0.053555674276443095
0.05828447984405935
0.05830995734362267
0.04506887124858588
0.032137726676082876
0.015216362297453134
0.002471066585998155
0.0
0.0
0.0
0.0
0.0
0.0
0.0
0.0
0.0
0.0
0.0
0.0
0.0
0.00778867325353189
0.026634809296562634
0.03829488674169541
0.05583062113430468
0.054167513858378924
0.03441659028906545
0.015277416954730009
0.00593721670665563
0.002505433531322184
0.0
0.0
0.0
0.0
0.0
0.0
0.0
0.0
0.0
0.0
0.0
0.0
0.0
0.0
0.0
0.0
0.0
0.0
0.004864238300776517
0.030929206303492104
0.02668571248299628
0.017034734466668824
0.009831280133238456
0.009899432681304828
0.013346376016561665
0.011078287403136393
0.001071507273714266
0.0
0.0
0.0
0.0
0.0
0.0
0.0
0.0
0.0
0.0
0.0
0.0
0.0
0.0
0.0
0.0
0.0
0.0
0.0
0.0
0.0
0.0
0.0
0.0
0.0
0.0
0.0
0.0
0.0
0.0
0.0
0.0
0.0
0.0
0.0
0.0
0.0
0.0
0.0
0.0
0.0
0.0
0.0
0.0
0.0
0.0
0.0
0.0
0.0
0.0
0.0
0.0
0.0
0.0
0.0
0.0
0.0
0.0
0.0
0.0
0.0020295537032391404
0.009733156566836633
0.01889354107491633
0.027708959080200782
0.02904190631945814
0.025882643730905885
0.01818118268780274
0.0028732371334258306
0.0
0.0
0.0
0.0
0.0
0.0
0.0
0.0
0.0
0.0
0.0
0.0
0.0
0.0
0.0
0.0
0.0
0.0
0.0
0.0
0.0
0.008318316313154306
0.009751662218952689
0.006842141606561469
0.002082904938166184
0.003733032921599011
0.0007303762958541114
0.0
0.0
0.0
0.0
0.0
0.0
0.0
0.0
0.0
0.0
0.0
0.0
0.0
0.0
0.0
0.0037341132190448385
0.006712844782370908
0.010429725649121147
0.021750092640530832
0.023658094097339977
0.012684366851928263
0.0143658800033271
0.005615328424280751
0.0
0.002850136083084699
0.0
0.0
0.0
0.0
0.0
0.0
0.0
0.0
0.0
0.0
0.0
0.0
0.0
0.0
0.004973211761836636
0.022111364121401827
0.02257936606272697
0.04743913559430752
0.05395812097439393
0.009259210366072924
0.0
0.0
0.0
0.0
0.0
0.0
0.0
0.0
0.0
0.0
0.0
0.0
0.0
0.0
0.0
0.0
0.0
0.0
0.0
0.0
0.0
0.005791463216952652
0.0031399519651991773
0.0
0.0
0.0
0.0
0.0
0.0
0.0
0.0
0.0
0.0
0.0
0.0
0.0
0.0
0.0
0.0
0.0
0.0
0.0
0.0
0.0
0.0
0.0
0.0
0.0
0.0
0.0
0.0
0.0
0.0
0.0
0.0
0.0
0.0
0.0
0.0
0.0
0.0
0.0
0.0
0.0
0.0
0.0
0.0
0.0
0.0
0.0
0.0
0.0
0.0
0.0
0.0
0.0
0.0
0.0
0.0
0.0
0.0
0.0
0.0
0.0
0.0
0.0
0.0
0.0
0.0
0.0
0.0
0.0
0.0
0.0
0.0
0.0
0.0
0.0
0.0
0.0
0.0
0.0
0.0
0.0
0.0
0.0
0.0
0.0
0.0
0.0
0.0
0.0
0.0
0.0
0.0
0.0
0.0
0.0
0.0
0.0
0.0
0.0
0.0
0.0
0.0
0.0
0.0
0.0
0.0
0.0
0.0
0.0
0.0
0.0
0.0
0.0
0.0
0.0
0.0
0.0
0.0
0.0
0.0
0.0
0.0
0.0
0.0
0.0
0.0
0.0
0.0
0.0
0.0
0.0
0.0
0.0
0.0
0.0
0.0
0.0
0.0
0.0
0.0
0.0
0.015566201145087331
0.028977061720219282
0.024985966336237533
0.01097381096744018
0.008052819130629406
0.0008744314528997567
0.0
0.0
0.0
0.0
0.0
0.0
0.0
0.0
0.0
0.0
0.0
0.0
0.0
0.0
0.0
0.0
0.0
0.0
0.0
0.0
0.0
0.0
0.0
0.0
0.0
0.0
0.0
0.0
0.0
0.0
0.0
0.0
0.0
0.0
0.0
0.0
0.0
0.0
0.0
0.0
0.0
0.0
0.0
0.0
0.0
0.0
0.0
0.0
0.0
0.0
0.0
0.0
0.0
0.0
0.0
0.0
0.0
0.0
0.0
0.0
0.0
0.0
0.0
0.0
0.0
0.0
0.0
0.0
0.0
0.0
0.0
0.0
0.0
0.0
0.0
0.0
0.0
0.0
0.0
0.0
0.0
0.0
0.0
0.0
0.0
0.0
0.0
0.0
0.0
0.0
0.0
0.0
0.0
0.0
0.0
0.0
0.0
0.0
0.0
0.0
0.0
0.0
0.0
0.0
0.0
0.0
0.0
0.0
0.0
0.0
0.0
0.0
0.0
0.0
0.003044645089293162
0.0012498786034367923
0.0
0.0
0.0
0.0
0.0
0.0
0.0
0.0
0.0
0.0
0.0
0.0
0.0
0.0
0.0
0.0
0.0
0.0
0.0
0.0
0.0
0.0
0.0
0.0
0.0
0.0
0.0
0.0
0.0
0.0
0.0
0.0
0.0
0.0
0.0
0.0
0.0
0.0
0.0
0.0
0.0
0.0
0.0
0.0
0.0
0.0
0.0
0.01610461621276974
0.0050984049913016215
0.0
0.0
0.0
0.0
0.0
0.0
0.0
0.0
0.0
0.0
0.0
0.0
0.0
0.0
0.0
0.0
0.0
0.0
0.0
0.0
0.0
0.0
0.0
0.0
0.0
0.0
0.0
0.0
0.0
0.0
0.0
0.0
0.0
0.0
0.0
0.0
0.0
0.0
0.0
0.0
0.0
0.0
0.0
0.0
0.0
0.0
0.0
0.0
0.0
0.0
0.0
0.0
0.0
0.0
0.0
0.0
0.0
0.0
0.0
0.0
0.0
0.0
0.0
0.0
0.0
0.0
1.4967435664432723e-07
0.0
0.0
0.0
0.0
0.0
0.0
0.0
0.0
0.0
0.0
0.0
0.0
0.0
0.0
0.0
0.0
0.0
0.0
0.0
0.0
0.0
0.0
1.3882787417792504e-07
0.0
0.0
0.0
0.0
0.0
0.0
0.0
0.0
0.0
0.0
0.0
0.0
0.0
0.0
0.0
0.0
0.0
0.0
0.0
0.0
0.0
0.0
0.0
0.0
0.0
0.0
0.0
0.0
0.0
0.0
0.0
0.0
0.0
0.0
0.0
0.0
0.0
0.0
0.0
0.0
0.0
0.0
0.0
0.0
0.0
0.0
0.0
0.0
0.0
0.0
0.0
0.0
0.0
0.0
0.0
0.0
0.0
0.0
0.0
0.0
0.0
0.0
0.0
0.0
0.0
0.0
0.0
0.0
0.0
0.0
0.0
0.0
0.0
0.0
0.0
0.0
0.0
0.0
0.0
0.0
0.0
0.0
0.0
0.0
0.0
0.0
0.0
0.0
0.0
0.0
0.0
0.0
0.0
0.0
0.0
0.0
0.0
0.0
0.0
0.0
0.0
0.0
0.0
0.0
0.0
0.0
0.0
0.0
0.0
0.0
0.0
0.0
0.0
0.0
0.0
0.0
0.0
0.0
0.0
0.0
0.0
0.0
0.0
0.0
0.0
0.0
0.0
0.0
0.0
0.0
0.0
0.0
0.0
0.0
0.0
0.0
0.0
0.0
0.0
0.0
0.0
0.0
0.0
0.0
0.0
0.0
0.0
0.0
0.0
0.0
0.0
0.0
0.0
0.0
0.0
0.0
0.0
0.0
