0.0
0.0
0.0
0.0
0.0
0.0
0.0
0.0
0.0
0.0
0.0
0.0
0.0
0.0
0.0
0.0
0.0
0.0
0.0
0.0
0.0
0.0
0.0
0.0
0.0
0.0
0.0
0.0
0.0
0.0
0.0
0.0
0.0
0.0
0.00010480456926145435
0.03587871532565275
0.1008745527722416
0.13135123067617419
0.13565883332282785
0.1483948954153794
0.1482150631279312
0.11691965395248899
0.10820728254998344
0.08096312628894799
0.08340422452344848
0.0
0.0
0.0
0.0
0.0
0.0
0.0
0.0
0.0
0.0
0.001051441254789827
0.04616103849806454
0.10403907616009503
0.13865424557239014
0.18762421109210065
0.21430724848893376
0.22605335646177016
0.22056329646373016
0.21516580192728346
0.18232566107139012
0.10020305651355711
0.046851465351066664
0.03285732421373232
0.019163204315194707
0.0
0.0
0.0
0.0
0.0
0.0
0.0
0.0
0.0
0.0
0.0
0.0
0.0
0.0
0.002112988762173518
0.007403734650764082
0.012615120880593217
0.016170990088021114
0.02316629572651207
0.013197002624578553
0.003442165723791625
0.0
0.0
0.0
0.0
0.0
0.0
0.0
0.0
0.0
0.0
0.0
0.0
0.0
0.0
0.0
0.0
0.0014004588806559102
0.010206325227260213
0.02729150039863268
0.06014074208880012
0.08220730263652704
0.096161833984905
0.08138144343588151
0.04146961143756658
0.017737436278285723
0.007763891101270238
0.003975108082541979
0.0
0.0
0.0
0.0
0.0
0.0
0.0
0.0
0.0
0.0
0.0
0.0
0.004862204171541627
0.05534043793928845
0.11508816983134007
0.15178617486310383
0.15035833776418844
0.1548062164767065
0.1753402411367121
0.17751260235664273
0.15537804058783883
0.12842462526808615
0.11656905384459629
0.09748035034153542
0.07115326102842337
0.0
0.0
0.0
0.0
0.0
0.0
0.0
0.0
0.0
0.0
0.0
0.0
0.0
0.0
0.0
0.0
0.0
0.0
0.0
0.0
0.0
0.0
0.0
0.0
0.0
0.0
0.0
0.0
0.0
0.0
0.0
0.0
0.0
0.0
0.0
0.0
0.0
0.0
0.0
0.0
0.0
0.0
0.0
0.0
0.0
0.0
0.0
0.0
0.0
0.0
0.0
0.0
0.0
0.0
0.0
0.0
0.0
0.0
0.0
0.0
0.0
0.0
0.0
0.0016861322085764932
0.0024874939225762193
0.004137684488550219
0.003443652470007117
0.00013796685395857204
0.0
0.0
0.0
0.0
0.0
0.0
0.0
0.0
0.0
0.0
0.0
0.0
0.0
0.0
0.0
0.0
0.0
0.0
0.0
0.0
0.0
0.0
0.0
0.0
0.0
0.0
0.0
0.0
0.0
0.0
0.0
0.0
0.0
0.0
0.0
0.0
0.0
0.0
0.0
0.0
0.0
0.0
0.0
0.0
0.0
0.0
0.0
0.0
0.0
0.0
0.0
0.0
0.0
0.0
0.0
0.0
0.0
0.0
0.0
0.0
0.0
0.0
0.0
0.0
0.0
0.0
0.0
0.0
0.0
0.0
0.0
0.0
0.0
0.0
0.0
0.0
0.0
0.0
0.0
0.0
0.0
0.0
0.0
0.0
0.0
0.0
0.0
0.0
0.0
0.0
0.0
0.0
0.0
0.0
0.0
0.0
0.0
0.0
0.0
0.0
0.0
0.0
0.0
0.0
0.0
0.0
0.0
0.0
0.0
0.0
0.0
0.0
0.0
0.0
0.0
0.0
0.0
0.0
0.0
0.0
0.0
0.0
0.0
0.0
0.0
0.0
0.0
0.0
0.0
0.0
0.0
0.0
0.0
0.0
0.0
0.0
0.0
0.0
0.0
0.0
0.0
0.0
0.0
0.0
0.0
0.0
0.0
0.0
0.0
0.0
0.0
0.0
0.0
0.0
0.0
0.0
0.0
0.0
0.0
0.0
0.0
0.0003882451106068962
0.002446012502778953
0.003587452337440892
0.0035929845608941545
0.0028588700994226775
9.125772704187891e-05
0.0
0.0
0.0
0.0
0.0
0.0
0.0
0.0
0.0
0.0
0.0
0.0
0.0
0.0
0.0
0.0
0.0
0.0
0.0
0.0
0.0
0.0
0.0
0.0
0.0
0.0
0.0
0.0
0.0
0.0
0.0
0.0
0.0
0.0
0.0
0.0
0.0
0.0
0.0
0.0
0.0
0.0
0.0
0.0
0.007206845364131833
0.021267057882638614
0.042881039640269
0.04970717279245495
0.027237406009770596
0.01454272038272679
0.005710494371856541
0.0
0.0
0.0
0.0
0.0
0.0
0.0
0.0
0.0
0.0
0.0
0.0
0.0
0.020487549324124315
0.065211197145924
0.09753226439375408
0.11753733824257631
0.13550191963748318
0.14227782794043403
0.1516092632151819
0.14110130404550225
0.12325266266792376
0.11915875203810478
0.0864602363714638
0.07522740853711166
0.0
0.0
0.0
0.0
0.0
0.0
0.0
0.0
0.0
0.0
0.0
0.0016303903190821364
0.07046764379444677
0.11121439182932492
0.15006708018328058
0.1755922757738933
0.19196414875539305
0.20015457155917762
0.19852998038185146
0.20107998069595165
0.17340906084493488
0.14511611956843495
0.12053891592546354
0.09103589980092498
0.01751636470834021
0.0
0.0
0.0
0.0
0.0
0.0
0.0
0.0
0.0
0.0
0.0
0.005012627814277151
0.056695298470449906
0.10900397558453284
0.15916068252717008
0.19052480568618685
0.19420548324381676
0.18467264748471598
0.1800745204732139
0.13580067420928954
0.03853057207138189
0.0
0.0
0.0
0.0
0.0
0.0
0.0
0.0
0.0
0.0
0.0
0.0
0.0
0.009808179910946234
0.062490845356573406
0.09915943115024362
0.14232453140689705
0.15688702581132635
0.15153014878983875
0.1591787913980689
0.16878952176505535
0.1658631269169001
0.15250559399575284
0.15441282651580174
0.13438534625381007
0.13424336795043149
0.0
0.0
0.0
0.0
0.0
0.0
0.0
0.0
0.0
0.0
0.0
0.0
0.0
0.0
0.0
0.0
0.0006126057879905677
0.0029790053786732666
0.004739274716065654
0.003578028855027373
0.00034147311114741485
0.0
0.0
0.0
0.0
0.0
0.0
0.0
0.0
0.0
0.0
0.0
0.0
0.0
0.0
0.0
0.0
0.0
0.00048405312916525165
0.0044164890533098505
0.010958223836045408
0.01682518879074627
0.021111349160425754
0.009704853221161791
0.0032325333608445193
0.0
0.0
0.0
0.0
0.0
0.0
0.0
0.0
0.0
0.0
0.0
0.0
0.0
0.0
0.0
0.0
0.007165989811896234
0.04509488713080062
0.09821999168603407
0.12688370306378027
0.13034056442034825
0.11971662308851154
0.10489456496993052
0.08048019179874036
0.04837048352871616
0.0072700129808394125
0.0022124110038827098
0.0
0.0
0.0
0.0
0.0
0.0
0.0
0.0
0.0
0.0
0.0
0.0
0.0
0.0
0.0002937437001985981
0.00318021628579589
0.007995255830388908
0.012565776607024763
0.014600791694256059
0.012070906095205062
0.0045282158678007665
0.000192469254817166
0.0
0.0
0.0
0.0
0.0
0.0
0.0
0.0
0.0
0.0
0.0
0.0
0.0
0.0
0.0
0.0
0.0
0.0009362790306719898
0.01045382024454251
0.03519874505945113
0.04797046612717581
0.04279457080584677
0.025369423715446895
0.0007721233683807317
0.0
0.0
0.0
0.0
0.0
0.0
0.0
0.0
0.0
0.0
0.0
0.0
0.0
0.0
0.0
0.0
0.004587259338718827
0.021760547360226694
0.04731897220035114
0.059464998882988084
0.08248147503021658
0.08431642875128649
0.020169920149408205
0.0
0.0
0.0
0.0
0.0
0.0
0.0
0.0
0.0
0.0
0.0
0.0
0.0
0.0
0.0
0.0038828245762581415
0.04205697026618855
0.08789044092124733
0.11347092313277009
0.11913114932049701
0.11300886239579545
0.12680628504798397
0.12544050387102462
0.11203178200139317
0.0967448175140094
0.07087324355389613
0.049314600936218325
0.0
0.0
0.0
0.0
0.0
0.0
0.0
0.0
0.0
0.0
0.0
0.00011301618218813416
0.04751140584651303
0.06559722084435035
0.08259181631071215
0.09346147691093883
0.10427115983792835
0.09845422749556676
0.03840861352892069
0.0
0.0
0.0
0.0
0.0
0.0
0.0
0.0
0.0
0.0
0.0
0.0
0.0
0.0
0.0
0.0
0.0
0.0
0.0
0.0
0.0
0.0
0.0007284245287315327
0.0012439287798029946
0.0001083765454704361
0.0
0.0
0.0
0.0
0.0
0.0
0.0
0.0
0.0
0.0
0.0
0.0
0.0
0.0
0.0
0.0
0.0
0.0
0.0
0.0
0.0
0.0
0.0
0.0
0.0
0.0
0.0
0.0
0.0
0.0
0.0
0.0
0.0
0.0
0.0
0.0
0.0
0.0
0.0
0.0
0.0
0.0
0.0
0.0
0.0
0.0
0.0
0.0
0.0
0.0
0.0
0.0
0.0
0.0
0.0
0.0
0.0
0.0
0.0
0.0
0.0
0.0
0.0
0.0
0.0
0.0
0.0
0.0
0.0
0.0
0.0
0.0
0.0
0.0
0.0
0.0
0.0
0.0
0.0
0.0
0.0
0.0
0.0
0.0
0.0
0.0
0.0
0.0
0.0
0.0
0.0
0.0
0.0
0.0
0.0
0.0
0.0
0.0
0.0
0.0
0.0
0.0
0.0
0.0
0.0
0.0
0.0
0.0
0.0
0.0
0.0
0.0
0.0
0.0
0.0015629749534349288
0.0019469194682987163
0.0
0.0
0.0
0.0
0.0
0.0
0.0
0.0
0.0
0.0
0.0
0.0
0.0
0.0
0.0
0.0
0.0
0.0
0.0
0.0
0.0
0.0
0.0
0.0015348515589254268
0.007770616065365671
0.016965965245939567
0.0343783786341308
0.02750054987545612
0.00584745121026215
0.00025406218785681674
0.0
0.0
0.0
0.0
0.0
0.0
0.0
0.0
0.0
0.0
0.0
0.0
0.0
0.0
0.0
0.0
0.0
0.0
0.0
0.0
0.0
0.0
0.0
0.0
0.0
0.0
0.0
0.0
0.0
0.0
0.0
0.0
0.0
0.0
0.0
0.0
0.0
0.0
0.0
0.0
0.0
0.0008008467446750847
0.019382719924996267
0.0008299764739778118
0.0
0.0
0.0
0.0
0.0
0.0
0.0
0.0
0.0
0.0
0.0
0.0
0.0
0.0
0.0
0.0
0.0
0.0
0.0
0.0
0.0
0.0
0.0
0.0
0.0
0.0
0.0
0.0
0.0
0.0
0.0
0.0
0.0
0.0
0.0
0.0
0.0
0.0
0.0
0.0
0.0
0.0
0.0
0.0
0.0
0.0
0.0
0.0
0.0
0.0
0.0
0.0
0.0
0.0
0.0
0.0
0.0
0.0
0.0
0.0
0.0
0.0
0.0
0.0
0.0
0.0
0.0
0.0
0.0
0.0
0.0
0.0
0.0
0.0
0.0
0.0
0.0
0.0
0.0
0.0
0.0
0.0
0.0
0.0
0.0
0.0
0.0
0.0
0.0
0.0
0.0
0.0
0.0
0.0
0.0
0.0
0.0
0.0
0.0
0.0
0.0
0.0
0.0
0.0
0.0
0.0
0.0
0.0
0.0
0.0
0.0
0.0
0.0
0.0
0.0
0.0
0.0
0.0
0.0
0.0
0.0
0.0
0.0
0.0
0.0
0.0
0.0
0.0
0.0
0.0
0.0
0.0
0.0
0.0
0.0
0.0
0.0
0.0
0.0
0.0
0.0
0.0
9.48929506844508e-05
0.0010254358150926638
0.00027400817157771434
0.0
0.0
0.0
0.0
0.0
0.0
0.0
0.0
0.0
0.0
0.0
0.0
0.0
0.0
0.0
0.0
0.0
0.0
0.0
0.004039082602974632
0.04209996090430678
0.08999699263655957
0.12817611723885727
0.14725848483540022
0.13097522167924155
0.09930986190821449
0.06048599697040237
0.015061613104473086
0.001528106684249305
0.0
0.0
0.0
0.0
0.0
0.0
0.0
0.0
0.0
0.0
0.0
0.0
0.0
0.0
0.0
0.0
0.0
0.0
0.0
0.0
0.0
0.0
0.0
0.0
0.0
0.0
0.0
0.0
0.0
0.0
0.0
0.0
0.0
0.0
0.0
0.0
0.0
0.0
0.0
0.0
0.0
0.0
0.0
0.0
0.0
0.0
0.0
0.0
0.0
0.0
0.0
0.0
0.0
0.0
0.0
0.0
0.0
0.0
0.0
0.0
0.0
0.0
0.0
0.0
0.0
0.0
0.0
0.0
0.0
0.0
0.0
0.0
0.0
0.0
0.0
0.0
0.0
0.0
0.0
0.0
0.0
0.0
0.0
0.0
0.0
0.0
0.0
0.008658124970197792
0.039916283185207006
0.0991567744798276
0.13016064662869833
0.13558170812257603
0.12354878121956342
0.032624255747471256
0.0
0.0
0.0
0.0
0.0
0.0
0.0
0.0
0.0
0.0
0.0
0.0
0.0
0.0
0.0
0.0020960346874086618
0.014777687419486192
0.04742956643657109
0.07894700414474663
0.11890868081298721
0.14654974610542043
0.1454823231491975
0.1301841654540723
0.11003411336211898
0.07776052206233608
0.0617426139208545
0.0
0.0
0.0
0.0
0.0
0.0
0.0
0.0
0.0
0.0
0.0
0.0
0.01611002374652282
0.08644386277161803
0.14290255287862877
0.17916730418674284
0.20288883821311385
0.22425399895399176
0.21842463076664465
0.20325793126387967
0.17020281131944984
0.10192441229706893
0.022881882341872887
0.01223095618483795
0.0
0.0
0.0
0.0
0.0
0.0
0.0
0.0
0.0
0.0
0.0
0.0
0.0
0.00392455915654843
0.059284916052140986
0.12724885485851656
0.182121709105965
0.20974638841928236
0.22161904900514326
0.21605268174982198
0.18601225035171717
0.14887002680632888
0.054274940217631726
0.04694740418971538
0.0
0.0
0.0
0.0
0.0
0.0
0.0
0.0
0.0
0.0
0.0
0.0
0.00439723867276619
0.05866006935770871
0.1262376929630059
0.16043182962057534
0.2053879518492834
0.23065521631105215
0.23891620398679503
0.23146740073803704
0.19123177884569265
0.1284980971279848
0.06753423002313867
0.04348216719104255
0.0
0.0
0.0
0.0
0.0
0.0
0.0
0.0
0.0
0.0
0.0
0.0
0.0
0.01330268430385951
0.09599205231315319
0.1565412141560096
0.18836316696388503
0.21781770549428678
0.20353073530743465
0.18327616899307828
0.1520928198137823
0.09468120303657175
0.05407337586722985
0.013170915264948993
0.0001558393050487961
0.0
0.0
0.0
0.0
0.0
0.0
0.0
0.0
0.0
0.0
0.0
0.0
0.0
0.0
0.004255699590064095
0.014306331969762847
0.026930790530635455
0.04017866354924707
0.03141177138299986
0.003406048947519399
0.0
0.0
0.0
0.0
0.0
0.0
0.0
0.0
0.0
0.0
0.0
0.0
0.0
0.0
0.0
0.0
0.0
0.0
0.0
0.000308202445206429
0.0019095715047255058
0.0028061570906165838
0.0024996750424727083
0.0003351728027027012
0.0
0.0
0.0
0.0
0.0
0.0
0.0
0.0
0.0
0.0
0.0
0.0
0.0
0.0
0.0
0.0
0.0
0.0048840161007303725
0.020739102583082415
0.04864373190530388
0.06795799357262802
0.07753124745572619
0.0859065143521548
0.07284401726614641
0.0330992426514318
0.00499422222906934
0.00163846797775027
0.0
0.0
0.0
0.0
0.0
0.0
0.0
0.0
0.0
0.0
0.0
0.0
0.0
0.002143161093373197
0.03589271019114635
0.07907098474952173
0.10185356004403306
0.1175915658177954
0.1268875305568413
0.12112999470554629
0.10344423842763924
0.07581906957868487
0.02992158867645708
0.006585654943569247
0.0
0.0
0.0
0.0
0.0
0.0
0.0
0.0
0.0
0.0
0.0
0.0
0.005807357007916204
0.04463419230031178
0.096904117326839
0.1041730557654077
0.11806024841591915
0.12624675548814535
0.12130729975083955
0.102233503349156
0.07577043983490613
0.045353962176414804
0.015227436708693932
0.005257211223344866
0.0
0.0
0.0
0.0
0.0
0.0
0.0
0.0
0.0
0.0
0.0
0.0
0.0014407004018060603
0.0127185870820762
0.030375624762941564
0.035495970484701184
0.04517857981111401
0.046359541420042054
0.0450403086481612
0.026544469515269054
0.015474103958228286
0.0029576337437036892
0.0
0.0
0.0
0.0
0.0
0.0
0.0
0.0
0.0
0.0
0.0
0.0
0.0
0.0
0.0
0.0
0.0
0.0
0.0
0.0
0.0
0.0
0.0
0.0
0.0
0.0
0.0
0.0
0.0
0.0
0.0
0.0
0.0
0.0
0.0
0.0
0.0
0.0
0.0
0.0
0.0
0.0
0.0
0.0
0.0
0.0
0.0
0.0
0.0
0.0
0.0
0.0
0.0
0.0
0.0
0.0
0.0
0.0
0.0
0.0
0.0
0.0
0.0
0.0
0.00298433913443995
0.025062733551868506
0.06256074621580797
0.08451636176861534
0.10463653309734157
0.11044492709903014
0.09335952007299617
0.058215240403071015
0.010317560750352974
0.0023452609313875873
0.0
0.0
0.0
0.0
0.0
0.0
0.0
0.0
0.0
0.0
0.0
0.0
0.0
0.004534210631696182
0.033525364734070154
0.0753608915646535
0.09638379978034829
0.11537695363164817
0.13926081313374172
0.1459446898342411
0.13265503296111905
0.0791203667579027
0.031197765322118536
0.011930234781039878
0.0
0.0
0.0
0.0
0.0
0.0
0.0
0.0
0.0
0.0
0.0
0.0
0.0
4.239370793307492e-05
0.021095160620231368
0.07214061842362252
0.0837225806257692
0.0853622811980807
0.08459533514239899
0.07601029067036418
0.06134254313176931
0.04207917345238819
0.020509492383767553
0.010730509072790459
0.0
0.0
0.0
0.0
0.0
0.0
0.0
0.0
0.0
0.0
0.0
0.0016351671379917674
0.06215319455747089
0.09688916446322944
0.13673136289274254
0.10332456946689755
0.07056518648433824
0.09111846496998803
0.11676431480579397
0.11815364226683596
0.09816971096284571
0.06947199456182648
0.03365793932804131
0.007973802514495865
0.0
0.0
0.0
0.0
0.0
0.0
0.0
0.0
0.0
0.0
0.0
0.0
0.0
0.0017830826225073058
0.019292703025333067
0.04324320350054067
0.061516006694628714
0.0768716297253284
0.08450177312109321
0.08223994843175643
0.06704836199758976
0.0216942448287392
0.0006202471765902787
0.0
0.0
0.0
0.0
0.0
0.0
0.0
0.0
0.0
0.0
0.0
0.0
0.0
0.0
0.008158243282317512
0.06346324457299152
0.10436395683687215
0.1359651051648087
0.15597518390815962
0.16419926386668895
0.17216016840494405
0.15381872464430277
0.10812689604155341
0.055612402779939674
0.015784945540772397
0.0022304324192549954
0.0
0.0
0.0
0.0
0.0
0.0
0.0
0.0
0.0
0.0
0.0
0.008291147843096354
0.04130737873025697
0.10191053681839665
0.12704410559669993
0.1422068917021506
0.1509589343200576
0.13681866919353725
0.10154190819208542
0.063883518012164
0.0
0.0
0.0
0.0
0.0
0.0
0.0
0.0
0.0
0.0
0.0
0.0
0.0
0.0
0.019916007420322915
0.06236032814718279
0.08271045783710161
0.10650786224421357
0.13508676135854822
0.1577963759512687
0.17182463967422645
0.16833363783880462
0.14639407748128888
0.14504613347347453
0.08154212626565517
0.03709404603997425
0.0
0.0
0.0
0.0
0.0
0.0
0.0
0.0
0.0
0.0
0.0
0.0
0.0
0.0
0.00047300087697967644
0.005044417715343074
0.02463657172422937
0.055887993449243605
0.08443952645525832
0.09022962680054997
0.08537063112446898
0.08310236115898313
0.030055034630517643
0.003507288082995433
0.0
0.0
0.0
0.0
0.0
0.0
0.0
0.0
0.0
0.0
0.0
0.0
0.0
0.0
0.0
0.0
0.0
0.0
0.0011258709496565413
0.0013698072631152137
0.0004243405773991371
0.0
0.0
0.0
0.0
0.0
0.0
0.0
0.0
0.0
0.0
0.0
0.0
0.0
0.0
0.0
0.0
0.0
0.0
0.0004876153665674748
0.004376383393053528
0.00770194576754479
0.02050874325143868
0.019631919666282673
0.007300644282518409
0.0014937414554734305
0.0
0.0
0.0
0.0
0.0
0.0
0.0
0.0
0.0
0.0
0.0
0.0
0.0
0.0
0.0
0.0
0.0
0.0
0.0
0.0
0.0
0.0
0.0
0.0
0.0
0.0
0.0
0.0
0.0
0.0
0.0
0.0
0.0
0.0
0.0
0.0
0.0
0.0
0.0
0.0
0.0
0.0
0.0
0.0
0.0
0.0
0.0
0.0
0.0
0.0
0.0
0.0
0.0
0.0
0.0
0.0
0.0
0.0
0.0
0.0
0.0
0.0
0.0
0.0
0.0
0.0
0.0
0.0
0.0
0.0
0.0
0.0
0.0
0.0
0.0
0.0
0.0
0.0
0.0
0.0
0.0
0.0
0.0
0.0
0.0
0.0
0.0
0.0
0.0
0.0
0.0
0.0
0.0012008734790846633
0.0019702951379563754
0.001598191390841196
0.0001258487755313108
0.0
0.0
0.0
0.0
0.0
0.0
0.0
0.0
0.0
0.0
0.0
0.0
0.0
0.0
0.0
0.0
0.0012184260528079471
0.00906943838272361
0.0411472249850648
0.07012212413312645
0.09283778321625255
0.09969182098349742
0.09266183236066794
0.09135093907793813
0.03846838044158029
0.004743062017170202
0.0
0.0
0.0
0.0
0.0
0.0
0.0
0.0
0.0
0.0
0.0
0.0
0.0
0.0002991053338096185
0.00915091465572178
0.049386565937633055
0.08098343983544254
0.10706046741310747
0.1368651227844753
0.15109989396619258
0.15191104171993436
0.17058140908369557
0.11012613083314098
0.05525246171806369
0.0
0.0
0.0
0.0
0.0
0.0
0.0
0.0
0.0
0.0
0.0
0.0
0.0
0.003159226535217229
0.042528167793086755
0.06958755751412249
0.09104806307036803
0.10036018596957182
0.12224757940167312
0.11657180080654626
0.09880303047569917
0.09593815065780006
0.041401733282336026
0.005595897480486377
0.0
0.0
0.0
0.0
0.0
0.0
0.0
0.0
0.0
0.0
0.0
0.0
0.0017671970235448946
0.03787818881900883
0.07768165147674959
0.10130455416283876
0.11615836776790173
0.13960881994691843
0.15424717309537508
0.15581788644231095
0.14090608148138897
0.1406810060907651
0.08606172461433644
0.05088928064510207
0.0
0.0
0.0
0.0
0.0
0.0
0.0
0.0
0.0
0.0
0.0
0.0
0.023356281182438075
0.07708948903204885
0.1340347320580353
0.18260110322129317
0.20288144045733328
0.2143140541792511
0.21732136834328228
0.22081894975632235
0.20192866337673399
0.20341497916468126
0.17994808376267607
0.13172380579547996
0.10929386823454298
0.0
0.0
0.0
0.0
0.0
0.0
0.0
0.0
0.0
0.0
0.0
0.024167705317040898
0.13419665667357955
0.19476386922694752
0.23500669216275136
0.2620193313449398
0.2466021819265417
0.2528632764711059
0.26586620980312026
0.3355962188904684
0.39093578201410956
0.0
0.0
0.0
0.0
0.0
0.0
0.0
0.0
0.0
0.0
0.0
0.0
0.0
0.009243798180933219
0.08116437657527859
0.12112845547399836
0.17298752736817857
0.21617171477049532
0.25630686755927085
0.28710379506197065
0.2921165353351675
0.29211528385167057
0.27737591623917174
0.30298027086901796
0.2514024662958525
0.22484448784233754
0.0
0.0
0.0
0.0
0.0
0.0
0.0
0.0
0.0
0.0
0.0
0.0
0.008832418532282968
0.061260997799816086
0.11400841512681403
0.15046749059388811
0.1817738194161604
0.19419859444342585
0.20489643613187875
0.20120340461735495
0.1828135565539678
0.18866798417740688
0.12702207652575048
0.09159080591296992
0.0
0.0
0.0
0.0
0.0
0.0
0.0
0.0
0.0
0.0
0.0014342378094311554
0.01753702312177315
0.07798234216316634
0.11079592291132265
0.1567940262447405
0.16800099547006356
0.17777858004249952
0.19531411736411408
0.21599849984404867
0.21221467955239637
0.2033830086442467
0.2211708445555695
0.1755624718838515
0.1646406831914311
0.0
0.0
0.0
0.0
0.0
0.0
0.0
0.0
0.0
0.0
0.004268005328123501
0.05163632914677753
0.10259122129189675
0.13476067263151958
0.17514275301079993
0.21399905225729732
0.2132542141076858
0.201145791997372
0.07523504256471898
0.0
0.0
0.0
0.0
0.0
0.0
0.0
0.0
0.0
0.0
0.0
0.0
0.0
0.0
0.0
0.0
0.0
0.0
0.0
0.0
0.0
0.0
0.0
0.0
0.0
0.0
0.0
0.0
0.0
0.0
0.0
0.0
0.0
0.0
0.0
0.0
0.0
0.0
0.0
0.0
0.0
0.0
0.0
0.01065497251799003
0.04057576178135004
0.07388570121492985
0.09682541623157352
0.10587595525336625
0.10697539163179995
0.08492048860228137
0.0539954582230419
0.022754692244072013
0.000665362421799147
0.0
0.0
0.0
0.0
0.0
0.0
0.0
0.0
0.0
0.0
0.0
0.0
0.0
0.0014093889105182905
0.036925471358666036
0.10029058921025721
0.12491616469478185
0.15154452557945988
0.17062773746066096
0.18258250348203028
0.1415549967935072
0.09416567609127724
0.0
0.0
0.0
0.0
0.0
0.0
0.0
0.0
0.0
0.0
0.0
0.0
0.0
0.0003372961554462473
0.04005892072633878
0.08412669982947238
0.15482703807823894
0.19588873637910625
0.21966720629741757
0.2315891735611691
0.2357120051186082
0.24373694196481535
0.229705079440881
0.2550650086323033
0.1922616457108007
0.14221652898148918
0.0
0.0
0.0
0.0
0.0
0.0
0.0
0.0
0.0
0.0
0.0
0.0
0.0
0.0008847682730435963
0.026775605844102407
0.05780372810680115
0.08802405949223281
0.12036196782828701
0.1443251453081684
0.15696809923139662
0.1530196860756611
0.16441234122137444
0.08528142878832937
0.029762045498592616
0.0
0.0
0.0
0.0
0.0
0.0
0.0
0.0
0.0
0.0
0.0
0.0
0.0009084686118811077
0.036679042873497936
0.08083143290710836
0.11588718563834458
0.1497098062532278
0.174983175593836
0.19729655189579057
0.2019848049131979
0.2002310782500304
0.2234128315657998
0.1794295758682504
0.14800400812266346
0.0
0.0
0.0
0.0
0.0
0.0
0.0
0.0
0.0
0.0
0.0
0.0
0.04348320687553227
0.10360806123933841
0.15345232152295835
0.18760838714831496
0.2215014769065349
0.24687986841401818
0.26067737869534974
0.2623985826207986
0.2454307289672939
0.2590999254713305
0.2037857612839747
0.1674484878250412
0.0
0.0
0.0
0.0
0.0
0.0
0.0
0.0
0.0
0.0
0.0
0.0
0.0008876566686449191
0.0007293750723902866
0.00014319743542460072
0.0009412936681533897
0.0018267198862108901
0.0020639174382183502
0.005443020732392692
0.003268610687614564
0.0007079751441780352
0.0
0.0
0.0
0.0
0.0
0.0
0.0
0.0
0.0
0.0
0.0
0.0
0.0
0.0
0.0
0.0
0.0
0.0
0.0001245173146988903
0.0019485208675619676
0.013979118056908544
0.03688773063502154
0.049970963526225334
0.04798664018856392
0.018982225120978566
7.107265394043358e-05
0.0
0.0
0.0
0.0
0.0
0.0
0.0
0.0
0.0
0.0
0.0
0.0
0.0
0.0
0.0
0.0
0.0
0.0
0.001062690707405571
0.006270452253884768
0.012459283393815091
0.0
0.0
0.0
0.0
0.0
0.0
0.0
0.0
0.0
0.0
0.0
0.0
0.0
0.0
0.0
0.0
0.021306761758764736
0.0674768703429837
0.10373817260110287
0.13469940519310755
0.15927728079321302
0.16215285390545006
0.173604338240352
0.17970871946651512
0.17148427422928733
0.193178961994069
0.15426239724392402
0.12964101613646548
0.0
0.0
0.0
0.0
0.0
0.0
0.0
0.0
0.0
0.0
0.02642907454287966
0.07154201276667715
0.10384025101237879
0.11972931754855315
0.13849266168195737
0.19965391481830236
0.24482568128172488
0.24020253694237828
0.19260852686426846
0.15198790592945058
0.12279448604211626
0.09728835642945623
0.04244641798363625
0.013528469879389955
0.0
0.0
0.0
0.0
0.0
0.0
0.0
0.0
0.0
0.0
0.0
0.0
0.0
0.0
0.008352845651318814
0.04543505341995421
0.07773534145023002
0.10115129258164768
0.1253283954131481
0.1388560113889108
0.13501467838388084
0.14732462363451174
0.08525004939253789
0.01943881319763357
0.0
0.0
0.0
0.0
0.0
0.0
0.0
0.0
0.0
0.0
0.0
0.0
0.0
0.0012956077632677633
0.035731586610405895
0.06880690775092296
0.09157523459619397
0.10802220110849588
0.11658077275828438
0.1163111057418367
0.10799397220834776
0.0984638104793777
0.04960849154925692
0.023322278292321107
0.0
0.0
0.0
0.0
0.0
0.0
0.0
0.0
0.0
0.0
0.0
0.0
0.0001710509621048101
0.02926331263360497
0.07386533105040252
0.09292789315197995
0.10673931436331144
0.11074997152483224
0.11860911728539311
0.11679165035270907
0.10225193441169629
0.10626123741311647
0.06551393413959467
0.05241406215767133
0.0
0.0
0.0
0.0
0.0
0.0
0.0
0.0
0.0
0.0
0.0
0.0
0.0
0.0
0.00048620251697848094
0.005006015730966818
0.05637670926269913
0.10739163902656419
0.14712625410459662
0.17758569965025878
0.1864667485959649
0.19761879480324068
0.1175541090816325
0.022735876769483614
0.0
0.0
0.0
0.0
0.0
0.0
0.0
0.0
0.0
0.0
0.0
0.0
0.0
0.001349298424919636
0.047373177945755574
0.12370780228077997
0.16589797680880228
0.2049253738630365
0.2264617634843955
0.23611718099823165
0.28216841357532607
0.29603332357517287
0.0
0.0
0.0
0.0
0.0
0.0
0.0
0.0
0.0
0.0
0.0
0.0
0.0
0.0004447740867574858
0.06379625527150651
0.12161285296556275
0.17406212636005794
0.20845928589568982
0.2415255958210062
0.24862617484559082
0.26548426748257864
0.26767755048212927
0.25607052459417484
0.2829412707717807
0.21157097148584908
0.17005040212623285
0.0
0.0
0.0
0.0
0.0
0.0
0.0
0.0
0.0
0.0
0.0
0.014927094254589778
0.07731205659442605
0.11983837746902506
0.1696574568537009
0.2074704711021741
0.2429055087894
0.27046422377648843
0.29316008818570677
0.300115103826576
0.2879093580807303
0.32835675139763426
0.2955642699249693
0.2653263651267535
0.0
0.0
0.0
0.0
0.0
0.0
0.0
0.0
0.0
0.0
0.0
0.0
0.0018643421412169125
0.013122101201470086
0.05629462162775703
0.09455199950513093
0.1180545024740762
0.1611119628216285
0.1810681288290564
0.1820721018206579
0.17543536604140414
0.1830124302146518
0.13939035910801043
0.11062938556218214
0.0
0.0
0.0
0.0
0.0
0.0
0.0
0.0
0.0
0.0
0.0
0.0012413433458078227
0.05810715746272142
0.10031365922582446
0.13908301721212632
0.1701072731475179
0.1973710200948848
0.217949653243668
0.22030201262382745
0.21507916827034038
0.20046974261554149
0.21672391984826853
0.18425449387734186
0.16877217917764326
0.0
0.0
0.0
0.0
0.0
0.0
0.0
0.0
0.0
0.0006750892213059422
0.04568152120523666
0.1190518920827929
0.1537594013204997
0.1807824112519377
0.21511121370884967
0.24686514640128207
0.26181221744254196
0.2675288403367024
0.28283093463665143
0.27333856786903
0.261066383637251
0.28483599033559165
0.24113721567066787
0.20958703538196483
0.0
0.0
0.0
0.0
0.0
0.0
0.0
0.0
0.0
0.0
0.0
0.03205983164735209
0.16313146288544955
0.19508928041881038
0.23622698062103106
0.25914103076503675
0.2780851029102229
0.29097540190351906
0.30333130861480123
0.30051221675789064
0.2832800941570347
0.32343356406744667
0.3263567982057815
0.24874366530300515
0.2454622244990081
0.0
0.0
0.0
0.0
0.0
0.0
0.0
0.0
0.0
0.0
0.04313029899816075
0.20731478051119312
0.2249620053761639
0.2780563658496042
0.2781136738645398
0.2982789911003025
0.3049999815367407
0.3044036846301532
0.31273415575607355
0.36546687155803154
0.39865448214574106
0.0
0.0
0.0
0.0
0.0
0.0
0.0
0.0
0.0
0.0
0.0
0.0
0.040537228693324705
0.1195228127433236
0.16200587659586288
0.19502654710247114
0.23026103028377246
0.24922283926299416
0.25615594819927323
0.27617301896471225
0.2796021028611552
0.27211317860227696
0.2626374981784791
0.27864115106426673
0.23238361172572028
0.20179552293089711
0.0
0.0
0.0
0.0
0.0
0.0
0.0
0.0
0.0
0.03740058998793076
0.10780545061824363
0.13842791316490644
0.1637563047728011
0.2033182729664973
0.21117884088992298
0.2332645483699798
0.2518895151546815
0.25304082155780816
0.2578940284702204
0.25387397656450406
0.23730121064300297
0.2608351120903273
0.2301101478544571
0.21772100712372683
0.0
0.0
0.0
0.0
0.0
0.0
0.0
0.0
0.0
0.102368858260301
0.15367889172930738
0.14998771905212985
0.18048568147822233
0.20984754383475915
0.21421272902064037
0.23221641677482865
0.24241594898966937
0.2542020543798137
0.2627427637461904
0.2597070973259448
0.25443050830526176
0.275838386154563
0.23977637311286068
0.22821262301339923
0.0
0.0
0.0
0.0
0.0
0.0
0.0
0.0
0.0
0.1536917199896935
0.1703852666274699
0.1697104111566724
0.1900841698702826
0.2138975813421949
0.23410344669022184
0.2387884163513515
0.2357562752423396
0.1482867402997622
0.09140097972586797
0.07953047376341682
0.05677483070983361
0.0451527775191774
0.02400031735772
0.0076913800999445555
0.0
0.0
0.0
0.0
0.0
0.0
0.0
0.0
0.0
0.0
0.0
4.271077215829261e-05
0.06138485709085343
0.10928295321258812
0.160909841859756
0.20228222370385768
0.23179442044939658
0.26087545085945946
0.2733308013569027
0.2743086717183813
0.27209290664257
0.3118647663611926
0.2747970996238626
0.2312035523219355
0.0
0.0
0.0
0.0
0.0
0.0
0.0
0.0
0.0
0.0
0.0
0.0
0.0009196104487860235
0.05985800066263278
0.12271576843704707
0.1708674376166835
0.20543219312190736
0.23146846303200486
0.24673126974798465
0.25417759489242475
0.2529652063851342
0.29672828024910214
0.3128567460714336
0.24733735194371165
0.2621369107153823
0.0
0.0
0.0
0.0
0.0
0.0
0.0
0.0
0.0
0.0
0.17706081226705503
0.29120023388777505
0.2917100530390927
0.3441220626802773
0.3488159820128851
0.3768814071123007
0.38634538527158513
0.38909529834731854
0.3851027065042546
0.45213199099417306
0.4990064020348523
0.0
0.0
0.0
0.0
0.0
0.0
0.0
0.0
0.0
0.0
0.0
0.23553008878908907
0.2351339693273982
0.2250534634641695
0.2341066354192183
0.2642168080469865
0.2894335255433093
0.3043375966642098
0.3273663593119132
0.3495107525976773
0.35617510211801845
0.3554605142569272
0.3425520855498353
0.37440681325435793
0.3391783581680452
0.3192956022761293
0.0
0.0
0.0
0.0
0.0
0.0
0.0
0.0
0.0
0.22208795663822314
0.21404454271148637
0.24014202613900892
0.25790244462124806
0.30027278608936225
0.33196115474790694
0.34838620421169203
0.3595171281403797
0.34369187779753707
0.3257247085868846
0.34935850093741033
0.34696124188017463
0.3914842342915122
0.34635006915275435
0.32567195575644425
0.0
0.0
0.0
0.0
0.0
0.0
0.0
0.0
0.0
0.16215631683444592
0.16046969361989158
0.1565457348551697
0.16738727497458278
0.19000757415674233
0.2233973892943796
0.2383025731308442
0.24379142504073661
0.25299173917318973
0.2435817606456135
0.2328365889149336
0.22413917494289576
0.2519435373511864
0.22163753308730205
0.20784237143143672
0.0
0.0
0.0
0.0
0.0
0.0
0.0
0.0
0.0
0.010197935766354117
0.06045686285583688
0.1098836878234783
0.1488584114176594
0.16608455893660726
0.18246856467630387
0.18473978140833933
0.18669753988438126
0.1886132772038014
0.1946392818982022
0.19280140377102314
0.17667256008272011
0.18989689634465812
0.15668212011087876
0.13907980266571102
0.0
0.0
0.0
0.0
0.0
0.0
0.0
0.0
0.0
0.03529900539391643
0.0686989660087309
0.08652394610762577
0.1223988105124158
0.1628803472608424
0.20478569028870142
0.23632620605091748
0.2513464124457257
0.26507541447008914
0.2476908781476079
0.22512255767858616
0.19607129250502212
0.2191280601280908
0.17810017482085344
0.13682595161326716
0.0
0.0
0.0
0.0
0.0
0.0
0.0
0.0
0.0
0.0
0.0
0.0030022546594967565
0.09548090296956441
0.15538641200864947
0.21070809559077783
0.25523880580386427
0.2830367054345658
0.283136976415229
0.2926039519663597
0.2989553398795847
0.2973782518795716
0.34108376108049787
0.32239193653776904
0.2263828138840403
0.20097550373065287
0.0
0.0
0.0
0.0
0.0
0.0
0.0
0.0
0.0
0.0
0.0015948852977567935
0.1524521968887961
0.23004086170320168
0.28595163633704196
0.29329786449642314
0.3083523370093395
0.3292192746193123
0.33484030350882954
0.3471998275958666
0.4273991579484576
0.4807299913539316
0.0
0.0
0.0
0.0
0.0
0.0
0.0
0.0
0.0
0.0
0.0
0.0
0.0020519305764005614
0.06391001806606432
0.134583125009662
0.17389912251130163
0.20489782245039298
0.23069122881836832
0.26053993094829936
0.28502290733201463
0.3024929000958318
0.3146641641574142
0.3085649155034279
0.34271370972162046
0.2916229418619436
0.25765135392213767
0.0
0.0
0.0
0.0
0.0
0.0
0.0
0.0
0.0
0.16423793574878656
0.18109832992994676
0.1945090983066076
0.2250821677381078
0.24762921129481255
0.27038709610881334
0.29416775529482747
0.31328705395121687
0.32824249608497674
0.31955513627153365
0.3084172110389432
0.3034325253361673
0.3454631328029857
0.3012211377222549
0.26809059012613884
0.0
0.0
0.0
0.0
0.0
0.0
0.0
0.0
0.0
0.17586221930776536
0.19435082887731117
0.2113059848919113
0.21786016373839873
0.23797215712530553
0.2397574462435649
0.23476366992417885
0.23536984462951394
0.2544143477872449
0.27315387324081136
0.2570047415669586
0.19108231852016236
0.16065434824043384
0.13431209228823254
0.13070647732311247
0.0
0.0
0.0
0.0
0.0
0.0
0.0
0.0
0.0
0.0
0.0
0.0
0.0019510690212315516
0.029027924635382046
0.06340488390413693
0.09940728117282997
0.1344253311684723
0.15581904721012707
0.17678115538864403
0.18384776067324818
0.18059247759253724
0.2000256317393629
0.15345251316344813
0.07676655596064426
0.0
0.0
0.0
0.0
0.0
0.0
0.0
0.0
0.0
0.0
0.0
0.0
0.006881353114413949
0.05157851325925332
0.08736935141049035
0.11376476553104747
0.14360441734041823
0.1794907122230153
0.2078790222096889
0.215758011164271
0.21524346268289327
0.24273086279642617
0.20202427504016643
0.15676957130881233
0.0
0.0
0.0
0.0
0.0
0.0
0.0
0.0
0.0
0.0
0.0
0.0
0.052352211664227495
0.13884662573823972
0.20297435746256473
0.23490947988573732
0.2578608809475847
0.2795601262707984
0.29313099640816487
0.2955421492205056
0.2830067839304519
0.32228026572210344
0.34004978891679827
0.26127955275519704
0.2759256910458959
0.0
0.0
0.0
0.0
0.0
0.0
0.0
0.0
0.0
0.0
0.17773674080806875
0.3332068412799831
0.2785224011381362
0.30436733626514345
0.30622122873792046
0.3324377826052074
0.34419367167070647
0.3606633410812998
0.3647550114856347
0.41764137694909265
0.4650156216371557
0.0
0.0
0.0
0.0
0.0
0.0
0.0
0.0
0.0
0.0
0.0
4.8737633217455024e-05
0.012265457621698646
0.04245266694203032
0.07620324398756277
0.08743554922190833
0.12698316653020164
0.17151490656287785
0.21157761877745576
0.24087461496507845
0.26237006075435454
0.27405867238717924
0.27366442667734586
0.3038625475964246
0.24968267292216517
0.18908867549543582
0.0
0.0
0.0
0.0
0.0
0.0
0.0
0.0
0.0
0.0
0.0
0.0019561991921985067
0.050686971469003035
0.08319593483103115
0.12696630063159856
0.15881770452868624
0.1808559031871602
0.19227647886844879
0.20443343735055208
0.19375687763338667
0.17800136936205668
0.20042232934978893
0.17452500962578243
0.1546360324996844
0.0
0.0
0.0
0.0
0.0
0.0
0.0
0.0
0.0
0.0
0.0
0.034821465438734975
0.11290434925585334
0.1884977194367773
0.27125779923316923
0.31101495819736824
0.3265602643156048
0.3420830189744568
0.35524490526413105
0.36077989315191766
0.34699540116127703
0.3755660354224063
0.34902708063470217
0.3267552926359936
0.0
0.0
0.0
0.0
0.0
0.0
0.0
0.0
0.0
0.3392726940068533
0.30528182236998724
0.2901283797208569
0.273533443533292
0.3064033707962675
0.3385524369718645
0.3545257766960162
0.3644642131104167
0.37121595419252096
0.3850699615632899
0.38615572792536074
0.3778194658080279
0.41754642633632116
0.3905409556829958
0.360609905145962
0.0
0.0
0.0
0.0
0.0
0.0
0.0
0.0
0.0
0.5019319672222059
0.4103323803559945
0.3242780630835082
0.2879217374416399
0.3196265087225868
0.35383619582072057
0.3753764908683988
0.3898003767254706
0.40369236946204984
0.4150612246746351
0.4136577428265529
0.39745999139203486
0.4393646270985547
0.4183770218244909
0.39131258062275887
0.0
0.0
0.0
0.0
0.0
0.0
0.0
0.0
0.0
0.13951770299617064
0.12324212634658463
0.1265948002432087
0.1472387908522604
0.16043752238973963
0.1976402303866337
0.22692139183424634
0.24844574942668296
0.2635210463241543
0.27602579695859075
0.28251025243677613
0.27465196039691214
0.30048224636378
0.2875342256913618
0.1735573619538355
0.118255863221159
0.0
0.0
0.0
0.0
0.0
0.0
0.0
0.0
0.0
0.0
0.0
0.0
5.411911393540936e-05
0.025759539988633083
0.10198229357109614
0.16011451282445607
0.1963566052829647
0.21952759838458058
0.23385233057004629
0.2902214002628282
0.3461500969769738
0.0
0.0
0.0
0.0
0.0
0.0
0.0
0.0
0.0
0.0
0.0
0.0
0.0
0.00031212857075611577
0.052594323625563724
0.10789862479196023
0.16168070310089722
0.1983724808358439
0.22837633384638725
0.24525281687452488
0.25650256329147253
0.2540262478031341
0.24394933467032448
0.2746948274530177
0.23787241611055487
0.19123192598250652
0.0
0.0
0.0
0.0
0.0
0.0
0.0
0.0
0.0
0.0
0.0
0.05222235016853039
0.14378883672567283
0.187917390628861
0.23078351690804372
0.25064924191654475
0.26149388414301067
0.26930896541908367
0.2597821600517364
0.2484326660630735
0.23198223567306342
0.2466156106684728
0.22528353627587833
0.2079187424284235
0.0
0.0
0.0
0.0
0.0
0.0
0.0
0.0
0.0
0.2133413296816482
0.19967141942134917
0.2098509012397778
0.22758451599538182
0.2634162737091974
0.2926769964314876
0.31081650847038367
0.32585835011330094
0.3357910512323765
0.3404272622005466
0.33739645984688327
0.32237117094279244
0.3637868447074574
0.32852598835059954
0.2934718728321244
0.0
0.0
0.0
0.0
0.0
0.0
0.0
0.0
0.0
0.043715765801091135
0.05452625499427039
0.08041658801664865
0.1137690962840031
0.14315057225140349
0.18986001749721404
0.2292225328497912
0.2693913835831615
0.30001272420365505
0.3187893091240391
0.3219073795172329
0.32242044836783235
0.36320171473737795
0.33406894035784285
0.29605221916368263
0.0
0.0
0.0
0.0
0.0
0.0
0.0
0.0
0.0
0.26902014293344967
0.23027747026326467
0.18856947522462075
0.18521826875303965
0.2083856741338356
0.24440535958757334
0.2644789303539865
0.28488976174634634
0.30235508041347764
0.32316457864058235
0.32966371791293625
0.32625608248084637
0.37079224285747386
0.34279614871817665
0.29025192802945693
0.0
0.0
0.0
0.0
0.0
0.0
0.0
0.0
0.0
0.0036937081955180895
0.06631831506952782
0.19583192089550686
0.25427492418129327
0.26677700313613156
0.315047526619536
0.33840685949171617
0.3651301499433738
0.3891542156522501
0.40848126396819207
0.41389526752982725
0.4079782980979624
0.4782733311871058
0.5225634328365864
0.45199102803121505
0.48912243175119974
0.0
0.0
0.0
0.0
0.0
0.0
0.0
0.0
0.0
0.0
0.2605665740439485
0.349748630110744
0.2886375278586742
0.33664350894720735
0.33387638776015904
0.35967206390450024
0.38475454320820796
0.4101231557525491
0.4172310351731642
0.4998137236548577
0.5593069454055773
0.0
0.0
0.0
0.0
0.0
0.0
0.0
0.0
0.0
0.0
0.0
0.0
0.0
0.40915729927572364
0.4177355325151193
0.34146318845249185
0.37084233683009815
0.3601308722589144
0.3971218826942471
0.4210652802083958
0.4281349903054435
0.435933160454541
0.5177743603882665
0.5755788259605162
0.0
0.0
0.0
0.0
0.0
0.0
0.0
0.0
0.0
0.0
0.0
0.45477984999346854
0.37358879282108093
0.3067093598924963
0.27929489767451926
0.30957211545508984
0.3415021871459669
0.3605352297265278
0.38297749164551237
0.3900123662712479
0.3868116108658866
0.3803353882819349
0.2892817031096106
0.2694585884619064
0.2546879896460781
0.23293667548355568
0.0
0.0
0.0
0.0
0.0
0.0
0.0
0.0
0.0
0.46524998339929113
0.3567020926012319
0.30036080683618743
0.2802699706492566
0.3009326286079232
0.31322589753909236
0.33326124254716455
0.346548901128115
0.3469365699007046
0.35053696623728514
0.35104199930994906
0.3478939538175886
0.32693557977204113
0.26889321374438213
0.2538997045349443
0.0
0.0
0.0
0.0
0.0
0.0
0.0
0.0
0.0
0.0688574845096951
0.14278309772346012
0.21362327949345292
0.24301992501772013
0.276548144074956
0.28932785913158315
0.3028851979298105
0.33610351369182806
0.35580376303645683
0.3622244089346002
0.36653267119820276
0.3611413395866003
0.3924632377262748
0.3471084595606063
0.30417450171661
0.0
0.0
0.0
0.0
0.0
0.0
0.0
0.0
0.0
0.20097602448532265
0.2133023973068882
0.23865857261495227
0.2575852454060723
0.29147542309567515
0.3227230099279823
0.34547800166301507
0.36111088538680347
0.37230693317798114
0.3857059239668351
0.3818530593276726
0.36422717228536616
0.4010821997104765
0.37105593831355177
0.3353686562021216
0.0
0.0
0.0
0.0
0.0
0.0
0.0
0.0
0.0
0.23544721209257988
0.2810483586184523
0.29284957241089726
0.298283380840153
0.2898443752513643
0.3175097044008473
0.3345893704242909
0.3453749652695271
0.35415800690487764
0.36214159452697403
0.3603247339014898
0.3491925822892792
0.40084314484375094
0.42941272360278776
0.3410750642669368
0.34419018028592707
0.0
0.0
0.0
0.0
0.0
0.0
0.0
0.0
0.0
0.0
0.23640417731487665
0.34355075299780263
0.3046704455789785
0.34723393337635894
0.3432700882069604
0.3563845408491427
0.35872209906704383
0.3597348112006548
0.35783075976604606
0.42643042521239155
0.4922438930726055
0.0
0.0
0.0
0.0
0.0
0.0
0.0
0.0
0.0
0.0
0.0
0.03351983862876297
0.1289247619729295
0.17982589663937684
0.2128446798204465
0.2539443360880612
0.2898200060736985
0.3150696755103135
0.33210047208486126
0.34519244500120533
0.35995728321469433
0.3573387231379195
0.3440745285384284
0.38519860781109666
0.3554713663846777
0.3173893742232965
0.0
0.0
0.0
0.0
0.0
0.0
0.0
0.0
0.0
0.0
0.04988745845896282
0.17065894308506768
0.22614257565474694
0.2673773745545404
0.2956630366810606
0.3135789419696277
0.3306803400896823
0.35067234612707715
0.3713775624471693
0.37020800329950615
0.35425787060863323
0.3931807236568086
0.3585613085007326
0.3130300055153364
0.0
0.0
0.0
0.0
0.0
0.0
0.0
0.0
0.0
0.0
0.014864393187205307
0.1486881118413543
0.21917917004616516
0.2664287204857216
0.300764334875738
0.32445128830768366
0.3407213596007946
0.3556372712606987
0.373197836553124
0.37278884985322536
0.3594297592054145
0.40010194718328773
0.3686315444495713
0.3392241631342741
0.0
0.0
0.0
0.0
0.0
0.0
0.0
0.0
0.0
0.011897098434125536
0.1283704181841146
0.2130910831381573
0.25482198567079783
0.2965296263744948
0.3277653266985548
0.3493885520024545
0.363266281859515
0.3732739009607488
0.3861536368980363
0.38563215474232576
0.3740393500280832
0.41924553947360627
0.39056145087651506
0.3598307069428132
0.0
0.0
0.0
0.0
0.0
0.0
0.0
0.0
0.0
0.1350406128692745
0.21409376901702132
0.24658165419945532
0.2658371445054374
0.30042871915453573
0.3310527800834951
0.35314369213754637
0.36236498798917227
0.3678304149550452
0.37475408733391485
0.3752127038532487
0.3693199214696273
0.41972951886457177
0.3908658241540143
0.35660472411732747
0.0
0.0
0.0
0.0
0.0
0.0
0.0
0.0
0.0
0.12150491938899266
0.24358723350955314
0.29413885959130637
0.3144156596475521
0.3128333937140506
0.3463683817110706
0.3703502115383204
0.38632073794655014
0.3970597584510478
0.40624292573576476
0.4061949837883786
0.3952495275455593
0.4538653854227647
0.4892819294438985
0.41366426883570295
0.42310796462357436
0.0
0.0
0.0
0.0
0.0
0.0
0.0
0.0
0.0
0.0
0.4277784274687009
0.4959847540100448
0.4082997868199572
0.43076890781610455
0.4050694762517865
0.412939158439357
0.4157834656449845
0.4159747051913159
0.3959429551722775
0.4255934131416955
0.4295554816600235
0.0
0.0
0.0
0.0
0.0
0.0
0.0
0.0
0.0
0.0
0.0
0.33977794912364717
0.3211367644891024
0.29475020088849635
0.2875287249532553
0.3178994985907857
0.3484356398706827
0.369646305475792
0.3812112195524047
0.3877266266965633
0.3968221166962522
0.39358571043715795
0.38324124366872825
0.430755606629428
0.4039790802878785
0.37663094580381457
0.0
0.0
0.0
0.0
0.0
0.0
0.0
0.0
0.0
0.38887284537413797
0.3495433376242355
0.3140221215859253
0.29840492050027534
0.3246882842950463
0.3531679842656394
0.3741321510076324
0.38959720772582696
0.40146192558753835
0.4146246381599421
0.41314650309168677
0.4014121343921536
0.4482849976540349
0.4193371731939684
0.3849038175843212
0.0
0.0
0.0
0.0
0.0
0.0
0.0
0.0
0.0
0.12190759321098175
0.22065118175177145
0.2550407605438349
0.27463313079856844
0.3113655115555397
0.3433880480037375
0.36729290025548694
0.3865303491512659
0.40535613921591823
0.424639132527853
0.42598067788800853
0.4184092871462344
0.47039378404502946
0.4403696135735385
0.4020722258828479
0.0
0.0
0.0
0.0
0.0
0.0
0.0
0.0
0.0
0.19422392129051866
0.22745965498567997
0.2607545673572734
0.28221069072461
0.31891312437687896
0.3467967903964247
0.36639289105388484
0.3782963742070298
0.3866809668282787
0.3968276416454242
0.3972353039499789
0.39347566087802605
0.44831729768718054
0.4233702729850822
0.3908182010181129
0.0
0.0
0.0
0.0
0.0
0.0
0.0
0.0
0.0
0.31151842924042566
0.2942834766896305
0.2918922873019772
0.2947970533038493
0.32711158106880556
0.3567137921449671
0.37825037679516144
0.39163177938940585
0.40142627567943695
0.41271129493056724
0.4095842146088602
0.3989472026136434
0.4459356907608091
0.4081764788357527
0.3584035621180301
0.0
0.0
0.0
0.0
0.0
0.0
0.0
0.0
0.0
0.4009529856970833
0.38837387711488075
0.35324430812273183
0.33153514699829584
0.3119244589543986
0.3361968357347166
0.35000561050501006
0.36776782237065403
0.38799405578339274
0.40300390424804844
0.4020773926892595
0.38385892923604553
0.43044547270675176
0.471237665854154
0.4128397698775737
0.4446748278375321
0.0
0.0
0.0
0.0
0.0
0.0
0.0
0.0
0.0
0.0
0.38026319279898907
0.46232104875897667
0.38413431426533445
0.40889437543452045
0.38624036038769516
0.4047526399025353
0.4248415064661308
0.4395095148926068
0.4393237935375073
0.5112759063239408
0.5675788522485214
0.0
0.0
0.0
0.0
0.0
0.0
0.0
0.0
0.0
0.0
0.0
0.21569344934349508
0.2419985749273962
0.2548865018405317
0.2706010476137334
0.2855262290610027
0.2823475036530784
0.2694361581118948
0.265982377925828
0.2642998558636852
0.26014351202191865
0.26511372480147527
0.2742000201003919
0.3312728834886249
0.3088373497811153
0.2739436819932851
0.0
0.0
0.0
0.0
0.0
0.0
0.0
0.0
0.0
0.14287587674799132
0.18165564404921847
0.19898235853279747
0.21544194095944721
0.2518306851098566
0.2928468733301755
0.32472132489319117
0.3435636390691269
0.35292144349977855
0.3634854264572752
0.35765307244943956
0.34543703224489114
0.38714710395277196
0.3587546602121144
0.3288638430080867
0.0
0.0
0.0
0.0
0.0
0.0
0.0
0.0
0.0
0.23829889611762373
0.2510884379885855
0.25068245451759574
0.25930503546682476
0.2784401378455169
0.2882071826626221
0.28953783864243926
0.2951948815393006
0.302091349808086
0.3127023847249588
0.3149244398950485
0.31373619327358815
0.3650487557563193
0.3526242073317093
0.33858414979453405
0.0
0.0
0.0
0.0
0.0
0.0
0.0
0.0
0.0
0.256013545686584
0.2660895221615546
0.26769306816501115
0.27442633818261
0.2980465682531002
0.31580588692378264
0.32483519994939264
0.33780043164188633
0.35061327496244016
0.3639549149250485
0.36044141883185804
0.3526214711468178
0.40078372501739634
0.3791399075282101
0.3580354047981706
0.0
0.0
0.0
0.0
0.0
0.0
0.0
0.0
0.0
0.16500064448751092
0.2228726942030945
0.2605863170265335
0.28503858012894584
0.3209005504379257
0.3475047658279192
0.3650669061326376
0.3698947964506287
0.3710239328884291
0.37095697492319357
0.3502349327652902
0.31058779566339206
0.3097347803705549
0.27692408349552
0.2679261342132805
0.0
0.0
0.0
0.0
0.0
0.0
0.0
0.0
0.0
0.11383269161209597
0.22647324844860428
0.2605953804896123
0.28132025086254503
0.28522776508681114
0.32151950844151167
0.34582618016878974
0.3642030509717488
0.3792337502061909
0.3923452420336869
0.39412386307982056
0.38609872692366587
0.44806184689006123
0.48461762512690965
0.40890984326790003
0.4168179049954174
0.0
0.0
0.0
0.0
0.0
0.0
0.0
0.0
0.0
0.0
0.32547041823752026
0.3994996600496087
0.3458844210374412
0.38678511906228397
0.3784542517965789
0.40253310863777897
0.4189350482777614
0.43164639455784387
0.4358252403501585
0.5215309101012707
0.5947364627145036
0.0
0.0
0.0
0.0
0.0
0.0
0.0
0.0
0.0
0.0
0.0
0.27373004923227934
0.26676507638449554
0.2649501580030292
0.27227040740950603
0.3078828632940148
0.3415092077357473
0.36695324953169717
0.3805123196963766
0.3893412951518625
0.3994633553787867
0.3976431935604548
0.3884854891179348
0.43601224517191534
0.40695943991035854
0.3764235824266361
0.0
0.0
0.0
0.0
0.0
0.0
0.0
0.0
0.0
0.305877509592867
0.29110978412856675
0.28419090772679517
0.2875553311425931
0.3177777834089093
0.34193929323759914
0.35832427543062284
0.369417964265872
0.37690784616220085
0.387704142756067
0.3846523262112939
0.3710406603281077
0.4130834967735885
0.38426067199503405
0.3527302968581461
0.0
0.0
0.0
0.0
0.0
0.0
0.0
0.0
0.0
0.3143381321402048
0.2981591838718635
0.2953061906280616
0.3005747553438352
0.3281441945764062
0.3487488428960002
0.36122979205407674
0.3559375391864521
0.3439807890455923
0.3332467933174444
0.32871877021514867
0.3272627377659708
0.37821626424152216
0.36259573601006023
0.3510373645602171
0.0
0.0
0.0
0.0
0.0
0.0
0.0
0.0
0.0
0.4264271942025621
0.36358501845166363
0.31551080548548155
0.2970357704118655
0.3201319032547526
0.3440542916962919
0.3594397111214356
0.3657428263806298
0.36837644378521944
0.3732396499459283
0.3690428637349244
0.36084231410607126
0.40748364576454027
0.38475804908676864
0.36183350194590264
0.0
0.0
0.0
0.0
0.0
0.0
0.0
0.0
0.0
0.4015475938550455
0.35772828413650404
0.33368721102702376
0.32493310587827895
0.34598399045273953
0.3584763098537771
0.36449721495178583
0.3745800371016282
0.3868785414914722
0.4019075465422605
0.402741036099814
0.3929348397290393
0.44108063645671775
0.4175997660575299
0.39210514573198557
0.0
0.0
0.0
0.0
0.0
0.0
0.0
0.0
0.0
0.36420778124310826
0.36888631066653393
0.37118824721091737
0.3668144907748087
0.3482042748769103
0.36982324532928545
0.38216753908258055
0.3940386255087921
0.4059153344801281
0.41691931838889495
0.4179790377957387
0.4032794119754563
0.4602501197501691
0.4909025095226148
0.41493780423849974
0.43337932056287565
0.0
0.0
0.0
0.0
0.0
0.0
0.0
0.0
0.0
0.0
0.5414146876111338
0.5527360907985167
0.4452038496129672
0.46261151446000326
0.42579022299473085
0.4521978048759946
0.4717992468364263
0.47854574605184474
0.4840727061438228
0.44033822739755524
0.3680467088699637
0.0
0.0
0.0
0.0
0.0
0.0
0.0
0.0
0.0
0.0
0.0
0.20083292230200028
0.26871037950882243
0.30111983733140707
0.3124626554870828
0.3341606365608036
0.3638560206144077
0.38093072688035706
0.4041651109538978
0.410644134218354
0.42497348598450063
0.34550843116913205
0.24057640838782085
0.25756191441882
0.2422373118400396
0.23226375249378856
0.0
0.0
0.0
0.0
0.0
0.0
0.0
0.0
0.0
0.09288483305357592
0.1937269891928219
0.25168039568885636
0.29219854092899644
0.34147062597478123
0.3707125940981323
0.38617815608131967
0.4086242358046682
0.42301559949612416
0.42843338199146824
0.4241062989058609
0.4216876207468143
0.48229453472278466
0.46198331456983444
0.43965384171246624
0.0
0.0
0.0
0.0
0.0
0.0
0.0
0.0
0.0
0.0
0.0
0.5862652379829928
0.5713438400395435
0.4459849002654281
0.4637023658332365
0.4398464162362642
0.4545654452916773
0.4637876512066007
0.469932439869701
0.4728173406132483
0.5557413058863926
0.6229701726382922
0.0
0.0
0.0
0.0
0.0
0.0
0.0
0.0
0.0
0.0
0.0
0.5404306716386913
0.4456648341895887
0.3884986624918203
0.35475311588642444
0.37114397223492107
0.39345862636426676
0.4075439043362486
0.41957304871183443
0.42831448747589285
0.440577283162369
0.44605662973938087
0.44096067347086826
0.4886919312562851
0.4636805823905037
0.4422507829400682
0.0
0.0
0.0
0.0
0.0
0.0
0.0
0.0
0.0
0.5866278284412643
0.47585657297370193
0.40720482695238974
0.36239107356301553
0.3796281960528347
0.40403517636121633
0.41382221038170564
0.42671955151200575
0.43566878517930313
0.40034920443040906
0.33666099239657693
0.31049601632018115
0.3629432384650415
0.3523586340130345
0.31998084399055843
0.0
0.0
0.0
0.0
0.0
0.0
0.0
0.0
0.0
0.33584941823069736
0.4076252176527519
0.38688833870092465
0.3490223130592729
0.3315972459288149
0.3553507443987119
0.3227509119308795
0.3007997009930702
0.28173798371768166
0.2622290410192814
0.26642896644718816
0.26578448604928556
0.31401704594179936
0.3424347499398995
0.28134435646213707
0.3103547699609789
0.0
0.0
0.0
0.0
0.0
0.0
0.0
0.0
0.0
0.0
0.38388015604135073
0.4740011926044451
0.38052700639210857
0.3840622370258476
0.3494727303237093
0.3374529856887201
0.28004519948788675
0.2545475614941773
0.28347579562177655
0.3200356610087544
0.3681627146879941
0.0
0.0
0.0
0.0
0.0
0.0
0.0
0.0
0.0
0.0
0.0
0.10145562262236404
0.13828596696402481
0.12991768360860878
0.16622184704051593
0.21997803306264507
0.25372178749549196
0.28440857677905407
0.2966669681638013
0.3161256501014423
0.3548218827662335
0.3647041986591683
0.3627225710524173
0.4053522783401303
0.38294323040659056
0.362739330594298
0.0
0.0
0.0
0.0
0.0
0.0
0.0
0.0
0.0
0.41206914131678435
0.36711839469827895
0.34298475157423686
0.3235032861081562
0.3530954937680555
0.3767460239669411
0.36753415633177206
0.38896291047567516
0.41162358111061087
0.4077711488864032
0.40444209300737005
0.39489907388218864
0.4526247711922426
0.43061600538080885
0.3973408695238046
0.0
0.0
0.0
0.0
0.0
0.0
0.0
0.0
0.0
0.4722069369238342
0.40872129589105183
0.3737553575629366
0.33670622923944565
0.36350561172892665
0.39355713934137154
0.4078373471947807
0.41695180484314476
0.4189486792737159
0.4191564437124718
0.42375068711155645
0.4207268607218269
0.46718687805058323
0.4380243806311426
0.41431687324213345
0.0
0.0
0.0
0.0
0.0
0.0
0.0
0.0
0.0
0.4770245285181951
0.4218630089426333
0.3738807040832973
0.34798652110264905
0.362053473513992
0.3900846982725523
0.40668742327600416
0.4190574079263178
0.4322833436744865
0.4397980649442731
0.43388320602932423
0.4297117177554914
0.4836781749842954
0.46107788722135185
0.4349396507255945
0.0
0.0
0.0
0.0
0.0
0.0
0.0
0.0
0.0
0.4709907506808108
0.4158004918328372
0.37143781235660317
0.3374174106696707
0.3578001577937527
0.38417879872281874
0.39761451415024773
0.40406668139068996
0.4110658330957405
0.4279763057550686
0.4339583521111171
0.4257505900969296
0.47271152222826596
0.44328474869501194
0.40846644733857834
0.0
0.0
0.0
0.0
0.0
0.0
0.0
0.0
0.0
0.45721876113304527
0.4091174066080555
0.32750104701184896
0.3088417707851972
0.3112574669237329
0.34471365978428087
0.361759981791963
0.3769818361202143
0.3984901070146466
0.41657866769286495
0.41109850307183726
0.40009212844530045
0.46503124296820775
0.5033174705106741
0.42406450614015895
0.44896254171989697
0.0
0.0
0.0
0.0
0.0
0.0
0.0
0.0
0.0
0.0
0.36173292069453783
0.45465456955171013
0.39375231798694005
0.43342452414650795
0.4015651294756686
0.4207812935414522
0.43032634832762423
0.4287715407205456
0.43047989992989694
0.5076446452147725
0.5781012315859415
0.0
0.0
0.0
0.0
0.0
0.0
0.0
0.0
0.0
0.0
0.0
0.4934805524527468
0.43368088692360013
0.35382963177004334
0.3186088699042069
0.3318808534433497
0.3674791192114315
0.3990883073120276
0.4262652570727483
0.3989234664619462
0.40027269981537167
0.403744827805329
0.40642333690468085
0.44182822855717907
0.40650664669376163
0.3828949012013178
0.0
0.0
0.0
0.0
0.0
0.0
0.0
0.0
0.0
0.5459960499239729
0.4604277232067794
0.3778351911233505
0.34017888046133804
0.37578369924032057
0.38988657098652474
0.3985013550322247
0.4052812868989123
0.40801770681802846
0.4144969035523023
0.40532879818786244
0.39606548039978606
0.4471150143392665
0.426608995469571
0.40685807238027205
0.0
0.0
0.0
0.0
0.0
0.0
0.0
0.0
0.0
0.539020760949676
0.4672574129291426
0.4094496662745576
0.3670617272294021
0.3825427308175109
0.39996537407794686
0.428245993888296
0.44974776930839405
0.4430400141302408
0.4396831957923445
0.4394994964524516
0.4234203142871955
0.4611707341143458
0.42580106173866317
0.403324137392215
0.0
0.0
0.0
0.0
0.0
0.0
0.0
0.0
0.0
0.35683375528762523
0.3209814094974702
0.3246222954151476
0.32045728041190796
0.34357948062999133
0.366953547349722
0.38045901016234296
0.39067413923614197
0.39418607331323174
0.39815614601109883
0.39877866588166655
0.4016787523394481
0.4538910914969356
0.4279520607593616
0.4103607815603463
0.0
0.0
0.0
0.0
0.0
0.0
0.0
0.0
0.0
0.38830306674737103
0.3334156318184158
0.30479349501767333
0.29183027195476363
0.31908278864649503
0.3429123084873882
0.3643089269052616
0.3787787910390419
0.3931640455404443
0.3885444318008975
0.3420117679850851
0.3080022428126317
0.3531193329071872
0.3483122138411443
0.3264629801219395
0.0
0.0
0.0
0.0
0.0
0.0
0.0
0.0
0.0
0.25310523845950894
0.2912031460481714
0.30328270411328606
0.31560034722262814
0.31582744609099045
0.3458896652482556
0.3641021387676318
0.37425459290158536
0.3456021359637205
0.3606409300394774
0.3811949159097458
0.3189623331227627
0.32776429751432573
0.36343428905888353
0.3137121972032137
0.33278168050311796
0.0
0.0
0.0
0.0
0.0
0.0
0.0
0.0
0.0
0.0
0.33409956737914587
0.4488103700546276
0.37279022969613407
0.4033417584800405
0.38571096188655446
0.4152029974927069
0.4388754206954956
0.44304097509912016
0.447197053121659
0.5285482681682844
0.5531418265395088
0.0
0.0
0.0
0.0
0.0
0.0
0.0
0.0
0.0
0.0
0.0
0.3243989364746063
0.32302208771071783
0.32866182680711864
0.32523418030378787
0.3574016434792559
0.37390724598239894
0.361836706613745
0.395361554234739
0.4256094527227441
0.4332098655372047
0.4227305292940972
0.4049847390876992
0.4241445880333144
0.38554410380611714
0.35892080227282247
0.0
0.0
0.0
0.0
0.0
0.0
0.0
0.0
0.0
0.36727682282976826
0.3515918051160598
0.34260103074973386
0.3400924449038707
0.3715200725702813
0.3906678880475779
0.3945476891020834
0.4042328086882037
0.35625726859925727
0.33544463756760795
0.3473770198026332
0.36679399205989854
0.42244177746498746
0.39768793018070864
0.3703864823981673
0.0
0.0
0.0
0.0
0.0
0.0
0.0
0.0
0.0
0.21640062346146938
0.23027080272648737
0.2555759496246842
0.2860333138785138
0.31744302720693884
0.3455420907557701
0.3704907871365771
0.39001215248854143
0.4036841963451881
0.41404709338836243
0.415743769594988
0.4075928508161683
0.4412530499655897
0.4142899780801027
0.38909608200048895
0.0
0.0
0.0
0.0
0.0
0.0
0.0
0.0
0.0
0.23631078622607635
0.2501330945272532
0.2811699226838372
0.29985970060385864
0.33852548105265245
0.3704476334338974
0.3822272619678274
0.39494905070793557
0.348244015141822
0.3724864864638274
0.39541672357410634
0.3819999912291992
0.4243134021568051
0.3928653766442325
0.3682599024852686
0.0
0.0
0.0
0.0
0.0
0.0
0.0
0.0
0.0
0.27090375811533607
0.27034314697850415
0.28830623767181046
0.2970617721311343
0.3180615128679672
0.34522044606442576
0.36805236488716025
0.3879561925341015
0.40147705984255944
0.4109906329972431
0.41125957966604465
0.4015938017837494
0.4478235435265066
0.42568917724861044
0.39488298758839957
0.0
0.0
0.0
0.0
0.0
0.0
0.0
0.0
0.0
0.2976893852777552
0.3273967660483868
0.34921029466636117
0.34268396202116863
0.3279013732078822
0.3604931639172488
0.3837677350833623
0.390532476476086
0.4120209292679092
0.4215647542321038
0.4227247364891773
0.42226021541854136
0.48606669154550125
0.5239127612338824
0.4507777968532292
0.5047628124921218
0.0
0.0
0.0
0.0
0.0
0.0
0.0
0.0
0.0
0.0
0.4721694477796927
0.5061554178040528
0.4351993174112198
0.46931826040306446
0.44216634498800605
0.4608858258437221
0.4676555447734522
0.47901548068443955
0.4846983882351574
0.568601486756069
0.635799846005509
0.0
0.0
0.0
0.0
0.0
0.0
0.0
0.0
0.0
0.0
0.0
0.4468948150687218
0.37067800048371113
0.3278688233745008
0.30692589223238315
0.3546163725423904
0.416081737530518
0.42848111286990004
0.4437513220618615
0.45716302741867504
0.4629413563120311
0.4647919160062485
0.44454297595173764
0.48563348830198777
0.46154629936094244
0.4364222156782852
0.0
0.0
0.0
0.0
0.0
0.0
0.0
0.0
0.0
0.46545778815445543
0.3883410581145723
0.33913629158486863
0.3199735709664112
0.35751521644698164
0.3965200361642302
0.4141121835357473
0.42317624657160646
0.43868337234772503
0.4451820758006723
0.4380786700202421
0.4273872150205525
0.45297886115971736
0.42373945145606756
0.40230940985921065
0.0
0.0
0.0
0.0
0.0
0.0
0.0
0.0
0.0
0.43785916899961114
0.33763160165460904
0.26253893599172445
0.23318895925537
0.23889588837789072
0.2624535666487585
0.2628602665147629
0.25909245360598704
0.26726275477128864
0.2685662572731736
0.2510907398901593
0.2338229055778082
0.2603233947273106
0.23469275184945818
0.22965721838324038
0.0
0.0
0.0
0.0
0.0
0.0
0.0
0.0
0.0
0.42529003779066726
0.3745699187548355
0.33062306043735346
0.30875622461488883
0.33745730617769815
0.348025963733568
0.36237470006301725
0.3763565483535161
0.3739695921105515
0.38105455590454046
0.38315393749550086
0.3771836822265247
0.42406122861822354
0.39574300328937256
0.36387409038995155
0.0
0.0
0.0
0.0
0.0
0.0
0.0
0.0
0.0
0.40771869450771003
0.3801995276463831
0.33779969914195346
0.320607189265512
0.33942618565618216
0.36779395853407254
0.38556318474893964
0.40298180258894445
0.4105964890288081
0.4246017146169495
0.42494547981442743
0.40662245884154635
0.4497828136656017
0.42182780985793233
0.38968400662694436
0.0
0.0
0.0
0.0
0.0
0.0
0.0
0.0
0.0
0.43412358413819246
0.42327892888714813
0.38835320273192886
0.36553744591852494
0.3510118346192249
0.37941044780169597
0.39794453346817144
0.38681963450120493
0.40227842399347263
0.43025172534950296
0.43703731050989647
0.42936234976711357
0.484814272888476
0.5269596992965395
0.45122926473987696
0.4987741074988734
0.0
0.0
0.0
0.0
0.0
0.0
0.0
0.0
0.0
0.0
0.5611819138176769
0.5463171278997686
0.45271072602930135
0.46753837420722577
0.44197343252545573
0.46222517846057914
0.46145713033462693
0.4613626992858551
0.4733267629165181
0.5655563927974182
0.6292658401425141
0.0
0.0
0.0
0.0
0.0
0.0
0.0
0.0
0.0
0.0
0.0
0.4322253830609539
0.3959828728737132
0.36057343226250327
0.33713517480199523
0.3613322788674859
0.37348442645279534
0.39993621915985184
0.42362400554054797
0.4320547145433049
0.44193345404876905
0.4408099083877925
0.43527580404456995
0.49274114335575997
0.4821101155674949
0.465593218594084
0.0
0.0
0.0
0.0
0.0
0.0
0.0
0.0
0.0
0.45141107193907887
0.3851961067220759
0.32678503098002654
0.318221136593858
0.33819327440546293
0.3621778459676151
0.3798367595346156
0.3970936775483629
0.4005707922233618
0.3892945562387826
0.37207814766691627
0.3688274557727102
0.40525177211211916
0.3760334743942562
0.35068366416986735
0.0
0.0
0.0
0.0
0.0
0.0
0.0
0.0
0.0
0.28064351761820594
0.2153414046082974
0.16872850802035366
0.16224173003377426
0.1752414807215098
0.210356802633868
0.2370993879670414
0.26927186685516824
0.28867721632515714
0.3010506688563775
0.306424577826495
0.3102677732660756
0.33864791069491734
0.2950340750021429
0.2506529506259785
0.0
0.0
0.0
0.0
0.0
0.0
0.0
0.0
0.0
0.0
0.0
0.01437751431244798
0.10417410398775324
0.15738991466526514
0.19317019307787373
0.21532469913432933
0.24315326473757048
0.2692918681456156
0.2913540657863053
0.29465204983214793
0.28992431592090306
0.3299603015027971
0.2990509832752485
0.23700752002203457
0.0
0.0
0.0
0.0
0.0
0.0
0.0
0.0
0.0
0.0
0.0
0.0270761992061565
0.12474290081431808
0.18521171981488557
0.22719474467291947
0.2501772978503621
0.2709504902828439
0.2901576428037835
0.31060018831433156
0.31325652738829324
0.3023495625287798
0.333386461822187
0.28951838867830093
0.24887113297847357
0.0
0.0
0.0
0.0
0.0
0.0
0.0
0.0
0.0
0.0
0.0
0.0661428128802876
0.19454549243339297
0.2275962308707085
0.25862596850692565
0.27890369261251663
0.3073882894016925
0.31443198989336946
0.3129982367086368
0.32363812438691114
0.32161269246997964
0.3738523836790103
0.39771402970505815
0.30462077659065934
0.3133799625615108
0.0
0.0
0.0
0.0
0.0
0.0
0.0
0.0
0.0
0.0
0.021711496437418775
0.23503418837252266
0.2801830280655327
0.33662064393497326
0.33051172911482757
0.36026850694677937
0.36747212834656107
0.3740422665411253
0.38011510429240736
0.4582339526197204
0.5161688945657914
0.0
0.0
0.0
0.0
0.0
0.0
0.0
0.0
0.0
0.0
0.0
0.17303143815177943
0.1752089820930088
0.21013813915768284
0.2410629027602621
0.27733416849497744
0.3130367497586422
0.33692145460518474
0.349934154211252
0.35887758431525346
0.3683879598877956
0.3689803868539065
0.3629948663870523
0.4042357597920443
0.367967237567034
0.32961330101482933
0.0
0.0
0.0
0.0
0.0
0.0
0.0
0.0
0.0
0.08101964215829005
0.14932698487209473
0.20751338427960428
0.25184150132461475
0.2903534026320228
0.31984709722778604
0.3351016346671924
0.33408322650200556
0.33633736661583175
0.35474205437590345
0.33822535535076753
0.3096746578083835
0.3427640566773571
0.32354515350643415
0.3059235833785865
0.0
0.0
0.0
0.0
0.0
0.0
0.0
0.0
0.0
0.28081297121565285
0.3297963829234475
0.28951497560041767
0.27513049172884874
0.3000303566250525
0.3255240624286679
0.3424883544341893
0.3530865785713103
0.3481222487959309
0.3486147869799433
0.36137408475251764
0.3444426903369771
0.3756073612660869
0.34857685025467866
0.338397386970994
0.0
0.0
0.0
0.0
0.0
0.0
0.0
0.0
0.0
0.10828751870238218
0.1723672929125581
0.22270315795628132
0.2629405454529718
0.3005662916952538
0.3213603411072933
0.34670197544875353
0.3720129720998175
0.3401553603130037
0.3555096108528184
0.3771049827431926
0.35710464876322634
0.39512104146198324
0.3690180082786552
0.3503742895857584
0.0
0.0
0.0
0.0
0.0
0.0
0.0
0.0
0.0
0.21776683310546577
0.24313230812424974
0.2737035955984667
0.29231880396277715
0.32484451285401317
0.35265325886952076
0.37005222339462623
0.3781881804268929
0.39001885533197994
0.39634131282170887
0.39895052279412807
0.3959757921066998
0.44141092353212114
0.40435063635546903
0.3841313773080941
0.0
0.0
0.0
0.0
0.0
0.0
0.0
0.0
0.0
0.3253360680934645
0.3743083634000054
0.3783760290916656
0.37279974551804806
0.35166902717864124
0.36519500204041816
0.35646443802694533
0.37288304694453117
0.3830228874796288
0.3861824106137753
0.3766808522537621
0.3417943388155204
0.3509298233466147
0.35672844186658037
0.31776692559155245
0.4001451238887347
0.0
0.0
0.0
0.0
0.0
0.0
0.0
0.0
0.0
0.0
0.47607625697851624
0.5112387993504641
0.3877921591713144
0.42263958475244984
0.4071014594606766
0.41709430847242657
0.4266491397232542
0.4059874703218119
0.4204280176665934
0.5258288919458022
0.5880642220127013
0.0
0.0
0.0
0.0
0.0
0.0
0.0
0.0
0.0
0.0
0.0
0.3920070688171114
0.3653136952679221
0.3404979506193583
0.32727403542586286
0.34502630996171096
0.3734489175940496
0.39367757073393417
0.4060590191376075
0.41374787200505864
0.4299941536211534
0.43269420796642305
0.42378181018213035
0.4706359612716777
0.42546027963982364
0.3926791387753498
0.0
0.0
0.0
0.0
0.0
0.0
0.0
0.0
0.0
0.34978414068611824
0.3220301758833648
0.3232014146969729
0.3201796730483452
0.3560242619746847
0.36668415841524393
0.3860999480241461
0.4083677956190633
0.421265410096361
0.4296180518371211
0.42793503903181934
0.4245191067044796
0.4732918136336828
0.4375448343153368
0.41091169290336416
0.0
0.0
0.0
0.0
0.0
0.0
0.0
0.0
0.0
0.3469596968325661
0.30339462890871166
0.289633607056073
0.305672062987719
0.334056639398177
0.3461067958578182
0.35168142818535697
0.3694088674546259
0.3780675369374467
0.39853891738799396
0.40680982035916485
0.39284215032402575
0.4358818825546169
0.4022676201753717
0.3772270726833281
0.0
0.0
0.0
0.0
0.0
0.0
0.0
0.0
0.0
0.3616817964393376
0.3271314324439157
0.3366790592109912
0.32888442494036585
0.3596133780513462
0.3880445509149875
0.4042655969654674
0.41999188502146495
0.4288380524190339
0.42380924207005816
0.4061662956103056
0.3638684075403072
0.39997178323726895
0.38251771524367567
0.36984075230666186
0.0
0.0
0.0
0.0
0.0
0.0
0.0
0.0
0.0
0.4596325141676726
0.4225946296063934
0.34955261338479504
0.33589059780860603
0.36262253908487624
0.3800589153810757
0.3827358218670978
0.35531974073975653
0.3364170130354997
0.36124318727262206
0.36544652483470713
0.3676921257151087
0.40630083961098473
0.35862305104132336
0.33488820226804966
0.0
0.0
0.0
0.0
0.0
0.0
0.0
0.0
0.0
0.31097038910830205
0.36637902544411477
0.36533054231002077
0.35398240224412186
0.3501399705439096
0.3673026037471586
0.38178936879800734
0.40588605653903487
0.418749549726337
0.41837111310036035
0.3824906629653922
0.37932310142666187
0.4502008966802253
0.47963246790240466
0.414935261834096
0.46237885799033407
0.0
0.0
0.0
0.0
0.0
0.0
0.0
0.0
0.0
0.0
0.44418816968984665
0.5199481817889223
0.43927981146153916
0.46648571375650577
0.4402533860565103
0.4595726121378585
0.4664562396051365
0.47111648791598504
0.4680199502841268
0.542943174242709
0.6134647587516567
0.0
0.0
0.0
0.0
0.0
0.0
0.0
0.0
0.0
0.0
0.0
0.33025831165866476
0.317129758420793
0.31524636359893937
0.33681658159849664
0.37745598484964626
0.40416768969060807
0.4163472540060572
0.4336470297203289
0.45035612068933123
0.4478587599699117
0.4490402530596731
0.4502049220882046
0.4960088775598692
0.452499567424409
0.4250380242920777
0.0
0.0
0.0
0.0
0.0
0.0
0.0
0.0
0.0
0.3800016720576455
0.3561912284757066
0.35019347753778096
0.34064835168651164
0.3685829259669846
0.3971695419101457
0.40920949928723876
0.41739946336964723
0.4328453211582943
0.4389047747159187
0.43891623536545754
0.43415893917368503
0.490582188168095
0.4551695924581557
0.42432309561876375
0.0
0.0
0.0
0.0
0.0
0.0
0.0
0.0
0.0
0.4102575056057825
0.3704894369649265
0.35102420673627843
0.3296919638430887
0.34542407201846337
0.38267743528528236
0.39714401257691606
0.3894719194354118
0.4001298025073646
0.4164651148819999
0.4268623896835074
0.4194146496250296
0.45680655152560856
0.42140851305080956
0.4048860435975433
0.0
0.0
0.0
0.0
0.0
0.0
0.0
0.0
0.0
0.40686004560136996
0.393637059809314
0.34776815738100914
0.3386130974874663
0.3660465158019502
0.37703474939848436
0.4016375731854972
0.4055091639961256
0.41203816295939083
0.41391412139663303
0.3955924430060437
0.39535532078907837
0.44864187533633715
0.4076456907346147
0.40576426286384804
0.0
0.0
0.0
0.0
0.0
0.0
0.0
0.0
0.0
0.4529684909725749
0.43315573766165705
0.3742823917931544
0.34942188041010724
0.38123572729627864
0.4082454677716134
0.4243220718120527
0.4230228277702651
0.43606326279592855
0.4433192094879495
0.44363996618703544
0.43871618369966325
0.48415082220751243
0.4210492639416395
0.39614185559082893
0.0
0.0
0.0
0.0
0.0
0.0
0.0
0.0
0.0
0.32980030991324777
0.354693064300846
0.3213751675592688
0.3069983538099603
0.29658115344876174
0.3285042120918756
0.34960529127035606
0.36504415493522085
0.37581542243665356
0.385230396685265
0.37780515555562494
0.3552813507736312
0.3961206057137932
0.40451157030776097
0.3565790740019038
0.3888370318422417
0.0
0.0
0.0
0.0
0.0
0.0
0.0
0.0
0.0
0.0
0.3431717896418436
0.2956919444765036
0.24628836763829948
0.2901390406499144
0.29417606773414157
0.30982766806678613
0.3172021765345062
0.32245565431861306
0.32804217779583456
0.38677777048061507
0.44647704538951144
0.0
0.0
0.0
0.0
0.0
0.0
0.0
0.0
0.0
0.0
0.0
0.0
0.0
0.3473515148516806
0.35974615487539413
0.3130340408177813
0.3769016981135283
0.39040195571658626
0.3962467351873099
0.3746546918260654
0.35066925443267233
0.3545203470134808
0.44548804466274244
0.544120130221659
0.0
0.0
0.0
0.0
0.0
0.0
0.0
0.0
0.0
0.0
0.0
0.4260808410125234
0.4012079969389878
0.3468307286589629
0.3241575983766929
0.3460167986079571
0.36795514921504935
0.38394582495412005
0.3804170735684844
0.3632919472243316
0.3466125330836486
0.3467882911729442
0.3550937493572359
0.4193128777842605
0.38867715048257195
0.3755717778381816
0.0
0.0
0.0
0.0
0.0
0.0
0.0
0.0
0.0
0.21961917262858607
0.21683624660767536
0.20142268856840068
0.20396451379558775
0.2188477021808383
0.23422682404989117
0.23706223893562695
0.24847204151168065
0.25931286219421373
0.2718707463343363
0.26834969141269494
0.25519474802556075
0.2846249583313882
0.2516013898695612
0.24674654128492993
0.0
0.0
0.0
0.0
0.0
0.0
0.0
0.0
0.0
0.16313272469530513
0.21149829614270885
0.2082748644401911
0.2138063553479115
0.24448630085132744
0.2830010911186275
0.3126286857354762
0.33120276222749434
0.33885653979722774
0.3476438258311835
0.3457458194583565
0.3382212838659914
0.3830616622479408
0.347902905356988
0.3351828010322448
0.0
0.0
0.0
0.0
0.0
0.0
0.0
0.0
0.0
0.17257107403664496
0.20862598167564902
0.20798536823624783
0.2144592898308269
0.25231625556134346
0.2976471830432967
0.3354013889698757
0.35570065862241235
0.36464880616323436
0.3747190333210394
0.36994727663218535
0.3579354252538113
0.40005746079341215
0.3611604459305143
0.35041373517605423
0.0
0.0
0.0
0.0
0.0
0.0
0.0
0.0
0.0
0.406205599482418
0.43392911213288343
0.3822590758434199
0.34957669067308716
0.32693985999238123
0.3497736242044503
0.36250383405804976
0.3732391077598199
0.38334957671564396
0.3914108249562563
0.38122086405702105
0.3505938974202293
0.37537652805811056
0.3789745027557965
0.3395002767899298
0.37371761572025153
0.0
0.0
0.0
0.0
0.0
0.0
0.0
0.0
0.0
0.0
0.32250024695651924
0.4087183541789591
0.31504774974102273
0.2882785636546768
0.23880779094925825
0.27135880577293425
0.3259704901966164
0.3705009136125238
0.38234872405732057
0.45971597954816923
0.5274856674487997
0.0
0.0
0.0
0.0
0.0
0.0
0.0
0.0
0.0
0.0
0.0
0.01194728100801673
0.09218515849050869
0.14292213281889593
0.1727075593474345
0.20587060208156424
0.24158283015562887
0.2691004985468961
0.28807516762635743
0.3042841258078489
0.3201424651271036
0.31786294186015723
0.3030816687931881
0.33784524688010276
0.295072832579105
0.2724238556608715
0.0
0.0
0.0
0.0
0.0
0.0
0.0
0.0
0.0
0.0032505734798006537
0.05019240430043409
0.12255545673553342
0.15897804762582837
0.1928749919441643
0.2296563289985177
0.25826899787387386
0.27655598036655865
0.2855962337830188
0.29466801245829705
0.2914502384389199
0.2828276769361493
0.3223806573944831
0.2746685876140131
0.2579649204996315
0.0
0.0
0.0
0.0
0.0
0.0
0.0
0.0
0.0
0.0
0.025289032010933354
0.11179411651155166
0.1578560437473762
0.19238695071340275
0.22686130885391542
0.2530943490872989
0.27364146937504696
0.2897844476518404
0.30620024458313
0.3021765507861268
0.2874187371487333
0.3191694796468547
0.2707356288654434
0.254489263475502
0.0
0.0
0.0
0.0
0.0
0.0
0.0
0.0
0.0
0.0
0.017893940376405217
0.11607747431140628
0.16765502827912282
0.20142702125495401
0.2326567449129198
0.2537749674233282
0.26912341329205214
0.2812367689292277
0.2953872742624056
0.29012900259606067
0.27396090612020935
0.3026348697766625
0.2569391574457717
0.2500014985642336
0.0
0.0
0.0
0.0
0.0
0.0
0.0
0.0
0.0
0.08694085345998631
0.15155003405204182
0.16688897379051673
0.17976369841803397
0.20417558462611038
0.23576535247392172
0.25400610712342936
0.269524721883921
0.28032613685728597
0.29267327162875884
0.2903566632733922
0.278532148114308
0.3124424739144128
0.27519872653572236
0.2759007550458975
0.0
0.0
0.0
0.0
0.0
0.0
0.0
0.0
0.0
0.4005215480169636
0.4104707589409611
0.3384958176298242
0.2985000095995022
0.29442246798726285
0.3401087953028642
0.375275888380014
0.39846425024292803
0.4114952806057198
0.42235104380794386
0.41937646532018635
0.39974600280757727
0.44823074516103695
0.4534508215067588
0.4234545393170187
0.46547538757207985
0.0
0.0
0.0
0.0
0.0
0.0
0.0
0.0
0.0
0.0
0.5496729629657942
0.5450109881662172
0.4455265485548763
0.47023335518442894
0.44346001110068856
0.454196218099318
0.4623991753619008
0.4680793895571133
0.46236146559677843
0.5285815009123602
0.5843645445687925
0.0
0.0
0.0
0.0
0.0
0.0
0.0
0.0
0.0
0.0
0.0
0.28659360780248133
0.32135509701210974
0.2960866495587603
0.2900437557042344
0.28794505682311605
0.26934597775993274
0.24151458228794612
0.22263889530424671
0.20628071729714223
0.19280897459210083
0.1814425038356911
0.17155247741088273
0.18964423827184684
0.15222620894942246
0.14018563259913241
0.0
0.0
0.0
0.0
0.0
0.0
0.0
0.0
0.0
0.0
0.0
0.006382470745488768
0.09144539803289543
0.14304916275250343
0.1870200171833384
0.21928480903373856
0.24062568177866775
0.2567641938294313
0.2747544592169928
0.2745784424800837
0.26058311831067993
0.29030363462759456
0.2374920302741873
0.20980221811634128
0.0
0.0
0.0
0.0
0.0
0.0
0.0
0.0
0.0
0.0
0.0002728581907354028
0.061248403827986644
0.15605530664761652
0.21018772951024126
0.25337757474810974
0.28664553173680235
0.30983891844651246
0.3264678417008679
0.34366205156347507
0.33886187999732914
0.32244459863730085
0.3559830813787127
0.30009140657759376
0.27733657042755966
0.0
0.0
0.0
0.0
0.0
0.0
0.0
0.0
0.0
0.16539891332024223
0.25079227320223163
0.275777581821019
0.29549234540148756
0.3344180133225092
0.36514357028443284
0.387892833975346
0.39696562354347764
0.400228606581159
0.404843289952367
0.3956873305622997
0.37783216528634306
0.4162244318282813
0.36984851188247764
0.36557358121147615
0.0
0.0
0.0
0.0
0.0
0.0
0.0
0.0
0.0
0.378393228120534
0.3666939265194954
0.32766529495595
0.31352901727247146
0.33594218856960867
0.35406191993095726
0.36618371791176646
0.3760288852234695
0.3857816373109342
0.3965276755294148
0.3854399320426923
0.35969877112766235
0.38759097082562477
0.3329229923042488
0.32047891369018044
0.0
0.0
0.0
0.0
0.0
0.0
0.0
0.0
0.0
0.38978120935735683
0.39223325234607087
0.3252498634256911
0.2927402553412759
0.2934182099754766
0.3433589257731142
0.3778793537885963
0.38987076108149255
0.3908195634200013
0.39059437098114347
0.3811487624356293
0.3604583744322042
0.4010770548698238
0.4025502411714883
0.36838005285288367
0.4020587645468913
0.0
0.0
0.0
0.0
0.0
0.0
0.0
0.0
0.0
0.0
0.4342616975399545
0.4761361207667365
0.3862103787741661
0.40857815122052543
0.38209118004874776
0.3921851876998598
0.39661605407268735
0.39856006449967657
0.39135956785324705
0.4516252469877308
0.5045250028038661
0.0
0.0
0.0
0.0
0.0
0.0
0.0
0.0
0.0
0.0
0.0
0.13364560583076235
0.20821238773768871
0.22897643530396156
0.2464387335626359
0.28398305449826244
0.32083175457178953
0.3484053628036232
0.3582206126026345
0.36090268239002254
0.36354069056311145
0.3595682127538787
0.3505926213130784
0.3970052320065595
0.33817110403012307
0.32351575567064056
0.0
0.0
0.0
0.0
0.0
0.0
0.0
0.0
0.0
0.27298366080017605
0.26543137510975556
0.22850760070123954
0.22027892164548304
0.2499460441280332
0.2878508319620816
0.3168530288371088
0.33698619093569315
0.34922137327544445
0.3626458084406775
0.353736799471008
0.33035663361567064
0.35848120105646214
0.2972616391024301
0.28751291237434845
0.0
0.0
0.0
0.0
0.0
0.0
0.0
0.0
0.0
0.002374170537899498
0.024158704643020886
0.0996180991503698
0.14006496875700578
0.17598099921981514
0.212462491533536
0.23872431794763568
0.256793215983771
0.27348877747200423
0.2919615773099666
0.2894097554543649
0.2723336005123037
0.30023914498260973
0.24654214041944555
0.23860307711574233
0.0
0.0
0.0
0.0
0.0
0.0
0.0
0.0
0.0
0.0
0.0006625955572684844
0.04954633458578061
0.12883901467350534
0.17151510482813195
0.21041579800686486
0.24095872579103206
0.26296606561856334
0.28196663270261035
0.3013479531393925
0.30303310644950365
0.292883362734768
0.3318686943455077
0.2660637627891827
0.23290945966247584
0.0
0.0
0.0
0.0
0.0
0.0
0.0
0.0
0.0
0.0
0.005958906486388579
0.10231942144373937
0.1668708942234437
0.20975346215609852
0.2457518106064877
0.27351250048287806
0.28908099425244743
0.2966170482332129
0.3050069805168176
0.2959510718412378
0.2770572887594426
0.30142094822043297
0.24689799663271172
0.24310137618960512
0.0
0.0
0.0
0.0
0.0
0.0
0.0
0.0
0.0
0.0
0.014497291691383536
0.13471262553394947
0.1997830512929431
0.22304500601862018
0.2662054819980618
0.296585942409034
0.31368750246898724
0.32484333991124376
0.3350894614140772
0.3333663750506662
0.31701144121169417
0.3595682402466503
0.33973120726465883
0.2968069009266783
0.2937449424071654
0.0
0.0
0.0
0.0
0.0
0.0
0.0
0.0
0.0
0.0
0.14027674052740732
0.2824166154132686
0.2614913528500625
0.3095950825273275
0.31321192224751093
0.3384525457998646
0.3513751725775358
0.36227395666676804
0.3568876582390963
0.4110286129931525
0.4528067676823352
0.0
0.0
0.0
0.0
0.0
0.0
0.0
0.0
0.0
0.0
0.0
0.0
0.0
0.0
0.033685353793786996
0.12129505177368487
0.1842212928852483
0.22268934246398253
0.25000077269165455
0.2677758427494631
0.2823275487637183
0.284195630648865
0.27946491754421166
0.2812319748288496
0.1731385125869243
0.11804185846785206
0.0
0.0
0.0
0.0
0.0
0.0
0.0
0.0
0.0
0.0
0.0
1.357997500144484e-05
0.05574410116065655
0.14583935876800003
0.2112796340407906
0.2427441841938324
0.2678974839378676
0.28668665582453656
0.2961911308621057
0.29793788120645676
0.2958030793287836
0.30805479675059094
0.23387958061986805
0.19236143665241423
0.0
0.0
0.0
0.0
0.0
0.0
0.0
0.0
0.0
0.0
0.0
0.00020272097060616034
0.04252305144892898
0.11552996899856335
0.16985575928393576
0.2054761651529372
0.24151249663757687
0.2585973814498458
0.273301540800223
0.2761905664712684
0.267350306088107
0.26908314295805685
0.18773783353054063
0.15389660891475596
0.0
0.0
0.0
0.0
0.0
0.0
0.0
0.0
0.0
0.0
0.0
0.0
0.043620652374981
0.13169659275566387
0.1993053667744927
0.23342123502502507
0.2579879273371235
0.267436541281369
0.27552481365550335
0.27124817516588223
0.2558554179138605
0.2704181713070458
0.218026276641044
0.20789067327882624
0.0
0.0
0.0
0.0
0.0
0.0
0.0
0.0
0.0
0.0
0.0
0.02930530130864188
0.12618877186689895
0.19846675417881587
0.2550382078758
0.26783010714581157
0.2773576761783629
0.28960600433117595
0.30239614779752466
0.30374403495039237
0.29071728390201745
0.2968112303941648
0.23620015559344482
0.23160867159656615
0.0
0.0
0.0
0.0
0.0
0.0
0.0
0.0
0.0
0.0
0.0
0.031310196628701076
0.1574168678804044
0.20497687600252112
0.2563259307840631
0.28113525899680286
0.2953860787266541
0.31826882488744856
0.3308207585510439
0.3532793966603258
0.34038856165962433
0.3354330262402317
0.293772998005117
0.2113539440371077
0.1590707880027774
0.0
0.0
0.0
0.0
0.0
0.0
0.0
0.0
0.0
0.0
0.0
0.005860175892909969
0.10696079424430918
0.20181360947819477
0.22897121036670037
0.267941707626583
0.2855078509235272
0.296087722579421
0.30894711389861923
0.36408707173938176
0.32120865610266097
0.0
0.0
0.0
0.0
0.0
0.0
0.0
0.0
0.0
0.0
0.0
0.0
0.0
0.0
0.0026557616029314643
0.07202134883441876
0.17641205423074943
0.22359374098672588
0.26213969334494547
0.27902160988741914
0.2990123521561761
0.3104528352694052
0.37834380223627234
0.3504023199994135
0.0
0.0
0.0
0.0
0.0
0.0
0.0
0.0
0.0
0.0
0.0
0.0
0.0
0.006031299848550001
0.10120931007350197
0.16377301096836447
0.19548765544331473
0.21364563557868993
0.24610381386113736
0.2911428365697236
0.31593232937159926
0.32035738839580735
0.3148470142377749
0.3000623162239218
0.20800620419121985
0.17816779497830704
0.0
0.0
0.0
0.0
0.0
0.0
0.0
0.0
0.0
0.0
0.0
0.02213936752307009
0.11422419864988077
0.16404434855201178
0.23658805975376532
0.2810122020619366
0.2984954648353858
0.2992109780758995
0.31959112731195033
0.324999590629613
0.3052811482142064
0.3152562769844358
0.2527610035984029
0.2365385292615392
0.0
0.0
0.0
0.0
0.0
0.0
0.0
0.0
0.0
0.0
0.0
0.0035491820604002028
0.12005553819954871
0.2117277282318047
0.2589388536989109
0.27939965435705116
0.29461049408042395
0.29855763808997704
0.29432874323127783
0.287306361453963
0.2737167368567445
0.27824894129397354
0.2053217010919544
0.17997950957809747
0.0
0.0
0.0
0.0
0.0
0.0
0.0
0.0
0.0
0.0
0.0
0.0033368072547080335
0.09976516393513216
0.19043711416055842
0.2526803501858763
0.27722860803830374
0.2930891326886656
0.30884108312526704
0.3309360918819798
0.32607465376560935
0.30464512818260403
0.319851441939992
0.26455720577949593
0.252282996075409
0.0
0.0
0.0
0.0
0.0
0.0
0.0
0.0
0.0
0.02160967879562723
0.02943660773158467
0.08838241465759948
0.1688598070388834
0.22794888640618716
0.2819062997632222
0.30565738078807425
0.3186919834883718
0.3266549050665584
0.33716257097412555
0.3311029855980789
0.3102124431778282
0.32011207505404604
0.29580073313527266
0.27003617428571786
0.28173640295163604
0.0
0.0
0.0
0.0
0.0
0.0
0.0
0.0
0.0
0.0
0.12024869350404306
0.2570057235282882
0.2748028178131971
0.3247045775054029
0.3177581769158318
0.35055848216585017
0.34440470398253736
0.34327402381206146
0.30655402558337463
0.304736305653881
0.31617846817227424
0.0
0.0
0.0
0.0
0.0
0.0
0.0
0.0
0.0
0.0
0.0
0.0
0.0
0.0
0.0
0.0
0.0020176599315682893
0.032154425427995265
0.07777600372299837
0.10031540219217171
0.11584703788221665
0.1206492107237932
0.10444329516049777
0.07680639401676226
0.015137091078362235
0.0002758583413816071
0.0
0.0
0.0
0.0
0.0
0.0
0.0
0.0
0.0
0.0
0.0
0.0
0.0
0.001690670208243033
0.02675430547077889
0.0627079865342502
0.09188927160889444
0.11309447025439273
0.1298374122560463
0.13445787114457922
0.1221683983090986
0.06462493232675466
0.0033432821989280432
0.0
0.0
0.0
0.0
0.0
0.0
0.0
0.0
0.0
0.0
0.0
0.0
0.0
0.0005459257041536033
0.02635325410816959
0.09395023536001375
0.13626020244308826
0.16945717061139348
0.1929720295474046
0.2172046048784095
0.22658395827199912
0.20637397788052883
0.22710700960952807
0.11256111622463114
0.029768164327109135
0.0
0.0
0.0
0.0
0.0
0.0
0.0
0.0
0.0
0.0
0.0
0.0
0.01264310721227735
0.09636120566889314
0.16783145213508485
0.21347180329633983
0.23862823499300242
0.2570359738600198
0.2731519780958836
0.2790966495623039
0.2633138734188556
0.22924366459097598
0.1294781093916825
0.08238881417291875
0.0
0.0
0.0
0.0
0.0
0.0
0.0
0.0
0.0
0.0
0.0
0.0
0.0020478237040735072
0.06273974016072079
0.13970271116901908
0.20061792517101298
0.23973946740671717
0.2710834863883648
0.2839134306570599
0.27316788825888827
0.23728601583555464
0.2253574408073325
0.18192696709356695
0.16396473546871007
0.0
0.0
0.0
0.0
0.0
0.0
0.0
0.0
0.0
0.0
0.0
0.0
0.001743017380848141
0.038810886566281004
0.10199809767070901
0.1516650380055977
0.1914514560515625
0.22490960276493377
0.24209410490556732
0.23764559573093633
0.2130997653806187
0.19172344883889658
0.1601761133519411
0.1138432742477072
0.04413929343593971
0.0
0.0
0.0
0.0
0.0
0.0
0.0
0.0
0.0
0.0
0.0
0.0
0.008838755432633292
0.09075984328187478
0.15083188878202264
0.19809068623872597
0.22017842480854063
0.22629867009301227
0.22910699767378861
0.2352443809999713
0.17021816881530133
0.0
0.0
0.0
0.0
0.0
0.0
0.0
0.0
0.0
0.0
0.0
0.0
0.0
0.0
0.00342508316138157
0.057717360590242885
0.12471256083385171
0.1783627748149267
0.22478490111660202
0.2486584328155975
0.2578862910660907
0.25418636366895325
0.2409028799705016
0.2324484561378847
0.18275201557023593
0.18119165452900513
0.0
0.0
0.0
0.0
0.0
0.0
0.0
0.0
0.0
0.0
0.0
0.05376245676390015
0.11382508577219662
0.15133619368774462
0.1949653618618997
0.22273196561158595
0.2538123989362933
0.2712857245146985
0.2787664062217587
0.2590664350140514
0.23151675442058947
0.20185145872031424
0.1350006078248799
0.11545539373532428
0.0
0.0
0.0
0.0
0.0
0.0
0.0
0.0
0.0
0.0
0.0
1.4718314301191763e-05
0.062033578694923465
0.14063595514154353
0.1864036751302873
0.2090403167249283
0.22440699532055464
0.23472051697404217
0.24297767087595132
0.23648358750751314
0.2169711963780887
0.20984003364335496
0.15468448518277716
0.13651275526779016
0.0
0.0
0.0
0.0
0.0
0.0
0.0
0.0
0.0
0.0
0.0
0.0008882682342485111
0.04331488929385103
0.0863137092194671
0.12996617130052193
0.1599257804729292
0.18727289479040748
0.20297234965141658
0.21354008538406993
0.2140932561414586
0.19865023071403265
0.18077329543246543
0.1260742379309896
0.11430328496592305
0.0
0.0
0.0
0.0
0.0
0.0
0.0
0.0
0.0
0.0
0.0
0.0
0.005883054144058191
0.06882979782817883
0.12778751474267816
0.1648607397316282
0.18768695813956104
0.20945509554079594
0.22646412649880232
0.2296168564443542
0.20840432835593417
0.16426324861153555
0.10660433881235824
0.07135702573284955
0.0
0.0
0.0
0.0
0.0
0.0
0.0
0.0
0.0
0.0
0.0
0.0
0.009425487338433161
0.10366975240738036
0.17848664806330042
0.2241175792959786
0.25101791647019595
0.26024231601066644
0.25253721843391197
0.24236034946657742
0.22696428114592132
0.2287644379040146
0.20897803712501417
0.18801394562853901
0.19548283139523462
0.0
0.0
0.0
0.0
0.0
0.0
0.0
0.0
0.0
0.0
0.1486777780533235
0.21449177410650141
0.19987586643490357
0.25335965874451916
0.2661890126412138
0.24487703675117234
0.23692945746729818
0.2181151863217618
0.2138234570527673
0.2563047302554143
0.27170461180875966
0.0
0.0
0.0
0.0
0.0
0.0
0.0
0.0
0.0
0.0
0.0
0.02091821557718274
0.07120928894980237
0.13498112595595474
0.21701807807605517
0.27016020868826013
0.29667452573752606
0.3256064743891538
0.3387947678513816
0.3519129830742057
0.36573965047711515
0.351928455084517
0.3259599481844545
0.337937435068954
0.30513207003488585
0.31796323361804085
0.0
0.0
0.0
0.0
0.0
0.0
0.0
0.0
0.0
0.3588992242211824
0.2889054408829429
0.2699735445071361
0.26690214353410235
0.29488935843377295
0.31274027467473176
0.3152529203609956
0.32037153890954695
0.3257662371456524
0.3272672141541889
0.31655591654945225
0.2948449504501765
0.31596133283493955
0.28903325753852216
0.29265488580499704
0.0
0.0
0.0
0.0
0.0
0.0
0.0
0.0
0.0
0.31618053749295066
0.2716482009477033
0.2609399484121992
0.24579505735622287
0.27546510270769703
0.258498659764627
0.2844555752510038
0.3076544222158704
0.2919436632173607
0.2144556884046124
0.15936131540235934
0.1472264756895852
0.14777528816341803
0.11851027184970411
0.10156355353267908
0.0
0.0
0.0
0.0
0.0
0.0
0.0
0.0
0.0
0.0
0.0
0.0
0.0
0.040108138945283804
0.13286368962355904
0.16724769025725433
0.19550284142968732
0.21964941085138742
0.23585485138227946
0.23874833098401077
0.21531817093861436
0.1928072787090726
0.1401448291406949
0.10639634313017511
0.0
0.0
0.0
0.0
0.0
0.0
0.0
0.0
0.0
0.0
0.0
0.0
0.010384992382288563
0.05881863285504078
0.12849881210009034
0.19493988350605176
0.23032258957519144
0.2324075354050125
0.22477764336982553
0.19988810457578782
0.16414022000448342
0.1595821887130745
0.12355475674889181
0.11482490108699234
0.0
0.0
0.0
0.0
0.0
0.0
0.0
0.0
0.0
0.0
0.0
0.01357540487359874
0.12442121714821797
0.17376409631581002
0.2130622290497077
0.22782092594830358
0.24505686150455708
0.25814461903780167
0.2664842549639623
0.26478340948983475
0.2398503047636296
0.22855957244277114
0.21939509087466957
0.1927530390278133
0.1807142526940589
0.0
0.0
0.0
0.0
0.0
0.0
0.0
0.0
0.0
0.0
0.009351811723373153
0.11979931556153407
0.21328426645417892
0.04806453361871009
0.0
0.0
0.0
0.0
0.0
0.0
0.0
0.0
0.0
0.0
0.0
0.0
0.0
0.0
0.0
0.0
0.0
0.0
0.0
0.0
0.0
0.0
0.0
0.0
0.0
0.0022486814139400383
0.006429462926157121
0.011530367188612929
0.029560208346266062
0.024654731964752066
0.0018025807639005461
0.0
0.0
0.0
0.0
0.0
0.0
0.0
0.0
0.0
0.0
0.0
0.0
0.0
0.0
0.0
0.0
0.001407786050302192
0.009352534399916514
0.0280918047039633
0.054808032973699246
0.06854166453433573
0.07461213428637939
0.062148422732484755
0.03312733013373212
0.007580928656959653
0.0023484691850455494
2.7745025579802886e-05
0.0
0.0
0.0
0.0
0.0
0.0
0.0
0.0
0.0
0.0
0.0
0.0
0.0003042050089081865
0.00618108366218569
0.050063903914578906
0.08102322123372725
0.09582441763471998
0.10757092501042916
0.11461505449862577
0.10185326492821246
0.07005148587867875
0.03765436703273649
0.005161289719939502
0.0023684936721928393
0.0
0.0
0.0
0.0
0.0
0.0
0.0
0.0
0.0
0.0
0.0
0.0
0.0
0.0
0.0
0.0
0.0
0.0
0.0
0.0
0.0
0.0
0.0
0.0
0.0
0.0
0.0
0.0
0.0
0.0
0.0
0.0
0.0
0.0
0.0
0.0
0.0
0.0
0.0
0.0
0.0
0.0
0.0
0.0
0.0
0.0
0.0
0.0
0.0
0.0
0.0
0.0
0.0
0.0
0.0
0.0
0.0
0.0
0.0
0.0
0.0
0.0001732716498505272
0.00601179662427092
0.023604445424015245
0.054275903936984594
0.06978497624817659
0.08157819792950562
0.07993066348409056
0.024303688719558233
0.0
0.0
0.0
0.0
0.0
0.0
0.0
0.0
0.0
0.0
0.0
0.0
0.0
0.0
0.0
0.0
0.0
0.008701623805711186
0.021554176506476237
0.05015031088938549
0.0819298925666235
0.0902571934359972
0.07952259648159321
0.013333239619645791
0.0002120040992019879
0.0
0.0
0.0
0.0
0.0
0.0
0.0
0.0
0.0
0.0
0.0
0.0
0.0
0.0
0.0009177092270190181
0.012835478087172588
0.0622324527577325
0.09231346194097838
0.11513965807616054
0.12453803211928803
0.13884579215363788
0.12931142302486606
0.06855804096382544
0.01862350381063897
0.005151760991312547
0.0011945426181532673
0.0
0.0
0.0
0.0
0.0
0.0
0.0
0.0
0.0
0.0
0.0
0.0
0.004236347031764922
0.03840318476460111
0.09175394011893355
0.11714539119114878
0.13729211298902272
0.15105990273631534
0.16368753054881946
0.14945208837429477
0.10962612127751524
0.05858608269306893
0.029717950259387175
0.006873812627994342
0.0
0.0
0.0
0.0
0.0
0.0
0.0
0.0
0.0
0.0
0.0
0.0
0.0029188119002330807
0.026712005810591605
0.09441563092756694
0.13673528806351007
0.1590948386919773
0.17111675758384043
0.1768316943676786
0.16009484405274846
0.12051013104380436
0.07666973530364508
0.025831634960751883
0.014560029995937841
0.0
0.0
0.0
0.0
0.0
0.0
0.0
0.0
0.0
0.0
0.0
0.0
0.009123039310778411
0.07762386348291517
0.12530538734713279
0.1345469817391654
0.16532859373031628
0.18701981225993394
0.1902644214548034
0.17720559411829617
0.1362703845355683
0.10842777182887489
0.06447898911747145
0.05000265631440325
0.0
0.0
0.0
0.0
0.0
0.0
0.0
0.0
0.0
0.0
0.0
0.00023286139336562824
0.030291840187327272
0.09224227049737758
0.1363434229293463
0.1696656795979564
0.20782739957614832
0.226117926940322
0.2226879328967231
0.20164911630092283
0.15844545896265608
0.1366899488538705
0.07912464586207009
0.03876885438404518
0.0
0.0
0.0
0.0
0.0
0.0
0.0
0.0
0.0
0.0
0.0
0.0
0.0007138761724249478
0.033780490036012266
0.09827425057053124
0.13441039040140265
0.1687953236632426
0.18321044914925746
0.18968530521208743
0.16987771851744315
0.1087646436625143
0.04247584497095705
0.023941491975593556
0.010637179683136226
0.00018275982317824757
0.0
0.0
0.0
0.0
0.0
0.0
0.0
0.0
0.0
0.0
0.0
0.0
0.016633512448942848
0.06117250585165517
0.12681597739319764
0.13963653319274663
0.1425266978413321
0.14013954810421358
0.12920812342088764
0.0576851293545644
0.00577766193567575
0.0
0.0
0.0
0.0
0.0
0.0
0.0
0.0
0.0
0.0
0.0
0.0
0.0
0.0032615085267800638
0.06991373439005846
0.11491747264272888
0.17046439753458986
0.1963128999017545
0.20934463636991327
0.21213178492924092
0.22569764323089658
0.22163934382560985
0.17978838524758528
0.17042614450495205
0.13946500029338033
0.13282167219769508
0.0
0.0
0.0
0.0
0.0
0.0
0.0
0.0
0.0
0.0
0.0021592698487005917
0.0653925841414235
0.1336529112571223
0.1713748591262045
0.19597358536943113
0.21109472684918928
0.214140070378065
0.2092638062125705
0.20306160743980825
0.1836250325498339
0.14637916758021638
0.14007241023080705
0.11121106550129423
0.0923125441273385
0.0
0.0
0.0
0.0
0.0
0.0
0.0
0.0
0.0
0.0
0.0
0.012147703338155713
0.11606312528514737
0.17981016913192227
0.21792429861339443
0.22426946046602103
0.22541574757347468
0.22816250714667596
0.2218118787292923
0.20961000287749396
0.1830066639321838
0.18992771267407543
0.161300149637132
0.14762741288209913
0.0
0.0
0.0
0.0
0.0
0.0
0.0
0.0
0.0
0.0
0.0
0.013245938718616781
0.1439511013767373
0.1941485874684414
0.22530292107884364
0.21965689878075906
0.2403217766634815
0.1789888931623976
0.1588851881359846
0.11086169929061976
0.0003208528844833489
0.0
0.0
0.0
0.0
0.0
0.0
0.0
0.0
0.0
0.0
0.0
0.0
0.0
0.0
0.0
0.0033641634110380594
0.025042858404965108
0.05830934299600674
0.07576331702334839
0.09541737845036763
0.10573118558913203
0.1117169494092978
0.06581998460236706
0.01678760135884614
0.00040704988120428433
0.0
0.0
0.0
0.0
0.0
0.0
0.0
0.0
0.0
0.0
0.0
0.0
0.0
0.0
0.0
0.008457333458573689
0.051756763820750847
0.08921176731494218
0.11452204562310536
0.13508155179860246
0.14696210942929902
0.14242733639728758
0.10012687679488151
0.0645404013149395
0.043402393699150686
0.022363243689207588
0.007345284136581544
0.0
0.0
0.0
0.0
0.0
0.0
0.0
0.0
0.0
0.0
0.0023360977474355758
0.02373312621090516
0.12297375474497065
0.18250113167477763
0.21520713967507676
0.23456502630820955
0.2502162825261682
0.2533458225439845
0.2430327426642455
0.23263190953863416
0.22112602451810076
0.0
0.0
0.0
0.0
0.0
0.0
0.0
0.0
0.0
0.0
0.0
0.05447165898558012
0.12054657580264362
0.15721892983579597
0.18500354034892108
0.21052305233114135
0.25076026132928886
0.26498047858042056
0.2542852314761568
0.2544571392725336
0.25519806882547574
0.24569226029530286
0.21662094771829657
0.2281523116348935
0.21153703435255808
0.2203688728545937
0.0
0.0
0.0
0.0
0.0
0.0
0.0
0.0
0.0
0.1547275796820406
0.20421711590899866
0.18361548971217084
0.18803809415222075
0.204225386426798
0.2290191344390427
0.25201112512669077
0.2435981477293732
0.24615069337598414
0.25554846140174653
0.2512393692070694
0.23131743813863137
0.24772304934809936
0.22164554718064952
0.21680618764360718
0.0
0.0
0.0
0.0
0.0
0.0
0.0
0.0
0.0
0.0
0.0
0.0
0.0
0.001868750408530897
0.012655757855431498
0.04108167810619936
0.05847593600487281
0.06382241521482342
0.07078496425914882
0.054532008592156046
0.018139769801631813
0.0018690415168120297
0.0
0.0
0.0
0.0
0.0
0.0
0.0
0.0
0.0
0.0
0.0
0.0
0.0
0.0
0.0
0.0
0.001286209409563503
0.00531542369885425
0.00820483164728999
0.013341152361370887
0.018595776921101356
0.007277632475975381
0.00045243107751441225
0.0
0.0
0.0
0.0
0.0
0.0
0.0
0.0
0.0
0.0
0.0
0.0
0.0
0.0
0.0
0.0
0.0
0.0
0.0008023706446175285
0.002964959824734445
0.005030436490868246
0.004961878223184932
0.00259629146170506
9.236889875150454e-05
0.0
0.0
0.0
0.0
0.0
0.0
0.0
0.0
0.0
0.0
0.0
0.0
0.0
0.0
0.0
0.0
0.002511301725409214
0.05112632985194489
0.10537196164955903
0.14136009222312493
0.15464499403655155
0.14780596419959408
0.13808474924628997
0.09912069919954104
0.05123436422819576
0.011972627945104904
0.00672448437744055
0.002541265432652061
0.0
0.0
0.0
0.0
0.0
0.0
0.0
0.0
0.0
0.0
0.0003497009355422332
0.041180720677965466
0.16962596035329464
0.21666269161170487
0.23786896680425812
0.24662482817359813
0.24789426635342374
0.24457635982603676
0.22964165333709732
0.21905308459041922
0.22196953285016835
0.0
0.0
0.0
0.0
0.0
0.0
0.0
0.0
0.0
0.0
0.0
0.010306512070003384
0.08985362762532495
0.1278846806614836
0.15734960484315302
0.18365373665891185
0.04409965199797035
0.0
0.0
0.0
0.0
0.0
0.0
0.0
0.0
0.0
0.0
0.0
0.0
0.0
0.0
0.0
0.0
0.0
0.0
0.0
0.0
0.0
0.0
0.0
0.0
0.0
0.0
0.0
0.0
0.0
0.0
0.0
0.0
0.0
0.0
0.0
0.0
0.0
0.0
0.0
0.0
0.0
0.0
0.0
0.0
0.0
0.0
0.0
0.003993112885217649
0.01370305682233062
0.03417827888413374
0.06038088581690694
0.0705851118991162
0.04888641720981437
0.010694981226442305
0.002780447243687405
0.00018839791254034681
0.0
0.0
0.0
0.0
0.0
0.0
0.0
0.0
0.0
0.0
0.0
0.0
0.0
0.01128381233140033
0.05810006502289332
0.09941819185555274
0.12396296438435371
0.12853047578092736
0.14267015472182418
0.1445002874224002
0.12923639246660776
0.10303474840317736
0.1074462567606806
0.02292020537907176
0.0
0.0
0.0
0.0
0.0
0.0
0.0
0.0
0.0
0.0
0.0
0.0
0.0
0.0
0.0
0.0
0.0
0.0
0.0
0.0
0.0
0.0
0.0
0.0
0.0
0.0
0.0
0.0
0.0
0.0
0.0
0.0
0.0
0.0
0.0
0.0
0.0
0.0
0.0
0.0
0.0
0.0
0.0
0.0
0.0
0.0
0.0
0.0
0.0
0.0
0.0
0.0
0.0
0.0
0.0
0.0
0.0
0.0
0.0
0.0
0.0
0.0
0.0
0.0
0.0
0.0
0.0
0.0
0.0
0.0
0.0
0.0
0.0
0.0
0.0
0.0
0.0
0.0
0.0
0.0
0.0
0.0
0.0
0.0
0.0
0.0
0.0
0.0
0.0
0.0
0.0
0.0
0.0
0.0
0.0
0.0
0.0
0.0
0.0
0.0
0.0
0.0
0.0
0.0
0.0
0.0
0.0
0.0
0.0
0.0
0.0
0.0
0.0
0.0
0.0
0.0
0.0
0.0
0.0
0.0
0.0
0.0
0.0
0.0
0.0
0.0
0.0
0.0
0.0
0.0
0.0
0.0
0.0
0.0
0.0
0.0
0.0
0.0
2.3568709462450124e-05
0.0002289647548262596
0.0
0.0
0.0
0.0
0.0
0.0
0.0
0.0
0.0
0.0
0.0
0.0
0.0
0.0
0.0
0.0
0.0
0.0
0.0
0.0
0.0
0.0
0.0
0.0
0.0
0.0
0.0
0.0
0.0
0.0
0.0
0.0
0.0
0.0
0.0
0.0
0.0
0.0
0.0
0.0
0.0
0.0
0.0
0.0
0.0
0.0
0.0
0.0
0.0
0.0
0.0
0.0
0.0
0.0
0.0
0.0
0.0
0.0
0.0
0.0
0.0
0.0
0.0
0.0
0.0
0.0
0.0
0.0
0.0
0.0
0.0
0.0
0.0
0.0
0.0
0.0
0.0
0.0
0.0
0.0
0.0
0.0
0.0
0.0
0.0
0.0
0.0
0.0
0.0
0.0
0.0
0.0
0.014249787174853635
0.04680654071830588
0.07736726894628927
0.07135958878821091
0.027103473265410388
0.0
0.0
0.0
0.0
0.0
0.0
0.0
0.0
0.0
0.0
0.0
0.0
0.0
0.0
0.0
0.0
0.0
0.0
1.368044364880422e-05
0.0028066645607599345
0.00625202868999521
0.009042471055258204
0.008330376016482103
0.0028359961903717326
0.0
0.0
0.0
0.0
0.0
0.0
0.0
0.0
0.0
0.0
0.0
0.0
0.0
0.0
0.0
0.0
0.0
0.0
0.0035811813936098124
0.03819323234573193
0.07852281156560227
0.09888620354377667
0.11436125151306167
0.10420406528274957
0.07396898165010492
0.059266589573606344
0.03169817484988364
0.010259801998133984
0.0
0.0
0.0
0.0
0.0
0.0
0.0
0.0
0.0
0.0
0.0
0.0
0.02726222469364268
0.06743625551260776
0.11889109979723624
0.1584323885802909
0.1894152337115363
0.21532275880853247
0.2254717411233097
0.1944584572290773
0.14972143981503017
0.14198870333421734
0.10241871141295072
0.08058686210173582
0.0
0.0
0.0
0.0
0.0
0.0
0.0
0.0
0.0
0.0
0.0
0.005551568338418003
0.08022207119421025
0.11373202791332773
0.16619979923146164
0.17939152394381766
0.17347261357071347
0.16259742787120482
0.1723877511583159
0.16946622247914123
0.1364593531227311
0.10304472686116783
0.0535363075199456
0.035363168444309805
0.0
0.0
0.0
0.0
0.0
0.0
0.0
0.0
0.0
0.0
0.0
0.0
0.0
0.0
0.0006993118403454451
0.0031106917640457963
0.005547545386818334
0.008582422002412113
0.007226357640639641
0.002490957386469219
0.0
0.0
0.0
0.0
0.0
0.0
0.0
0.0
0.0
0.0
0.0
0.0
0.0
0.0
0.0
0.0
0.0
0.0
0.0
0.0009266186287447745
0.003344493484576833
0.004078493514763527
0.003237456754341728
0.0018800312357326124
0.0
0.0
0.0
0.0
0.0
0.0
0.0
0.0
0.0
0.0
0.0
0.0
0.0
0.0
0.0
0.0
0.0
0.0
0.0
0.0
0.0
0.0
0.0008226492416949958
0.00013931819600468734
0.0
0.0
0.0
0.0
0.0
0.0
0.0
0.0
0.0
0.0
0.0
0.0
0.0
0.0
0.0
0.0
0.0
0.0
0.0
0.0009953233146692154
0.0034995574389261696
0.007061104133039808
0.006838937745118954
0.002982469155786863
0.0
0.0
0.0
0.0
0.0
0.0
0.0
0.0
0.0
0.0
0.0
0.0
0.0
0.0
0.0
0.0
0.0
0.0
0.0
0.0006393946687168582
0.00436309075886435
0.009078732394305702
0.008829950331175772
0.0028819704951809928
0.0
0.0
0.0
0.0
0.0
0.0
0.0
0.0
0.0
0.0
0.0
0.0
0.0
0.0
0.0
0.0
0.0
0.0012135999478121412
0.006505908552940675
0.02299839088889728
0.03501074896383946
0.04116746163987934
0.04615617197466286
0.030999514935193057
0.01243680207711078
0.001316424897829952
0.0
0.0
0.0
0.0
0.0
0.0
0.0
0.0
0.0
0.0
0.0
0.0
0.0
0.0
0.0
0.0
0.0
0.0
0.0
0.0
0.0
0.0
0.0
0.0
0.0
0.0
0.0
0.0
0.0
0.0
0.0
0.0
0.0
0.0
0.0
0.0
0.0
0.0
0.0
0.0
0.0
0.0
0.0008893349608835131
0.001183262452735299
0.0006644453356714724
0.0
0.0
0.0
0.0
0.0
0.0
0.0
0.0
0.0
0.0
0.0
0.0
0.0
0.0
0.0
0.0
0.0
0.0
0.0
0.0
0.0004528188126803065
0.009733290872207543
0.017699194726430483
0.02384924837343026
0.02916377950177313
0.01299265745411647
0.0
0.0
0.0
0.0
0.0
0.0
0.0
0.0
0.0
0.0
0.0
0.0
0.0
0.0
0.0
0.0
0.0
0.0
0.0
0.005295027300755112
0.028039279796373325
0.031033422950690517
0.0340062922126978
0.0
0.0
0.0
0.0
0.0
0.0
0.0
0.0
0.0
0.0
0.0
0.0
0.0
0.0
0.0
0.0
0.0
0.0
0.0
0.0
0.0
0.0
0.0
0.0
0.0
0.0
0.0
0.0
0.0
0.0
0.0
