0.0
0.0
0.0
0.0
0.0
0.0
0.0
0.0
0.0
0.0
0.0
0.0
0.0
0.0
0.0
0.0
0.0
0.0
0.0
0.0
0.0
0.0
0.0
0.0
0.0
0.0
0.0
0.0
0.0
0.0
0.0
0.0
0.0
0.0
0.0
0.0
0.0
0.0
0.0
0.0
0.0
0.0
0.0
0.0
0.0
0.0
0.0
0.0
0.0
0.0
0.0
0.0
0.0
0.0
0.0
0.0
0.0
0.0
0.0
0.0
0.0
0.0
0.0
0.0
0.0
0.0
0.0
0.0
0.0
0.0
0.0
0.0
0.0
0.0
0.0
0.0
0.0
0.0
0.0
0.0
0.0
0.0
0.0
0.0
0.0
0.0
0.0
0.0
0.0
0.0
0.0
0.0
0.0
0.0
0.0
0.0
0.0
0.0
0.0
0.0
0.0
0.0
0.0
0.0
0.0
0.0
0.0
0.0
0.0
0.0
0.0
0.0
0.0
0.0
0.0
0.0
0.0
0.0
0.0
0.0
0.0
0.0
0.0
0.0
0.0
0.0
0.0
0.0
0.0
0.0
0.0
0.0
0.0
0.0
0.0
0.0
0.0
0.0
0.0
0.0
0.0
0.0
0.0
0.0
0.0
0.0
0.0
0.0
0.0
0.0
0.0
1.6775118538903104e-05
0.0
0.0
0.0
0.0
0.0
0.0
0.0
0.0
0.0
0.0
0.0
0.0
0.0
0.0
0.0
0.0
0.0
0.0
0.0
0.0
0.0
0.0
0.0
0.0
0.0
0.0
0.0
0.0
0.0
0.0
0.0
0.0
0.0
0.0
0.0
0.0
0.0
0.0
0.0
0.0
0.0
0.0
0.0
0.0
0.0
0.0
0.0
0.0
0.0
0.0
0.0
0.0
0.0
0.0
0.0
0.0
0.0
0.0
0.0
0.0
0.0
0.0
0.0
0.0
0.0
0.0
0.0
0.0
0.0
0.0
0.0
0.0
0.0
0.0
0.0
0.0
0.0
0.0
0.0
0.0
0.0
0.0
0.0
0.0
0.0
0.0
0.0
0.0
0.0
0.0
0.0
0.0
0.0
0.0
0.0
0.0
0.0
0.0
0.0
0.0
0.0
0.0
0.0
0.0
0.0
0.0
0.0
0.0
0.0
0.0
0.0
0.0
0.0
0.0
0.0
0.0
0.0
0.0
0.0
0.0
0.0
0.0
0.0
0.0
0.0
0.0
0.0
0.0
0.0
0.0
0.0
0.0
0.0
0.0
0.0
0.0
0.0
0.0
0.0
0.0
0.0
0.0
0.0
0.0
1.6820724972425837e-05
6.135765157762007e-06
9.34870587218515e-06
0.0
0.0
0.0
0.0
0.0
0.0
0.0
0.0
0.0
0.0
0.0
0.0
0.0
0.0
0.0
0.0
0.0
0.0
0.0
0.0
0.0
0.0
0.0
0.0
0.0
0.0
0.0
0.0
0.0
0.0
0.0
0.0
0.0
0.0
0.0
0.0
0.0
0.0
0.0
0.0
0.0
0.0
0.0
0.0
0.0
0.0
0.0
0.0
0.0
0.0
0.0
0.0
0.0
0.0
0.0
0.0
0.0
0.0
0.0
0.0
0.0
0.0
0.0
0.0
0.0
0.0
0.0
0.0
0.0
0.0
0.0
0.0
0.0
0.0
0.0
0.0
0.0
0.0
0.0
0.0
0.0
0.0
0.0
0.0
0.0
0.0
0.0
0.0
0.0
0.0
0.0
0.0
0.0
4.465366100467244e-06
1.2132582046610958e-05
7.972283412959394e-06
0.0
0.0
0.0
0.0
0.0
0.0
0.0
0.0
0.0
0.0
0.0
0.0
0.0
0.0
0.0
0.0
0.0
0.0
0.0
0.0
0.0
0.0
0.0
4.5852770524776115e-06
0.0
0.0
0.0
0.0
0.0
0.0
0.0
0.0
0.0
0.0
0.0
0.0
0.0
0.0
0.0
0.0
0.0
0.0
0.0
0.0
0.0
0.0
0.0
0.0
0.0
0.0
0.0
0.0
0.0
0.0
0.0
0.0
0.0
0.0
0.0
0.0
0.0
0.0
0.0
0.0
0.0
0.0
0.0
0.0
0.0
0.0
0.0
0.0
0.0
0.0
0.0
0.0
0.0
0.0
0.0
0.0
0.0
0.0
0.0
0.0
0.0
0.0
0.0
0.0
0.0
0.0
0.0
0.0
0.0
0.0
0.0
0.0
0.0
0.0
0.0
0.0
0.0
0.0
0.0
0.0
0.0
0.0
0.0
0.0
0.0
0.0
0.0
0.0
0.0
0.0
0.0
0.0
0.0
0.0
0.0
0.0
0.0
0.0
0.0
0.0
0.0
0.0
0.0
0.0
0.0
0.0
0.0
0.0
0.0
0.0
0.0
0.0
0.0
0.0
0.0
0.0
0.0
0.0
0.0
0.0
0.0
0.0
0.0
0.0
0.0
0.0
0.0
0.0
0.0
0.0
0.0
0.0
0.0
0.0
0.0
0.0
0.0
0.0
0.0
0.0
0.0
0.0
0.0
0.0
0.0
0.0
0.0
0.0
0.0
0.0
0.0
0.0
0.0
0.0
0.0
0.0
0.0
0.0
0.0
0.0
0.0
0.0
0.0
0.0
0.0
0.0
0.0
0.0
0.0
0.0
0.0
0.0
0.0
0.0
0.0
0.0
0.0
0.0
0.0
0.0
0.0
0.0
0.0
0.0
0.0
0.0
0.0
0.0
0.0
0.0
0.0
0.0
0.0
0.0
0.0
0.0
0.0
0.0
0.0
0.0
0.0
0.0
0.0
0.0
0.0
0.0
0.0
0.0
0.0
0.0
0.0
0.0
0.0
0.0
0.0
0.0
0.0
0.0
0.0
0.0
0.0
0.0
0.0
0.0
0.0
0.0
0.0
0.0
0.0
0.0
0.0
0.0
0.0
0.0
0.0
0.0
0.0
0.0
0.0
0.0
0.0
0.0
0.0
0.0
0.0
0.0
0.0
0.0
0.0
0.0
0.0
0.0
0.0
0.0
0.0
0.0
0.0
0.0
0.0
0.0
0.0
0.0
0.0
0.0
0.0
0.0
0.0
0.0
0.0
0.0
0.0
0.0
0.0
0.0
0.0
0.0
0.0
0.0
0.0
0.0
0.0
0.0
0.0
0.0
0.0
0.0
0.0
0.0
0.0
0.0
0.0
0.0
0.0
0.0
0.0
0.0
0.0
0.0
0.0
0.0
0.0
0.0
0.0
0.0
0.0
0.0
0.0
0.0
0.0
0.0
0.0
0.0
0.0
0.0
0.0
0.0
0.0
0.0
0.0
0.0
0.0
0.0
0.0
0.0
0.0
0.0
0.0
0.0
0.0
0.0
0.0
0.0
0.0
0.0
0.0
0.0
0.0
0.0
0.0
0.0
0.0
0.0
0.0
0.0
0.0
0.0
0.0
0.0
0.0
0.0
0.0
0.0
0.0
0.0
0.0
0.0
0.0
0.0
0.0
0.0
0.0
0.0
0.0
0.0
0.0
0.0
0.0
0.0
0.0
0.0
0.0
0.0
0.0
0.0
0.0
0.0
0.0
0.0
0.0
0.0
0.0
0.0
0.0
0.0
0.0
0.0
0.0
0.0
0.0
0.0
0.0
0.0
0.0
0.0
0.0
0.0
0.0
0.0
0.0
0.0
0.0
0.0
0.0
0.0
0.0
0.0
0.0
0.0
0.0
0.0
0.0
0.0
0.0
0.0
0.0
0.0
0.0
0.0
0.0
0.0
0.0
0.0
0.0
0.0
0.0
0.0
0.0
0.0
0.0
0.0
0.0
0.0
0.0
0.0
0.0
0.0
0.0
0.0
0.0
0.0
0.0
0.0
0.0
0.0
0.0
0.0
0.0
0.0
0.0
0.0
0.0
0.0
0.0
0.0
0.0
0.0
0.0
0.0
0.0
0.0
0.0
0.0
0.0
0.0
0.0
0.0
0.0
0.0
0.0
0.0
0.0
0.0
0.0
0.0
0.0
0.0
0.0
0.0
0.0
0.0
0.0
0.0
0.0
0.0
0.0
0.0
0.0
0.0
0.0
0.0
0.0
0.0
0.0
0.0
0.0
0.0
0.0
0.0
0.0
0.0
0.0
0.0
0.0
0.0
0.0
0.0
0.0
0.0
0.0
0.0
0.0
0.0
0.0
0.0
0.0
0.0
0.0
0.0
0.0
0.0
0.0
0.0
0.0
0.0
0.0
0.0
0.0
0.0
0.0
0.0
0.0
0.0
0.0
0.0
0.0
0.0
0.0
0.0
0.0
0.0
0.0
0.0
0.0
0.0
0.0
0.0
0.0
0.0
0.0
0.0
0.0
0.0
0.0
0.0
0.0
0.0
0.0
0.0
0.0
0.0
0.0
0.0
0.0
0.0
0.0
0.0
0.0
0.0
0.0
0.0
0.0
0.0
0.0
0.0
0.0
0.0
0.0
0.0
0.0
0.0
0.0
0.0
0.0
0.0
0.0
0.0
0.0
0.0
0.0
0.0
0.0
0.0
0.0
0.0
0.0
0.0
0.0
0.0
0.0
0.0
0.0
0.0
0.0
0.0
0.0
0.0
0.0
0.0
0.0
0.0
0.0
0.0
0.0
0.0
0.0
0.0
0.0
0.0
0.0
0.0
0.0
0.0
0.0
0.0
0.0
0.0
0.0
0.0
0.0
0.0
0.0
0.0
0.0
0.0
0.0
0.0
0.0
0.0
0.0
0.0
0.0
0.0
0.0
0.0
0.0
0.0
0.0
0.0
0.0
0.0
0.0
0.0
0.0
0.0
0.0
0.0
0.0
0.0
0.0
0.0
0.0
0.0
0.0
0.0
0.0
0.0
0.0
0.0
0.0
0.0
0.0
0.0
0.0
0.0
0.0
0.0
0.0
0.0
0.0
0.0
0.0
0.0
0.0
0.0
0.0
0.0
0.0
0.0
0.0
0.0
0.0
0.0
0.0
0.0
0.0
0.0
0.0
0.0
0.0
0.0
0.0
0.0
0.0
0.0
0.0
0.0
0.0
0.0
0.0
0.0
0.0
0.0
0.0
0.0
0.0
0.0
0.0
0.0
0.0
0.0
0.0
0.0
0.0
0.0
0.0
0.0
0.0
0.0
0.0
0.0
0.0
0.0
0.0
0.0
0.0
0.0
0.0
0.0
0.0
0.0
0.0
0.0
0.0
0.0
0.0
0.0
0.0
0.0
0.0
0.0
0.0
0.0
0.0
0.0
0.0
0.0
0.0
0.0
0.0
0.0
0.0
0.0
0.0
0.0
0.0
0.0
0.0
0.0
0.0
0.0
0.0
0.0
0.0
0.0
0.0
0.0
0.0
0.0
0.0
0.0
0.0
0.0
0.0
0.0
0.0
0.0
0.0
0.0
0.0
2.56835563432472e-05
0.0
0.0
0.0
0.0
0.0
0.0
0.0
0.0
0.0
0.0
0.0
0.0
0.0
0.0
0.0
0.0
0.0
0.0
0.0
0.0
0.0
0.00010747133290033322
1.099257319750759e-05
2.5907722900616973e-05
7.948949534806196e-06
1.1856530513489187e-05
0.0
0.0
0.0
0.0
0.0
0.0
0.0
0.0
0.0
0.0
0.0
0.0
0.0
0.0
0.0
0.0
0.0
0.0
0.0
0.0
0.0
1.5071225895076526e-05
1.1648650507649596e-05
8.588812857651353e-06
0.0
0.0
0.0
0.0
0.0
0.0
0.0
0.0
0.0
0.0
0.0
0.0
0.0
0.0
0.0
0.0
0.0
0.0
0.0
2.230788677503038e-05
4.164235751056816e-06
2.0489117350958266e-05
1.5021838010728512e-05
2.233921871637854e-05
0.0
0.0
0.0
0.0
0.0
0.0
0.0
0.0
0.0
0.0
0.0
0.0
0.0
0.0
0.0
0.0
0.0
0.0
0.0
3.622266955744184e-05
4.484193379198779e-06
2.0187599196950824e-05
1.4274055293082027e-05
9.593443221880951e-06
0.0
0.0
0.0
0.0
0.0
0.0
0.0
0.0
0.0
0.0
0.0
0.0
0.0
0.0
0.0
0.0
0.0
0.0
0.0
0.0
0.0
0.0
0.0
0.0
0.0
0.0
0.0
0.0
0.0
0.0
0.0
0.0
0.0
0.0
0.0
0.0
0.0
0.0
0.0
0.0
0.0
0.0
0.0
0.0
0.0
0.0
0.0
0.0
0.0
0.0
0.0
0.0
0.0
0.0
0.0
0.0
0.0
0.0
0.0
0.0
0.0
0.0
0.0
0.0
0.0
0.0
0.0
0.0
0.0
0.0
0.0
0.0
0.0
0.0
0.0
0.0
0.0
0.0
0.0
0.0
0.0
0.0
0.0
0.0
0.0
0.0
0.0
0.0
0.0
0.0
0.0
4.42931701126717e-05
1.0390048499589856e-05
3.171024358178713e-05
6.841754694786591e-06
1.7886005183866965e-05
0.0
0.0
0.0
0.0
0.0
0.0
0.0
0.0
0.0
0.0
0.0
0.0
0.0
0.0
0.0
0.0
0.0
0.0
0.0
0.0
0.0
0.0
0.0
0.0
0.0
0.0
0.0
0.0
0.0
0.0
0.0
0.0
0.0
0.0
0.0
0.0
0.0
0.0
0.0
0.0
0.0
0.0
0.0
0.0
0.0
0.0
0.0
0.0
0.0
0.0
0.0
0.0
0.0
0.0
0.0
0.0
0.0
0.0
0.0
0.0
0.0
0.0
0.0
0.0
0.0
0.0
0.0
0.0
0.0
0.0
0.0
0.0
0.0
0.0
0.0
0.0
0.0
0.0
0.0
0.0
0.0
0.0
0.0
0.0
0.0
0.0
0.0
0.0
0.0
0.0
0.0
0.0
7.834056789570702e-05
0.0
0.0
0.0
0.0
0.0
0.0
0.0
0.0
0.0
0.0
0.0
0.0
0.0
0.0
0.0
0.0
0.0
0.0
0.0
0.0
0.0
0.0
0.0
0.0
0.0
0.0
0.0
0.0
0.0
0.0
0.0
0.0
0.0
0.0
0.0
0.0
0.0
0.0
0.0
0.0
0.0
0.0
0.0
0.0
0.0
0.0
0.0
0.0
0.0
0.0
0.0
0.0
0.0
0.0
0.0
0.0
0.0
0.0
0.0
0.0
0.0
0.0
0.0
0.0
0.0
0.0
0.0
0.0
0.0
0.0
0.0
0.0
0.0
0.0
0.0
0.0
0.0
0.0
0.0
0.0
0.0
0.0
0.0
0.0
0.0
0.0
0.0
0.0
0.0
0.0
0.0
0.0
0.0
0.0
0.0
0.0
0.0
0.0
0.0
0.0
0.0
0.0
0.0
0.0
0.0
0.0
0.0
0.0
0.0
0.0
0.0
0.0
0.0
0.0
0.0
0.0
0.0
0.0
0.0
0.0
0.0
0.0
0.0
0.0
0.0
0.0
0.0
0.0
0.0
0.0
0.0
0.0
0.0
0.0
0.0
0.0
0.0
0.0
0.0
0.0
0.0
0.0
0.0
0.0
0.0
0.0
0.0
0.0
0.0
0.0
0.0
0.0
0.0
0.0
0.0
0.0
0.0
0.0
0.0
0.0
0.0
0.0
0.0
0.0
0.0
0.0
0.0
0.0
0.0
0.0
0.0
0.0
0.0
0.0
0.0
0.0
0.0
0.0
0.0
0.0
0.0
0.0
0.0
0.0
0.0
0.0
0.0
0.0
0.0
0.0
0.0
0.0
0.0
0.0
0.0
0.0
0.0
0.0
0.0
0.0
0.0
0.0
0.0
0.0
0.0
0.0
0.0
0.0
0.0
0.0
0.0
0.0
0.0
0.0
0.0
0.0
1.1010030562419135e-05
7.548871764054139e-06
0.0
0.0
0.0
0.0
0.0
0.0
0.0
0.0
0.0
0.0
0.0
0.0
0.0
0.0
0.0
0.0
0.0
0.0
0.0
0.0
0.0
0.0
5.412231811717257e-06
8.191760165346078e-06
0.0
0.0
0.0
0.0
0.0
0.0
0.0
0.0
0.0
0.0
0.0
0.0
0.0
0.0
0.0
0.0
0.0
0.0
0.0
0.0
0.0
2.6983283729982762e-05
5.442823199547168e-06
8.691163492776274e-06
0.0
0.0
0.0
0.0
0.0
0.0
0.0
0.0
0.0
0.0
0.0
0.0
0.0
0.0
0.0
0.0
0.0
0.0
0.0
3.3533143785266834e-05
4.103020838174438e-06
1.9215041616459537e-05
0.0
9.922561448835316e-06
0.0
0.0
0.0
0.0
0.0
0.0
0.0
0.0
0.0
0.0
0.0
0.0
0.0
0.0
0.0
0.0
0.0
0.0
0.0
3.257045089388207e-05
4.1930460772950365e-06
1.9864264695739985e-05
1.4387060027086552e-05
2.069948675981221e-05
0.0
0.0
0.0
0.0
0.0
0.0
0.0
0.0
0.0
0.0
0.0
0.0
0.0
0.0
0.0
0.0
0.0
0.0
0.0
0.0
0.0
0.0
0.0
0.0
0.0
0.0
0.0
0.0
0.0
0.0
0.0
0.0
0.0
0.0
0.0
0.0
0.0
0.0
0.0
0.0
0.0
0.0
0.0
0.0
0.0
0.0
0.0
0.0
0.0
0.0
0.0
0.0
0.0
0.0
0.0
0.0
0.0
0.0
0.0
0.0
0.0
0.0
0.0
0.0
0.0
0.0
0.0
0.0
0.0
1.773862912741058e-05
1.314951922000178e-05
8.897622860455632e-06
0.0
0.0
0.0
0.0
0.0
0.0
0.0
0.0
0.0
0.0
0.0
0.0
0.0
0.0
0.0
0.0
0.0
0.0
0.0
0.0
0.0
1.4736683986096908e-05
5.534882995804554e-06
9.60404134272299e-06
0.0
0.0
0.0
0.0
0.0
0.0
0.0
0.0
0.0
0.0
0.0
0.0
0.0
0.0
0.0
0.0
0.0
0.0
0.0
0.0
0.0
2.5673209053349023e-05
5.803486932283098e-06
1.3706181660728334e-05
0.0
0.0
0.0
0.0
0.0
0.0
0.0
0.0
0.0
0.0
0.0
0.0
0.0
0.0
0.0
0.0
0.0
0.0
0.0
0.0
2.9947937157888184e-06
2.8068440595640555e-05
7.133478524475373e-06
2.1033997013068608e-05
0.0
0.0
0.0
0.0
0.0
0.0
0.0
0.0
0.0
0.0
0.0
0.0
0.0
0.0
0.0
0.0
0.0
0.0
0.0
3.0028182733191362e-05
4.6500865695223115e-06
1.8439683486527555e-05
1.5237844816969798e-05
8.434709185373444e-06
0.0
0.0
0.0
0.0
0.0
0.0
0.0
0.0
0.0
0.0
0.0
0.0
0.0
0.0
0.0
0.0
0.0
0.0
0.0
0.0
0.0
0.0
0.0
0.0
0.0
0.0
0.0
0.0
0.0
0.0
0.0
0.0
0.0
0.0
0.0
0.0
0.0
0.0
0.0
0.0
0.0
0.0
0.0
0.0
0.0
0.0
0.0
0.0
0.0
0.0
0.0
0.0
0.0
0.0
0.0
0.0
0.0
0.0
0.0
0.0
0.0
0.0
0.0
0.0
0.0
0.0
0.0
0.0
0.0
0.0
0.0
0.0
0.0
0.0
0.0
0.0
0.0
0.0
0.0
0.0
0.0
0.0
0.0
0.0
0.0
0.0
0.0
0.0
0.0
0.0
0.0
0.0
7.498008567089923e-06
2.8624325209584633e-05
7.050859724882899e-06
1.5799198286804235e-05
0.0
0.0
0.0
0.0
0.0
0.0
0.0
0.0
0.0
0.0
0.0
0.0
0.0
0.0
0.0
0.0
0.0
0.0
0.0
3.2038446364565014e-05
4.683699323453983e-06
1.9160482611028814e-05
1.5182965620391125e-05
1.0542788223199725e-05
0.0
0.0
0.0
0.0
0.0
0.0
0.0
0.0
0.0
0.0
0.0
0.0
0.0
0.0
0.0
0.0
0.0
0.0
0.0
4.94440674150856e-05
5.51340022874799e-06
2.3312953211360372e-05
1.803726276803537e-05
1.291693503626516e-05
0.0
0.0
0.0
0.0
0.0
0.0
0.0
0.0
0.0
0.0
0.0
0.0
0.0
0.0
0.0
0.0
0.0
0.0
0.0
3.54839851927742e-05
4.964211674751412e-06
2.1365851919269697e-05
1.5346484971960365e-05
1.1049260616814354e-05
0.0
0.0
0.0
0.0
0.0
0.0
0.0
0.0
0.0
0.0
0.0
0.0
0.0
0.0
0.0
0.0
0.0
0.0
0.0
0.0
0.0
0.0
0.0
0.0
0.0
0.0
0.0
0.0
0.0
0.0
0.0
0.0
0.0
0.0
0.0
0.0
0.0
0.0
0.0
0.0
0.0
0.0
0.0
0.0
0.0
0.0
0.0
0.0
0.0
0.0
0.0
0.0
0.0
0.0
0.0
0.0
0.0
0.0
0.0
0.0
0.0
0.0
0.0
0.0
0.0
0.0
0.0
0.0
0.0
0.0
0.0
0.0
0.0
0.0
0.0
0.0
0.0
0.0
0.0
0.0
0.0
0.0
0.0
0.0
0.0
0.0
0.0
0.0
0.0
0.0
0.0
6.233398932492016e-05
1.4025099494242418e-05
3.3932393129780784e-05
9.970070050810614e-06
2.8798355357767078e-05
0.000850497731153205
0.016320032335032316
0.03549997099242224
0.05535965409523999
0.07728516832630601
0.059641382704160396
0.0490223053030587
0.038459001538931614
0.021307204080347333
0.0027881221335182053
0.0
0.0
0.0
0.0
0.0
0.0
0.0
0.0
0.0
0.0
4.376988366715139e-06
1.7412176118636932e-05
1.6109436477352492e-05
1.0284184686754852e-05
0.0
0.0
0.0
0.0
0.0
0.0
0.0
0.0
0.0
0.0
0.0
0.0
0.0
0.0
0.0
0.0
0.0
0.0
0.0
1.3095053859693365e-05
3.700693050497445e-06
1.7445202421378948e-05
1.2077218797355737e-05
8.563825919352718e-06
0.0
0.0
0.0
0.0
0.0
0.0
0.0
0.0
0.0
0.0
0.0
0.0
0.0
0.0
0.0
0.0
0.0
0.0
0.0
0.0
0.0
1.671626548618303e-05
5.6407982422018975e-06
1.6557976398856357e-05
0.0
0.0
0.0
0.0
0.0
0.0
0.0
0.0
0.0
0.0
0.0
0.0
0.0
0.0
0.0
0.0
0.0
0.0
0.0
0.0
0.0
0.0
0.0
0.0
0.0
0.0
0.0
0.0
0.0
0.0
0.0
0.0
0.0
0.0
0.0
0.0
0.0
0.0
0.0
0.0
0.0
0.0
0.0
0.0
0.0
0.0
0.0
0.0
0.0
0.0
0.0
0.0
0.0
0.0
0.0
0.0
0.0
0.0
0.0
0.0
0.0
0.0
0.0
0.0
0.0
0.0
0.0
0.0
0.0
1.6485993574143538e-05
4.988627324839908e-06
7.320667183302427e-06
0.0
0.0
0.0
0.0
0.0
0.0
0.0
0.0
0.0
0.0
0.0
0.0
0.0
0.0
0.0
0.0
0.0
0.0
0.0
0.0
0.0
2.2549425077295453e-05
5.807823929610734e-06
9.108842983943187e-06
0.0
0.0
0.0
0.0
0.0
0.0
0.0
0.0
0.0
0.0
0.0
0.0
0.0
0.0
0.0
0.0
0.0
0.0
0.0
3.09316340821136e-05
4.475365458796615e-06
1.963527745679035e-05
1.6771745336849662e-05
2.6541342169727162e-05
0.0
0.0
0.0
0.0
0.0
0.0
0.0
0.0
0.0
0.0
0.0
0.0
0.0
0.0
0.0
0.0
0.0
0.0
0.0
0.0
5.171247179016358e-06
1.867854015327839e-05
1.6292745082891634e-05
1.2171321101491946e-05
0.0
0.0
0.0
0.0
0.0
0.0
0.0
0.0
0.0
0.0
0.0
0.0
0.0
0.0
0.0
0.0
0.0
0.0
0.0
3.338277704527423e-05
6.0434583564919685e-06
2.472653314535634e-05
2.4374906891069905e-05
1.7128895728627175e-05
0.0
0.0
0.0
0.0
0.0
0.0
0.0
0.0
0.0
0.0
0.0
0.0
0.0
0.0
0.0
0.0
0.0
0.0
0.0
0.0
0.0
0.0
0.0
0.0
0.0
0.0
0.0
0.0
0.0
0.0
0.0
0.0
0.0
0.0
0.0
0.0
0.0
0.0
0.0
0.0
0.0
0.0
0.0
0.0
0.0
0.0
0.0
0.0
0.0
0.0
0.0
0.0
0.0
0.0
0.0
0.0
0.0
0.0
0.0
0.0
0.0
0.0
0.0
0.0
0.0
0.0
0.0
6.567494327574641e-05
6.0207372025319094e-06
2.3979235637729708e-05
1.4128071578128989e-05
1.1949167068115685e-05
0.0
0.0
0.0
0.0
0.0
0.0
0.0
0.0
0.0
0.0
0.0
0.0
0.0
0.0
0.0
0.0
0.0
0.0
0.0
3.483655021749183e-05
4.220447451882717e-06
1.9767229492020655e-05
1.4436144089639068e-05
2.185417462591027e-05
0.0
0.0
0.0
0.0
0.0
0.0
0.0
0.0
0.0
0.0
0.0
0.0
0.0
0.0
0.0
0.0
0.0
0.0
0.0
3.330042217276415e-05
1.2285409956454241e-05
2.4035075442743767e-05
1.6431109210884608e-05
2.324920408017359e-05
0.0
0.0
0.0
0.0
0.0
0.0
0.0
0.0
0.0
0.0
0.0
0.0
0.0
0.0
0.0
0.0
0.0
0.0
0.0
3.2868429984727726e-05
4.866278814988084e-06
1.9068798907658376e-05
1.4031212336861439e-05
1.1757397647409755e-05
0.0
0.0
0.0
0.0
0.0
0.0
0.0
0.0
0.0
0.0
0.0
0.0
0.0
0.0
0.0
0.0
0.0
0.0
0.0
8.0183215248028e-06
1.4879364190570245e-05
2.0652230101535283e-05
1.4328722720517573e-05
1.1464698443336894e-05
0.0
0.0
0.0
0.0
0.0
0.0
0.0
0.0
0.0
0.0
0.0
0.0
0.0
0.0
0.0
0.0
0.0
0.0
0.0
0.0
0.0
0.0
0.0
0.0
0.0
0.0
0.0
0.0
0.0
0.0
0.0
0.0
0.0
0.0
0.0
0.0
0.0
0.0
0.0
0.0
0.0
0.0
0.0
0.0
0.0
0.0
0.0
0.0
0.0
0.0
0.0
0.0
0.0
0.0
0.0
0.0
0.0
0.0
0.0
0.0
0.0
0.0
0.0
0.0
0.0
0.0
0.0
0.0
7.792763884255944e-06
2.3221840463398886e-05
5.771532440141908e-06
9.006697518439773e-06
0.0
0.0
0.0
0.0
0.0
0.0
0.0
0.0
0.0
0.0
0.0
0.0
0.0
0.0
0.0
0.0
0.0
0.0
0.0
0.0
0.0
2.5258339070175906e-05
1.8753920448056666e-05
1.0176508248721674e-05
0.0
0.0
0.0
0.0
0.0
0.0
0.0
0.0
0.0
0.0
0.0
0.0
0.0
0.0
0.0
0.0
0.0
0.0
0.0
1.732975906855404e-05
2.470510381681762e-05
2.7973807008778828e-05
2.2570764762461623e-05
1.1631280659028623e-05
0.0
0.0
0.0
0.0
0.0
0.0
0.0
0.0
0.0
0.0
0.0
0.0
0.0
0.0
0.0
0.0
0.0
0.0
0.0
1.7266934774461735e-05
1.3213559770295172e-05
2.8846480522999474e-05
2.1379220772837552e-05
1.1239621670454041e-05
0.0
0.0
0.0
0.0
0.00016023969121776454
0.0001184055370109964
0.0
0.0
0.0
0.0
0.0
0.0
0.0
0.0
0.0
0.0
0.0
0.0
0.0
2.0949818695347368e-05
5.214445431896575e-06
1.9738902946950943e-05
1.902858108406014e-05
1.1900277922582766e-05
0.0
0.0
0.0
0.0
0.0
0.0
0.0
0.0
0.0
0.0
0.0
0.0
0.0
0.0
0.0
0.0
0.0
0.0
0.0
0.0
0.0
0.0
0.0
0.0
0.0
0.0
0.0
0.0
0.0
0.0
0.0
0.0
0.0
0.0
0.0
0.0
0.0
0.0
0.0
0.0
0.0
0.0
0.0
0.0
0.0
0.0
0.0
0.0
0.0
0.0
0.0
0.0
0.0
0.0
0.0
0.0
0.0
0.0
0.0
0.0
0.0
0.0
0.0
0.0
0.0
0.0
0.0
4.3991850240461904e-05
1.0225733877890027e-05
1.889497199793214e-05
6.263174258951408e-06
8.285059755896843e-06
0.0
0.0
0.0
0.0
0.0
0.0
0.0
0.0
0.0
0.0
0.0
0.0
0.0
0.0
0.0
0.0
0.0
0.0
0.0
4.21244570992272e-05
1.3986414657680852e-05
2.710522655196568e-05
8.485005535716353e-06
1.1400917264505165e-05
0.0
0.0
0.0014498243928992801
0.00485191490662778
0.008764021422202629
0.007343622032842056
0.008109110315268318
0.002382300392260738
0.0
0.0
0.0
0.0
0.0
0.0
0.0
0.0
0.0
0.0
0.0
2.797702746996722e-05
3.31999010662907e-05
2.9158418132184954e-05
2.023315829343323e-05
0.0067158464880811685
0.02664154043433253
0.055702519622764214
0.07308942793577211
0.06098298956504664
0.03902337347397388
0.011649542010322846
0.004553746324865873
0.0009209940980506716
0.0
0.0
0.0
0.0
0.0
0.0
0.0
0.0
0.0
0.0
0.0
0.0
5.153544807328394e-06
2.014428273558332e-05
1.999204455964772e-05
1.342670112239838e-05
0.0
0.00273253474791236
0.0021078764833805906
0.02253742829114066
0.036097764930632964
0.0036976920191617983
0.0
0.0
0.0
0.0
0.0
0.0
0.0
0.0
0.0
0.0
0.0
0.0
0.0
1.19257056575238e-05
4.623975871155964e-05
3.50125559846902e-05
0.001173563194337082
0.016967639104755
0.026276512154194395
0.04188504922436056
0.04781962791317004
0.04331795477831096
0.057732771326764507
0.03465653908924234
0.013865116331745312
0.0008444639075766483
0.0
0.0
0.0
0.0
0.0
0.0
0.0
0.0
0.0
0.0
0.0
0.0
0.0
0.0
0.0
0.0
0.0
0.0
0.0
0.0
0.0
0.0
0.0
0.0
0.0
0.0
0.0
0.0
0.0
0.0
0.0
0.0
0.0
0.0
0.0
0.0
0.0
0.0
0.0
0.0
0.0
0.0
0.0
0.0
0.0
0.0
0.0
0.0
0.0
0.0
0.0
0.0
0.0
0.0
0.0
0.0
0.0
0.0
0.0
3.916994204766908e-05
5.931135369459864e-06
2.305352526792841e-05
1.781769689849924e-05
1.283142206929467e-05
0.0
0.0
0.0015830123304160781
0.034506228188577764
0.06380743864064425
0.06085080130645901
0.05809062838366494
0.04416774262945678
0.029977259741155303
0.01421597505022828
0.0
0.0
0.0
0.0
0.0
0.0
0.0
0.0
0.0
0.0
5.672796779789024e-06
2.303027618961968e-05
1.9724845419905976e-05
1.4871278118777976e-05
0.0
0.0
0.0
0.0
0.0
0.0
0.0
0.0
0.0
0.0
0.0
0.0
0.0
0.0
0.0
0.0
0.0
0.0
0.0
3.218839763257615e-05
5.060283335898422e-06
1.8166421086344374e-05
1.4283506808814918e-05
1.0475925416175611e-05
0.0
0.0
0.0
0.0
0.0
0.0
0.0
0.0
0.0
0.0
0.0
0.0
0.0
0.0
0.0
0.0
0.0
0.0
0.0
2.7717385255416702e-05
2.72843119763818e-05
2.8499903571623027e-05
1.9075808133756914e-05
0.0011536778319504823
0.010607498534484809
0.03203635773936243
0.05488584837696751
0.059012958606083486
0.06943930256940686
0.059567388875788795
0.051134688198780455
0.03971130195389675
0.02910729034044847
0.013973824717149714
0.0
0.0
0.0
0.0
0.0
0.0
0.0
0.0
0.0
0.0
1.5091102488326916e-05
3.756064388843192e-05
2.0111442230290772e-05
1.261098174707575e-05
0.0061326801475218296
0.02070346708342273
0.04899497388284113
0.06404120442634194
0.06680617704140197
0.05266982201539846
0.05142097444480367
0.044201931535343776
0.03139234676913746
0.0032523419995574634
0.0
0.0
0.0
0.0
0.0
0.0
0.0
0.0
0.0
0.0
0.0
0.0
0.0
0.0
0.0
0.0
0.0
0.0
0.0
0.0
0.0
0.0
0.0
0.0
0.0
0.0
0.0
0.0
0.0
0.0
0.0
0.0
0.0
0.0
0.0
0.0
0.0
0.0
0.0
0.0
0.0
0.0
0.0
0.0
0.0
0.0
0.0
0.0
0.0
0.0
0.0
0.0
0.0
0.0
0.0
0.0
0.0
7.188599909600357e-05
6.602997826613528e-06
2.3844862279050117e-05
1.89720343985179e-05
1.3661081762837415e-05
0.0
0.0
0.0
0.0
0.0
0.0
0.0
0.0
0.0
0.0
0.0
0.0
0.0
0.0
0.0
0.0
0.0
0.0
0.0
1.1274865114367812e-05
6.779955492764142e-06
2.580943081934428e-05
0.0
1.647195837566343e-05
0.0
0.0
0.0
0.0
0.0
0.0
0.0
0.0
0.0
0.0
0.0
0.0
0.0
0.0
0.0
0.0
0.0
0.0
0.0
0.0
5.464882517603324e-06
2.053149649876498e-05
2.0409447335357122e-05
1.3969207573942275e-05
0.0
0.0
0.0
0.0
0.0
0.0
0.0
0.0
0.0
0.0
0.0
0.0
0.0
0.0
0.0
0.0
0.0
0.0
0.0
3.598007519020932e-05
5.024526136499871e-06
1.8737140713252838e-05
1.802033896000626e-05
2.854778139740453e-05
0.0
0.0
0.0
0.005083443768074497
0.01681200646768276
0.018032141180151378
0.020693058232559017
0.017061211854086204
0.0034183594267706975
0.0
0.0
0.0
0.0
0.0
0.0
0.0
0.0
0.0
0.0
0.0
5.403540542633904e-06
2.060859552070906e-05
1.7757194268017556e-05
1.2235064504464001e-05
0.0
0.0
0.0
0.0
0.0
0.0
0.0
0.0
0.0
0.0
0.0
0.0
0.0
0.0
0.0
0.0
0.0
0.0
0.0
0.0
0.0
0.0
0.0
0.0
0.0
0.0
0.0
0.0
0.0
0.0
0.0
0.0
0.0
0.0
0.0
0.0
0.0
0.0
0.0
0.0
0.0
0.0
0.0
0.0
0.0
0.0
0.0
0.0
0.0
0.0
0.0
0.0
0.0
0.0
0.0
0.0
0.0
0.0
0.0
0.0
0.0
0.0
0.0
0.0
0.0
0.0
0.0
0.0
1.8892426544083906e-05
0.0009721514838265815
0.0175652941453366
0.009903940771210682
0.0
0.0
0.0
0.0
0.0
0.0
0.0
0.0
0.0
0.0
0.0
0.0
0.0
0.0
0.0
0.0
0.0
0.0
0.0
0.0
6.594087275854339e-06
4.0910184781332684e-05
0.0012471516991871725
0.001167448229545659
0.007225228460397668
0.029781235758327095
0.05393435762652374
0.06760875091557995
0.06655774259075109
0.051361161139269404
0.05771843358533076
0.05039234426848293
0.02405592047507829
0.0006083309995007987
0.0
0.0
0.0
0.0
0.0
0.0
0.0
0.0
0.0
0.0
2.1271688188810155e-05
0.0013543377925276363
0.006068717363915306
0.021625744618000105
0.03604701505865551
0.050267302069897164
0.06475407357570119
0.07482392091057061
0.08186780012345583
0.05677544300542119
0.045149712648056846
0.03396931100883728
0.023728971895734856
0.004421131062391003
0.0
0.0
0.0
0.0
0.0
0.0
0.0
0.0
0.0
0.0
6.565502819728093e-06
2.639996373939576e-05
0.0
0.011131179096043345
0.04083484018429449
0.05275872086618766
0.061524805934644856
0.0700762063173758
0.06490129244982852
0.04413763154846593
0.03645454859126564
0.026948002168153056
0.015426027117939644
0.006475400256736958
0.0
0.0
0.0
0.0
0.0
0.0
0.0
0.0
0.0
0.0
6.092922473894567e-06
2.592044384784484e-05
2.577754957968318e-05
1.6067871558065265e-05
0.0
0.0
0.006692985334801039
0.011274582356037146
0.008685192633123551
0.010208774609730655
0.009060008336494917
0.0059301872505456744
0.00042138814702755617
0.0
0.0
0.0
0.0
0.0
0.0
0.0
0.0
0.0
0.0
0.0
0.0
0.0
0.0
0.0
0.0
0.0
0.0
0.0
0.0
0.0
0.0
0.034983336250559716
0.0
0.0
0.0
0.0
0.0
0.0
0.0
0.0
0.0
0.0
0.0
0.0
0.0
0.0
0.0
0.0
0.0
0.0
0.0
0.0
0.0
0.0
0.0
0.0
0.0
0.0
0.0
0.0
0.0
0.0
0.0
0.0
0.0
0.0
0.0
0.0
0.0
0.0
0.0
0.0
0.0
0.0
0.0
0.0
0.0
0.0
0.0
0.0
0.0
0.0
0.0
0.0
0.0
0.0
0.0
0.0
0.0
0.0
0.0
2.0854935137565125e-05
2.9832644468143316e-05
0.002075818174136322
0.017961669962304153
0.03717976486348199
0.06155782675747365
0.07648684035314575
0.0869792002530745
0.10642420004460643
0.13804144204554636
0.11943231588311273
0.12295175843903774
0.1202913748515913
0.0937199296419805
0.04848901907594468
0.0
0.0
0.0
0.0
0.0
0.0
0.0
0.0
0.0
0.002924419220111035
0.020019201939101634
0.042538958893497396
0.06764413668908238
0.09484811855912903
0.12360375979307145
0.14749689620674739
0.16771970229640112
0.1799173387405024
0.18490592566292113
0.17979336649000602
0.19335958304496498
0.1723423136203644
0.1292553961794822
0.07699803703368115
0.0
0.0
0.0
0.0
0.0
0.0
0.0
0.0
0.0
0.0
1.2829954573843666e-05
4.023823462639799e-05
2.3005653193886574e-05
0.00962880832001652
0.029093134818900433
0.04866462194757507
0.04536360419357672
0.022090503153384643
0.00101179095989414
0.0
0.0
0.0
0.0
0.0
0.0
0.0
0.0
0.0
0.0
0.0
0.0
0.0
0.0
0.0
6.796590718926488e-06
0.013446191580034185
0.042188083022662526
0.05578010094444138
0.06112580478902368
0.06771887772823214
0.0705583441633069
0.06602260821166198
0.05655349931307264
0.05194387973029914
0.06733690928673391
0.07957737390931977
0.06631572969699809
0.03331690755977114
0.0
0.0
0.0
0.0
0.0
0.0
0.0
0.0
0.0
0.0
0.0
0.0
0.0
0.0
0.0
0.0
0.0
0.0
0.0
0.0
0.0
0.0
0.0
0.0
0.0
0.0
0.0
0.0
0.0
0.0
0.0
0.0
0.0
0.0
0.0
0.0
0.0
0.0
0.0
0.0
0.0
0.0
0.0
0.0
0.0
0.0
0.0
0.0
0.0
0.0
0.0
0.0
0.0
0.0
0.0
0.0
0.0
0.0
4.612799198560329e-06
2.235531035051404e-05
0.0019032327595624487
0.014500474647082059
0.03045618725679125
0.04916874949298623
0.0578217944867545
0.05887326819424152
0.05978888452593037
0.04530696626149395
0.04152828220400268
0.0350763705406877
0.016693034647872782
0.0002543456966447592
0.0
0.0
0.0
0.0
0.0
0.0
0.0
0.0
0.0
0.0
7.687523314761556e-06
0.002646890356738872
0.03000395900120804
0.0560579744340045
0.07967801005535331
0.10523201019062801
0.10316368755603182
0.08389716195629711
0.056613291904399454
0.0344346166197426
0.032680572770564395
0.027957008675950194
0.01398755543672749
0.00047035305806694694
0.0
0.0
0.0
0.0
0.0
0.0
0.0
0.0
0.0
0.0
0.0015545390938191026
0.022459896353133772
0.05080200203126157
0.07075260126485788
0.08615373052493151
0.10215006960372759
0.12010884346765194
0.13631541680287962
0.15220052154489838
0.13608469549792582
0.14419087287883847
0.14650625976440837
0.13821605330268133
0.11253417702399938
0.0
0.0
0.0
0.0
0.0
0.0
0.0
0.0
0.0
0.0
0.0015621037727918802
0.015294291970846106
0.03259524802366386
0.04791803872034933
0.06466914077824744
0.0801359642912308
0.09396779613483527
0.10728195257423626
0.12103803144943942
0.10778288250355661
0.11037675849639747
0.10409314926570176
0.08117017284520157
0.04425160557402751
0.0
0.0
0.0
0.0
0.0
0.0
0.0
0.0
0.0
0.0
0.007515531266686444
0.03349548368770446
0.06374688658173802
0.07551201441804424
0.07651265354158333
0.07813635676731182
0.08087652840597231
0.07986888098975063
0.0742656488826406
0.04583989483853724
0.025175285457724652
0.004555651569708398
0.0
0.0
0.0
0.0
0.0
0.0
0.0
0.0
0.0
0.0
0.0
0.0
0.0
0.0
0.0
0.0
0.0
0.0
0.0
0.0
0.0
0.0
0.0
0.0
0.0
0.0
0.0
0.0
0.0
0.0
0.0
0.0
0.0
0.0
0.0
0.0
0.0
0.0
0.0
0.0
0.0
0.0
0.0
0.0
0.0
0.0
0.06526825824797071
0.09149275556628182
0.056802490728610856
0.0
0.0
0.0
0.0
0.0
0.0
0.0
0.0
0.0
0.0
0.0
0.0011162178151958959
0.015044393104614223
0.036858482789466414
0.05225895499258565
0.06608983461487171
0.08713357524642465
0.10287938473731455
0.11571027697184798
0.13098364596045953
0.11314061307918125
0.1087456498948625
0.10060754269032267
0.07265201774754543
0.03584027160727924
0.0
0.0
0.0
0.0
0.0
0.0
0.0
0.0
0.0
0.0
0.0011726274073465984
0.022876968122762343
0.059426492915845036
0.09309556307306502
0.1340841519721032
0.18508059854928946
0.2058838206339104
0.21736926277671664
0.22552846684437508
0.202276731965509
0.20552076429145857
0.19444932812222984
0.16027007963985812
0.11227801577733751
0.0
0.0
0.0
0.0
0.0
0.0
0.0
0.0
0.0
0.17267278646323905
0.08434580533911727
0.12959431525073156
0.1641950819945104
0.20122207737811054
0.2533418397607725
0.2798253306581628
0.2946554575485633
0.31245515620250885
0.3240638806038715
0.32602608827241136
0.34429971958498956
0.32819882108428267
0.3101578953006275
0.28148159232338654
0.0
0.0
0.0
0.0
0.0
0.0
0.0
0.0
0.0
0.2814376417599918
0.13125244796623134
0.18158118818102506
0.1824988876152489
0.18837620168462293
0.20925024766796954
0.21931464946940857
0.2225234292838525
0.232510054608684
0.24304214618689796
0.23898222646964512
0.2554250483710689
0.2450487613597349
0.20650383080239867
0.14959247562409386
0.0
0.0
0.0
0.0
0.0
0.0
0.0
0.0
0.0
0.05388515768181008
0.03618174056501263
0.05878535070154446
0.08226659990203458
0.08862686895370023
0.08796841175168983
0.08622445611624598
0.07528002325945536
0.05221020066667545
0.016477479512812733
0.0004345228452360232
0.00232101664833258
0.005743661495335768
0.0023308806409565275
0.0
0.0
0.0
0.0
0.0
0.0
0.0
0.0
0.0
0.0
0.0
0.0
0.0
0.0
0.0
0.0
0.0
0.0
0.0
0.0
0.0
0.0
0.0
0.0
0.0
0.0
0.0
0.0
0.0
0.0
0.0
0.0
0.0
0.0
0.0
0.0
0.0
0.0
0.0
0.0
0.0
0.0
0.0
0.0
0.0
0.0
0.0
0.0
0.0
0.0
0.0
0.0
0.0
0.0
0.0
0.0
0.0
0.0
0.0
0.0027103311296672893
0.010430946832331731
0.021477241303207193
0.03235377455076821
0.04463791025807389
0.05746767136854867
0.0692102004928044
0.07767819210802827
0.08106716462596553
0.06622831606413193
0.06707292003927327
0.06162795549868696
0.060798250024956056
0.06200622408227555
0.0
0.0
0.0
0.0
0.0
0.0
0.0
0.0
0.0
0.058050996395467465
0.035073340293480824
0.05699203175235305
0.08274232785352685
0.09464358312571815
0.101434612322275
0.11114385098933477
0.11524541565690227
0.11868604527076378
0.12377358031134116
0.09867579401627853
0.09731750974206325
0.0915731491128568
0.08407443218915543
0.07375889199320577
0.0
0.0
0.0
0.0
0.0
0.0
0.0
0.0
0.0
0.13264737588869369
0.05409990022383765
0.05724069082883646
0.06087658598600211
0.055813372702455046
0.048673051614397854
0.0397516763552236
0.03477706145807663
0.031538679708678706
0.02789412880068425
0.017816877754015647
0.0160189955605812
0.015036299254048018
0.009187503587298739
0.0012522017275998242
0.0
0.0
0.0
0.0
0.0
0.0
0.0
0.0
0.0
0.0
6.267748734520056e-06
2.4970053223870698e-05
2.0974974643182024e-05
1.5921529382664833e-05
0.0
0.0031313179822810063
0.01776885360755841
0.03483090181075973
0.05220983553280996
0.03982909206230686
0.029231877081327597
0.01721957855917209
0.00364746100317231
0.0
0.0
0.0
0.0
0.0
0.0
0.0
0.0
0.0
0.0
0.0
1.5762179537850016e-05
4.2720754753665976e-05
2.2049174637567518e-05
0.003278362988721634
0.01264088786263801
0.02305677862893202
0.03301435575387188
0.041053596218979894
0.05187837747531982
0.039083832524955356
0.03215141126973993
0.023488326093231173
0.009850124232302191
0.0
0.0
0.0
0.0
0.0
0.0
0.0
0.0
0.0
0.0
0.0
0.0
0.0
0.0
0.0
0.0
0.0
0.0
0.0
0.0
0.0
0.0
0.0
0.0
0.0
0.0
0.0
0.0
0.0
0.0
0.0
0.0
0.0
0.0
0.0
0.0
0.0
0.0
0.0
0.0
0.0
0.0
0.0
0.0
0.0
0.0
0.0
0.0
0.0
0.0
0.0
0.0
0.0
0.0
0.0
0.0
0.0
0.0
0.1491219560614352
0.0785977647221649
0.12231364232022314
0.1700078830883808
0.1876817402837372
0.20468980828923974
0.21100586614950442
0.21067382829554615
0.22109521307150118
0.2312519547634486
0.21138713109083135
0.21727306102718713
0.20937620367630513
0.17731218429261014
0.13440210433495287
0.0
0.0
0.0
0.0
0.0
0.0
0.0
0.0
0.0
0.05187156107459894
0.043269928401726984
0.07366046298285724
0.10064415864248845
0.12050879678138728
0.15416644250223163
0.1805704425343564
0.18939253627912528
0.19868695166115447
0.20914217467848828
0.19687116086098158
0.2103400358107705
0.20778497179947641
0.18084382031326288
0.14089423564308537
0.0
0.0
0.0
0.0
0.0
0.0
0.0
0.0
0.0
0.12664783545209482
0.06336221884069682
0.0855198331668358
0.10384402440006546
0.12615161197972213
0.16864955258642128
0.2037474914270056
0.20207292887253944
0.18932999929744543
0.17408444386550775
0.13793430611258856
0.12514571413246312
0.09557538073785407
0.0789587077747109
0.07210282580531063
0.0
0.0
0.0
0.0
0.0
0.0
0.0
0.0
0.0
0.02543573829840964
0.034982741520894145
0.07663469823326521
0.12032875409986794
0.14977579868233176
0.18304568051711517
0.20840196073497685
0.21452140339077266
0.2205093884329443
0.22576232927684883
0.1908192509681508
0.1602683192470083
0.11354209129460305
0.08835946804647453
0.07960614251998344
0.0
0.0
0.0
0.0
0.0
0.0
0.0
0.0
0.0
0.07060921811604522
0.051769367982988784
0.09548209395524557
0.13589231489695872
0.16525113148576231
0.19946559192590277
0.22509521164373672
0.22851781870826968
0.22808058322850966
0.22827243500653457
0.19946237310097117
0.18944527132746503
0.1646205349946808
0.13221368954253226
0.09129534252101168
0.0
0.0
0.0
0.0
0.0
0.0
0.0
0.0
0.0
0.0
0.0
0.0
0.0
0.0
0.0
0.0
0.0
0.0
0.0
0.0
0.06796934082471144
0.0
0.0
0.0
0.0
0.0
0.0
0.0
0.0
0.0
0.0
0.0
0.0
0.0
0.0
0.0
0.0
0.0
0.0
0.0
0.0
0.0
0.0
0.0
0.06689693899713114
0.018820218530143987
0.0
0.0
0.0
0.0
0.0
0.0
0.0
0.0
0.0
0.0
0.0
0.07317338721260135
0.13501976133107996
0.09658946601910476
0.1169433081671829
0.13682440100459647
0.1496878079801413
0.1622757473987694
0.19817808192474562
0.22665838151868173
0.20672086888183502
0.19108567655512784
0.2063803209046949
0.21477334737748516
0.23577266736478628
0.34174601899530493
0.0
0.0
0.0
0.0
0.0
0.0
0.0
0.0
0.0
0.0
0.0
0.0
0.0
0.0
0.0
0.0
0.0
0.0
0.11736139707197882
0.17480287929176616
0.19354462903740066
0.1618630477854158
0.17584846604262278
0.09132304351556077
0.0
0.0
0.0
0.0
0.0
0.0
0.0
0.0
0.0
0.10862883776044244
0.24225476710816082
0.1948227857565675
0.23095270542725388
0.24509858377786653
0.25115423988696084
0.26814989342611206
0.2903850938904225
0.3168350210980662
0.3474480409857671
0.3682386811271983
0.39245079784935766
0.2686939360912989
0.2680750704127633
0.3494491555491633
0.0
0.0
0.0
0.0
0.0
0.0
0.0
0.0
0.0
0.23993141602733184
0.3037619004716959
0.24348038172690264
0.28575189001458634
0.3123474921245779
0.3482035352132658
0.37896105933255464
0.41411416456465633
0.42732938598812803
0.4356043675562276
0.44227609260775813
0.4721330843579413
0.32360013164702794
0.3151971597847281
0.38998541811566495
0.0
0.0
0.0
0.0
0.0
0.0
0.0
0.0
0.0
0.29202281915431816
0.3244016946220603
0.261823890841454
0.32239557266973945
0.3522802699887847
0.3692637495759884
0.39085553633090214
0.41260476393154777
0.42434927405813416
0.4286855161697553
0.42896015175753005
0.45222730506472003
0.30922188188938166
0.28646144330313694
0.36922494745864454
0.0
0.0
0.0
0.0
0.0
0.0
0.0
0.0
0.0
0.0
0.0
0.0
0.0
0.09503069046324958
0.07537136398173336
0.15193156877726338
0.27045424862447864
0.1876736777151059
0.16370175520970898
0.2874148245210184
0.1249499743028777
0.0
0.0
0.0
0.0
0.0
0.0
0.0
0.0
0.0
0.0
0.0
0.0
0.0
0.0
0.0
0.0
0.0
0.0
0.0
0.0
0.0
0.11803866650761083
0.1873712228940487
0.15534016702591671
0.1769302349334317
0.18222493950092314
0.021436423030789863
0.0
0.0
0.0
0.0
0.0
0.0
0.0
0.0
0.0
0.13443853470560385
0.20646954846678325
0.1426896120747401
0.1848869365687192
0.20794008961918922
0.2216997439688626
0.2427447098054961
0.2718528602311315
0.28504658122675336
0.29178592552698907
0.27932671390878966
0.282641081082651
0.22016559323010382
0.22079769993766585
0.3165442689338063
0.0
0.0
0.0
0.0
0.0
0.0
0.0
0.0
0.0
0.22603660638796763
0.23964770479590158
0.14984693447216807
0.21080238016797612
0.2611002551636617
0.28229787090418146
0.3062558074039147
0.33583331228314306
0.3519078917547137
0.3580932379463166
0.3620597491229705
0.38081574492067055
0.2507704236747194
0.24583934071019023
0.3418468774638365
0.0
0.0
0.0
0.0
0.0
0.0
0.0
0.0
0.0
0.23123649698619583
0.26681094274224854
0.18488263665435437
0.20932718441172393
0.2101551160381467
0.2149009549187168
0.23871790605510257
0.2737127412663601
0.3231005374969755
0.3568352952445718
0.3593169426572226
0.37729546507842604
0.2792238459904682
0.2785187143721276
0.383328757842924
0.0
0.0
0.0
0.0
0.0
0.0
0.0
0.0
0.0
0.16974162228385742
0.22899685478161075
0.17152407271340592
0.21779934818888766
0.2371690214729209
0.2514119553679596
0.2733983256808376
0.3092656273333645
0.3352734588256071
0.34465425561411694
0.34540908138892507
0.36769189584548134
0.23814937644203252
0.23415581478862774
0.32789860275574684
0.0
0.0
0.0
0.0
0.0
0.0
0.0
0.0
0.0
0.1922407057760358
0.1899680222918504
0.09682486305886158
0.08388507803917729
0.07647871296729854
0.0754556010982126
0.07011016659053375
0.07518067336360881
0.08072076154462578
0.08249408939843318
0.0756440475873211
0.08192629720081773
0.08100072720906502
0.08258143873898134
0.1324880706370479
0.0
0.0
0.0
0.0
0.0
0.0
0.0
0.0
0.0
0.0
0.0
0.0
0.0
0.0
0.0
0.0
0.0
0.0
0.0
0.0
0.0
0.0
0.0
0.0
0.0
0.0
0.0
0.0
0.0
0.0
0.0
0.0
0.0
0.0
0.0
0.0
0.0
0.0
0.0
0.0
0.0
0.0
0.0
0.0
0.0
0.0
0.0
0.0
0.0
0.0
0.0
0.0
0.0
0.0
0.0
0.0
0.0
0.20307320114791017
0.23688841838105631
0.15660726740238584
0.19857976070050043
0.22079164852394556
0.24494594277170895
0.24933944707508812
0.25787626641637373
0.27249960566160775
0.2839083790452463
0.2836348519770349
0.2849725051093929
0.20745601338866415
0.1711554921888567
0.22438115728076846
0.0
0.0
0.0
0.0
0.0
0.0
0.0
0.0
0.0
0.015320523870989639
0.10428582008356171
0.09054902336605006
0.13617244968737802
0.1679977464406764
0.16055426554869845
0.19100015500194403
0.24033265356021166
0.26526041951718554
0.2764504259439721
0.2828819954440577
0.28044947858223507
0.20366081485490736
0.17053055237364528
0.17315681435440508
0.0
0.0
0.0
0.0
0.0
0.0
0.0
0.0
0.0
0.00915339453945322
0.16143730229402295
0.1455787492707518
0.2041391325154601
0.2387936873047391
0.26129120413790285
0.2807705678852036
0.28026356873847597
0.3121767153380734
0.32280638151255026
0.31484679461679493
0.30313817855159997
0.20383519700613037
0.20170220926023513
0.29646880536689524
0.0
0.0
0.0
0.0
0.0
0.0
0.0
0.0
0.0
0.24588501285599929
0.2486415229480995
0.14781164827006624
0.1751382721674681
0.2215430922491144
0.26326328983711444
0.20778362267760395
0.20999819649544316
0.164690428306898
0.14859522869431346
0.15428991170310116
0.12834829089841768
0.10011668337821356
0.08558387947037634
0.10411681624380306
0.0
0.0
0.0
0.0
0.0
0.0
0.0
0.0
0.0
0.00023426139465782976
0.00010683591243230078
2.2086452996883123e-05
0.003672311574930314
0.02693312190098804
0.05260286632799762
0.06466415829072311
0.06954305547537926
0.07448374813129241
0.07579339207991712
0.06346609218060495
0.06778585866332842
0.06695929488120271
0.061018708507573224
0.036622715692826414
0.0
0.0
0.0
0.0
0.0
0.0
0.0
0.0
0.0
0.0
0.0
0.0
0.0
0.0
0.0
0.0
0.0
0.0
0.0
0.0
0.0
0.0
0.0
0.0
0.0
0.0
0.0
0.0
0.0
0.0
0.0
0.0
0.0
0.0
0.0
0.0
0.0
0.0
0.0
0.0
0.0
0.0
0.0
0.0
0.0
0.0
0.0
0.0
0.0
0.0
0.0
0.0
0.0
0.0
0.0
0.0
0.0
0.11088245357301035
0.15314691748434905
0.09741613063972206
0.1101278945766422
0.1254194424526098
0.1480808400196428
0.15127775176964825
0.13486750783416426
0.12779989902956262
0.13462814878207188
0.14220934301366134
0.16359583166486577
0.1820254682680004
0.1900856645375685
0.2652663974491677
0.0
0.0
0.0
0.0
0.0
0.0
0.0
0.0
0.0
0.02660348260172379
0.017970698644934693
0.01504775604771641
0.018861195466903572
0.03801768893972903
0.05367824184873086
0.056910440783991136
0.06299492511589354
0.07554402378408953
0.0811812287265835
0.08598922255098052
0.10193454691684917
0.10012745340805634
0.09400315302866767
0.07314024244780823
0.0
0.0
0.0
0.0
0.0
0.0
0.0
0.0
0.0
0.0
0.00010615588248370894
0.001940113711274095
0.030590080494696893
0.05330046665998712
0.06455920564348874
0.07419164565663798
0.0834090696043508
0.08711433277238007
0.0920354176459199
0.09895748497044703
0.11436585280083919
0.11090978628395011
0.11020430287385592
0.12195562651215892
0.0
0.0
0.0
0.0
0.0
0.0
0.0
0.0
0.0
0.00015061699591492454
0.010423119089124444
0.057357779989672654
0.08299249809839125
0.08482568471448573
0.09158077265188194
0.09799394106433205
0.09977160761524204
0.09774822202475363
0.0947174031696385
0.09422753742509456
0.11090348539653241
0.11362026389704895
0.10598270480934191
0.11021407974189673
0.0
0.0
0.0
0.0
0.0
0.0
0.0
0.0
0.0
0.00022673232999208728
0.05298359026609389
0.0746754415436708
0.09163527261554563
0.10421888502501976
0.1188296689825219
0.13139385077063398
0.177438593802615
0.17222236165885033
0.14684195519462842
0.1388752957288608
0.15860167213178683
0.16385469233465125
0.15579356234044986
0.19960398702056792
0.0
0.0
0.0
0.0
0.0
0.0
0.0
0.0
0.0
0.0
0.0
0.0
0.0
0.0
0.0
0.0
0.0
0.0
0.0
0.0
0.0
0.0
0.0
0.0
0.0
0.0
0.0
0.0
0.0
0.0
0.0
0.0
0.0
0.0
0.0
0.0
0.0
0.0
0.0
0.0
0.0
0.0
0.0
0.0
0.0
0.0
0.0
0.0
0.0
0.0
0.0
0.0
0.0
0.0
0.0
0.0
0.0
0.25135796500711866
0.2661852487328744
0.15220475194154265
0.15838115049280937
0.15867511929412098
0.1628660823979143
0.17403136271650277
0.19388433410708514
0.20716786851367697
0.21364105230922495
0.2288784620104449
0.26462131038098563
0.2610535803116965
0.24337839231029848
0.3161352917044229
0.0
0.0
0.0
0.0
0.0
0.0
0.0
0.0
0.0
0.09213567590523024
0.11361509161625405
0.08092155998550644
0.10651040317398884
0.11583203727839024
0.11861443585671977
0.12905556422283018
0.1422856366378589
0.15327012525085668
0.15884997069317064
0.1569215263189056
0.16194125945307639
0.1428602997552958
0.12039122810237506
0.12335725463286178
0.0
0.0
0.0
0.0
0.0
0.0
0.0
0.0
0.0
0.00022864920265767638
0.007492688811117452
0.03287193824632601
0.0648129921305633
0.08470073112260149
0.09938684875233145
0.11526888356760558
0.12289229038070058
0.11470685511186247
0.10290796801192051
0.0934830722605261
0.09777459188411433
0.08755307354725667
0.056585782153406004
0.022674575951551437
0.0
0.0
0.0
0.0
0.0
0.0
0.0
0.0
0.0
0.0001574027893183657
0.00016844170337636992
0.01904923869945583
0.06423582063508354
0.09269368316577203
0.11346535971014017
0.13443336793106578
0.1522254254150402
0.16760207512878497
0.1788279397677136
0.1716234908963643
0.1699131886402407
0.14685319497322044
0.11411741657997893
0.1080326804648547
0.0
0.0
0.0
0.0
0.0
0.0
0.0
0.0
0.0
0.00031407536640318907
0.017759538076556274
0.0509833385666273
0.09199267010516413
0.11944101144780402
0.14089689637718092
0.17823105316376892
0.20585605366519114
0.21487086947127357
0.22033216715111031
0.22805125379272537
0.2470909943393153
0.20727858887621614
0.1966684302279841
0.2613810665101915
0.0
0.0
0.0
0.0
0.0
0.0
0.0
0.0
0.0
0.0
0.0
0.0
0.0
0.0
0.0
0.0
0.0
0.0
0.13149451346652583
0.10592813468260993
0.14325730488162966
0.16583609065391772
0.0564419611456934
0.0
0.0
0.0
0.0
0.0
0.0
0.0
0.0
0.0
0.0
0.0
0.0
0.0
0.0
0.0
0.0
0.0
0.0
0.0
0.0
0.0
0.0
0.0
0.0
0.0
0.0
0.0
0.0
0.0
0.0
0.0
0.0
0.0
0.0
0.07284313761152442
0.07496777627204582
0.03949742717748867
0.04307722891325822
0.04377116304121965
0.04350522831211093
0.04374860258045698
0.04992576300359948
0.05802403186911952
0.06655165183187592
0.061947186031049845
0.05961743216941419
0.04565996126300876
0.029928174882796293
0.024062722261289998
0.0
0.0
0.0
0.0
0.0
0.0
0.0
0.0
0.0
0.00014792870634484475
0.006737666541613668
0.04086440960205567
0.07974483744688358
0.09994759766588573
0.11414572637053395
0.128464983113237
0.1405185433985382
0.14189240777348078
0.14267022859086526
0.144556805548385
0.16228202278095194
0.15760147343706868
0.1389716702718248
0.1485809938786192
0.0
0.0
0.0
0.0
0.0
0.0
0.0
0.0
0.0
0.014222794821728047
0.08263227581895011
0.08546373299834453
0.12464250806413513
0.1558683680994833
0.18843600164228974
0.23247693618262766
0.24703032941767464
0.22939372611140005
0.2028709364659864
0.1966753803436357
0.20846689429300172
0.1847317501945072
0.1654070764782351
0.18828587283878329
0.0
0.0
0.0
0.0
0.0
0.0
0.0
0.0
0.0
0.0002345792042286772
0.00017071003897338257
0.008488871962088305
0.04343986878086552
0.07026252419879536
0.09127243852286895
0.11883699026833776
0.14397306926562625
0.154267524075081
0.16630158647453044
0.15831513674975092
0.15490537354322118
0.13256541714059053
0.10631581420465988
0.10399744994877982
0.0
0.0
0.0
0.0
0.0
0.0
0.0
0.0
0.0
0.22089543356650457
0.25622490471194287
0.16390124051241162
0.20498076269483395
0.2363948600451661
0.2767872879514358
0.32629063453715323
0.36227476610731946
0.380646521702336
0.39071404869371074
0.3972209700433692
0.4061069322448845
0.2879901961380659
0.27235647114870654
0.345699991986737
0.0
0.0
0.0
0.0
0.0
0.0
0.0
0.0
0.0
0.0
0.0
0.0
0.0
0.0
0.0
0.15543708287422303
0.22382937506769465
0.19539326679742236
0.2376393723796843
0.2186266293233753
0.18688310119702722
0.21761433127030574
0.061236730063931565
0.0
0.0
0.0
0.0
0.0
0.0
0.0
0.0
0.0
0.0
0.0
0.0
0.0
0.0
0.0
0.0
0.1233918713240041
0.15129393952972156
0.18875245450686062
0.2194171526035623
0.17874247396934764
0.2150506042901226
0.2295345137842846
0.16879680387916374
0.061626228250325286
0.0
0.0
0.0
0.0
0.0
0.0
0.0
0.0
0.0
0.324108799715138
0.3338242354765065
0.22814584413339659
0.25915637351247844
0.2803734637981561
0.3058369090042108
0.3281733333239512
0.3415273038433968
0.338762228657433
0.33409806833435196
0.313447210415499
0.2958446814971134
0.18866292312268237
0.16989311713368402
0.21025503177041907
0.0
0.0
0.0
0.0
0.0
0.0
0.0
0.0
0.0
0.0002665172774224605
0.04465886927020775
0.07066732486178481
0.11284130178335751
0.13274209231787987
0.1526620383435567
0.17773999246192926
0.19724117203254787
0.2028110380827532
0.20547395865806198
0.21122849264078392
0.23196932358885855
0.18836870100891182
0.17800333034779223
0.22352155103665822
0.0
0.0
0.0
0.0
0.0
0.0
0.0
0.0
0.0
0.06697430184309876
0.10071519157385732
0.07843444649391489
0.10595478480867902
0.11990364538498044
0.1312054060250254
0.14925991107097974
0.1649102310823415
0.1856739200222658
0.19518051947451556
0.20272115494232584
0.21601860366285616
0.20229656280846822
0.18921644413694755
0.23208754118303077
0.0
0.0
0.0
0.0
0.0
0.0
0.0
0.0
0.0
0.2205703321156263
0.23437684830262576
0.1357231085214733
0.14556100585968368
0.1547171440413364
0.17512900824554758
0.20470482138393276
0.2263723881325628
0.22984531563407556
0.22735724633817275
0.2198155192944755
0.21930775779664965
0.17983472968751477
0.16014000822498806
0.1831360836768411
0.0
0.0
0.0
0.0
0.0
0.0
0.0
0.0
0.0
0.033411696122487324
0.06277186084503912
0.043909213464558575
0.05659630430970283
0.06907608371970128
0.08279510101556294
0.09707228318043727
0.108222988507859
0.10546986289512769
0.10443226882114331
0.09752119728316302
0.10038531805076639
0.09276348714543886
0.07778032704173493
0.08141098046211773
0.0
0.0
0.0
0.0
0.0
0.0
0.0
0.0
0.0
0.0
0.0
0.0
0.0
0.0
0.0
0.0
0.0
0.0
0.0
0.0
0.0
0.0
0.0
0.0
0.0
0.0
0.0
0.0
0.0
0.0
0.0
0.0
0.0
0.0
0.0
0.0
0.0
0.0
0.0
0.0
0.0
0.0
0.0
0.0
0.0
0.0
0.0
0.0
0.0
0.0
0.0
0.0
0.0
0.0
0.0
0.0
0.0
0.00021181615395351195
0.00010858189621771547
0.0024354476944177255
0.006782627242672017
0.008158808613199325
0.007889147054425286
0.007768136679187242
0.007942061711443769
0.008010272882001259
0.008167792348080277
0.00820317742224143
0.009698006249359455
0.009702482503755935
0.0033503607101223183
0.0
0.0
0.0
0.0
0.0
0.0
0.0
0.0
0.0
0.0
0.0
0.0002517497782517289
0.00337453135783841
0.04488659661692113
0.07467440582011156
0.0937890320840802
0.11288203729860415
0.1316102223335255
0.14347430181069762
0.15512494920103748
0.1538469962505546
0.15682802003350108
0.14846744888289193
0.12879069292118206
0.13764900043388675
0.0
0.0
0.0
0.0
0.0
0.0
0.0
0.0
0.0
0.0
0.0001649308700516482
0.029770238132866857
0.07799959804330193
0.10824601076651105
0.12973208672863928
0.1604897214205716
0.19130767453952208
0.20973545539047767
0.21746346064787817
0.2121526049579622
0.21118374556113403
0.17472307780465635
0.1589616276284657
0.19515826023452482
0.0
0.0
0.0
0.0
0.0
0.0
0.0
0.0
0.0
0.05922644266445399
0.0974416490056569
0.07718153257163024
0.10573160059351622
0.12005021719024181
0.13418404955119606
0.15232013101575073
0.16543788051881922
0.16715680617088877
0.16559579334703065
0.1471811992709651
0.14001402163689747
0.11856035038743071
0.10005089221982542
0.11849013915728494
0.0
0.0
0.0
0.0
0.0
0.0
0.0
0.0
0.0
0.09029308389183538
0.10812997129970271
0.06118776435938572
0.06845646399608524
0.07236115003173986
0.07487924895573264
0.07879024924780413
0.08487480813481052
0.08922734645175848
0.09447181822379785
0.0961950690315173
0.11190717051041048
0.11194075570744717
0.10461092484876845
0.1450194675764217
0.0
0.0
0.0
0.0
0.0
0.0
0.0
0.0
0.0
0.0
0.0
0.0
0.0
0.0
0.0
0.0
0.0
0.0
0.0
0.0
0.0
0.0
0.0
0.0
0.0
0.0
0.0
0.0
0.0
0.0
0.0
0.0
0.0
0.0
0.0
0.0
0.0
0.0
0.0
0.0
0.0
0.0
0.0
0.0
0.0
0.0
0.0
0.0
0.0
0.0
0.0
0.0
0.0
0.0
0.0
0.0
0.0
0.0
0.0001824539347135181
6.507537881033848e-05
0.0
2.0845080749526062e-05
0.0
0.0069162402488430605
0.02021839128129829
0.030906635105733046
0.04190798058598505
0.04384694092566971
0.04848844542357895
0.0457861557317414
0.02159751345452117
0.0
0.0
0.0
0.0
0.0
0.0
0.0
0.0
0.0
0.0
0.0
8.101274634214307e-05
6.246748845243396e-05
0.0
4.606794046322868e-05
0.0
0.0
0.0
0.0
0.0
0.0
0.0
0.0001515600628006186
0.0
0.0
0.0
0.0
0.0
0.0
0.0
0.0
0.0
0.0
0.0
0.0
0.00017580722163208757
2.0353239004645237e-05
0.0
2.5321138196265023e-05
0.0
0.0
0.0
0.0
0.0
0.0
0.0
0.0001731197849488006
0.0
0.0
0.0
0.0
0.0
0.0
0.0
0.0
0.0
0.0
0.0
0.0
0.00019744159150711802
0.005976170510606365
0.029531174074343195
0.04980964325322104
0.0663645645019756
0.08052378358804088
0.08708986557899477
0.09040079629937124
0.08930766440343847
0.07516004677100258
0.05825104303085133
0.02302101637240405
0.00044097305100346804
0.0
0.0
0.0
0.0
0.0
0.0
0.0
0.0
0.0
0.0
0.044745063449050736
0.062145739071634135
0.03260919144704022
0.03258140478750708
0.039530544013165886
0.049887245292112525
0.061011901668779775
0.06926101491276204
0.07205152950876519
0.07608235496205157
0.07255920434043571
0.07673527521342376
0.06808795367677134
0.06289135952608653
0.09392372255172922
0.0
0.0
0.0
0.0
0.0
0.0
0.0
0.0
0.0
0.0
0.0
0.0
0.0
0.0
0.0
0.0
0.0
0.0
0.0
0.0
0.0
0.0
0.0
0.0
0.0
0.0
0.0
0.0
0.0
0.0
0.0
0.0
0.0
0.0
0.0
0.0
0.0
0.0
0.0
0.0
0.0
0.0
0.0
0.0
0.0
0.0
0.0
0.0
0.0
0.0
0.0
0.0
0.0
0.0
0.0
0.0
0.0
0.0
0.0
0.0
0.0
0.0
0.0
0.0
0.0
0.0
0.0
0.0
0.0
0.0
0.0
0.0
0.0
0.0
0.0
0.0
0.0
0.0
0.0
0.0
0.0
0.0
0.0020629787742579525
0.02628879703343469
0.06415185655221226
0.0891419826817283
0.11190490525655608
0.13110294006660952
0.1393794975405888
0.151312173435335
0.16269701345392043
0.14914023482909555
0.14368193802735946
0.1285304467311096
0.09332282143161492
0.05187461334295411
0.0
0.0
0.0
0.0
0.0
0.0
0.0
0.0
0.0
0.0
2.4073720001244187e-05
0.024247236849622895
0.07997267052936578
0.11663261683259125
0.15505364335563881
0.1838537695774023
0.19987619410492155
0.2197087671373392
0.23713723905723547
0.2117867010654647
0.18660319927300859
0.1473348485290089
0.10526063645670525
0.06624244768855482
0.0
0.0
0.0
0.0
0.0
0.0
0.0
0.0
0.0
0.0
0.0006351781882060605
0.03008150298296405
0.07884226433441525
0.1196444410371597
0.16365718098042878
0.20303956832634812
0.22784288363892902
0.25491885560220096
0.27372187689805483
0.23971129142594313
0.18666427959182016
0.12486720573030902
0.0883499221884161
0.0703801367757501
0.0
0.0
0.0
0.0
0.0
0.0
0.0
0.0
0.0
0.07681271335363266
0.038385900028774414
0.049774586108538174
0.06484722591663022
0.10348581459339413
0.16810894111467653
0.23204648798225166
0.2354828686714221
0.21493815873798516
0.19201230994082702
0.1726963252608445
0.19107846918535784
0.20079406487347007
0.18520809110374212
0.15569493783635993
0.0
0.0
0.0
0.0
0.0
0.0
0.0
0.0
0.0
0.0
0.0
0.0
0.0
0.0
0.0
0.0
0.0
0.0
0.005336470836973382
0.027593372062270874
0.019138029609436696
0.0
0.0
0.0
0.0
0.0
0.0
0.0
0.0
0.0
0.0
0.0
0.0
0.0
0.0
0.0
0.0
0.0
0.0
0.0
0.0
0.0
0.06046337979776356
0.062245897298462985
0.0
0.0
0.0
0.0
0.0
0.0
0.0
0.0
0.0
0.0
0.0
0.0
0.0
0.0
0.004228701035509578
0.02815738488927324
0.060998810213975886
0.07822161201628083
0.09108119044569661
0.10162816846906143
0.1056343978124109
0.10154436156846655
0.09664730247324695
0.06745963029695402
0.05056502543662216
0.03465646021868497
0.02214333535604472
0.011469273845319214
0.0
0.0
0.0
0.0
0.0
0.0
0.0
0.0
0.0
0.0
6.871885013416203e-06
2.9816659548953816e-05
2.6278328255703945e-05
1.9705334899235444e-05
0.0
0.0
0.0
0.0
0.0
0.0
0.0
0.0
0.0
0.0
0.0
0.0
0.0
0.0
0.0
0.0
0.0
0.0
0.0
0.052611518405646165
0.02711163250190536
0.02688078654028341
0.036570078126598425
0.04118965472945712
0.04412867481960253
0.04499746259395545
0.04907805630767368
0.052255594832472115
0.04996223687007712
0.03434794853944846
0.030350048632289912
0.025747759523203725
0.01931111440699333
0.013953344337565031
0.0
0.0
0.0
0.0
0.0
0.0
0.0
0.0
0.0
0.0
7.0775129655899634e-06
2.8397477844104816e-05
2.581181066985348e-05
0.00028291525468491146
0.009157966751628631
0.02257181137095195
0.02865418559330014
0.0273730044174981
0.025041768317849936
0.005306500948205329
0.0
0.0
0.0
0.0
0.0
0.0
0.0
0.0
0.0
0.0
0.0
0.0
0.0
0.0
6.5899520257343635e-06
2.684901122590139e-05
2.3774740023381566e-05
1.766447873567908e-05
0.0
0.0
0.0
0.0018407674820934842
0.013989215319113573
0.013939203146165847
0.014866957284148904
0.015272775409775117
0.020703150281655647
0.028467685915228254
0.0
0.0
0.0
0.0
0.0
0.0
0.0
0.0
0.0
0.0
0.0
0.0
0.0
0.0
0.0
0.0
0.0
0.0
0.0
0.0
0.0
0.0
0.0
0.0
0.0
0.0
0.0
0.0
0.0
0.0
0.0
0.0
0.0
0.0
0.0
0.0
0.0
0.0
0.0
0.0
0.0
0.0
0.0
0.0
0.0
0.0
0.0
0.0
0.0
0.0
0.0
0.0
0.0
0.0
0.0
0.0
0.0
2.2985861831395285e-05
7.089961224595502e-06
2.801543960774956e-05
2.2141386956756345e-05
1.694809626841646e-05
0.0
0.0
0.0
0.0
0.0
0.0
0.0
0.0
0.0
0.0
0.0
0.0
0.0
0.0
0.0
0.0
0.0
0.0
0.0
8.495784546474177e-06
6.138861822177306e-06
2.3295370697792222e-05
2.0194327443396413e-05
1.4581643248220439e-05
0.0
0.0
0.0
0.0
0.0
0.0
0.0
0.0
0.0
0.0
0.0
0.0
0.0
0.0
0.0
0.0
0.0
0.0
0.0
0.0
5.859201923229865e-06
2.222385292836644e-05
1.898273974807222e-05
2.4435977454222653e-05
0.0
0.0
0.0
0.0
0.0
0.0
0.0
0.0
0.0
0.0
0.0
0.0
0.0
0.0
0.0
0.0
0.0
0.0
0.0
0.0
6.295303373183399e-06
2.451730977249321e-05
2.1323199958389448e-05
1.5807769721282148e-05
0.0
0.0
0.0
0.0
0.0
0.0
0.0
0.0
0.0
0.0
0.0
0.0
0.0
0.0
0.0
0.0
0.0
0.0
0.0
0.0
6.972213626496922e-06
2.7966838495404738e-05
2.380103572328551e-05
1.6559124303095837e-05
0.001160720492355895
0.010577879924224164
0.01609759626352018
0.016545278525225422
0.017219229122086427
0.003227641054978226
0.0
0.0
0.0
0.0
0.0
0.0
0.0
0.0
0.0
0.0
0.0
0.0
0.0
0.0
0.0
0.0
0.0
0.0
0.0
0.0
0.0
0.0
0.0
0.0
0.0
0.0
0.0
0.0
0.0
0.0
0.0
0.0
0.0
0.0
0.0
0.0
0.0
0.0
0.0
0.0
0.0
0.0
0.0
0.0
0.0
0.0
0.0
0.0
0.0
0.0
0.0
0.0
0.0
0.0
0.0
0.0
0.0
0.0
0.0
0.0
0.0
7.839066530400666e-06
6.41593963274578e-06
2.407563609508928e-05
2.0839067202202284e-05
1.430962199867271e-05
0.0
0.0
0.0
0.0
0.0
0.0
0.0
0.0
0.0
0.0
0.0
0.0
0.0
0.0
0.0
0.0
0.0
0.0
0.0
2.1166254736909897e-05
1.2977483267468494e-05
3.277346731214423e-05
1.829230298876516e-05
2.16594845196835e-05
0.0
0.0
0.0
0.0
0.004946184718626327
0.0006899629748259677
0.0
0.0
0.0
0.0
0.0
0.0
0.0
0.0
0.0
0.0
0.0
0.0
0.0
0.0
1.6847301621835343e-05
3.3101137346642753e-05
2.0272396346627083e-05
1.3698258494669429e-05
0.0
0.0001676094143558577
0.0074186844573353086
0.021252045275160857
0.03629877982191156
0.023573986984619832
0.005868869169072854
0.0
0.0
0.0
0.0
0.0
0.0
0.0
0.0
0.0
0.0
0.0
0.0
0.0
1.523175107733576e-05
3.222647829569545e-05
1.00689241601838e-05
1.353766965340072e-05
0.0
0.0
0.0
0.0
0.0
0.0
0.0
0.0
0.0
0.0
0.0
0.0
0.0
0.0
0.0
0.0
0.0
0.0
0.0
0.0
0.0005584298604547765
0.009601569601041929
0.026155415455331284
0.043173183455956665
0.05988231684791448
0.07573091491021576
0.08229794786450714
0.0765798169777929
0.0679247239448531
0.049270958925045495
0.04642884168691193
0.04243259510536579
0.039577993878611224
0.03958923408834965
0.0
0.0
0.0
0.0
0.0
0.0
0.0
0.0
0.0
0.0
0.0
0.0
0.0
0.0
0.0
0.0
0.0
0.0
0.0
0.0
0.0
0.0
0.0
0.0
0.0
0.0
0.0
0.0
0.0
0.0
0.0
0.0
0.0
0.0
0.0
0.0
0.0
0.0
0.0
0.0
0.0
0.0
0.0
0.0
0.0
0.0
0.0
0.0
0.0
0.0
0.0
0.0
0.0
0.0
0.0
0.0
0.0
5.535167732501694e-05
1.3575410058599346e-05
2.823903926022053e-05
2.0707930644100537e-05
1.3833870157568009e-05
0.0
0.0
0.0
0.0
0.0
0.0
0.0
0.0
0.0
0.0
0.0
0.0
0.0
0.0
0.0
0.0
0.0
0.0
0.0
0.0
7.169943410610801e-06
2.898589850126427e-05
2.365844934967488e-05
1.804242806469515e-05
0.0
0.0
0.0
0.0
0.0
0.0
0.0
0.0
0.0
0.0
0.0
0.0
0.0
0.0
0.0
0.0
0.0
0.0
0.0
0.0
5.6868989545137305e-06
2.2824989277263603e-05
1.7919113298453148e-05
1.5224160806366204e-05
0.0
0.0
0.0
0.0
0.0
0.0
0.0
0.0
0.0
0.0
0.0
0.0
0.0
0.0
0.0
0.0
0.0
0.0
0.0
1.7686533201373665e-05
1.1534641404131435e-05
2.9087132698408303e-05
8.73135404686094e-06
1.2248793166243009e-05
0.0
0.0
0.0
0.0
0.00026707376846559405
0.0
0.0
0.0
0.0
0.0
0.0
0.0
0.0
0.0
0.0
0.0
0.0
0.0
0.0
0.0
1.4172204954376759e-05
3.4839645120025233e-05
1.1006490022307105e-05
1.5323014910026388e-05
0.012876775284489779
0.03657119229682889
0.05637252163972116
0.07382859815545274
0.09343585091362207
0.07402547147487339
0.056075227194108825
0.03622985844290365
0.023071144084575983
0.01225115439760696
0.0
0.0
0.0
0.0
0.0
0.0
0.0
0.0
0.0
0.0
0.0
0.0
0.0
0.0
0.0
0.0
0.047241554403896505
0.13090402076766414
0.11585815849454711
0.10747476958300695
0.05229621952001207
0.0
0.0
0.0
0.0
0.0
0.0
0.0
0.0
0.0
0.0
0.0
0.0
0.0
0.0
0.0
0.0
0.0
0.0
0.0
0.0
0.0
0.0
0.0
0.0
0.0
0.0
0.0
0.0
0.0
0.0
0.0
0.0
0.0
0.0
0.0
0.0
0.0
0.0
0.0
0.0
0.0
0.0
0.0
0.0
0.0
0.0
0.0
0.0
0.0
0.0
0.0
0.0
0.0
0.0
0.0
0.0
0.0
0.0
0.0
0.0
4.542114992957824e-05
1.2422707086331532e-05
3.160520642837848e-05
1.8413281340055343e-05
1.1543880589883655e-05
0.0
0.0
0.0
0.0
0.0
0.0
0.0
0.0
0.0
0.0
0.0
0.0
0.0
0.0
0.0
0.0
0.0
0.0
0.0
2.9051792069840475e-05
5.0057318938021704e-06
3.037720241249454e-05
8.842350789359404e-06
1.2116134722707625e-05
0.0
0.0
0.0
0.0
0.00045602345419843294
0.0
0.0
0.0
0.0
0.0
0.0
0.0
0.0
0.0
0.0
0.0
0.0
0.0
0.0
2.485942298427625e-05
9.805669199266437e-06
2.7225308947576805e-05
8.782425703801386e-06
1.1853707275537062e-05
0.0
0.0
0.0
0.0
0.0
0.0
0.0
0.0
0.0
0.0
0.0
0.0
0.0
0.0
0.0
0.0
0.0
0.0
0.0
8.210235984952712e-06
5.737464129043026e-06
2.1933180877235178e-05
1.9248949535851405e-05
1.4404852537775665e-05
0.0
0.0
0.0
0.0
0.0
0.0
0.0
0.0
0.0
0.0
0.0
0.0
0.0
0.0
0.0
0.0
0.0
0.0
0.0
0.0
0.0
0.0
0.0
0.0
0.0
0.0
0.0
0.0
0.0
0.0
0.0
0.0
0.0
0.0
0.0
0.0
0.0
0.0
0.0
0.0
0.0
0.0
0.0
0.0
0.0
0.0
0.0
0.0
0.0
0.0
0.0
0.0
0.0
0.0
0.0
0.0
0.0
0.0
0.0
0.0
0.0
0.0
0.0
0.0
0.0
0.0
0.0
0.0
2.8170430343006322e-06
1.9988472770502145e-05
1.4390547906604914e-05
9.227485421462915e-06
0.0
0.0
0.0
0.0
0.0
0.0
0.0
0.0
0.0
0.0
0.0
0.0
0.0
0.0
0.0
0.0
0.0
0.0
0.0
0.0
0.0
3.3941195973472956e-05
8.008516034656097e-06
1.1180964750886608e-05
0.0
0.0
0.0
0.0
0.0
0.0
0.0
0.0
0.0
0.0
0.0
0.0
0.0
0.0
0.0
0.0
0.0
0.0
0.0
7.781122116872284e-06
4.8881003362907e-06
2.0543925900674676e-05
2.007850069919602e-05
2.1152850872899984e-05
0.0
0.0
0.0
0.0
0.0
0.0
0.0
0.0
0.0
0.0
0.0
0.0
0.0
0.0
0.0
0.0
0.0
0.0
0.0
1.6549179547331084e-05
4.233817762203294e-06
2.830270674349603e-05
9.168973124196647e-06
1.2213257213861207e-05
0.0
0.0
0.0
0.0
0.0
0.0
0.0
0.0
0.0
0.0
0.0
0.0
0.0
0.0
0.0
0.0
0.0
0.0
0.0
3.244413386201148e-05
4.36899667574802e-06
2.7404801177285976e-05
8.457750460069647e-06
1.859455591415739e-05
0.0
0.0017630994622356124
0.01720894461520974
0.03550219099800635
0.05580970668164865
0.04042446525530963
0.023717430518250943
0.008622908437868332
0.000801690665340324
0.0
0.0
0.0
0.0
0.0
0.0
0.0
0.0
0.0
0.0
0.0
0.0
0.0
0.0
0.0
0.0
0.0
0.0
0.0
0.0
0.0
0.0
0.0
0.0
0.0
0.0
0.0
0.0
0.0
0.0
0.0
0.0
0.0
0.0
0.0
0.0
0.0
0.0
0.0
0.0
0.0
0.0
0.0
0.0
0.0
0.0
0.0
0.0
0.0
0.0
0.0
0.0
0.0
0.0
0.0
0.0
0.0
0.0
5.446959340661486e-05
4.181282444887257e-06
3.608614068027239e-05
7.186939733321303e-06
1.0301526857295325e-05
0.0
0.0
0.0
0.0
0.0
0.0
0.0
0.0
0.0
0.0
0.0
0.0
0.0
0.0
0.0
0.0
0.0
0.0
0.0
2.958527577860807e-05
3.8303014512633754e-06
3.0755855592751005e-05
1.3996992150690548e-05
1.5955387811795964e-05
0.0
0.0
0.0
0.0
0.0
0.0
0.0
0.0
0.0
0.0
0.0
0.0
0.0
0.0
0.0
0.0
0.0
0.0
0.0
3.240202563773988e-05
4.049082481687539e-06
3.296985141097021e-05
7.596462711284753e-06
1.1788945841452228e-05
0.0
0.0
0.0
0.007464098946401928
0.022084635476080368
0.011787100928419598
0.0012197982627173436
0.0
0.0
0.0
0.0
0.0
0.0
0.0
0.0
0.0
0.0
0.0
0.0
2.638004347890069e-05
4.865808402567713e-06
3.9614834549293174e-05
1.0306509196628163e-05
1.407799453412517e-05
0.0
0.0
0.0
0.0007273546667952783
0.011266667184337876
0.0005008432096778365
0.0
0.0
0.0
0.0
0.0
0.0
0.0
0.0
0.0
0.0
0.0
0.0
0.0
7.566244443003689e-06
5.814537816807382e-06
3.4129687669189446e-05
1.18850192675975e-05
0.00411144592254278
0.036075113169479034
0.07392761350702619
0.09341447027487992
0.09698836922273865
0.10080689014685648
0.06868907122085563
0.05559377375902328
0.038784223048760016
0.015310790457003507
0.0
0.0
0.0
0.0
0.0
0.0
0.0
0.0
0.0
0.0
0.0
0.0
0.0
0.0
0.0
0.0
0.0
0.0
0.0
0.0
0.0
0.0
0.0
0.0
0.0
0.0
0.0
0.0
0.0
0.0
0.0
0.0
0.0
0.0
0.0
0.0
0.0
0.0
0.0
0.0
0.0
0.0
0.0
0.0
0.0
0.0
0.0
0.0
0.0
0.0
0.0
0.0
0.0
0.0
0.0
0.0
0.0
0.0
7.220226160504756e-05
2.7786691288094933e-06
2.0399931488904367e-05
1.5067583175825429e-05
9.920841648563599e-06
0.0
0.0
0.0
0.0
0.0
0.0
0.0
0.0
0.0
0.0
0.0
0.0
0.0
0.0
0.0
0.0
0.0
0.0
0.0
3.583379748493505e-05
3.968714224517718e-06
1.7275542472451596e-05
1.304705691256e-05
9.084498003154473e-06
0.0
0.0
0.0
0.0
0.0
0.0
0.0
0.0
0.0
0.0
0.0
0.0
0.0
0.0
0.0
0.0
0.0
0.0
0.0
5.1782729715024584e-05
5.158513417998806e-06
2.789693056463454e-05
1.0299849477650065e-05
1.4760035451245322e-05
0.0
0.0
0.0
0.0
0.0
0.0
0.0
0.0
0.0
0.0
0.0
0.0
0.0
0.0
0.0
0.0
0.0
0.0
0.0
2.9616237478192746e-05
4.6080443686763784e-06
3.590097859935276e-05
9.157376187426278e-06
2.2867570494254735e-05
0.0
0.0
0.0
0.0
0.0
0.0
0.0
0.0
0.0
0.0
0.0
0.0
0.0
0.0
0.0
0.0
0.0
0.0
0.0
7.041044241724079e-06
5.265006672086967e-06
2.159817410072416e-05
1.527487900937019e-05
1.3856784881065054e-05
0.0
0.0
0.0
0.0
0.0
0.0
0.0
0.0
0.0
0.0
0.0
0.0
0.0
0.0
0.0
0.0
0.0
0.0
0.0
0.0
0.0
0.0
0.0
0.0
0.0
0.0
0.0
0.0
0.0
0.0
0.0
0.0
0.0
0.0
0.0
0.0
0.0
0.0
0.0
0.0
0.0
0.0
0.0
0.0
0.0
0.0
0.0
0.0
0.0
0.0
0.0
0.0
0.0
0.0
0.0
0.0
0.0
0.0
0.0
0.0
0.0
0.0
0.0
0.0
0.0
0.0
0.0
0.0
9.786975481561665e-05
6.208171604479451e-06
3.033911937206778e-05
2.2726939614192322e-05
3.342609324122815e-05
0.0
0.0
0.0
0.0
0.0
0.0
0.0
0.0
0.0
0.0
0.0
0.0
0.0
0.0
0.0
0.0
0.0
0.0
0.0
5.7720030810360885e-05
6.318678100522144e-06
2.5686719997261435e-05
2.2753674882650928e-05
1.5129151367936506e-05
0.0
0.0
0.0
0.0
0.0
0.0
0.0
0.0
0.0
0.0
0.0
0.0
0.0
0.0
0.0
0.0
0.0
0.0
0.0
1.0113061463289356e-05
6.90998186187064e-06
2.6999917501817018e-05
2.505305808527027e-05
1.6643440734855048e-05
0.0
0.0
0.0
0.0
0.0
0.0
0.0
0.0
0.0
0.0
0.0
0.0
0.0
0.0
0.0
0.0
0.0
0.0
0.0
0.0
8.011221314783999e-06
3.117603771372032e-05
2.7577294103709313e-05
2.1054890271910996e-05
0.003407361845824763
0.006862727628164997
0.0
0.0
0.0
0.0
0.0
0.0
0.0
0.0
0.0
0.0
0.0
0.0
0.0
0.0
0.0
0.0
0.0
0.0
0.0
1.6504791971652816e-05
1.0724565090657182e-05
7.835108919155794e-06
0.0
0.0
0.0
0.0
0.0
0.0
0.0
0.0
0.0
0.0
0.0
0.0
0.0
0.0
0.0
0.0
0.0
0.0
0.0
0.0
0.0
0.0
0.0
0.0
0.0
0.0
0.0
0.0
0.0
0.0
0.0
0.0
0.0
0.0
0.0
0.0
0.0
0.0
0.0
0.0
0.0
0.0
0.0
0.0
0.0
0.0
0.0
0.0
0.0
0.0
0.0
0.0
0.0
0.0
0.0
0.0
0.0
0.0
0.0
0.0
0.0
0.0
0.0
0.0
0.0
0.0
0.0
0.0
0.0
1.653779715703077e-05
5.220787108277324e-06
7.913348945459508e-06
8.86376662767074e-06
0.0
0.0
0.0
0.0
0.0
0.0
0.0
0.0
0.0
0.0
0.0
0.0
0.0
0.0
0.0
0.0
0.0
0.0
0.0
0.0
2.039830665734334e-05
7.050661460203834e-06
9.58353448783527e-06
0.0
0.0
0.0
0.0
0.0
0.0
0.0
0.0
0.0
0.0
0.0
0.0
0.0
0.0
0.0
0.0
0.0
0.0
0.0
6.370062839498781e-05
5.274156064920433e-06
2.627499808977161e-05
1.8032207134516038e-05
1.2412643986806363e-05
0.0
0.0
0.0
0.0
0.0
0.0
0.0
0.0
0.0
0.0
0.0
0.0
0.0
0.0
0.0
0.0
0.0
0.0
0.0
3.939034708922027e-05
4.7962194931668776e-06
2.22624479438934e-05
1.5239166583330547e-05
1.0412641292930004e-05
0.0
0.0
0.0
0.0
0.0
0.0
0.0
0.0
0.0
0.0
0.0
0.0
0.0
0.0
0.0
0.0
0.0
0.0
0.0
3.430822733160193e-05
4.202058093623185e-06
1.9588667517634323e-05
1.3162584663237602e-05
8.994094074574029e-06
0.0
0.0
0.0
0.0
0.0
0.0
0.0
0.0
0.0
0.0
0.0
0.0
0.0
0.0
0.0
0.0
0.0
0.0
0.0
0.0
0.0
0.0
0.0
0.0
0.0
0.0
0.0
0.0
0.0
0.0
0.0
0.0
0.0
0.0
0.0
0.0
0.0
0.0
0.0
0.0
0.0
0.0
0.0
0.0
0.0
0.0
0.0
0.0
0.0
0.0
0.0
0.0
0.0
0.0
0.0
0.0
0.0
0.0
0.0
0.0
0.0
0.0
0.0
0.0
0.0
0.0
0.0
0.00010209784807432696
3.643582145577005e-06
2.5298169657143197e-05
1.930188145193947e-05
1.2538266004315498e-05
0.0
0.0
0.0
0.0
0.0
0.0
0.0
0.0
0.0
0.0
0.0
0.0
0.0
0.0
0.0
0.0
0.0
0.0
0.0
0.0
0.0
0.0
0.0
0.0
0.0
0.0
0.0
0.0
0.0
0.0
0.0
0.0
0.0
0.0
0.0
0.0
0.0
0.0
0.0
0.0
0.0
0.0
0.0
0.0
0.0
0.0
0.0
0.0
0.0
0.0
0.0
0.0
0.0
0.0
0.0
0.0
0.0
0.0
0.0
0.0
0.0
0.0
0.0
0.0
0.0
0.0
0.0
0.0
0.0
0.0
0.0
0.0
0.0
0.0
0.0
0.0
0.0
0.0
0.0
0.0
0.0
0.0
0.0
0.0
0.0
0.0
0.0
0.0
0.0
0.0
0.0
0.0
0.0
0.0
0.0
0.0
0.0
0.0
0.0
0.0
0.0
0.0
0.0
0.0
0.0
0.0
0.0
0.0
0.0
0.0
0.0
0.0
0.0
0.0
0.0
0.0
0.0
0.0
0.0
0.0
0.0
0.0
0.0
0.0
0.0
0.0
0.0
0.0
0.0
0.0
0.0
0.0
0.0
0.0
0.0
0.0
0.0
0.0
0.0
0.0
0.0
0.0
0.0
0.0
0.0
0.0
0.0
0.0
0.0
0.0
0.0
0.0
0.0
0.0
0.0
0.0
0.0
0.0
0.0
0.0
0.0
0.0
0.0
0.0
0.0
0.0
0.0
0.0
0.0
0.0
0.0
0.0
0.0
0.0
0.0
0.0
0.0
0.0
0.0
0.0
0.0
0.0
0.0
0.0
0.0
0.0
0.0
0.0
0.0
0.0
0.0
0.0
0.0
0.0
0.0
0.0
0.0
0.0
0.0
0.0
0.0
0.0
0.0
0.0
0.0
0.0
0.0
0.0
0.0
0.0
0.0
0.0
0.0
0.0
8.31013091279132e-06
8.132533506206368e-06
0.0
0.0
0.0
0.0
0.0
0.0
0.0
0.0
0.0
0.0
0.0
0.0
0.0
0.0
0.0
0.0
0.0
0.0
0.0
5.382050793693005e-05
4.758491675063776e-06
2.1718315754950782e-05
1.5473759824931864e-05
1.056088140341517e-05
0.0
0.0
0.0
0.0
0.0
0.0
0.0
0.0
0.0
0.0
0.0
0.0
0.0
0.0
0.0
0.0
0.0
0.0
0.0
0.0
0.0
0.0
0.0
7.95124347128661e-06
0.0
0.0
0.0
0.0
0.0
0.0
0.0
0.0
0.0
0.0
0.0
0.0
0.0
0.0
0.0
0.0
0.0
0.0
0.0
0.0
0.0
0.0
0.0
0.0
0.0
0.0
0.0
0.0
0.0
0.0
0.0
0.0
0.0
0.0
0.0
0.0
0.0
0.0
0.0
0.0
0.0
0.0
0.0
0.0
0.0
0.0
0.0
0.0
0.0
0.0
0.0
0.0
0.0
0.0
0.0
0.0
0.0
0.0
0.0
0.0
0.0
0.0
0.0
0.0
0.0
0.0
0.0
0.0
0.0
0.0
0.0
0.0
0.0
0.0
0.0
0.0
0.0
0.0
0.0
0.0
0.0
0.0
0.0
0.0
0.0
0.0
0.0
0.0
0.0
0.0
0.0
0.0
0.0
0.0
0.0
0.0
0.0
0.0
0.0
0.0
0.0
0.0
0.0
0.0
0.0
0.0
0.0
0.0
0.0
0.0
0.0
0.0
0.0
0.0
0.0
0.0
0.0
0.0
0.0
0.0
0.0
0.0
0.0
0.0
0.0
0.0
0.0
0.0
0.0
0.0
0.0
0.0
0.0
0.0
0.0
0.0
0.0
0.0
0.0
0.0
0.0
0.0
0.0
0.0
0.0
0.0
0.0
0.0
0.0
0.0
0.0
0.0
0.0
0.0
0.0
0.0
0.0
0.0
0.0
0.0
0.0
0.0
0.0
0.0
0.0
0.0
0.0
0.0
0.0
0.0
0.0
0.0
0.0
0.0
0.0
0.0
0.0
0.0
0.0
0.0
0.0
0.0
0.0
0.0
0.0
0.0
0.0
0.0
0.0
0.0
0.0
0.0
0.0
0.0
0.0
0.0
0.0
0.0
0.0
0.0
0.0
0.0
0.0
0.0
0.0
0.0
0.0
0.0
0.0
0.0
0.0
0.0
0.0
0.0
0.0
0.0
0.0
0.0
0.0
0.0
0.0
0.0
0.0
0.0
0.0
0.0
0.0
0.0
0.0
0.0
0.0
0.0
0.0
0.0
0.0
0.0
0.0
0.0
0.0
0.0
0.0
0.0
0.0
0.0
0.0
0.0
0.0
0.0
0.0
0.0
0.0
0.0
0.0
0.0
0.0
0.0
0.0
0.0
0.0
0.0
0.0
0.0
0.0
0.0
0.0
0.0
0.0
0.0
0.0
0.0
0.0
0.0
0.0
0.0
0.0
0.0
0.0
0.0
0.0
0.0
0.0
0.0
0.0
0.0
0.0
0.0
0.0
0.0
0.0
0.0
0.0
0.0
0.0
0.0
0.0
0.0
0.0
0.0
0.0
0.0
0.0
0.0
0.0
0.0
0.0
0.0
0.0
0.0
0.0
0.0
0.0
0.0
0.0
0.0
0.0
0.0
0.0
0.0
0.0
0.0
0.0
0.0
0.0
0.0
0.0
0.0
0.0
0.0
0.0
0.0
0.0
0.0
0.0
0.0
0.0
0.0
0.0
0.0
0.0
0.0
0.0
0.0
0.0
0.0
0.0
0.0
0.0
0.0
0.0
0.0
0.0
0.0
0.0
0.0
0.0
0.0
2.0268361406758656e-05
0.0
0.0
0.0
0.0
0.0
0.0
0.0
0.0
0.0
0.0
0.0
0.0
0.0
0.0
0.0
0.0
0.0
0.0
0.0
0.0
0.0
0.0
0.0
0.0
0.0
0.0
0.0
0.0
0.0
0.0
0.0
0.0
0.0
0.0
0.0
0.0
0.0
0.0
0.0
0.0
0.0
0.0
0.0
0.0
0.0
0.0
0.0
0.0
0.0
0.0
0.0
0.0
0.0
0.0
0.0
0.0
0.0
0.0
0.0
0.0
0.0
0.0
0.0
0.0
0.0
0.0
0.0
0.0
0.0
0.0
0.0
0.0
0.0
0.0
0.0
0.0
0.0
0.0
0.0
0.0
0.0
0.0
0.0
0.0
0.0
0.0
0.0
0.0
0.0
0.0
0.0
0.0
0.0
0.0
0.0
0.0
0.0
0.0
0.0
0.0
0.0
0.0
0.0
0.0
0.0
0.0
0.0
0.0
0.0
0.0
0.0
0.0
0.0
0.0
0.0
0.0
0.0
0.0
0.0
0.0
0.0
0.0
0.0
0.0
0.0
0.0
0.0
0.0
0.0
0.0
0.0
0.0
0.0
0.0
0.0
0.0
0.0
0.0
0.0
0.0
0.0
0.0
0.0
0.0
0.0
0.0
0.0
0.0
0.0
0.0
0.0
0.0
0.0
0.0
0.0
0.0
0.0
0.0
0.0
0.0
0.0
0.0
0.0
0.0
0.0
0.0
0.0
0.0
0.0
0.0
0.0
0.0
0.0
0.0
0.0
0.0
0.0
0.0
0.0
0.0
0.0
0.0
0.0
0.0
0.0
0.0
0.0
0.0
0.0
0.0
0.0
4.358690567115768e-05
0.0
0.0
0.0
0.0
0.0
0.0
0.0
0.0
0.0
0.0
0.0
0.0
0.0
0.0
0.0
0.0
0.0
0.0
0.0
0.0
0.0
0.0
0.0
0.0
0.0
0.0
0.0
0.0
0.0
0.0
0.0
0.0
0.0
0.0
0.0
0.0
0.0
0.0
0.0
0.0
0.0
0.0
0.0
0.0
0.0
0.0
3.061454925578171e-05
7.834694152821542e-06
2.1163310914924808e-05
1.6364635152671697e-05
1.0226871933818296e-05
0.0
0.0
0.0
0.0
0.0
0.0
0.0
0.0
0.0
0.0
0.0
0.0
0.0
0.0
0.0
0.0
0.0
0.0
0.0
0.0
0.0
1.66973571543682e-05
1.3553158875821325e-05
8.781400633138997e-06
0.0
0.0
0.0
0.0
0.0
0.0
0.0
0.0
0.0
0.0
0.0
0.0
0.0
0.0
0.0
0.0
0.0
0.0
0.0
0.0
0.0
0.0
0.0
0.0
0.0
0.0
0.0
0.0
0.0
0.0
0.0
0.0
0.0
0.0
0.0
0.0
0.0
0.0
0.0
0.0
0.0
0.0
0.0
0.0
0.0
0.0
0.0
0.0
0.0
0.0
0.0
0.0
0.0
0.0
0.0
0.0
0.0
0.0
0.0
0.0
0.0
0.0
0.0
0.0
0.0
0.0
0.0
0.0
0.0
0.0
0.0
0.0
0.0
0.0
0.0
0.0
0.0
0.0
0.0
0.0
0.0
0.0
0.0
0.0
0.0
0.0
0.0
0.0
0.0
0.0
0.0
0.0
0.0
0.0
0.0
0.0
0.0
0.0
0.0
0.0
0.0
0.0
0.0
0.0
0.0
0.0
0.0
0.0
0.0
