0.9990154417403688
0.770463584452359
0.9990073037615023
0.7795847757482469
0.7871484217757606
0.7862328046574655
0.785510515543616
0.6299977190491892
0.22372996383675395
0.07955091994155096
0.03490947081912959
0.0056691754244864
0.004884022942555704
0.0
0.0
0.0
0.0
0.16158244289179688
0.5402655401996713
0.6089247980599012
0.5039353904360859
0.7083482119521286
0.5721596981925403
0.6078109185862497
0.7626489792137352
0.9990177485750529
0.7906381499739645
0.9991848492177755
0.7870988627245119
0.7310553133468116
0.5823190813626986
0.4330941992385962
0.09320755927566457
0.005335589314723263
0.0019378026730944309
0.0
6.537121391382283e-05
0.0
0.0
0.0
0.0
0.026617017377769895
0.11678895780609265
0.19648024271037332
0.5644323915876002
0.39435772262128904
0.35753312123563835
0.5477056221131639
0.716746211234211
0.999070369581549
0.8011766292750201
0.9992172174053782
0.8195027775042932
0.8192286627200134
0.5936219084037224
0.5455563084600252
0.2853810071871876
0.05114244732433326
0.019816629711636585
0.0
0.0003632100764593176
0.0
0.0
0.0
0.0003940390130160105
0.1738273129037038
0.35229718225205153
0.45190948057136504
0.6666652964205443
0.4455133809875479
0.7350379539658582
0.7564476556810706
0.7844098290346723
0.9990865904222003
0.7900326642231407
0.8104850079131317
0.9992866368106444
0.707143966965792
0.694518584584567
0.5442934610472704
0.2628714841389975
0.042126575297257225
0.03336749786054323
0.0014187330634750446
0.00031251667878055616
0.0
0.0
0.0
0.0
0.006760038989414604
0.2796869852966006
0.596595318641154
0.48807345967366345
0.5446207135587326
0.7477915773022639
0.7689199642632671
0.7814364294511367
0.7946837702392665
0.9991809109515569
0.8070632090552362
0.8176365258355746
0.8182770039962023
0.6817126725479558
0.5230374978053899
0.21194990860462629
0.0704921403069225
0.03598172111686957
0.00438830387724223
0.013043493686279155
0.00018644945528690536
0.0
0.0
0.0038781553622799793
0.11294339005743756
0.2650350008213342
0.3615074751498172
0.6301754225259546
0.4980276692548245
0.4980549016462399
0.6923565853123975
0.718216263976395
0.9987348593076707
0.7383886937919758
0.9988492389578059
0.757297552324248
0.7537116697280771
0.4906315156166392
0.5414357894813496
0.16381266798484823
0.02113165671349399
0.007577303165549239
0.0
7.291169623415137e-05
0.0
0.0
0.0
0.0
0.02604560908447286
0.3146036669839826
0.6171848888922397
0.66173422957156
0.4332553733390445
0.7373700761274098
0.7642672741600689
0.780070019256639
0.7880739584281101
0.9991611949831917
0.8099152549128648
0.8189473710787861
0.9992722479285733
0.6938491563908686
0.6446910951825265
0.22967688979521833
0.09039172794689095
0.03675436500548361
0.005606257251909435
0.0035402004183657442
0.0
0.0
0.0
0.0
0.10411521648730303
0.4790035272793874
0.39299960108396575
0.6359522169966416
0.5353767001606099
0.5715308138645627
0.747554902228792
0.7511578573117802
0.9989226452416595
0.76601064784754
0.7805615019023466
0.9990440259566382
0.7622833510133935
0.5819693364197498
0.5191079672120842
0.17840126185947872
0.06455122119813995
0.06893843405198483
0.05297381180062823
0.06031344568518439
0.0037805896799047874
0.0074940317480632224
0.07882697653968056
0.1953027406068372
0.5621833731290284
0.6505179205270873
0.6741740200685462
0.5459926752054508
0.7202685068337799
0.48911104690942925
0.7568260298815449
0.769979636589085
0.9988956770169116
0.7461721473780087
0.9988568841900383
0.7491048510294848
0.7388703834681282
0.4704269383351781
0.4336004937761647
0.2779389504950621
0.1632111756597438
0.16890927128137784
0.1675622022529424
0.15758984768217474
0.0936398357818073
0.08264116785842143
0.09468632866622048
0.15857644642361024
0.4894943453778952
0.4416031110725111
0.6379264469443753
0.5123590002990396
0.5183686555759609
0.5729765923068989
0.9610392347140074
0.8061287960579774
0.7896650660075689
0.999142251664584
0.8030490350752209
0.795728110811925
0.7876839916754896
0.6503808549699044
0.5153217928231999
0.27284342149742385
0.13048194555926948
0.07005608226309606
0.05671186046960609
0.07214370176161992
0.0010223679338850452
0.014468860075657675
0.04215009625833102
0.09757521238916386
0.2709580320391516
0.3356537528307484
0.3681923228129582
0.5873967702587907
0.33768010424407663
0.6302140530267788
0.6479746674315292
0.6602614658200531
0.672051199960947
0.9983123616680656
0.6653453777694683
0.6783218473471396
0.6803894017041213
0.5046323763047623
0.37652331573196207
0.23620640517370498
0.1948673018842871
0.2316785364061849
0.2655687127140328
0.20831790981139608
0.20605664394296053
0.17102010714793445
0.2001842538838935
0.27226882695683263
0.634791426391906
0.5389915497959422
0.5754547602818065
0.7605539966244935
0.645587308102307
0.6645376939307649
0.8123090907284111
0.8193875497376178
0.9992450069253802
0.8168310461006761
0.8199972156450113
0.9992667217731719
0.6968936238036249
0.689256362199204
0.5572788569368484
0.35736526263101004
0.16252584152566812
0.15583268163764027
0.16253684390312761
0.11797801858634016
0.056601235776087624
0.05843112456196273
0.09687832003240604
0.16659692144690008
0.5081667038447311
0.49758524545797134
0.5446330113115667
0.7396955249699291
0.6190202537140553
0.6508060283182755
0.8003416672570202
0.8160453608429198
0.9992649575309955
0.8308465901861697
0.9993482459852213
0.8369043764468328
0.8373807131845616
0.6343560683386249
0.5953314707973238
0.3846980387187735
0.15512051235518165
0.13670533349194047
0.08270688682338509
0.10412518907329445
0.023714284499914272
0.024447342294217526
0.05333041707574155
0.11807204867981183
0.47963714856149114
0.46495979187349956
0.6866930551730218
0.5996708693958698
0.6331642506229966
0.6660244863950396
0.7632311253979024
0.9991231660839575
0.8233200654136623
0.8239973207743982
0.9992601204784543
0.8242223231481594
0.8190401355613459
0.8087472382083809
0.5601249841120829
0.27858611735322514
0.15128402958643572
0.1390038618554836
0.10617450110178482
0.12183405142363847
0.029220900442890982
0.02178690295393558
0.05944139126983872
0.12426692246544474
0.4909046339147011
0.6145559238276735
0.6523316786807214
0.5662602472368201
0.7559165230572303
0.5470376878317476
0.8029195172196594
0.8128827607990788
0.9992249443194245
0.8094728416031995
0.9992042073144625
0.8124270119390385
0.8031776160022034
0.7885876016143728
0.537526171995348
0.3165029997485147
0.19771685390876212
0.23085529244545253
0.22357570440781138
0.21087227844480244
0.1449434166234987
0.10109480419402142
0.15667968901592855
0.2656559818738299
0.651287303430626
0.7032659778076027
0.5504604921805263
0.7345592279427804
0.5937260298125951
0.6171189201905066
0.7822371421439315
0.7894538103525256
0.999142735005321
0.8076974456010759
0.8128471207237988
0.999239475227444
0.816723932372156
0.6839143504227534
0.654021711214337
0.3118896715219807
0.1878491737104352
0.18893836156812868
0.1687151647294702
0.15312330581008388
0.10767254405602447
0.08115529336977817
0.14193333072979983
0.2503469787801701
0.6334660047056774
0.7073659112426284
0.5786068562269961
0.758922188832537
0.6241852412547882
0.6444151949530192
0.8005305583147062
0.8109900851686422
0.8156683518270132
0.9992501236373206
0.8221347490879517
0.8243336870816338
0.8234336041977995
0.6856510788955258
0.5475062361012547
0.2986286809387826
0.18446264792687844
0.162928796153888
0.14048043253548256
0.1144523745610829
0.041422289239917726
0.0385831609306903
0.06995871523393282
0.20826771472066208
0.5479925411035226
0.3870409977074512
0.6756515101407117
0.5663353892598436
0.5978413419523978
0.7655943942351674
0.7761284093901868
0.7957668841671777
0.8107702756907116
0.9992754906244549
0.842325188333568
0.8501352376335145
0.8495860192198827
0.7324986740087601
0.612461002133247
0.35267502214377333
0.18475263170984135
0.13743938621185456
0.10312853712595685
0.12037687199092191
0.028783380072756742
0.018018200517891998
0.04641475048337982
0.1343927685995365
0.27518776982228643
0.45683735524836167
0.7138996514846695
0.6252165522841499
0.6457603183050682
0.8022034252601062
0.8164297872732768
0.8218221338470949
0.8295734629296088
0.9993669661886001
0.8454723299690124
0.8485853517178563
0.8439036578242136
0.7124507448289907
0.5917024462239454
0.3271105487209719
0.1504247172040753
0.09395608539056376
0.08444639746706228
0.12020325666590015
0.035617890381734296
0.026922301043351263
0.05312476889474193
0.10490988989691757
0.4172052261407549
0.4414996255034356
0.6646925237861796
0.553321982103364
0.5766893709212549
0.5914054940950829
0.7771884310133305
0.9991726983190378
0.8199203953268436
0.8241942160410093
0.9993367028390384
0.8413027508109889
0.835910512971247
0.7186539192115042
0.5877258623843937
0.30186968649767465
0.13506103013842613
0.08252059129970389
0.055731921089865216
0.06842925673448279
0.0005455237843431816
0.0
0.0
0.025455818424968503
0.3083561528052957
0.43371716587862036
0.6601893588357489
0.5334987462350304
0.5829144317474138
0.6214272154718486
0.7893393650942427
0.9991758945528889
0.8095835496270445
0.8254658531356576
0.999280527976206
0.8317698620114579
0.8423181099105911
0.8377113514604518
0.5842390913590906
0.31233743364287114
0.12791046609702153
0.07623465201841974
0.044969521322871235
0.05115736642281865
0.0
0.0
0.013729027274442543
0.04812666452913223
0.37184979552791486
0.6014770146775759
0.4736113902237484
0.6829809422770033
0.5369690902714367
0.5522705247354227
0.7322611033863295
0.7505488329125767
0.9989583585451737
0.771477643312977
0.7692309548418914
0.9990438744962259
0.7757265854797625
0.612350887885836
0.581041942243317
0.20576105610427764
0.12552906364506017
0.1017745926179504
0.07444146001052755
0.05991795877276988
0.0
0.0
0.0
0.026958104887569855
0.1859931143134421
0.49120900576642823
0.41760201931023944
0.6731260761566206
0.5568460859451916
0.5967202379034963
0.7732539433610767
0.7875143185489434
0.7943731405838579
0.99916612423741
0.8117666254060073
0.821933276152557
0.8238481718954919
0.693562089083303
0.5483075455771906
0.24822341922036534
0.08202726697436986
0.04687715038159918
0.022317608057517507
0.03858684980446032
0.0003711376814605803
0.0
0.0
0.005519987226185882
0.13610836474485524
0.26328652405245284
0.6147695646350505
0.5230245827436112
0.5575737711450212
0.5950702684049662
0.7756558253177669
0.9990541762263383
0.7821898843694982
0.7853819778666559
0.9991469775922134
0.8080344183135617
0.8032564124052317
0.564235088202467
0.6003274846510944
0.18340665863344568
0.05052795694964656
0.047736618817825774
0.01688300999104949
0.01844784260579715
0.0
0.0011855475098474983
0.04650856604323185
0.17633221790353615
0.5329475064995247
0.4522842867334866
0.4817829979409393
0.6846841807388587
0.5521063938432921
0.5706320387493165
0.7492189790825272
0.7624145596147589
0.9990347502149834
0.7934845799246051
0.9991783974465885
0.8151781042581099
0.691461807835892
0.6841605247838364
0.5428346293083431
0.31267666116092147
0.11165724711637103
0.07817691430186294
0.06192062892600034
0.06218674782546524
0.0006883507169652786
0.0
0.015943322652296612
0.050843668857070756
0.3022556481808008
0.37300157676468454
0.44200782570869235
0.691003186832594
0.5677108377756968
0.5726495024490417
0.7405757497344362
0.7818114601006771
0.9991304848715865
0.7960649554236895
0.8032857786086628
0.9991746495962083
0.6609642189511583
0.6568574749980634
0.5313780018500293
0.27083818231379
0.15567535044512995
0.1514562288786381
0.16338066990574054
0.11336841585968128
0.07479014965801098
0.07018503350601325
0.10407878159775641
0.2690797939675894
0.616644796177264
0.563991802780677
0.6105785451752519
0.777378283923993
0.5487841984277885
0.7934615734136703
0.8056223521884207
0.8110744655245258
0.8136355280843331
0.999259279970374
0.8263310797523381
0.830075279667088
0.8237363662796581
0.6886832855989917
0.5670573708486301
0.3598308262687144
0.2649312973956939
0.26309700998514385
0.25483178606764245
0.24673489930137213
0.18890629573455378
0.22089970547479337
0.22624186288827086
0.36726491911295744
0.709339559390855
0.59988061629903
0.770060248378716
0.6569675640809391
0.6647430370714026
0.6755622219628942
0.8093417981982584
0.9992044120003172
0.8149049225016579
0.8194166215047075
0.9992710040157433
0.8245595423424311
0.8207824103004928
0.8187094495275521
0.6717956564600355
0.2969223135040445
0.1760385623388877
0.15617279512580862
0.12833617889722185
0.14294489245306324
0.10595241393418889
0.0926783563462252
0.10773225020922754
0.1942722064225806
0.589538701436815
0.6989218859467006
0.7332941171941699
0.6056379772582128
0.7657599241825211
0.5478367859654941
0.8050282520465191
0.821053663139088
0.9992954736993198
0.8383190919577888
0.8418994639833182
0.9993949067505996
0.8494531078071159
0.726724973658512
0.6902752164920674
0.35904275886055936
0.19259342519553138
0.17117889820191323
0.132808116800678
0.11356881021813973
0.06123749569811819
0.03175526134283481
0.06193391134877101
0.1997803634355669
0.5271083031934916
0.6739829604730708
0.5565207786640909
0.7383894464672709
0.586106551883318
0.5865434932191197
0.7538903551195643
0.7622629278640705
0.7661182171457763
0.9989849871236233
0.7769585205555878
0.7875724854307342
0.788764936905058
0.6441934782476454
0.5009295811944241
0.2557741022400405
0.1546461107658723
0.14411469211108602
0.12488563127593669
0.13440762911974674
0.04776897261081021
0.046641629403974975
0.06368707554089871
0.1428210140890926
0.5389432720055736
0.5072571855062592
0.7120624100530675
0.6106108600988928
0.6283205250688
0.6354319644617497
0.7829201382952429
0.9991146998033573
0.7984802979986794
0.8010843801134552
0.9991972694809161
0.8143384623558192
0.8129253991316999
0.5824095358185783
0.642225285731028
0.29260327929833185
0.1675074694146503
0.14798785496854897
0.12261304937875309
0.1264245283529372
0.03015178087080636
0.019245770905829223
0.04482669301981033
0.10091904920861011
0.39301668764734043
0.4188853641380043
0.6250714404862951
0.5000638986778493
0.5176713807665008
0.5368378228212709
0.7137300376669993
0.7191348580862781
0.9987076123394872
0.7276881856093423
0.9987536602445896
0.7554261000992516
0.776333736951357
0.5324009343364203
0.47874589525889844
0.3182782635645
0.17886886140021768
0.21975170482414202
0.2643870002759051
0.19815060010297064
0.15137569223087033
0.0974717306538643
0.13952398298969637
0.1937405981431671
0.5976073171188456
0.5372595876044675
0.5269909656884944
0.7025569747690413
0.5585138072876334
0.5885187850223398
0.7510438933227478
0.7591483766287523
0.9990395996031363
0.7878518003146916
0.7905298451700213
0.9991145146030181
0.6609060610941758
0.6509454765514137
0.4935210758135918
0.23086958835028215
0.10475289997141472
0.07802956379837503
0.0757570758789892
0.07771991534410654
0.013815956218159064
0.005191841649401163
0.041116546399366856
0.09087247293566722
0.44192323213288315
0.45109376388858996
0.4844991003952919
0.706164472697016
0.4845875406343472
0.7719955405562415
0.8032509102722731
0.8261038204829667
0.8422456816447126
0.9994026985142254
0.8557418543564369
0.8617679175078443
0.860535342207963
0.7436326629874829
0.6037490735158377
0.2955067921760478
0.14309154025426565
0.11961613389954565
0.1243428884831963
0.11417630661724938
0.048195206760250464
0.04634354312705668
0.09133327493073409
0.22129023707396894
0.5649251867506924
0.5162664447074791
0.5555893015151315
0.7774090321300607
0.5749805215775282
0.8206896358720394
0.831699603496232
0.8383404337826428
0.847331485689783
0.9994120428371573
0.8571608165891705
0.8575317247083458
0.8563252435362004
0.8480621133776786
0.694283208647855
0.32775049385653265
0.22782018984903663
0.23348452807324768
0.20373865062605032
0.17100485080920355
0.0836184142449992
0.12653581864078137
0.14611483005602183
0.25701311604195326
0.9979745928349172
0.5203416095222695
0.6893139030051554
0.5473938460826199
0.720545955746729
0.5846556406194544
0.6005417981286272
0.9991061016186689
0.8179229882964464
0.8284405501594464
0.9993270454206714
0.8398883676073454
0.8423197822615311
0.8355318348860593
0.6732718253358787
0.25297356125764314
0.10994031490193575
0.06620432600042575
0.029526859536503892
0.0412684240098138
0.0
0.0
0.0002533815487676634
0.029850058298162695
0.3487268477736696
0.6241845315339111
0.7010013232877154
0.6065896365448769
0.7638437744807937
0.5533302615671382
0.8009574597032305
0.8149363682121258
0.9993155295809295
0.8398448768310979
0.9993841609910293
0.8498498374202673
0.7341549316887259
0.72475581000371
0.5747897994121727
0.3413816736453826
0.13827916519149133
0.10748136277467803
0.07911790114608556
0.0674411216134494
0.0005522124834473484
0.0
0.0015023434896437357
0.025296419900134124
0.2525507710050413
0.37788315099856723
0.45593885400713474
0.6879920445017952
0.5669901009047905
0.5853997202725704
0.7337376377685525
0.7360257239573129
0.9987950142237593
0.7227781793428127
0.7077599112274349
0.9986423921488125
0.5461342423249725
0.5496915142628624
0.41188894805718007
0.15860109034012598
0.06422947539207614
0.06566568838508441
0.06466264775097001
0.07447821999580541
0.03556287444488918
0.03653643943534594
0.0872835751827169
0.1671887479697587
0.5417839610390182
0.5044525336261708
0.5458258087607629
0.7356945851182737
0.6049658120435786
0.636694673640633
0.7914253909979938
0.7902024578766942
0.9991300849415596
0.8096274482502355
0.8223912164452242
0.9993147418939055
0.7093467293250713
0.7145391279846754
0.5798553333839858
0.32436890977803773
0.1960829707134963
0.15513667073676118
0.14446672602952096
0.11634158738742419
0.04791458490351807
0.02334516384205093
0.062275106050797946
0.11724799092614178
0.5171924711664592
0.513220670035239
0.5915125383842346
0.7924602875479767
0.6656558565794282
0.7016696566721761
0.8375999218566311
0.8399015695421724
0.9993893616822778
0.8546634245579947
0.8586465132501468
0.9994504181553766
0.7502716396594067
0.7328188465222031
0.5959678239728996
0.3388257249209249
0.10588496443897905
0.07503204962386816
0.06384600856237821
0.05193067743788896
0.0006060797810555462
0.0
0.0
0.022796575550795502
0.2657663252455286
0.3552813601811968
0.479818502562228
0.7160033788017827
0.6116520903304363
0.6473555657155108
0.808578062836582
0.8158635837497834
0.9992613833481573
0.8275476569140614
0.9992958999071009
0.8352212688875815
0.7270650607771784
0.7027455900146409
0.5259046361440097
0.26474773765335347
0.045981526382372406
0.028017520998430304
0.005733968796996717
0.0002623209105480011
7.582408801678948e-05
0.0
0.0
0.0
0.0030816152113077935
0.1126009292824366
0.3124817228617464
0.3004100281070495
0.39303915182398813
0.4171749668406597
0.6290625802193298
0.6429849963321913
0.9986025910579938
0.7526234688998221
0.9988811639724489
0.7608851410761223
0.7642207273643544
0.7429352130796268
0.4175143079904985
0.08671472748370972
0.0
0.0
0.0
3.875604923746736e-05
0.0
0.0
0.0
0.0
0.0013874434077455694
0.1594041143294052
0.42071268382743865
0.35028256616037323
0.5887411756752662
0.3530069490407544
0.6522064688875691
0.6804284757156882
0.9984330220716789
0.6823168630698575
0.9984591665526923
0.7011813204714449
0.706927593664709
0.7087417162878513
0.3904111421034355
0.0862250341249292
0.0035137416270011467
0.0003085559436080992
0.0
4.6126508425993227e-05
0.0
0.0
0.0
0.0
0.0023573415756105156
0.0056746541218551955
0.05517474809221299
0.15036526170252862
0.35319616296214246
0.20786607783026756
0.5181900478259457
0.5659344966843999
0.9978896512677617
0.6399752535206295
0.9981644625216747
0.6543896003570818
0.6486208278595801
0.3662486968362332
0.28690514601587
0.034189888081245075
0.0
0.0
0.0
4.94096849674643e-05
0.0
0.0
0.0
0.004137624307227979
0.18081753855726257
0.27779131560812476
0.5507649143525272
0.4778482835033226
0.5326097413977825
0.5830299787659474
0.7752714534457253
0.999203574604508
0.8261935003610306
0.833179491701087
0.9993583935114005
0.845026561665116
0.8443098728524884
0.7250247015195151
0.6003477502876633
0.3752827871280685
0.2550901810684049
0.24556697062630242
0.23165677034146823
0.22952092645868563
0.2092765971274354
0.25223475198967665
0.2545216975253738
0.46023732736815853
0.7477160979211427
0.6555175347096406
0.6747462404668229
0.8233058320607682
0.62271978361128
0.8395819407185255
0.8485783182611424
0.8575171498734024
0.8622874631462963
0.9994788984605344
0.8696990664675681
0.9994985930535832
0.7713158188066433
0.7625800705033802
0.6435073074817415
0.4168345516904467
0.2915280790672948
0.2566008338728083
0.2504089655656148
0.18557636569140004
0.17497877954167776
0.12188074145421587
0.16115526467121158
0.27310855788880156
0.6995103697710778
0.6442009770062403
0.6735730854890903
0.829781233483295
0.730953002143358
0.7441898790299335
0.8598390294809964
0.8661760901811574
0.9995042059275959
0.8793019437422028
0.9995466158568477
0.8839734873165326
0.881483103302274
0.6994340949799592
0.7512515965256702
0.4384033074052944
0.2758900109549277
0.1908091047144179
0.10280042723291458
0.10577896292251017
0.028742229351594942
0.02614794235623999
0.05505501383658563
0.14935976776492754
0.3473112349995747
0.49731183287238373
0.6745072526831224
0.5570134277153111
0.5788123644050004
0.7527751003715109
0.7552723359436327
0.7520968428324362
0.7632192013188521
0.9990211239255489
0.7812003078707924
0.7886113176538774
0.7852698612208014
0.6409584415311298
0.48678884183474264
0.22644583900209034
0.13790235634959008
0.14467051873549058
0.16046493145050472
0.1277225785048746
0.12969392144092234
0.1267371769496463
0.1941069123049905
0.2964703014315477
0.6376143956528958
0.5345569157067109
0.7014459465326855
0.5897566089456652
0.5737701212184534
0.5758459830419631
0.7306721540893727
0.7303455968406004
0.998865624469907
0.7670221190415046
0.999011273576121
0.7809691393701192
0.7848754474360496
0.7704041869478405
0.5981550508264645
0.2190641240149962
0.10753656095147326
0.13235971037150016
0.16689853352382697
0.2419583926185062
0.2004068719644059
0.20534221606919562
0.1981955730765183
0.3862843616616155
0.685427857174552
0.7331162496093305
0.6184338342482496
0.785901370617928
0.6671161575667145
0.6888018494897644
0.824091591735915
0.8237724549242516
0.8236487416104272
0.9993575784876845
0.8527369516774436
0.8536267032295722
0.8465282093472274
0.8362460493327544
0.7031015711043382
0.3621926307927921
0.2746338057984256
0.2500817916488457
0.23669768269349026
0.22139615085485523
0.16540327349853803
0.0957504467061366
0.11045982851182934
0.17774045506701272
0.5670070615805834
0.6752410475931001
0.732134616192592
0.6226667261648278
0.7850095242846848
0.5710472938822954
0.8152307646285422
0.8152457277505081
0.9992205218844658
0.8226684993731143
0.9993082669623665
0.8479565949096389
0.8460956777337474
0.8377544902944516
0.5835945723894022
0.29089012548249
0.12252395711964655
0.08728190905317194
0.04947906239961533
0.05389097858200365
0.0
0.0
0.0008596542486147319
0.04386904830290385
0.32332520010207755
0.5773041836170136
0.45565769234503356
0.6561986959313969
0.4999819955928416
0.5398835631825171
0.7320223403106776
0.7638887993486182
0.7794093319768131
0.9990869533837545
0.7981656828975898
0.7891262999764914
0.7883748489358791
0.6229510015794792
0.43840819788051943
0.19759623564289489
0.07220300751908854
0.026735733453629337
0.0
6.120316151364583e-05
0.0
0.0
0.0
0.0
0.05883331468461717
0.16199363315910853
0.41949543820116586
0.36566537875065036
0.38869133372582215
0.6329006073714534
0.7110175939192946
0.7315640833220214
0.6695785709844586
0.9985882021720233
0.737044486994549
0.7569325349249684
0.7793245510356638
0.6255727418985547
0.38549900366149553
0.04131690225232868
0.0
0.0
0.0
5.784366702469168e-05
0.0
0.0
0.0
0.0
0.0
0.04064830260159506
0.31222840749945446
0.36552048936913156
0.36811032244125047
0.4380711012242847
0.9985621174871845
0.724198962663619
0.7518807540356442
0.9989026269343491
0.7647935259143225
0.77577007837254
0.7810968670537428
0.6226184298309592
0.3924323331627405
0.04368486191467529
0.0
0.0
0.0
6.105993816985113e-05
0.0
0.0
0.0
0.0
0.0
0.036796125757681764
0.2959712645128002
0.30699969507949
0.3963004044613921
0.6353135641435445
0.6595109373769107
0.6749300555802527
0.7071757036828717
0.998744332389157
0.7449908653147399
0.7587596970426345
0.7625069168040023
0.5992465077310795
0.3974535146720509
0.048741817601280324
0.0
0.0
0.0
6.680846643297451e-05
0.0
0.0
0.0
0.0
0.0
0.0029594805681539445
0.08277442993443528
0.16093255818467067
0.26919786074096413
0.5050426458499061
0.5678318557244891
0.6068533527063821
0.6504785738026593
0.9984303752660196
0.695308289986672
0.8094676351028082
0.8331113644329272
0.5491389353209207
0.48113618305304645
0.08164330034669075
0.0
0.0
0.0
7.014747805734424e-05
0.0
0.0
0.0
0.0
0.0
0.011510433388508998
0.09598989206183575
0.456323356887753
0.352666220026185
0.36834140877859367
0.58182206436405
0.6278687851389192
0.6509237389761812
0.9983388370629827
0.7018085739976017
0.9986130696377146
0.7047755522896318
0.5347393244130408
0.4608634549934721
0.03258921566132519
5.32877064652974e-05
0.0
0.0
0.0
0.0
0.0
0.0
0.0
0.0
0.012891052408802797
0.06468764579028685
0.32988131655790237
0.2869206180792084
0.39365587652121325
0.6174329432880735
0.6481031220038825
0.9982479959326778
0.6910289913493138
0.7209605104091459
0.9987530214572696
0.5724134167371281
0.5424700693864916
0.30171701471512197
0.008226001078406214
0.0
0.0
0.0
0.0
0.0
0.0
0.0
0.0
0.0
0.0
0.007437269310842331
0.1539775898976062
0.16906381405102497
0.2604958434396247
0.532265459240944
0.9972330887133033
0.5768544112848981
0.6193806000690266
0.9984358522072735
0.7025617895289851
0.6865679634621906
0.46384885299482614
0.20862517376976852
0.00046904811286170654
0.00011644683569621877
0.0
0.0
0.0
0.0
0.0
0.0
0.0
0.0
0.0
0.003132527762894103
0.1696783573136576
0.12292684354608856
0.3894667343628795
0.46008288453972673
0.5080616667820832
0.9971682210088454
0.5747522038686812
0.6010675518622941
0.9981121208100316
0.4726775672425899
0.42414349404751894
0.2584477862686234
0.041583516086367615
0.0017624884681286348
0.0032747683305758848
0.0
4.996602819098607e-05
0.0
0.0
0.0
0.0
0.0036661745350531454
0.12188357221378404
0.4124075806229213
0.33033791241484395
0.3362024219325286
0.39878140893605585
0.9978394774862126
0.6112602554820317
0.6325922143656268
0.9980439690604507
0.657010758922899
0.6752585195792151
0.6915864490273635
0.5289388436534397
0.37323365656998286
0.14144942896095772
0.019165585127258737
0.010176602298532362
0.0
5.287544537005069e-05
0.0
0.0
0.0
0.0
0.0
0.06715330345201113
0.1470761697750535
0.4366926542718423
0.3274290010545968
0.38338966351782167
0.6403700230806635
0.9984917845962782
0.7086289830776771
0.7379157892926008
0.9988888055928
0.7676718363419531
0.7686991788232175
0.5935348637847762
0.3925386118932828
0.07587361883091245
0.0043320140915435006
0.00427621926538574
0.0
7.525644533077497e-05
0.0
0.0
0.0
0.0
0.0
0.07891196437160237
0.1800360456012863
0.5200924476081451
0.3980126092036633
0.4719770178580494
0.70082934341163
0.7222041845560281
0.9988915077872744
0.7796118624170809
0.999128063030969
0.8019270319387715
0.7993860772639919
0.7927473543766606
0.5675543700543504
0.11986646601424462
0.013656139855903825
0.0017600345969343658
0.0
7.60589857452055e-05
0.0
0.0
0.0
0.0
0.0
0.14389225339689704
0.18517514936843094
0.4612764080651127
0.3482506427980299
0.40350075369265664
0.6463664950259658
0.6708148056600884
0.9984743611947452
0.7246916972204757
0.9988582805767928
0.7489037131553121
0.7394900989491819
0.7278325479658803
0.48942183485275115
0.09407420342184615
0.027232346332023965
0.02458119053298662
0.009099251795315294
0.015897655626898863
0.0
0.0
0.0
0.0
0.9639366824505097
0.2337889719119416
0.5188745515537849
0.6059443944415583
0.48450999623008334
0.540745392339846
0.7418978416258495
0.7675730674824364
0.9990432746802114
0.7991767065248497
0.8147693073065013
0.9992219742951576
0.6764518083774667
0.6669268547368276
0.5741045085118504
0.16758987905269063
0.04565245790817274
0.03818365520843767
0.012656171936796174
0.013137548013875117
0.0
0.0
0.0
0.0
0.05057188950086219
0.2608551551836809
0.3222493821926705
0.6099646855258581
0.49632435570250044
0.5435250396070971
0.7465863064793052
0.7634784277074482
0.9990493162289651
0.7960491657670815
0.9991675145430576
0.8150692048687448
0.8158873289284768
0.664889864307209
0.5040726038416601
0.21962348695602096
0.09636958855062222
0.05692831537853769
0.02075760630528415
0.03011646705660637
0.0007893690758616343
0.0
0.0
0.0
0.0
0.0930396341806146
0.24869384973606373
0.31987951419634597
0.3733290733045616
0.3859756831652757
0.9976157999154343
0.6350772086307962
0.6620374445779476
0.9983183155010582
0.6732735448431397
0.6679599250267273
0.6066439959584738
0.36151701642374945
0.23485673007069036
0.04420721310469204
0.001915010215090158
0.0
0.0
2.550928744365703e-05
0.0
0.0
0.0
0.0
0.0
0.014614974318773295
0.14680371731535874
0.3851455066562552
0.316107211308544
0.3859874106530888
0.6147274062847499
0.673468357199192
0.9986938896419975
0.7348599150503805
0.9987693856743503
0.733180660429811
0.7371263540948507
0.56823125335904
0.3481922974279804
0.02710376942649054
0.0
0.0
0.0
6.397787184480634e-05
0.0
0.0
0.0
0.0
0.0
0.0
0.009811520581801333
0.04745926111680444
0.07632407998000348
0.16431214794489965
0.1790053408301844
0.1939504189308195
0.1745563424888962
0.9736199502810169
0.1160404755079826
0.9734754739290031
0.04237933099929851
0.0361746060871801
0.00022104971873160675
0.0005587888461705876
0.0
0.0
0.0
0.0
0.0
0.0
0.0
0.0
0.0
0.0
0.0
0.003667727094951189
0.0
0.0
0.0
0.0
0.04270828028445233
0.9198229887220386
0.04370674917154587
0.13324249820146133
0.978871932778224
0.041916363311895244
0.0
0.00045162049772230956
0.0
0.0
0.0
6.44820883248297e-05
0.0
0.0
0.0
0.0
0.0
0.15846302512251284
0.15190966631610534
0.3613491165271545
0.239708159018479
0.2967017102472762
0.48021175457616677
0.9967339691968066
0.5500446120294817
0.9974340798067896
0.6058506147492991
0.6145092769867441
0.6109274436592596
0.432584978175679
0.08574067355261797
0.004042756916386095
0.0
0.0
7.043086171647804e-05
0.0
0.0
0.0
0.0
0.0
0.0046553447267572885
0.0
0.0014294524603286403
0.1344065628304582
0.1817719200518428
0.4466605610422098
0.5425991659664033
0.5594234083889182
0.9979392052353132
0.6695670977688152
0.9983459099185521
0.4804622436920432
0.473768489569331
0.4128335545203374
0.049341777802566114
0.0
0.0
0.0
6.860850030592576e-05
0.0
0.0
0.0
0.0
0.0
0.0
0.0
0.003950540346308206
0.009105540432443519
0.12183797252041084
0.16323283852823092
0.20846773048569295
0.9940093744701465
0.39411721025355
0.9954476450106593
0.45689159126556955
0.4286044263516667
0.2443365465595473
0.13815029444730914
0.00598833075462159
0.0
0.0007712341968219965
0.0
0.017526868797956698
0.0005761847183504738
0.0
0.0041640924039538394
0.0
0.023681787102160658
0.4086732786938246
0.38344570545419515
0.6356779848893959
0.4950274630410838
0.5296964023908052
0.7072063773981997
0.9985536622204385
0.6900326410505392
0.6883945986425261
0.9985688640938064
0.7194137087108827
0.7213947283079579
0.5555914543963353
0.4162384895036389
0.17981877789169493
0.04225362078848843
0.03638339493796342
0.011330924877000367
0.004652001660501415
0.0
0.0
0.0
0.0
0.0
0.08673467795962314
0.23371957128859086
0.2684746630474651
0.3248740255209265
0.5300075013174994
0.6026423712855995
0.6152104589659076
0.9980088148423396
0.6565428140106816
0.6803947731524885
0.9985614517017751
0.7125380502474935
0.4626673830132172
0.4808367990037966
0.14695304868559553
0.045498632138646224
0.04804605592192216
0.021666993322106583
0.020955916550587577
0.0005479467039834693
0.0
0.017645123558678366
0.13149970979631884
0.42863238015017957
0.45221951473766125
0.46615175138590637
0.6754086381621957
0.5300856893088439
0.5570993073039523
0.7405953009121836
0.9989047408018228
0.7744313716888507
0.9990688593618354
0.7769815179425087
0.7786586936708444
0.7687855389379941
0.6067035223700714
0.5544497793265146
0.21922285477900372
0.11461268737767746
0.12291834593296586
0.07853949557595784
0.07945628818898719
0.002664418497957118
0.002705480866594432
0.030871462722228314
0.03841455477111784
0.14280026300046855
0.2236206881852556
0.5107467296396198
0.596702063157376
0.4517998870372243
0.5323017118939606
0.7421746525744143
0.9989146683505005
0.7759892213517021
0.7860685791642092
0.9990980803246368
0.7920545932239296
0.7934128508323558
0.7854431126486905
0.621542834434595
0.307955548105559
0.21350609565720732
0.2013749641558665
0.16806824407235615
0.13970641282398544
0.03253392853775618
0.007321504718967761
0.04321230132914632
0.12650567107489
0.4864996620158142
0.6194501798363655
0.6520944588588352
0.6899776742539508
0.5538338148119026
0.5737308146681659
0.7547982773653471
0.7743400523114112
0.9990543519544538
0.7894238241018504
0.9991510990042488
0.808607668834386
0.8213930444890718
0.8064832678540512
0.6479987965393169
0.3165861155048768
0.16360076911656093
0.14444184021996728
0.10552649020450579
0.07277476136829719
0.0006871434186990014
0.0
0.02657124747931556
0.05090384947091554
0.2690996500823628
0.5384550403050047
0.6015069771958486
0.4677506642405777
0.6787531775937623
0.578883273772754
0.7700203237550809
0.7881270042340982
0.9991778189209208
0.8120124307593395
0.8276779281574839
0.9993423839396778
0.8297295480459834
0.6952280908691596
0.563888676102141
0.3391370642461633
0.15551042892165462
0.11369990196441561
0.06939772835893884
0.06715159355227303
0.0005537238047471681
0.0
0.0
0.01809964611494871
0.14759478623169847
0.23039266302837855
0.5142680430627887
0.4232812860216748
0.44261648574250556
0.6440046917241264
0.6843473682471105
0.7051046945464111
0.9988872171084316
0.7799369846111106
0.9991417308159825
0.8188810737875174
0.8144042689849346
0.6817253072173755
0.53448642477899
0.30126595631337594
0.1337831071299678
0.09119969462203022
0.06246329317487125
0.05820291281295804
0.00038365267526213793
0.0
0.0
0.0
0.025886761263044664
0.27022870296218277
0.30221261766413
0.5552473663310254
0.44761848981687197
0.5337951231999987
0.9987350897289786
0.7543405791327286
0.7757905324680174
0.9990621373863702
0.7923503475571232
0.9991711328346906
0.6828030178492133
0.6732292984194761
0.6301670232701474
0.25225375324183563
0.12223613724889752
0.05217388045186033
0.019646776813918517
0.0129175718585762
0.0
0.0
0.0
0.0
0.0
0.03996495104829914
0.21053333500909824
0.385954178751645
0.37942795277403657
0.46955910871977374
0.6793172467692319
0.6972041867534091
0.9988544104124982
0.7745285249168508
0.9989245032611987
0.7670634368268207
0.7764546036441787
0.6509590040675798
0.4802877526097493
0.2016194848562941
0.04122031979161715
0.031045286301031347
0.0012969484283965407
4.1567290757256105e-05
7.843398903571853e-05
0.0
0.0
0.0
0.0
0.001467523630595692
0.05345614361450323
0.13810869124397396
0.24674692810624124
0.5385112407931634
0.6219407945365538
0.676791611913872
0.9986836563598536
0.7335003722008084
0.9988435895414189
0.7584738565557974
0.7677108329856055
0.6310564502550489
0.44220147168848956
0.1494266082775343
0.011882843201226458
0.0039331792474225115
0.0
3.93949691666735e-05
0.0
0.0
0.0
0.0
0.0
0.0
0.0018783455116051404
0.03857153558893484
0.13372691721151525
0.4340245445938338
0.5339588099056095
0.546078140809803
0.9977309771453522
0.6576398981674121
0.9984701162617653
0.7002827126824556
0.7009668101759896
0.6941232214664788
0.4763194869456706
0.08728814685487085
0.001414950451356427
0.0
0.0
6.492430540737036e-05
0.0
0.0
0.0
0.0
0.0
0.0019886001835998078
0.0
0.0016227019347915754
0.0
0.0016161218223011988
0.06394441616041857
0.29437670429849855
0.9971455361080402
0.6164601981229664
0.9001916535866392
0.6875891812366199
0.6327504671716149
0.6270897066688186
0.4107939738139218
0.06849879015782995
0.01761880969043745
0.013850670901317932
0.0
6.780244459044756e-05
0.0
0.0
0.0
0.0
0.0
0.005352825044369346
0.0027435761833588005
0.19268498539453638
0.4018845664197203
0.3476296828884022
0.5663211618791335
0.5637698960416163
0.9978441545553156
0.6522715800118668
0.9984662397546992
0.7210944370641645
0.7276368835101603
0.5735268904172708
0.36931731518102745
0.08573756107743549
0.004318347857650467
0.0004703036177167709
0.0
6.994098717270339e-05
0.0
0.0
0.0
0.0
0.0
0.0
0.006310990750643218
0.004559916651280132
0.15808302721928438
0.20373728243870526
0.47438367296687595
0.996966734237375
0.5426109868497029
0.997621813093931
0.612896823458546
0.6074761036733443
0.5977480816771882
0.4111100658963037
0.332290848216036
0.011012030879718348
0.0
0.0
0.0
4.221611484372552e-05
0.0
0.0
0.0
0.0
0.0
0.012124618741240534
0.05742502395195417
0.3202128349024378
0.30628628987965617
0.5534327566210445
0.6175806873334162
0.6497497975730167
0.998456114786188
0.7208872770196914
0.9988277915574315
0.7564491182607189
0.7524236830630716
0.6001856917291869
0.4376943081769659
0.2283781024859978
0.09628142435358712
0.09169055657142705
0.07907219146971815
0.06518574081928975
0.0003353277670978265
0.0
0.0
0.0030525611197707893
0.09315989340184723
0.3115511600807025
0.2693138555556479
0.5208967033043086
0.4326938198438332
0.6592632473156151
0.6882434178694433
0.7036623768239582
0.9985287146855939
0.7078943723838127
0.9987468312897437
0.7379870478997931
0.7348629476166928
0.5813303149587704
0.42161997960767644
0.20463699971453642
0.061363378455191034
0.055437936721107015
0.019455646080715497
0.009244663919315424
0.0
0.0
0.0
0.0
0.0
0.054228539320010594
0.12840742676110303
0.4095530403486087
0.3352575245568078
0.5875941247660345
0.639469777243506
0.6499299864297112
0.9981652742033004
0.6712590885554772
0.998472356896743
0.6935191085205629
0.6803042895569379
0.5198966818356694
0.321655729803623
0.035110301498642305
0.0
0.0
0.0
6.447113376020162e-05
0.0
0.0
0.0
0.0
0.0
0.0
0.005336835322839602
0.026075346130829336
0.02613429009222329
0.035728632849878574
0.0059555173493503945
0.0
0.0
0.0
0.0
0.0
0.0
0.0
0.0
0.0
0.0
0.0
0.0
0.0
0.0
0.0
0.0
0.0
0.0
0.0
0.0
0.0
0.0
0.0
0.00014269418472159583
0.0
0.9332133088877349
0.22937031721929366
0.9952846999079112
0.4449482172256954
0.5151522316149969
0.5915728460338189
0.39621131973333495
0.07270319957953666
0.012511390640025707
0.017925274076633513
0.0
6.977868772693349e-05
0.0
0.0
0.0
0.0
0.0
0.005550437119976283
0.0066339182134377605
0.12292362203802779
0.13274851492561457
0.24397406873409316
0.4756924035387719
0.9967791311604709
0.5269823686137651
0.9971054449741426
0.5670323510075967
0.5849352336768592
0.567601712438682
0.367629327433103
0.2849969930615446
0.004898285883294819
0.0
0.0
0.0
3.889114105837141e-05
0.0
0.0
0.0
0.0
0.0
0.0
0.0
0.008421766883847145
0.004038067964049288
0.14998547290436606
0.2916081364220815
0.4419127450560258
0.9971119236072481
0.5917931835353316
0.9980728651254621
0.6598526443994011
0.6474008566152427
0.483334646328584
0.38935062670687604
0.013513746198917473
0.0
0.0
0.0
0.0
0.0
0.0
0.0
0.0
0.0
0.0
0.0
0.0
0.0
0.0
0.0001393031911242445
0.12094596553892169
0.9920072938246792
0.4866185697160451
0.9975408892727434
0.6089673165971999
0.6242918134656414
0.4343370811174811
0.2752401495602984
0.0
0.0
0.0
0.0
0.0
0.0
0.0
0.0
0.0
0.0
0.0
0.0
0.008436822070266359
0.0
0.06938524428731921
0.16261397080055903
0.2931479776823623
0.9966782104332752
0.5135106617777645
0.9967784467535835
0.5345021294607402
0.5529308483163025
0.3599881989539875
0.24292889381148025
0.0
0.0
0.0
0.0
0.0
0.0
0.0
0.0
0.0
0.0
0.013598909301446386
0.2782602818015858
0.34589032442033285
0.5583248616637504
0.4051650356028341
0.6213915098226963
0.9980049128386375
0.6798424604918577
0.9986138490421608
0.7151553903997571
0.9987274260679159
0.7209301213418974
0.5482648718241547
0.3633372835151049
0.0941746499703063
0.0032930441093029818
0.0
0.0
5.0713214954277895e-05
0.0
0.0
0.0
0.0
0.0
0.0
0.0
0.004550435223055524
0.0
0.11286326095929898
0.32293674606685685
0.41261361779140127
0.9962814680811478
0.4999645164265738
0.9975263794960944
0.6202649995355538
0.5844867005962017
0.5390877484911317
0.4427592713503726
0.00016331007221656555
0.0
0.0
0.0
0.0
0.0
0.0
0.0
0.0
0.0
0.0
0.0
0.0037922563985061035
0.0038116840870857857
0.015588306666997023
0.12779939578796937
0.990206823977866
0.3790244458381966
0.9969155504755723
0.5957232590907328
0.9979878287649516
0.627584243344638
0.6233467556018217
0.3098650611669066
0.0
0.0
0.0
0.0
0.0
0.0
0.0
0.0
0.0
0.0
0.0
0.0
0.002906630455851803
0.0
0.0
0.008370737900623393
0.12170357408371624
0.981758857850687
0.15642610757727915
0.9932569063602797
0.3759948480314633
0.3728072814578553
0.21091963104228653
0.09416322052793548
0.0003863240473915099
0.0
0.0
0.0
0.0
0.0
0.0
0.0
0.0
0.0
0.0
0.0
0.0
0.0
0.0
0.00014539237891025836
0.0
0.9203812854698865
0.19599053620300624
0.9932769289586842
0.4172437013735387
0.4652047573580946
0.2835070797297047
0.13485966922976916
0.0003321498176624771
0.0
0.0
0.0
0.0
0.0
0.0
0.0
0.0
0.0
0.0
0.0
0.0
0.0
0.0
0.0
0.0
0.0
0.0
0.0
0.895869707032103
0.012341554999215455
0.01048527047074494
0.0
0.000541332637271104
0.0
0.0
0.0
0.0
0.0
0.0
0.0
0.0
0.0
0.0
0.0
0.012660762126806249
0.02132418515084671
0.16043672480291635
0.26345606634084706
0.3899369859476444
0.9961578229556964
0.5010608592422141
0.9971073876624332
0.5938734126851037
0.5828222401822344
0.3926659744269426
0.30698616903802367
0.009168327725378919
0.0
0.0
0.0
6.281726274301637e-05
0.0
0.0
0.0
0.0
0.0
0.0
0.0
0.044184933555546445
0.1498669616087664
0.16358324226660467
0.9931638080254981
0.4354888059851651
0.9962716110070553
0.5336578096981416
0.9978359582737186
0.6746920334643979
0.6814162576958019
0.4602027968097162
0.325005583822515
0.010323757080600543
0.0
0.0
0.0
7.432895960591674e-05
0.0
0.0
0.0
0.0
0.0
0.0
0.0
0.0021752992954329185
0.012017001216585716
0.03691160253080482
0.9772858149934557
0.2966432230410735
0.4926821610622014
0.9973934012723382
0.9976163144069691
0.611352016561289
0.6376542039697546
0.6346272823601179
0.3467799959584659
0.0014488752225324353
0.0
0.0
0.0
0.0
0.0
0.0
0.0
0.0
0.0
0.0
0.0
0.0
0.0
0.0
0.0
0.0
0.024165950199535616
0.9791167861470826
0.27615383949854605
0.9955551078502324
0.4789810154877447
0.49108804111578064
0.2317991018713783
0.0
0.0
0.0
0.0
5.943112665173038e-05
0.0
0.0
0.0
0.0
0.0
0.3900667965662881
0.060079485002668784
0.35409271166677175
0.3679170707817062
0.2913154427271733
0.5373774198845547
0.9975996527735637
0.6461365435658544
0.9984339656290244
0.7230308700775536
0.9985633267435904
0.6460010232441854
0.5075655163203083
0.38836378114891296
0.012573524378404463
0.0
0.0
0.0
6.986162426639713e-05
0.0
0.0
0.0
0.0
0.0
0.0
0.0
0.03428387204588446
0.10414200993436504
0.23111747261162532
0.2568874319438554
0.3337188046108742
0.9946439941731884
0.43394079503732447
0.9964704126422191
0.5154362326542338
0.4941828678837936
0.2971308622616425
0.2232208461069284
0.001076666773768558
0.0
0.0
0.0
6.840214388953169e-05
0.0
0.0
0.0
0.0
0.0
0.0
0.0019576180930047085
0.0058509028855308004
0.13052053370626562
0.18904031409780725
0.8108874257291501
0.5607760028841756
0.5214940326738724
0.9974759291256367
0.6497905601058525
0.9327753517788859
0.6639429954023437
0.4753914699690932
0.30382158130235487
0.0
0.0
0.0
0.0
0.0
0.0
0.0
0.0
0.0
0.0
0.0
0.0
0.0029891703056399966
0.006078172434057104
0.02563142871941095
0.065837575657781
0.984373288648323
0.3386470631986864
0.9946205932584444
0.47474419233911885
0.9969842969694641
0.509989779054695
0.3479851966135719
0.2041367719562125
0.0008439547750539281
0.0
0.0
0.0
0.0
0.0
0.0
0.0
0.0
0.0
0.0
0.0
0.0
0.0
0.0
0.0
0.0
0.0
0.0
0.8542603809186791
0.1500231508663715
0.1927651873080523
0.09055427139130205
0.0
0.0
0.0
0.0
0.0
0.0
0.0
0.0
0.0
0.0
0.0
0.0
0.0
0.0
0.0
0.0
0.0
0.0
0.0
0.0
0.0
0.0
0.0
0.0
0.0
0.0
0.0
0.0
0.0
0.0
0.0
0.0
0.0
0.0
0.0
0.0
0.0
0.0
0.0
0.0
0.0
0.35515210114012846
0.0
0.0
0.0
0.0
0.0016545765789902237
0.0
0.0
0.0
0.0
0.0
0.0
0.0
0.0
0.0
0.0
0.0
0.0
0.0
0.0
0.0
0.0
0.0
0.0
0.0
0.0
0.0
0.0
0.016898577634464274
0.0
0.0
0.0
0.0
0.0
0.0
0.0
0.0
0.0
0.0
0.0
0.0
0.0
0.0
0.0
0.0
0.0
0.0
0.0
0.0
0.0
0.8166444871186467
0.9448079503918161
0.10081743248520794
0.16731659845713698
0.10676509903574552
0.03339088318813995
0.0005146248034333672
0.0
0.0
0.0
0.0
0.0
0.0
0.0
0.0
0.0
0.0
0.0
0.0
0.0
0.0
0.0
0.0
0.7281006152053393
0.1151206766820809
0.9854038036985797
0.371176955125363
0.43155319470598386
0.40236119287362143
0.10958687975585622
0.0
0.0
0.0
0.0
8.381484199475237e-05
0.0
0.0
0.0
0.0
0.0
0.0
0.006168217116645805
0.00512139857652676
0.03607589909056615
0.2773821394593171
0.48544055748570203
0.5688522377772328
0.997818724062936
0.9980902045166887
0.6557390561897198
0.9983722461573777
0.6971575719870747
0.49133486144449956
0.30600917948326456
0.0
0.0
0.0
0.0
0.0
0.0
0.0
0.0
0.0
0.0
0.0
0.0
0.0
0.0
0.004293638032336592
0.9328824034340945
0.07927513562357215
0.9887567497463787
0.3834491590302652
0.9949672368685732
0.4623722948594993
0.49112954605132375
0.39457888464445773
0.033165655350959486
0.0005258821660773486
0.0
0.0
0.0
0.0
0.0
0.0
0.0
0.0
0.0
0.0
0.0
0.0
0.0
0.0
0.0
0.0
0.0
0.0
0.0
0.0
0.0
0.0
0.0
0.0
0.0
0.0
0.0
0.0
0.0
0.0
0.0
0.0
0.0
0.0
0.0
0.0
0.0
0.0
0.0
0.0
0.0
0.0
0.0
0.0
0.0044935480342480445
0.04569113112812294
0.0
0.0
0.0
0.0
0.0
0.0
0.0
0.0
0.0
0.0
0.0
0.0
0.0
0.0
0.0
0.0
0.0
0.0
0.0
0.0
0.0
0.007157056901030388
0.9425250938471128
0.018280449561612074
0.0
0.0
0.0
0.0
0.0
0.0
0.0
0.0
0.0
0.0
0.0
0.0
0.0
0.0
0.0
0.0
0.0
0.0
0.0
0.0
0.0
0.0
0.021863331311557828
0.00344710888424138
0.0
0.0
0.0
0.0
0.0
0.0
0.0
0.0
0.0
0.0
0.0
0.0
0.0
0.0
0.0
0.0
0.0
0.0
0.0
0.0
0.0
0.0
0.003646554920234612
0.0
0.0
0.0
0.0
0.0
0.0
0.0
0.0
0.0
0.0
0.0
0.0
0.0
0.0
0.0
0.0
0.0
0.0
0.0
0.0
0.0
0.0
0.0
0.0
0.0
0.0
0.0
0.0
0.0
0.0
0.0
0.0
0.0
0.0
0.0
0.0
0.0
0.0
0.0
0.0
0.0
0.0
0.0
0.0
0.0
0.0
0.0
0.0
0.0
0.0
0.0
0.0
0.0
0.0
0.0
0.0
0.0
0.0
0.0
0.0
0.0
0.0
0.0
0.0
0.0
0.0
0.0
0.0
0.0
0.0
0.0
0.0
0.0
0.0
0.0
0.0
0.0
0.0
0.0
0.0
0.0
0.0
0.0
0.0
0.0
0.0
0.0
0.0
0.0
0.0
0.0
0.0
0.0
0.0
0.0
0.0
0.0
0.0
0.0
0.0
0.0
0.0
0.0
0.0
0.0
0.0
0.0
0.0
0.0
0.0
0.0
0.0
0.0
0.0
0.0
0.0
0.0
0.0
0.0
0.0
0.0
0.0
0.0
0.0
0.0
0.0
0.0
0.0
0.0
0.0
0.0
0.0
0.0
0.0
0.0
0.0
0.0
0.0
0.0
0.0
0.0
0.0
0.0
0.0
0.0
0.0
0.0
0.0
0.0
0.0
0.0
0.0
0.0
0.0
0.0
0.0
0.0
0.0
0.0
0.0
0.0
0.0
0.0
0.0
0.0
0.8759384121064018
0.07574733097837308
0.10781751670669704
0.05806208490790381
0.0
0.0006054781228741838
0.0
0.0
0.0
0.0
0.0
0.0
0.0
0.0
0.0
0.0
0.0
0.0
0.0
0.008425458106370926
0.9801794706689834
0.22394888284133596
0.9939127339385063
0.48140351755813
0.9973892666556624
0.997829012687396
0.6053213030706397
0.39504530039299735
0.28829551550803423
0.011361383864376406
0.0
0.0
0.0
5.1574324051648875e-05
0.0002838273809478269
0.0
0.0
0.0
0.0
0.0398516672967899
0.13691798650820258
0.23406247159394225
0.19316535241974456
0.3786384455194535
0.4295450775303478
0.9956934831514
0.49072906684936357
0.9974068221066399
0.9976925568764121
0.6278253645781547
0.641859637505607
0.6011693567818859
0.2587797615238753
0.00030446251983436894
0.0
0.0
0.0
0.0
0.0
0.0
0.0
0.0
0.0
0.0
0.0
0.011210688072111303
0.0
0.0
0.08482474003361987
0.9868211934663125
0.25793011671343985
0.9942064900766004
0.4577865981022608
0.9960504078443185
0.3133117115264048
0.24839495417580118
0.09115170856242116
0.0004878208950073799
0.0
0.0
0.0
0.0
0.0
0.0
0.0
0.0
0.0
0.008015457206718143
0.16647363802735496
0.31795509086439233
0.35103217785931856
0.2973340015703474
0.5104648058504716
0.9972301521877284
0.997646092476965
0.6204593243314241
0.9981557920681559
0.6618990893030995
0.9982904329890794
0.6155178870769032
0.3017454386575352
0.0
0.0
0.0
0.0
0.0
0.0
0.0
0.0
0.0
0.0
0.0
0.0
0.0
0.0
0.0
0.0
0.8436004331047638
0.050570686106013625
0.9749605517927156
0.13406350742266815
0.9853503466243354
0.20227093625615317
0.24825475213756829
0.054409657321281425
0.00043769133405836336
0.0
0.0
0.0
0.0
0.0
0.0
0.0
0.0
0.0
0.0
0.0
0.0
0.0
0.0
0.0
0.0
0.5896694805612341
0.10114910284850256
0.9765671443804459
0.17318886227624225
0.19708166199245825
0.13809469228277096
0.0
0.0
0.0
0.0
0.0
0.0
0.0
0.0
0.0
0.0
0.0
0.0
0.0
0.0
0.0
0.0
0.0
0.0
0.0
0.0
0.0
0.7039150522761337
0.05465249015319304
0.008136329336456378
0.0
0.0
0.0
0.0
0.0
0.0
0.0
0.0
0.0
0.0
0.0
0.0
0.0
0.0
0.0
0.0
0.0
0.0
0.0
0.0
0.0
0.0
0.0
0.0
0.0
0.0
0.0
0.0
0.0
0.0
0.0
0.0
0.0
0.0
0.0
0.0
0.0
0.0
0.0
0.0
0.0
0.0
0.0
0.0
0.0
0.0
0.0
0.0
0.0
0.0
0.0
0.0
0.0
0.0
0.0
0.0
0.0
0.0
0.0
0.0
0.0
0.0
0.0
0.0
0.0
0.0
0.0
0.0
0.0
0.0
0.021804963929901153
0.0
0.0
0.0
0.0
0.0
0.0
0.0
0.0
0.0
0.0
0.0
0.0
0.0
0.0
0.0
0.0
0.0
0.0
0.0
0.0
0.0
0.0
0.0
0.0
0.0
0.0
0.0
0.0
0.0
0.0
0.0
0.0
0.0
0.0
0.0
0.0
0.0
0.0
0.0
0.0
0.0
0.0
0.0
0.0
0.0
0.0
0.0
0.0
0.0
0.0
0.0
0.0
0.0
0.0
0.0
0.0
0.0
0.0
0.0
0.0
0.0
0.0
0.0
0.0
0.0
0.0
0.0
0.0
0.0
0.0
0.0
0.0
0.0
0.0
0.0
0.0
0.0
0.0
0.0
0.0
0.0
0.0
0.0
0.0
0.0
0.0
0.0
0.0
0.0
0.0
0.0
0.0
0.0
0.0
0.0
0.0
0.0
0.0
0.0
0.0
0.0
0.0
0.0
0.0
0.0
0.0
0.0
0.0
0.0
0.0
0.0
0.0
0.0
0.0
0.0
0.0
0.0
0.0
0.025368341542565898
0.15380339629998166
0.06883490587520398
0.0
0.0
0.0
0.0
0.0
0.0
0.0
0.0
0.0
0.0
0.0
0.0
0.0
0.0
0.0
0.0
0.0
0.0
0.630324469831145
0.0
0.4743460974772613
0.0
0.0
0.0
0.0
0.0
0.0
0.0
0.0
0.0
0.0
0.0
0.0
0.0
0.0
0.0
0.0
0.0
0.0
0.0
0.0
0.0
0.0
0.0
0.00916011669453521
0.0
0.0
0.0
0.0
0.0
0.0
0.0
0.0
0.0
0.0
0.0
0.0
0.0
0.0
0.0
0.0
0.0
0.0
0.0
0.0
0.0
0.0
0.0
0.0
0.0
0.0
0.0
0.0
0.0
0.0
0.0
0.0
0.0
0.0
0.0
0.0
0.0
0.0
0.0
0.0
0.0
0.0
0.0
0.0
0.0
0.0
0.0
0.0
0.0
0.8534951985861405
0.0014773105136368864
0.0
0.0
0.0
0.0
0.0
0.0
0.0
0.0
0.0
0.0
0.0
0.0
0.0
0.0
0.0
0.0
0.0
0.0
0.0
0.5188697558428003
0.06217929092713084
0.9780202335763813
0.1695813537943954
0.1541436681423865
0.00581727997580039
0.0008224584297726708
0.0
0.0
0.0
0.0
0.0
0.0
0.0
0.0
0.0
0.0
0.0
0.0
0.0
0.0
0.0
0.0
0.05296239804661153
0.9819003468236039
0.9879404160428236
0.2713579503024375
0.2828762949049055
0.14726252479976154
0.0
0.0
0.0
0.0
0.0
0.0
0.0
0.0
0.0
0.0
0.0
0.0
0.0
0.0
0.0
0.0
0.0
0.0
0.0
0.0
0.0
0.08814302293550642
0.9775375648038593
0.00833361168378648
0.0
0.0
0.0
0.0
0.0
0.0
0.0
0.0
0.0
0.0
0.0
0.0
0.0
0.0
0.0
0.0
0.0
0.0
0.0
0.825985289369209
0.0
0.0
0.0
0.0
0.0
0.0
0.0
0.0
0.0
0.0
0.0
0.0
0.0
0.0
0.0
0.0
0.0
0.0
0.0
0.0
0.0
0.0
0.0
0.0
0.0
0.0
0.0
0.0
0.0
0.0
0.0
0.0
0.0
0.0
0.0
0.0
0.0
0.0
0.0
0.0
0.0
0.0
0.0
0.0
0.0
0.0
0.0
0.0
0.0
0.0
0.0
0.0
0.0
0.0
0.0
0.0
0.0
0.0
0.0
0.0
0.0
0.0
0.0
0.0
0.0
0.0
0.0
0.0
0.0
0.0
0.0
0.0
0.0
0.0
0.0
0.0
0.0
0.0
0.0
0.0
0.0
0.0
0.0
0.0
0.0
0.0
0.0
0.0
0.0
0.0
0.0
0.0
0.0
0.0
0.0
0.8369469299636515
0.10332246930261355
0.9832940698669865
0.20430339826627647
0.16560143582144246
0.006528550872345167
0.0009557185679105928
0.0
0.0
0.0
0.0
0.0
0.0
0.0
0.0
0.0
0.0
0.0
0.0
0.0
0.0019028719803458852
0.0
0.0
0.0
0.9750559676436231
0.9899118233312317
0.371286054395871
0.9949818649273536
0.17081772046827623
0.0797311172900431
0.0006699825146952843
0.0
0.0
0.0
0.0
0.0
0.0
0.0
0.0
0.0
0.0
0.0
0.0
0.0
0.0
0.0
0.0
0.0
0.0
0.0478342162453904
0.98257318580029
0.2135313618598969
0.14761234495106945
0.0
0.0
0.0
0.0
0.0
0.0
0.0
0.0
0.0
0.0
0.0
0.0
0.0
0.0
0.0
0.0
0.0
0.0
0.7301851287520754
0.0
0.8987879806486787
0.9843458269350849
0.19331307211428664
0.047927666288451305
0.0006156692008461802
0.0
0.0
0.0
0.0
0.0
0.0
0.0
0.0
0.0
0.0
0.0
0.0
0.0
0.0
0.0
0.0
0.0
0.0
0.0
0.0
0.0
0.0
0.0
0.0
0.0
0.0
0.0
0.0
0.0
0.0
0.0
0.0
0.0
0.0
0.0
0.0
0.0
0.0
0.0
0.0
0.0
0.0
0.0
0.0
0.0
0.0
0.0
0.0
0.0
0.0
0.0
0.0
0.0
0.0
0.0
0.0
0.0
0.0
0.0
0.0
0.0
0.0
0.0
0.0
0.0
0.0
0.0
0.0
0.0
0.0
0.0
0.0
0.0
0.0
0.0
0.0
0.0
0.0
0.0
0.0
0.0
0.0
0.0
0.0
0.0
0.0
0.0
0.0
0.0
0.0
0.0
0.0
0.0
0.0
0.0
0.0
0.0
0.0
0.0
0.0
0.0
0.0
0.0
0.0
0.0
0.0
0.0
0.0
0.0
0.0
0.0
0.0
0.0
0.0
0.0
0.0
0.0
0.0
0.0
0.0
0.0
0.0
0.0
0.0
0.0
0.0
0.0
0.0
0.0
0.0
0.0
0.0
0.0
0.0
0.0
0.0
0.0
0.0
0.0
0.0
0.0
0.0
0.0
0.0
0.0
0.0
0.0
0.0
0.0
0.0
0.0
0.0
0.0
0.0
0.0
0.0
0.0
0.0
0.0
0.0
0.0
0.0
0.0
0.0
0.0
0.0
0.0
0.0
0.0
0.0
0.0
0.0
0.0
0.0
0.0
0.0
0.0
0.0
0.0
0.0
0.0
0.0
0.0
0.0
0.0
0.0
0.0
0.0
0.0
0.0
0.0
0.0
0.0
0.0
0.0
0.0
0.0
0.0
0.0
0.0
0.0
0.0
0.0
0.0
0.0
0.0
0.0
0.0
0.0
0.0
0.0
0.0
0.0
0.0
0.0
0.0
0.0
0.0
0.0
0.0
0.0
0.0
0.0
0.0
0.0
0.0
0.0
0.0
0.0
0.0
0.0
0.0
0.0
0.0
0.0
0.0
0.0
0.0
0.0
0.0
0.0
0.0
0.0
0.0
0.0
0.0
0.0
0.0
0.0
0.0
0.0
0.0
0.0
0.0
0.0
0.0
0.0
0.0
0.0
0.0
0.0
0.0
0.0
0.0
0.0
0.0
0.0
0.0
0.0
0.0
0.0
0.0
0.0
0.0
0.0
0.0
0.0
0.0
0.0
0.0
0.0
0.0
0.0
0.0
0.0
0.0
0.0
0.0
0.0
0.0
0.0
0.0
0.0
0.0
0.0
0.0
0.0
0.0
0.0
0.0
0.0
0.0
0.0
0.0
0.0
0.0
0.0
0.0
0.0
0.0
0.0
0.0
0.0
0.0
0.0
0.0
0.0
0.0
0.0
0.0
0.0
0.0
0.0
0.0
0.0
0.0
0.0
0.0
0.0
0.0
0.0
0.0
0.0
0.0
0.0
0.0
0.0
0.0
0.0
0.0
0.0
0.0
0.0
0.0
0.0
0.0
0.0
0.0
0.0
0.0
0.0
0.0
0.0
0.0
0.0
0.0
0.0
0.0
0.0
0.0
0.0
0.0
0.0
0.0
0.0
0.0
0.0
0.0
0.0
0.0
0.0
0.0
0.0
0.0
0.0
0.0
0.0
0.0
0.0
0.0
0.0
0.0
0.0
0.0
0.0
0.0
0.0
0.0
0.0
0.0
0.0
0.0
0.0
0.0
0.0
0.0
0.0
0.0
0.0
0.0
0.0
0.0
0.0
0.0
0.0
0.0
0.0
0.0
0.0
0.0
0.0
0.0
0.0
0.0
0.0
0.0
0.0
0.0
0.0
0.0
0.0
0.0
0.0
0.0
0.0
0.0
0.0
0.0
0.0
0.0
0.0
0.0
0.0
0.0
0.0
0.0
0.0
0.0
0.0
0.0
0.0
0.0
0.0
0.0
0.0
0.0
0.0
0.0
0.0
0.0
0.0
0.0
0.0
0.0
0.0
0.0
0.0
0.0
0.0
0.0
0.0
0.0
0.0
0.0
0.0
0.0
0.0
0.0
0.0
0.0
0.0
0.0
0.0
0.0
0.0
0.0
0.0
0.0
0.0
0.0
0.0
0.0
0.0
0.0
0.0
0.0
0.0
0.0
0.0
0.0
0.0
0.0
0.0
0.0
0.0
0.0
0.0
0.0
0.0
0.0
0.0
0.0
0.0
0.0
0.0
0.0
0.0
0.0
0.0
0.0
0.0
0.0
0.0
0.0
0.0
0.0
0.0
0.0
0.0
0.0
0.0
0.0
0.0
0.0
0.0
0.0
0.0
0.0
0.0
0.0
0.0
0.0
0.0
0.0
0.0
0.0
0.0
0.0
0.0
0.0
0.0
0.0
0.0
0.0
0.0
0.0
0.0
0.0
0.0
0.0
0.0
0.0
0.0
0.0
0.0
0.0
0.0
0.0
0.0
0.0
0.0
0.0
0.0
0.0
0.0
0.0
0.0
0.0
0.0
0.0
0.0
0.0
0.0
0.0
0.0
0.0
0.0
0.0
0.0
0.0
0.0
0.0
0.0
0.0
0.0
0.0
0.0
0.0
0.0
0.0
0.0
0.0
0.0
0.0
0.0
0.0
0.0
0.0
0.0
0.0
0.0
0.0
0.0
0.0
0.0
0.0
0.0
0.0
0.0
0.0
0.0
0.0
0.0
0.0
0.0
0.0
0.0
0.0
0.0
0.0
0.0
0.0
0.0
0.0
0.0
0.0
0.0
0.0
0.0
0.0
0.0
0.0
0.0
0.0
0.0
0.0
0.0
0.0
0.0
0.0
0.0
0.0
0.0
0.0
0.0
0.0
0.0
0.0
0.0
0.0
0.0
0.0
0.0
0.0
0.0
0.0
0.0
0.0
0.0
0.0
0.0
0.0
0.0
0.0
0.0
0.0
0.0
0.0
0.0
0.0
0.0
0.0
0.0
0.0
0.0
0.0
0.0
0.0
0.0
0.0
0.0
0.0
0.0
0.0
0.0
0.0
0.0
0.0
0.0
0.0
0.0
0.0
0.0
0.0
0.0
0.0
0.0
0.0
0.0
0.0
0.0
0.0
0.0
0.0
0.0
0.0
0.0
0.0
0.0
0.0
0.0
0.0
0.0
0.0
0.0
0.0
0.0
0.0
0.0
0.0
0.0
0.0
0.0
0.0
0.0
0.0
0.0
0.0
0.0
0.0
0.0
0.0
0.0
0.0
0.0
0.0
0.0
0.0
0.0
0.0
0.0
0.0
0.0
0.0
0.0
0.0
0.0
0.0
0.0
0.0
0.0
0.0
0.0
0.0
0.0
0.0
0.0
0.0
0.0
0.0
0.0
0.0
0.0
0.0
0.0
0.0
0.0
0.0
0.0
0.0
0.0
0.0
0.0
0.0
0.0
0.0
0.0
0.0
0.0
0.0
0.0
0.0
0.0
0.0
0.0
0.0
0.0
0.0
0.0
0.0
0.0
0.0
0.0
0.0
0.0
0.0
0.0
0.0
0.0
0.0
0.0
0.0
0.0
0.0
0.0
0.0
0.0
0.0
0.0
0.0
0.0
0.0
0.0
0.0
0.0
0.0
0.0
0.0
0.0
0.0
0.0
0.0
0.0
0.0
0.0
0.0
0.0
0.0
0.0
0.0
0.0
0.0
0.0
0.0
0.0
0.0
0.0
0.0
0.0
0.0
0.0
0.0
0.0
0.0
0.0
0.0
0.0
0.0
0.0
0.0
0.0
0.0
0.0
0.0
0.0
0.0
0.0
0.0
0.0
0.0
0.0
0.0
0.0
0.0
0.0
0.0
0.0
0.0
0.0
0.0
0.0
0.0
0.0
0.0
0.0
0.0
0.0
0.0
0.0
0.0
0.0
0.0
0.0
0.0
0.0
0.0
0.0
0.0
0.0
0.0
0.0
0.0
0.0
0.0
0.0
0.0
0.0
0.0
0.0
0.0
0.0
0.0
0.0
0.0
0.0
0.0
0.0
0.0
0.0
0.0
0.0
0.0
0.0
0.0
0.0
0.0
0.0
0.0
0.0
0.0
0.0
0.0
0.0
0.0
0.0
0.0
0.0
0.0
0.0
0.0
0.0
0.0
0.0
0.0
0.0
0.0
0.0
0.0
0.0
0.0
0.0
0.0
0.0
0.0
0.0
0.0
0.0
0.0
0.0
0.0
0.0
0.0
0.0
0.0
0.0
0.0
0.0
0.0
0.0
0.0
0.0
0.0
0.0
0.0
0.0
0.0
0.0
0.0
0.0
0.0
0.0
0.0
0.0
0.0
0.0
0.0
0.0
0.0
0.0
0.0
0.0
0.0
0.0
0.0
0.0
0.0
0.0
0.0
0.0
0.0
0.0
0.0
0.0
0.0
0.0
0.0
0.0
0.0
0.0
0.0
0.0
0.0
0.0
0.0
0.0
0.0
0.0
0.0
0.0
0.0
0.0
0.0
0.0
0.0
0.0
0.0
0.0
0.0
0.0
0.0
0.0
0.0
0.0
0.0
0.0
0.0
0.0
0.0
0.0
0.0
0.0
0.0
0.0
0.0
0.0
0.0
0.0
0.0
0.0
0.0
0.0
0.0
0.0
0.0
0.0
0.0
0.0
0.0
0.0
0.0
0.0
0.0
0.0
0.0
0.0
0.0
0.0
0.0
0.0
0.0
0.0
0.0
0.0
0.0
0.0
0.0
0.0
0.0
0.0
0.0
0.0
0.0
0.0
0.0
0.0
0.0
0.0
0.0
0.0
0.0
0.0
0.0
0.0
0.0
0.0
0.0
0.0
0.0
0.0
0.0
0.0
0.0
0.0
0.0
0.0
0.0
0.0
0.0
0.0
0.0
0.0
0.0
0.0
0.0
0.0
0.0
0.0
0.0
0.0
0.0
0.0
0.0
0.0
0.0
0.0
0.0
0.0
0.0
0.0
0.0
0.0
0.0
0.0
0.0
0.0
0.0
0.0
0.0
0.0
0.0
0.0
0.0
0.0
0.0
0.0
0.0
0.0
0.0
0.0
0.0
0.0
0.0
0.0
0.0
0.0
0.0
0.0
0.0
0.0
0.0
0.0
0.0
0.0
0.0
0.0
0.0
0.0
0.0
0.0
0.0
0.0
0.0
0.0
0.0
0.0
0.0
0.0
0.0
0.0
0.0
0.0
0.0
0.0
0.0
0.0
0.0
0.0
0.0
0.0
0.0
0.0
0.0
0.0
0.0
0.0
0.0
0.0
0.0
0.0
0.0
0.0
0.0
0.0
0.0
0.0
0.0
0.0
0.0
0.0
0.0
0.0
0.0
0.0
0.0
0.0
0.0
0.0
0.0
0.0
0.0
0.0
0.0
0.0
0.0
0.0
0.0
0.0
0.0
0.0
0.0
0.0
0.0
0.0
0.0
0.0
0.0
0.0
0.0
0.0
0.0
0.0
0.0
0.0
0.0
0.0
0.0
0.0
0.0
0.0
0.0
0.0
0.0
0.0
0.0
0.0
0.0
0.0
0.0
0.0
0.0
0.0
0.0
0.0
0.0
0.0
0.0
0.0
0.0
0.0
0.0
0.0
0.0
0.0
0.0
0.0
0.0
0.0
0.0
0.0
0.0
0.0
0.0
0.0
0.0
0.0
0.0
0.0
0.0
0.0
0.0
0.0
0.0
0.0
0.0
0.0
0.0
0.0
0.0
0.0
0.0
0.0
0.0
0.0
0.0
0.0
0.0
0.0
0.0
0.0
0.0
0.0
0.0
0.0
0.0
0.0
0.0
0.0
0.0
0.0
0.0
0.0
0.0
0.0
0.0
0.0
0.0
0.0
0.0
0.0
0.0
0.0
0.0
0.0
0.0
0.0
0.0
0.0
0.0
0.0
0.0
0.0
0.0
0.0
0.0
0.0
0.0
0.0
0.0
0.0
0.0
0.0
0.0
0.0
0.0
0.0
0.0
0.0
0.0
0.0
0.0
0.0
0.0
0.0
0.0
0.0
0.0
0.0
0.0
0.0
0.0
0.0
0.0
0.0
0.0
0.0
0.0
0.0
0.0
0.0
0.0
0.0
0.0
0.0
0.0
0.0
0.0
0.0
0.0
0.0
0.0
0.0
0.0
0.0
0.0
0.0
0.0
0.0
0.0
0.0
0.0
0.0
0.0
0.0
0.0
0.0
0.0
0.0
0.0
0.0
0.0
0.0
0.0
0.0
0.0
0.0
0.0
0.0
0.0
0.0
0.0
0.0
0.0
0.0
0.0
0.0
0.0
0.0
0.0
0.0
0.0
0.0
0.0
0.0
0.0
0.0
0.0
0.0
0.0
0.0
0.0
0.0
0.0
0.0
0.0
0.0
0.0
0.0
0.0
0.0
0.0
0.0
0.0
0.0
0.0
0.0
0.0
0.0
0.0
0.0
0.0
0.0
0.0
0.0
0.0
0.0
0.0
0.0
0.0
0.0
0.0
0.0
0.0
0.0
0.0
0.0
0.0
0.0
0.0
0.0
0.0
0.0
0.0
0.0
0.0
0.0
0.0
0.0
0.0
0.0
0.0
0.0
0.0
0.0
0.0
0.0
0.0
0.0
0.0
0.0
0.0
0.0
0.0
0.0
0.0
0.0
0.0
0.0
0.0
0.0
0.0
0.0
0.0
0.0
0.0
0.0
0.0
0.0
0.0
0.0
0.0
0.0
0.0
0.0
0.0
0.0
0.0
0.0
0.0
0.0
0.0
0.0
0.0
0.0
0.0
0.0
0.0
0.0
0.0
0.0
0.0
0.0
0.0
0.0
0.0
0.0
0.0
0.0
0.0
0.0
0.0
0.0
0.0
0.0
0.0
0.0
0.0
0.0
0.0
0.0
0.0
0.0
0.0
0.0
0.0
0.0
0.0
0.0
0.0
0.0
0.0
0.0
0.0
0.0
0.0
0.0
0.0
0.0
0.0
0.0
0.0
0.0
0.0
0.0
0.0
0.0
0.0
0.0
0.0
0.0
0.0
0.0
0.0
0.0
0.0
0.0
0.0
0.0
0.0
0.0
0.0
0.0
0.0
0.0
0.0
0.0
0.0
0.0
0.0
0.0
0.0
0.0
0.0
0.0
0.0
0.0
0.0
0.0
0.0
0.0
0.0
0.0
0.0
0.0
0.0
0.0
0.0
0.0
0.0
0.0
0.0
0.0
0.0
0.0
0.0
0.0
0.0
0.0
0.0
0.0
0.0
0.0
0.0
0.0
0.0
0.0
0.0
0.0
0.0
0.0
0.0
0.0
0.0
0.0
0.0
0.0
0.0
0.0
0.0
0.0
0.0
0.0
0.0
0.0
0.0
0.0
0.0
0.0
0.0
0.0
0.0
0.0
0.0
0.0
0.0
0.0
0.0
0.0
0.0
0.0
0.0
0.0
0.0
0.0
0.0
0.0
0.0
0.0
0.0
0.0
0.0
0.0
0.0
0.0
0.0
0.0
0.0
0.0
0.0
0.0
0.0
0.0
0.0
0.0
0.0
0.0
0.0
0.0
0.0
0.0
0.0
0.0
0.0
0.0
0.0
0.0
0.0
0.0
0.0
0.0
0.0
0.0
0.0
0.0
0.0
0.0
0.0
0.0
0.0
0.0
0.0
0.0
0.0
0.0
0.0
0.0
0.0
0.0
0.0
0.0
0.0
0.0
0.0
0.0
0.0
0.0
0.0
0.0
0.0
0.0
0.0
0.0
0.0
0.0
0.0
0.0
0.0
0.0
0.0
0.0
0.0
0.0
0.0
0.0
0.0
0.0
0.0
0.0
0.0
0.0
0.0
0.0
0.0
0.0
0.0
0.0
0.0
0.0
0.0
0.0
0.0
0.0
0.0
0.0
0.0
0.0
0.0
0.0
0.0
0.0
0.0
0.0
0.0
0.0
0.0
0.0
0.0
0.0
0.0
0.0
0.0
0.0
0.0
0.0
0.0
0.0
0.0
0.0
0.0
0.0
0.0
0.0
0.0
0.0
0.0
0.0
0.0
0.0
0.0
0.0
0.0
0.0
0.0
0.0
0.0
0.0
0.0
0.0
0.0
0.0
0.0
0.0
0.0
0.0
0.0
0.0
0.0
0.0
0.0
0.0
0.0
0.0
0.0
0.0
0.0
0.0
0.0
0.0
0.0
0.0
0.0
0.0
0.0
0.0
0.493464228972112
0.0
0.0
0.0
0.0
0.0
0.0
0.0
0.0
0.0
0.0
0.0
0.0
0.0
0.0
0.0
0.0
0.0
0.0
0.0
0.0
0.0
0.0
0.0
0.0
0.0
0.0
0.0
0.0
0.0
0.0
0.0
0.0
0.0
0.0
0.0
0.0
0.0
0.0
0.0
0.0
0.0
0.0
0.0
0.0
0.0
0.0
0.0
0.0
0.0
0.0
0.0
0.0
0.0
0.0
0.0
0.0
0.0
0.0
0.0
0.0
0.0
0.0
0.0
0.0
0.0
0.0
0.0
0.0
0.0
0.0
0.0
0.0
0.0
0.0
0.0
0.0
0.0
0.0
0.0
0.0
0.0
0.0
0.0
0.0
0.0
0.0
0.0
0.0
0.0
0.0
0.0
0.0
0.0
0.0
0.0
0.0
0.0
0.0
0.0
0.0
0.0
0.0
0.0
0.0
0.0
0.0
0.0
0.0
0.0
0.0
0.0
0.0
0.0
0.0
0.0
0.0
0.0
0.0
0.0
0.0
0.0
0.0
0.0
0.0
0.0
0.0
0.0
0.0
0.0
0.0
0.0
0.0
0.0
0.0
0.0
0.0
0.0
0.0
0.0
0.0
0.0
0.0
0.0
0.0
0.0
0.0
0.0
0.0
0.0
0.0
0.0
0.0
0.0
0.0
0.0
0.0
0.0
0.0
0.0
0.0
0.0
0.0
0.0
0.0
0.0
0.0
0.0
0.0
0.0
0.0
0.0
0.0
0.0
0.0
0.0
0.0
0.0
0.0
0.0
0.0
0.0
0.0
0.0
0.0
0.0
0.0
0.0
0.0
0.0
0.0
0.0
0.0
0.0
0.0
0.0
0.0
0.0
0.0
0.0
0.0
0.0
0.0
0.0
0.0
0.0
0.0
0.0
0.0
0.0
0.0
0.0
0.0
0.0
0.0
0.0
0.0
0.0
0.0
0.0
0.0
0.0
0.0
0.0
0.0
0.0
0.0
0.0
0.0
0.0
0.0
0.0
0.0
0.0
0.0
0.0
0.0
0.0
0.0
0.0
0.0
0.0
0.0
0.0
0.0
0.0
0.0
0.0
0.0
0.0
0.0
0.0
0.0
0.0
0.0
0.0
0.0
0.0
0.0
0.0
0.0
0.0
0.0
0.0
0.0
0.0
0.0
0.0
0.0
0.0
0.0
0.0
0.0
0.0
0.0
0.0
0.0
0.0
0.0
0.0
0.0
0.0
0.0
0.0
0.0
0.0
0.0
0.0
0.0
0.0
0.0
0.0
0.0
0.0
0.0
0.0
0.0
0.0
0.0
0.0
0.0
0.0
0.0
0.0
0.0
0.0
0.0
0.0
0.0
0.0
0.0
0.0
0.0
0.009442757319138375
0.0
0.0
0.0
0.0
0.0
0.0
0.0
0.0
0.0
0.0
0.0
0.0
0.0
0.0
0.0
0.0
0.0
0.0
0.0
0.0
0.0
0.0
0.0
0.0
0.0
0.0
0.0
0.0
0.0
0.0
0.0
0.0
0.0
0.0
0.0
0.0
0.0
0.0
0.0
0.0
0.0
0.0
0.0
0.0
0.0
0.0
0.0
0.0
0.0
0.0
0.0
0.0
0.0
0.0
0.0
0.0
0.0
0.0
0.0
0.0
0.0
0.0
0.0
0.0
0.0
0.0
0.0
0.0
0.0
0.0
0.0
0.0
0.0
0.0
0.0
0.0
0.0
0.0
0.0
0.0
0.0
0.0
0.0
0.0
0.0
0.0
0.0
0.0
0.0
0.0
0.0
0.0
0.0
0.0
0.0
0.0
0.0
0.0
0.0
0.0
0.0
0.0
0.0
0.0
0.0
0.0
0.0
0.0
0.0
0.0
0.0
0.0
0.0
0.0
0.0
0.0
0.0
0.0
0.0
0.0
0.0
0.0
0.0
0.0
0.0
0.0
0.0
0.0
0.0
0.0
0.0
0.0
0.0
0.0
0.0
0.0
0.0
0.0
0.0
0.0
0.0
0.0
0.0
0.0
0.0
0.0
0.0
0.0
0.0
0.0
0.0
0.0
0.0
0.0
0.0
0.0
0.0
0.0
0.0
0.0
0.0
0.0
0.0
0.0
0.0
0.0
0.0
0.9484516794404272
0.08432223666542006
0.009287356191604966
0.0
0.0
0.0
0.0
0.0
0.0
0.0
0.0
0.0
0.0
0.0
0.0
0.0
0.0
0.0
0.0
0.0
0.0
0.0
0.0
0.0
0.0
0.0
0.0
0.0
0.0
0.0
0.0
0.0
0.0
0.0
0.0
0.0
0.0
0.0
0.0
0.0
0.0
0.0
0.0
0.0
0.0
0.0
0.0
0.0
0.0
0.0
0.0
0.0
0.0
0.0
0.0
0.0
0.0
0.0
0.0
0.0
0.0
0.0
0.0
0.0
0.0
0.0
0.0
0.0
0.0
0.0
0.0
0.0
0.0
0.0
0.0
0.0
0.0
0.0
0.0
0.0
0.0
0.0
0.0
0.0
0.0
0.0
0.0
0.0
0.0
0.0
0.0
0.0
0.0
0.0
0.7048956246928684
0.0
0.0
0.0
0.0
0.0
0.0
0.0
0.0
0.0
0.0
0.0
0.0
0.0
0.0
0.0
0.0
0.0
0.0
0.0
0.0
0.0
0.0
0.0
0.46035735511211623
0.0
0.0
0.0
0.0
0.0
0.0
0.0
0.0
0.0
0.0
0.0
0.0
0.0
0.0
0.0
0.0
0.0
0.0
0.0
0.0
0.0
0.0
0.0
0.0
0.0
0.0
0.0
0.0
0.0
0.0
0.0
0.0
0.0
0.0
0.0
0.0
0.0
0.0
0.0
0.0
0.0
0.0
0.0
0.0
0.0
0.0
0.0
0.0
0.0
0.0
0.5276763725930695
0.0
0.0
0.0
0.0
0.0
0.0
0.0
0.0
0.0
0.0
0.0
0.0
0.0
0.0
0.0
0.0
0.0
0.0
0.0
0.0
0.0
0.0
0.0092478630354405
0.0
0.0
0.0
0.0
0.0
0.0
0.0
0.0
0.0
0.0
0.0
0.0
0.0
0.0
0.0
0.0
0.0
0.0
0.0
0.0
0.0
0.0
0.0
0.0
0.0
0.0
0.0
0.0
0.0
0.0
0.0
0.0
0.0
0.0
0.0
0.0
0.0
0.0
0.0
0.0
0.0
0.0
0.0
0.0
0.0
0.0
0.0
0.0
0.003711880663098725
0.0009004570056613304
0.0
0.0
0.0
0.0
0.0
0.0
0.0
0.0
0.0
0.0
0.0
0.0
0.0
0.0
0.0
0.0
0.0
0.0
0.0
0.0
0.0
0.0
0.0
0.0
0.0
0.0
0.0
0.0
0.0
0.0
0.0
0.0
0.0
0.0
0.0
0.0
0.0
0.0
0.0
0.0
0.0
0.0
0.0
0.0
0.0
0.0
0.0
0.0
0.0
0.0
0.0
0.0
0.0
0.0
0.0
0.0
0.0
0.0
0.0
0.0
0.0
0.0
0.0
0.0
0.0
0.0
0.0
0.0
0.0
0.0
0.0
0.0
0.0
0.0
0.0
0.0
0.0
0.0
0.0
0.0
0.0
0.0
0.0
0.0
0.0
0.0
0.0
0.0
0.0
0.0
0.0
0.0
0.0
0.0
0.0
0.0
0.0
0.0
0.0
0.0
0.0
0.0
0.0
0.0
0.0
0.0
0.0
0.0
0.0
0.0
0.0
0.0
0.0
0.0
0.0
0.0
0.0
0.0
0.006458730544751112
0.0
0.0
0.0
0.0
0.0
0.0
0.0
0.0
0.0
0.0
0.0
0.0
0.0
0.0
0.0
0.0
0.0
0.0
0.0
0.0
0.0
0.0
0.0
0.0
0.0
0.0
0.0
0.0
0.0
0.0
0.0
0.0
0.0
0.0
0.0
0.0
0.0
0.0
0.0
0.0
0.0
0.0
0.0
0.0
0.0
0.0
0.0
0.0
0.0
0.0
0.0
0.0
0.0
0.0
0.0
0.0
0.0
0.0
0.0
0.0
0.0
0.0
0.0
0.0
0.0
0.0
0.0
0.0
0.0
0.0
0.0
0.0
0.0
0.0
0.0
0.0
0.0
0.0
0.0
0.0
0.0
0.0
0.0
0.0
0.0
0.0
0.0
0.0
0.0
0.0
0.0
0.0
0.0
0.0
0.0
0.0
0.0
0.0
0.0
0.0
0.0
0.0
0.0
0.0
0.0
0.0
0.0
0.0
0.0
0.0
0.0
0.0
0.0
0.0
0.0
0.0
0.0
0.0
0.0
0.0
0.0
0.0
0.0
0.0
0.0
0.0
0.0
0.0
0.0
0.0
0.0
0.0
0.0
0.0
0.0
0.0
0.0
0.0
0.0
0.0
0.0
0.0
0.0
0.0
0.0
0.0
0.0
0.0
0.0
0.0
0.0
0.0
0.0
0.0
0.0
0.0
0.0
0.0
0.0
0.0
0.0
0.0
0.0
0.0
0.0
0.0
0.0
0.0
0.0
0.0
0.0
0.0
0.0
0.0
0.0
0.0
0.0
0.0
0.0
0.0
0.0
0.0
0.0
0.0
0.0
0.0
0.0
0.0
0.0
0.0
0.9386706790859795
0.10345418321517155
0.14775645639205273
0.1135905855223677
0.0
0.0
0.0
0.0
0.0
0.0
0.0
0.0
0.0
0.0
0.0
0.0
0.003573216749580422
0.0
0.0
0.9138788264628512
0.1661196287304252
0.9915186129535464
0.4150969805366726
0.9965091330528849
0.5400812886082278
0.9973384666649348
0.5278495234154472
0.29360753590186767
0.002505202487717984
0.0
0.0
0.0
0.0
0.0
0.0
0.0
0.0
0.0
0.0
0.0
0.0
0.0
0.0
0.0
0.06022884597475056
0.9883459477707732
0.9930181037063733
0.36004450015334216
0.9952049982018666
0.4454283264621057
0.4086070009056658
0.2504836195823422
0.0003099151938304703
0.0
0.0
0.0
0.0
0.0
0.0
0.0
0.0
0.0
0.0
0.0
0.0
0.0
0.0
0.0
0.0
0.0
0.0
0.0
0.0
0.0
0.0
0.0
0.0
0.0
0.0
0.0
0.0
0.0
0.0
0.0
0.0
0.0
0.0
0.0
0.0
0.0
0.0038589459160557134
0.8879826639521337
0.12051669479988486
0.985495328555911
0.25919251184382264
0.9940760526459385
0.44054934474361207
0.9956127927059923
0.2697720543538791
0.2564073707214233
0.023263135789173096
0.0
0.004873840873935466
0.0
8.438168423915418e-05
0.0
0.0
0.0
0.0005608644228753343
0.0
0.08294121164529164
0.15041291112471297
0.2043042131228933
0.22104740999609462
0.2969494471923106
0.41095818868342693
0.9964901363766686
0.51934479322565
0.9972581243890319
0.5726392427948543
0.9976864472984002
0.5855594707229517
0.4789431686688764
0.3915713597176709
0.014407505134088167
0.0
0.0
0.0
7.729728519337623e-05
0.0
0.0
0.0
0.0
0.0
0.0
0.0
0.010047983013965735
0.046364338087209404
0.11492307086027327
0.13525025546877542
0.9867523024121998
0.31144698601805004
0.9955635144535743
0.5036238473743182
0.9967529851480486
0.49540453212153956
0.49536130408340223
0.2652455064613081
0.003858583571598032
0.0
0.0
0.0
6.868923582614353e-05
0.0
0.0
0.0
0.0
0.0
0.0
0.004983661090103717
0.00914971679789016
0.06171541767409466
0.21512658985640631
0.2066701775651598
0.9913791913455643
0.4446937150683837
0.996569444344806
0.5341872687672777
0.99791735295425
0.5892876981491793
0.541154055029096
0.4911423889803139
0.004339444394025675
0.0
0.0
0.0
0.0
0.0
0.0
0.0
0.0
0.0
0.0
0.0
0.004374323940048574
0.0
0.010502309851266548
0.11900961795017137
0.9853851301099774
0.22148361052215118
0.9924644087772262
0.9955026440858259
0.4997616866145012
0.5238232587264446
0.9964678914535914
0.22729090694517495
0.0
0.0
0.0
0.0
0.0
0.0
0.0
0.0
0.0
0.0
0.0
0.0
0.0
0.007776266594507624
0.0
0.000129822586335974
0.7761902819373062
0.032242254442592544
0.9824701748395558
0.9894707071874983
0.3671068963973501
0.3807810403228434
0.35033294529704995
0.10253107462946295
0.00041096410696636837
0.0
0.0
0.0
0.0
0.0
0.0
0.0
0.0
0.0
0.0
0.0
0.0
0.0
0.0009860409006770556
0.03964825694711454
0.05051842089770625
0.9744890634313534
0.18703609637537477
0.9887417480689445
0.357347633812507
0.9943288224087095
0.20681655344472397
0.11797460284346384
0.00043541181397157316
0.0
0.0
0.0
0.0
0.0
0.0
0.0
0.0
0.0
0.0
0.0
0.0024327871356253296
0.0
0.0
0.00016978480008643124
0.0
0.9577372700499073
0.1558225955625631
0.9902421500612955
0.9943519937326992
0.367786695688809
0.250421129103809
0.1574829375544379
0.0008904704052315624
0.0
0.0
0.0
0.0
0.0
0.0
0.0
0.0
0.0
0.0
0.0
0.0
0.0
0.0
0.038335495829957045
0.036458180251017866
0.9621089202812975
0.14028646764211591
0.9902565450206199
0.34305733399467336
0.9946915013234585
0.24669497362600454
0.14505346945909822
0.0003301502213839376
0.0
0.0
0.0
0.0
0.0
0.0
0.0
0.0
0.0
0.0
0.0
0.0
0.0
0.0
0.0
0.0
0.0
0.0
0.0
0.0
0.0
0.0
0.0
0.0
0.0
0.0
0.0
0.0
0.0
0.0
0.0
0.0
0.0
0.0
0.0
0.0
0.0
0.0
0.03069955481639225
0.1548504322454804
0.9888187931658351
0.9943113212561415
0.44019972146080294
0.996407987338958
0.48755503134650213
0.48503578565682326
0.27768127795804776
0.0
0.0
0.0
0.0
0.0
0.0
0.0
0.0
0.0
0.0
0.0
0.0
0.0
0.0
0.0037580911503418547
0.0
0.0
0.0
0.004028892847978491
0.9696792611450498
0.1202720976431336
0.9776813569098044
0.22851519770050033
0.10510525691650661
0.0004029282149182561
0.0
0.0
0.0
0.0
0.0
0.0
0.0
0.0
0.0
0.0
0.0
0.0
0.0
0.0
0.0001325386284750126
0.0
0.030622968655498677
0.9831021150541707
0.9927893958874378
0.3690364972053476
0.41751734705466637
0.380861172498967
0.09449376027046846
0.00065184943931915
0.0
0.0
0.0
0.0
0.0
0.0
0.0
0.0
0.0
0.0
0.0
0.0
0.0
0.0
0.0
0.7290971483832352
0.0045839835295109245
0.9317435594648356
0.034917483449267
0.9730710171056449
0.20679966854603338
0.14581556484600072
0.14191152232521756
0.0
0.0
0.0
0.0
7.388705746094936e-05
0.0
0.0
0.0
0.0
0.0
0.029521197131748278
0.07657045754615555
0.2412535364540979
0.35734077076150517
0.4324675399158164
0.46381787447001704
0.5130604761087145
0.997143674800289
0.9974471393740592
0.5880400204018684
0.9977058449125054
0.5958660055695795
0.41067723043195026
0.33578285846189715
0.027351533883572417
0.0
0.0
0.0
7.211770931445647e-05
0.0
0.0
0.0
0.0
0.0
0.0
0.0
0.00398779507033526
0.037195401328762846
0.17507384477646512
0.25505799423748315
0.9938523641762691
0.5701253819053876
0.9983743955291404
0.9981654049758578
0.6873875213209183
0.723446291196865
0.5656237486979456
0.5130580639458077
0.1608026485450134
0.004827155220447578
0.0006073715978611642
0.0
8.214315210239453e-05
0.0
0.0
0.0
0.0
0.0
0.0038449517500219773
0.19423394461924137
0.3753034759348647
0.5060588237827751
0.405076685258623
0.9980440922546119
0.6532808148741864
0.9982883776298884
0.691630333348206
0.9986544109560248
0.7326215625155845
0.7417898953249641
0.7398728138836087
0.5280746316450641
0.14306823973984412
0.007256737689144463
0.0
0.0
0.0
0.0
0.0
0.0
0.0
0.0
0.0
0.0858999371956282
0.36555876121328523
0.4979634049555332
0.3677039343879137
0.9977735279549739
0.6321111348975367
0.998298334029007
0.7147569253307513
0.9986170050192246
0.7158244698797864
0.9987274623543894
0.7219687572364688
0.4957598818051275
0.13300105864936754
0.003841007288750254
0.0
0.0
8.272754373670552e-05
0.0
0.0
0.0
0.0
0.0
0.0
0.008393893020185185
0.09201211250956313
0.13769563664263723
0.1146822918395477
0.3596577210820701
0.9960124823051328
0.5550673878782794
0.9979654339574631
0.6484725464804949
0.9983992837526795
0.7015927384524585
0.693616283039942
0.45060713723688345
0.053134627105646336
0.0
0.0
0.0
4.516168243483578e-05
0.0
0.0
0.0
0.0
0.0
0.0
0.010334770656941664
0.19342991421688938
0.337777554854924
0.27211348197766405
0.47098257962455
0.997086174100893
0.5720864870029996
0.9975811776306405
0.6192087170948434
0.9982124856555509
0.6359762429665088
0.4510119926653199
0.36177523586660626
0.013757258233005876
0.0
0.0
0.0
0.0
0.0
0.0
0.0
0.0
0.0
0.0
0.0024854281851754228
0.05442207951270411
0.14720509578599772
0.09950270102288077
0.992381695243712
0.41157918013997413
0.9967752763040779
0.545033081438198
0.9973956639869892
0.5690873055480764
0.5759302717264903
0.5705096326559953
0.23321771895276658
0.009025387275048632
0.0
0.0
0.0
0.0
0.0
0.0
0.0
0.0
0.0
0.0
0.0
0.0
0.0
0.0
0.0
0.0
0.9635194971237856
0.18961390334496375
0.9933168253688781
0.45925137563237645
0.4706153112997863
0.4633726460477131
0.19359768209440678
0.0
0.0
0.0
0.0
5.07690028895311e-05
0.00031767781063318264
0.0
0.0
0.0
0.0
0.08687422724787751
0.15362922717393493
0.19263816626531455
0.11704552678237896
0.2975040471001037
0.34587014448643943
0.368620338544632
0.9947113944813127
0.40536304044303517
0.9953231425847303
0.4300526266730784
0.5026457202651565
0.5219941244479315
0.29951667454773434
0.005312097671757721
0.0
0.0
0.0
5.746806713482367e-05
0.0
0.0
0.0
0.0
0.0
0.002885449085116522
0.0
0.0019977277956730387
0.08435189616648837
0.09709550561062123
0.9842083984956062
0.2038329527531485
0.9877671095831543
0.4247518859789799
0.9974560265524075
0.5626576793474157
0.511863794010177
0.40193266758260476
0.41477351528220696
0.0509013528402075
0.0
0.0
0.0
0.0
0.0
0.0
0.0
0.0
0.0
0.0
0.008855475828428288
0.10968373191574866
0.09546887947387175
0.29477153646131593
0.25492805621471926
0.9937834046942611
0.5770940864428409
0.9975833639982619
0.6177726277839789
0.9983931432831636
0.6391643165298946
0.6298157206278865
0.4313461724559087
0.025663205514114624
0.00013518330287924576
0.0
0.0
0.0
0.0
0.0
0.0
0.0
0.0
0.004636105432213505
0.0029322136666764926
0.03242276549271445
0.16249172708992432
0.21365605281719838
0.4484012759730833
0.9966191383032792
0.598639914313699
0.9983111891847574
0.6765909604263188
0.9984622502851279
0.720424438544235
0.7150595495277647
0.47114025142036964
0.058067222008343564
0.0
0.0
0.0
7.350105911696944e-05
0.0
0.0
0.0
0.0
0.0
0.0
0.010629036635619534
0.1087059030351172
0.26057919180594974
0.30521140206471425
0.5542213671414312
0.5747036588738782
0.9978924069058592
0.6551363114857299
0.9983384718197978
0.6665319033962139
0.9984602380687844
0.6648877814549223
0.34080999632882875
0.05891114069326524
0.0005112898740714096
0.0
0.0
0.0
5.180861917371619e-05
0.0
0.0
0.0
0.0
0.0
0.09124598152392305
0.2571550542930274
0.4516490997452183
0.3169409827544416
0.5287990544754457
0.6106473317598033
0.9980796401512908
0.6604199489257769
0.9983701068242372
0.6816224868099995
0.9985292853566801
0.6989760093984128
0.5315409630799038
0.45716255613214496
0.15325151913973012
0.05568572808469389
0.05715109719894244
0.035688373303122765
0.043273270504413576
0.00022607927879875808
0.0
0.0011448861863528773
0.06089930805248829
0.30639392684831224
0.3581938601110091
0.6168486154569627
0.7000002750588495
0.5689916199559096
0.74561617036994
0.766357643209075
0.998806867782154
0.7456485511115202
0.999050967106305
0.7885279148852661
0.9990936929896296
0.6287246560052958
0.7300886030535605
0.3431760999005136
0.07837395323689593
0.0017079724156941292
0.0001909579904020949
0.0
7.602676980450904e-05
0.0
0.0
0.0
0.013273768166506671
0.20089569553442493
0.4324613474652336
0.5484957949101311
0.47688924207975175
0.7124460808662211
0.5940925620257775
0.9990232492659469
0.7955802694314296
0.9991161669914491
0.8004350768322723
0.9992252721014735
0.8207471773832674
0.8278376956501045
0.7027347744364317
0.5977279397808025
0.14748319995271503
0.009894671947502015
0.0029483442101153625
0.0
7.356379484489224e-05
0.0
0.0
0.0
0.0004788837426000744
0.11622823688832114
0.30943610282566825
0.6102798841657098
0.6496604634692721
0.525582243567399
0.7281991223582929
0.7713020527344326
0.7908645836079046
0.9991020262483855
0.7961077187961099
0.9992118348082404
0.8204836624330858
0.8116822301545964
0.7885993185931354
0.4201190904786914
0.066006425522936
0.0
0.0
0.0
4.6486221615871896e-05
0.0
0.0
0.0
0.0
0.0
0.15002363350742523
0.45802791880891575
0.5961209239333454
0.4961381186453646
0.6743757300171747
0.6790027537656977
0.9985191221390064
0.7452506524735087
0.9989737046976558
0.7888852310887506
0.9991591561878435
0.7987249798791303
0.7917106231538983
0.5206971666181142
0.041072013785775185
0.0
0.0
0.0
6.718900768012808e-05
0.0
0.0
0.0
0.0
0.003552392261427135
0.2591484404959332
0.45101873336502063
0.5729793601025197
0.612351751763121
0.43398808315608706
0.6966494544951957
0.7232667761378782
0.9986856683124833
0.7313659251892443
0.9987192422636969
0.7344108173690709
0.7500970306255164
0.7316386472602375
0.36431352732398953
0.00026853994047731916
0.0
0.0
0.0
0.0
0.0
0.0
0.0
0.0
0.0
0.09513726436116461
0.19684532584210324
0.4604070981397474
0.5232268138513094
0.40295810684966615
0.6235730944496711
0.6731242271818632
0.9984811346312482
0.7003058584473344
0.9987206564874994
0.7632555833795055
0.7588723529236746
0.732993128294235
0.32454283345209795
0.008838169363914534
0.0
0.0
0.0
6.995988429499171e-05
0.0
0.0
0.0
0.0
0.0
0.04875433403496423
0.3040128572485848
0.5056748149302104
0.3935424650644454
0.45176024048422997
0.9983097663449022
0.6972451534292662
0.730367118147733
0.9988642861332634
0.9988769596942358
0.7565773497866956
0.7597147294803487
0.5736499795730055
0.4253318053249774
0.01683363469787462
0.0
0.0
0.0
6.608976047136997e-05
0.0
0.0
0.0
0.0
0.0
0.006572286192266486
0.041719685764278036
0.2678657220557678
0.30843692331915407
0.5508000657334648
0.5664586301253002
0.5937660491218636
0.9978050319568158
0.6473318540981023
0.9985193239790378
0.7103506073025736
0.7087979177225167
0.5168486295617187
0.3473580736127839
0.0011935856984560203
0.00011252071224160916
0.0
0.0
0.0
0.0
0.0
0.0
0.0
0.0
0.009745054818335269
0.21317904228309567
0.40624365677171276
0.31675853478627475
0.5331579310007348
0.5929974777115753
0.627458131082826
0.998132828031181
0.6861016072064647
0.9986060935543936
0.7218150824826344
0.7170614618479207
0.5384239286561611
0.37378024560680606
0.005376025843341255
0.0
0.0
0.0
5.755198874158111e-05
0.0
0.0
0.0
0.0
0.0
0.0040277747569387986
0.08010396691330698
0.19835054730439158
0.09571612147855842
0.2777582375889624
0.46184688741806756
0.5256584310404968
0.9973516914903223
0.6107299470975478
0.9981433199156404
0.6594511167587044
0.6440454649974986
0.44050731845302266
0.3692376035384485
0.021363539403994786
0.0
0.0
0.0
4.728574470504177e-05
0.0
0.0
0.0
0.0
0.0
0.008246693939587161
0.16681254765077605
0.33664798203100843
0.22403312978064047
0.3434094569139715
0.34107349885962585
0.40162973020657555
0.9950704631594862
0.5303944040386301
0.997781738846156
0.6185367594828878
0.6105715148225768
0.5892505377412941
0.39078651923696395
0.09036396788216725
0.05068770184936953
0.06502233300893911
0.029275443586253544
0.02840636491424301
0.0
0.0
0.010440682779595705
0.030545319081923976
0.9856136986543419
0.441953937947457
0.3195738680454739
0.5246860002029287
0.5527850518840995
0.41299623337065383
0.6298181844261872
0.6441810046593034
0.99825251806969
0.6608513051167642
0.9984853722907342
0.7012590999769155
0.6965668770743784
0.6845465155129452
0.40723740501402494
0.0269483065757912
0.0
0.0
0.0
4.567813467766154e-05
0.0
0.0
0.0
0.00035404203707941847
0.0
0.10717692395719425
0.1342497035470476
0.3982385281549316
0.4657898018411453
0.3501925594860035
0.5769064903570987
0.6138486864865226
0.9981192469166262
0.6806162021723665
0.9985436069629768
0.7041324666618362
0.6819464964429457
0.4825553243141326
0.3425824670785547
0.005128069097455154
0.0
0.0
0.0
6.342501546579796e-05
0.0
0.0
0.0
0.0
0.0
0.08810350428792739
0.15102747303121952
0.4438288691609122
0.3589987578967113
0.5681031799313215
0.615570665106247
0.6344798949368963
0.9980438128170565
0.6711770119960981
0.9985189962003813
0.7088096144033286
0.7022616505166579
0.5213417661293354
0.42133895878007355
0.04323950527254863
0.0
0.004758660658095175
0.0
4.6861192296628894e-05
0.0
0.0
0.0
0.00040009197456525276
0.0
0.19434215381291023
0.13465494175977463
0.20434409586362465
0.10883348353743798
0.29973098148448096
0.4459766052742387
0.48880045183497983
0.9970284656834577
0.5814546181372884
0.9978530682459383
0.6249321918823372
0.6364562650918866
0.4828807955483418
0.40047430181821464
0.055103465309046036
0.001459621997118933
0.0
0.0
7.472475374363536e-05
0.0
0.0
0.0
0.0
0.0
0.022464994109516308
0.18300668884145052
0.35993272755754435
0.2944505718405331
0.5290501495454967
0.5827088859707292
0.6233297870474391
0.9979478565750348
0.6287561080728982
0.9982221189848012
0.6787535579484449
0.6769114840879662
0.6576080884241846
0.403639239341223
0.03901976649952216
0.0007669001305950421
0.0007061686385395957
0.0
7.601360692835563e-05
0.0
0.0
0.0
0.0012707470396529303
0.12005496075814122
0.379383698327141
0.4794180757976658
0.44069037217985535
0.6556331643460223
0.5241083921746774
0.7117690302915688
0.7185690372246029
0.9989150847211913
0.7718636341207975
0.9990363832560002
0.7848776379948065
0.7900233820623764
0.6195870234848805
0.515070092954485
0.07683295414093051
0.0012273880970527567
0.0007645107546012697
0.0
7.857567806117391e-05
0.0
0.0
0.0
0.0026216150291593285
0.1098169391157468
0.23702412804926226
0.5549140586922569
0.646052795380707
0.5169553794991468
0.5655371912802349
0.7453273226824036
0.9988420802496191
0.7515688406374988
0.9990703374258698
0.7896539301147278
0.9990218439476797
0.7634649996364148
0.7606915598620753
0.536143244590785
0.09234785897856514
0.0
0.0
0.0
5.1020429851263094e-05
0.0
0.0
0.0
0.0
0.15171097456344834
0.4559091366522438
0.5307868732375675
0.641387419752607
0.5176991455307249
0.5382497277983299
0.7312094671010175
0.9989491132503449
0.7654218042765812
0.998793089818676
0.7308430576539814
0.7511189604207728
0.9989320690433899
0.7170427061171847
0.6126455939394994
0.09577258511609678
0.002110013037853578
0.0004342611634932184
0.0
7.596447876405094e-05
0.0
0.0
0.0
0.01227272619015271
0.2601520922216922
0.5672120693367052
0.6199138321568803
0.4937110010833558
0.6805076918840209
0.5825643740037592
0.7547629554783152
0.7731851009434099
0.9990850509852028
0.7961420352203286
0.9991865620247787
0.8208521124367425
0.8178156805551936
0.6767280742049518
0.610209550916673
0.18865400960783413
0.04944863606967148
0.03250590827386098
0.015226007470569847
0.01935239271863685
0.00014902622835027092
0.0
0.0
0.011108451923361611
0.2610157260989558
0.5742859028164289
0.47243823273490254
0.6957055665284122
0.5668154843178379
0.760169832975639
0.7758599506806709
0.7837174567302351
0.999159005840157
0.8088434510443304
0.9992158363376173
0.8235765804202296
0.8205515927462118
0.6800156607931648
0.5178032640566474
0.1945448259506838
0.011409074909139822
0.004928657590683265
0.0
6.60366682505185e-05
0.0
0.0
0.00017178479627398294
0.0020959019066894343
0.22988192635561763
0.3470879706467909
0.6006031088814261
0.6698115831300571
0.5427082289909635
0.5685952316963233
0.998843525630194
0.7479581225016213
0.7420895958572242
0.9987798493198449
0.7336524003402191
0.9988740510810806
0.7508197548296667
0.5349531849352134
0.257822501408858
0.0003864094814457214
0.0
0.0
0.0
5.3156495771039216e-05
0.0
0.0
0.0
0.0
0.004700181789374515
0.11409676893883641
0.2890138592769888
0.30705411229894536
0.3618585205396949
0.5577322918645421
0.6068539489370969
0.6374244986875889
0.9983000294082487
0.6683698507487956
0.9983150340452173
0.6832359127844515
0.6868835801372366
0.5200500215356916
0.3536775012233336
0.09408567857480342
0.007796366777135399
0.006598089713538814
0.0
6.534293631493144e-05
0.0
0.0
0.0
0.0033858193955798245
0.13960896478871918
0.291391170021082
0.6022775978926401
0.679646997135993
0.5547850220111408
0.5880039563424545
0.7631857201091823
0.9990358587752199
0.7918784535590607
0.9991695433947064
0.8142236344722109
0.8247493262610963
0.8230830338921018
0.6937789747380267
0.6303673760447194
0.16155610813502289
0.030582784368431957
0.025791120838142643
0.003360806909083884
0.005359059435370889
0.0
0.0
0.0
0.019255686446550825
0.3065354974026238
0.43120117577626954
0.6657828205985862
0.73366267664992
0.6017513116152954
0.6232867748852441
0.9991435498271022
0.8102488159861454
0.8060209255448786
0.9991954807297195
0.8342212166605162
0.999269904206616
0.817861626786666
0.7990561398223082
0.5973681653217512
0.25493094757781637
0.14018263472422343
0.1195580635875678
0.09942901638013224
0.09239002174301227
0.03490843231346668
0.025435968493398346
0.0648415554434128
0.1861621220380476
0.6234884796634227
0.7203559847052318
0.7286424747758676
0.7392131559056792
0.6116413966792319
0.6635005918995392
0.8196128603101694
0.99928147776445
0.8308278827516822
0.8398681575705136
0.9993915007322157
0.8483024798211476
0.834486737477612
0.8210291311313985
0.6675514847344753
0.29416329661350504
0.13008590625813815
0.048335422542742514
0.006721545011425575
0.004374109560555858
0.0
0.0
0.0
0.04302772430116934
0.444181581587887
0.6313129702436113
0.5428600533338606
0.6963828469286591
0.7543454822466567
0.6190016806211057
0.7770322117439235
0.7904135270878133
0.791907587123755
0.9991634408580357
0.8052549328438275
0.999250330803219
0.8172178092347298
0.687394960974571
0.5237499946466658
0.22840260272681412
0.03877195092525605
0.00871207871240896
0.0
4.798780611508522e-05
6.500267097491678e-05
0.0
0.0
0.0
0.11672022925881953
0.31604858839314715
0.5702752849865602
0.6258473966008854
0.4856441324548367
0.527791180013383
0.7140768393907715
0.9986872796369295
0.6827836740556815
0.9986475726462477
0.764801213732408
0.7683292448939657
0.7669950986775635
0.6092140125388558
0.5217991554880668
0.06651785333529081
0.0
0.0
0.0
0.0
0.0
0.0
0.0
0.0
0.0
0.0018912038570150524
0.019644890898590096
0.29493696681236814
0.23874660736430278
0.49787425932783896
0.5935303341079478
0.6167508786974997
0.9983839388729939
0.7312394036338523
0.7601841055122818
0.998959607023713
0.7612540167750939
0.5977243592307637
0.4207021865850263
0.08838839398134643
0.0
0.0
0.0
6.707782859558667e-05
0.0
0.0
0.0
0.0
0.02857062708097046
0.19059199253730957
0.4686178740363004
0.3619404990405527
0.38597457702693705
0.5984568095719561
0.7006736194925977
0.7072093080045246
0.9986759686735556
0.7430287098781693
0.9988802687544341
0.7682478008625495
0.7568243553456866
0.6016416225063961
0.41145070703909936
0.053739894532083735
0.0
0.0
0.0
4.6169534256389086e-05
0.0
0.0
0.0
0.0
0.011946854266872977
0.1443195397939656
0.34830424954876466
0.5681538911675332
0.45877524512987244
0.5097543911414825
0.707260596822524
0.9987933458747094
0.7602509930736204
0.7743935290360477
0.9989949928281229
0.7739184990092481
0.7821467092116713
0.6152787186579762
0.42722723387277733
0.11719262058900905
0.002139454087386378
0.0
0.0
4.6860285655958816e-05
0.0
0.0
0.0
0.0
0.03331213345595689
0.19913693961541346
0.45064663416316575
0.5571658975006236
0.4715608793980315
0.5035144143466687
0.688761708827369
0.9987293047995996
0.7507385565255001
0.7585221273864977
0.9990528183248045
0.789144175573829
0.7828595898980467
0.7814671825556582
0.5594961265166457
0.09595376930206681
0.0005832595147173579
0.0
0.0
4.5918805636669996e-05
0.0
0.0
0.0
0.0
0.02991228035292932
0.327883473263857
0.4658931094462829
0.4231910991928919
0.6472047284411862
0.5098739547481596
0.7055286600642215
0.7334495443440024
0.7458937085329512
0.9989835829883156
0.7883079360603557
0.9991539790028292
0.8002432548106945
0.7951252540734896
0.5888205378192978
0.11740647432234484
0.01192302520368854
0.00442141608919564
0.0
4.973593672614225e-05
0.0
0.0
0.0
0.0018275527459284712
0.979465259732757
0.30310180381154866
0.5632431269483452
0.6229382549349116
0.505181769063552
0.487754506155177
0.6644677394239447
0.6503550201026405
0.9982413851542855
0.6866027025503869
0.99870006869933
0.745269846972652
0.7549072419601309
0.6206795540783472
0.4707283562815801
0.2543143230970173
0.11963128534771753
0.112966556020736
0.09840012365802382
0.09964122334081643
0.04502079818785089
0.043738034745769115
0.07516941384975168
0.251293284248499
0.5976986649509615
0.5266535853481138
0.5642253991705034
0.7581315017707126
0.6253643805805482
0.7861310195244905
0.8026976879331026
0.8134726377531751
0.8148709516396675
0.9992942642839251
0.8403114595375777
0.999391988683382
0.7425440144210936
0.7473598788132269
0.7151321008450376
0.3712778168939071
0.231084494430065
0.20716036256304898
0.13087450033603454
0.1373015108252167
0.051119181765593394
0.02934001043868587
0.06819085247959893
0.17685629248333534
0.6455178546068594
0.5876077546622741
0.7770823705488535
0.7713047132136404
0.6040703491812991
0.8128451783301359
0.8154859480776777
0.8290818506751474
0.999381498202015
0.8551111942776242
0.9994575522242043
0.8671424513213213
0.8681282620849089
0.7626748390717972
0.6244252722530342
0.3321085527879717
0.14215202793019552
0.07043809016610433
0.041608576517323304
0.0389218374480539
0.000551234932782346
0.0
0.0
0.06581898792202501
0.4809098194476237
0.6911364510136886
0.5799096257141113
0.7683909681091919
0.6772757382525701
0.7025286211194116
0.8204318008150417
0.9992219444271514
0.821439123127005
0.8405999499488008
0.9993829858922028
0.8596919675383149
0.8546778915437911
0.7410430571550322
0.6134994078622448
0.32613871197289207
0.08517485611178631
0.054720003930648096
0.037808681784107886
0.036656959783558915
0.00048594427921764584
0.0
0.0
0.04747557056691105
0.4543225598853451
0.5214754029924162
0.5615120551345135
0.7676045773725624
0.6595810008134383
0.6863238391014022
0.8306450560699672
0.9993476191383186
0.8399525010877593
0.9993905078041228
0.8561532551727877
0.8622481838001425
0.8584590015674952
0.7496463159198223
0.6052805198716457
0.3324463013482335
0.105247809657988
0.05818640353371975
0.0176305167282783
0.010693188285183815
0.0
0.0
0.0
0.0302793508789814
0.24394070783129196
0.6486300644672119
0.5249250071408885
0.7438664683684286
0.6347750965192963
0.6584708846705136
0.8114809566481217
0.9992569255273233
0.8236332960806135
0.8321336494868989
0.9993252388309357
0.8373456252446451
0.8333458022818478
0.8390413757976319
0.6855209432571502
0.2516080040188007
0.03111939352844368
0.017653695463141213
0.0017498780369311225
0.002769998717928725
0.0
0.0
0.0
0.0010299302324413896
0.31038878223503774
0.6148204665481398
0.6603369372704059
0.7188254201930683
0.5981877814707849
0.6369353576506386
0.794739324948705
0.803537570420057
0.9991996387470599
0.8080142419392164
0.8298234961203723
0.9993669697583113
0.8438106500016617
0.8375812518571236
0.56864621790039
0.21114269021426246
0.030210485269310496
0.009241227913689053
0.0
6.0755007865417265e-05
0.0
0.0
0.0
0.0007568360499303936
0.1816831437219402
0.4980926172501451
0.4360487289974252
0.6978596765337961
0.7318093992544606
0.5011351679538937
0.7757126983123881
0.7974119488471996
0.9991883725540956
0.8183655836205954
0.9992937054554629
0.8302162622685589
0.8301741829476289
0.6969158180611251
0.5507798213201731
0.23243667365078272
0.049135370449898005
0.0158429892372337
0.0
6.864902296159927e-05
0.0
0.0
0.0
0.0018458781617210047
0.23640185997133326
0.3957121299973207
0.6550958432007953
0.5482598945228875
0.5761103821596049
0.7557965255077187
0.7842998027705544
0.7998555652383913
0.8146591117966128
0.9992734806301545
0.8316569216268214
0.9993389562393447
0.7183001051625019
0.7114963527169081
0.5579060621748604
0.29256519550550664
0.08838660990005393
0.05277468944211493
0.041260374299610984
0.05690600002234905
0.0006151685978363391
0.0
0.0
0.04198211127465229
0.20351456538398907
0.5966327620996479
0.4765891393938192
0.7009215147327189
0.5517096126634091
0.5806654771662335
0.7486470598136766
0.7571196573536452
0.9990004053094471
0.7957907177127035
0.9992102102122855
0.8170482526157388
0.8208613235261972
0.6987846430594602
0.551704293180739
0.22298891962327963
0.05442751838563681
0.041313674039584775
0.006871787932906357
0.009917147295998126
0.0
0.0
0.0
0.012876561579979
0.2567399388117287
0.38394197953890746
0.43672975084368315
0.6377234603422168
0.48092532666316423
0.5049787284221058
0.645662593028796
0.9978095036830329
0.5883601923596768
0.9975892972907248
0.6049988128402196
0.6572191756437228
0.6732205845085097
0.5101327596140554
0.36427926835673835
0.18837276951173176
0.08317589859851379
0.11372346856831352
0.06380994558190367
0.07102043676958143
0.0005941710115693383
0.0
0.00025657045899622364
0.038587981959141884
0.26514626796894164
0.36340301239941725
0.5921955570026781
0.48158404632459745
0.494156640634474
0.5614790991534095
0.998890055874184
0.7576691012726089
0.744361470780932
0.9990182486895435
0.7808211260997316
0.7798163912982159
0.7867540483525881
0.6662458674753405
0.5386869731708501
0.32591581626110827
0.15076842769163634
0.0884290427234452
0.05110871968049056
0.07001563774482672
0.0013904730541778904
0.0072729089990160155
0.05351997842936475
0.127611909778915
0.507969181011619
0.46069646020238675
0.6648664059364603
0.5522809830173916
0.6112060035750991
0.6679644326034757
0.9992787253364519
0.8318390425401168
0.8327371452520771
0.9993754490084878
0.849532293984055
0.855387345138161
0.8641723731797702
0.8604462393762005
0.7271490921933864
0.35035739996752624
0.15176775388602026
0.1379005751695368
0.11955258917544183
0.1479779061138773
0.08662119208683716
0.10651636806372229
0.14655575795273634
0.2415577528965499
0.5936768043130103
0.6561290338367094
0.5081757368334969
0.7067103500759573
0.7180977317887604
0.5126681049004574
0.7943271715421377
0.816590488644825
0.9992856136911235
0.8258507549840796
0.9992907951832661
0.8318223301891087
0.8345185059599672
0.8276043375947207
0.6806642048036009
0.3088188190766712
0.2327422274506351
0.22002112761676587
0.20057229656773165
0.16035639466127974
0.11791589044009602
0.11630752259807603
0.1368959269021086
0.25724533122466325
0.6838721249863896
0.6303924928710954
0.710000498968777
0.7309208450352626
0.5840542190160768
0.6062685812254804
0.7805422902992212
0.7802720759486206
0.77664815876416
0.9991267941036998
0.8049332601744685
0.9992609532833064
0.8212603343449459
0.6840024874961073
0.6697317679857869
0.28666513172750047
0.09422097437510632
0.05247049299662678
0.025114653746282082
0.04089478625302918
0.0
0.0
0.005047719029547571
0.05926367226489596
0.384148462746507
0.6079369117527234
0.4697112922263192
0.6560353147225307
0.6650114811602819
0.4260344534820086
0.7260748340429863
0.7186926338982812
0.9987154951859737
0.7370042734870674
0.9990101203651414
0.7703503059210405
0.7544806834552028
0.5977121020452979
0.4910046388903186
0.2944953793303583
0.20384626074619616
0.2018898561105817
0.1949829087905768
0.13489683304437636
0.1350716885841738
0.09363741433306803
0.1240712013114936
0.19799275217512607
0.5406860584169779
0.47663033040212194
0.6591979245823442
0.507257267443867
0.5105190523321733
0.6909505549089309
0.7058855240068705
0.7178675266566406
0.7196502161467926
0.9987740862476792
0.7463974636771159
0.7556178389501301
0.7506705386286422
0.5865070489027885
0.4247190765928143
0.19952399858538059
0.058566567686976344
0.05867602467578012
0.03581529384906157
0.0589583126731522
0.0005703061561083718
0.0
0.016377595073348534
0.08361545354048534
0.4423890794022764
0.5291242015107551
0.5846600521315002
0.7515682732744532
0.6400482760923721
0.6872160190362464
0.8251486603134123
0.8229080059534655
0.9993319372976511
0.8416193890936084
0.9993661782899236
0.8531554197793079
0.8551872626918855
0.744209797222378
0.6242286932047114
0.3465345264957148
0.186683463564122
0.1469367573704252
0.11197381685653594
0.09150639627598324
0.015974022809642014
0.010157569609578535
0.06182255575172169
0.1627547625054792
0.6132164510820858
0.5757561391140426
0.757677463026542
0.6495781955255238
0.6572415978337468
0.6774637610427147
0.9992752983811386
0.8386990318226016
0.8426254463294104
0.9993193735308226
0.8207133812610703
0.8169051027098297
0.8192432835170589
0.6893814112399207
0.5635804461448631
0.3277225112850195
0.22221080303777266
0.1820164714617942
0.14267321513944675
0.11775664627329313
0.03187284729265559
0.027412305365971845
0.0590907793551769
0.1762146005886059
0.6095726244879003
0.5659563024242581
0.761693591936646
0.6556068075245854
0.683611632606827
0.825972709453686
0.836026306308882
0.8381380016063171
0.8465233337374263
0.9994412844629319
0.8659623482791406
0.9994798307316859
0.865497282686733
0.7519446443261132
0.7303029282279321
0.40103619900263954
0.21208074348193928
0.21057055820157142
0.19727389675285328
0.21547931937762588
0.11941967451519765
0.10072376175072047
0.12507339078174212
0.2527239787615917
0.9981177029000113
0.5756121048207121
0.7675604421292849
0.7962490212153699
0.6802456919279573
0.6920276878591692
0.8209649162366164
0.8242730449206673
0.8330509884613879
0.999333145759119
0.8393585848205144
0.8458150084684675
0.8421226510762966
0.8349848654857467
0.6903847129270663
0.3526492432811441
0.19916263485828273
0.18419922294032837
0.15163433826549824
0.11229498255404707
0.03256279867540994
0.0239844121141932
0.054841881722637015
0.16762612080152436
0.5441296762220331
0.6473031059682852
0.6918819920773518
0.589750354784844
0.7691549709058831
0.654051337213458
0.6823154176608643
