0.7899053628822097
0.0
0.0
0.0
0.0
0.8764511012643693
0.6065900225132494
0.3885068073457357
0.4240453398281907
0.28445866655280894
0.024720749866869313
0.0
0.0
0.0
0.0
0.0
0.0021350859058077995
0.002298570938804891
0.0
0.02590873284798776
0.10073201950530816
0.14770239473259505
0.23766739208693805
0.6689270761384923
0.7695511691294913
0.0
0.0
0.0
0.0
0.8293558510522827
0.5364735826921561
0.29268185746202685
0.2517541617970332
0.11023487818400211
0.0
0.0
0.0
0.0
0.002137378353433817
0.01098075509328334
0.04160595277985899
0.009142448086821105
0.0495996636201546
0.08626243935732587
0.10828781261874827
0.11388476464042874
0.15085327627484665
0.4666782451183066
0.7608514132618037
0.0
0.0
0.0
0.0
0.7816264978562407
0.39863533379322813
0.1810896921516167
0.20970283598710404
0.1685860528499057
0.023753885319701643
0.0
0.0
0.0
0.001382932538871757
0.005865094418477136
0.008912943878163333
0.0
0.00451113300550537
0.02163587959030015
0.04833559845852253
0.0758245153743295
0.12135666842738076
0.4428505835004631
0.6247072265911606
0.0
0.0
0.0
0.0
0.7759603757223107
0.3720060507636773
0.14676334983624648
0.15643095388302913
0.05047597057588527
0.0
0.0
0.0
0.0
0.002833576343703664
0.0015455168216507722
0.0
0.0
0.0
0.0
0.0013171847785834515
0.01256455034930914
0.08198876987416318
0.3838150841854985
0.6172163270677499
0.0
0.0
0.0
0.0
0.7738735733682871
0.3168498693626537
0.17532032418705698
0.3065071648723629
0.35794848188509537
0.19778869094740173
0.1259216836749175
0.10268518922553899
0.13259348507811858
0.257608574872128
0.267946662152366
0.21177810330540692
0.12090372960476532
0.11235639418000962
0.11967076628379482
0.15827590756719453
0.19154638888712003
0.2707570545411093
0.682842832737082
0.7833031837638015
0.0
0.0
0.0
0.0
0.8505073574609247
0.609279908109771
0.3966818659120227
0.3956714000232242
0.2458731548447085
0.03789190687669262
0.0
0.0
0.0
0.0018726763104810291
0.0008574653016511295
0.04900802355068841
0.06149020008679623
0.08406644921107398
0.09160182312095044
0.1404008185983006
0.1876670437169931
0.26011250530296204
0.6739613667134546
0.7903267891349739
0.0
0.0
0.0
0.0
0.8599661171831762
0.5619593729087697
0.341412161170648
0.3333944990907947
0.1270584109856399
0.0
0.0
0.0
0.0
0.001986434420937555
0.0
0.024724349003731817
0.09446260433017961
0.07086713860021794
0.07242165772125887
0.13138637965236621
0.16006509932565915
0.2641368518302029
0.6768324327715841
0.784725979761718
0.0
0.0
0.0
0.0
0.8216319645918857
0.5397911901154624
0.34783514888256956
0.3729958866260601
0.206980455229132
0.01343396140202215
0.0
0.0
0.0
0.0010486571586419398
0.0
0.029636761326714903
0.08335663982759195
0.04745670147638468
0.046094216130316355
0.10943857044419018
0.14061473458090323
0.21176783035694896
0.6227125233391831
0.782073658905714
0.0
0.0
0.0
0.0
0.8497403919706668
0.5402934656465499
0.3106444499756756
0.25393889620843335
0.10161423923334219
0.0
0.0
0.0
0.0
0.0
0.0011501935875515028
0.0004547649225295652
0.0
0.0
0.008305924821779633
0.0704901180868172
0.1039408876337959
0.1645093007054159
0.5221280607117328
0.6904099251320258
0.0
0.0
0.0
0.0
0.8146613514013269
0.5256613195754243
0.2061071799477954
0.05573892754580054
0.0
0.0
0.0
0.0
0.0
0.0
0.001077326981260725
0.0018591456088256101
0.0
0.0
0.022240670683724754
0.06486475706931728
0.07867769212619723
0.13260683353554362
0.48217807235650156
0.652059087653083
0.0
0.0
0.0
0.0
0.7967335008974239
0.4749127368076513
0.24335915758794707
0.2705979673131402
0.21686761508461386
0.02627247600693417
0.0
0.0
0.0
0.0013274474877045968
0.0010935215975528014
0.000523985851266268
0.0
0.0
0.0
0.04711213397498111
0.09356859164010378
0.18952646408219795
0.5713455799893714
0.7226985527564411
0.0
0.0
0.0
0.0
0.8014797883990235
0.46779699012757847
0.2269202522864682
0.18273763811555166
0.038555571163544876
0.0
0.0
0.0
0.0
0.0
0.0008822190168523493
0.0
0.0
0.0
0.0
0.001542908814517345
0.031461491851194186
0.13459431665015
0.46515245677836126
0.6767881416002093
0.0
0.0
0.0
0.0
0.801498204398365
0.4066703491676803
0.15691520281654708
0.09287601620777966
0.0
0.0
0.0
0.0
0.0
0.0
0.0
0.0014164508490907134
0.0010486652442359104
0.0009108891484083699
0.03458874998573495
0.08134192291849889
0.11322879082239261
0.13190340333639994
0.5145287906398354
0.7341719567203155
0.0
0.0
0.0
0.0
0.7821505042794774
0.39780209160660157
0.07656122071885987
0.0
0.0
0.0
0.0
0.0
0.0
0.0
0.0
0.0012708788946062697
0.0
0.0
0.0
0.0
0.016917535176615206
0.0853250095481743
0.5142716151389971
0.7216237614924622
0.0
0.0
0.0
0.0
0.7764835359351127
0.3871740104230083
0.22242273091649822
0.2468122769429143
0.08914160159986888
0.0
0.0
0.0
0.0
0.02622113401855153
0.0724502209913138
0.08282375365096702
0.06988645126477301
0.03268837800569612
0.048450975667527055
0.09660054117289638
0.134389651071547
0.19957771333180357
0.5700445483504488
0.726977415305577
0.0
0.0
0.0
0.0
0.8168611459007851
0.5272678482634252
0.3081565528029408
0.264379241313595
0.11414749387701059
0.002657290964771182
0.0
0.0
0.0
0.007247301088850328
0.08597748167334024
0.13510089238565176
0.11872951474556345
0.07648126519097367
0.07745641631249307
0.10554589027863674
0.1137802805261933
0.1805145421378327
0.6145227486780256
0.7375672228863439
0.0
0.0
0.0
0.0
0.8199570956973645
0.505943751529876
0.19622776299862985
0.19538071432979806
0.2495812930103535
0.17152862034147087
0.054458257094158996
0.01120349558312074
0.026929677920428528
0.16744482273415653
0.23464689623641652
0.221774795657674
0.17605109627817186
0.17577564141172997
0.16621888682810454
0.1908981533372514
0.19828222442798685
0.2513056660599836
0.6723439274785088
0.7816225376041602
0.0
0.0
0.0
0.0
0.8217317013104843
0.48300390144335764
0.21914365842352235
0.1859634082790364
0.10403656746391153
0.004018632359486995
0.0
0.0
0.0
0.001680850575348691
0.0011525282075112416
0.004555598821905093
0.020367725543903877
0.054336663520628256
0.0663973697077921
0.11520703612126584
0.14927602437541362
0.2015848382902307
0.5701414360387591
0.7292080703786951
0.0
0.0
0.0
0.0
0.798575690929306
0.4424150668892332
0.19620231792998002
0.1791738223947294
0.05307709163917806
0.0
0.0
0.0
0.0
0.0
0.0006955931006641638
0.0
0.0
0.026712214633036694
0.06989834507982803
0.1258643773413103
0.166460689318743
0.25973228469207915
0.6972568321873018
0.8171145956227251
0.0
0.0
0.0
0.0
0.8786305462008642
0.6358031855003847
0.3619869498640734
0.35759513465576603
0.2345634697795645
0.009971026267255906
0.0
0.0
0.0
0.001969277328497305
0.00125201153425153
0.02905919724248186
0.04766126261229719
0.052258463040799674
0.06104748664372842
0.14211203156618216
0.1942993940550914
0.3009548318734027
0.7069477754170881
0.8348352270109288
0.0
0.0
0.0
0.0
0.8689196240407514
0.6379287838432471
0.4556319595852555
0.4114663818554495
0.20654688344078373
0.024524022922227162
0.0
0.0
0.0
0.0014569408756084773
0.0
0.06133800560596018
0.11362096663531032
0.08053917534435655
0.06985871075980428
0.11482874020823429
0.14874576929086056
0.23281089010999298
0.6033912999200325
0.788290046368075
0.0
0.0
0.0
0.0
0.8105076674963053
0.5602740941773369
0.4054249036327066
0.3585204972118177
0.11741446423162805
0.0
0.0
0.0
0.0
0.0
0.0
0.0013497965485301754
0.0
0.0
0.0
0.008045072185240984
0.07681852913628785
0.1900298823416023
0.6071623523777305
0.7762238400539263
0.0
0.0
0.0
0.0
0.8513245844656097
0.5870643637023161
0.2970831301622556
0.23525373151773407
0.07086305264717335
0.0
0.0
0.0
0.0
0.0
0.0
0.0012814089963388445
0.0
0.007829372514065897
0.029410811255833804
0.09666310262815683
0.13030845045216594
0.201208527048692
0.5634551872763675
0.7597551956776541
0.0
0.0
0.0
0.0
0.839560456119364
0.5667714426194089
0.22037224871195768
0.07013583471703122
0.0
0.0
0.0
0.0
0.0
0.0
0.0
0.0
0.0
0.0
0.0
0.0
0.0
0.01595521672796763
0.26830943558332976
0.6150868081220983
0.0
0.0
0.0
0.0
0.7380491999860614
0.27142208076607477
0.02427759666577548
0.0
0.0
0.0
0.0
0.0
0.0
0.0
0.0
0.0
0.0
0.0
0.0
0.0
0.0
0.00133289233253149
0.024485557062969503
0.2921369873355815
0.0
0.0
0.0
0.0
0.4939086640436331
0.06538993755659649
0.0
0.0
0.0
0.0
0.0
0.0
0.0
0.0
0.0
0.0
0.0
0.0
0.0
0.0
0.0
0.0025811177482479024
0.023823263440253744
0.03273275115990186
0.0
0.0
0.0
0.0
0.5423012887130482
0.12498913327708192
0.0
0.0
0.0
0.0
0.0
0.0
0.0
0.0
0.0
0.0
0.0009664810850212612
0.0
0.0
0.0021558329031690347
0.0
0.0019184371793607522
0.17971187208597708
0.5775947790197832
0.0
0.0
0.0
0.0
0.703917191949333
0.29323025202420994
0.09279676974349639
0.035732246348635616
0.0
0.0
0.0
0.0
0.0
0.0
0.0
0.0
0.0
0.0
0.0
0.0013015082435486548
0.0
0.004850606391756668
0.29091671919214485
0.5752453538390705
0.0
0.0
0.0
0.0
0.7652808271545694
0.43047349613060637
0.23729370166339409
0.17608436950514286
0.000896857347687479
0.0
0.0
0.0
0.0
0.0016402832133806274
0.0
0.04978432810568805
0.09169903192860882
0.06769994119214515
0.07116706483954967
0.13234022434524598
0.14518545478033287
0.1964129361745448
0.6289885980648318
0.8068784178842793
0.0
0.0
0.0
0.0
0.8163383194652777
0.4979852300114282
0.2421245589767759
0.24787780031374537
0.124101696821415
0.008791945857210243
0.0
0.0
0.0
0.0021782486152060222
0.0012747713221913286
0.041594553382598244
0.0485532768653787
0.06895980072319276
0.06917229881795192
0.11521287143423727
0.13530009482931257
0.1914004885962463
0.5798912471214258
0.8015873302162155
0.0
0.0
0.0
0.0
0.8303977643612965
0.524436572465369
0.259763194631209
0.25761384635591567
0.16823493769119224
0.007902480186978691
0.0
0.0
0.0
0.0017326166233158915
0.0008347205890624832
0.05817514424231622
0.04556405341217712
0.05899409452575776
0.07451670916194436
0.1269770858283222
0.14557351711589664
0.19579529678971544
0.5373467712251965
0.7077109365870234
0.0
0.0
0.0
0.0
0.7239569422331263
0.32734685990703694
0.1506473442765826
0.18811880815455828
0.18918111165103407
0.07831984331724076
0.0020553556155698495
0.0
0.0
0.002957490559142389
0.004584399343512027
0.006247712638004059
0.002383985033072781
0.005789522995074461
0.01815074249405466
0.061531111790369054
0.0819416455000204
0.13524701052018015
0.45527366527609164
0.630166154457589
0.0
0.0
0.0
0.0
0.6999712684107922
0.2891672032901714
0.1225887142288025
0.17539635037786117
0.19521110661592764
0.0663530433677754
0.0
0.0
0.0
0.006001163574057137
0.0979300078003241
0.12198516058290096
0.05230571599964059
0.0635210514189953
0.0895886717677986
0.15700394908454557
0.18595440050970036
0.241495532876375
0.6116665689873387
0.7730797910426412
0.0
0.0
0.0
0.0
0.8388990265692408
0.6004758455256018
0.3529802977222052
0.2809399536915885
0.10932868405744095
0.0
0.0
0.0
0.0
0.0011789407992197271
0.0009265135562203482
0.0
0.0
0.0006272863353584555
0.0514582199547468
0.12181388357769811
0.16414672200077818
0.23752963253514428
0.6446109262878412
0.8072070394256442
0.0
0.0
0.0
0.0
0.8417226198076573
0.5879538379672805
0.4075837710587642
0.3726689281828261
0.15618241253941215
0.004643542119294809
0.0
0.0
0.0
0.0012418251155480627
0.0
0.0
0.024864038961256774
0.03661062110245423
0.07425580497934385
0.13187802864659967
0.1535173369276181
0.2156071254922909
0.6102237351045687
0.7530495256855317
0.0
0.0
0.0
0.0
0.8253391661055494
0.5403545861677024
0.36332588150020867
0.37239069224998506
0.18125560605082794
0.004472982117574148
0.0
0.0
0.0
0.0022600781320132658
0.0
0.0
0.025089386886754068
0.018081370622319345
0.05230962708293411
0.11199026936218616
0.1330469944680119
0.22358699892347847
0.6315927196521407
0.7698670304220702
0.0
0.0
0.0
0.0
0.7890286124936824
0.4488727005356279
0.22574622418820717
0.27700715726259106
0.1651195120845377
0.0034546776566018976
0.0
0.0
0.0
0.0
0.0007150473905442078
0.0
0.0
0.005011268824065473
0.02874471151470138
0.07677346224911359
0.1027161524460486
0.1808865991851028
0.5352261251885008
0.7260839650160534
0.0
0.0
0.0
0.0
0.8200690335431565
0.5457662741262096
0.3246202053256956
0.3413314095602071
0.22227614999683196
0.029829551043479154
0.0
0.0
0.0
0.0
0.0008747653667454683
0.0
0.0
0.007398031049741514
0.04520098642369046
0.10220888948891035
0.1262916336712065
0.199492890845438
0.5547030440698565
0.7278688809666345
0.0
0.0
0.0
0.0
0.7497666591177123
0.3642308879570303
0.17092157148600326
0.24913437534588936
0.2623922803419134
0.0998716121795575
0.0024580350798867074
0.0
0.0
0.001765176202715379
0.007879082155925015
0.0628662098431361
0.043207713350431116
0.07588883052569555
0.0936119002194467
0.13737355087560588
0.15958793132645066
0.21922073048654053
0.5671404644777216
0.7517972048471578
0.0
0.0
0.0
0.0
0.8189279943555234
0.5551924286040614
0.3653471694679518
0.305074795441081
0.04954932834398449
0.0
0.0
0.0
0.0
0.0
0.0
0.0
0.0008361839025507229
0.0
0.0
0.0011142259552093061
0.044137471710585276
0.04285141917616172
0.15490998334754538
0.47154309620461776
0.0
0.0
0.0
0.0
0.7864783134817718
0.4108190834468939
0.10034291423399513
0.0
0.0
0.0
0.0
0.0
0.0
0.0
0.0
0.0
0.0
0.0
0.0
0.001533668876267236
0.0
0.0026454712456221853
0.07854773513789916
0.5228028284288071
0.0
0.0
0.0
0.0
0.7421594232826471
0.36556576074299796
0.1294880635116252
0.013229375243827727
0.0
0.0
0.0
0.0
0.0
0.0
0.0
0.0
0.0
0.0008283596641445913
0.0
0.0010868439348276498
0.0
0.001567402825004867
0.16761212856408236
0.5289748568449237
0.0
0.0
0.0
0.0
0.6523518460594633
0.19119671719829115
0.0
0.0
0.0
0.0
0.0
0.0
0.0
0.0
0.0
0.0
0.0
0.0
0.0
0.0
0.0
0.0
0.006451822007437246
0.24566527622400247
0.0
0.0
0.0
0.0
0.6390182412126318
0.25059845299284866
0.012114581924348826
0.0
0.0
0.0
0.0
0.0
0.0
0.0
0.0
0.0
0.0
0.0
0.0
0.0
0.0
0.001949654641311324
0.25749192654900716
0.5831299407860767
0.0
0.0
0.0
0.0
0.7119473409353773
0.38403301713945603
0.15220670563473696
0.04881938388098631
0.0
0.0
0.0
0.0
0.0
0.0
0.0010072403254447078
0.0014164826713013434
0.0
0.0
0.0
0.039898672510264355
0.06388576844376441
0.11954517455331964
0.4645603464853787
0.6400964246910326
0.0
0.0
0.0
0.0
0.7192136792983157
0.27734410499585
0.12158584348783037
0.16691867580258413
0.16042551174511901
0.050693920734695246
0.0
0.0
0.0
0.002817018452994473
0.025262917906469323
0.04429169070007072
0.007116516218323533
0.014707918427005471
0.03435003275664208
0.07183760217275048
0.08248143372741025
0.1350393065930555
0.4842657441573003
0.6298209755472651
0.0
0.0
0.0
0.0
0.6972481094610818
0.2612358084627851
0.0961800087204098
0.13524707390554633
0.14235393181784595
0.050387276879731054
0.020868468519978298
0.0
0.01479817056016093
0.11414746090267049
0.17415168292155037
0.160832915132115
0.08285769922159687
0.08308815919987353
0.0900968903270474
0.12728990143191785
0.15901660854193148
0.21994248213503342
0.5994216949895641
0.7444272929318528
0.0
0.0
0.0
0.0
0.809596644665379
0.44877804489972445
0.2022551303005337
0.20359215887218662
0.08968929293435103
0.0
0.0
0.0
0.0
0.0009831022333600357
0.0007960476377046572
0.0
0.0
0.015438456021568124
0.03819663075334693
0.08361393880301662
0.10620869734395957
0.16443321020289084
0.49728402631073043
0.7130253507882746
0.0
0.0
0.0
0.0
0.8110399120058492
0.49219757900793354
0.23292471179378846
0.20388339015922924
0.08952843084154541
0.0
0.0
0.0
0.0
0.0
0.0
0.0
0.006139734939972668
0.002764034926863238
0.02382537151230706
0.0732158347291547
0.11636897124587635
0.2023249033576646
0.5599825859374472
0.7318771424658126
0.0
0.0
0.0
0.0
0.8211584981594839
0.5208788756772826
0.30941953473806966
0.3295848334375168
0.2397012574013475
0.0865873521505822
0.055040595686629654
0.05312179902797537
0.05072110124259684
0.08613087658067191
0.08967020530502519
0.09862993825544944
0.10461203545076195
0.08162999450761013
0.08480966990279688
0.13047520410319546
0.16320721576544092
0.2490105719448107
0.7048366695268458
0.7704657443958373
0.0
0.0
0.0
0.0
0.860645652474641
0.5952612197667833
0.37457435959083357
0.33333753635327645
0.15420733447276483
0.00491670891886041
0.0
0.0
0.0
0.0017655221678013965
0.0
0.0
0.024054283407452755
0.01949531932424769
0.05406885409505108
0.14280855313677113
0.1783330044701486
0.1668626263830336
0.6639562960376203
0.8234049559345543
0.0
0.0
0.0
0.0
0.8623759472776306
0.6106519777149038
0.33659882326996415
0.2625354817859562
0.0905450654540602
0.0
0.0
0.0
0.0
0.0012188303115919174
0.0010747871500208228
0.0
0.004554036670866273
0.045332395155028224
0.08719233093988393
0.13442562228154686
0.14926247026960465
0.22227399663543168
0.6237855224851248
0.7429055599231036
0.0
0.0
0.0
0.0
0.84216527132107
0.5372964894223076
0.2755108147854501
0.21231969703841225
0.11830603018050383
0.0034259664322736677
0.0
0.0
0.0
0.0018760629092876419
0.0012050678138661758
0.014227392794691367
0.006386564672475848
0.025255394291742183
0.038615085966087696
0.10037172014453725
0.1466437225286796
0.2112666800951834
0.5913074408482479
0.7485218547425609
0.0
0.0
0.0
0.0
0.8339088845163058
0.493140832301997
0.18680197506699348
0.12153296057819458
0.007904550963563161
0.0
0.0
0.0
0.0
0.0
0.0
0.0
0.0
0.0
0.0
0.012566854700253042
0.03623652365915362
0.08596004459974996
0.44498812788640807
0.7428372620762937
0.0
0.0
0.0
0.0
0.8384747047918907
0.5480139188822395
0.23297985032827367
0.12086176596909735
0.001275513888915286
0.0
0.0
0.0
0.0
0.0
0.0
0.0
0.0
0.0
0.004063231079247314
0.064934749474054
0.09331564290692586
0.16897619245263468
0.5551641012664297
0.719176367512142
0.0
0.0
0.0
0.0
0.8367352886786011
0.5111677195042071
0.2705811982637707
0.18553870471793074
0.008263801371561174
0.0
0.0
0.0
0.0
0.0
0.0
0.0
0.0009060838547345622
0.0035303066577132723
0.02448085762697348
0.09184851969846207
0.12621921775447767
0.20207113581241262
0.5593378606415635
0.7051099451524412
0.0
0.0
0.0
0.0
0.7802089258798582
0.423404838203527
0.2026462053508262
0.14024576886897702
0.0
0.0
0.0
0.0
0.0
0.0
0.0
0.0
0.00089361721482887
0.0
0.0033733503791743727
0.0957242733537852
0.15924634153905803
0.23891599120702897
0.6775891670168777
0.7910356670412275
0.0
0.0
0.0
0.0
0.873560214434579
0.5898205099447023
0.318474902280055
0.23462688286566152
0.08030891104391281
0.0
0.0
0.0
0.0
0.0012468261559731254
0.0007964383484931532
0.0
0.022691712802431898
0.06851893274213863
0.08418032152093471
0.13028046760162343
0.1703588465589431
0.2543905245815603
0.6613273859723027
0.8020358884133797
0.0
0.0
0.0
0.0
0.844807637432652
0.5784814740717279
0.32323371839800275
0.28095234077127756
0.17062651113404936
0.04185558701634643
0.0
0.0
0.0
0.0019641898620993345
0.012146062242459224
0.06909260868282538
0.04648525137098946
0.0826036972236593
0.10477724229952945
0.17063403713598982
0.20637823679190534
0.27335555218290664
0.7002782402080037
0.7894255062131179
0.0
0.0
0.0
0.0
0.8447444779382652
0.5539480404347537
0.29481377400972664
0.19914151111171305
0.018496993922982242
0.0
0.0
0.0
0.0
0.0
0.0006461262475563423
0.0
0.0
0.0
0.0034752023843332507
0.047738124710946336
0.06659891251040775
0.10415967693543297
0.44977476523048326
0.688830332427469
0.0
0.0
0.0
0.0
0.7342705629401688
0.3233849631308249
0.13146663338881603
0.12384508059351826
0.03611436130695263
0.0
0.0
0.0
0.0
0.0
0.001406199530433428
0.0
0.0
0.0
0.0
0.0064740927778267725
0.05519963193154523
0.12824510432405234
0.47067895792796055
0.6857008884171447
0.0
0.0
0.0
0.0
0.7701491535515644
0.38083340888503797
0.07143389850565805
0.0
0.0
0.0
0.0
0.0
0.0
0.0
0.0
0.0
0.0
0.0
0.0
0.001236771337648104
0.0
0.05142378120155644
0.3444735278698667
0.5323518173334949
0.0
0.0
0.0
0.0
0.7064938171170047
0.20884309188721184
0.0
0.0
0.0
0.0
0.0
0.0
0.0
0.0
0.0
0.0
0.0
0.0
0.0
0.0
0.0
0.006199677071553057
0.010858484664882193
0.09998759753141373
0.0
0.0
0.0
0.0
0.39022420446145883
0.01315218039223455
0.0
0.004872117531212843
0.0
0.0
0.0
0.0
0.0
0.0019669930166237885
0.0
0.0
0.0
0.0
0.0
0.013975375569174112
0.021916835494759996
0.04829859176075942
0.3305114892847473
0.5844490058960518
0.0
0.0
0.0
0.0
0.4921555829111945
0.12936902671755887
0.06002807873373412
0.05581891051115438
0.003077880278426624
0.0
0.0
0.0
0.0
0.0019132282693433771
0.00199963583196028
0.0
0.0
0.0
0.0
0.005877333876908612
0.017621280150031948
0.07133792646573725
0.37805324877775476
0.5916439928127116
0.0
0.0
0.0
0.0
0.6235049654330114
0.17427584149438924
0.01190389766299465
0.032777557656226954
0.03510877750476384
0.0
0.0
0.0
0.0
0.0
0.00289230150504546
0.0
0.0
0.0
0.0
0.0010722660396266918
0.0
0.02780796373126662
0.23600351267119823
0.5578948135151545
0.0
0.0
0.0
0.0
0.655565637329454
0.21900766286852164
0.016186327740335436
0.0
0.0
0.0
0.0
0.0
0.0
0.0
0.0
0.0
0.0
0.0
0.0
0.02449142748906307
0.044348446881189274
0.09120959216198894
0.4169484418594069
0.5972358261611426
0.0
0.0
0.0
0.0
0.617948759576661
0.21923043624037403
0.059883137637984564
0.07814573414322533
0.02733496773655771
0.0
0.0
0.0
0.0
0.0
0.0
0.0
0.0
0.0
0.0
0.0013452750115819582
0.029368892589055364
0.11198524766002224
0.46713283767439406
0.6584726170427406
0.0
0.0
0.0
0.0
0.720202842345414
0.29343348208208436
0.08318594921497117
0.060228210376138035
0.012485780178490108
0.0
0.0
0.0
0.0
0.0
0.0019545396700755844
0.0
0.0
0.0
0.0
0.02551481077293859
0.0406786839388944
0.11832819194275947
0.44376218267803497
0.675164037040569
0.0
0.0
0.0
0.0
0.7114362380592252
0.31023921154925016
0.08811041339998621
0.010321185793345632
0.0
0.0
0.0
0.0
0.0
0.0
0.0
0.0
0.0
0.0
0.0
0.0012731490865839786
0.0021930616411833274
0.077706469048558
0.4179569395004308
0.0
0.0
0.0
0.0
0.6598536258646357
0.23750536050188076
0.10233974570747509
0.14144297967909475
0.07562201501456506
0.017095577153955023
0.0
0.0
0.0
0.0014283259030283585
0.0
0.0
0.0
0.0
0.0
0.0026817452982508564
0.03145156705302119
0.11699931453644295
0.502270139326723
0.6601099354089134
0.0
0.0
0.0
0.0
0.70244216473679
0.2781748989760431
0.10709662907444335
0.11494277483132517
0.03608661811445472
0.0
0.0
0.0
0.0
0.0
0.0
0.0
0.0
0.0
0.0
0.001296631013081865
0.018850353360402024
0.10116890218746105
0.4595121492578327
0.6400309225351503
0.0
0.0
0.0
0.0
0.7990127837437987
0.39073617200991656
0.16818470910914693
0.16123099950624445
0.1293297513754339
0.007082785352683897
0.0
0.0
0.0
0.0018472395315269066
0.0007604745556085155
0.0
0.0
0.0
0.0
0.048402261876682444
0.07342691728645669
0.10933928416008212
0.5315675843481928
0.7264029639913963
0.0
0.0
0.0
0.0
0.8259217183507448
0.4909042408377563
0.25723000265713347
0.2660563676743721
0.16940825817212316
0.015038446836738455
0.0
0.0
0.0
0.0031036888042756524
0.005721350671395265
0.023571614053159134
0.0
0.0
0.0
0.04368218106893891
0.0960484267289706
0.1763159173735979
0.5116210886395023
0.7383070907831634
0.0
0.0
0.0
0.0
0.8052438776255482
0.5244526392542374
0.2686305455386437
0.21076107203972777
0.05401671997747762
0.0
0.0
0.0
0.0
0.0
0.0
0.0
0.0
0.0
0.0
0.004403213315176373
0.0
0.0731799231133684
0.47309868232578667
0.6814193182338697
0.0
0.0
0.0
0.0
0.7926005540072864
0.4968590557319673
0.25587435973471556
0.18449139292736116
0.05116206662119962
0.0
0.0
0.0
0.0
0.0
0.0
0.0
0.0
0.000313099197687392
0.0
0.02376602765819174
0.07540729208037866
0.1374526843085533
0.4747547167016355
0.596511251863582
0.0
0.0
0.0
0.0
0.7617954827744415
0.42781426459045535
0.24711181176204838
0.2440619761152526
0.11362166654644751
0.020410839281353222
0.0
0.0
0.0
0.0
0.0
0.0
0.0
0.0
0.0
0.03556101156153279
0.0815078787589401
0.15374671880337218
0.5111299683562038
0.7167800691040518
0.0
0.0
0.0
0.0
0.8068209949197652
0.43602422481351943
0.21904989463268618
0.19836506592309439
0.034947240342733776
0.0
0.0
0.0
0.0
0.0022067031981024537
0.0
0.0
0.0
0.006890417388557782
0.045890612465162565
0.10356555223387481
0.09760669951965031
0.1508521143129966
0.5001832272972322
0.6584996571052373
0.0
0.0
0.0
0.0
0.836943929620973
0.5629037803050847
0.3251619162462416
0.2745507492081999
0.1436100556468588
0.004266128638133097
0.0
0.0
0.0
0.001237314873115841
0.0014018127712101137
0.0
0.0
0.00166912515197121
0.006120860003677882
0.07790845789236273
0.12611471602955457
0.21641269200334365
0.5813080128205392
0.7842956545025517
0.0
0.0
0.0
0.0
0.8020472415396651
0.48114253825815545
0.2490272926783185
0.31517998818153947
0.2584608106293246
0.1384641367732727
0.11382487553174667
0.113892671135705
0.08869227779298168
0.14173405268068032
0.16619574126282113
0.24661167762603148
0.16402613649775227
0.11675039953282557
0.1412812597061235
0.20981735591612316
0.23521771951754555
0.31092645366068994
0.720604135409563
0.8289626448861962
0.0
0.0
0.0
0.0
0.857584966260915
0.5952163490982478
0.3546323067407894
0.32558657738669605
0.19478189096178533
0.02471083965274479
0.0
0.0
0.0
0.0015329931287238147
0.0013808424499080953
0.0
0.0
0.0
0.0027012894271087775
0.06235827235365001
0.10954216635805089
0.14787499429996295
0.5304739181934133
0.7485904737146446
0.0
0.0
0.0
0.0
0.8274483995241154
0.5161655689225588
0.30099022939156744
0.23699589884645453
0.10614855336177946
0.0020705700636804393
0.0
0.0
0.0
0.0014411842154583123
0.07350306969852755
0.10294600502352963
0.022102963476019834
0.02965542855341891
0.04040855054714921
0.08698730257776299
0.12495358165982606
0.19038196221523362
0.5439884635070076
0.6778141943585039
0.0
0.0
0.0
0.0
0.7419561437518545
0.3439228934396795
0.17006537531499066
0.19377835182181533
0.06170301616020495
0.0
0.0
0.0
0.0
0.0
0.0
0.0011641401766672521
0.0
0.0
0.0028042693252271753
0.002814235045011474
0.07924650371621303
0.16022751002577862
0.4276608885058652
0.5734346629779212
0.0
0.0
0.0
0.0
0.8072651231961291
0.5016019060359814
0.28759495842408683
0.14768131808845328
0.0
0.0
0.0
0.0
0.0
0.0
0.0
0.0
0.0
0.0
0.0
0.0
0.0
0.0016509310642496098
0.02510144223217328
0.5212188405658574
0.0
0.0
0.0
0.0
0.805426975215598
0.4130442010783574
0.17593030139632665
0.08359566453124838
0.0
0.0
0.0
0.0
0.0
0.0
0.0
0.0
0.0
0.0
0.0
0.0009700620741274669
0.032283894328422144
0.10822683731163826
0.5148875455985219
0.6439358352119544
0.0
0.0
0.0
0.0
0.7813388228091109
0.4185505486169282
0.17983616412945733
0.18960440665082237
0.10104117350941694
0.0
0.0
0.0
0.0
0.0
0.0
0.0
0.0
0.0
0.0
0.047487090333096324
0.10000314139438127
0.1566836430391635
0.4736179921439422
0.6597489100662352
0.0
0.0
0.0
0.0
0.7550691598808733
0.4004456431473502
0.168861806318622
0.07970471295412025
0.0
0.0
0.0
0.0
0.0
0.0
0.0
0.0
0.0
0.0
0.0
0.0008067405171910271
0.003292614091089552
0.029279403388389153
0.33491027370437076
0.6000370412460884
0.0
0.0
0.0
0.0
0.7817511137410592
0.4061038293628167
0.12285183594096102
0.011420632225381762
0.0
0.0
0.0
0.0
0.0
0.0
0.0
0.0
0.0
0.0
0.0
0.0007141252782334562
0.0011406108082581553
0.0
0.004848573538645559
0.4038970068674477
0.0
0.0
0.0
0.0
0.545385202601884
0.24744804560708358
0.036370330127415126
0.0
0.0
0.0
0.0
0.0
0.0
0.0
0.0
0.0
0.0
0.0
0.0
0.0009763233294509918
0.0
0.0014096496243613027
0.16416773946558172
0.4601318921138491
0.0
0.0
0.0
0.0
0.6529239233250167
0.2733860683705191
0.01493765149216667
0.0
0.0
0.0
0.0
0.0
0.0
0.0
0.0
0.0
0.0
0.0
0.0
0.0006289640600111858
0.0
0.06049926380748402
0.42922761724408615
0.6162738351145336
0.0
0.0
0.0
0.0
0.7691570694602653
0.39352896904563717
0.19114353698941547
0.18587920148715348
0.08104193546496084
0.0
0.0
0.0
0.0
0.0015182169462734053
0.0
0.0
0.0
0.0
0.0
0.07369502989815742
0.12054429463051691
0.19601223997686235
0.5523492491748
0.7245346047849704
0.0
0.0
0.0
0.0
0.788578405008696
0.4398126365561149
0.23029566140549734
0.239164819875612
0.12144195408304166
0.000767756973740485
0.0
0.0
0.0
0.0020556242425000242
0.0
0.0
0.0
0.0
0.0
0.053859258675056004
0.07260920889111842
0.14057191788377996
0.4879551909988094
0.6493928374434486
0.0
0.0
0.0
0.0
0.8003826868453298
0.4587034600380979
0.18815137109956168
0.14588468084724976
0.03122952974865036
0.0
0.0
0.0
0.0
0.001261839597796394
0.0008349490920573437
0.0
0.0
0.0
0.0
0.0496257716537681
0.08403618392842559
0.1491039958640996
0.5258532007555671
0.7155068902052487
0.0
0.0
0.0
0.0
0.7740676490030104
0.44129441246540635
0.17005271702121283
0.09014269012663323
0.0
0.0
0.0
0.0
0.0
0.0
0.0009989261100842165
0.0
0.0
0.0
0.0
0.023647698251643066
0.05624465162762739
0.13651386042058997
0.4771912688773373
0.7085835180064732
0.0
0.0
0.0
0.0
0.771011500812579
0.4207672544046216
0.17143195734345856
0.16862358417704593
0.06452395129399742
0.0
0.0
0.0
0.0
0.0
0.0
0.0
0.0
0.0
0.0
0.0012944457909594969
0.0
0.03984319345491791
0.2874996860936977
0.5766958500942867
0.0
0.0
0.0
0.0
0.7202027444541795
0.33358614046139334
0.12373735931911004
0.04537358180171575
0.0
0.0
0.0
0.0
0.0
0.0
0.0
0.0
0.0
0.0
0.0
0.00411510658107068
0.04303964199048111
0.08702692953871334
0.08865054431121652
0.14686520748203138
0.0
0.0
0.0
0.0
0.7061647760782233
0.3040155490644195
0.08551235845754697
0.009394491146685828
0.0
0.0
0.0
0.0
0.0
0.0
0.0
0.0
0.0
0.0
0.0
0.0
0.0
0.0
0.03146969221088015
0.19719131283326097
0.0
0.0
0.0
0.0
0.669054583286852
0.26911419385175006
0.017191396911048148
0.0
0.0
0.0
0.0
0.0
0.0
0.0
0.0
0.0
0.0
0.0
0.0
0.0
0.0016567352353251863
0.0016859853492190175
0.007625173187605036
0.3359714183367488
0.0
0.0
0.0
0.0
0.6260075523171125
0.20959956933303242
0.019776949580954974
0.0
0.0
0.0
0.0
0.0
0.0
0.0
0.0
0.0
0.0
0.0
0.0
0.0009697308266180811
0.0
0.0036202603786720244
0.298414465415189
0.4896870066072883
0.0
0.0
0.0
0.0
0.7041100171183587
0.268460759903218
0.04341580825611751
0.0
0.0
0.0
0.0
0.0
0.0
0.0
0.0
0.0
0.0
0.0
0.0
0.0005350983370893555
0.0
0.0
0.028061598075441768
0.42975501073892375
0.0
0.0
0.0
0.0
0.6643500268751298
0.2477967138718098
0.07583266897899782
0.06979713386143108
0.004704360703808027
0.0
0.0
0.0
0.0
0.0
0.0
0.0
0.0
0.0
0.0
0.0
0.0
0.0
0.0
0.0
0.0
0.0
0.0
0.0
0.41182468415076795
0.16468997553655085
0.0
0.0
0.0
0.0
0.0
0.0
0.0
0.0
0.0
0.0
0.0
0.0
0.0
0.0022332908450751724
0.0
0.0
0.007657318190538132
0.2951432548154808
0.0
0.0
0.0
0.0
0.6042702965865653
0.23264161081408033
0.011735412611589585
0.0
0.0
0.0
0.0
0.0
0.0
0.0
0.0
0.0
0.0
0.0
0.0
0.0005626458584784552
0.0
0.009221824960155224
0.11490126139881647
0.49805024389248614
0.0
0.0
0.0
0.0
0.7181129846497567
0.2904609672483134
0.03184054032910378
0.0
0.0
0.0
0.0
0.0
0.0
0.0
0.0
0.0
0.0
0.0
0.0
0.000816070231502923
0.0
0.0012034455291258244
0.17387866534877178
0.4957179635295036
0.0
0.0
0.0
0.0
0.6702000791642548
0.24174670815508825
0.046467431205096416
0.00183136638859933
0.0
0.0
0.0
0.0
0.0
0.0
0.0
0.0
0.0
0.0
0.0
0.000808094192824091
0.0
0.0013725261168913198
0.005714330058600006
0.33470485433685754
0.0
0.0
0.0
0.0
0.5479817916184233
0.2018438368226057
0.009385867833410631
0.0
0.0
0.0
0.0
0.0
0.0
0.0
0.0
0.0
0.0
0.0
0.0
0.000745913356228471
0.0
0.0013519676397040594
0.007252683067863101
0.2610763992218609
0.0
0.0
0.0
0.0
0.6113706602181294
0.24280172754032056
0.06509646056019446
0.02224195879165907
0.0
0.0
0.0
0.0
0.0
0.0
0.0
0.0
0.0
0.0
0.0
0.0007510994418126828
0.0
0.0016911295960371166
0.2711830094126761
0.5437277623565405
0.0
0.0
0.0
0.0
0.6551100978913811
0.26935920985302236
0.09589607729502317
0.05752779621816816
0.0
0.0
0.0
0.0
0.0
0.0
0.0
0.0
0.0
0.0
0.0
0.0007040360678233106
0.0
0.001269646022132631
0.15805309383017196
0.528833242462209
0.0
0.0
0.0
0.0
0.6426737669739339
0.23262038272216198
0.015707380851195305
0.0
0.0
0.0
0.0
0.0
0.0
0.0
0.0
0.0
0.0
0.0
0.0
0.001444073886226897
0.0
0.05657287920194313
0.33178657016830604
0.5434205263038222
0.0
0.0
0.0
0.0
0.5859570855718828
0.18329556783493015
0.034278376170639085
0.043433209017302375
0.013339519791561895
0.0
0.0
0.0
0.0
0.0
0.0
0.0
0.0
0.0
0.0
0.000663781327520807
0.0
0.0038138457719855455
0.24175667419789773
0.5908720432891547
0.0
0.0
0.0
0.0
0.6898306586909413
0.2906090044328452
0.09338547706764583
0.08509423284628277
0.01114390594632245
0.0
0.0
0.0
0.0
0.001760754323744887
0.002616785746268861
0.0
0.0
0.0
0.0147819132612375
0.09096472819766152
0.10471431419864781
0.1821976536781718
0.5823031284075653
0.7116997625205624
0.0
0.0
0.0
0.0
0.7917759943517706
0.41538030727910696
0.20039061208060144
0.2090704276889827
0.12318082331189124
0.03946418172928104
0.061140599284584325
0.03212850935965523
0.0439664818663255
0.08938357377451288
0.002879459101514131
0.0
0.0
0.005481435859779046
0.05676098202323399
0.10896477982031907
0.12895774858503833
0.18901868290408927
0.5334826215207894
0.7087398843141438
0.0
0.0
0.0
0.0
0.8206033957161097
0.5024871166292213
0.30249837603152363
0.2934141333785022
0.27190583566954346
0.1298345423527188
0.07559172255316586
0.05649004457533466
0.023949392290575217
0.006641871255550706
0.024801541829584918
0.005609170874852873
0.005966434871500528
0.003260797024533778
0.030246555351769042
0.08471037631620856
0.12670576137710826
0.19577200243513174
0.5686693730693859
0.6933523306095317
0.0
0.0
0.0
0.0
0.8096046401959405
0.46501547748665706
0.1782306857297722
0.1564965888227861
0.07933032883606679
0.0
0.0
0.0
0.0
0.0008978241998530457
0.0012919327769945826
0.0
0.0
0.0
0.0
0.0
0.018999800213236308
0.06541895258971936
0.3571167212142978
0.6185366856282171
0.0
0.0
0.0
0.0
0.7313986927460279
0.30885054456367306
0.10719142535252041
0.062159749198664134
0.0
0.0
0.0
0.0
0.0
0.0
0.0
0.0
0.0
0.0
0.0
0.00077927516175326
0.03429749003043926
0.1259500027116022
0.47390234941876447
0.6472845119124626
0.0
0.0
0.0
0.0
0.6218601096426051
0.22295090821624425
0.05438491094924731
0.05895502536976722
0.06724555927291982
0.0025611218313575227
0.0
0.0
0.0
0.001534605962324906
0.0
0.0
0.0
0.0
0.0
0.0
0.0
0.05438275202023052
0.35529640879872415
0.6168063327009873
0.0
0.0
0.0
0.0
0.563621351444646
0.16396453530854532
0.0
0.0
0.0
0.0
0.0
0.0
0.0
0.0
0.001767452297997475
0.0
0.0
0.0
0.0
0.0011460623309761664
0.0
0.0012953896193476705
0.1742037494905578
0.4994272168114025
0.0
0.0
0.0
0.0
0.5422997511520696
0.1349972021009529
0.0
0.0
0.0
0.0
0.0
0.0
0.0
0.002274334785949482
0.056906829450199196
0.0755029334223417
0.01882335089416236
0.0030744783463730065
0.0
0.01961873692097937
0.03395296750787776
0.09901190405313003
0.47378558765550777
0.6563149691645819
0.0
0.0
0.0
0.0
0.7461861004777957
0.3003684639633277
0.09523529705928102
0.023852256753380083
0.0
0.0
0.0
0.0
0.0
0.0008013754482051581
0.0
0.0
0.0
0.0
0.0
0.0008768382853328334
0.002226252246291507
0.04885775356168493
0.3105874502899495
0.5422384204695138
0.0
0.0
0.0
0.0
0.6299486026977081
0.22197886080613727
0.13231038056049516
0.19560739250936837
0.18961201683550466
0.06715202717774098
0.024421852687679567
0.0
0.0
0.005209913570126342
0.02805319080238499
0.02930242353675657
0.0
0.0
0.0
0.001143197162085016
0.0
0.030076384586354355
0.25436636146215
0.5006664042754094
0.0
0.0
0.0
0.0
0.5966267905777418
0.19527504216019825
0.02113054499518405
0.0
0.0
0.0
0.0
0.0
0.0
0.0
0.0
0.0
0.0
0.0
0.0
0.0006646392513537983
0.0
0.007969384454309981
0.312431848199261
0.5648837737048361
0.0
0.0
0.0
0.0
0.6800347249019596
0.2567518494413782
0.04370204430541527
0.0017406084949915372
0.0
0.0
0.0
0.0
0.0
0.0
0.0
0.0
0.0
0.0
0.0
0.0006644653486020036
0.0
0.04931801278584845
0.3960495845372399
0.6010179674331424
0.0
0.0
0.0
0.0
0.6497727900347483
0.2119687077540217
0.03368285750179003
0.004150216702910813
0.0
0.0
0.0
0.0
0.0
0.0
0.0
0.0
0.0
0.0
0.0
0.0014563770002490887
0.0
0.032341754823498874
0.28685237163716404
0.534254604820462
0.0
0.0
0.0
0.0
0.5763515528511575
0.17057868306360285
0.022065401681415645
0.020109014189532187
0.0
0.0
0.0
0.0
0.0
0.0
0.0
0.0
0.0
0.0
0.0
0.0008947645491069994
0.0
0.028599531806244697
0.25560098390437347
0.5638126998912623
0.0
0.0
0.0
0.0
0.5837208700922981
0.17054653933300973
0.008759053450763514
0.0
0.0
0.0
0.0
0.0
0.0
0.0
0.0008537266663116719
0.0
0.0
0.0
0.0
0.0014392039728896497
0.007514050352352399
0.07279766371005394
0.3524532026952253
0.6056332157953079
0.0
0.0
0.0
0.0
0.5819094207797348
0.18322598658265507
0.034746556389179915
0.019355731653391706
0.0
0.0
0.0
0.0
0.0
0.0
0.0
0.0
0.0
0.0
0.0
0.0009223410805891168
0.0021183347482321363
0.06870248140052845
0.39412774875775247
0.6078410283425321
0.0
0.0
0.0
0.0
0.6816185360564161
0.2642805553886737
0.10345835196691273
0.04092124556195096
0.0
0.0
0.0
0.0
0.0
0.0
0.0
0.0
0.0
0.0
0.0
0.000675371644582767
0.0
0.03342562893321945
0.2940295320640676
0.5377327691809436
0.0
0.0
0.0
0.0
0.6375436075773006
0.22141164086266013
0.013846180285141273
0.0
0.0
0.0
0.0
0.0
0.0
0.0
0.0
0.0
0.0
0.0
0.0
0.0006755247619712419
0.0
0.0014789097533966587
0.17800359793102485
0.5171994828017299
0.0
0.0
0.0
0.0
0.6728982169698698
0.23914684897193983
0.011482753442800711
0.0
0.0
0.0
0.0
0.0
0.0
0.0
0.0
0.0
0.0
0.0
0.0
0.0005081876350390267
0.0
0.0014435222136906297
0.014649360584811814
0.4568601271462995
0.0
0.0
0.0
0.0
0.6761150596851785
0.25701697533688883
0.024825151139278582
0.0
0.0
0.0
0.0
0.0
0.0
0.0
0.0
0.0
0.0
0.0
0.0
0.0005582431954506934
0.0
0.0014210594195370795
0.007449001459208387
0.42005821487374256
0.0
0.0
0.0
0.0
0.5849049499575802
0.1722716389625414
0.0
0.0
0.0
0.0
0.0
0.0
0.0
0.0
0.0
0.0
0.0
0.0
0.0
0.0
0.0
0.0013587188064150743
0.0063474064041253745
0.334854617630151
0.0
0.0
0.0
0.0
0.5395727134049921
0.16636056226650234
0.005315678637474279
0.0
0.0
0.0
0.0
0.0
0.0
0.0
0.0
0.0
0.0
0.0
0.0
0.0
0.0
0.0012843870693441653
0.0072959596989619485
0.1748450940070313
0.0
0.0
0.0
0.0
0.48463511239040175
0.09462041383739174
0.0
0.0
0.0
0.0
0.0
0.0
0.0
0.0
0.0
0.0
0.0
0.0
0.0
0.0005236011751357078
0.0
0.0013132572764324357
0.0076028546767829604
0.33872457779502413
0.0
0.0
0.0
0.0
0.5378517050964653
0.17962106868582317
0.043746122598394895
0.010092174039378185
0.0
0.0
0.0
0.0
0.0
0.0
0.0
0.0
0.0
0.0
0.0009124060227462883
0.0006771745957136299
0.0
0.0014433188275995911
0.23429015960081997
0.5186306505109032
0.0
0.0
0.0
0.0
0.5378413295153749
0.1642793612678794
0.014571761157923097
0.0
0.0
0.0
0.0
0.0
0.0
0.0
0.0
0.0
0.0
0.0
0.0
0.0007444018959388824
0.0
0.0013817489575593343
0.1620328744021331
0.47798064466632073
0.0
0.0
0.0
0.0
0.447563695587897
0.06898016063525182
0.0
0.0
0.0
0.0
0.0
0.0
0.0
0.0
0.0
0.0
0.0
0.0
0.0
0.0007793071994259945
0.0
0.0013803109724992554
0.15698633195611275
0.4762145581018824
0.0
0.0
0.0
0.0
0.49544830060082584
0.1189693205075202
0.0
0.0
0.0
0.0
0.0
0.0
0.0
0.0
0.0
0.0
0.0
0.0
0.0
0.0006529534696890712
0.0
0.011405953715501788
0.25142919476900005
0.5351132039830078
0.0
0.0
0.0
0.0
0.5571014719851693
0.16272235844137461
0.005434737054683358
0.0
0.0
0.0
0.0
0.0
0.0
0.0
0.0
0.0
0.0
0.0
0.0
0.0014577161921159457
0.0
0.018675842044303774
0.3197415118345521
0.5641172756255456
0.0
0.0
0.0
0.0
0.6657738157777787
0.25436536742225935
0.05184201950797239
0.042441571658044915
0.06852756532028323
0.048819807306862695
0.0
0.0
0.0
0.0017121305079712459
0.0006630435317067615
0.0
0.0
0.0
0.0
0.000892101736950736
0.014912957783080253
0.07667962107339829
0.43153212241748756
0.612004329363903
0.0
0.0
0.0
0.0
0.7306350965014261
0.3480144689250352
0.0978056707148085
0.010457304375354016
0.0
0.0
0.0
0.0
0.0
0.0
0.0
0.0
0.0
0.0
0.0
0.0004909283097330108
0.0
0.001515994083177783
0.22295798452745585
0.5330161442263809
0.0
0.0
0.0
0.0
0.7522207084531134
0.3339461677769811
0.07059256410324002
0.0
0.0
0.0
0.0
0.0
0.0
0.0
0.0
0.0
0.0
0.0
0.0
0.0006252592458728129
0.0
0.001509767391109811
0.2474611610767042
0.5345671045243277
0.0
0.0
0.0
0.0
0.7133710610410146
0.258371163962421
0.010511879966546601
0.0
0.0
0.0
0.0
0.0
0.0
0.0
0.0
0.0
0.0
0.0
0.0
0.00045184945682656425
0.0
0.0014819333552177542
0.013049290515197862
0.4471424962772182
0.0
0.0
0.0
0.0
0.4996015681360539
0.09447441316142294
0.0
0.0
0.0
0.0
0.0
0.0
0.0
0.0
0.0
0.0
0.0
0.0
0.0
0.0006961352999631915
0.0
0.001429546532380701
0.169518753538861
0.5256387049682401
0.0
0.0
0.0
0.0
0.5193517953710847
0.09954626941769695
0.0
0.0
0.0
0.0
0.0
0.0
0.0
0.0
0.0
0.0
0.0
0.0
0.0
0.0005726301369812819
0.0
0.0014924064436397041
0.1493110317180193
0.4750558665809769
0.0
0.0
0.0
0.0
0.5281896593519583
0.1223267817979751
0.0
0.0
0.0
0.0
0.0
0.0
0.0
0.0
0.0
0.0
0.0
0.0
0.0
0.0009278123957365598
0.0
0.019285615992099096
0.2949836612715014
0.540112183920687
0.0
0.0
0.0
0.0
0.6352986581370855
0.19481533027689202
0.012494849365098974
0.001479454899842263
0.0
0.0
0.0
0.0
0.0
0.0
0.0
0.0
0.0
0.0
0.0
0.0009198736120548034
0.0
0.0015029224226439087
0.15306500671787948
0.5138424448815415
0.0
0.0
0.0
0.0
0.6469524535175278
0.2252828475060388
0.0648688441574633
0.007779558839014644
0.0
0.0
0.0
0.0
0.0
0.0
0.0
0.0
0.0
0.0
0.0
0.0
0.0
0.0014991914505479299
0.0
0.23957770252403682
0.0
0.0
0.0
0.0
0.3208099312014907
0.01523944462516417
0.0
0.0
0.0
0.0
0.0
0.0
0.0
0.0
0.0
0.0
0.0
0.0
0.0
0.0
0.0
0.0
0.0
0.007262165959123566
0.0
0.0
0.0
0.0
0.3257160087772935
0.0
0.0
0.0
0.0
0.0
0.0
0.0
0.0
0.0
0.0
0.0
0.0
0.0
0.0
0.0
0.0
0.0
0.0
0.010222893183575497
0.0
0.0
0.0
0.0
0.15794838246581272
0.0
0.00036501307540576184
0.0
0.0
0.0
0.0
0.0
0.0
0.0
0.0
0.0
0.0
0.0
0.0
0.0
0.0
0.0
0.0
0.011474131967593074
0.0
0.0
0.0
0.0
0.08353042200371016
0.0
0.0
0.0
0.0
0.0
0.0
0.0
0.0
0.0
0.0
0.0
0.0
0.0
0.0
0.0
0.0
0.0015409973924467718
0.006890218958760771
0.2797544025283009
0.0
0.0
0.0
0.0
0.5201979263712292
0.09546837783786724
0.0
0.0
0.0
0.0
0.0
0.0
0.0
0.0
0.0
0.0
0.0
0.0
0.0
0.0005971283185037618
0.0
0.0014295428341298637
0.14593953017427197
0.5750325108894108
0.0
0.0
0.0
0.0
0.6911769491676706
0.2733518796042389
0.027729941648854627
0.0
0.0
0.0
0.0
0.0
0.0
0.0
0.0
0.0
0.0
0.0
0.0
0.0006367504269143029
0.0
0.011532458571949783
0.2699275991144432
0.5320412999857203
0.0
0.0
0.0
0.0
0.5518992361625868
0.15169316249478185
0.0
0.0
0.0
0.0
0.0
0.0
0.0
0.0
0.0
0.0
0.0
0.0
0.0
0.0004384827664610668
0.0
0.0017035370286231923
0.1177375379562949
0.433345725072595
0.0
0.0
0.0
0.0
0.4380815121223318
0.0807993205804368
0.0
0.0
0.0
0.0
0.0
0.0
0.0
0.0
0.0
0.0
0.0
0.0
0.0
0.0010703978653840874
0.0
0.026335769566360006
0.2690346620308438
0.4992035740370803
0.0
0.0
0.0
0.0
0.5266530275724578
0.11703547897934631
0.0
0.0
0.01429954115570587
0.0
0.0
0.0
0.0
0.0013880325839636133
0.0
0.0
0.0
0.0
0.0
0.0007489858036588555
0.0
0.018694737234392102
0.3209393759434487
0.5646383020417418
0.0
0.0
0.0
0.0
0.5759521630158548
0.13122410033728488
0.0
0.0
0.0
0.0
0.0
0.0
0.0
0.0
0.0
0.0
0.0
0.0
0.0
0.0006407375482666546
0.0
0.0014623155802912023
0.0064178960094436405
0.44499126900500063
0.0
0.0
0.0
0.0
0.47622743703726794
0.06704957517146415
0.0
0.0
0.0
0.0
0.0
0.0
0.0
0.0
0.0
0.0
0.0
0.0
0.0
0.0004458149929039153
0.0
0.0
0.005905416616919705
0.32408365096062813
0.0
0.0
0.0
0.0
0.4521976214764091
0.06914467452231192
0.0
0.0
0.0
0.0
0.0
0.0
0.0
0.0
0.0
0.0
0.0
0.0
0.0
0.0007374371497931023
0.0
0.0013322355326077667
0.06705351725451306
0.44964813538272536
0.0
0.0
0.0
0.0
0.44042967520610066
0.03315908782267156
0.0
0.0
0.0
0.0
0.0
0.0
0.0
0.0
0.0
0.0
0.0
0.0
0.0
0.0004690257641142005
0.0
0.0015105963035929564
0.03549930729758329
0.4857156222877566
0.0
0.0
0.0
0.0
0.5898875182165365
0.14226317896497356
0.0
0.0
0.0
0.0
0.0
0.0
0.0
0.0
0.0
0.0
0.0
0.0
0.0
0.0005994139507034046
0.0
0.0014585395077851204
0.011986221165792281
0.4099931483723984
0.0
0.0
0.0
0.0
0.3873149594977759
0.03180678147673041
0.0
0.0
0.0
0.0
0.0
0.0
0.0
0.0
0.0
0.0
0.0
0.0
0.0
0.0005599228826779832
0.0
0.0014735135880571775
0.14913607572657225
0.43968076511797777
0.0
0.0
0.0
0.0
0.39304308773849134
0.015266162716594235
0.0
0.0
0.0
0.0
0.0
0.0
0.0
0.0
0.0
0.0
0.0
0.0
0.0
0.000548464389437801
0.0
0.0014410894427676472
0.006299904026224235
0.39072248512599544
0.0
0.0
0.0
0.0
0.40733486544841485
0.005763831908395388
0.0
0.0
0.0
0.0
0.0
0.0
0.0
0.0
0.0
0.0
0.0
0.0
0.0
0.0007761546533702373
0.0
0.001608462442688245
0.0065313002817407075
0.4077058379868004
0.0
0.0
0.0
0.0
0.5388128565385819
0.11772423963371152
0.0
0.0
0.0
0.0
0.0
0.0
0.0
0.0
0.0
0.0
0.0
0.0
0.0
0.0007573546972755342
0.0
0.0013768146037020472
0.006309096520676431
0.40153468326195646
0.0
0.0
0.0
0.0
0.43692838798387107
0.030235260769920603
0.0
0.0
0.0
0.0
0.0
0.0
0.0
0.0
0.0
0.0
0.0
0.0
0.0
0.0
0.0
0.0014063225969639988
0.006256853390714668
0.14490839755549342
0.0
0.0
0.0
0.0
0.36354911426382946
0.0
0.0
0.0
0.0
0.0
0.0
0.0
0.0
0.0
0.0
0.0
0.0
0.0
0.0
0.0
0.0
0.0013178880802227999
0.007265982992747758
0.04276509439683407
0.0
0.0
0.0
0.0
0.20449947950351938
0.0
0.0
0.0
0.0
0.0
0.0
0.0
0.0
0.0
0.0
0.0
0.0
0.0
0.0
0.0006802173890002131
0.0
0.0014829445084973089
0.08346078072705228
0.4493389845449568
0.0
0.0
0.0
0.0
0.46346845608003145
0.04668196951100637
0.0
0.0
0.0
0.0
0.0
0.0
0.0
0.0
0.0
0.0
0.0
0.0
0.0
0.0005599963713610554
0.0
0.0017284303650548882
0.007664092206209985
0.4407667821541065
0.0
0.0
0.0
0.0
0.528939845793723
0.0560294573163066
0.0
0.0
0.0
0.0
0.0
0.0
0.0
0.0
0.0
0.0
0.0
0.0
0.0
0.0
0.0
0.001396135128187943
0.006840509315184327
0.376409282677086
0.0
0.0
0.0
0.0
0.5114498351522112
0.07473907448150122
0.0
0.0
0.0
0.0
0.0
0.0
0.0
0.0
0.0
0.0
0.0
0.0
0.0
0.0
0.0
0.0014356919674043808
0.0062808496626450185
0.295179229666377
0.0
0.0
0.0
0.0
0.5091796440432669
0.07504257979519827
0.0
0.0
0.0
0.0
0.0
0.0
0.0
0.0
0.0
0.0
0.0
0.0
0.0
0.000524796883192709
0.0
0.001365293705404821
0.006219087397168711
0.19547157115791697
0.0
0.0
0.0
0.0
0.07799673877196413
0.0
0.0
0.0
0.0
0.0
0.0
0.0
0.0
0.0
0.0
0.0
0.0
0.0
0.0
0.0
0.0
0.0013581222238393208
0.006085815372065252
0.09375459924305735
0.0
0.0
0.0
0.0
0.2851498239484798
0.0
0.0
0.0
0.0
0.0
0.0
0.0
0.0
0.0
0.0
0.0
0.0
0.0
0.0
0.0
0.0
0.0015968014743371374
0.006579537550996579
0.2118326277691055
0.0
0.0
0.0
0.0
0.36352621428226684
0.00466679942290169
0.0
0.0
0.0
0.0
0.0
0.0
0.0
0.0
0.0
0.0
0.0
0.0
0.0
0.0
0.0
0.002812745221655563
0.007200411691140923
0.1464793727678394
0.0
0.0
0.0
0.0
0.3463516917438789
0.0
0.0
0.0
0.0
0.0
0.0
0.0
0.0
0.0
0.0
0.0
0.0
0.0
0.0
0.0
0.0
0.0014648620581498013
0.007299360895745775
0.33333273795417656
0.0
0.0
0.0
0.0
0.37422942015800564
0.005002170158806192
0.0
0.0
0.0
0.0
0.0
0.0
0.0
0.0
0.0
0.0
0.0
0.0
0.0
0.0007509401938794953
0.0
0.0014216119785091371
0.007378200220685695
0.41585536900558984
0.0
0.0
0.0
0.0
0.4082469764291403
0.0
0.0
0.0
0.0
0.0
0.0
0.0
0.0
0.0
0.0
0.0
0.0
0.0
0.0
0.0
0.0
0.0014111371874408218
0.00633917414207849
0.2784053779690219
0.0
0.0
0.0
0.0
0.43050864064956446
0.013709766282655121
0.0
0.0
0.0
0.0
0.0
0.0
0.0
0.0
0.0
0.0
0.0
0.0
0.0
0.0
0.0
0.0
0.0070606254071784585
0.010732028660461034
0.0
0.0
0.0
0.0
0.3191114389979676
0.0
0.0
0.0
0.0
0.0
0.0
0.0
0.0
0.0
0.0
0.0
0.0
0.0
0.0
0.0
0.0
0.0
0.00705223542850098
0.021005356066320188
0.0
0.0
0.0
0.0
0.40533195198383565
0.008459252449053153
0.00034075366903699796
0.0
0.0
0.0
0.0
0.0
0.0
0.0
0.0
0.0
0.0
0.0
0.0
0.0
0.0
0.0
0.0063467340879503585
0.010807402879406507
0.0
0.0
0.0
0.0
0.20115920525879163
0.0
0.0
0.0
0.0
0.0
0.0
0.0
0.0
0.0
0.0
0.0
0.0
0.0
0.0
0.0007733744510999145
0.0
0.0014075596635455686
0.006101480875445543
0.3170455223569774
0.0
0.0
0.0
0.0
0.4706538229029701
0.08427803852671739
0.0
0.0
0.0
0.0
0.0
0.0
0.0
0.0
0.0
0.0
0.0
0.0
0.0
0.0
0.0
0.001297643051992646
0.008050752312588177
0.06400986233488512
0.0
0.0
0.0
0.0
0.3896879148882528
0.005963060842024711
0.0
0.0
0.0
0.0
0.0
0.0
0.0
0.0
0.0
0.0
0.0
0.0
0.0
0.0
0.0
0.001306001317866173
0.012010960723722845
0.18526321651002395
0.0
0.0
0.0
0.0
0.3884978866770095
0.009540015396702331
0.0
0.0
0.0
0.0
0.0
0.0
0.0
0.0
0.0
0.0
0.0
0.0
0.0
0.0
0.0
0.0015840263037197777
0.006218635587245327
0.13910421250674285
0.0
0.0
0.0
0.0
0.10880159557967277
0.0
0.0
0.0
0.0
0.0
0.0
0.0
0.0
0.0
0.0
0.0
0.0
0.0
0.0
0.0
0.0
0.0015429004593898346
0.0
0.06136664562870965
0.0
0.0
0.0
0.0
0.16082760071754912
0.0
0.0
0.0
0.0
0.0
0.0
0.0
0.0
0.0
0.0
0.0
0.0
0.0
0.0
0.0
0.0
0.002712644532589651
0.012260887685355885
0.010346701095450824
0.0
0.0
0.0
0.0
0.027633882715679556
0.0
0.0
0.0
0.0
0.0
0.0
0.0
0.0
0.0
0.0
0.0
0.0
0.0
0.0
0.0
0.0
0.002673661681298204
0.012173015424525736
0.010403191481893592
0.0
0.0
0.0
0.0
0.01245161149670695
0.0
0.0
0.0
0.0
0.0
0.0
0.0
0.0
0.0
0.0
0.0
0.0
0.0
0.0
0.0
0.0
0.0
0.005306746636545043
0.007507282848380968
0.0
0.0
0.0
0.0
0.024084246142141368
0.0
0.0
0.0
0.0
0.0
0.0
0.0
0.0
0.0
0.0
0.0
0.0
0.0
0.0
0.0
0.0
0.0
0.0
0.006779482777259527
0.0
0.0
0.0
0.0
0.012569256577750317
0.0
0.0
0.0
0.0
0.0
0.0
0.0
0.0
0.0
0.0
0.0
0.0
0.0
0.0
0.0
0.0
0.0
0.0
0.007049033072162126
0.0
0.0
0.0
0.0
0.010379206953181225
0.0
0.0
0.0
0.0
0.0
0.0
0.0
0.0
0.0
0.0
0.0
0.0
0.0
0.0
0.0
0.0
0.0
0.0
0.007933128636500543
0.0
0.0
0.0
0.0
0.007410701629729835
0.0
0.0
0.0
0.0
0.0
0.0
0.0
0.0
0.0
0.0
0.0
0.0
0.0
0.0
0.0
0.0
0.0
0.010727283058067435
0.01180361181700776
0.0
0.0
0.0
0.0
0.023022894401197994
0.0
0.0
0.0
0.0
0.0
0.0
0.0
0.0
0.0
0.0
0.0
0.0
0.0
0.0
0.0
0.0
0.0
0.01208783965974502
0.010472020450629291
0.0
0.0
0.0
0.0
0.09492227997321845
0.0
0.0
0.0
0.0
0.0
0.0
0.0
0.0
0.0
0.0
0.0
0.0
0.0
0.0
0.0
0.0
0.0
0.0
0.011463020249519533
0.0
0.0
0.0
0.0
0.010933578938968106
0.0
0.0
0.0
0.0
0.0
0.0
0.0
0.0
0.0
0.0
0.0
0.0
0.0
0.0
0.0
0.0
0.0013408574126626417
0.005851703414888215
0.010430660962984993
0.0
0.0
0.0
0.0
0.012533638460061428
0.0
0.0
0.0
0.0
0.0
0.0
0.0
0.0
0.0
0.0
0.0
0.0
0.0
0.0
0.0
0.0
0.0013369192666266131
0.005844024538313967
0.010430243662790193
0.0
0.0
0.0
0.0
0.008554426409145712
0.0
0.0
0.0
0.0
0.0
0.0
0.0
0.0
0.0
0.0
0.0
0.0
0.0
0.0
0.0
0.0
0.0013360988158687209
0.0
0.007257460836576265
0.0
0.0
0.0
0.0
0.22291973208682628
0.0
0.0
0.0
0.0
0.0
0.0
0.0
0.0
0.0
0.0
0.0
0.0
0.0
0.0
0.0
0.0
0.0
0.006694244315853947
0.008061691566275484
0.0
0.0
0.0
0.0
0.2150609436807429
0.0
0.0
0.0
0.0
0.0
0.0
0.0
0.0
0.0
0.0
0.0
0.0
0.0
0.0
0.0
0.0
0.0
0.0
0.0068262607004802075
0.0
0.0
0.0
0.0
0.006293566601043892
0.0
0.0
0.0
0.0
0.0
0.0
0.0
0.0
0.0
0.0
0.0
0.0
0.0
0.0
0.0
0.0
0.0
0.0
0.007921282725929879
0.0
0.0
0.0
0.0
0.012649812298709219
0.0
0.0
0.0
0.0
0.0
0.0
0.0
0.0
0.0
0.0
0.0
0.0
0.0
0.0
0.0
0.0
0.0
0.005799050850179174
0.006957440557000484
0.0
0.0
0.0
0.0
0.010564822612960536
0.0
0.0
0.0
0.0
0.0
0.0
0.0
0.0
0.0
0.0
0.0
0.0
0.0
0.0
0.0
0.0
0.0
0.0
0.006956929905037204
0.0
0.0
0.0
0.0
0.007486657231705626
0.0
0.0
0.0
0.0
0.0
0.0
0.0
0.0
0.0
0.0
0.0
0.0
0.0
0.0
0.0
0.0
0.0
0.0
0.010206370232532245
0.0
0.0
0.0
0.0
0.00645826217218415
0.0
0.0
0.0
0.0
0.0
0.0
0.0
0.0
0.0
0.0
0.0
0.0
0.0
0.0
0.0
0.0
0.0
0.0
0.008513223613043783
0.0
0.0
0.0
0.0
0.007620479098456031
0.0
0.0
0.0
0.0
0.0
0.0
0.0
0.0
0.0
0.0
0.0
0.0
0.0
0.0
0.0
0.0
0.0
0.0
0.007245965535177357
0.0
0.0
0.0
0.0
0.006325124287460712
0.0
0.0
0.0
0.0
0.0
0.0
0.0
0.0
0.0
0.0
0.0
0.0
0.0
0.0
0.0
0.0
0.0
0.0
0.010001415524625266
0.0
0.0
0.0
0.0
0.007285850255977607
0.0
0.0
0.0
0.0
0.0
0.0
0.0
0.0
0.0
0.0
0.0
0.0
0.0
0.0
0.0
0.0
0.0
0.0
0.008692642722765558
0.0
0.0
0.0
0.0
0.004070173628496845
0.0
0.0
0.0
0.0
0.0
0.0
0.0
0.0
0.0
0.0
0.0
0.0
0.0
0.0
0.0
0.0
0.0
0.0
0.0
0.0
0.0
0.0
0.0
0.0038077777634488706
0.0
0.0
0.0
0.0
0.0
0.0
0.0
0.0
0.0
0.0
0.0
0.0
0.0
0.0
0.0
0.0
0.0
0.0
0.00788200706845561
0.0
0.0
0.0
0.0
0.00657017450925071
0.0
0.0
0.0
0.0
0.0
0.0
0.0
0.0
0.0
0.0
0.0
0.0
0.0
0.0
0.0
0.0
0.0
0.0
0.006926118973420305
0.0
0.0
0.0
0.0
0.0077406246138108205
0.0
0.0
0.0
0.0
0.0
0.0
0.0
0.0
0.0
0.0
0.0
0.0
0.0
0.0
0.0
0.0
0.0
0.0061215209896809284
0.008174357437706323
0.0
0.0
0.0
0.0
0.25234534895481425
0.0
0.0
0.0
0.0
0.0
0.0
0.0
0.0
0.0
0.0
0.0
0.0
0.0
0.0
0.0
0.0
0.001275030280824129
0.012067718695500022
0.01275743582531009
0.0
0.0
0.0
0.0
0.19079419031645045
0.0
0.0
0.0
0.0
0.0
0.0
0.0
0.0
0.0
0.0
0.0
0.0
0.0
0.0
0.0
0.0
0.0
0.006704612930397221
0.010502190974960314
0.0
0.0
0.0
0.0
0.012711040363467367
0.0
0.0
0.0
0.0
0.0
0.0
0.0
0.0
0.0
0.0
0.0
0.0
0.0
0.0
0.0
0.0
0.001331048269097602
0.005966106384491224
0.12410657102860005
0.0
0.0
0.0
0.0
0.02109735515345339
0.0
0.0
0.0
0.0
0.0
0.0
0.0
0.0
0.0
0.0
0.0
0.0
0.0
0.0
0.0
0.0
0.0027556767855277647
0.006068132827337315
0.20214565328299447
0.0
0.0
0.0
0.0
0.28598630950004245
0.0
0.0
0.0
0.0
0.0
0.0
0.0
0.0
0.0
0.0
0.0
0.0
0.0
0.0
0.0013866821106297432
0.0
0.0027695058708842274
0.005914418882291332
0.23520061444063728
0.0
0.0
0.0
0.0
0.44158132491682617
0.05382581493190797
0.0
0.0
0.0
0.0
0.0
0.0
0.0
0.0
0.0
0.0
0.0
0.0
0.0
0.0007483464098177881
0.0
0.001335714207981854
0.0
0.04232988594091937
0.0
0.0
0.0
0.0
0.007395190331304486
0.0
0.0
0.0
0.0
0.0
0.0
0.0
0.0
0.0
0.0
0.0
0.0
0.0
0.0
0.0
0.0
0.0
0.0
0.0
0.0
0.0
0.0
0.0
0.004236043617768647
0.0
0.0
0.0
0.0
0.0
0.0
0.0
0.0
0.0
0.0
0.0
0.0
0.0
0.0
0.0
0.0
0.0
0.0
0.006648973333626512
0.0
0.0
0.0
0.0
0.008210843556852367
0.0
0.0
0.0
0.0
0.0
0.0
0.0
0.0
0.0
0.0
0.0
0.0
0.0
0.0
0.0
0.0
0.0013715642672524138
0.007189459481495642
0.11811266747610936
0.0
0.0
0.0
0.0
0.2655364951410699
0.0
0.0
0.0
0.0
0.0
0.0
0.0
0.0
0.0
0.0
0.0
0.0
0.0
0.0
0.0
0.0
0.0027377001817239246
0.006009844994065471
0.18183578109736515
0.0
0.0
0.0
0.0
0.11721014020854818
0.0
0.0
0.0
0.0
0.0
0.0
0.0
0.0
0.0
0.0
0.0
0.0
0.0
0.0
0.0
0.0
0.0
0.0
0.01171468867939598
0.0
0.0
0.0
0.0
0.011035746518629094
0.0
0.0
0.0
0.0
0.0
0.0
0.0
0.0
0.0
0.0
0.0
0.0
0.0
0.0
0.0
0.0
0.0
0.0
0.005493973415004464
0.0
0.0
0.0
0.0
0.005275291230693623
0.0
0.0
0.0
0.0
0.0
0.0
0.0
0.0
0.0
0.0
0.0
0.0
0.0
0.0
0.0
0.0
0.0
0.0
0.009109887813654509
0.0
0.0
0.0
0.0
0.006033795491403122
0.0
0.0
0.0
0.0
0.0
0.0
0.0
0.0
0.0
0.0
0.0
0.0
0.0
0.0
0.0
0.0
0.0012671771795140906
0.011902213785250273
0.009784272627956923
0.0
0.0
0.0
0.0
0.008776564139294852
0.0
0.0
0.0
0.0
0.0
0.0
0.0
0.0
0.0
0.0
0.0
0.0
0.0
0.0
0.0
0.0
0.0
0.0
0.006697030916183455
0.0
0.0
0.0
0.0
0.006765566598205223
0.0
0.0
0.0
0.0
0.0
0.0
0.0
0.0
0.0
0.0
0.0
0.0
0.0
0.0
0.0
0.0
0.0
0.0
0.005525780315882172
0.0
0.0
0.0
0.0
0.004635115503849832
0.0
0.0
0.0
0.0
0.0
0.0
0.0
0.0
0.0
0.0
0.0
0.0
0.0
0.0
0.0
0.0
0.0
0.0
0.011606476098827822
0.0
0.0
0.0
0.0
0.006982836094130792
0.0
0.0
0.0
0.0
0.0
0.0
0.0
0.0
0.0
0.0
0.0
0.0
0.0
0.0
0.0
0.0
0.0015045110166930127
0.006034099571571279
0.07417195745084561
0.0
0.0
0.0
0.0
0.19046312857620623
0.0
0.0
0.0
0.0
0.0
0.0
0.0
0.0
0.0
0.0
0.0
0.0
0.0
0.0
0.0
0.0
0.0016203989890248873
0.005359358733627689
0.011884651507772948
0.0
0.0
0.0
0.0
0.014343842360782426
0.0
0.0
0.0
0.0
0.0
0.0
0.0
0.0
0.0
0.0
0.0
0.0
0.0
0.0
0.0
0.0
0.0026672666243485795
0.013963294364737096
0.08053289260488382
0.0
0.0
0.0
0.0
0.019496030198099965
0.0
0.0
0.0
0.0
0.0
0.0
0.0
0.0
0.0
0.0
0.0
0.0
0.0
0.0
0.0
0.0
0.0012683778426375142
0.0062370419481783575
0.01213587451111111
0.0
0.0
0.0
0.0
0.2048342916494122
0.0
0.0
0.0
0.0
0.0
0.0
0.0
0.0
0.0
0.0
0.0
0.0
0.0
0.0
0.0
0.0
0.0012994440841852457
0.012131072823477558
0.01042229617940901
0.0
0.0
0.0
0.0
0.10652876771292222
0.0
0.0
0.0
0.0
0.0
0.0
0.0
0.0
0.0
0.0
0.0
0.0
0.0
0.0
0.0
0.0
0.0
0.0
0.008263294421381778
0.0
0.0
0.0
0.0
0.011350556260027891
0.0
0.0
0.0
0.0
0.0
0.0
0.0
0.0
0.0
0.0
0.0
0.0
0.0
0.0
0.0
0.0
0.0
0.0
0.00832138036042051
0.0
0.0
0.0
0.0
0.010372243994571827
0.0
0.0
0.0
0.0
0.0
0.0
0.0
0.0
0.0
0.0
0.0
0.0
0.0
0.0
0.0
0.0
0.0
0.0
0.007340125903456784
0.0
0.0
0.0
0.0
0.007789985557514382
0.0
0.0
0.0
0.0
0.0
0.0
0.0
0.0
0.0
0.0
0.0
0.0
0.0
0.0
0.0
0.0
0.0
0.0
0.010264534646147351
0.0
0.0
0.0
0.0
0.00680438121141712
0.0
0.0
0.0
0.0
0.0
0.0
0.0
0.0
0.0
0.0
0.0
0.0
0.0
0.0
0.0
0.0
0.0
0.011956879020368228
0.010343634842035388
0.0
0.0
0.0
0.0
0.012700445698331104
0.0
0.0
0.0
0.0
0.0
0.0
0.0
0.0
0.0
0.0
0.0
0.0
0.0
0.0
0.0
0.0
0.0
0.011909050176417005
0.007368720221756111
0.0
0.0
0.0
0.0
0.04647846174381624
0.0
0.0
0.0
0.0
0.0
0.0
0.0
0.0
0.0
0.0
0.0
0.0
0.0
0.0
0.0
0.0
0.0
0.006694637279102861
0.00994668633267944
0.0
0.0
0.0
0.0
0.15514224804360927
0.0
0.0
0.0
0.0
0.0
0.0
0.0
0.0
0.0
0.0
0.0
0.0
0.0
0.0
0.0
0.0
0.0
0.007280011033196303
0.009971243753133949
0.0
0.0
0.0
0.0
0.2284897379134632
0.0
0.0
0.0
0.0
0.0
0.0
0.0
0.0
0.0
0.0
0.0
0.0
0.0
0.0
0.0
0.0
0.001347890491509386
0.006404320036781615
0.10708382192785017
0.0
0.0
0.0
0.0
0.22520836156639257
0.0
0.0
0.0
0.0
0.0
0.0
0.0
0.0
0.0
0.0
0.0
0.0
0.0
0.0
0.0
0.0
0.0012872733896667195
0.011969459446496368
0.010331336695662543
0.0
0.0
0.0
0.0
0.011156094361941257
0.0
0.0
0.0
0.0
0.0
0.0
0.0
0.0
0.0
0.0
0.0
0.0
0.0
0.0
0.0
0.0
0.0
0.0
0.010351054659317618
0.0
0.0
0.0
0.0
0.006210187775650805
0.0
0.0
0.0
0.0
0.0
0.0
0.0
0.0
0.0
0.0
0.0
0.0
0.0
0.0
0.0
0.0
0.0
0.011464633669964325
0.010252684562089873
0.0
0.0
0.0
0.0
0.01277323408842235
0.0
0.0
0.0
0.0
0.0
0.0
0.0
0.0
0.0
0.0
0.0
0.0
0.0
0.0
0.0
0.0
0.001555314357310169
0.006095462892461398
0.010463111820627658
0.0
0.0
0.0
0.0
0.3068408612582265
0.0
0.0
0.0
0.0
0.0
0.0
0.0
0.0
0.0
0.0
0.0
0.0
0.0
0.0
0.0
0.0
0.0
0.011846889805437905
0.0103173855906273
0.0
0.0
0.0
0.0
0.05281610946994007
0.0
0.0
0.0
0.0
0.0
0.0
0.0
0.0
0.0
0.0
0.0
0.0
0.0
0.0
0.0
0.0
0.0
0.0
0.008562060804692262
0.0
0.0
0.0
0.0
0.007329319203848206
0.0
0.0
0.0
0.0
0.0
0.0
0.0
0.0
0.0
0.0
0.0
0.0
0.0
0.0
0.0
0.0
0.0
0.0
0.0
0.0
0.0
0.0
0.0
0.007048307806875839
0.0
0.0
0.0
0.0
0.0
0.0
0.0
0.0
0.0
0.0
0.0
0.0
0.0
0.0
0.0
0.0
0.0
0.0
0.0
0.0
0.0
0.0
0.0
0.006953570144406902
0.0
0.0
0.0
0.0
0.0
0.0
0.0
0.0
0.0
0.0
0.0
0.0
0.0
0.0
0.0
0.0
0.0
0.0
0.013046077905487882
0.0
0.0
0.0
0.0
0.007354904742418665
0.0
0.0
0.0
0.0
0.0
0.0
0.0
0.0
0.0
0.0
0.0
0.0
0.0
0.0
0.0
0.0
0.0
0.01511054623222885
0.010205004709707532
0.0
0.0
0.0
0.0
0.1458077884029867
0.0
0.0
0.0
0.0
0.0
0.0
0.0
0.0
0.0
0.0
0.0
0.0
0.0
0.0
0.0
0.0
0.0
0.0
0.0073885151427200875
0.0
0.0
0.0
0.0
0.06453406131709934
0.0
0.0
0.0
0.0
0.0
0.0
0.0
0.0
0.0
0.0
0.0
0.0
0.0
0.0
0.0
0.0
0.0012758724844752088
0.0
0.01009951182715868
0.0
0.0
0.0
0.0
0.014165357219218766
0.0
0.0
0.0
0.0
0.0
0.0
0.0
0.0
0.0
0.0
0.0
0.0
0.0
0.0
0.0
0.0
0.0
0.0
0.011210850570595055
0.0
0.0
0.0
0.0
0.010957924915834475
0.0
0.0
0.0
0.0
0.0
0.0
0.0
0.0
0.0
0.0
0.0
0.0
0.0
0.0
0.0
0.0
0.0
0.0
0.011533409089158984
0.0
0.0
0.0
0.0
0.007757887265051444
0.0
0.0
0.0
0.0
0.0
0.0
0.0
0.0
0.0
0.0
0.0
0.0
0.0
0.0
0.0
0.0
0.0
0.0
0.010162157761278396
0.0
0.0
0.0
0.0
0.017790606016285716
0.0
0.0
0.0
0.0
0.0
0.0
0.0
0.0
0.0
0.0
0.0
0.0
0.0
0.0
0.0
0.0
0.0
0.00583888239345937
0.01032006752963193
0.0
0.0
0.0
0.0
0.15806781057668182
0.0
0.0
0.0
0.0
0.0
0.0
0.0
0.0
0.0
0.0
0.0
0.0
0.0
0.0
0.0
0.0
0.002684135334066746
0.011765774048756247
0.010292076050357745
0.0
0.0
0.0
0.0
0.016592850236112282
0.0
0.0
0.0
0.0
0.0
0.0
0.0
0.0
0.0
0.0
0.0
0.0
0.0
0.0
0.0
0.0
0.0026223061088037803
0.010557574135272179
0.011764404387716733
0.0
0.0
0.0
0.0
0.017115036276909055
0.0
0.0
0.0
0.0
0.0
0.0
0.0
0.0
0.0
0.0
0.0
0.0
0.0
0.0
0.0
0.0
0.0014686890654433888
0.0060249274242594585
0.11935317122372553
0.0
0.0
0.0
0.0
0.314016724564547
0.0
0.0
0.0
0.0
0.0
0.0
0.0
0.0
0.0
0.0
0.0
0.0
0.0
0.0
0.0
0.0
0.0014718814582022185
0.0061465919743274025
0.1659779161031797
0.0
0.0
0.0
0.0
0.4947145052697275
0.12115771484188356
0.0
0.0
0.0
0.0
0.0
0.0
0.0
0.0
0.0
0.0
0.0
0.0
0.0
0.0
0.0
0.0
0.0066688181699702835
0.03682842843766755
0.0
0.0
0.0
0.0
0.4977193244578929
0.1152853191113277
0.0
0.0
0.0
0.0
0.0
0.0
0.0
0.0
0.0
0.0
0.0
0.0
0.0
0.0
0.0
0.0
0.0
0.010702443695007665
0.0
0.0
0.0
0.0
0.3566035591447862
0.018074710708124626
0.0
0.0
0.0
0.0
0.0
0.0
0.0
0.0
0.0
0.0
0.0
0.0
0.0
0.0
0.0
0.0
0.0
0.010108206461427632
0.0
0.0
0.0
0.0
0.013921534744759972
0.0
0.0
0.0
0.0
0.0
0.0
0.0
0.0
0.0
0.0
0.0
0.0
0.0
0.0
0.0
0.0
0.0
0.0
0.0
0.0
0.0
0.0
0.0
0.00658332456352244
0.0
0.0
0.0
0.0
0.0
0.0
0.0
0.0
0.0
0.0
0.0
0.0
0.0
0.0
0.0
0.0
0.0
0.0
0.007946848668480186
0.0
0.0
0.0
0.0
0.19570827558096943
0.0
0.0
0.0
0.0
0.0
0.0
0.0
0.0
0.0
0.0
0.0
0.0
0.0
0.0
0.0
0.0
0.0026663398471029887
0.0
0.010070620880725198
0.0
0.0
0.0
0.0
0.16965995135292555
0.0
0.0
0.0
0.0
0.0
0.0
0.0
0.0
0.0
0.0
0.0
0.0
0.0
0.0
0.0
0.0
0.0025959108986968933
0.012075312017726712
0.011878739270398668
0.0
0.0
0.0
0.0
0.02360831084996341
0.0
0.0
0.0
0.0
0.0
0.0
0.0
0.0
0.0
0.0
0.0
0.0
0.0
0.0
0.0
0.0
0.0
0.010277812211840109
0.011641457823373358
0.0
0.0
0.0
0.0
0.012611521648056928
0.0
0.0
0.0
0.0
0.0
0.0
0.0
0.0
0.0
0.0
0.0
0.0
0.0
0.0
0.0
0.0
0.0026613136015956017
0.010920996031162682
0.10134863396752597
0.0
0.0
0.0
0.0
0.05756272564701379
0.0
0.0
0.0
0.0
0.0
0.0
0.0
0.0
0.0
0.0
0.0
0.0
0.0
0.0
0.0
0.0
0.0027123478850356476
0.011463600770273199
0.010379190743609972
0.0
0.0
0.0
0.0
0.304124787584475
0.0
0.0
0.0
0.0
0.0
0.0
0.0
0.0
0.0
0.0
0.0
0.0
0.0
0.0
0.0
0.0
0.0013649074816523136
0.0
0.01016922040594106
0.0
0.0
0.0
0.0
0.011480871368889116
0.0
0.0
0.0
0.0
0.0
0.0
0.0
0.0
0.0
0.0
0.0
0.0
0.0
0.0
0.0011265635898690856
0.0
0.0
0.011734949471545316
0.02718702434644772
0.0
0.0
0.0
0.0
0.4008501811612182
0.07004008896527424
0.0
0.0
0.0
0.0
0.0
0.0
0.0
0.0
0.0
0.0
0.0
0.0
0.0
0.0
0.0
0.0012848051326552143
0.007184050151725712
0.17166674424706174
0.0
0.0
0.0
0.0
0.5364249826010544
0.16129449981047678
0.0
0.0
0.0
0.0
0.0
0.0
0.0
0.0
0.0
0.0
0.0
0.0
0.0
0.0
0.0
0.0
0.0071120874049917324
0.021908424474730192
0.0
0.0
0.0
0.0
0.510206163138521
0.09585096592681583
0.0
0.0
0.0
0.0
0.0
0.0
0.0
0.0
0.0
0.0
0.0
0.0
0.0
0.0
0.0
0.0
0.0
0.011208457380920675
0.0
0.0
0.0
0.0
0.11144752185066162
0.0
0.0
0.0
0.0
0.0
0.0
0.0
0.0
0.0
0.0
0.0
0.0
0.0
0.0
0.0
0.0
0.00263309820405146
0.01199043167341025
0.006948032374684737
0.0
0.0
0.0
0.0
0.07086115829951281
0.0
0.0
0.0
0.0
0.0
0.0
0.0
0.0
0.0
0.0
0.0
0.0
0.0
0.0
0.0
0.0
0.0026818078507154087
0.006119479440175795
0.012082853514622386
0.0
0.0
0.0
0.0
0.48938265078509713
0.10783035402382286
0.0
0.0
0.0
0.0
0.0
0.0
0.0
0.0
0.0
0.0
0.0
0.0
0.0
0.001420380795079999
0.0
0.002733845293221384
0.005805791860954893
0.08273915078742627
0.0
0.0
0.0
0.0
0.15485587591224875
0.0
0.0
0.0
0.0
0.0
0.0
0.0
0.0
0.0
0.0
0.0
0.0
0.0
0.0
0.0
0.0
0.0014583672758197593
0.006008001828679856
0.010393465867711857
0.0
0.0
0.0
0.0
0.1261965435779941
0.0
0.0
0.0
0.0
0.0
0.0
0.0
0.0
0.0
0.0
0.0
0.0
0.0
0.0
0.0
0.0
0.0013180065142658238
0.0
0.010849654249488612
0.0
0.0
0.0
0.0
0.1340319819217851
0.0
0.0
0.0
0.0
0.0
0.0
0.0
0.0
0.0
0.0
0.0
0.0
0.0
0.0
0.0
0.0
0.0027698996730906185
0.006021370788844625
0.13845111287417253
0.0
0.0
0.0
0.0
0.26165368988187465
0.0
0.0
0.0
0.0
0.0
0.0
0.0
0.0
0.0
0.0
0.0
0.0
0.0
0.0
0.0011375140917392146
0.0
0.0015530187609541829
0.006183533711743445
0.20860787829209415
0.0
0.0
0.0
0.0
0.4051863959815864
0.00809075831270096
0.0
0.0
0.0
0.0
0.0
0.0
0.0
0.0
0.0
0.0
0.0
0.0
0.0
0.001135802582450165
0.0
0.002677275124091125
0.010872848705170149
0.029559847443337683
0.0
0.0
0.0
0.0
0.15292097468028923
0.0
0.0
0.0
0.0
0.0
0.0
0.0
0.0
0.0
0.0
0.0
0.0
0.0
0.0
0.001114528203446252
0.0
0.001544168184666753
0.005431488827651772
0.2021919802772629
0.0
0.0
0.0
0.0
0.2374212493412695
0.0
0.0
0.0
0.0
0.0
0.0
0.0
0.0
0.0
0.0
0.0
0.0
0.0
0.0
0.0012101413632636603
0.0
0.001325814168583478
0.009417540160675355
0.3645777756006678
0.0
0.0
0.0
0.0
0.576972780942541
0.18839694826682202
0.0
0.0
0.0
0.0
0.0
0.0
0.0
0.0
0.0
0.0
0.0
0.0
0.0
0.0010502641344664885
0.0
0.0015645049962983225
0.0062552062828229345
0.17599446739325408
0.0
0.0
0.0
0.0
0.5313290933262177
0.12327969959817046
0.0
0.0
0.0
0.0
0.0
0.0
0.0
0.0
0.0
0.0
0.0
0.0
0.0
0.001122918737823871
0.0
0.0026607987226830187
0.0
0.17208246130301016
0.0
0.0
0.0
0.0
0.43351396192275543
0.11460849560573491
0.0
0.0
0.0
0.0
0.0
0.0
0.0
0.0
0.0
0.0
0.0
0.0
0.0
0.0
0.0
0.0
0.010546304938105095
0.011861146507872409
0.0
0.0
0.0
0.0
0.21185565575566928
0.0
0.0
0.0
0.0
0.0
0.0
0.0
0.0
0.0
0.0
0.0
0.0
0.0
0.0
0.0
0.0
0.0
0.011371280077360239
0.006856761691135398
0.0
0.0
0.0
0.0
0.007647702263598426
0.0
0.0
0.0
0.0
0.0
0.0
0.0
0.0
0.0
0.0
0.0
0.0
0.0
0.0
0.0
0.0
0.0012587773645279683
0.011968806678544242
0.010374401960635287
0.0
0.0
0.0
0.0
0.2871132732589026
0.0
0.0
0.0
0.0
0.0
0.0
0.0
0.0
0.0
0.0
0.0
0.0
0.0
0.0
0.0
0.0
0.002567246805660057
0.010669930389958487
0.010391264527365152
0.0
0.0
0.0
0.0
0.00995807695641853
0.0
0.0
0.0033215106932258194
0.0
0.0
0.0
0.0
0.0
0.0
0.0
0.0
0.0
0.0
0.0
0.0
0.0
0.0
0.0
0.007156316987948314
0.0
0.0
0.0
0.0
0.07175968272526316
0.0
0.0
0.0
0.0
0.0
0.0
0.0
0.0
0.0
0.0
0.0
0.0
0.0
0.0
0.0011178713036528838
0.0
0.0026895763068543166
0.0058449230324516726
0.09976206315022781
0.0
0.0
0.0
0.0
0.5128581979690059
0.14642029975134951
0.0
0.0
0.0
0.0
0.0
0.0
0.0
0.0
0.0
0.0
0.0
0.0
0.0
0.0
0.0
0.0026910688355806095
0.005839392774143861
0.1844202797055552
0.0
0.0
0.0
0.0
0.33700837648590465
0.004662706611115243
0.0
0.0
0.0
0.0
0.0
0.0
0.0
0.0
0.0
0.0
0.0
0.0
0.0
0.0
0.0
0.0015673573578172816
0.007504705499456667
0.30512424488007994
0.0
0.0
0.0
0.0
0.6375883068502822
0.2886230012530312
0.08250458153251908
0.007744360691998062
0.0
0.0
0.0
0.0
0.0
0.0
0.0
0.0
0.0
0.0
0.0
0.001143239309961902
0.0
0.0015049345274541735
0.10367725021840764
0.5227490233870161
0.0
0.0
0.0
0.0
0.7213507662539367
0.3437764033840067
0.15225925644368163
0.06776112524954439
0.0
0.0
0.0
0.0
0.0
0.0
0.0
0.0
0.0
0.0
0.0
0.0013641195845630993
0.0
0.01295354021240448
0.2139218667959091
0.593557460092433
0.0
0.0
0.0
0.0
0.7380371328843055
0.3655307152327204
0.17374983809251415
0.09077445517471518
0.0
0.0
0.0
0.0
0.0
0.0
0.0
0.0
0.0
0.0
0.0
0.0011630221891078866
0.0
0.001771018388950444
0.07535846967461834
0.44835853363485556
0.0
0.0
0.0
0.0
0.6713781200710287
0.3569855690171609
0.19772315891840578
0.06439495122529598
0.0
0.0
0.0
0.0
0.0
0.0
0.0
0.0
0.0
0.0
0.0
0.0
0.0
0.006100266976912449
0.0
0.26902378538202215
0.0
0.0
0.0
0.0
0.6456226754585602
0.28528863824377454
0.06487526849099935
0.0
0.0
0.0
0.0
0.0
0.0
0.0
0.0
0.0
0.0
0.0
0.0
0.0
0.0
0.0
0.006657367897682739
0.07985535972421097
0.0
0.0
0.0
0.0
0.5575904676242228
0.20092658043007272
0.03333061966518479
0.0
0.0
0.0
0.0
0.0
0.0
0.0
0.0
0.0
0.0
0.0
0.0
0.0011020959202696597
0.0
0.001566503414438606
0.06028977994612768
0.463613258093026
0.0
0.0
0.0
0.0
0.5735818988425557
0.21829827463026671
0.07520247373119043
0.02378845314352084
0.0
0.0
0.0
0.0
0.0
0.0
0.0
0.0
0.0
0.0
0.0
0.0014359570483707396
0.0
0.00401559818576452
0.2058950981742004
0.5477840371269502
0.0
0.0
0.0
0.0
0.7420534955672156
0.3319945412149282
0.14160625706576396
0.10128926128046076
0.0
0.0
0.0
0.0
0.0
0.0
0.0
0.0
0.0
0.0
0.0
0.0013975030090953282
0.0
0.0014855342988908658
0.06463778165235799
0.497634842223236
0.0
0.0
0.0
0.0
0.6505254318714504
0.2620130191660662
0.1138250388579047
0.06346371116676788
0.0
0.0
0.0
0.0
0.0
0.0
0.0
0.0
0.0
0.0
0.0
0.0010664992586521213
0.0
0.0013164888361481082
0.006147787612953536
0.3703803466882165
0.0
0.0
0.0
0.0
0.3875449749201005
0.06394432846217343
0.0
0.0
0.0
0.0
0.0
0.0
0.0
0.0
0.0
0.0
0.0004281977453832873
0.0
0.0
0.001204415459822543
0.0
0.04278550373671597
0.3303784926701675
0.558300040846412
0.0
0.0
0.0
0.0
0.7394589343538294
0.362156054810949
0.18783894279788801
0.15556598795347995
0.010501153827071966
0.0
0.0
0.0
0.0
0.0
0.0
0.0
0.0003322415997352996
0.0
0.0
0.0012742095662697471
0.0
0.03388830005737172
0.34164956097889415
0.5650083615793692
0.6394499554104177
0.0
0.0
0.0
0.0
0.7852158847324381
0.38597108458264223
0.11917897669558905
0.017534262277308976
0.0
0.0
0.0
0.0
0.0
0.0
0.0
0.0004594309970330573
0.0
0.0
0.0
0.0013549643198693736
0.0
0.0013540027743129302
0.0746336703562947
0.3985054124269086
0.0
0.0
0.0
0.0
0.621006219282692
0.21213577171721068
0.00915375750090105
0.0
0.0
0.0
0.0
0.0
0.0
0.0
0.0
0.0
0.0
0.0
0.0
0.0
0.0044665659840909845
0.0016323927565294611
0.11967597452749051
0.5225742046597667
0.0
0.0
0.0
0.0
0.6570539065667135
0.25773242491253073
0.004823920776352788
0.0
0.0
0.0
0.0
0.0
0.0
0.0
0.0
0.0
0.0
0.0
0.0
0.0
0.0
0.0017113481880908989
0.007841629666412376
0.37603142947691187
0.0
0.0
0.0
0.0
0.5230319941599166
0.16725457013820455
0.0
0.0
0.0
0.0
0.0
0.0
0.0
0.0
0.0
0.0
0.0
0.0
0.0
0.0010032078364705657
0.0
0.0016589314182171597
0.007826944368322649
0.3560791803966155
0.0
0.0
0.0
0.0
0.6175421886421295
0.19509366485474103
0.0
0.0
0.0
0.0
0.0
0.0
0.0
0.0
0.0
0.0
0.0
0.0
0.0
0.0
0.0
0.0015881335825815022
0.007474831119496752
0.24561927044342524
0.0
0.0
0.0
0.0
0.5544609063314505
0.23342742001333663
0.053923275586476485
0.0
0.0
0.0
0.0
0.0
0.0
0.0
0.0
0.0
0.0
0.0
0.0
0.0011282255169526184
0.0
0.0016108648281158559
0.06477096701474137
0.46261761325084655
0.0
0.0
0.0
0.0
0.5637410636543521
0.1596583463523398
0.0
0.0
0.0
0.0
0.0
0.0
0.0
0.0
0.0
0.0
0.0
0.0
0.0
0.0011154591099910417
0.0
0.001451858281235091
0.1214454252765548
0.47921154687306183
0.0
0.0
0.0
0.0
0.6570867876030847
0.2134647326380412
0.007633960458788548
0.0
0.0
0.0
0.0
0.0
0.0
0.0
0.0
0.0012935439037708375
0.0
0.0
0.0
0.0013912378383492492
0.0
0.0536397289484703
0.35312992592833675
0.6085955877930084
0.0
0.0
0.0
0.0
0.7603344306613118
0.38725938295146906
0.10117507539143239
0.005899185675449694
0.0
0.0
0.0
0.0
0.0
0.0
0.0
0.0016986178704068808
0.0
0.0
0.0
0.0022256392820158817
0.01452988268770621
0.09095950578280351
0.4828034945438334
0.6614296258174317
0.0
0.0
0.0
0.0
0.807797818845361
0.4499934349943105
0.24309779293814046
0.3290250305529871
0.3407725633461884
0.14817229257620107
0.06011030636339805
0.0
0.0
0.021796756688455456
0.08092546943877521
0.08949774149545675
0.03327221518189886
0.021002890384564793
0.0
0.021220334029913496
0.0101765235646913
0.04435941110400251
0.2182730279937719
0.5684166796786226
0.0
0.0
0.0
0.0
0.6640371106490367
0.25965943822343357
0.025212165948182996
0.0
0.0
0.0
0.0
0.0
0.0
0.0
0.0
0.0
0.0
0.0
0.0
0.0013514139792172586
0.0
0.016432852061850592
0.22797312211380552
0.5515778947580631
0.0
0.0
0.0
0.0
0.7306211947107482
0.3134412704780949
0.07970681182110238
0.007344213085666225
0.0
0.0
0.0
0.0
0.0
0.0
0.0
0.0
0.0
0.0
0.0
0.0011149855197307365
0.0
0.04315986569915693
0.3246126654114426
0.5657666442526276
0.0
0.0
0.0
0.0
0.6960804748420766
0.33164431841116837
0.18987890242071406
0.16504249167890725
0.004968057136575362
0.0
0.0
0.0
0.0
0.0
0.002157302475534281
0.0
0.0
0.0
0.0
0.0010664558003075407
0.0
0.04588282941700827
0.34410935604594967
0.5701637406950231
0.0
0.0
0.0
0.0
0.6786886450352289
0.2896461363645976
0.1515385818426619
0.20376286730452878
0.051418548638074366
0.0
0.0
0.0
0.0
0.0
0.0
0.0
0.0
0.0
0.0
0.0011196845316848378
0.008657423823856323
0.07765937333507551
0.38919576884058815
0.5280089011954107
0.0
0.0
0.0
0.0
0.6288947281438878
0.25508532391250227
0.01526603824989178
0.0
0.0
0.0
0.0
0.0
0.0
0.0
0.0
0.0
0.0
0.0
0.0
0.0
0.0
0.0
0.006554056865391637
0.1019135915194079
0.0
0.0
0.0
0.0
0.576554341144484
0.18936698909145855
0.0
0.0
0.0
0.0
0.0
0.0
0.0
0.0
0.0
0.0
0.0
0.0
0.0
0.0011695903863736868
0.0
0.0026822222739358954
0.178610679641364
0.4923952296773028
0.0
0.0
0.0
0.0
0.5910353654992883
0.2210145755176114
0.07792709930408162
0.07782692945203656
0.00992421899838508
0.0
0.0
0.0
0.0
0.00044562293879147464
0.0013966650304938313
0.002868238601766906
0.0
0.0
0.0
0.014931825363432398
0.05632679912636254
0.14212879065198902
0.5034933448474312
0.6879191862090075
0.0
0.0
0.0
0.0
0.729405207171973
0.3246651911343563
0.18151254153035756
0.23139867215323953
0.08031806179473479
0.0
0.0
0.0
0.0
0.0
0.0
0.0
0.0
0.0
0.0
0.016057635180611877
0.031764998928652775
0.08589078684562707
0.39887688130309185
0.5807181815940397
0.0
0.0
0.0
0.0
0.6306253117639351
0.19613149545612688
0.03298651721786697
0.06369510469451127
0.029626748876422422
0.0
0.0
0.0
0.0
0.0
0.0
0.0
0.0
0.0
0.0
0.001303815290597528
0.0022401055048883577
0.047514003327491054
0.33280178387096054
0.5709085238621538
0.0
0.0
0.0
0.0
0.7030797817036731
0.29206646290249083
0.09879376553035811
0.023087521342169806
0.0
0.0
0.0
0.0
0.0
0.0
0.0
0.002039117217340644
0.0
0.0
0.0
0.0029409381816596285
0.02616775221556092
0.0909458609205429
0.2551799975510997
0.4412893384405967
0.0
0.0
0.0
0.0
0.5110447992281483
0.17332507873761677
0.006723410989600164
0.0
0.0
0.0
0.0
0.0
0.0
0.0
0.0
0.0
0.0
0.0
0.0
0.0016731850725660957
0.010831021741112248
0.07042251667366917
0.33187846094989776
0.5631601635988953
0.0
0.0
0.0
0.0
0.8161578607886679
0.46765897315623645
0.18144948909451133
0.06595097484723934
0.0
0.0
0.0
0.0
0.0
0.0
0.0
0.0019085500228732365
0.0
0.0
0.0
0.0013491916131322997
0.043670776514734964
0.12249390085669185
0.46291867586013
0.7209889196703756
0.0
0.0
0.0
0.0
0.8292157903792713
0.5364965909070135
0.2022487758083311
0.053903612060333575
0.0
0.0
0.0
0.0
0.0
0.0
0.0
0.00043378804008769976
0.0
0.0
0.0
0.035957001567602266
0.08580887795079846
0.16127899718144367
0.5455422353901603
0.7392479258989414
0.0
0.0
0.0
0.0
0.8426168829535675
0.5308922081924511
0.259062507244238
0.07772312876526183
0.0
0.0
0.0
0.0
0.0
0.0
0.0
0.0020616335000488164
0.0
0.0
0.0
0.0013460221727511121
0.015978510556883842
0.0586247251478703
0.4112313136197103
0.6734337883570455
0.0
0.0
0.0
0.0
0.811388961003454
0.4406767769359431
0.16935380989309232
0.1349001360821997
0.0936012933501816
0.0018385953849701482
0.0
0.0
0.0
0.0024100480730402402
0.0020960372889509593
0.01667967640169801
0.004530829601675209
0.0
0.006274959666592267
0.06294434374493697
0.10176898005770411
0.17379679502792053
0.5553852060055572
0.7040191491781087
0.0
0.0
0.0
0.0
0.7671012455249627
0.3602790385224381
0.1592681088709407
0.18184409138703225
0.13942248328013127
0.010431996350370515
0.0
0.0
0.0
0.0029559490064436046
0.04683380711946229
0.10679547815242878
0.06974039702353396
0.0732726768428452
0.06153899057009961
0.09248312511940865
0.11005200138676477
0.16245224005051176
0.5491768432659437
0.7219855708578404
0.0
0.0
0.0
0.0
0.7654683392219411
0.36521985065984625
0.22523786654020594
0.3148622707180122
0.27457428808164835
0.15857764695391868
0.10667678140892739
0.10765750346343993
0.1301496131099848
0.21548427986931112
0.24224078413893213
0.225907656730664
0.18211655675186383
0.12455270783673274
0.12664239315153214
0.1612714227357824
0.16882226437771528
0.21879160395753855
0.5305874570405228
0.687584686466622
0.0
0.0
0.0
0.0
0.7120435077022791
0.2621889983363055
0.09246386522086875
0.07813559520072898
0.0
0.0
0.0
0.0
0.0
0.0
0.0
0.0
0.0
0.0
0.0
0.033590107158574044
0.05376022909839486
0.1082810342857196
0.43807953427462765
0.6226085952611075
0.0
0.0
0.0
0.0
0.6438785529893569
0.257408684256925
0.02998216322720035
0.0
0.0
0.0
0.0
0.0
0.0
0.0
0.0
0.0017121044208921446
0.0
0.0
0.0
0.0010946197881256347
0.02457319333358073
0.08736546060554358
0.3744001223922871
0.5558637232658279
0.0
0.0
0.0
0.0
0.6427918825862557
0.2408239659189612
0.053435900674956925
0.0
0.0
0.0
0.0
0.0
0.0
0.0
0.0
0.0015482494497231908
0.0
0.0
0.0
0.001981912021957868
0.041249665207026324
0.1554897495314938
0.5483555545700912
0.6952390259165181
0.0
0.0
0.0
0.0
0.7306977226864585
0.314363303228693
0.13371645868651874
0.06945626043351634
0.0
0.0
0.0
0.0
0.0
0.0
0.0
0.001430701313628951
0.0
0.0
0.0
0.006868243605183284
0.03389190345489631
0.12157227407655877
0.42175891883354405
0.6401392214885848
0.0
0.0
0.0
0.0
0.7798352729765229
0.4629506485128393
0.19334768290500415
0.09682920011685354
0.0
0.0
0.0
0.0
0.0
0.0
0.0
0.00103071105343174
0.0
0.0
0.0
0.005504291569592146
0.06944314152643885
0.16589397329891903
0.55329466951592
0.7333396101889896
0.0
0.0
0.0
0.0
0.7943656931281765
0.41859171820749586
0.21634927418540187
0.17158286977882703
0.017466305328946254
0.0
0.0
0.0
0.0
0.0013256202586255184
0.0020923847047828866
0.016991276624418628
0.0
0.0
0.030172623945207776
0.10906437812383478
0.13173119270971395
0.18901404148058323
0.56513192829836
0.7245109946514033
0.0
0.0
0.0
0.0
0.8238771968717685
0.5373355104882636
0.33423540396208395
0.2736620608520761
0.0393449752831611
0.0
0.0
0.0
0.0
0.0
0.0
0.00041153167516793775
0.0
0.0
0.0
0.08100772246818573
0.16914245674991002
0.2605249999846976
0.6613737182104212
0.7986743377740397
0.0
0.0
0.0
0.0
0.8479755159471576
0.5964455610747406
0.4292170366564664
0.4251017314729812
0.2461818067247878
0.026087507765837428
0.0
0.0
0.023475784297922693
0.13058966551795723
0.13023467831772012
0.17970870790370952
0.19497752918198766
0.16893982936231847
0.18615279283769268
0.3187882749892321
0.36667604596470005
0.4306739222196356
0.7847981312018326
0.8389160627479956
0.0
0.0
0.0
0.0
0.8627871683783447
0.5988911962224724
0.3366267644659852
0.28871874954455723
0.18397747186553845
0.02745306222960062
0.0
0.0
0.0
0.001495524262534496
0.001448456483763521
0.05148393666638938
0.0617029878527996
0.09815417600775585
0.12778149747269035
0.19288489599547481
0.2572135463736275
0.34359730986081743
0.7247607462532702
0.8506820994694543
0.0
0.0
0.0
0.0
0.879020833882591
0.6654737360362726
0.4197267710642997
0.3589258783067904
0.19656721487190437
0.015344562542837215
0.0
0.0
0.0
0.0014478525544500674
0.0009944059231721007
0.11052131432821438
0.11516728834177441
0.11385071175325069
0.11556537679010062
0.18553423879390332
0.26310820761750175
0.35457420410149243
0.7747757127284491
0.8498638013376105
0.0
0.0
0.0
0.0
0.8748981493628005
0.6470905960512044
0.37815734122839506
0.2922816679933862
0.11361669729830866
0.0
0.0
0.0
0.0
0.0011373526027314248
0.0014103294179750967
0.09150360185032849
0.06352864855683633
0.04312770386456303
0.058224455466688876
0.13942588652937782
0.18336111048958295
0.26423309555656177
0.6361991492549296
0.8035552236300252
0.0
0.0
0.0
0.0
0.8593565036890026
0.5591201233723528
0.24133123938570647
0.08799667982985392
0.0
0.0
0.0
0.0
0.0
0.0
0.0
0.016793907216087506
0.02288757783375808
0.03078370376341082
0.050702274946292
0.05909643610953136
0.0864563214506838
0.17666216894731676
0.5210586389269051
0.6650142965719757
0.0
0.0
0.0
0.0
0.802600263842796
0.49962543858407693
0.1650667320816167
0.025274325341432154
0.0
0.0
0.0
0.0
0.0
0.0
0.0007230020552149582
0.0
0.0015499960933209574
0.0
0.0
0.0
0.0
0.0016882083849999552
0.020770765799669907
0.5741312114589874
0.0
0.0
0.0
0.0
0.6822424144365958
0.35180796753802135
0.09101888576218282
0.0
0.0
0.0
0.0
0.0
0.0
0.0
0.0
0.0
0.0
0.0
0.0
0.0
0.005996118555820619
0.0015219696388830417
0.12542860038740042
0.4950215314772532
0.0
0.0
0.0
0.0
0.8092432177955841
0.47969313945127334
0.1389299041208798
0.0
0.0
0.0
0.0
0.0
0.0
0.0
0.0
0.0
0.0
0.0
0.0
0.0
0.003550728914908415
0.0016854741932246006
0.35504749971475225
0.6291711869573501
0.0
0.0
0.0
0.0
0.7561160632028152
0.37803089637645376
0.052553808615395166
0.0
0.0
0.0
0.0
0.0
0.0
0.0
0.0
0.0
0.0
0.0
0.0
0.0
0.0011430460095176037
0.0018547404486007062
0.006757871230146787
0.08621879552571185
0.0
0.0
0.0
0.0
0.6243381908955119
0.2333415707338364
0.00879901830118612
0.0
0.0
0.0
0.0
0.0
0.0
0.0
0.0
0.0
0.0
0.0
0.0
0.0
0.0
0.0014327420721514904
0.008716813713498492
0.37893452753697754
0.0
0.0
0.0
0.0
0.6956050463793937
0.2795404963022959
0.03814720227364736
0.0
0.0
0.0
0.0
0.0
0.0
0.0
0.0
0.00046732787810544976
0.0
0.0
0.0
0.0011121347761667347
0.0
0.0013642686586817507
0.0
0.12112249149519666
0.0
0.0
0.0
0.0
0.7684405862237417
0.3835271676205643
0.07950883155240733
0.0
0.0
0.0
0.0
0.0
0.0
0.0
0.0
0.0010217054067684494
0.0
0.0
0.0
0.0011424737655692863
0.0
0.041165193699070395
0.4803232950928353
0.6608561834955169
0.0
0.0
0.0
0.0
0.822062563365119
0.5003110826445571
0.19634523758335215
0.069981640174515
0.0
0.0
0.0
0.0
0.0
0.0
0.0011638941486338643
0.0
0.0
0.0
0.0
0.007176561168325912
0.0028050429660277667
0.05293211035461542
0.2810965621478899
0.5636906969774352
0.0
0.0
0.0
0.0
0.8059904812939892
0.4810694811955894
0.24739716239729725
0.15538733231148097
0.0
0.0
0.0
0.0
0.0
0.0
0.0
0.0
0.0
0.0
0.0
0.03988127336044543
0.03238427646168507
0.10116414125297017
0.5012370794230493
0.7294433795117371
0.0
0.0
0.0
0.0
0.8302410342691255
0.5416793286249099
0.31050485896302593
0.23325373838240326
0.013852726436799141
0.0
0.0
0.0
0.0
0.0
0.0
0.0008853385105899111
0.0
0.0
0.0
0.0
0.0
0.06264550558148102
0.31868628549773925
0.6507166431420747
0.0
0.0
0.0
0.0
0.8397538936289207
0.5303541718607442
0.24903962165937277
0.06493618114474767
0.0
0.0
0.0
0.0
0.0
0.0
0.0
0.0
0.0006593739651830114
0.0
0.0
0.0013167690570840467
0.0
0.0473057478175758
0.30992531276869834
0.48273392804027854
0.0
0.0
0.0
0.0
0.7857156647565411
0.39842767754267977
0.2032858649319086
0.2728441545993895
0.14099719864125473
0.0
0.0
0.0
0.0
0.001735915838815576
0.0009399875189794174
0.06208013228530018
0.08023868100312996
0.08580746062795083
0.08259817948265037
0.1298039262799551
0.16559495149135914
0.23113891473581474
0.6436606946106136
0.7613809120614692
0.0
0.0
0.0
0.0
0.8035080837429887
0.44064238447071247
0.25855854518828625
0.2815892805655282
0.13391332842486758
0.0
0.0
0.0
0.0
0.0
0.0019388463773469468
0.012552385831261208
0.022302365452101257
0.050571252350700605
0.06204244134038354
0.0945862547052138
0.12308125514801233
0.20728607237106667
0.5648774892095548
0.7500150289729898
0.0
0.0
0.0
0.0
0.8004654840905637
0.4724639051825724
0.25268351536998485
0.25410292253087335
0.09571853471584639
0.0
0.0
0.0
0.0
0.0023820009454930294
0.03304462515326375
0.08217817956835598
0.0
0.0
0.0
0.007514850155319933
0.0
0.024456558309706403
0.2338518271383011
0.5219960316857474
0.0
0.0
0.0
0.0
0.6836475470172908
0.28464694049174033
0.0905660493979544
0.03834695740338723
0.0
0.0
0.0
0.0
0.0
0.0
0.001805190593818275
0.0
0.0
0.0
0.0
0.0
0.0
0.0013322537480147615
0.005970183263248707
0.27316082190274776
0.0
0.0
0.0
0.0
0.5578508585983601
0.13220838301993748
0.0
0.0
0.0
0.0
0.0
0.0
0.0
0.0
0.0
0.001447169413646788
0.0
0.0
0.0
0.002041653614849444
0.010030601604032735
0.06011687435605156
0.35571370222624177
0.574793453317347
0.0
0.0
0.0
0.0
0.6405795225925535
0.23705107836130238
0.09572384623149578
0.12928117542237774
0.045725656730102676
0.0
0.0
0.0
0.0
0.0026706451521894587
0.005113829631933287
0.031677993820982464
0.03063845035327555
0.0
0.0
0.01302230672558035
0.024276135952516473
0.07180093136265038
0.349739198969273
