0.9986723893762521
0.9986242330619671
0.89780787933508
0.9986970196104459
0.9293374898665505
0.9980369540569051
0.9322423150969561
0.9986645076903036
0.899234612090629
0.9986809325603992
0.9263661828270771
0.9978745346795216
0.9240005508141269
0.9984186306792535
0.8811061123246489
0.9985124784826448
0.9239313426395526
0.9979564399071774
0.9305326098221197
0.9986486274315456
0.9006826517564139
0.9987673198592752
0.9347128889905368
0.998197409297244
0.9353811908782762
0.9986755372932161
0.8980707194100154
0.9986830300400693
0.9277428270785046
0.9979583188422604
0.8565395070128331
0.9831803064867717
0.9633438945091156
0.9422931397641333
0.958276254323791
0.9350202447850875
0.9311986985676157
0.9269683841796105
0.927361303163257
0.9529435558023002
0.9552994700574187
0.9565812718337225
0.9576720603839151
0.9782976182791421
0.9794722621122545
0.9807632634947584
0.9929576380940796
0.8906464318356371
0.998386372431058
0.8989130757567765
0.9988377283427107
0.9410410678891844
0.9984401840513243
0.9458987874099491
0.9976185028082063
0.9751308952351296
0.9722198854571038
0.9705151983790155
0.968991006435045
0.951842271099619
0.933695757795153
0.9465805927964486
0.9621843878237345
0.9613155141987569
0.9418012626860292
0.9603711693607293
0.9801591391850804
0.9803397103703304
0.9811270370595659
0.9817191739674681
0.7896975559546832
0.9967427450700646
0.9087054543544045
0.9983765648867733
0.8883821960456402
0.9986331893004613
0.9302832189269192
0.9981258872206769
0.8603151093968165
0.9868705624465327
0.9727603962687058
0.9720747972205326
0.9582925916265771
0.9578250561026649
0.9573471851609653
0.9569323362173209
0.9597601589971678
0.9756006916425399
0.9778983132805366
0.9793491001716569
0.9807266327552816
0.9906664369549035
0.9909842293097588
0.9911078507907275
0.9984902395506908
0.9482515461194269
0.9987581853126328
0.9585480741956491
0.9992623585675005
0.9440623627447962
0.9993334438186555
0.9639257145913617
0.9989679258432387
0.9857885370343603
0.9852526248315455
0.9843408401589809
0.9832948154142757
0.9734137470963237
0.9623408792968258
0.9690915341758232
0.9785327083024596
0.9786536032295179
0.9686752110639187
0.9796808890800922
0.9904803021841005
0.9910447337058532
0.9914157920596754
0.9915648360578875
0.9275530127924067
0.9991125853437111
0.9383074677522297
0.9992751443892663
0.961538757453215
0.9989967913300284
0.9652024871054486
0.999359891857695
0.9460444051436809
0.9922735225249961
0.9838028372523828
0.9749498677995968
0.9825056578996892
0.9726851041543613
0.9708163446275112
0.9687145363314758
0.9676834036650249
0.9779969432182146
0.9778202319001095
0.9778994220361328
0.9782272602979594
0.9889559278343693
0.9897044535133006
0.9906264759863259
0.9985332685348609
0.9512019966427432
0.9988280503443436
0.9606031632832762
0.9992966447911721
0.9464143218840242
0.9993625020752642
0.9652907979027048
0.9471685849565845
0.9998706307237101
0.9925013224751394
0.9844116260471238
0.991598324521262
0.9823750934121213
0.9903801562278689
0.9896221577375193
0.9895487594411438
0.9896928095727722
0.9898127605225917
0.9901810549835381
0.9159912611009076
0.9989933727017825
0.9321066592314114
0.9570612618748153
0.9992348189683701
0.9422391306144421
0.9993112080472741
0.9626473395676989
0.9990119387847685
0.9653310661768828
0.9993632995251233
0.9502239271410874
0.9993987775736931
0.9821218365440618
0.9756563033166074
0.9993939325704043
0.9650814460730808
0.9990183686728183
0.9629110655955924
0.9598767000739372
0.9988489836596428
0.9571707310692513
0.999162177008417
0.9340020574673052
0.9991944105159521
0.9563455925225014
0.9988209290062415
0.9572369117961623
0.9991659558926934
0.934231643759063
0.999196561338197
0.9560131632434341
0.998809641057828
0.9572910643584935
0.9991736884888717
0.9346418124909013
0.998784653021651
0.9800077834881483
0.978091923673249
0.976289734785005
0.9744292761234539
0.9571787908842191
0.932919548016855
0.936416514356212
0.9500566552168792
0.9467614957422172
0.9171368888118329
0.9349777069898649
0.9595203139088011
0.9471740390526768
0.8688322910691675
0.9977718711436632
0.0
0.0
0.0
0.9282549939560234
0.17999243828184772
0.9288497976985723
0.3365211543845483
0.22622544653693036
0.0
0.7744706580795562
0.4770654554369493
0.41625892898413824
0.6290984075008736
0.5070402221420981
0.4123787628826469
0.2730740248369353
0.5502537925542021
0.7843293285233022
0.8076221211513885
0.9047441665835253
0.9673335084856428
0.9732000602842663
0.9764142483002402
0.9775616736457141
0.5671625013314734
0.9967659588483553
0.8238267713078605
0.9978474578256856
0.9021980190542703
0.9975623085770772
0.9262396177121178
0.9986893096089291
0.8075379193196964
0.9873123997827211
0.9723504387237691
0.9545390471720826
0.9654794363447977
0.9390920838538469
0.9198555277153826
0.831069654345083
0.8994120729841608
0.9225370115514471
0.8970335541675563
0.9617712405913842
0.9292601618043118
0.9583350203439311
0.9662512627866333
0.9744748066224296
0.9884385763013789
0.867488508510558
0.8520981236838436
0.9982903898130467
0.9201372884323313
0.9979573981902876
0.9349079078669204
0.9988292169237863
0.8506439608209887
0.9883819225841374
0.9743699720123198
0.9702304360511246
0.9485825616695045
0.9387331847362184
0.9242124651873894
0.9010049502489562
0.8932225261772051
0.9319520707114533
0.9363296928330875
0.9412358955788112
0.9529469379063588
0.9784578525476283
0.9800615915776054
0.9805307674118242
0.993862258761285
0.8199134073915751
0.9979446807844512
0.9042860434275762
0.9974514854722797
0.9184385421646021
0.9984757065966156
0.8877352427694165
0.7895770890642597
0.9801751956038846
0.9495534140671797
0.9323166655830363
0.8585564992597745
0.8122845882223163
0.7820743671080855
0.7392535368234945
0.7430534292535367
0.8366488044867094
0.8566947475469956
0.8500438730082668
0.8719435575087324
0.9297165933148275
0.9284757977364291
0.9175234590252827
0.0
0.0
0.0
0.0
0.0
0.0
0.9331267239367848
0.3872523641686416
0.0467621833269863
0.9586709620311307
0.9540278412943335
0.9387597601098662
0.9119214398824862
0.6480967326917914
0.14842127281554493
0.0
0.0
0.0
0.0
0.0
0.0
0.0
0.0
0.0
0.0
0.5618575441206244
0.9839214119693489
0.4804574999939173
0.9935830485779775
0.8359271577266647
0.9966428494102595
0.9122830160821999
0.9985602183623519
0.9052734099182416
0.9988932104667022
0.9428955502732834
0.9984783118388612
0.9473032953637295
0.9989886836238853
0.9210959427455158
0.9468023604461088
0.9990085557706899
0.9253263185673648
0.9990930159982727
0.9991057666045897
0.9325682450472444
0.9991813306832052
0.9554138560600001
0.9987956019064231
0.9579122052242305
0.9992282460802702
0.940861442767449
0.9992863180102616
0.9609340682763429
0.9989532438138835
0.9629541252584544
0.9993106161703365
0.9462048828175946
0.9993415129898925
0.9635293014253675
0.9990289710858881
0.9646652454734478
0.9993276128504429
0.9467556895103423
0.9635484147063388
0.9993156490204748
0.9990133125318525
0.9641052348329487
0.9993287051556483
0.9486133092917731
0.9993549025655705
0.9638794902352116
0.9990556397491387
0.9648780886166717
0.999336148097555
0.9490976268221963
0.999350524811148
0.9634127335294339
0.9990449712193581
0.9640253759207472
0.9436855524393276
0.9918563981350302
0.982907070558506
0.9820723887934246
0.9722589913082075
0.9710520793091729
0.9697197588299551
0.9683667295507418
0.967428261973751
0.9775924550253604
0.9662396862713442
0.9883872988967605
0.9776364804917194
0.9886964679054036
0.9887166189408494
0.9885640643100655
0.9976634167804815
0.9307824958371164
0.9982873325682773
0.9433927130231246
0.944201994406347
0.998496212424149
0.9479917844809228
0.9990094892638421
0.8942500283183594
0.988264564208783
0.9750398446742821
0.9615000326776434
0.9730172674113753
0.9580245953287654
0.9549525096610917
0.9365294847952204
0.9655835894668756
0.9648135286530253
0.947038046735334
0.9639458356029125
0.9819135706080151
0.9820435762686274
0.9823882589345336
0.9824910180258927
0.7936009147055438
0.9967339094473402
0.9066741190791229
0.9982976744278629
0.8820033274922386
0.9985302907869562
0.9245337297767642
0.9979200871774109
0.8264002217119725
0.9837117856411641
0.9640705205620924
0.9421587805761914
0.9571947633009192
0.9295661931864407
0.9176470136861405
0.8723345773162201
0.9204588821553209
0.9097153199230219
0.8523912556575839
0.8874283752123033
0.9438649093056213
0.9427658523909165
0.9002919042393434
0.9990725845224919
0.0
0.0
0.6561394086628504
0.9949167300161726
0.7841141355584873
0.993712227352638
0.8248942358379968
0.8258977828142358
0.9570477540704307
0.9686613815150267
0.8797785627484043
0.8557553733411473
0.6628276956343853
0.36161730963847494
0.22373045435437017
0.16968206988365747
0.22332030168009095
0.293510752089224
0.27884089402895523
0.5647772661275807
0.8828151621645536
0.8634248946266946
0.9420833719790456
0.9464890619318207
0.0
0.0
0.9958922628013717
0.8646130096801697
0.9967390735145845
0.9026353053879678
0.9982213694854933
0.8758708065350356
0.993526978133077
0.98074308791451
0.9778519020355553
0.9517547290344991
0.971981744655686
0.9408492429581522
0.9664175732174395
0.9631727903074739
0.9628753830665825
0.9612028912372863
0.9586436081518737
0.9603666574197167
0.0
0.9919917347238455
0.7820837256667544
0.7377631154967724
0.9876823161659339
0.6309707006225762
0.988052866185115
0.5338707371235041
0.9913189086683173
0.6561124379071397
0.9883188958558426
0.7397158198675197
0.9951407020707158
0.7558956284089395
0.9965885849600004
0.81806726210455
0.9935946247734049
0.7975821741438242
0.995060426736954
0.7150434239927009
0.8065843777138271
0.9956157623478192
0.9943766011968204
0.831462064753204
0.9962912227881431
0.7711329625840401
0.9967509133375977
0.8431834933497393
0.9954817904785894
0.8681325786536926
0.997521821916947
0.8458270411495346
0.998037236237259
0.8952820308133579
0.9969399811930335
0.8944598524593876
0.4871162379832137
0.9653324146385747
0.8989517270420354
0.8310708519190916
0.5129352168511395
0.2672993124339055
0.23552793126145957
0.17624830510505168
0.3394925405869136
0.40182233339852125
0.411401495952165
0.6776500293128149
0.8939166544145969
0.9217019965824501
0.9351448537451398
0.9384553534340703
0.0
0.0
0.5966759522933076
0.9944456650129525
0.7789943677095296
0.9935163095779034
0.8186779696824826
0.9960964041142945
0.249286840057804
0.9591911661294988
0.9030812549304185
0.8504086533378724
0.8898928939658622
0.7885014837019231
0.5208647683936458
0.20324513954656717
0.0
0.0
0.0593661489875774
0.31766230235453136
0.6288133750429447
0.549913551227914
0.7980957506801813
0.824193166188899
0.0
0.0
0.0
0.0
0.9922783181526568
0.6499959404958928
0.9860459100177175
0.6798313256351228
0.8768894994282879
0.9092972251165918
0.8634650984068798
0.7356335997252026
0.3675898876870019
0.06996189889314633
0.0
0.0
0.0
0.0
0.0
0.3372859695901132
0.6579054187019764
0.878375594711705
0.9150533272434599
0.9235069704988881
0.0
0.0
0.6832833514470116
0.9945111668989449
0.8585147360708193
0.997026516701929
0.7982582430555917
0.997202488307246
0.363808275410769
0.9773204354973049
0.9517784237873261
0.9251551819604478
0.9461204421653129
0.90983032945494
0.8874292244548351
0.8072148627615956
0.8770648806636487
0.8730714050356274
0.8038728558977017
0.8530095554459601
0.9434988277206934
0.9472694789432282
0.9112502789956123
0.9991916739832349
0.0
0.0
0.699875055250909
0.9932253089899413
0.8193351463566488
0.8167058625591742
0.9944939688642043
0.8276016968046803
0.9478015822589845
0.8913844541646587
0.80785867696593
0.7234225734780604
0.5132495616916255
0.5202931974799833
0.2561729651530241
0.1392851505037499
0.15085417511579774
0.3888064860544574
0.5234283174765457
0.6541263945593708
0.845140489143322
0.9391306392132843
0.950368518858689
0.9541755996034641
0.0
0.0
0.9916178108053921
0.8092610442407489
0.9962777431990026
0.7882620575763463
0.8567817851964751
0.9970434852584894
0.3480265295284932
0.9717645750804584
0.9678395908629032
0.9650556370063259
0.9623978145415568
0.9223726970081648
0.9561106969556304
0.9097743695320183
0.9566401154672386
0.9596106384652862
0.9619158096582878
0.9652084291569474
0.0
0.7871250251654283
0.9961722620235769
0.8043799646217732
0.8790280240512927
0.997726641250093
0.8471510089687433
0.9979851488801919
0.8973787690669799
0.9971248160485742
0.9060785075249325
0.9981257115415372
0.8647182721600228
0.9981823347032346
0.901184235716142
0.9970563830844636
0.897780672699536
0.9977623788622966
0.8331556995111092
0.997468705491158
0.8599137177313126
0.9957334083285696
0.8634311263887167
0.9973228150600745
0.8376935972175437
0.998045293647896
0.9076618506917759
0.9975657143993623
0.9226998769907325
0.9985688223127225
0.8969244842091966
0.9987150749063542
0.9317530104371741
0.9981093996347026
0.9346256889223175
0.9333198473996953
0.996709738871222
0.9860313419888099
0.9539318061924739
0.9625073736107944
0.9539914788738122
0.9114105968436954
0.8275203265895118
0.689616623491213
0.5054992116646045
0.717120632799277
0.7739679525802265
0.8513565807585284
0.9004722377894799
0.9594445859423234
0.9628137980879035
0.9614525772670058
0.0
0.659280207732023
0.9961508631139127
0.862867414362782
0.996594322652748
0.8991692873905348
0.9981639019980982
0.8733755341731249
0.7396018949757874
0.9819196980131093
0.9603250399795964
0.9368388978278077
0.9537460124733618
0.9210430507764538
0.8989689519551943
0.8205186445358221
0.8706895496656875
0.8508773628110863
0.7559691056160873
0.7569266565514092
0.8752800056679474
0.8535711429346967
0.7857481717605627
0.9980096866502917
0.0
0.0
0.0
0.5736156791929545
0.9884140062880046
0.7484856812665699
0.9947238758086702
0.7302199674033693
0.9709310260323047
0.9147252131407702
0.8875107843971521
0.8210049673524608
0.7421139438170931
0.7284012353425418
0.6471749502015445
0.4314495967686005
0.0
0.0
0.0
0.0
0.0
0.0
0.0
0.23481104072000372
0.0
0.0
0.0
0.0
0.0
0.0
0.0
0.0
0.0
0.0842787335673932
0.0
0.0
0.0
0.0
0.0
0.0
0.0
0.0
0.0
0.0
0.0
0.0
0.0
0.0
0.0
0.0
0.0
0.0
0.0
0.0
0.0
0.6120376079148722
0.26046734163981183
0.952408862686295
0.8401044125683452
0.6228834979498342
0.20295810344867635
0.0
0.0
0.0
0.0
0.0
0.0
0.0
0.0
0.0
0.0
0.0
0.0
0.0
0.0
0.0
0.0
0.9928140530723175
0.8497793171272402
0.8796857797101204
0.9760190302978666
0.9837482824190777
0.9831403743916414
0.9657609790499297
0.9820565891210518
0.9649599811462447
0.9815543860751539
0.9816868930683432
0.9826219791829713
0.982820327144394
0.9828634028429101
0.9838835865907828
0.7622106677449682
0.9980584947504864
0.9150745661025501
0.8903427561432314
0.9986910417499608
0.9335096923938602
0.99823308712584
0.9407390040493975
0.9988889436497284
0.9163866528076989
0.9989654814919339
0.9440621908995013
0.9985003983306245
0.949347083156966
0.9990380467466166
0.9238532996101181
0.9990107394404241
0.9426074991493203
0.998319663971283
0.9386031345853395
0.9357662347388069
0.9981849929138777
0.9350745401946352
0.9988085225712957
0.9984290635459311
0.947819498317419
0.9990229253165813
0.9262443620402208
0.9990937117348895
0.9517297551145764
0.9986919411120655
0.9532341193797758
0.9991084239183081
0.9295475103203777
0.9513841863427713
0.9990655398450161
0.906343527883348
0.9887130851614623
0.9756542093160189
0.9608898874803848
0.9712626224561887
0.9547265183833328
0.9500205415430274
0.9268121518976478
0.9607194559599768
0.9594963347633917
0.9399726247558332
0.9597627382931663
0.980817609386317
0.9649489203763146
0.9826099426892653
0.9822416076384692
0.9947459233165612
0.8260789138689726
0.9979642286067162
0.9030164293391579
0.9973582489028032
0.9144205286388605
0.9983345005205316
0.87851873737823
0.7701690120906975
0.9809198455037194
0.9589110597278043
0.9529901621417756
0.9187950691555947
0.9084522879623156
0.8812032774998746
0.7665062374895222
0.8426188244441779
0.8443496267756315
0.7959048301326748
0.9032108823472199
0.9603917088580688
0.9577342247294738
0.9215128796146518
0.9992571477986293
0.0
0.0
0.6957486756174258
0.9932344878752999
0.8176669041658567
0.9963914217002552
0.7846527535747959
0.8519462034773273
0.968283133783521
0.9493285962698311
0.934908411059523
0.9085989953304388
0.7879816108331653
0.8167412857564471
0.47471815430783904
0.04505304462671587
0.0
0.0
0.0
0.26877682923918733
0.5235460196920488
0.7537319783508972
0.8377862067565399
0.8841111581193758
0.0
0.0
0.0
0.0
0.0
0.9883242320817669
0.767844075261768
0.9954928182432419
0.20918021883570004
0.9574144755913597
0.9016290235988418
0.7810028920515846
0.6824480973301242
0.23644893677433573
0.0
0.0
0.0
0.0
0.0
0.0
0.0
0.36423165445554323
0.6577128418014618
0.306126409042223
0.0
0.0
0.0
0.0
0.0
0.0
0.0
0.5564794486590351
0.05345112898280984
0.8830704874761522
0.7146548717956622
0.6275064432475623
0.5989367614109533
0.23375004134642297
0.0
0.0
0.0
0.0
0.0
0.0
0.0
0.04606165214246303
0.607792215251233
0.7195726057720782
0.0
0.0
0.0
0.0
0.0
0.722019169434944
0.9931953108454314
0.660098627734244
0.28609017443754364
0.9990456979134235
0.9411780305818777
0.8738199774497535
0.9063427245689549
0.790406091519888
0.8786266888870242
0.7818938168253634
0.9128494710571047
0.9217651610038631
0.92238074102902
0.9984355849317063
0.0
0.0
0.9814344907388464
0.6651445681768063
0.6767280749853938
0.9903951066900429
0.7632840359331774
0.9947234277753076
0.7236369477959915
0.9959746304358077
0.9961878472391774
0.7686201016779605
0.8418517259507703
0.9966568064648476
0.9951665452320941
0.8515487072419878
0.9966204468074585
0.7678266221839596
0.8218663239619942
0.9949928209604806
0.6631872740192647
0.9931104761954099
0.6260010349976411
0.9832614248039395
0.6873769939856306
0.9920109625132685
0.6271588263331711
0.9944876279566717
0.7760844616495116
0.9936609930230274
0.8348284459515726
0.996915598307254
0.8075450810352903
0.9974171372465215
0.8709611114925465
0.8210718315759375
0.9886102240870241
0.968254841446033
0.8955023859808828
0.911272213339197
0.8782118455099699
0.7066894660316919
0.309239542579146
0.0
0.0
0.0
0.0
0.0
0.0
0.0
0.0
0.6830196901734611
0.0
0.0
0.0
0.0
0.6549928355359845
0.9910998048854623
0.6106284183440142
0.9931518900502582
0.1282343473583622
0.8664581184128428
0.6586326996146686
0.496277938874093
0.23916405501297816
0.0
0.0
0.0
0.0
0.0
0.0
0.0
0.5949881283253752
0.8506949210103788
0.8803721799635538
0.9159165812150225
0.0
0.0
0.0
0.544301560609233
0.9950509790429863
0.7530048287636378
0.996700559405761
0.8536723303687443
0.3355690940557974
0.9730235819334873
0.9354856690411716
0.893801529841648
0.9118672777773823
0.8593157976644643
0.8453675708682501
0.7371975897972229
0.8195516000530412
0.8527256463537773
0.7970190784846353
0.8708925637234307
0.9574548772171726
0.9294877662259295
0.9662292938576859
0.9686354231531452
0.0
0.7252042615051353
0.9940469049587763
0.8491014441538464
0.9971158945289835
0.8171877277022566
0.997718529253851
0.8912380529491425
0.5088532109936067
0.976478289659268
0.9450986950687454
0.9359695702541047
0.8991543716531554
0.8785347208262536
0.8589772497488506
0.7645507839459473
0.7742765300684035
0.7822670309630168
0.7462977341212296
0.8075510215519782
0.9349236533598273
0.9448108404997015
0.913829869429497
0.9992623124653895
0.0
0.0
0.0
0.7876080895990513
0.9955221842449105
0.7517153335884893
0.9964682195509982
0.8299791302456035
0.9582593196119606
0.9380039538350652
0.924712502514557
0.911816170668424
0.843517871909653
0.7532958936457448
0.5695173896103879
0.19461573181980926
0.0
0.0
0.0
0.3002195225509404
0.8016053020590314
0.8751748231097619
0.9163554842981827
0.9185672690522869
0.0
0.0
0.0
0.9848032350636521
0.7534629918795243
0.9928941750181687
0.8109265236289471
0.809117732839868
0.9436709035327696
0.96310818817778
0.9593968106029126
0.9149931482137107
0.9446368581667984
0.9230481152960937
0.8121943982041535
0.8091473388274191
0.8126002550418278
0.5810749765128639
0.4552330097468631
0.7976542998077711
0.0
0.0
0.0
0.5432408281337265
0.9934151785642461
0.7473280421691216
0.9928558829657866
0.8182528676682981
0.9963208163967644
0.7817488726884843
0.9969816559356433
0.8586475596735343
0.9961917258170954
0.883275659584609
0.9975062698537887
0.8249057122852052
0.9974736402887486
0.8570474003114656
0.9949748833354973
0.8253542224306046
0.8188803732682733
0.9943471415683258
0.840877927249382
0.9969106362753929
0.9959478032986151
0.8822531759500137
0.9978577317261881
0.8624377976328826
0.9983358948967722
0.9181058067660433
0.9978920268766083
0.9334152346630569
0.9987807415382203
0.9122066081836829
0.9989420779702857
0.9439903468519752
0.9985092356215994
0.9487976738260904
0.999030755862491
0.9254055657554732
0.9990612579426802
0.9473141880301198
0.998491863176342
0.9442797384115625
0.9387852875750867
0.9982391674243051
0.9360493903671108
0.9987186617222683
0.9051427400611742
0.9988401019027218
0.998852726557483
0.914350682798203
0.9426016011977051
0.9989047415746423
0.9165564101634007
0.9989425686140403
0.942045145780117
0.9984088138488784
0.9445691179707018
0.9989300987081765
0.8825319937189725
0.9871344849294501
0.9724399668788717
0.9565330547472001
0.9680857063189268
0.9425320909910724
0.9115225836461114
0.9102545634251807
0.9072211837912197
0.8274982936080783
0.8737824191111365
0.8805918047552079
0.8969881564024171
0.9522617204039808
0.9531449061278275
0.947749019148521
0.0
0.0
0.9920105177486794
0.7162210054025149
0.9920002247511687
0.8061808608438272
0.9960176518445063
0.7546142905846123
0.3990209558624662
0.9615953925062464
0.9057964424233211
0.9321276870843623
0.9648644063936559
0.9514526917213593
0.9550259894723551
0.9421188817905917
0.9706045789789615
0.9714157786044907
0.9573727680019333
0.9718992234271978
0.9866573132104134
0.9744012368054467
0.9871688505770723
0.9872662839143209
0.9965735998971251
0.9248808457426638
0.9987744012107851
0.9144376206078384
0.9989791283070615
0.9465030601298916
0.9985791398331474
0.951004379806756
0.9025129237170404
0.9896050221575609
0.9780677010262275
0.9773631094049897
0.9656495922308501
0.9649861285728272
0.9639703508318862
0.9516061428212486
0.9748849035832714
0.9746743370847889
0.9629742463529126
0.9758070426103134
0.9886792163925868
0.9891294098239105
0.9795076059328299
0.9998215655831221
0.9055606976108189
0.9988969279544981
0.9265330689833029
0.9535137893781641
0.9991734925485831
0.9382008471912546
0.9992564688812456
0.9590751257265459
0.9986976242176391
0.983345148271631
0.9822937337463677
0.9810906821850025
0.9697499055285219
0.9676432687840943
0.9660433703220197
0.9634029385536927
0.9595861491723975
0.9705960423975929
0.9563956517627098
0.9713831950677071
0.9865959217343866
0.9873404707138451
0.9878575795134956
0.988337401491428
0.8801654407183807
0.9986400683748188
0.9112652861527561
0.9989606285974121
0.9468581788841319
0.9985882003436373
0.9506889505132351
0.9501274896009596
0.9981314381294356
0.9894812277891972
0.9889083325627038
0.97772018426867
0.988685143359419
0.9886892139081221
0.977678430037645
0.9887431642663722
0.9890231724046522
0.9890446009525725
0.9893369247727444
0.9897043982529886
0.9078252332034701
0.9988867855323991
0.9261540013844707
0.9535913726198343
0.9991731504345263
0.9381939557346389
0.999260905841359
0.960185994018239
0.9989618131135504
0.9641289466675987
0.9993426254156238
0.9488503202327359
0.9993880946033018
0.9657967579219034
0.9990470841424802
0.9644088442754728
0.9992914067995593
0.9396319687867067
0.9992151123632822
0.9531908477581691
0.9287659581124238
0.9990867932502407
0.9990363201057466
0.925690163406428
0.9990943196129645
0.9513071458429699
0.9986968580570693
0.9546267684785125
0.9991726233186691
0.9378758849003203
0.9992647183042593
0.9606505196519117
0.9989638612245547
0.9636973693062513
0.9993297812636863
0.9477749551834768
0.9520227322600486
0.9926497688376718
0.9841528554770798
0.9745913576028511
0.9813861765763767
0.9679602855414661
0.9639250314558726
0.9498060689248836
0.9738519789142158
0.975080585070788
0.9650591941729423
0.9779465089328441
0.989535158035101
0.9799146197408387
0.9898887884686327
0.9899334697951677
0.9980690438081962
0.9384473903391658
0.9985228589258449
0.9508305354392416
0.9991114637712563
0.9330519087350216
0.999180948355748
0.9551903320334799
0.920764086006052
0.9904812345604389
0.979747317918441
0.9780258820348536
0.9649064120909137
0.9617195793233284
0.9566120780848033
0.9346988804801852
0.95976351986564
0.9542565269144352
0.9278949664312179
0.9524304741871965
0.9770153262717899
0.9748469548076305
0.9518044327275983
0.9995526998017019
0.5450735688402263
0.99620871086226
0.796563996165606
0.9973616280611278
0.8740101580517101
0.9965160851388615
0.8924684155757538
0.8938094821708006
0.9857468339354698
0.9552237698371621
0.9447313437858681
0.9317661490082039
0.874666657166035
0.8558689411104704
0.7745666911161939
0.7075933919063772
0.683741907972477
0.7972374882013005
0.7500243321853384
0.919759721730724
0.9103997260062541
0.9619009367832121
0.9683581570482162
0.9716893268952248
0.0
0.9936015458518507
0.8511163972837049
0.9974770099739629
0.8416142453647513
0.9980588388302992
0.9052878696780029
0.9974786064243041
0.7476806512239356
0.9844667926571432
0.967018405563225
0.9489993495181521
0.9638864298769316
0.9456504260271362
0.9280691529572976
0.9443548013911495
0.9617257690337115
0.9433757677657323
0.9610324572218851
0.9608671155491053
0.9643515980555003
0.9823958440735998
0.9831682274062744
0.9835657278585392
0.9957164785534558
0.8537075559042079
0.9983461564373967
0.9210957859176289
0.9979346555844474
0.9326404306569309
0.9345440242784223
0.9982319478920453
0.8712406298226393
0.9868853691489154
0.9717573523697364
0.9552843172607905
0.9677119766457254
0.949462977273139
0.9457324694248963
0.9237883808051707
0.9581622725771965
0.9566921226103213
0.9341219705098364
0.9567370335027375
0.9817151375558889
0.9682620067049367
0.9851069131922714
0.985904216137701
0.9957576523126773
0.9156077792044639
0.9986851575228758
0.9120985290769347
0.9989767810050985
0.9476644290903179
0.9986262257230853
0.9528732511094518
0.9108849356896632
0.9998207446466834
0.9889617418233715
0.9757526732088199
0.9860173341624455
0.9693618273553309
0.9824137218905648
0.9610526813058853
0.9784835733475615
0.9769254951974659
0.9749262472281259
0.9995897381891578
0.7225958357533874
0.8172713071479368
0.9981007967430624
0.9163384038549756
0.8936383019483036
0.9987591696016078
0.9393968151105218
0.9984454193086763
0.9990349210561622
0.9490644064786318
0.9986389906631371
0.9523341289428099
0.9506006765253736
0.9986196103079035
0.9990581176512341
0.9439779013825842
0.9983264834671436
0.9360000337851104
0.9986221528164109
0.8878948553959917
0.9162090136223184
0.9981089386471043
0.8501838616148131
0.997864630341627
0.8923584266004275
0.9970604989523396
0.9083266549806224
0.9983268476143602
0.8865452697677213
0.9986161154339755
0.9288410437495065
0.998089467966906
0.9348583658642542
0.9987111611449229
0.9012019977345932
0.9987132454019866
0.8179525250834917
0.983869601068779
0.9624356329993005
0.9315812088982695
0.9394333974787684
0.8815213978518913
0.7808887340201199
0.6713998438831215
0.4684395048118135
0.1220653490479844
0.0
0.10832787689075593
0.6431659860320894
0.8909193572696937
0.9198398163004295
0.9264469794696331
0.0
0.0
0.0
0.6054473962559626
0.9878200890101173
0.5469314205738387
0.9918104228037892
0.6533727276642927
0.08332182407715287
0.905505014701381
0.7344601336550256
0.6315227894926498
0.7394788184089982
0.5204144997001896
0.14564657178349
0.0
0.0
0.0
0.0
0.0
0.7284638817058071
0.91068907119765
0.8791465181523396
0.9987642366957543
0.0
0.0
0.6916793922999185
0.7362848983548647
0.9967790042040052
0.8580328561537671
0.996147667132078
0.8790191927740695
0.9782929582144314
0.9513495982918992
0.9321312306944104
0.8868829703434644
0.653452594098987
0.16459547734392208
0.0
0.0
0.0
0.0
0.0
0.0
0.0
0.0
0.0
0.0
0.0
0.0
0.0
0.0
0.0
0.0
0.0
0.0
0.0
0.0
0.0
0.0
0.0
0.0
0.0
0.0
0.0
0.0
0.0
0.0
0.0
0.0
0.0
0.0
0.0
0.0
0.0
0.0
0.0
0.0
0.0
0.0
0.0
0.07092254256134672
0.0
0.0
0.0
0.0
0.0
0.0
0.0
0.0
0.0
0.0
0.0
0.0
0.2523346256961453
0.7075257014799122
0.0
0.0
0.0
0.0
0.0
0.0
0.784212700238734
0.7980197501527166
0.9381191723982781
0.9627210594810109
0.9396339955986569
0.7505282299209877
0.5076658220270059
0.0
0.0
0.0
0.0
0.0
0.0
0.0
0.0
0.0
0.0
0.0
0.0
0.7187787895058493
0.9939083927050503
0.708636937090464
0.9960113192024089
0.831129008364185
0.9952907653202155
0.8590445526992003
0.9970176989370761
0.8006185678960296
0.9969103857963699
0.995948983040667
0.68743475876679
0.6536777922061368
0.8866018565077147
0.0
0.0
0.0
0.0
0.0
0.0
0.1656897161925151
0.9607733216416156
0.5030888905840732
0.9937933519972312
0.7918269307487414
0.9941895266399162
0.839393557599306
0.996863519464199
0.8078919107080862
0.9974380642609961
0.4426970146503243
0.9681208213081164
0.9236560443384844
0.8506429044761218
0.809728971233023
0.40389004267776635
0.0
0.0
0.0
0.0
0.0
0.0
0.0
0.0
0.0
0.0
0.0
0.0
0.0
0.0
0.9778400215382395
0.678906063275189
0.991220011629436
0.7920059095702532
0.21549103339558007
0.9617912483744855
0.9079493185974729
0.8545683062138106
0.5053777728924076
0.02546167861726278
0.0
0.0
0.0
0.0
0.0
0.0
0.0
0.0
0.0
0.0
0.0
0.0
0.0
0.0
0.0
0.0
0.0
0.9819384397678399
0.09870549592440578
0.9450797452349179
0.8397174429819897
0.5573184022890791
0.06686254292393795
0.0
0.0
0.0
0.0
0.0
0.0
0.0
0.0
0.0
0.0
0.0
0.0
0.0
0.0
0.0
0.0
0.0
0.0
0.0
0.10985673044531942
0.9033606454146219
0.74717017401584
0.6054794207167581
0.07437968191072938
0.0
0.0
0.0
0.0
0.0
0.0
0.0
0.0
0.36087567985790797
0.8062140251831381
0.8712361855855583
0.0
0.0
0.0
0.0
0.0
0.0
0.7190189960636991
0.992821565540268
0.1242153908122103
0.9539193247643525
0.8896329316307421
0.8049789965560599
0.7840232924007529
0.5433023251157048
0.39662576315529274
0.14188044007326958
0.0
0.0
0.0
0.2739441055932174
0.737177949567872
0.8569771968319791
0.8502423501371117
0.99888549468905
0.0
0.0
0.0
0.9956243195162614
0.8139572167754113
0.9951504290177077
0.8745004283263947
0.8891588124190479
0.984099205176246
0.9788520088449432
0.976001513073173
0.9427131800401942
0.9569971494633619
0.9222180441291311
0.686957072836193
0.46056644445936484
0.0
0.0
0.0
0.0
0.0
0.0
0.0
0.0
0.0
0.0
0.0
0.0
0.0
0.2018534070993634
0.9756257881430069
0.5550946961402987
0.9936949792483118
0.7269397262650209
0.991148166727451
0.6841349906182725
0.9032011282363224
0.0
0.0
0.0
0.0
0.0
0.0
0.0
0.8727950735875435
0.3080153405767325
0.9812343971625139
0.7185409763083023
0.9942375083905524
0.7304114140203379
0.9965595692208478
0.8606190308770104
0.9964795423290592
0.8968762493237739
0.9980796788444086
0.8688065658332006
0.7273648382837846
0.9789616882420967
0.9510105449029433
0.9323381543142916
0.8104216502466556
0.3633573629267412
0.21126698039906683
0.609826456590438
0.7993737759063856
0.8734589076721648
0.8587100581950535
0.8465938174647212
0.8716354466889684
0.9393880982574895
0.9484596703942615
0.9549674840343451
0.0
0.6737007729531991
0.9933571399182827
0.8511046434800863
0.8768849075847733
0.9968076359512598
0.8999976220582036
0.9980496061280755
0.5837284140752104
0.9777257635290548
0.9476274575559015
0.9155604384593328
0.9379020449305651
0.903290421900845
0.8923331297726268
0.8401097816575883
0.8959267342417289
0.8919923843111611
0.8516168412752283
0.8956791089299714
0.9599069508108795
0.9666202245319312
0.9721340090634222
0.9744743128867953
0.0
0.9964156576629104
0.8654748036421113
0.9966420479793383
0.9008782374684327
0.9981833340562741
0.8746787491365152
0.9984011594968893
0.6981413995641971
0.9834551330084593
0.9660345721450283
0.9462420458254741
0.9588312346257147
0.9309429147805313
0.9169394192659532
0.8614725539356205
0.8875541813804874
0.8363153721974959
0.6283164496033604
0.5964191908473238
0.8790363814753159
0.9388590151308323
0.9251984472214462
0.9994375785221264
0.0
0.9932180458190163
0.8536229076293342
0.9975612969787706
0.8503140538413722
0.998174066605103
0.9113054041954266
0.8807369585172254
0.9945117709170014
0.9821419885080049
0.9403680532908949
0.9515230168240146
0.9372398111257881
0.8722788704981032
0.7288243984705178
0.5113108365840122
0.06402140887462156
0.0
0.0
0.0
0.0
0.11506839458283864
0.8539456332857612
0.9982554465429612
0.0
0.0
0.0
0.0
0.9920586638398946
0.8113794862507884
0.9964636256029928
0.8057691233141416
0.9832929501183837
0.9400323072320088
0.9125224545796633
0.8275252280227747
0.3728042442894174
0.0
0.0
0.0
0.0
0.0
0.0
0.0
0.0
0.0
0.0
0.0
0.0
0.0
0.0
0.0
0.0
0.0
0.984546483930986
0.7528620494322272
0.17008494912942537
0.9989978786884118
0.8950841149872426
0.6491750967614764
0.5319993780262916
0.0
0.0
0.0
0.0
0.0
0.0
0.0
0.0
0.0
0.0
0.0
0.0
0.0
0.0
0.0
0.9793481207115613
0.6927348042125905
0.9915632213940422
0.8020430958781356
0.9959455246355069
0.7503809549231691
0.9958617151112438
0.7489229988644991
0.9821136432584467
0.0
0.0
0.0
0.0
0.0
0.0
0.0
0.0
0.0
0.0
0.0
0.0
0.0
0.0
0.1431836254095786
0.9630654258349913
0.6577512421418839
0.993929343849159
0.7338501474505492
0.3890616831471535
0.9558495328331811
0.8425189398193788
0.518099505402178
0.0
0.0
0.0
0.0
0.0
0.0
0.0
0.0
0.0
0.0
0.0
0.0
0.0
0.0
0.0
0.0
0.0
0.0
0.0
0.6294776005932592
0.2686248949398159
0.9431457600141996
0.7812217707767378
0.3759088050074568
0.0
0.0
0.0
0.0
0.0
0.0
0.0
0.0
0.0
0.0
0.0
0.0
0.0
0.0
0.0
0.0
0.0
0.0
0.0
0.0
0.10984429753905663
0.8691640269251196
0.48370476018607045
0.0
0.0
0.0
0.0
0.0
0.0
0.0
0.0
0.0
0.0
0.0
0.0
0.0
0.0
0.0
0.0
0.0
0.0
0.0
0.0
0.0
0.9316312466672829
0.8353680256160777
0.6144399796742934
0.0
0.0
0.0
0.0
0.0
0.0
0.0
0.0
0.0
0.0
0.0
0.0
0.0
0.0
0.0
0.0
0.0
0.0
0.0
0.0
0.0
0.0
0.0
0.0
0.0
0.0
0.0
0.0
0.0
0.0
0.0
0.0
0.0
0.0
0.0
0.0
0.0
0.0
0.0
0.0
0.0
0.0
0.0
0.0
0.0
0.22941900773555643
0.9605280912878212
0.9491867045996784
0.9241307147092579
0.7728365449263956
0.7347755634001844
0.4215279743138815
0.0
0.0
0.0
0.0
0.0
0.0
0.0
0.0
0.0
0.0
0.0
0.0
0.0
0.6274419323699743
0.9945416995192303
0.796643678284108
0.9950432092390754
0.8576879231311708
0.9968956942567232
0.7879179573869423
0.9963049688754931
0.9923186548515235
0.0
0.0
0.0
0.0
0.0
0.0
0.0
0.0
0.8947688723120417
0.20264019189342444
0.9715068268326696
0.5869151907218101
0.988428884595189
0.5821901162741359
0.993969256095493
0.7698762748264618
0.99342802846184
0.8195038312603037
0.9960534694068167
0.25725569615623123
0.9416734731457729
0.8180063925312007
0.6629894232096527
0.2745465184892225
0.0
0.0
0.0
0.0
0.0
0.0
0.0
0.0
0.08162861853737616
0.8199679186194956
0.9239437099539534
0.0
0.0
0.9916004512743458
0.7962814856127716
0.996312087186477
0.8078771797558848
0.9976974793665955
0.8960726817398225
0.5487150174797423
0.9775966186708953
0.9434509670408954
0.9215414341278143
0.809300263032661
0.6641286565304665
0.0913244082185579
0.0
0.0
0.0
0.0
0.0
0.0
0.0
0.12403457667632388
0.7277959488119182
0.0
0.0
0.0
0.0
0.5444430394649467
0.994983804285884
0.7655371104959972
0.9972736702986668
0.3702720730784118
0.9704124693585053
0.9116536255065169
0.7623175183708459
0.5104930826027709
0.0
0.0
0.0
0.0
0.0
0.0
0.0
0.0
0.0
0.0
0.0
0.0
0.0
0.0
0.0
0.0
0.0
0.0
0.7499472931119604
0.13985799900100288
0.9194933395045575
0.6095769340767782
0.06431474673872327
0.0
0.0
0.0
0.0
0.0
0.0
0.0
0.0
0.0
0.0
0.0
0.0
0.0
0.0
0.0
0.0
0.0
0.0
0.0
0.0
0.0
0.0
0.0
0.0
0.0
0.0
0.0
0.0
0.0
0.0
0.0
0.0
0.0
0.0
0.0
0.07050244920889567
0.0
0.0
0.0
0.0
0.0
0.0
0.9867661071584711
0.8069352338167793
0.24534674254797514
0.9992083531971445
0.9057956232884622
0.659465092641031
0.6200969437293635
0.043359357677366595
0.0
0.0
0.0
0.0
0.0
0.0
0.0
0.0
0.0
0.0
0.0
0.0
0.0
0.0
0.0
0.0
0.7261151417147742
0.9950721246836002
0.7421017540085633
0.9952076322617576
0.6768418916600205
0.0
0.0
0.0
0.0
0.0
0.0
0.0
0.0
0.0
0.0
0.0
0.0
0.0
0.0
0.0
0.0
0.0
0.0
0.0
0.0
0.0
0.0
0.47486818723061663
0.45565333628271104
0.5170832800441802
0.7088359755227235
0.7062781905367557
0.6492679967284206
0.4525225263640745
0.17258447595177753
0.0
0.0
0.0
0.1716668860420566
0.7859117994915925
0.9180776865345209
0.9498682064294168
0.0
0.0
0.993601258949759
0.8344721935678561
0.9968195601881435
0.8105261633248676
0.9977539204672038
0.8939356948882871
0.9867521357542949
0.955168182341514
0.9399627242120355
0.9094930150703772
0.8001087354813136
0.3062669466563899
0.0
0.0
0.0
0.0
0.0
0.04810180784012206
0.4886761705313751
0.8223088869629862
0.9029729622486327
0.9234672517765722
0.0
0.0
0.0
0.0
0.0
0.7707438021109654
0.9942678041727353
0.6827464718238982
0.3109856471755785
0.948154726653257
0.8682191278487006
0.806164992936948
0.6668299069895564
0.3287059993779955
0.0
0.0
0.0
0.0
0.0
0.0
0.0
0.0
0.27163122545121227
0.7898871047720206
0.0
0.0
0.0
0.0
0.9950505442624089
0.8102251017359305
0.9951297415601058
0.8679252917954782
0.3704887059192508
0.9694456838051376
0.9113303363597981
0.846166346104858
0.5574250325342895
0.1391932611292543
0.0
0.0
0.0
0.0
0.0
0.0
0.0
0.0
0.0
0.0
0.0
0.0
0.0
0.0
0.0
0.0
0.5488633834793548
0.9948056023728957
0.1978151290814364
0.9485949853558845
0.7651706679001331
0.3405582586950116
0.0
0.0
0.0
0.0
0.0
0.0
0.0
0.0
0.0
0.0
0.0
0.0
0.0
0.0
0.0
0.0
0.0
0.0
0.0
0.0
0.0
0.0
0.0
0.0
0.0
0.0
0.0
0.0
0.0
0.0
0.0
0.0
0.0
0.0
0.0
0.0
0.0
0.0
0.0
0.0
0.9874381003842664
0.994072032855156
0.7758537239565992
0.7525648778604768
0.9964959508910955
0.9960787970286037
0.7408197315344408
0.9952759542011396
0.7080985967216159
0.9831266052960711
0.0
0.0
0.0
0.0
0.0
0.0
0.0
0.0
0.027292299560698195
0.871813588782556
0.1692476717849416
0.973534808006559
0.6470543388065115
0.9911132669390936
0.6132724301376695
0.9939160616823375
0.7522906406721351
0.9927444506445313
0.3479912774468785
0.9493252709903249
0.8795680817672307
0.8262337028760322
0.8801517652586007
0.8367626449670656
0.8305298376749886
0.814311165604719
0.8531261889109318
0.8481930601611553
0.7908399367989193
0.8483212665427274
0.9319839281681664
0.9303333973020188
0.9327926714926902
0.9333748561279036
0.0
0.0
0.0
0.9812451791851293
0.690656852206687
0.9904694592719717
0.7765514932567283
0.9952162888457589
0.20957401936781225
0.955835557342617
0.8829419097956476
0.8402256959745541
0.6711387692509626
0.6012521288232556
0.23269267273402083
0.013192098737053652
0.0
0.0
0.0
0.0
0.0
0.0
0.6430722965053954
0.8366797559048039
0.0
0.0
0.0
0.0
0.9942869667388073
0.7832316231433339
0.9942229283772505
0.8438330508862152
0.3072846171859135
0.9575653856069425
0.8286315642645683
0.6307818107638689
0.2058251872738231
0.0
0.0
0.0
0.0
0.0
0.0
0.0
0.0
0.0
0.0
0.0
0.0
0.0
0.0
0.0
0.0
0.0
0.0
0.0
0.7960844109695343
0.6229660329613459
0.12184033447528646
0.0
0.0
0.0
0.0
0.0
0.0
0.0
0.0
0.0
0.0
0.0
0.0
0.0
0.0
0.0
0.0
0.0
0.0
0.0
0.0
0.0
0.11142937019760214
0.8551059442470696
0.555655200379333
0.15269352258278998
0.0
0.0
0.0
0.0
0.0
0.0
0.0
0.0
0.0
0.0
0.0
0.0
0.0
0.0
0.0
0.0
0.0
0.0
0.0
0.0
0.07568631911279035
0.994783466152368
0.3218965678204147
0.0
0.0
0.0
0.0
0.0
0.0
0.0
0.0
0.0
0.0
0.0
0.0
0.0
0.0
0.0
0.0
0.0
0.0
0.0
0.0
0.42918936540191965
0.9814029908394651
0.09230679229959228
0.0
0.0
0.0
0.0
0.0
0.0
0.0
0.0
0.0
0.0
0.0
0.0
0.0
0.0
0.0
0.0
0.0
0.0
0.0
0.0
0.0
0.0
0.0
0.04976390298116495
0.0
0.0
0.0
0.0
0.0
0.0
0.0
0.0
0.0
0.0
0.0
0.0
0.0
0.0
0.0
0.0
0.0
0.0
0.0
0.0
0.0
0.0
0.0
0.8112686137359969
0.6040309981811532
0.522189149614755
0.24545285390110383
0.0
0.0
0.0
0.0
0.0
0.0
0.0
0.0
0.03297328437010767
0.578183340852859
0.9935508066006689
0.0
0.0
0.0
0.0
0.0
0.0
0.0
0.6039426198176838
0.9501023269199259
0.9089595034916438
0.641285366690722
0.36239345218828545
0.32210229968233617
0.10001187482191458
0.0
0.0
0.0
0.0
0.0
0.0
0.0
0.2729986544277347
0.8062230769549452
0.891941344617642
0.0
0.0
0.0
0.0
0.995319740148217
0.8106489692118045
0.9948710809721492
0.8540807588641125
0.9653194485497044
0.9388501523415014
0.9549381202771764
0.8298136575859019
0.801712864197213
0.5472708297629417
0.22915211034860308
0.0
0.0
0.0
0.0
0.0
0.0
0.0
0.0
0.0
0.0
0.0
0.0
0.0
0.0
0.0
0.0
0.0
0.9010371575102527
0.7314375005481334
0.49726987383096466
0.025289008814905457
0.0
0.0
0.0
0.0
0.0
0.0
0.0
0.0
0.0
0.0
0.0
0.0
0.0
0.0
0.0
0.0
0.0
0.0
0.0
0.0
0.03917110676629643
0.9711191088923958
0.0
0.0
0.0
0.0
0.0
0.0
0.0
0.0
0.0
0.0
0.0
0.0
0.0
0.0
0.0
0.0
0.0
0.0
0.0
0.0
0.0
0.0
0.0
0.0
0.0
0.0
0.0
0.0
0.0
0.0
0.0
0.0
0.0
0.0
0.0
0.0
0.0
0.0
0.0
0.0
0.0
0.0
0.0
0.0
0.0
0.0
0.9277691107981118
0.9210091004739599
0.6930272661662634
0.1822487389933027
0.0
0.0
0.0
0.0
0.0
0.0
0.0
0.0
0.0
0.0
0.0
0.0
0.0
0.0
0.0
0.0
0.0
0.0
0.0
0.0
0.0
0.0
0.0
0.0
0.0
0.0
0.0
0.0
0.0
0.0
0.0
0.0
0.0
0.0
0.0
0.0
0.0
0.0
0.0
0.0
0.0
0.0
0.0
0.0
0.0
0.0
0.0
0.0
0.0
0.0
0.0
0.0
0.0
0.0
0.0
0.0
0.0
0.0
0.0
0.0
0.0
0.0
0.0
0.0
0.0
0.0
0.0
0.0
0.09510278484544976
0.7344834952058604
0.0
0.0
0.0
0.0
0.0
0.0
0.0
0.0
0.0
0.0
0.0
0.0
0.0
0.0
0.0
0.0
0.0
0.0
0.0
0.0
0.0
0.0
0.0
0.0
0.0
0.0
0.0
0.0
0.0
0.0
0.0
0.0
0.0
0.0
0.0
0.0
0.0
0.0
0.0
0.0
0.0
0.0
0.0
0.0
0.0
0.0
0.0
0.0
0.0
0.0
0.0
0.0
0.0
0.0
0.0
0.0
0.0
0.0
0.0
0.0
0.0
0.0
0.0
0.0
0.0
0.0
0.0
0.0
0.0
0.0
0.0
0.0
0.0
0.0
0.0
0.0
0.0
0.0
0.0
0.0
0.0
0.0
0.0
0.0
0.0
0.0
0.0
0.0
0.0
0.0
0.0
0.0
0.0
0.0
0.06067938653611968
0.41722359974537454
0.0
0.0
0.0
0.0
0.0
0.0
0.0
0.0
0.0
0.0
0.0
0.0
0.0
0.0
0.0
0.0
0.0
0.0
0.0
0.0
0.0
0.0
0.0
0.0
0.0
0.0
0.0
0.0
0.0
0.0
0.0
0.0
0.0
0.0
0.0
0.0
0.0
0.0
0.0
0.0
0.0
0.0
0.0
0.0
0.0
0.0
0.07310360437584934
0.7406211254002656
0.014832422743756936
0.0
0.0
0.0
0.0
0.0
0.0
0.0
0.0
0.0
0.0
0.0
0.0
0.0
0.0
0.0
0.0
0.0
0.0
0.0
0.0
0.0
0.07587480284627686
0.8851292235291642
0.6905827907634365
0.49480512826739637
0.0
0.0
0.0
0.0
0.0
0.0
0.0
0.0
0.0
0.0
0.0
0.0
0.0
0.0
0.0
0.0
0.0
0.0
0.0
0.0
0.2092913056046205
0.9147181988919839
0.7438557082313327
0.7381190936605616
0.7799550800890515
0.7485916547327837
0.6706251849054685
0.572100502953563
0.572068205277921
0.3029007609216851
0.0
0.0
0.0
0.0
0.0
0.9753975871225246
0.0
0.0
0.0
0.0
0.0
0.0
0.4877480592073165
0.9921082796086795
0.10175016761090225
0.9267957367515585
0.8825904778677571
0.7938634076160169
0.5530515158088665
0.0
0.0
0.0
0.0
0.0
0.0
0.0
0.0
0.0
0.0
0.0
0.0
0.0
0.0
0.0
0.9742690421505948
0.5865562919757635
0.9899987203300568
0.6296543798751352
0.9937577349300574
0.6163092483309602
0.9566215509046404
0.0
0.0
0.0
0.0
0.0
0.0
0.0
0.0
0.0
0.0
0.0
0.0
0.0
0.0
0.0
0.0
0.0
0.08930014505674629
0.8526228828140504
0.09613179058910522
0.9184337015623613
0.0
0.0
0.0
0.0
0.0
0.0
0.0
0.0
0.0
0.0
0.0
0.0
0.0
0.0
0.0
0.0
0.0
0.0
0.0
0.0
0.0
0.0
0.0
0.0
0.0
0.0
0.0
0.0
0.0
0.0
0.0
0.0
0.0
0.0
0.0
0.0
0.0
0.0
0.0
0.0
0.0
0.0
0.0
0.0
0.0
0.0
0.0
0.0
0.0
0.0
0.0
0.0
0.0
0.0
0.0
0.0
0.0
0.0
0.0
0.0
0.0
0.0
0.0
0.0
0.0
0.0
0.0
0.0
0.0
0.0
0.0
0.0
0.0
0.0
0.0
0.0
0.0
0.0
0.0
0.0
0.0
0.0
0.0
0.0
0.0
0.0
0.0
0.0
0.0
0.0
0.0
0.0
0.0
0.0
0.0
0.0
0.0
0.0
0.0
0.0
0.0
0.0
0.0
0.0
0.0
0.0
0.0
0.0
0.0
0.0
0.0
0.0
0.0
0.0
0.0
0.0
0.0
0.0
0.0
0.0
0.0
0.0
0.0
0.0
0.0
0.0
0.0
0.0
0.0
0.0
0.0
0.0
0.0
0.0
0.0
0.0
0.0
0.0
0.0
0.0
0.0
0.0
0.0
0.0
0.0
0.0
0.0
0.0
0.0
0.0
0.0
0.0
0.0
0.0
0.0
0.0
0.0
0.0
0.0
0.0
0.0
0.0
0.0
0.0
0.0
0.0
0.0
0.0
0.029808193742489223
0.09425427877874007
0.0
0.0
0.0
0.0
0.0
0.0
0.0
0.0
0.0
0.0
0.0
0.0
0.0
0.0
0.0
0.0
0.0
0.0
0.0
0.0
0.0
0.0
0.0
0.0
0.0
0.0
0.0
0.0
0.0
0.0
0.0
0.0
0.0
0.0
0.0
0.0
0.0
0.0
0.0
0.0
0.0
0.0
0.0
0.0
0.0
0.0
0.0
0.0
0.0
0.0
0.0
0.0
0.0
0.0
0.0
0.0
0.0
0.0
0.0
0.0
0.0
0.0
0.0
0.0
0.0
0.0
0.0
0.0
0.0
0.0
0.0
0.03646920214296475
0.0
0.0
0.0
0.0
0.0
0.0
0.0
0.0
0.0
0.0
0.0
0.0
0.0
0.0
0.0
0.0
0.0
0.0
0.0
0.0
0.0
0.0
0.0
0.0
0.0
0.0
0.0
0.0
0.0
0.0
0.0
0.0
0.0
0.0
0.0
0.0
0.0
0.0
0.0
0.0
0.0
0.0
0.0
0.0
0.0
0.0
0.0
0.0
0.0
0.0
0.0
0.0
0.0
0.0
0.0
0.0
0.0
0.0
0.0
0.0
0.0
0.0
0.0
0.0
0.0
0.0
0.0
0.0
0.0
0.0
0.0
0.0
0.0
0.0
0.0
0.0
0.0
0.0
0.0
0.0
0.0
0.0
0.0
0.0
0.0
0.0
0.0
0.0
0.0
0.0
0.0
0.0
0.0
0.0
0.0
0.0
0.0
0.0
0.0
0.0
0.0
0.0
0.0
0.0
0.0
0.0
0.0
0.0
0.0
0.0
0.0
0.0
0.0
0.0
0.0
0.0
0.0
0.0
0.0
0.0
0.0
0.0
0.0
0.0
0.0
0.0
0.0
0.0
0.0
0.0
0.0
0.0
0.0
0.0
0.0
0.0
0.0
0.0
0.0
0.0
0.0
0.0
0.20023743412961065
0.711894058313103
0.0
0.0
0.0
0.0
0.0
0.0
0.0
0.0
0.0
0.0
0.0
0.0
0.0
0.0
0.0
0.0
0.0
0.0
0.0
0.0
0.0
0.0
0.0
0.37999301619547
0.0
0.0
0.0
0.0
0.0
0.0
0.0
0.0
0.0
0.0
0.0
0.0
0.0
0.0
0.0
0.0
0.0
0.0
0.0
0.0
0.0
0.0
0.0
0.0
0.0
0.0
0.0
0.0
0.0
0.0
0.0
0.0
0.0
0.0
0.0
0.0
0.0
0.0
0.0
0.0
0.0
0.0
0.0
0.0
0.0
0.0
0.0
0.953684969212472
0.0
0.0
0.0
0.0
0.0
0.0
0.0
0.0
0.0
0.0
0.0
0.0
0.0
0.0
0.0
0.0
0.0
0.0
0.0
0.0
0.0
0.0
0.0
0.0
0.0
0.0
0.0
0.0
0.0
0.0
0.0
0.0
0.0
0.0
0.0
0.0
0.0
0.0
0.0
0.0
0.0
0.0
0.0
0.0
0.0
0.0
0.0
0.08075454369191883
0.0
0.0
0.0
0.0
0.0
0.0
0.0
0.0
0.0
0.0
0.0
0.0
0.0
0.0
0.0
0.0
0.0
0.0
0.0
0.0
0.0
0.0
0.0
0.0
0.0
0.0
0.0
0.0
0.0
0.0
0.0
0.0
0.0
0.0
0.0
0.0
0.0
0.0
0.0
0.0
0.0
0.0
0.0
0.0
0.0
0.0
0.0
0.0
0.0
0.0
0.0
0.0
0.0
0.0
0.0
0.0
0.0
0.0
0.0
0.0
0.0
0.0
0.0
0.0
0.0
0.0
0.0
0.0
0.0
0.0
0.0
0.0
0.0
0.0
0.0
0.0
0.0
0.0
0.0
0.0
0.0
0.0
0.0
0.0
0.0
0.0
0.0
0.0
0.0
0.0
0.0
0.0
0.0
0.0
0.0
0.0
0.0
0.0
0.0
0.0
0.0
0.0
0.0
0.0
0.0
0.0
0.0
0.0
0.0
0.0
0.0
0.0
0.0
0.0
0.0
0.0
0.0
0.0
0.0
0.0
0.0
0.0
0.0
0.0
0.0
0.0
0.0
0.0
0.0
0.0
0.0
0.0
0.0
0.0
0.0
0.0
0.0
0.0
0.0
0.0
0.0
0.0
0.0
0.0
0.0
0.0
0.0
0.0
0.0
0.0
0.0
0.0
0.0
0.0
0.0
0.0
0.0
0.0
0.0
0.0
0.0
0.0
0.0
0.0
0.0
0.0
0.0
0.0
0.0
0.0
0.0
0.0
0.0
0.0
0.0
0.0
0.0
0.0
0.0
0.0
0.0
0.0
0.0
0.0
0.0
0.0
0.0
0.0
0.0
0.0
0.0
0.0
0.0
0.0
0.0
0.0
0.0
0.0
0.0
0.0
0.0
0.0
0.0
0.0
0.0
0.0
0.0
0.0
0.0
0.0
0.0
0.0
0.0
0.0
0.0
0.0
0.0
0.0
0.0
0.0
0.0
0.0
0.0
0.0
0.0
0.0
0.0
0.0
0.0
0.0
0.0
0.0
0.0
0.0
0.0
0.0
0.0
0.0
0.0
0.0
0.0
0.0
0.0
0.0
0.0
0.0
0.0
0.0
0.0
0.0
0.0
0.0
0.0
0.0
0.0
0.0
0.0
0.0
0.0
0.0
0.0
0.0
0.0
0.0
0.0
0.0
0.0
0.0
0.0
0.0
0.0
0.0
0.0
0.0
0.0
0.0
0.0
0.0
0.0
0.0
0.0
0.0
0.0
0.0
0.0
0.0
0.0
0.0
0.0
0.0
0.0
0.0
0.0
0.0
0.0
0.0
0.0
0.0
0.0
0.0
0.0
0.0
0.0
0.0
0.0
0.0
0.0
0.0
0.0
0.0
0.0
0.0
0.0
0.0
0.0
0.0
0.0
0.0
0.0
0.0
0.0
0.0
0.0
0.0
0.0
0.0
0.0
0.0
0.0
0.0
0.0
0.0
0.0
0.0
0.0
0.0
0.0
0.0
0.0
0.0
0.0
0.0
0.0
0.0
0.0
0.0
0.0
0.0
0.0
0.0
0.0
0.0
0.0
0.0
0.0
0.0
0.0
0.0
0.0
0.0
0.0
0.0
0.0
0.0
0.0
0.0
0.0
0.0
0.0
0.0
0.0
0.0
0.0
0.0
0.0
0.0
0.0
0.0
0.0
0.0
0.0
0.0
0.0
0.0
0.0
0.0
0.0
0.0
0.0
0.0
0.0
0.0
0.0
0.0
0.0
0.0
0.0
0.0
0.0
0.0
0.0
0.0
0.0
0.0
0.0
0.0
0.0
0.0
0.0
0.0
0.0
0.0
0.0
0.0
0.0
0.0
0.0
0.0
0.0
0.0
0.0
0.0
0.0
0.0
0.0
0.0
0.0
0.0
0.0
0.0
0.0
0.0
0.0
0.0
0.0
0.0
0.0
0.0
0.0
0.0
0.0
0.0
0.0
0.0
0.0
0.0
0.0
0.0
0.0
0.0
0.0
0.0
0.0
0.0
0.0
0.0
0.0
0.0
0.0
0.0
0.0
0.0
0.0
0.0
0.0
0.0
0.0
0.0
0.0
0.0
0.0
0.0
0.0
0.0
0.0
0.0
0.0
0.0
0.0
0.0
0.0
0.0
0.0
0.0
0.0
0.0
0.0
0.0
0.0
0.0
0.0
0.0
0.0
0.0
0.0
0.0
0.0
0.0
0.0
0.0
0.0
0.0
0.0
0.0
0.0
0.0
0.0
0.0
0.0
0.0
0.0
0.0
0.0
0.0
0.0
0.0
0.0
0.0
0.0
0.0
0.0
0.0
0.0
0.0
0.0
0.0
0.0
0.0
0.0
0.0
0.0
0.0
0.0
0.0
0.0
0.0
0.0
0.0
0.0
0.0
0.0
0.0
0.0
0.0
0.0
0.0
0.0
0.0
0.0
0.0
0.0
0.0
0.0
0.0
0.0
0.0
0.0
0.0
0.0
0.0
0.0
0.0
0.0
0.0
0.0
0.0
0.0
0.0
0.0
0.0
0.0
0.0
0.0
0.0
0.0
0.0
0.0
0.0
0.0
0.0
0.0
0.0
0.0
0.0
0.0
0.0
0.0
0.0
0.0
0.0
0.0
0.0
0.0
0.0
0.0
0.0
0.0
0.0
0.0
0.0
0.0
0.0
0.0
0.0
0.0
0.0
0.0
0.0
0.0
0.0
0.0
0.0
0.0
0.0
0.0
0.0
0.0
0.0
0.0
0.0
0.0
0.0
0.0
0.0
0.0
0.0
0.0
0.0
0.0
0.0
0.0
0.0
0.0
0.0
0.0
0.0
0.0
0.0
0.0
0.0
0.0
0.0
0.0
0.0
0.0
0.0
0.0
0.0
0.0
0.0
0.0
0.0
0.0
0.0
0.0
0.0
0.0
0.0
0.0
0.0
0.0
0.0
0.0
0.0
0.0
0.0
0.0
0.0
0.0
0.0
0.0
0.0
0.0
0.0
0.0
0.0
0.0
0.0
0.0
0.0
0.0
0.0
0.0
0.0
0.0
0.0
0.0
0.0
0.0
0.0
0.0
0.0
0.0
0.0
0.0
0.0
0.0
0.0
0.0
0.0
0.0
0.0
0.0
0.0
0.0
0.0
0.0
0.0
0.0
0.0
0.0
0.0
0.0
0.0
0.0
0.0
0.0
0.0
0.0
0.0
0.0
0.0
0.0
0.0
0.0
0.0
0.0
0.0
0.0
0.0
0.0
0.0
0.0
0.0
0.0
0.0
0.0
0.0
0.0
0.0
0.0
0.0
0.0
0.0
0.0
0.0
0.0
0.0
0.0
0.0
0.0
0.0
0.0
0.0
0.0
0.0
0.0
0.0
0.0
0.0
0.0
0.0
0.0
0.0
0.0
0.0
0.0
0.0
0.0
0.0
0.0
0.0
0.0
0.0
0.0
0.0
0.0
0.0
0.0
0.0
0.0
0.0
0.0
0.0
0.0
0.0
0.0
0.0
0.0
0.0
0.0
0.0
0.0
0.0
0.0
0.0
0.0
0.0
0.0
0.0
0.0
0.0
0.0
0.0
0.0
0.0
0.0
0.0
0.0
0.0
0.0
0.0
0.0
0.0
0.0
0.0
0.0
0.0
0.0
0.0
0.0
0.0
0.0
0.0
0.0
0.0
0.0
0.0
0.0
0.0
0.0
0.0
0.0
0.0
0.0
0.0
0.0
0.0
0.0
0.0
0.0
0.0
0.0
0.0
0.0
0.0
0.0
0.0
0.0
0.0
0.0
0.0
0.0
0.0
0.0
0.0
0.0
0.0
0.0
0.0
0.0
0.0
0.0
0.0
0.0
0.0
0.0
0.0
0.0
0.0
0.0
0.0
0.0
0.0
0.0
0.0
0.0
0.0
0.0
0.0
0.0
0.0
0.0
0.0
0.0
0.0
0.0
0.0
0.0
0.0
0.0
0.0
0.0
0.0
0.0
0.0
0.0
0.0
0.0
0.0
0.0
0.0
0.0
0.0
0.0
0.0
0.0
0.0
0.0
0.0
0.0
0.0
0.0
0.0
0.0
0.0
0.0
0.0
0.0
0.0
0.0
0.0
0.0
0.0
0.0
0.0
0.0
0.0
0.0
0.0
0.0
0.0
0.0
0.0
0.0
0.0
0.0
0.0
0.0
0.0
0.0
0.0
0.0
0.0
0.0
0.0
0.0
0.0
0.0
0.0
0.0
0.0
0.0
0.0
0.0
0.0
0.0
0.0
0.0
0.0
0.0
0.0
0.0
0.0
0.0
0.0
0.0
0.0
0.0
0.0
0.0
0.0
0.0
0.0
0.0
0.0
0.0
0.0
0.0
0.0
0.0
0.0
0.0
0.0
0.0
0.0
0.0
0.0
0.0
0.0
0.0
0.0
0.0
0.0
0.0
0.0
0.0
0.0
0.0
0.0
0.0
0.0
0.0
0.0
0.0
0.0
0.0
0.0
0.0
0.0
0.0
0.0
0.0
0.0
0.0
0.0
0.0
0.0
0.0
0.0
0.0
0.0
0.0
0.0
0.0
0.0
0.0
0.0
0.0
0.0
0.0
0.0
0.0
0.0
0.0
0.0
0.0
0.0
0.0
0.0
0.0
0.0
0.0
0.0
0.0
0.0
0.0
0.0
0.0
0.0
0.0
0.0
0.0
0.0
0.0
0.0
0.0
0.0
0.0
0.0
0.0
0.0
0.0
0.0
0.0
0.0
0.0
0.0
0.0
0.0
0.0
0.0
0.0
0.0
0.0
0.0
0.0
0.0
0.0
0.0
0.0
0.0
0.0
0.0
0.0
0.0
0.0
0.0
0.0
0.0
0.0
0.0
0.0
0.0
0.0
0.0
0.0
0.0
0.0
0.0
0.0
0.0
0.0
0.0
0.0
0.0
0.0
0.0
0.0
0.0
0.0
0.0
0.0
0.0
0.0
0.0
0.0
0.0
0.0
0.0
0.0
0.0
0.0
0.0
0.0
0.0
0.0
0.0
0.0
0.0
0.0
0.0
0.0
0.0
0.0
0.0
0.0
0.0
0.0
0.0
0.0
0.0
0.0
0.0
0.0
0.0
0.0
0.0
0.0
0.0
0.0
0.0
0.0
0.0
0.0
0.0
0.0
0.0
0.0
0.0
0.0
0.0
0.0
0.0
0.0
0.0
0.0
0.0
0.0
0.0
0.0
0.0
0.0
0.0
0.0
0.0
0.0
0.0
0.0
0.0
0.0
0.0
0.0
0.0
0.0
0.0
0.0
0.0
0.0
0.0
0.0
0.0
0.0
0.0
0.0
0.0
0.0
0.0
0.0
0.0
0.0
0.0
0.0
0.0
0.0
0.0
0.0
0.0
0.0
0.0
0.0
0.0
0.0
0.0
0.0
0.0
0.0
0.0
0.0
0.0
0.0
0.0
0.0
0.0
0.0
0.0
0.0
0.0
0.0
0.0
0.0
0.0
0.0
0.0
0.0
0.0
0.0
0.0
0.0
0.0
0.0
0.0
0.0
0.0
0.0
0.0
0.0
0.0
0.0
0.0
0.0
0.0
0.0
0.0
0.0
0.0
0.0
0.0
0.0
0.0
0.0
0.0
0.0
0.0
0.0
0.0
0.0
0.0
0.0
0.0
0.0
0.0
0.0
0.0
0.0
0.0
0.0
0.0
0.0
0.0
0.0
0.0
0.0
0.0
0.0
0.0
0.0
0.0
0.0
0.0
0.0
0.0
0.0
0.0
0.0
0.0
0.0
0.0
0.0
0.0
0.0
0.0
0.0
0.0
0.0
0.0
0.0
0.0
0.0
0.0
0.0
0.0
0.0
0.0
0.0
0.0
0.0
0.0
0.0
0.0
0.0
0.0
0.0
0.0
0.0
0.0
0.0
0.0
0.0
0.0
0.0
0.0
0.0
0.0
0.0
0.0
0.0
0.0
0.0
0.0
0.0
0.0
0.0
0.0
0.0
0.0
0.0
0.0
0.0
0.0
0.0
0.0
0.0
0.0
0.0
0.0
0.0
0.0
0.0
0.0
0.0
0.0
0.0
0.0
0.0
0.0
0.0
0.0
0.0
0.0
0.0
0.0
0.0
0.0
0.0
0.0
0.0
0.0
0.0
0.0
0.0
0.0
0.0
0.0
0.0
0.0
0.0
0.0
0.0
0.0
0.0
0.0
0.0
0.0
0.0
0.0
0.0
0.0
0.0
0.0
0.0
0.0
0.0
0.0
0.0
0.0
0.0
0.0
0.0
0.0
0.0
0.0
0.0
0.0
0.0
0.0
0.0
0.0
0.0
0.0
0.0
0.0
0.0
0.0
0.0
0.0
0.0
0.0
0.0
0.0
0.0
0.0
0.0
0.0
0.0
0.0
0.0
0.0
0.0
0.0
0.0
0.0
0.0
0.0
0.0
0.0
0.0
0.0
0.0
0.0
0.0
0.0
0.0
0.0
0.0
0.0
0.0
0.0
0.0
0.0
0.0
0.0
0.0
0.0
0.0
0.0
0.0
0.0
0.0
0.0
0.0
0.0
0.0
0.0
0.0
0.0
0.0
0.0
0.0
0.0
0.0
0.0
0.0
0.0
0.0
0.0
0.0
0.0
0.0
0.0
0.0
0.0
0.0
0.0
0.0
0.0
0.0
0.0
0.0
0.0
0.0
0.0
0.0
0.0
0.0
0.0
0.0
0.0
0.0
0.0
0.0
0.0
0.0
0.0
0.0
0.0
0.0
0.0
0.0
0.0
0.0
0.0
0.0
0.0
0.0
0.0
0.0
0.0
0.0
0.0
0.0
0.0
0.0
0.0
0.0
0.0
0.0
0.0
0.0
0.0
0.0
0.0
0.0
0.0
0.0
0.0
0.0
0.0
0.0
0.0
0.0
0.0
0.0
0.0
0.0
0.0
0.0
0.0
0.0
0.0
0.0
0.0
0.0
0.0
0.0
0.0
0.0
0.0
0.0
0.0
0.0
0.0
0.0
0.0
0.0
0.0
0.0
0.0
0.0
0.0
0.0
0.0
0.0
0.0
0.0
0.0
0.0
0.0
0.0
0.0
0.0
0.0
0.0
0.0
0.0
0.0
0.0
0.0
0.0
0.0
0.0
0.0
0.0
0.0
0.0
0.0
0.0
0.0
0.0
0.0
0.0
0.0
0.0
0.0
0.0
0.0
0.0
0.0
0.0
0.0
0.0
0.0
0.0
0.0
0.0
0.0
0.0
0.0
0.0
0.0
0.0
0.0
0.0
0.0
0.0
0.0
0.0
0.0
0.0
0.0
0.0
0.0
0.0
0.0
0.0
0.0
0.0
0.0
0.0
0.0
0.0
0.0
0.0
0.0
0.0
0.0
0.0
0.0
0.0
0.0
0.0
0.0
0.0
0.0
0.0
0.0
0.0
0.0
0.0
0.0
0.0
0.0
0.0
0.0
0.0
0.0
0.0
0.0
0.0
0.0
0.0
0.0
0.0
0.0
0.0
0.0
0.0
0.0
0.0
0.0
0.0
0.0
0.0
0.0
0.0
0.0
0.0
0.0
0.0
0.0
0.0
0.0
0.0
0.0
0.0
0.0
0.0
0.0
0.0
0.0
0.0
0.0
0.0
0.0
0.0
0.0
0.0
0.0
0.0
0.0
0.0
0.0
0.0
0.0
0.0
0.0
0.0
0.0
0.0
0.0
0.0
0.0
0.0
0.0
0.0
0.0
0.0
0.0
0.0
0.0
0.0
0.0
0.0
0.0
0.0
0.0
0.0
0.0
0.0
0.0
0.0
0.0
0.0
0.0
0.0
0.0
0.0
0.0
0.0
0.0
0.0
0.0
0.0
0.0
0.0
0.0
0.0
0.0
0.0
0.0
0.0
0.0
0.0
0.0
0.0
0.0
0.0
0.0
0.0
0.0
0.0
0.0
0.0
0.0
0.0
0.0
0.0
0.0
0.0
0.0
0.0
0.0
0.0
0.0
0.0
0.0
0.0
0.0
0.0
0.0
0.0
0.0
0.0
0.0
0.0
0.0
0.0
0.0
0.0
0.0
0.0
0.0
0.0
0.0
0.0
0.0
0.0
0.0
0.0
0.0
0.0
0.0
0.0
0.0
0.0
0.0
0.0
0.0
0.0
0.0
0.0
0.0
0.0
0.0
0.0
0.0
0.0
0.0
0.0
0.0
0.0
0.0
0.0
0.0
0.0
0.0
0.0
0.0
0.0
0.0
0.0
0.0
0.0
0.0
0.0
0.0
0.0
0.0
0.0
0.0
0.0
0.0
0.0
0.0
0.0
0.0
0.0
0.0
0.0
0.0
0.0
0.0
0.0
0.0
0.0
0.0
0.0
0.0
0.0
0.0
0.0
0.0
0.0
0.0
0.0
0.0
0.0
0.0
0.0
0.0
0.0
0.0
0.0
0.0
0.0
0.0
0.0
0.0
0.0
0.0
0.0
0.0
0.0
0.0
0.0
0.0
0.0
0.0
0.0
0.0
0.0
0.0
0.0
0.0
0.0
0.0
0.0
0.0
0.0
0.0
0.0
0.0
0.0
0.0
0.0
0.0
0.0
0.0
0.0
0.0
0.0
0.0
0.0
0.0
0.0
0.0
0.0
0.0
0.0
0.0
0.0
0.0
0.0
0.0
0.0
0.0
0.0
0.0
0.0
0.0
0.0
0.0
0.0
0.0
0.0
0.0
0.0
0.0
0.0
0.0
0.0
0.0
0.0
0.0
0.0
0.0
0.0
0.0
0.0
0.0
0.0
0.0
0.0
0.0
0.0
0.0
0.0
0.0
0.0
0.0
0.0
0.0
0.0
0.0
0.0
0.0
0.0
0.0
0.0
0.0
0.0
0.0
0.0
0.0
0.0
0.0
0.0
0.0
0.0
0.0
0.0
0.0
0.0
0.0
0.0
0.0
0.0
0.0
0.0
0.0
0.0
0.0
0.0
0.0
0.0
0.0
0.0
0.0
0.0
0.0
0.0
0.0
0.0
0.0
0.0
0.0
0.0
0.0
0.0
0.0
0.0
0.0
0.0
0.0
0.0
0.0
0.0
0.0
0.0
0.0
0.0
0.0
0.0
0.0
0.0
0.0
0.0
0.0
0.0
0.0
0.0
0.0
0.0
0.0
0.0
0.0
0.0
0.0
0.0
0.0
0.0
0.0
0.0
0.0
0.0
0.0
0.0
0.0
0.0
0.0
0.0
0.0
0.0
0.0
0.0
0.0
0.0
0.0
0.0
0.0
0.0
0.0
0.0
0.0
0.0
0.0
0.0
0.0
0.0
0.0
0.0
0.0
0.0
0.0
0.0
0.0
0.0
0.0
0.0
0.0
0.0
0.0
0.0
0.0
0.0
0.0
0.0
0.0
0.0
0.0
0.0
0.0
0.0
0.0
0.0
0.0
0.0
0.0
0.0
0.0
0.0
0.0
0.0
0.0
0.0
0.0
0.0
0.0
0.0
0.0
0.0
0.0
0.0
0.0
0.0
0.0
0.0
0.0
0.0
0.0
0.0
0.0
0.0
0.0
0.0
0.0
0.0
0.0
0.0
0.0
0.0
0.0
0.0
0.0
0.0
0.0
0.0
0.0
0.0
0.0
0.0
0.0
0.0
0.0
0.0
0.0
0.0
0.0
0.0
0.0
0.0
0.0
0.0
0.0
0.0
0.0
0.0
0.0
0.0
0.0
0.0
0.0
0.0
0.0
0.0
0.0
0.0
0.0
0.0
0.0
0.0
0.0
0.0
0.0
0.0
0.0
0.0
0.0
0.0
0.0
0.0
0.0
0.0
0.0
0.0
0.0
0.0
0.1944719618749451
0.0
0.0
0.0
0.0
0.0
0.0
0.0
0.0
0.0
0.0
0.0
0.0
0.0
0.0
0.0
0.0
0.0
0.0
0.0
0.0
0.0
0.0
0.0
0.0
0.0
0.0
0.0
0.0
0.0
0.0
0.0
0.0
0.0
0.0
0.0
0.0
0.0
0.0
0.0
0.0
0.0
0.0
0.0
0.0
0.0
0.0
0.0
0.0
0.0
0.0
0.0
0.0
0.0
0.0
0.0
0.0
0.0
0.0
0.0
0.0
0.0
0.0
0.0
0.0
0.0
0.0
0.0
0.0
0.0
0.0
0.0
0.0
0.0
0.0
0.0
0.0
0.0
0.0
0.0
0.0
0.0
0.0
0.0
0.0
0.0
0.0
0.0
0.0
0.0
0.0
0.0
0.0
0.0
0.0
0.0
0.0
0.0
0.0
0.0
0.0
0.0
0.0
0.0
0.0
0.0
0.0
0.0
0.0
0.0
0.0
0.0
0.0
0.0
0.0
0.0
0.0
0.0
0.0
0.0
0.0
0.0
0.0
0.0
0.0
0.0
0.0
0.0
0.0
0.0
0.0
0.0
0.0
0.0
0.0
0.0
0.0
0.0
0.0
0.0
0.0
0.0
0.0
0.0
0.0
0.0
0.0
0.0
0.0
0.0
0.0
0.0
0.0
0.0
0.0
0.0
0.0
0.0
0.0
0.0
0.0
0.0
0.0
0.0
0.0
0.0
0.0
0.0
0.0
0.0
0.0
0.0
0.0
0.0
0.0
0.0
0.0
0.0
0.0
0.0
0.0
0.0
0.0
0.0
0.0
0.0
0.0
0.0
0.0
0.0
0.0
0.0
0.0
0.0
0.0
0.0
0.0
0.0
0.0
0.0
0.0
0.0
0.0
0.0
0.0
0.0
0.0
0.0
0.0
0.0
0.0
0.0
0.0
0.0
0.0
0.0
0.0
0.0
0.0
0.0
0.0
0.0
0.0
0.0
0.0
0.0
0.0
0.0
0.0
0.0
0.0
0.0
0.0
0.0
0.0
0.0
0.0
0.0
0.0
0.06783680924101772
0.8616341666109756
0.6613617883908446
0.0
0.0
0.0
0.0
0.0
0.0
0.0
0.0
0.0
0.0
0.0
0.0
0.0
0.0
0.0
0.0
0.0
0.0
0.0
0.0
0.0
0.0537208409342548
0.7961571486803273
0.48073420144337403
0.0
0.0
0.0
0.0
0.0
0.0
0.0
0.0
0.0
0.0
0.0
0.0
0.0
0.0
0.0
0.0
0.0
0.0
0.0
0.0
0.0
0.0
0.0
0.0
0.0
0.0
0.0
0.0
0.0
0.0
0.0
0.0
0.0
0.0
0.0
0.0
0.0
0.0
0.0
0.0
0.0
0.0
0.0
0.0
0.0
0.0
0.0
0.0
0.0
0.0
0.0
0.0
0.0
0.0
0.0
0.0
0.0
0.0
0.0
0.0
0.0
0.0
0.0
0.0
0.0
0.0
0.0
0.0
0.0
0.0
0.0
0.0
0.0
0.0
0.0
0.0
0.0
0.0
0.0
0.0
0.0
0.0
0.0
0.0
0.0
0.0
0.0
0.0
0.0
0.0
0.0
0.0
0.0
0.0
0.08799133462895199
0.0
0.0
0.0
0.0
0.0
0.0
0.0
0.0
0.0
0.0
0.0
0.0
0.0
0.0
0.0
0.0
0.0
0.0
0.0
0.0
0.0
0.0
0.0
0.0
0.0
0.0
0.0
0.0
0.0
0.0
0.0
0.0
0.0
0.0
0.0
0.0
0.0
0.0
0.0
0.0
0.0
0.0
0.0
0.0
0.0
0.0
0.07893983571676827
0.9964950799742514
0.4423278475021597
0.0
0.0
0.0
0.0
0.0
0.0
0.0
0.0
0.0
0.0
0.0
0.0
0.0
0.0
0.0
0.0
0.0
0.0
0.0
0.0
0.0
0.0
0.0
0.0
0.0
0.0
0.0
0.0
0.0
0.0
0.0
0.0
0.0
0.0
0.0
0.0
0.0
0.0
0.0
0.0
0.0
0.0
0.0
0.0
0.0
0.0
0.0
0.0
0.0
0.0
0.0
0.0
0.0
0.0
0.0
0.0
0.0
0.0
0.0
0.0
0.0
0.0
0.0
0.0
0.0
0.0
0.0
0.0
0.0
0.13851159843432048
0.8150172246409346
0.39169340601159724
0.0
0.0
0.0
0.0
0.0
0.0
0.0
0.0
0.0
0.0
0.0
0.0
0.0
0.0
0.0
0.0
0.0
0.0
0.0
0.0
0.0
0.0
0.0
0.0
0.0
0.0
0.0
0.0
0.0
0.0
0.0
0.0
0.0
0.0
0.0
0.0
0.0
0.0
0.0
0.0
0.0
0.0
0.0
0.0
0.0
0.0
0.47695961179074137
0.0
0.0
0.0
0.0
0.0
0.0
0.0
0.0
0.0
0.0
0.0
0.0
0.0
0.0
0.0
0.0
0.0
0.0
0.0
0.0
0.0
0.0
0.0
0.0
0.0
0.0
0.0
0.0
0.0
0.0
0.0
0.0
0.0
0.0
0.0
0.0
0.0
0.0
0.0
0.0
0.0
0.0
0.0
0.0
0.0
0.0
0.0
0.0
0.0
0.0
0.0
0.0
0.0
0.0
0.0
0.0
0.0
0.0
0.0
0.0
0.0
0.0
0.0
0.0
0.0
0.0
0.0
0.0
0.0
0.0
0.0
0.0
0.0
0.0
0.0
0.0
0.0
0.0
0.0
0.0
0.0
0.0
0.0
0.0
0.0
0.0
0.0
0.0
0.0
0.0
0.0
0.0
0.0
0.0
0.0
0.0
0.0
0.0
0.0
0.0
0.0
0.0
0.0
0.0
0.0
0.0
0.0
0.0
0.0
0.0
0.0
0.0
0.0
0.0
0.0
0.0
0.0
0.0
0.0
0.7841913629876838
0.40644589749608717
0.12578300398537684
0.0
0.0
0.0
0.0
0.0
0.0
0.0
0.0
0.0
0.0
0.0
0.0
0.0
0.0
0.0
0.0
0.0
0.0
0.0
0.9888660620031091
0.10406298564269223
0.9402274950707136
0.7967777146443057
0.7698614063972519
0.1041747033973332
0.0
0.0
0.0
0.0
0.0
0.0
0.0
0.0
0.0
0.0
0.0
0.0
0.0
0.0
0.0
0.0
0.0
0.0
0.0
0.21733631347965865
0.904492966431108
0.6685614330001753
0.23953893093685827
0.0
0.0
0.0
0.0
0.0
0.0
0.0
0.0
0.0
0.0
0.0
0.0
0.0
0.0
0.0
0.0
0.0
0.0
0.0
0.0
0.8356456720729153
0.8619250707387611
0.6085583368852422
0.12968770486436693
0.0
0.0
0.0
0.0
0.0
0.0
0.0
0.0
0.0
0.0
0.0
0.0
0.0
0.0
0.0
0.0
0.0
0.0
0.0
0.0
0.0
0.07529751889087578
0.0
0.0
0.0
0.0
0.0
0.0
0.0
0.0
0.0
0.0
0.0
0.0
0.0
0.0
0.0
0.0
0.0
0.0
0.0
0.0
0.0
0.0
0.0
0.084677196368339
0.0
0.0
0.0
0.0
0.0
0.0
0.0
0.0
0.0
0.0
0.0
0.0
0.0
0.0
0.0
0.0
0.0
0.0
0.0
0.0
0.0
0.0
0.0
0.0
0.0
0.0
0.0
0.0
0.0
0.0
0.0
0.0
0.0
0.0
0.0
0.0
0.0
0.0
0.0
0.0
0.0
0.0
0.0
0.0
0.0
0.0
0.0
0.0
0.0
0.0
0.0
0.0
0.0
0.0
0.0
0.0
0.0
0.0
0.0
0.0
0.0
0.0
0.0
0.0
0.0
0.0
0.0
0.0
0.9780484368137541
0.5710181932128251
0.9525428352951036
0.9379113777647241
0.7594045015457397
0.3764113573278051
0.0
0.0
0.0
0.0
0.0
0.0
0.0
0.0
0.0
0.0
0.0
0.0
0.0
0.0
0.0
0.0
0.0
0.0
0.0
0.0
0.03376441220815254
0.7906635754146653
0.38538904924326856
0.0
0.0
0.0
0.0
0.0
0.0
0.0
0.0
0.0
0.0
0.0
0.0
0.0
0.0
0.0
0.0
0.0
0.0
0.0
0.0
0.0
0.0
0.0
0.0
0.0
0.0
0.0
0.0
0.0
0.0
0.0
0.0
0.0
0.0
0.1594474172609683
0.7886089368353518
0.8511341088350026
0.0
0.0
0.0
0.0
0.0
0.0
0.0
0.0
0.2097839687261083
0.9288440534507593
0.7989752202439657
0.783534528483203
0.7533116667852919
0.7151636101882352
0.5378082402729712
0.5795338457037219
0.49317072816273483
0.4492574963299708
0.4605049496733313
0.5297654279223308
0.8021375543469064
0.849345773696255
0.8904349416614216
0.9982501359423755
0.0
0.0
0.0
0.9859869797009221
0.7845436454089476
0.9943918895063749
0.9968147866476968
0.8550043265058273
0.33947995852542506
0.9994701647435286
0.9661702085805549
0.9519059385266073
0.8935838913975697
0.43488379125083215
0.0
0.0
0.0
0.0
0.0
0.0
0.0
0.0
0.0
0.0
0.0
0.9865992072413858
0.7460876067447845
0.9948435300711761
0.740782497258605
0.9966571273427995
0.9969269099305559
0.8123131799703782
0.9974819285427193
0.8713593708724032
0.9961324544805648
0.8652656325398983
0.9964273567741987
0.9932875149746921
0.7322156632365392
0.49906197737549707
0.8964114597287421
0.0
0.0
0.0
0.0
0.9126624248028
0.43823695858727496
0.9871432017982106
0.7651487893974892
0.9957303264340334
0.9947968871137697
0.8554167286321264
0.9972398607024663
0.8256584595711822
0.9977045897910258
0.8846430810384863
0.9837090689294553
0.9688248711116593
0.9211659586205786
0.8610698234865862
0.43885854082230025
0.0
0.0
0.0
0.0
0.0
0.0
0.0
0.0
0.0
0.0
0.0
0.0
0.0
0.0
0.0
0.0
0.0
0.0
0.0
0.43090959315062366
0.5562150368661932
0.1132039333326487
0.0
0.0
0.0
0.0
0.0
0.0
0.0
0.0
0.0
0.0
0.0
0.0
0.0
0.0
0.0
0.0
0.0
0.0
0.0
0.0
0.9942699110147297
0.181441323893925
0.9551910872990351
0.8483255212712584
0.6877752208443619
0.19853855270487072
0.0
0.0
0.0
0.0
0.0
0.0
0.0
0.0
0.0
0.0
0.0
0.0
0.0
0.0
0.0
0.0
0.0
0.0
0.9870604549500918
0.22501218013312377
0.9205732520106796
0.7561093323106095
0.4602957537799678
0.0
0.0
0.0
0.0
0.0
0.0
0.0
0.0
0.0
0.0
0.0
0.0
0.0
0.0
0.0
0.0
0.0
0.0
0.0
0.0
0.0
0.0
0.0
0.0
0.0
0.0
0.0
0.0
0.0
0.0
0.0
0.0
0.0
0.0
0.0
0.21127627675928146
0.0
0.0
0.0
0.0
0.0
0.0
0.0
0.0
0.08731848212588755
0.8902989205706671
0.8729601123156238
0.8390803652302814
0.7443444958572795
0.6098258760935793
0.31738053374258
0.0
0.0
0.0
0.17732348051989466
0.5313353369019695
0.0
0.0
0.0
0.0
0.0
0.0
0.9932334076610394
0.7574441205487006
0.9938548616015614
0.8398215926521224
0.9963704105685849
0.7659155272474655
0.9965033095301701
0.9963134902835352
0.7690584959979037
0.9963711352423357
0.7819997454907293
0.9904278521526847
0.6581968495574975
0.9838869848721653
0.2158861581028595
0.9507939294206084
0.1181013851512285
0.8588173713114258
0.9259376660686818
0.1299227892977388
0.909786809888996
0.28709539986405175
0.8896620401503295
0.08352443660990548
0.8823546669355612
0.07086144860999116
0.8227248781019563
0.910569757648311
0.07643395924750203
0.07228888810209402
0.6841818922676237
0.0
0.0
0.0
0.0
0.0
0.0
0.0
0.0
0.0
0.0
0.0
0.0
0.0
0.0
0.0
0.0
0.0
0.0
0.0
0.0
0.0
0.0
0.0
0.0
0.0
0.0
0.0
0.0
0.0
0.0
0.0
0.0
0.0
0.0
0.0
0.0
0.0
0.0
0.0
0.0
0.0
0.0
0.0
0.0
0.0
0.0
0.0
0.1491350154582998
0.9013680586673348
0.8179214921984217
0.32058804906140886
0.0
0.0
0.0
0.0
0.0
0.0
0.0
0.0
0.0
0.0
0.0
0.0
0.0
0.0
0.0
0.0
0.0
0.0
0.0
0.0
0.9494749701195896
0.9244631174097964
0.7222689363111153
0.3267170653555145
0.0
0.0
0.0
0.0
0.0
0.0
0.0
0.0
0.0
0.0
0.0
0.0
0.0
0.0
0.0
0.0
0.0
0.0
0.0
0.0
0.0
0.06595937805474103
0.0
0.0
0.0
0.0
0.0
0.0
0.0
0.0
0.0
0.0
0.0
0.0
0.0
0.0
0.0
0.0
0.0
0.0
0.0
0.0
0.0
0.0
0.9079930905674802
0.9161181277420513
0.8856394112322685
0.8492920374968278
0.7900948562090501
0.7094471542485428
0.39672147631062077
0.10568753791370643
0.0
0.0
0.0
0.0
0.0
0.0
0.0
0.0
0.0
0.9879586646760311
0.6428126672495722
0.9952561285105623
0.8160835223228264
0.9950476651610436
0.9972140848327007
0.8759444030759799
0.996649006545932
0.8955239828692734
0.9979835881721963
0.8493656432782699
0.9974894558571632
0.8215504571996041
0.9907180161308586
0.6095190461430617
0.8753875991621795
0.0
0.0
0.0
0.0646511917634228
0.0
0.02279066723468687
0.9239494430453682
0.16369856978885677
0.9420365424377316
0.30452215423636386
0.5414470344469311
0.0
0.0
0.0
0.0
0.0
0.0
0.0
0.0
0.0
0.0
0.0
0.0
0.0
0.0
0.0
0.0
0.0
0.0
0.0
0.0
0.0
0.0
0.0
0.0
0.0
0.0
0.0
0.0
0.0
0.5404873356202037
0.006944855393496629
0.0
0.0
0.0
0.0
0.0
0.0
0.0
0.0
0.0
0.0
0.29819584192900084
0.816631405213875
0.9105549666590725
0.0
0.0
0.0
0.0
0.0
0.0
0.9869769496905655
0.5176715552849079
0.9358784411277965
0.859052800373281
0.5975137860259394
0.4762054433159067
0.35528453799294957
0.17143650334409616
0.0
0.0
0.0
0.0
0.0
0.1719730981166822
0.6457300743522112
0.7849026859855817
0.8638344434978424
0.8832285093419716
0.0
0.0
0.0
0.0
0.9795409039020015
0.9909326922536112
0.6021893948846726
0.7217440203088495
0.8904206040828251
0.9355081448263943
0.8093985429285264
0.7649296534642078
0.7358860644108761
0.7010885425604715
0.5278010991485208
0.4549050629985697
0.46279162085912473
0.4153934064675463
0.4080894452443475
0.4697939846293153
0.7398589729640491
0.7956296214209297
0.846846644206615
0.878434741435499
0.0
0.0
0.0
0.5682140512773493
0.9953287552116579
0.9945843527376925
0.8552503794459234
0.867587706125329
0.9716537030640718
0.9761087250752849
0.9487125016380161
0.938894741142322
0.9174011843029086
0.8721187112864669
0.673385871606461
0.5093247754913425
0.2911309595421193
0.0
0.0
0.0
0.6346332269811842
0.8397265481876438
0.9210187591005894
0.9421544520281625
0.0
0.0
0.9872876160603719
0.8032758873368466
0.9950668669619768
0.8705715883790734
0.9975469573143121
0.8496698296623072
0.990620850306367
0.9802880621266378
0.9792471439624285
0.975813809514303
0.9673581183863316
0.9496947249858072
0.8200074779868803
0.7624283130618305
0.42160317978893075
0.0
0.0
0.0
0.0
0.0
0.0
0.9755873526134042
0.6731520350173125
0.991753755521116
0.8133711527896504
0.9966201722141563
0.8102768993310686
0.997598057270186
0.8851592224785149
0.9968375266087113
0.8997626966318598
0.99804658147675
0.9972152513329667
0.9019711256278572
0.9976122417938548
0.8010702375807065
0.995854968372811
0.6426962811233502
0.9023834749362649
0.0
0.0
0.0
0.9160607069315034
0.47130960789232285
0.9904499413408595
0.8047673269100906
0.996308537589364
0.9952837404358263
0.8656072926930561
0.9974310833947054
0.8356893886975141
0.9979130510400432
0.8992080310406849
0.997302967725705
0.9113185235151638
0.9912334443498886
0.9769806911486303
0.9407783123369864
0.9129995574085079
0.8496546999789535
0.40776580853734823
0.0
0.0
0.0
0.0
0.0
0.0
0.0
0.0
0.0
0.7241450202827618
0.0
0.0
0.0
0.0
0.6828132954817979
0.9919128335982305
0.9901938668433478
0.7494934277144952
0.1498035088066975
0.9310249299368739
0.6434182510181675
0.0
0.0
0.0
0.0
0.0
0.0
0.0
0.0
0.0
0.0
0.0
0.0
0.0
0.0
0.0
0.0
0.0
0.0
0.0
0.0
0.0
0.048427918731508895
0.8699934399388607
0.5774259625014785
0.14864407339006785
0.0
0.0
0.0
0.0
0.0
0.0
0.0
0.0
0.38342153568359266
0.7035032434080818
0.8389497662172772
0.8736076036313052
0.0
0.0
0.0
0.0
0.9918260664202616
0.6921523010396067
0.995507223779493
0.8019028004915801
0.9444477864515965
0.9394915505146614
0.9569295895835568
0.8828209497605587
0.7380026535346409
0.6543507277736546
0.28242288312654606
0.0
0.0
0.0
0.0
0.19797754358854616
0.6508903735266316
0.7781712329888076
0.843867605636199
0.9970676057028275
0.0
0.0
0.0
0.986879692477906
0.7848847258463629
0.9940158205340911
0.8381301895644219
0.9965726469296087
0.2854859222568385
0.9635030734039964
0.8811137816523691
0.7269220537251186
0.3485729433149169
0.0
0.0
0.0
0.0
0.0
0.0
0.1105932306299264
0.649759333770367
0.7962060746950487
0.8661779046892579
0.8948306699676658
0.0
0.0
0.0
0.6559135458119743
0.9923451829750085
0.8266165612570464
0.9969784039823311
0.824465390146798
0.9977454493839684
0.8906832046833054
0.9967470810452315
0.9975739069322072
0.8482108641895318
0.9942075098583364
0.7849348622323572
0.6769765476720234
0.9848024556871023
0.6483827945072299
0.9891888783849453
0.9875880949638965
0.7410057687857895
0.9947327320488937
0.7437024280816876
0.9966045312155244
0.8515278836033361
0.9958392955468456
0.9973977692336794
0.8705574254381909
0.9962030366093548
0.8765151077728044
0.9973506395083328
0.8191311708053793
0.9974860571281525
0.8703862086817274
0.9953860104300665
0.9948132248471756
0.3670906691942331
0.0
0.0
0.0
0.0
0.0
0.0
0.0
0.0
0.801452479400523
0.363329478265606
0.99221819038637
0.7754297176893068
0.9942511904534422
0.8384523370013064
0.9967188583774715
0.795821068210913
0.9972099666820096
0.9972302765759361
0.8184545856415486
0.5873009794009881
0.9716845543823929
0.9331892191434398
0.917006622555183
0.8957103439411154
0.8662894900566787
0.7461347153676469
0.6094497796230334
0.6768036800389835
0.7630537496747875
0.8123807076142904
0.8667396160925885
0.9491588112079528
0.9594287139785628
0.9657085906297734
0.9685554925689466
0.0
0.7967852414418904
0.9964660694074984
0.8151232909300733
0.9977053903503926
0.891897748274007
0.9970820709503359
0.9053851237841068
0.9888952438709216
0.9564366732213142
0.9726688241497651
0.9385011200397386
0.8966432315911282
0.9087938513356744
0.8125538893430592
0.6760795035768251
0.6882622294199475
0.7085551771985413
0.7293427189405354
0.744283429726034
0.9106708689374482
0.924045667596307
0.9440084601861088
0.956572724481504
0.0
0.7052410212674244
0.99348695488046
0.841325864563261
0.9970443654841415
0.8188853016659271
0.9975813223745544
0.8818782101371513
0.9828307632224645
0.9783958234718928
0.9444673823872551
0.910687822779387
0.7161992338839184
0.5199863710142832
0.0618970991329501
0.0
0.0
0.0
0.0
0.06606411361474304
0.7193923524275436
0.8710795441477241
0.9236235275655169
0.9409982074945235
0.0
0.0
0.992318054006283
0.7345898742384378
0.9967123871442267
0.8595316842484642
0.9963493511175315
0.8896997274190396
0.9836119201783821
0.9783010064238947
0.9472294244267196
0.9293048211168692
0.853929782089568
0.7805171027447309
0.34525925507487565
0.0
0.0
0.0
0.0
0.5163829601460936
0.8993000157116703
0.9427160180332091
0.9586586738522374
0.9652339825214498
0.0
0.5736129257749678
0.9963550511416474
0.792160500647447
0.9973999537965529
0.882054689675806
0.9968084082059274
0.9002402133710179
0.9840168956667086
0.9627818457527973
0.9761479041542132
0.9366983013614226
0.8625925382246117
0.8129527222804668
0.49049417807490703
0.045745431733251754
0.0
0.0
0.0
0.0
0.0
0.0
0.0
0.0
0.0
0.0
0.0
0.0
0.0
0.0
0.0
0.32861611448332634
0.14692259492502233
0.9983974555675839
0.8529852712343715
0.6504510809091586
0.0
0.0
0.0
0.0
0.0
0.6802986426739152
0.90017282636997
0.9213639225858021
0.0
0.0
0.0
0.0
0.0
0.9876348132714545
0.5792546062617694
0.9861530523256976
0.7008342486303225
0.9919720893452513
0.9892766614424046
0.7317843763756675
0.9931599386384729
0.658091420393307
0.9944553549644984
0.7518586175225923
0.9922442637545126
0.7804607205113602
0.9938155767711957
0.6307141117182854
0.9925390653043717
0.6471320746215871
0.9855946832088617
0.6756488162371117
0.9928569930444174
0.6780214285857661
0.9957381682728771
0.8184277540605902
0.9951778115123997
0.9970215700690993
0.8328206402493912
0.9939948969526223
0.7977702140967217
0.9947429959722396
0.6860209848716664
0.994985614726761
0.2287982030987092
0.959866816486146
0.8974850753264042
0.816615442438119
0.4922980399271705
0.0
0.0
0.0
0.0
0.0
0.0
0.0
0.0
0.0
0.0
0.0
0.0
0.0
0.0
0.0
0.0
0.0
0.0
0.0
0.0
0.0
0.0
0.0
0.0
0.0
0.0
0.0
0.0
0.0
0.0
0.0
0.0
0.0
0.0
0.0
0.0
0.0
0.0
0.0
0.0
0.0
0.0
0.0
0.057044271329848024
0.9216975367318866
0.8024116160132776
0.785209239157053
0.7730136735506836
0.5977102767885194
0.3818677106711254
0.07939171352861837
0.036221840906257415
0.3252473229367841
0.509123718868955
0.6617651745329405
0.9195421899235902
0.944187454251618
0.9525384961122826
0.9528275328184357
0.0
0.0
0.9888968051881645
0.8245653644008167
0.9955047598558475
0.9974528881681223
0.8806469992049846
0.9967451890805347
0.8982565050331164
0.9980508496763071
0.8597691909443956
0.9979890483058763
0.8838860762812669
0.9962244908346957
0.8634968856066036
0.996493092447629
0.7517467811165223
0.9962098142085154
0.81055945216844
0.9942401886929237
0.8266742434898219
0.9962066734542021
0.76318148784825
0.9964507506538226
0.824346799748161
0.994569048586026
0.9965675100952207
0.8333748430474821
0.9950801866767294
0.8524695433864774
0.9969473840874892
0.8017213420278775
0.5544189152509924
0.9640067389004718
0.9069530572791124
0.8669840333973011
0.7872127507534716
0.4292084238809604
0.0
0.0
0.0
0.0
0.0
0.0
0.0
0.0
0.14869947879883944
0.7399880211246508
0.0
0.0
0.0
0.4537379605595058
0.9841653745495484
0.7376379408384464
0.9951238384290539
0.7551490939274804
0.9744134929534218
0.9682041019861127
0.9494116098803578
0.8276355392839213
0.0
0.0
0.0
0.0
0.0
0.0
0.06507328207433626
0.4943877626238248
0.0
0.0
0.0
0.0
0.3453163140495292
0.9852753351303786
0.5585909358683792
0.985120950757478
0.9923032403082558
0.7017702834312627
0.990733464781367
0.7754477540422986
0.995606516967258
0.7618817592798401
0.9965414531151722
0.8109961848405726
0.9929724808841627
0.7674347133915094
0.9926136793081998
0.5570222724095155
0.991419879913885
0.7112803664416059
0.9922755260813159
0.8278949795459085
0.9971788620096012
0.8411324248125814
0.9980801224750239
0.9033517124204198
0.9973047640464333
0.9982761269632515
0.9095073060190989
0.9974442892726832
0.9138687116976478
0.9982762604943873
0.8744817279599407
0.998330506304331
0.6974692915650547
0.9782041197523651
0.9504704999616235
0.9433055942189871
0.935773764975981
0.8969240629419113
0.8879216111920271
0.877136253447907
0.9088054111803375
0.9057692305534999
0.9025992099340524
0.9039036686213642
0.9094434684797509
0.952970753456606
0.9551669525697003
0.9991804935859201
0.0
0.9840145324827314
0.7575129335493005
0.9934824494833124
0.8349631953899449
0.9971020303495723
0.8293234771034793
0.9979041663484809
0.566549979574377
0.9819290665359363
0.9605554618127947
0.9547723825338242
0.9479434422038118
0.906453422401083
0.8709351484215527
0.7867998213310918
0.8381069787030968
0.8621197991462546
0.8507732306016351
0.889533594323333
0.9656495490540488
0.948170492643341
0.9770233613408618
0.9996187977366106
0.6015284145079032
0.9972726460626469
0.839256378038982
0.9979713413141537
0.9001349861702758
0.9973108829517988
0.9136677125405532
0.9983192433554494
0.6872918978593816
0.9810981253861949
0.9590737780101334
0.9576368746921894
0.9568674735206939
0.9316875599291251
0.9212321981627885
0.9035966582061856
0.9319936682631026
0.9359750859584135
0.907393214817751
0.9690391095965534
0.9504257171426768
0.9761643633119118
0.9780428257086143
0.9996211434080353
0.6025651790134346
0.9973782593817342
0.8512161401929694
0.9982578942932747
0.9162842158240829
0.9977630725923347
0.9264790150594802
0.9986180853712003
0.7946073495053287
0.9853787484969361
0.967550582435675
0.9628281492515516
0.957154385018199
0.925341243198823
0.907506432969312
0.8783463349483035
0.9011705521269114
0.897807959485309
0.8446550116332142
0.9476025340040716
0.9332102410464697
0.970319560470845
0.9732477295869855
0.9741904537156356
0.0
0.8229057892292158
0.9965898884551403
0.9952904557794101
0.8541455528352078
0.9968096590995302
0.7740917217553573
0.8171243367193871
0.9422959124564356
0.8799553432464371
0.5532930950966402
0.7435559940964866
0.6041085660006982
0.11959493242098956
0.0
0.0
0.0
0.0
0.0
0.0
0.0
0.13986977684584284
0.8226905959695138
0.9150013627087313
0.0
0.0
0.0
0.0
0.9894109781647158
0.7413183411124513
0.9932785268911545
0.6671698022043001
0.9613964429154921
0.9563822984189917
0.9519451274327778
0.9380661794069084
0.8371081634
0.8016967205605986
0.461827817059063
0.0
0.0
0.9729611158293684
0.6342737272404367
0.8446067201952862
0.0
0.0
0.0
0.733238454200794
0.9944243161926606
0.6824500040400702
0.9955569001665766
0.9961947026139719
0.7742117380321123
0.9968498459889082
0.8527691965272438
0.9958481221503906
0.8713652902309559
0.9973099044892525
0.8070613446287918
0.9966603293028345
0.9955164454508644
0.7056553642799898
0.7843290931683267
0.9949146026122672
0.7105324596801588
0.9954135477889424
0.8281210430263367
0.9956901676803829
0.8706896582119474
0.9970346202730027
0.995887584173324
0.8736023979784774
0.9973898228806547
0.8249412617153064
0.9976580879158653
0.8809940915099326
0.9967001135827267
0.8937362812529326
0.9977839563266947
0.8445340795003284
0.6778922730277536
0.9720614468568106
0.9340453702597787
0.9293876505957144
0.9303103697224457
0.8937150030355766
0.880487697966915
0.8635378681009641
0.8664505741697297
0.8276052742014179
0.838349723688623
0.815596339653225
0.8721706974136657
0.44605960130009975
0.0
0.0
0.0
0.0
0.0
0.0
0.0
0.9841689045293561
0.7077043829733862
0.9935896761479448
0.1514578982873484
0.9520022394471377
0.8923209099140325
0.8778806278987633
0.7908472947982429
0.7991052674209298
0.5981627993817787
0.5368350933820414
0.7045990626861877
0.7334623197023956
0.7147373261682047
0.8380791839217699
0.9404250001352756
0.9427798962703468
0.9476006408726709
0.9493837036857941
0.0
0.0
0.9917539122962938
0.805598284584923
0.9963125986962907
0.7914504416421504
0.9972318650319021
0.8736953800201429
0.4269693908401444
0.9792699166009701
0.9551651635783909
0.952130583481546
0.946277274393992
0.8842071604498801
0.8421354486019653
0.8402151421524734
0.892731645627889
0.8894053940541673
0.8867131169868946
0.896332171685652
0.923921939607452
0.9659921193474549
0.9694508615393548
0.9994343895242318
0.0
0.9880517030778803
0.8122451808303907
0.9952925081729468
0.8833284840064408
0.9978846144729674
0.8501016286381964
0.9016354089688785
0.9887827969774158
0.9805586437935566
0.9566605659832572
0.9527570813361393
0.9284254859453845
0.9501985936031042
0.9234626436816501
0.9140222797575728
0.9199633295199279
0.9359422597154037
0.9373475492060387
0.9392572429320387
0.9723975313001917
0.9728662189644802
0.973897479115189
0.975218562570228
0.0
0.9967220902701606
0.8708091855115552
0.9966123855111401
0.8956846308973773
0.9980428437426354
0.8669319094617788
0.9982996698572387
0.659543880399463
0.9820847167182677
0.9611590715927566
0.9591111745781852
0.9572892279735162
0.9435742865572055
0.9498220943922128
0.9530840522062074
0.969399140518048
0.9708576864037992
0.9587767361175531
0.9726993367793372
0.9867604455117489
0.9871473847120235
0.9879508184195621
0.9882822775489285
0.9975767785022174
0.930474197293468
0.9983537572332868
0.9473205725010139
0.9990715190250388
0.9309199386736079
0.999166804954367
0.954647768574094
0.9168630763345321
0.9998304971627128
0.9900647330192025
0.9799614348664382
0.9893080716134646
0.9890159409261898
0.9783052470613168
0.9888681483035178
0.9891879875288416
0.989618447581611
0.9899510715741998
0.9998280101655125
0.9171159516419283
0.9458756568131141
0.9986970650289985
0.9563155860932241
0.9992120106897933
0.9405508280978808
0.9992919319877412
0.9617588417078747
0.9989907098186734
0.9645604350574849
0.9993464207071132
0.948997793404406
0.9993841029480598
0.966153301021037
0.9990911177468627
0.999395678783353
0.9653136392863232
0.9990224826316646
0.9634278181038404
0.9610698643570673
0.9989027679899501
0.9596747184178932
0.9992532182587385
0.9442494078583146
0.9993410308494571
0.9993419123996641
0.9492800803519983
0.999402040468942
0.9676334771704972
0.9991475366575221
0.9698988059137462
0.9994342758887449
0.9560250012747844
0.9994820898266924
0.9704408777844654
0.9992095634769803
0.9633245154586323
0.9932883732498622
0.9863578096390517
0.9858660001640034
0.9776072448917812
0.9841188470016147
0.9748293122746745
0.9649522705551722
0.9812310517618267
0.9806704388704381
0.9819680501935876
0.9833866404823475
0.9919066675341462
0.9918936944590973
0.9844470625383044
0.999864452595372
0.9359168893540459
0.999171920572529
0.9403101437272956
0.999320097997958
0.9631229964542752
0.9990035183610898
0.9650378112599579
0.999352110702823
0.9464189144605762
0.992499062670878
0.984173795048752
0.98387137668843
0.974578531663211
0.9810650180673506
0.9698669535612848
0.957983869820405
0.9767531850761818
0.9757970876765997
0.9751206742020355
0.9749107315901874
0.9833636365901706
0.9793977628059651
0.959430124296809
0.999605768070328
0.7635590542244353
0.9960649703061345
0.8882425931507419
0.9979539910726232
0.8627609390782964
0.9982513205926573
0.9099164091825569
0.9973955728095579
0.7375498036642913
0.9805699029905443
0.9623186342149121
0.95647214436296
0.9254078136726769
0.9445681406319121
0.8864868368482964
0.9079196096161171
0.9380696173470601
0.9433859944525519
0.9490384751150769
0.9473394239721019
0.9774428697772704
0.9644177753419334
0.981504097886389
0.999647720298161
0.7492849721730507
0.99675262452812
0.9178363908639328
0.9985525201399981
0.8965511397060145
0.9986669762164222
0.9315091570516892
0.9033173244631677
0.9970716209356778
0.9857516224393122
0.9704957958289232
0.968758927532688
0.9498567444657523
0.9633920318297051
0.9236188632587463
0.9369330486915837
0.9554952631537056
0.9561256531711626
0.9563231796161886
0.9573492586060928
0.9602055198699512
0.9802570749074612
0.9805891156761716
0.9809388802754999
0.9949387271328326
0.8272685916089736
0.9979366351811911
0.9012795755667288
0.99729591237373
0.9174943619685624
0.9984823161662064
0.8882208708922379
0.9956812275055766
0.9839858444354233
0.9650768182399788
0.9434055149375146
0.9583425559982168
0.9306611344568386
0.9155562286257345
0.9065955380366603
0.9239871329899672
0.9138252731939357
0.8862881183467142
0.9713399883354741
0.9592105424636269
0.9773065021475132
0.9779069440694474
0.9787392149805815
0.9874081256322916
0.8558666634833703
0.9964909563385399
0.897593628813018
0.9981551804988716
0.876077283851754
0.9985118359587571
0.9263331850456618
0.7678623786286997
0.9997129141742592
0.9807529297442121
0.9565532662057467
0.9728005480867976
0.9650013189203257
0.9246205155901814
0.9479772498854449
0.9414087324750601
0.9454476076589197
0.9542486516426296
0.964431783879407
0.9843442068077061
0.8357322940957681
0.9961964854186618
0.8951543183781706
0.9000045763704019
0.997226735029433
0.9067790009977988
0.9978437710631562
0.9964029561591512
0.8803366814185821
0.9973571748009094
0.8119424004770059
0.9972727540655134
0.8540151855390543
0.9954525763325993
0.8561303027894752
0.9969155616638424
0.7876399020818546
0.9967614996432795
0.8248000115008426
0.7530648841173762
0.996349542590247
0.997586018612724
0.8783739523067317
0.9986458244987818
0.9341215642970956
0.9983451450585218
0.9466203254841348
0.9990502237255794
0.9298974032624795
0.9991510596316248
0.954586511905947
0.9987825468179917
0.957769794887506
0.9992275243332549
0.9406302811493827
0.9989099330298212
0.9840561170723922
0.9831054562554691
0.9822143017555504
0.9814465243114401
0.9711736303335309
0.9691119545508848
0.9683324980803903
0.978253261459199
0.977839544988401
0.9673562472148496
0.9781898785453346
0.9886914626341234
0.9887132104121457
0.9891077950231045
0.9890919328997384
0.8919344341683356
0.9987202706046495
0.913755614689416
0.9989684327449614
0.9454357695679004
0.9985304172978365
0.9487066679076346
0.9990109320040733
0.8933245440483353
0.9877974748672546
0.9739589228608753
0.9719112266859254
0.9540789242499534
0.9662476358705873
0.9298329175682379
0.9421339264900656
0.9591897272738558
0.9598512420765158
0.9588419167707052
0.9529221876009165
0.9468047896266548
0.9761250447880119
0.9814774819544902
0.9811719746125479
0.9932239333132395
0.7816360428162417
0.9976500717208332
0.8709094428273066
0.9936031166406283
0.7884623233925998
0.9952832034724638
0.666060968944948
0.9468174397261507
0.7387291192332214
0.5519409825219859
0.5684866902977008
0.48712396852640194
0.0
0.0
0.0
0.0
0.0631168421009792
0.3744979397493415
0.3954558160031861
0.7725112822288523
0.636386952735389
0.0
0.0
0.0
0.0
0.0
0.0
0.0
0.0
0.27265433329296623
0.974515526821881
0.03881897585031667
0.9198228511638685
0.8751008787646803
0.8674432468831208
0.801440601833429
0.8617044397623649
0.7504123800217062
0.8075762906350245
0.8820747379790526
0.8856021957468911
0.8246740423047019
0.9289370645182127
0.9064229792770342
0.9541649607245952
0.9595109119502281
0.9639114589569635
0.0
0.0
0.9957243348763808
0.8245746933045809
0.9950651231337825
0.8644411084151915
0.9976112379431352
0.8378175110323756
0.598910979155848
0.9768143197690682
0.9520622235186924
0.9493895659655032
0.949156099678037
0.9234453650087241
0.9019521078000156
0.8321502290448708
0.8801580468304507
0.8747520420751789
0.8829137303202055
0.8894213668771082
0.9230946018378775
0.9631007399009304
0.9650724108722634
0.96400206136898
0.0
0.5945181168007946
0.9958261890918555
0.7685927200277662
0.9968755401024102
0.8574779397502842
0.9958427262245567
0.8735818140232843
0.9767383170731051
0.9765701923986542
0.9735005064420932
0.968057020996794
0.9273193510751807
0.9563032545459104
0.8994226300445018
0.934412963971763
0.9315233237211721
0.9212522993408879
0.9236523540508659
0.9369013881193752
0.0
0.0
0.988622942227298
0.7556847643523793
0.7393910288360437
0.9918842663917535
0.811149854067503
0.9963845024210145
0.9953330318361875
0.8604574673204812
0.9973053829786049
0.8334555950052794
0.997872841911681
0.8940656967105126
0.9969611891758299
0.8963395775393628
0.9978329019260064
0.8362801405338506
0.9971723520717802
0.8211500254786288
0.7101285098288489
0.9937410212290134
0.9930382081599295
0.5449687735720916
0.9783136975062728
0.6760761443481229
0.9916039817311981
0.765373569341052
0.9950507416704267
0.7320393971766681
0.9962179516562958
0.8292783067707272
0.9952921289515502
0.8590412258164521
0.9970444251446073
0.8098933704790469
0.9974240338384973
0.8775935218590912
0.9966541903550551
0.9978679693307564
0.8833809550580809
0.9963485940614303
0.8736967743271284
0.8646617378014931
0.996106982186834
0.879026981532587
0.9976706841693976
0.8503423680210294
0.9981186000702268
0.9982064888155404
0.8762052930114255
0.9152572578117256
0.998340118331918
0.997622991140683
0.9190793622654038
0.9984731124212651
0.892818521196936
0.9986478019147028
0.9283862979557878
0.8970457277167477
0.9968230974719016
0.9823132460063125
0.9607317700450267
0.9422618565349669
0.9564555590578923
0.9257354601339024
0.9201050756852708
0.9108600837831752
0.8988519898805178
0.9323133861397439
0.9370209350179999
0.9417585368242036
0.9726158537949287
0.948716228816323
0.9741633830732065
0.9995686614256263
0.6898478777412379
0.9954541813820343
0.8846626225233082
0.9980740418909428
0.8751762024093456
0.9984630054649772
0.925437378889167
0.9002271537427143
0.9969739342837342
0.9867514356121213
0.9723060098552243
0.9566842554188776
0.9674349892826847
0.9459417970367285
0.9328956984946172
0.9148119217064711
0.9102198207300287
0.93598459365541
0.9258072281720122
0.9314930874840501
0.9729870879014921
0.9532895170381805
0.9778123586343085
0.9995982003350181
0.5726529293035033
0.9968930293217299
0.82733612978167
0.997857500634812
0.8985718471308511
0.997275676909828
0.9106565568300656
0.9074951680115594
0.9897982419062499
0.9798602538678419
0.957184334153339
0.933210196873382
0.9508450908299305
0.9223046787819035
0.915959103504575
0.9084499237173781
0.8997763688455956
0.9273778347884948
0.9215642035782359
0.9160233932309548
0.9247998565320625
0.9614194873108981
0.9632739674634863
0.9887688644919946
0.0
0.0
0.0
0.0
0.0
0.0
0.9734046117636436
0.32404110262394153
0.9007614542857028
0.6577670138339619
0.2697076072402687
0.0
0.0
0.0
0.0
0.029247202182134037
0.035633600622487535
0.0
0.3402937789598972
0.5570082758887802
0.6997753544727263
0.7142396895983514
0.6353560512771556
0.6057680835170648
0.0
0.0
0.0
0.0
0.0
0.0
0.0
0.2645030336883393
0.5985215109152969
0.8298505419075871
0.77120565613211
0.5506774886974225
0.4284543512971968
0.2002194396423031
0.0
0.0
0.0
0.0
0.5011350422348921
0.7541834565836597
0.0
0.0
0.0
0.0
0.4283825630768418
0.978740913409289
0.6692718531295625
0.9935967559295059
0.707211397461473
0.9959014752077925
0.8151957716720492
0.9950077934394223
0.8587309992175529
0.9974216713603818
0.8430353864402327
0.997913940244821
0.8831831999641615
0.9959437718469227
0.8358581448460928
0.9945764635803253
0.6395088694847099
0.9919451740839408
0.718532646138428
0.9934338969533402
0.836100632917681
0.9968365063518971
0.8084459406142318
0.9975729395605482
0.8824220214728631
0.9966972217294036
