0.8488173094975582
0.8608181217770858
0.8827859434183049
0.9365591331019796
0.9287225290005432
0.9603955841421098
0.9897546251061171
0.9917862700003589
0.9847622248521464
0.9860261199935988
0.9569216309815052
0.9554672090925123
0.9157108502044472
0.8981141636618035
0.8821518472210923
0.883376362569688
0.9081639463808654
0.9540831180597593
0.9748845638878324
0.9768249498003263
0.9828736529021023
0.9768036085325253
0.0
0.0
0.5522671428005022
0.8792895260957148
0.8898548580965088
0.9486439754754605
0.9041136270892091
0.8616152515278359
0.9865439964637456
0.9801310963954117
0.9614359711421918
0.9231472599411548
0.8999263540088491
0.8691651457848556
0.8437606373262413
0.797984943492862
0.7788498035647702
0.7753641217420252
0.824508890659368
0.8679315217328281
0.9081082011356775
0.9121816789897281
0.9391376750163112
0.9519749848216237
0.0
0.0
0.0
0.8428357282774476
0.8933898295415736
0.9209852720011832
0.9509573384064707
0.9498618124339644
0.9885342959811767
0.9831805202434729
0.9692410582112639
0.9353105289023576
0.9146125564452333
0.8882195602792242
0.8615218952528448
0.8081631118447975
0.7733073239425399
0.7901203957380013
0.8502802594190436
0.8917858387519684
0.9374584282889693
0.9400644155723679
0.9494200849582982
0.9655313833886698
0.0
0.0
0.6482234596663654
0.8807195215668623
0.8767224298662187
0.9210168817197169
0.957892789565352
0.9569958353727394
0.9888260391826788
0.9832843794557049
0.9641178938219502
0.9422763514033405
0.9204268783672527
0.8926837486878165
0.8479482141352492
0.8252483478721886
0.7769243568736193
0.741700431440027
0.810056830744141
0.8576627345952962
0.9220764423051604
0.9443343329407743
0.94864945672334
0.9655498968015974
0.0
0.0
0.6110227179042774
0.8990096466986781
0.9065430271038862
0.9194249044483069
0.9517135441621307
0.9488938965511028
0.985791966553479
0.9861144040929928
0.9634785529270662
0.9450581288641731
0.9220321349225571
0.9004639779558268
0.8805922994907776
0.8557587969029948
0.8396018796292132
0.8406547208555679
0.863672695578613
0.8811309677625992
0.9190780726325715
0.9372535688352729
0.945832583853586
0.9621964737265474
0.0
0.0
0.0
0.0
0.7265681843597336
0.6966406119536764
0.8904628551306347
0.9056476120883108
0.9826424181260758
0.9840141943976082
0.9600918181471081
0.9346174540154004
0.907123340206724
0.8817646793880873
0.8383073983418923
0.8077468394145878
0.7793062865797206
0.7474361260200966
0.8044228507846081
0.8663069599847485
0.9251616524441156
0.9392721419418448
0.9548029357542301
0.9642883564501791
0.0
0.0
0.7445500651163887
0.9077123091325371
0.8702311254342155
0.9604705976583159
0.9652886638634807
0.9380116143637999
0.9917260506867389
0.9867339142816859
0.9796687122709195
0.9493629631572306
0.9236123464981894
0.8996280552019771
0.8772082221169671
0.8463328189210837
0.817758614173921
0.8184176125078443
0.83667658393022
0.8771615668976259
0.9359244630303196
0.9583494660419639
0.9623031869801578
0.9800195056922203
0.0
0.0
0.0
0.8189007902328466
0.8562181508299699
0.8986952934550281
0.9380454274505161
0.9142235610656094
0.9885097000828338
0.9898651701657177
0.986505735233437
0.9795517603756639
0.957287675471089
0.9606799490455491
0.9338700000640284
0.9283470412444265
0.9273086297043819
0.9382773275289935
0.9385137572262322
0.9662170357659626
0.9781835999497299
0.9834505741218531
0.9803132168828016
0.9819461713737051
0.0
0.0
0.7921291605774361
0.6582321318124466
0.8311780786748858
0.851248922937888
0.7705165750128834
0.9021373611153399
0.9859600176331844
0.9801376856263838
0.9675186399494837
0.9446348311152565
0.9393658864918952
0.9345690634184742
0.9316913171500909
0.9195834171629524
0.918868423416604
0.9237145877007642
0.9154854385318194
0.9206749293845582
0.9350828339629005
0.939544131613697
0.9497103305798532
0.9619787526134875
0.0
0.0
0.05617861056325615
0.7553798213513805
0.8973390740167249
0.9178170586388559
0.8586712597243398
0.9296457388418523
0.9873705982806479
0.9822602338113686
0.9697299963626081
0.9427598112851164
0.929925110443072
0.919321848353354
0.90911349720798
0.8929906772219811
0.9044193166765166
0.8939172795025341
0.8932117773767739
0.8967297368173781
0.920061689769318
0.9324378191127134
0.9365786821241416
0.9521679545292585
0.0
0.0
0.0
0.0
0.0
0.0
0.0
0.0
0.9787264790706193
0.9810692791013375
0.9608048696262244
0.951398733079287
0.9464409959061604
0.944140343241626
0.936068424717763
0.9386309554567335
0.9368105243480622
0.9339371844039112
0.9353375523890224
0.9388224050733787
0.948262415461526
0.9578308880062263
0.9601515332319578
0.9736236373290229
0.0
0.6979123076956648
0.9203722343622505
0.9137142145602425
0.9261145058934355
0.9538493358460703
0.9440072326981983
0.9665925555731503
0.9858437797778438
0.9870227360018483
0.9689719293353191
0.9511908602409752
0.950353597601186
0.9343636241485784
0.9319510193551384
0.9276036496202458
0.9274585580498029
0.9214202661004016
0.9230890382881675
0.9260614120377405
0.9427732363890587
0.9487491986104751
0.9623356008903551
0.9708504742585824
0.0
0.030580733979909912
0.8971960311365803
0.9336775435950523
0.904138469751978
0.9652046733356459
0.9634889089023637
0.937694894984994
0.9896991187660559
0.9878799487436989
0.9704115458003556
0.9512418609733476
0.9422205477339539
0.9324267206609382
0.92467150773006
0.9194160616799607
0.9162875867202006
0.9134940936534176
0.9187053933699993
0.9243064959111109
0.9383888864589257
0.9457103808582327
0.9576061714455456
0.9770167532807428
0.0
0.0
0.8392200819846256
0.9139836316999044
0.9456863469810841
0.9381388815944752
0.9634721726517885
0.9596238243182029
0.9885904650921917
0.9898630835927409
0.9765937837479637
0.9612330412222174
0.9421392386119355
0.9336160197599027
0.9201915644599229
0.9177102778412912
0.9120101132151154
0.9108653923075417
0.912382274635718
0.9176548782169678
0.9440581489921694
0.9628903096065958
0.9727801119192069
0.9767702432152767
0.0
0.062139303341014966
0.8691277333916899
0.9452114477768674
0.9161305842549924
0.9374947680985246
0.9600232182698396
0.93621639626413
0.9922274893496589
0.9916452507265098
0.985557148397533
0.9884524339818903
0.9701601082859392
0.9683029348770656
0.9538435758255372
0.9545989243444896
0.9478897387252179
0.9483268477248851
0.9496845651791852
0.9720016479367166
0.9847455162119381
0.9811157287391841
0.9852749471129907
0.9792023925095261
0.0
0.6509861204676095
0.9158028669394168
0.9202852135399158
0.934260677462778
0.9623438448682018
0.9582759412699267
0.958249512007568
0.9928716453360091
0.9921512368385345
0.9861950523381663
0.988817008770208
0.9697824229319901
0.9673428901820671
0.9571006071960659
0.9490674173989538
0.9468325516067267
0.9470554513732808
0.9490212097312158
0.975452656540532
0.981466055004487
0.9823432512437726
0.9863760610436814
0.9809628419890393
0.0
0.7518982251547855
0.9347170490997387
0.945401448847486
0.9423155212721331
0.9440554086946507
0.9609070812679256
0.961141703958298
0.9862197944056372
0.9870143420025441
0.9691536623250917
0.9571850627010798
0.9472470423591888
0.9344978121741684
0.9345362194897987
0.9284153197704679
0.9245139903120718
0.9243926614041662
0.9287296869747819
0.9333902456535144
0.9438901737915498
0.9471175793309259
0.9617901156196884
0.9700164647998479
0.0
0.0
0.8243918667453065
0.9356791519956341
0.9297761142762339
0.9551297497578771
0.9742906542472451
0.9654987589242464
0.9896742976681794
0.9883650488278629
0.971545513358584
0.952485375870434
0.9447375474682314
0.9382082178986977
0.9314109625054218
0.9233110909192433
0.9166334616625136
0.9128178980851841
0.9173229899216295
0.92335360101613
0.9390779884787499
0.9502530230285061
0.9606163679118049
0.9783609965012211
0.0
0.8112067220377251
0.8982290794687684
0.9290391968171778
0.9623885358041581
0.9549981654631118
0.9603719165775957
0.9731302604937809
0.989118193891257
0.9848983526873932
0.9740311069571754
0.9495465412739099
0.9397530222093402
0.9338041625852933
0.9305708441759712
0.9232355007361869
0.9094775839297327
0.9217416023896724
0.9164543149767165
0.9209659102578526
0.9372271493862931
0.9440610511501024
0.9541848324523038
0.9678156487847547
0.0
0.0
0.7991655028342589
0.9090698575979452
0.9527048604237336
0.9424997146306002
0.9560355729567094
0.9713967270936154
0.9891348122100895
0.9846075318913593
0.972491904679309
0.9471879620549473
0.9365513472685284
0.9240301238504272
0.9049533964702905
0.9001029013982352
0.8854777837618195
0.8748069977092083
0.8838907712783995
0.9119033374676467
0.93802339300592
0.9501017256469524
0.9524934477714462
0.968428243472452
0.0
0.0
0.8714082706086332
0.9445628923476967
0.9404463248178131
0.9542317469173148
0.9738177959501905
0.9669143444666696
0.9919765440151589
0.9876736967998799
0.981453084831709
0.9551027106910722
0.935093421955925
0.9212870452057117
0.9094336006340127
0.8932295816410114
0.8810330958646427
0.8900053586841847
0.8901996742493322
0.9085964059977124
0.945368390210382
0.9636954891130105
0.9656742978202095
0.9799519270323186
0.0
0.0
0.0
0.8056233368595273
0.9119478127804511
0.8668611572711218
0.9123882379492408
0.9522599072073308
0.9889172098133434
0.9908417701822383
0.9878276940733353
0.9821763235501898
0.9626488317576914
0.9626733072144802
0.9340864601280547
0.9224718182170119
0.9159731466548285
0.9143161554049706
0.9265381840455549
0.9548459572261134
0.9722957870878082
0.9802122378172252
0.9786291749961352
0.9770913078790538
0.0
0.0
0.7512806926161316
0.9191436977406504
0.9330761205857816
0.9285781555171099
0.9435649274277654
0.9653694248155755
0.9885879548484611
0.9834909318389543
0.9698525152713374
0.9408810818259726
0.9273692115686654
0.9118880613060156
0.8994137591593999
0.878308529617787
0.864029922145724
0.8543158674546223
0.8697872523265424
0.8841243988482621
0.9183244038448996
0.9450409662697918
0.9515370910726301
0.9661192749891583
0.0
0.0
0.0
0.8666180352035765
0.8916417639470212
0.861474283986641
0.9481729078900212
0.9491223401353727
0.9847495256129027
0.985412941967908
0.9614365645671842
0.9429170134961572
0.9252360968693922
0.9053555211510532
0.8743268397264273
0.8363158564158429
0.8587220197319194
0.902797788939645
0.9231389097300298
0.9270578979978532
0.9373376099312429
0.9421177976375934
0.9572203617580868
0.9659544430698607
0.0
0.0
0.0
0.8195308658122625
0.8302709184742195
0.9406128862951647
0.9490387344079508
0.9279691924525639
0.9885003199664385
0.98649389563515
0.9665446262729003
0.945716817062043
0.935422180377557
0.9233526739172945
0.9135483973825378
0.9058884187305128
0.8953512909050225
0.8876673791516414
0.8954408228867583
0.910990942934972
0.9309497865620925
0.9383768070613272
0.9520815201541407
0.9736598092993715
0.0
0.0
0.7217849014181045
0.8487201289679164
0.8811830272048659
0.9394629629423588
0.918297498707179
0.9304237620530973
0.9878492649502113
0.9828298311569911
0.9704902291423461
0.9470442666434666
0.9416344192431292
0.9365163002198611
0.9306806927716831
0.9177591476295696
0.9235425537302429
0.9219598630142217
0.928009249131226
0.9365052742818928
0.9561319404197176
0.9558110875315842
0.9618094620001775
0.9734138007315037
0.0
0.7287170612495154
0.8633029640749375
0.9089401907156499
0.9512572197723056
0.9340648437707552
0.9495465422354107
0.966629330609122
0.988527045098375
0.9841511017652993
0.9712729057127226
0.9614334138249376
0.953699681858151
0.9501835875814268
0.9416404779414717
0.943146475883832
0.943774966468746
0.9446306448596098
0.9478897863783972
0.9486247473010203
0.9557080352520354
0.9626283504474178
0.9643591790786072
0.9759733703978521
0.0
0.7868136290165705
0.9152359190474313
0.9593433502546499
0.9442717990613978
0.962500323813113
0.9754151480673078
0.960894702676577
0.9916982320927815
0.9878019463976672
0.9822291779946312
0.9595103499735007
0.9449553848613945
0.9378580141793152
0.9334395874176675
0.9324377248678902
0.9266071741659916
0.920897439323944
0.9234326955427749
0.9299769056212819
0.9549390116312643
0.9696489444708184
0.9706104538216888
0.9838048491924991
0.0
0.7995855643226409
0.9099649550910741
0.9453863340511578
0.9726259650085677
0.9584290124025838
0.9735122530353897
0.9842259759181801
0.9913803512316005
0.9927594850826179
0.9869186780508962
0.9890515022426755
0.9692494351026302
0.9702908714073578
0.9481014557448479
0.9440209814503467
0.9396644874312011
0.9386014900852682
0.9460586825440199
0.9656868733815339
0.9792976454909563
0.9810401978375698
0.9850972631881834
0.9782243740536266
0.0
0.0
0.5412050679038324
0.8505178267686572
0.8465601045686983
0.8831516661166917
0.9321870806515977
0.9287667345890036
0.9876777251457532
0.9820431320318767
0.9701059757437883
0.9484397272389743
0.9436526938077119
0.9382630070027769
0.9270905976667099
0.9277218730482679
0.9248754105300836
0.9209198152025119
0.9248100695390316
0.9309822134786441
0.9452232183989212
0.9559996984063351
0.9598241691082843
0.9720548007266251
0.0
0.0
0.8135110040789308
0.9173845381111537
0.8971794198374836
0.9241658509682692
0.9567208972095537
0.9588680916763955
0.9853987658741131
0.9866814536973212
0.9682009437116214
0.9504377274521318
0.9504841439657395
0.9339621584424667
0.9317855090284187
0.9226059016801887
0.9147837448343776
0.9100030264042056
0.9158188847584255
0.9187876949034915
0.9351362361893081
0.9398647383970566
0.9555688960731236
0.9631954863447248
0.0
0.0
0.0
0.0
0.0
0.0
0.8571766750681051
0.8822726796915833
0.9867195464418758
0.9845751773323398
0.9649716849620716
0.9491295396425959
0.9469848762134778
0.945484876642171
0.9418601181158837
0.9340437224183706
0.9279279173541745
0.9252291048439572
0.9237264091069526
0.9348142772412521
0.9482062226968313
0.9478419833982298
0.9540487716720212
0.9733526939411713
0.0
0.0
0.0
0.8325472715243626
0.9106915324919129
0.8994228963205942
0.9123626900535348
0.9481675377591346
0.9876561179872789
0.9818854624792883
0.9688482864902289
0.9432856987555118
0.9354198261053259
0.927022582209427
0.9197675642161829
0.9072021516587582
0.9100459912847437
0.9055797939677095
0.9130361529859269
0.9258043056015887
0.9461194739107294
0.9435674488155749
0.9542181114100169
0.968944563661911
0.0
0.5475901736414933
0.9077601274322744
0.9448460801537526
0.9709305134463657
0.9607619289617663
0.9720106731036718
0.9819580159946875
0.9874631045259907
0.9881554391445235
0.968854615039163
0.9540024309016293
0.9432549243026632
0.9379853741712314
0.9277323045611109
0.9263144725493875
0.9249674321604512
0.9229852144947839
0.9243358729279171
0.9324074066373899
0.945792609140575
0.9506656510709884
0.9665698059759414
0.9752255970806245
0.0
0.8362575013994611
0.9650607106344266
0.9724325231895012
0.9501929866404174
0.982471366567629
0.9829471742246761
0.967618295036528
0.9926508459732819
0.9883139605308917
0.9831070196890419
0.9629760323115474
0.951120691513608
0.9439040539021898
0.9344218882641738
0.9301246500878725
0.9315200916629176
0.9295284230831954
0.9303001555722733
0.9346355880508217
0.9540894603301444
0.9671594460757827
0.9676277093876091
0.9818971762120602
0.0
0.0
0.841402361228784
0.940803949044974
0.9695581281035309
0.9558236534255338
0.9728029557765062
0.9821067027253433
0.9912435624245202
0.9925038201069889
0.9855759744694279
0.9871892143820092
0.9618246043788896
0.9608170749305344
0.9293219073673301
0.9243703069555564
0.918653887767085
0.9148872854917555
0.9281390957475842
0.9615102927952619
0.9776136440452239
0.9807359922858561
0.9859987613341215
0.9802025867219588
0.0
0.7883126428866315
0.8915377084624976
0.9358209722269808
0.9654915457004931
0.9523735410299221
0.9636992622796172
0.9779822049425441
0.9893897177003702
0.9844415050584132
0.9722239347978218
0.9480116886373252
0.9386859497778373
0.9287786650802846
0.9087225431515593
0.8987914012902783
0.8893686380694351
0.873771513864318
0.8799963616197244
0.9036242927806694
0.9306483696488369
0.9459375091594625
0.951732508307669
0.9670758598393142
0.0
0.0
0.0
0.0
0.0
0.5380982010680477
0.6775140824386694
0.8218726759882304
0.9813841341438942
0.9832126591684396
0.9582185222483501
0.9386037279679188
0.9230204743320221
0.9077776820937837
0.9125870847796639
0.9122909492148225
0.9117081301813331
0.910680943864992
0.916544339310963
0.9282101888497709
0.9447356914296892
0.9503633465626148
0.9629293407121818
0.9707661044201022
0.0
0.0
0.8793278947501388
0.9139922097879333
0.8851264352939225
0.9607118744543219
0.9654592884072075
0.9384639928975399
0.9894978091942231
0.9875975684758654
0.9701322532355098
0.9534102244934423
0.94637725193878
0.9408588380870762
0.933971483241078
0.92636817893765
0.918365069748076
0.9151342133825592
0.9202340431594968
0.929885120201925
0.9452081368501722
0.9536500605501911
0.9632474354605467
0.9795555032839866
0.01404499007535844
0.9198445536608346
0.9509331257555403
0.9258290644629109
0.9724499785407
0.9746489120320134
0.95875441662913
0.9811254932117407
0.9896798154560911
0.9850795989602691
0.9728661669631595
0.9466442039303183
0.9369884864968018
0.9259323333784543
0.9113917803219703
0.8970944713813057
0.8850581444532251
0.8692514244081105
0.8833161646315842
0.906439963583136
0.9297440210522313
0.9425093005888185
0.95468499971391
0.9762955057093406
0.0
0.5761452071565739
0.873616352170894
0.9126379526727123
0.9548249207977471
0.9550787067605987
0.927245376252984
0.9732168155694626
0.9887546902935207
0.9828153921313775
0.9685800360795147
0.9365321332943596
0.9190378808146384
0.9011948324927126
0.8628784212072648
0.7860213639126331
0.7365921585890706
0.7000661725194304
0.7637412413488522
0.834983277467094
0.8883955125050434
0.9144964836514051
0.9237111182185096
0.9485688457380387
0.0
0.0
0.0
0.0
0.0
0.782617869327781
0.8368671762506781
0.8777579333290328
0.9893072704437403
0.9872439767897393
0.9657019180622284
0.9205797853223298
0.8606844085838273
0.7623270018401267
0.6064872959398995
0.5711629134875951
0.5144686535606884
0.5321226490051184
0.6741616367954013
0.7950261926781488
0.903609820565317
0.9464348904409984
0.9509007727625576
0.9724458354886688
0.0
0.0
0.0
0.0
0.0
0.0
0.0
0.641644373382994
0.9902731631662748
0.985189145758513
0.9832275853573749
0.9744508065776479
0.9334761622918398
0.884559867361103
0.8080915974623867
0.7353276011932792
0.7531532912214809
0.7475544465508389
0.7470523059181504
0.9073444926507865
0.9477611644569602
0.9631381809840683
0.9614318616784526
0.9598231347848944
0.0
0.0
0.0
0.0
0.0
0.0
0.0
0.0
0.9820119524349264
0.9732670502417038
0.9520192403285885
0.9015161250840975
0.8777521162011555
0.8357959203149875
0.8037829879350897
0.804173413574751
0.8034065956262932
0.8175102532331251
0.8571929495730399
0.8869031569060809
0.9180192547117142
0.9296795359636201
0.9462489037239603
0.9711141394962317
0.0
0.0
0.8535567281334913
0.9171895335398055
0.9520852955194538
0.9524577566075908
0.9552299308527852
0.9697077303527896
0.9894203736347894
0.9849415221903296
0.9755333805831317
0.9578448693174544
0.9548507542571035
0.9518402002258004
0.949726450290596
0.944737737055316
0.9496133820167006
0.949890217700788
0.9516246262263226
0.954179837934703
0.9649676934836242
0.9623435255402751
0.9681034171551137
0.9791539236842597
0.7536589898859626
0.9542133268138446
0.9444667514544548
0.976181590239715
0.9793304035003592
0.9683247952359525
0.9829229526795192
0.9838324581588378
0.9905898721215296
0.9866539481392405
0.9782190419546086
0.962488458403627
0.9579245432368408
0.9529754243129803
0.9505406409877454
0.9420798335868614
0.9419626030796948
0.9388882225914482
0.9420249844994263
0.9491350496437239
0.9591907229610049
0.9657129674820901
0.9684258168137713
0.9801220769328904
0.877866414248805
0.9443077922675132
0.9594027221944259
0.9772521745256357
0.9776048445062451
0.977688825605549
0.9839869304459932
0.9819563891390057
0.9890160836184108
0.9897909422348727
0.9758568960714794
0.9644281460401343
0.9508222226474913
0.9383546954895076
0.9229685439243747
0.9256437427392622
0.9210631297176246
0.9185927936564454
0.9223956611342191
0.9315756112552889
0.9452091431677407
0.9522776798690719
0.9551458317352529
0.9681336068538288
0.0
0.0
0.0
0.6512968369378056
0.8392240709437314
0.9044403704711894
0.9000566967956268
0.9428861643965958
0.9840657473732383
0.9851271015097203
0.9633660841765797
0.9494993361287359
0.9394596783680158
0.9278141490722194
0.9327582985766829
0.9302817709209168
0.9312698716911707
0.9329896598837444
0.9368684918333995
0.9380823195861443
0.9475909378469602
0.9509611860184678
0.9623215698497162
0.9676300428658205
0.0
0.0
0.0
0.0
0.8763611865171698
0.9040842951598169
0.8453686212793609
0.9476597274619819
0.990185775371159
0.9854345766118823
0.9786029991702004
0.9496623984691682
0.9360265125303043
0.9349016360255579
0.9395314746399992
0.9412356277779764
0.9379238400317447
0.9371385824667885
0.9384167780596988
0.9418442000598131
0.9588283496405197
0.9720721065383117
0.9734935152097065
0.9859194502265586
0.0
0.8907818225538642
0.9197049410121895
0.9565365727265451
0.9642816996268154
0.9702201958013452
0.9812342763658851
0.9783219906263919
0.9914179816290751
0.9930005520608624
0.990855835158095
0.9865307675366117
0.9721700466471269
0.9742567816100686
0.9555869197946362
0.9503208697067479
0.9449112158823934
0.9473471156226395
0.9411445843533387
0.9680824603647484
0.9800774912141633
0.9859064489697221
0.9834207244355494
0.9855054502382874
0.0
0.8958029690852424
0.953045097620578
0.9285617588645261
0.9594930700025617
0.9768651228451701
0.970034678955388
0.9794288351730072
0.9936907352105403
0.9902892045948994
0.9893810501809946
0.9836992878340709
0.9689144890917096
0.9579889413644394
0.9324311175857884
0.9204644894278857
0.9240313475590026
0.9137247587556606
0.9171072550929386
0.9585224088249324
0.979727854517723
0.9765794942554296
0.9771840520356254
0.9781591483110749
0.0
0.0
0.0
0.7683335691026814
0.8405599536837005
0.9188316526739627
0.8951353775075589
0.91198342862732
0.986731015623064
0.9840606982397231
0.9616621467431575
0.9370047249800751
0.9144138205081939
0.8815344772324314
0.8187351788587709
0.7138054838543673
0.6880797803713269
0.7339056934601413
0.8006403289246852
0.8624523476167036
0.8984720552053185
0.9121201184808382
0.9307776209022306
0.9570413455409965
0.0
0.0
0.0
0.0
0.0
0.0
0.7920796706413753
0.8859209251494125
0.9864536569651191
0.9819975323427736
0.9486251052334137
0.9078485555518861
0.8786326304358187
0.8258344631318093
0.7393498836186754
0.6003833141009087
0.4899168044981325
0.3051722834384876
0.553363749851169
0.731555622093093
0.8566889262791617
0.8992096530440299
0.9284047848738747
0.9521823711459614
0.0
0.0
0.0
0.0
0.0
0.7839015287564888
0.8246145132291363
0.8809078023305584
0.9862397845975833
0.9820464477665614
0.9484954913078532
0.897883267146874
0.8457568628196607
0.7681301260481014
0.666541660969464
0.4263437340666359
0.049108939455110114
0.0
0.20720568451211055
0.7091316910615953
0.8511064781898732
0.894795129934249
0.9185650878648541
0.9552397106583035
0.0
0.0
0.0
0.0
0.0
0.0
0.7505358992287079
0.8348915218466263
0.9855286059707317
0.9775223705214672
0.953615079951054
0.894322072561927
0.8413256034101608
0.7236987822569604
0.5351581054243445
0.39631033881359823
0.05587159379044161
0.2919973970162218
0.5175835194521877
0.6699358811218143
0.7947417184845983
0.857830006708945
0.9016461232806109
0.9384906159147891
0.0
0.0
0.0
0.0
0.0
0.0
0.0
0.0
0.9880583404562868
0.9811075533854045
0.9624265569026583
0.9189112522293047
0.8215504444602283
0.6950625669071769
0.6886595592345767
0.6566493126330535
0.58761522522688
0.49817315333665835
0.5238399738617705
0.710126138318433
0.8636073542552554
0.9326444504537252
0.9459715538825713
0.9668374778788715
0.0
0.0
0.0
0.0
0.0
0.0
0.0
0.0
0.9866400885961523
0.9881296750923945
0.9799510348518823
0.9676290211978038
0.9170624376066379
0.8902663290469868
0.7383627406049065
0.668179290154477
0.6350113512021693
0.6118004034141915
0.6490983704265637
0.8597540722470837
0.940677691081297
0.9644237896276873
0.9619612798228909
0.9630432128289013
0.0
0.0
0.0
0.0
0.0
0.0
0.46679799489628243
0.8120726992446752
0.9839865601751083
0.9737782936662773
0.9438818427535004
0.8563243283074611
0.7421745967328119
0.437237703387399
0.0
0.0
0.0
0.0
0.0
0.14566880585204367
0.6771311594025069
0.8164850928738113
0.8786739177147115
0.9209147937879392
0.0
0.0
0.0
0.0
0.0
0.0
0.0
0.0
0.9808324033730152
0.968193145807831
0.9281999562673205
0.8135730116990333
0.7368855716152809
0.5161847000036239
0.0
0.0
0.0
0.0
0.0
0.2651789762297404
0.7060812149069735
0.8013065876616111
0.8758283718837713
0.9190567619807362
0.0
0.0
0.0
0.0
0.0
0.0
0.0
0.0
0.9785873687143885
0.9752374280713234
0.9410760388799487
0.900816228756299
0.8755485566466377
0.8268920055392672
0.7189667217177166
0.5912701911379874
0.5822289852899222
0.6062894766143639
0.7058393299034507
0.8090037204633955
0.8877074813004805
0.9090658384605194
0.9315104359629758
0.9348239437595925
0.0
0.0
0.0
0.0
0.0
0.0
0.0
0.0
0.9831903630446589
0.9806692161928803
0.9518260174772466
0.9166042345755938
0.8819831915902994
0.8194555533521366
0.8156239649663937
0.7718066703159643
0.732338098085081
0.7479795172696851
0.7609071342742908
0.8169045810560113
0.8783297861380537
0.899152388443414
0.929022551698731
0.936272347737044
0.0
0.0
0.0
0.0
0.0
0.6378856328062971
0.8669239322316714
0.8632134085779145
0.982499821803512
0.9821731813515951
0.9520365853805163
0.923826221228532
0.8973343024907253
0.8595483824779777
0.8104752034626683
0.8039056962813574
0.778383851232265
0.7515482674377512
0.7758650616783906
0.8203543965431574
0.8769697793966434
0.9117213358042418
0.9289428210089573
0.9480326167959074
0.0
0.0
0.0
0.0
0.790950120868974
0.9405563435257097
0.9488303965887356
0.9058462912062295
0.9907413442001621
0.988317546061822
0.9694356651300381
0.9365145469982484
0.8962325908266457
0.8588474900117509
0.826869465929622
0.7961154824219833
0.7595158142883489
0.73755161029551
0.7549832438145253
0.8184446098810488
0.9051723943001828
0.942410962613071
0.9564670841634055
0.9585982613863682
0.0
0.0
0.0
0.0
0.0
0.8087876983127873
0.8966506401178496
0.8449912322574952
0.9908632303498542
0.9891429706272669
0.9798246525033727
0.9833441925253661
0.9516720282806609
0.9460384723073586
0.9257062467824796
0.9051484783077155
0.8939428932354659
0.8937106302786226
0.8957517257014533
0.9544719612887671
0.9688018422555372
0.9718534936088246
0.9794682563526008
0.9719036159188233
0.0
0.0
0.5941746196691265
0.8764960618821979
0.8919926889528069
0.9282057883901503
0.9495561649777686
0.9365752783191399
0.9882102011680448
0.9811860794497081
0.9652711877419254
0.9349945105599703
0.9217791508658374
0.9013378532528309
0.8813829531590075
0.839333431523161
0.8234884865474856
0.8325134711716728
0.8344729085053347
0.8653965496659911
0.9045704757591793
0.9193166552703275
0.9394837849444557
0.9672820338282129
0.0
0.0
0.0
0.7367463720150019
0.8640459414945604
0.9311219640503301
0.9186534789566574
0.9365314380249488
0.9879623935388424
0.9817439980115511
0.9668276901168543
0.9383030891872186
0.9203603609259958
0.9013792422695406
0.8889888198360218
0.8756714948108184
0.8493428839667063
0.8262534443554996
0.8357585109072642
0.8523571475619672
0.8857581306738807
0.8985972930231099
0.9345577036215528
0.9458695865706516
0.0
0.0
0.0
0.0
0.0
0.0
0.0
0.0
0.9793902572165607
0.9767405710318422
0.9464534798538423
0.9071785074092218
0.8875950528151415
0.8165318661832596
0.7580278536586299
0.6564150304449711
0.47956073499145874
0.34043939249198235
0.4718276999015489
0.6612639004020869
0.8346202835201356
0.8897726210126361
0.9127540149695559
0.9321391042280172
0.0
0.0
0.0
0.0
0.0
0.0
0.7039954601345553
0.7818573630838113
0.9813056159348146
0.9804722821915628
0.9438095161905901
0.8982513547614157
0.846464795561469
0.7557000588235031
0.5447857574783315
0.24277597752371438
0.0
0.0
0.0
0.5357705610441702
0.7381022611857443
0.8185808855890024
0.8734050949219412
0.9015919645236032
0.0
0.0
0.0
0.0
0.0
0.0
0.0
0.0
0.9555951002739569
0.9445810207657338
0.8914526378289817
0.7386894867722864
0.5447637139699931
0.17029488674097332
0.0
0.0
0.0
0.0
0.0
0.0
0.5855015595418042
0.6954970197422731
0.7936174575415622
0.7479775445685927
0.0
0.0
0.0
0.0
0.0
0.0
0.0
0.0
0.9680279158744779
0.957178010651009
0.9341384341394331
0.8415239409762977
0.7518241697123577
0.6704997170390075
0.5974794325864614
0.6464360900599678
0.6691154600830359
0.7183413094876883
0.7676257789544918
0.8089042278421723
0.8988708416005431
0.934839784713248
0.9469991838346247
0.9414411741385655
0.0
0.0
0.0
0.0
0.0
0.0
0.0
0.9826853423893805
0.9866757188217782
0.9760787416170482
0.9776667196308322
0.9301700824081115
0.9246718724788393
0.8493472088803099
0.8018888166884954
0.7466549665641538
0.7018652469072469
0.6905216046494193
0.8365846710344718
0.925935335129447
0.951025456720927
0.9417964082330649
0.9349850653266527
0.0
0.0
0.0
0.0
0.0
0.0
0.0
0.0
0.9803019500328276
0.972448066198101
0.9501645562843033
0.8949776956770501
0.8515210583616832
0.75383292378561
0.593038037946006
0.3233177349850895
0.0
0.0
0.0
0.0
0.3283099799184919
0.6646471689543069
0.8030382823633543
0.7997877313329872
0.0
0.0
0.0
0.0
0.0
0.0
0.0
0.0
0.9585500934390838
0.9666608972871811
0.9266463724820905
0.8913231800752641
0.8594507015225862
0.813556694230287
0.839617372443487
0.8313112031809196
0.8441830914249219
0.814039008790948
0.8321357999592874
0.8334314851973724
0.9022979519650027
0.9218924339268075
0.9393350992569914
0.9648105518295684
0.0
0.0
0.0
0.0
0.0
0.0
0.0
0.5659703845874017
0.9841812837133321
0.9779050340270352
0.9605291850027272
0.9257589447683424
0.9103194769381119
0.8855696588543442
0.8558615603226641
0.8194225562493019
0.7975454917399165
0.7702689351368377
0.8007688524836754
0.8321526710888629
0.8802173531070001
0.8938768880538445
0.9269302008316701
0.9351887296450048
0.0
0.0
0.0
0.0
0.0
0.0
0.0
0.0
0.9800373331945473
0.9815528107304402
0.9549953050499733
0.9337718092168613
0.9150114833518256
0.8984212207630919
0.8766955569302493
0.8659174426228132
0.8747200500783787
0.8775145692616912
0.9144992486086773
0.9186170051810632
0.9342557401136243
0.9381659488980713
0.948400173852629
0.9698658821456527
0.0
0.0
0.0
0.5883406034993949
0.8643311603875944
0.8248609277020199
0.8552391902444497
0.9042418480192262
0.986107185021048
0.9800454750075758
0.9661193772821085
0.9387261708572432
0.9304802865421323
0.9201498826629071
0.9087738559841247
0.8935651478997797
0.8932181320263032
0.8838499482903925
0.8767132457037036
0.8802160284219639
0.9078420012596609
0.9309739529364552
0.9380263635172013
0.9536381575500587
0.0
0.0
0.0
0.0
0.8335623004578536
0.870576946564317
0.927947623102323
0.9230267059579875
0.9874917535270628
0.9892747245133481
0.9761610646654565
0.9570635754789387
0.9491770942327397
0.9347376019763077
0.9173295175894829
0.9131734943473447
0.9016281144445102
0.9005247274757776
0.9076778457275746
0.9248995409375709
0.946198415868006
0.9636177142013576
0.9655860703988479
0.9804270081052309
0.0
0.0
0.6081643798866796
0.8905978600244954
0.8924639443923066
0.916837361315125
0.9566723974794878
0.9560353835839479
0.9905235687965424
0.9919288002833732
0.9892521704028289
0.9838331645045533
0.9699673675000451
0.9595813922753549
0.9363148462163218
0.9282206276187911
0.9321380783747215
0.9231929237037388
0.9215513666879591
0.9570994319830817
0.9784582510643511
0.9750375207146879
0.9804042377565131
0.9732901951230079
0.0
0.0
0.7664193216820039
0.902292086062301
0.9024153081788634
0.9345822449865608
0.9630716960270418
0.9528017913694301
0.9860618210629227
0.9869744767992952
0.9671730893545872
0.9518529968482843
0.9374982553910349
0.9236003552212991
0.909031362132107
0.8860745895376221
0.8825242657153445
0.8747210366710677
0.8711470230133274
0.880552637673237
0.9106803234948335
0.9223356834445073
0.9363110140940554
0.9611868653014635
0.0
0.0
0.0
0.0
0.8072014698259552
0.8701018493473559
0.9448110615859547
0.9240655079634512
0.9879020293123282
0.9857927855755845
0.9640254702992772
0.9432442915873547
0.9330258847237075
0.919557303713503
0.9029387322976002
0.8845738627541103
0.8673887804092997
0.8523512645621006
0.8535585866162125
0.8593713890035014
0.9077904920422354
0.917959116397283
0.9310620937706783
0.9616530472491389
0.0
0.0
0.0
0.0
0.8707057979910242
0.9032798908170602
0.865449430237815
0.9525406150220003
0.9876165080756106
0.9822674399530748
0.9682189495127249
0.9399608554433301
0.9232824527178182
0.9012016611751857
0.8788328675979158
0.8454256815001769
0.8104677697653965
0.783190266268457
0.7722968893880838
0.7908080885099501
0.8629498487587002
0.8978702131620182
0.9115833675645889
0.9432328618459895
0.0
0.0
0.0
0.0
0.7976153492505462
0.6870733469859376
0.874845255998956
0.9151489579262106
0.9869121296384602
0.9804099728234544
0.9629709426262524
0.9286004239806291
0.9105384817525395
0.8795934688800331
0.8324999026067025
0.7812651116764802
0.7270918584455099
0.6466538931134082
0.6430398377772729
0.6835126679485919
0.7996321773708113
0.8559263017161967
0.9089895163141746
0.9194164611410909
0.0
0.0
0.0
0.0
0.0
0.0
0.8426889809430854
0.8964253884674751
0.9827765372360601
0.9829875935900445
0.953939977371095
0.9243573198359051
0.8896007966912205
0.8337353153817642
0.7324859320765348
0.5426891288534318
0.3520206045269175
0.0
0.33027434199255434
0.5475971930013819
0.7340892880515513
0.8139330297131863
0.8712649416132
0.9192529881265765
0.0
0.0
0.0
0.0
0.0
0.0
0.0
0.0
0.987554395630359
0.9808766980258101
0.9688190171330284
0.9211284393098433
0.8682689919938504
0.809629733028202
0.7083827344619009
0.563077287419465
0.3883072138051986
0.5045993168073678
0.4127397529676918
0.4819028792864515
0.8202295733069728
0.8848823779829563
0.9047742057549757
0.9206556873510433
0.0
0.0
0.0
0.0
0.0
0.0
0.0
0.0
0.9825631627200708
0.9856238240439856
0.9798372975156835
0.9717082305401482
0.945751000067763
0.9233943508424513
0.8644525220207261
0.832999834788497
0.8301137792343223
0.825371898755105
0.8323701812585712
0.8851417946956921
0.9469090649609975
0.9463155260487975
0.9641406492802819
0.950223025290909
0.0
0.0
0.0
0.0
0.0
0.0
0.0
0.0
0.9808249200057938
0.9804034348708952
0.9474181878053666
0.9143232250040698
0.8672553822036945
0.7945742833544996
0.6815490686534598
0.45649001558829166
0.04867808858250226
0.0
0.0
0.0
0.493252892386884
0.7520202333893353
0.8549403618034871
0.8771928141337684
0.0
0.0
0.0
0.0
0.0
0.0
0.0
0.0
0.9721830531994152
0.9745373619716373
0.9339003026893472
0.8883736612582785
0.835201627848812
0.7235045425885398
0.5406315832172667
0.1452195498856361
0.0
0.12573202737747532
0.5136930748061098
0.6982414070741348
0.8233593348515054
0.8676927672273941
0.9171073503554514
0.9294886543120108
0.0
0.0
0.0
0.0
0.0
0.0
0.844665875640448
0.8768780886247688
0.9816727794088581
0.9827776817329406
0.9585102819734772
0.9420779282748215
0.9271497647018339
0.9206718663958195
0.9046787595160335
0.8844631942293782
0.870695849474089
0.8552872690960083
0.8599287483186026
0.873544378387223
0.904345881121844
0.9133301533017707
0.9368361216157196
0.9516258871245404
0.0
0.0
0.0
0.0
0.0
0.0
0.8060482409837805
0.8470805137306902
0.9815630790384062
0.9827706531736685
0.9579595980187833
0.9380912910575603
0.9200761336887506
0.8978421666469156
0.8739730110816203
0.8528336611892151
0.8219002748018542
0.7810847371521562
0.7768493808846024
0.7997897340286635
0.860684930908814
0.890969387144039
0.9253418024404653
0.9369351796717951
0.0
0.0
0.0
0.0
0.0
0.0
0.0
0.0
0.9790481180459683
0.9791966053519352
0.9439540474413031
0.9045651836497092
0.8434429836984942
0.7480581665558722
0.6242305646262613
0.41575885802458085
0.048480171298833905
0.0
0.0
0.1463093414920876
0.6411883483581505
0.7853731438464973
0.8766826218483568
0.8681216599054741
0.0
0.0
0.0
0.0
0.0
0.0
0.0
0.0
0.9236140439725474
0.9513014893727427
0.849189737421967
0.508672637252972
0.0
0.0
0.0
0.0
0.0
0.0
0.0
0.0
0.11041512670473591
0.2862982932663704
0.5640951693642691
0.23904048797537097
0.0
0.0
0.0
0.0
0.0
0.0
0.0
0.0
0.9841960028618542
0.9845932283866781
0.9721333036813518
0.9771401229640502
0.9362368793048762
0.9339194640614099
0.8686693764133565
0.8329048834575266
0.8016269849557469
0.7920351808206323
0.7681460604424427
0.8745427011833647
0.9459871376644386
0.9442033124138776
0.9494395083504077
0.946694319418363
0.0
0.0
0.0
0.0
0.0
0.0
0.0
0.0
0.9691280976607248
0.9723285615857042
0.9294509231488999
0.8853293258598748
0.8256812808431324
0.7120984769887572
0.5160477452097543
0.11954858459939693
0.0
0.0
0.0
0.0
0.0999163500972367
0.5980383787667226
0.7921415051201931
0.7743731294072655
0.0
0.0
0.0
0.0
0.0
0.0
0.0
0.0
0.9725264663190316
0.9748102541725471
0.9258670815977161
0.8583684982155791
0.740505504228968
0.4330326751699682
0.0
0.0
0.0
0.0
0.0
0.0
0.10495237292994805
0.11964558698717537
0.593250012093491
0.5302320536961592
0.0
0.0
0.0
0.0
0.0
0.0
0.0
0.0
0.9753358620486838
0.962884563988624
0.9242608040373324
0.8097557660853774
0.6580066311756961
0.21509350760985826
0.0
0.0
0.0
0.0
0.0
0.0
0.10736452338599412
0.19318661168261622
0.7057298941637803
0.7578481761667971
0.0
0.0
0.0
0.0
0.0
0.0
0.0
0.0
0.972412641636667
0.9692253381458436
0.9105288621754205
0.8057325872881226
0.7421521262833098
0.5653767458735851
0.20785982884928936
0.40374194043801176
0.19233078517621693
0.0
0.4134337821283591
0.5498709559974536
0.775710905682215
0.8746559676826214
0.9247564620848236
0.9303700438766369
0.0
0.0
0.0
0.0
0.0
0.0
0.0
0.0
0.9767876373475912
0.9779068501611002
0.9424809205517171
0.8980937479660415
0.846497927778562
0.7817601210065751
0.7451992194953473
0.4823604842956712
0.0
0.0
0.0
0.0
0.2988985373530787
0.6979543744205706
0.780656573629936
0.7514690600424944
0.0
0.0
0.0
0.0
0.0
0.0
0.0
0.0
0.9732227009516456
0.9775336313188433
0.9408662388430462
0.878631232961283
0.7278040823331425
0.46850373700946557
0.04212391659433948
0.0
0.0
0.0
0.0
0.0
0.1288392079467616
0.6696652671320313
0.8038467370506507
0.864528344129778
0.0
0.0
0.0
0.0
0.0
0.0
0.0
0.0
0.9857393477556379
0.976369886744295
0.9687022762870621
0.9455170848447723
0.8542380846560348
0.7323481293302211
0.1906960762766545
0.0
0.0
0.0
0.0
0.0
0.1108146240887429
0.27762150872334646
0.8025195676374953
0.6622614787151028
0.0
0.0
0.0
0.0
0.0
0.0
0.0
0.0
0.9612314049089317
0.9594696073394479
0.8920446648176841
0.776307581524777
0.6372006128526895
0.07882337380939802
0.0
0.0
0.0
0.0
0.0
0.0
0.044206962772085516
0.0837828525348137
0.20584680467492167
0.0
0.0
0.0
0.0
0.0
0.0
0.0
0.0
0.0
0.957984267928735
0.9631468190999832
0.8868088078488384
0.6899253039680703
0.09441865800029806
0.0
0.0
0.0
0.0
0.0
0.0
0.0
0.05301677912288315
0.08165797790235607
0.10839607364092273
0.0
0.0
0.0
0.0
0.0
0.0
0.0
0.0
0.0
0.9212888680038342
0.9375519382889373
0.8461268432534733
0.6759473916500238
0.16540149448586935
0.0
0.0
0.0
0.0
0.0
0.0
0.03633861599497179
0.11075353897093121
0.1463008405778455
0.7316993186964671
0.7986904001963016
0.0
0.0
0.0
0.0
0.0
0.0
0.0
0.0
0.9733369490373889
0.9644700944243779
0.9361929377306338
0.8790062487506377
0.8404215442347281
0.7730150997455697
0.6445345270913121
0.4006541647276714
0.2493439677512608
0.0
0.1909170935791074
0.36683401607643046
0.6520836375075709
0.7294867838276105
0.8409720899293794
0.9140986076379195
0.0
0.0
0.0
0.0
0.0
0.0
0.0
0.0
0.9781563254237374
0.9731115028824647
0.9302998342437914
0.878754177961821
0.8218998151359453
0.777352985241768
0.7371409051574626
0.6534332482689101
0.5132525476549915
0.258312668879493
0.04822078774220073
0.0
0.521769402548527
0.7302842311303289
0.7925068537447097
0.8427310313921363
0.0
0.0
0.0
0.0
0.0
0.0
0.0
0.0
0.9834185119928937
0.97344972825425
0.9519732809121613
0.8613588225671875
0.6955917513838946
0.18025018955362165
0.0
0.0
0.0
0.0
0.0
0.0
0.09695089467238893
0.22081248379171828
0.18218456126978091
0.0
0.0
0.0
0.0
0.0
0.0
0.0
0.0
0.0
0.9801803026707118
0.9792480725476614
0.9613421197684877
0.9683040829633613
0.9061736458710137
0.8952371533660923
0.7794614890898977
0.7358556715540896
0.7136492766004328
0.7465642655455889
0.7025696884736682
0.8283251408368707
0.9325764537254467
0.9512243000178784
0.9681407757582277
0.9406497922248015
0.0
0.0
0.0
0.0
0.0
0.0
0.0
0.0
0.9805030750766082
0.970439601264846
0.9418053348562887
0.876369732886711
0.8311795858068668
0.7633120982666031
0.6752034681172753
0.49348944220164087
0.28358859770461714
0.0
0.0
0.09790507139382729
0.6199248011087095
0.7485610346103867
0.8596898810173874
0.8829822175956642
0.0
0.0
0.0
0.0
0.0
0.0
0.0
0.0
0.9629662810738936
0.9688362142527848
0.9244626831603295
0.876628333562805
0.8221895013957194
0.7401733280916393
0.6155507347159223
0.4672631086141357
0.13561123234406772
0.0
0.0
0.0
0.27048918657596693
0.6863125735186737
0.8193219185408401
0.8838830021596794
0.0
0.0
0.0
0.0
0.0
0.0
0.0
0.0
0.9733690071145308
0.9723064703359591
0.9186175898961284
0.8486068207777339
0.7397841189435156
0.4406741159844494
0.0
0.0
0.0
0.0
0.0
0.0
0.04403876435810293
0.08342919637244645
0.4562705909433112
0.7210231148422102
0.0
0.0
0.0
0.0
0.0
0.0
0.0
0.0
0.9703210552173193
0.9666660690436598
0.8874791610714271
0.5932219732180161
0.0
0.0
0.0
0.0
0.0
0.0
0.0
0.0
0.0
0.08918322259631074
0.16643919727425224
0.0
0.0
0.0
0.0
0.0
0.0
0.0
0.0
0.0
0.941856305446475
0.931181251122471
0.6616787623277912
0.0
0.0
0.0
0.0
0.0
0.0
0.0
0.0
0.0
0.0
0.0
0.0
0.11733729705469864
0.0
0.0
0.0
0.0
0.0
0.0
0.0
0.0
0.929722094412486
0.9179862154079056
0.7758508822770982
0.0
0.0
0.0
0.0
0.0
0.0
0.0
0.0
0.0
0.0
0.2616278974047315
0.13449699619480462
0.0
0.0
0.0
0.0
0.0
0.0
0.0
0.0
0.0
0.9351248018396341
0.9529657541488641
0.9279404388844867
0.8545052081435751
0.26932595893367384
0.0
0.0
0.0
0.0
0.0
0.0
0.0
0.16497258561459138
0.25224810903883294
0.08123981260476772
0.0
0.0
0.0
0.0
0.0
0.0
0.0
0.0
0.0
0.9125259352571413
0.9346606122758331
0.831229107357632
0.6019460323951317
0.08503503086665244
0.0
0.0
0.0
0.0
0.0
0.0
0.0
0.04450893111299433
0.08503472405227715
0.18834395992810704
0.0
0.0
0.0
0.0
0.0
0.0
0.0
0.0
0.0
0.936508960176593
0.9525496064663826
0.8680393578569171
0.6799524869029699
0.16985027408176645
0.0
0.0
0.0
0.0
0.0
0.0
0.0
0.04697823222996838
0.08995818812519181
0.13246152952346932
0.0
0.0
0.0
0.0
0.0
0.0
0.0
0.0
0.0
0.9629680857514428
0.955415910532171
0.9235599733499433
0.8254264837037661
0.742938984319484
0.6101356844587369
0.3224516814615248
0.0
0.0
0.0
0.0
0.0
0.49442794916519556
0.7711533690409971
0.829967902653354
0.83956445641608
0.0
0.0
0.0
0.0
0.0
0.0
0.0
0.0
0.9795555551378591
0.9659600662745865
0.9313786196967158
0.8435857577261046
0.7639799675152791
0.5703658589218377
0.08086830492000005
0.0
0.0
0.0
0.0
0.0
0.08228742412825849
0.11802249367388251
0.054416822901189744
0.0
0.0
0.0
0.0
0.0
0.0
0.0
0.0
0.0
0.9647763759352812
0.9558987448156899
0.8464154312666688
0.5661871007022695
0.07135645161739429
0.0
0.0
0.0
0.0
0.0
0.0
0.0
0.0
0.0
0.10073639485285034
0.0
0.0
0.0
0.0
0.0
0.0
0.0
0.0
0.0
0.8748489763606998
0.9072090671842532
0.5840977612992275
0.0
0.0
0.0
0.0
0.0
0.0
0.0
0.0
0.0
0.0
0.15693019580084586
0.23249343213782872
0.0
0.0
0.0
0.0
0.0
0.0
0.0
0.0
0.0
0.9558347197248064
0.9568602567633951
0.9117968681011126
0.8711861660092085
0.0
0.0
0.0
0.0
0.0
0.0
0.0
0.0
0.15143963345699377
0.20704402370820177
0.25136315760955436
0.0
0.0
0.0
0.0
0.0
0.0
0.0
0.0
0.0
0.928284907886551
0.9358131942555332
0.7420307104724604
0.008455423280885822
0.0
0.0
0.0
0.0
0.0
0.0
0.0
0.0
0.0
0.038280014616228736
0.19526819381865934
0.0748607314799226
0.0
0.0
0.0
0.0
0.0
0.0
0.0
0.0
0.9055955365090055
0.9117996657181097
0.4294612718400736
0.0
0.0
0.0
0.0
0.0
0.0
0.0
0.0
0.0
0.0
0.0
0.0
0.0
0.0
0.0
0.0
0.0
0.0
0.0
0.0
0.0
0.8413600875055748
0.8441059560578991
0.025459149693227556
0.0
0.0
0.0
0.0
0.0
0.0
0.0
0.0
0.0
0.0
0.0
0.0
0.0
0.0
0.0
0.0
0.0
0.0
0.0
0.0
0.0
0.6632783359684997
0.7885142693743655
0.0
0.0
0.0
0.0
0.0
0.0
0.0
0.0
0.0
0.0
0.0
0.0
0.0
0.0
0.0
0.0
0.0
0.0
0.0
0.0
0.0
0.0
0.37046293619152537
0.16583931739609534
0.0
0.0
0.0
0.0
0.0
0.0
0.0
0.0
0.0
0.0
0.0
0.0
0.0
0.0
0.0
0.0
0.0
0.0
0.0
0.0
0.0
0.0
0.7086403536998892
0.7754179229116818
0.0
0.0
0.0
0.0
0.0
0.0
0.0
0.0
0.0
0.0
0.0
0.0
0.0
0.0
0.0
0.0
0.0
0.0
0.0
0.0
0.0
0.0
0.7826739051889624
0.835727002843807
0.5744264660719489
0.0
0.0
0.0
0.0
0.0
0.0
0.0
0.0
0.0
0.0
0.0
0.0
0.0
0.0
0.0
0.0
0.0
0.0
0.0
0.0
0.0
0.36121197391402293
0.1669133194986329
0.0
0.0
0.0
0.0
0.0
0.0
0.0
0.0
0.0
0.0
0.0
0.0
0.0
0.0
0.0
0.0
0.0
0.0
0.0
0.0
0.0
0.0
0.09755464212365404
0.2559096393768867
0.0
0.0
0.0
0.0
0.0
0.0
0.0
0.0
0.0
0.0
0.0
0.04153302578847823
0.13969329977843237
0.0
0.0
0.0
0.0
0.0
0.0
0.0
0.0
0.0
0.894427768376556
0.9326084976853617
0.8252327870635355
0.46245821344590116
0.0
0.0
0.0
0.0
0.0
0.0
0.0
0.0
0.10134508431313076
0.14605854284164907
0.1985234101207661
0.0
0.0
0.0
0.0
0.0
0.0
0.0
0.0
0.0
0.969838635108349
0.9680312593079387
0.9226984127597992
0.8706749830118414
0.8212337277873809
0.760765474227686
0.7507854450480875
0.7475555354582042
0.7498980634682547
0.7329469743650131
0.6972689722414708
0.7105107171701294
0.7882732493492028
0.8474687758255797
0.8725887959852839
0.9036874448636214
0.0
0.0
0.0
0.0
0.0
0.0
0.0
0.0
0.974553916580089
0.9682786814140438
0.9069085086289546
0.8221619432612027
0.6974856682817195
0.30083716435700497
0.0
0.0
0.0
0.0
0.0
0.0
0.0
0.0
0.6031955308219386
0.5375863149236365
0.0
0.0
0.0
0.0
0.0
0.0
0.0
0.0
0.9670414180313786
0.9570066819989673
0.9227571082544443
0.7483673443095511
0.5419453964961194
0.1523258838063864
0.0
0.0
0.0
0.0
0.0
0.0
0.6298631418091283
0.9058075635382663
0.9323259375321211
0.9160058158830299
0.0
0.0
0.0
0.0
0.0
0.0
0.0
0.0
0.9801577282289734
0.9812035248214679
0.9707632755510793
0.9536436228492601
0.908769188508264
0.8589429009554411
0.6583737981212024
0.6471097414949265
0.4474028942470452
0.0
0.0
0.0
0.6990949025638504
0.788109927071949
0.8537399380540793
0.4926624837317542
0.0
0.0
0.0
0.0
0.0
0.0
0.0
0.0
0.9457838324157503
0.9379933915438262
0.8514252350128114
0.5367577672717221
0.07894696313937233
0.0
0.0
0.05008413269104969
0.04019323764047548
0.0
0.0
0.0
0.08509217925547727
0.0530528359984879
0.0
0.0
0.0
0.0
0.0
0.0
0.0
0.0
0.0
0.0
0.930751549233942
0.9197237240039993
0.8112177129278855
0.21588474943168112
0.0
0.0
0.0
0.0
0.0
0.0
0.0
0.0
0.0
0.11715275125810465
0.11447254151591231
0.0
0.0
0.0
0.0
0.0
0.0
0.0
0.0
0.0
0.8997513915251885
0.8807358335021157
0.6793027469411346
0.0
0.0
0.0
0.0
0.0
0.0
0.0
0.0
0.0
0.0
0.0
0.08830440388577024
0.0
0.0
0.0
0.0
0.0
0.0
0.0
0.0
0.0
0.5073105126998292
0.7997200460139378
0.07152577106647062
0.0
0.0
0.0
0.0
0.0
0.0
0.0
0.0
0.0
0.0
0.0
0.04498094746266976
0.0
0.0
0.0
0.0
0.0
0.0
0.0
0.0
0.0
0.8911136111079653
0.892902347046072
0.5270602827493641
0.0
0.0
0.0
0.0
0.0
0.0
0.0
0.0
0.0
0.0
0.0
0.046111688764497775
0.0
0.0
0.0
0.0
0.0
0.0
0.0
0.0
0.0
0.9332984623587692
0.9247346956797173
0.5882703146291268
0.0
0.0
0.0
0.0
0.0
0.0
0.0
0.0
0.0
0.0
0.0
0.0
0.0
0.0
0.0
0.0
0.0
0.0
0.0
0.0
0.0
0.3436205529784337
0.20017574892703302
0.10417191046420136
0.0
0.0
0.0
0.0
0.0
0.0
0.0
0.0
0.0
0.0
0.0
0.09087599214827231
0.0
0.0
0.0
0.0
0.0
0.0
0.0
0.0
0.0
0.45051920266084017
0.652843344266758
0.0
0.0
0.0
0.0
0.0
0.0
0.0
0.0
0.0
0.0
0.0
0.0
0.0
0.0
0.0
0.0
0.0
0.0
0.0
0.0
0.0
0.0
0.46811875396339947
0.6244898020110831
0.0
0.0
0.0
0.0
0.0
0.0
0.0
0.0
0.0
0.0
0.0
0.0
0.043502034915911265
0.0
0.0
0.0
0.0
0.0
0.0
0.0
0.0
0.0
0.8855489055885014
0.9122953947445908
0.6356916850580226
0.0
0.0
0.0
0.0
0.0
0.0
0.0
0.0
0.0
0.0
0.0
0.13963134081748743
0.0
0.0
0.0
0.0
0.0
0.0
0.0
0.0
0.0
0.9307937391822565
0.9030468378671328
0.6994331340217056
0.0
0.0
0.0
0.0
0.0
0.0
0.0
0.0
0.0
0.0
0.0
0.09946412457786398
0.0
0.0
0.0
0.0
0.0
0.0
0.0
0.0
0.0
0.8703308583348791
0.8991371914682041
0.6064053253180561
0.0
0.0
0.0
0.0
0.0
0.0
0.0
0.0
0.0
0.0
0.0
0.10607416222720284
0.0
0.0
0.0
0.0
0.0
0.0
0.0
0.0
0.0
0.8969000363919646
0.9099835369951573
0.2643657588611884
0.0
0.0
0.0
0.0
0.0
0.0
0.0
0.0
0.0
0.0
0.0
0.0
0.0
0.0
0.0
0.0
0.0
0.0
0.0
0.0
0.0
0.5390683715763936
0.7184534489882698
0.6675405916978322
0.0
0.0
0.0
0.0
0.0
0.0
0.0
0.0
0.0
0.0
0.19195625707134573
0.164610036110755
0.0
0.0
0.0
0.0
0.0
0.0
0.0
0.0
0.0
0.9337962026258715
0.950620246048495
0.9340728052033545
0.885693476546061
0.6012176754880757
0.0
0.0
0.0
0.0
0.0
0.0
0.0
0.2468231336262395
0.3033108413919456
0.6281863122294719
0.0
0.0
0.0
0.0
0.0
0.0
0.0
0.0
0.0
0.932242059527397
0.9471431159326615
0.8529971674933489
0.6958728469219755
0.45164467101806904
0.0
0.0
0.0
0.0
0.0
0.0
0.0
0.04282170819909352
0.03814188456113633
0.10403685307397346
0.0
0.0
0.0
0.0
0.0
0.0
0.0
0.0
0.0
0.9469037355280925
0.9230962147623704
0.8271859127311801
0.34134696946052495
0.0
0.0
0.0
0.0
0.0
0.0
0.0
0.0
0.04803282103981298
0.0
0.11482901052181456
0.0
0.0
0.0
0.0
0.0
0.0
0.0
0.0
0.0
0.92237506616972
0.8941668529130096
0.704631351266776
0.0
0.0
0.0
0.0
0.0
0.0
0.0
0.0
0.0
0.0
0.0
0.0
0.0
0.0
0.0
0.0
0.0
0.0
0.0
0.0
0.0
0.8523326433214404
0.7871977022017257
0.0
0.0
0.0
0.0
0.0
0.0
0.0
0.0
0.0
0.0
0.0
0.0
0.0
0.0
0.0
0.0
0.0
0.0
0.0
0.0
0.0
0.0
0.6203896924278612
0.1765953877779777
0.0
0.0
0.0
0.0
0.0
0.0
0.0
0.0
0.0
0.0
0.0
0.0
0.0
0.0
0.0
0.0
0.0
0.0
0.0
0.0
0.0
0.0
0.09914376108171644
0.21358532414929124
0.10806383305082073
0.0
0.0
0.0
0.0
0.0
0.0
0.0
0.0
0.0
0.0
0.0
0.0
0.0
0.0
0.0
0.0
0.0
0.0
0.0
0.0
0.0
0.4315801336680508
0.8100620102702615
0.20561445961990327
0.0
0.0
0.0
0.0
0.0
0.0
0.0
0.0
0.0
0.09686768658285452
0.11404802125413688
0.10274376638942377
0.0
0.0
0.0
0.0
0.0
0.0
0.0
0.0
0.0
0.9398444187520054
0.9446489871575738
0.8368807275163753
0.5516267990528431
0.0
0.0
0.0
0.0
0.0
0.0
0.0
0.0
0.04371001174706809
0.10866274994295635
0.10763361997279798
0.0
0.0
0.0
0.0
0.0
0.0
0.0
0.0
0.0
0.9537764475251146
0.9519893461148834
0.8583357021485849
0.6549298908617829
0.10120237431976861
0.0
0.0
0.0
0.0
0.0
0.0
0.0
0.04701067153759906
0.0851684988794532
0.13977036324559455
0.0
0.0
0.0
0.0
0.0
0.0
0.0
0.0
0.0
0.9429326715077186
0.9220508829743708
0.8326581802363664
0.4869904399295181
0.0
0.0
0.0
0.0
0.0
0.0
0.0
0.0
0.0
0.0
0.04831636860464729
0.06889771752858621
0.0
0.0
0.0
0.0
0.0
0.0
0.0
0.0
0.9302231723515949
0.8902123278129974
0.5893108771234727
0.0
0.0
0.0
0.0
0.0
0.0
0.0
0.0
0.0
0.0
0.0
0.0
0.0
0.0
0.0
0.0
0.0
0.0
0.0
0.0
0.0
0.7647040247642448
0.7709204938526757
0.0
0.0
0.0
0.0
0.0
0.0
0.0
0.0
0.0
0.0
0.0
0.0
0.0
0.0
0.0
0.0
0.0
0.0
0.0
0.0
0.0
0.0
0.8253523322303952
0.8103017881140445
0.20048358740221903
0.0
0.0
0.0
0.0
0.0
0.0
0.0
0.0
0.0
0.0
0.0
0.0669922429120766
0.0
0.0
0.0
0.0
0.0
0.0
0.0
0.0
0.0
0.5542127755002195
0.7585525257242509
0.0
0.0
0.0
0.0
0.0
0.0
0.0
0.0
0.0
0.0
0.0
0.0
0.0
0.0
0.0
0.0
0.0
0.0
0.0
0.0
0.0
0.0
0.45339558205771624
0.24803637042122034
0.0
0.0
0.0
0.0
0.0
0.0
0.0
0.0
0.0
0.0
0.0
0.0
0.0
0.0
0.0
0.0
0.0
0.0
0.0
0.0
0.0
0.0
0.4560069024263307
0.13592261553050272
0.0
0.0
0.0
0.0
0.0
0.0
0.0
0.0
0.0
0.0
0.0
0.0
0.0
0.0
0.0
0.0
0.0
0.0
0.0
0.0
0.0
0.0
0.08372369375451401
0.15366358692613677
0.0
0.0
0.0
0.0
0.0
0.0
0.0
0.0
0.0
0.0
0.0
0.0
0.0
0.0
0.0
0.0
0.0
0.0
0.0
0.0
0.0
0.0
0.5286609835164555
0.15848712785258437
0.0
0.0
0.0
0.0
0.0
0.0
0.0
0.0
0.0
0.0
0.0
0.0
0.0
0.0
0.0
0.0
0.0
0.0
0.0
0.0
0.0
0.0
0.11441273311942772
0.21969815058759523
0.0
0.0
0.0
0.0
0.0
0.0
0.0
0.0
0.0
0.0
0.0
0.0
0.0
0.0
0.0
0.0
0.0
0.0
0.0
0.0
0.0
0.0
0.12611564232506622
0.24204068007571747
0.10293159565522413
0.0
0.0
0.0
0.0
0.0
0.0
0.0
0.0
0.0
0.0
0.0
0.0
0.0
0.0
0.0
0.0
0.0
0.0
0.0
0.0
0.0
0.0772760394581643
0.1675149852887507
0.0
0.0
0.0
0.0
0.0
0.0
0.0
0.0
0.0
0.0
0.0
0.0
0.0
0.0
0.0
0.0
0.0
0.0
0.0
0.0
0.0
0.0
0.0968504130653731
0.13591727623031588
0.0
0.0
0.0
0.0
0.0
0.0
0.0
0.0
0.0
0.0
0.0
0.0
0.0
0.0
0.0
0.0
0.0
0.0
0.0
0.0
0.0
0.0
0.09249352661835908
0.16979086398851392
0.0
0.0
0.0
0.0
0.0
0.0
0.0
0.0
0.0
0.0
0.0
0.0
0.0
0.0
0.0
0.0
0.0
0.0
0.0
0.0
0.0
0.0
0.0942012588651478
0.1641164535484396
0.0
0.0
0.0
0.0
0.0
0.0
0.0
0.0
0.0
0.0
0.0
0.0
0.0
0.0
0.0
0.0
0.0
0.0
0.0
0.0
0.0
0.0
0.09113797496823794
0.13928335376647175
0.0
0.0
0.0
0.0
0.0
0.0
0.0
0.0
0.0
0.0
0.0
0.0
0.0
0.0
0.0
0.0
0.0
0.0
0.0
0.0
0.0
0.0
0.12550635551105893
0.23436448546692107
0.0
0.0
0.0
0.0
0.0
0.0
0.0
0.0
0.0
0.0
0.0
0.0
0.0
0.0
0.0
0.0
0.0
0.0
0.0
0.0
0.0
0.0
0.0
0.20848313869784624
0.10609827566617255
0.0
0.0
0.0
0.0
0.0
0.0
0.0
0.0
0.0
0.0
0.0
0.0
0.0
0.0
0.0
0.0
0.0
0.0
0.0
0.0
0.0
0.3730044015465502
0.1575480939134929
0.0
0.0
0.0
0.0
0.0
0.0
0.0
0.0
0.0
0.0
0.0
0.0
0.0
0.0
0.0
0.0
0.0
0.0
0.0
0.0
0.0
0.0
0.09176811626843495
0.17704099131178236
0.0
0.0
0.0
0.0
0.0
0.0
0.0
0.0
0.0
0.0
0.0
0.0
0.0
0.0
0.0
0.0
0.0
0.0
0.0
0.0
0.0
0.0
0.08494290944123799
0.16836302797604405
0.0
0.0
0.0
0.0
0.0
0.0
0.0
0.0
0.0
0.0
0.0
0.0
0.0
0.0
0.0
0.0
0.0
0.0
0.0
0.0
0.0
0.0
0.0
0.16717649664788387
0.0
0.0
0.0
0.0
0.0
0.0
0.0
0.0
0.0
0.0
0.0
0.0
0.0
0.0
0.0
0.0
0.0
0.0
0.0
0.0
0.0
0.0
0.07847027949882684
0.16563718102063416
0.0
0.0
0.0
0.0
0.0
0.0
0.0
0.0
0.0
0.0
0.0
0.0
0.0
0.0
0.0
0.0
0.0
0.0
0.0
0.0
0.0
0.0
0.31245532442071844
0.17688557366360028
0.0
0.0
0.0
0.0
0.0
0.0
0.0
0.0
0.0
0.0
0.0
0.0
0.0
0.0
0.0
0.0
0.0
0.0
0.0
0.0
0.0
0.0
0.11969407487069382
0.2123425053859154
0.0
0.0
0.0
0.0
0.0
0.0
0.0
0.0
0.0
0.0
0.0
0.0
0.0
0.0
0.0
0.0
0.0
0.0
0.0
0.0
0.0
0.0
0.0926418898474847
0.14131701853539966
0.0
0.0
0.0
0.0
0.0
0.0
0.0
0.0
0.0
0.0
0.0
0.0
0.0
0.0
0.0
0.0
0.0
0.0
0.0
0.0
0.0
0.0
0.10514933656365513
0.0
0.0
0.0
0.0
0.0
0.0
0.0
0.0
0.0
0.0
0.0
0.0
0.0
0.0
0.0
0.0
0.0
0.0
0.0
0.0
0.0
0.0
0.0
0.0
0.12542337092803413
0.0
0.0
0.0
0.0
0.0
0.0
0.0
0.0
0.0
0.0
0.0
0.0
0.0
0.0
0.0
0.0
0.0
0.0
0.0
0.0
0.0
0.0
0.0
0.05710556339915574
0.0
0.0
0.0
0.0
0.0
0.0
0.0
0.0
0.0
0.0
0.0
0.0
0.0
0.0
0.0
0.0
0.0
0.0
0.0
0.0
0.0
0.0
0.09345831521112283
0.1530045972777383
0.0
0.0
0.0
0.0
0.0
0.0
0.0
0.0
0.0
0.0
0.0
0.0
0.0
0.0
0.0
0.0
0.0
0.0
0.0
0.0
0.0
0.0
0.11862417398735493
0.22006774860179476
0.0
0.0
0.0
0.0
0.0
0.0
0.0
0.0
0.0
0.0
0.0
0.0
0.0
0.0
0.0
0.0
0.0
0.0
0.0
0.0
0.0
0.0
0.10638640101158703
0.22278567535594812
0.0
0.0
0.0
0.0
0.0
0.0
0.0
0.0
0.0
0.0
0.0
0.0
0.0
0.0
0.0
0.0
0.0
0.0
0.0
0.0
0.0
0.0
0.27134641058124254
0.13424566420833808
0.0
0.0
0.0
0.0
0.0
0.0
0.0
0.0
0.0
0.0
0.0
0.0
0.0
0.0
0.0
0.0
0.0
0.0
0.0
0.0
0.0
0.0
0.20339575842028473
0.17133718724433197
0.0
0.0
0.0
0.0
0.0
0.0
0.0
0.0
0.0
0.0
0.0
0.0
0.0
0.0
0.0
0.0
0.0
0.0
0.0
0.0
0.0
0.0
0.0
0.1918445647450205
0.0
0.0
0.0
0.0
0.0
0.0
0.0
0.0
0.0
0.0
0.0
0.0
0.0
0.0
0.0
0.0
0.0
0.0
0.0
0.0
0.0
0.0
0.10210551957252893
0.13539668220793308
0.0
0.0
0.0
0.0
0.0
0.0
0.0
0.0
0.0
0.0
0.0
0.0
0.0
0.0
0.0
0.0
0.0
0.0
0.0
0.0
0.0
0.0
0.1042907252547496
0.14654350049985687
0.0
0.0
0.0
0.0
0.0
0.0
0.0
0.0
0.0
0.0
0.0
0.0
0.0
0.0
0.0
0.0
0.0
0.0
0.0
0.0
0.0
0.0
0.11892268820494524
0.23595940787601402
0.0
0.0
0.0
0.0
0.0
0.0
0.0
0.0
0.0
0.0
0.0
0.0
0.0
0.0
0.0
0.0
0.0
0.0
0.0
0.0
0.0
0.0
0.1284585087263004
0.16596863253732452
0.16508775891139776
0.0
0.0
0.0
0.0
0.0
0.0
0.0
0.0
0.0
0.0
0.0
0.0
0.0
0.0
0.0
0.0
0.0
0.0
0.0
0.0
0.0
0.08527621821848722
0.1732923745401896
0.0
0.0
0.0
0.0
0.0
0.0
0.0
0.0
0.0
0.0
0.0
0.0
0.0
0.0
0.0
0.0
0.0
0.0
0.0
0.0
0.0
0.0
0.10394325354382777
0.17661128992896843
0.0
0.0
0.0
0.0
0.0
0.0
0.0
0.0
0.0
0.0
0.0
0.0
0.0
0.0
0.0
0.0
0.0
0.0
0.0
0.0
0.0
0.0
0.0
0.18228922336351172
0.0
0.0
0.0
0.0
0.0
0.0
0.0
0.0
0.0
0.0
0.0
0.0
0.0
0.0
0.0
0.0
0.0
0.0
0.0
0.0
0.0
0.0
0.3662806109424563
0.1315408410819884
0.0
0.0
0.0
0.0
0.0
0.0
0.0
0.0
0.0
0.0
0.0
0.0
0.0
0.0
0.0
0.0
0.0
0.0
0.0
0.0
0.0
0.0
0.45753952687433225
0.17158171261157198
0.0
0.0
0.0
0.0
0.0
0.0
0.0
0.0
0.0
0.0
0.0
0.0
0.0
0.0
0.0
0.0
0.0
0.0
0.0
0.0
0.0
0.0
0.1005062561394695
0.24530079998037937
0.0
0.0
0.0
0.0
0.0
0.0
0.0
0.0
0.0
0.0
0.0
0.0
0.0
0.0
0.0
0.0
0.0
0.0
0.0
0.0
0.0
0.0
0.11545146785990826
0.22052351950362106
0.0
0.0
0.0
0.0
0.0
0.0
0.0
0.0
0.0
0.0
0.0
0.0
0.0
0.0
0.0
0.0
0.0
0.0
0.0
0.0
0.0
0.0
0.09996482280943712
0.1386176132330384
0.0
0.0
0.0
0.0
0.0
0.0
0.0
0.0
0.0
0.0
0.0
0.0
0.0
0.0
0.0
0.0
0.0
0.0
0.0
0.0
0.0
0.0
0.07915595706900276
0.18196617913468713
0.0
0.0
0.0
0.0
0.0
0.0
0.0
0.0
0.0
0.0
0.0
0.0
0.0
0.0
0.0
0.0
0.0
0.0
0.0
0.0
0.0
0.0
0.07331762418838866
0.19020520477800257
0.0
0.0
0.0
0.0
0.0
0.0
0.0
0.0
0.0
0.0
0.0
0.0
0.0
0.0
0.0
0.0
0.0
0.0
0.0
0.0
0.0
0.0
0.09133708222302435
0.1873791000651029
0.0
0.0
0.0
0.0
0.0
0.0
0.0
0.0
0.0
0.0
0.0
0.0
0.0
0.0
0.0
0.0
0.0
0.0
0.0
0.0
0.0
0.0
0.09980526460574973
0.1719115300628143
0.0
0.0
0.0
0.0
0.0
0.0
0.0
0.0
0.0
0.0
0.0
0.0
0.0
0.0
0.0
0.0
0.0
0.0
0.0
0.0
0.0
0.0
0.123290083722675
0.15328798771006594
0.0
0.0
0.0
0.0
0.0
0.0
0.0
0.0
0.0
0.0
0.0
0.0
0.0
0.0
0.0
0.0
0.0
0.0
0.0
0.0
0.0
0.0
0.0
0.0
0.0
0.0
0.0
0.0
0.0
0.0
0.0
0.0
0.0
0.0
0.0
0.0
0.0
0.0
0.0
0.0
0.0
0.0
0.0
0.0
0.0
0.0
0.09550094043328523
0.18944210995027608
0.0
0.0
0.0
0.0
0.0
0.0
0.0
0.0
0.0
0.0
0.0
0.0
0.0
0.0
0.0
0.0
0.0
0.0
0.0
0.0
0.0
0.0
0.08660875506934962
0.19400822082018715
0.0
0.0
0.0
0.0
0.0
0.0
0.0
0.0
0.0
0.0
0.0
0.0
0.0
0.0
0.0
0.0
0.0
0.0
0.0
0.0
0.0
0.0
0.0
0.14252233179267856
0.0
0.0
0.0
0.0
0.0
0.0
0.0
0.0
0.0
0.0
0.0
0.0
0.0
0.0
0.0
0.0
0.0
0.0
0.0
0.0
0.0
0.0
0.0
0.10768583860885224
0.0
0.0
0.0
0.0
0.0
0.0
0.0
0.0
0.0
0.0
0.0
0.0
0.0
0.0
0.0
0.0
0.0
0.0
0.0
0.0
0.0
0.0
0.07994274626393334
0.1778261061593034
0.0
0.0
0.0
0.0
0.0
0.0
0.0
0.0
0.0
0.0
0.0
0.0
0.0
0.0
0.0
0.0
0.0
0.0
0.0
0.0
0.0
0.0
0.0
0.19303254925972496
0.0
0.0
0.0
0.0
0.0
0.0
0.0
0.0
0.0
0.0
0.0
0.0
0.0
0.0
0.0
0.0
0.0
0.0
0.0
0.0
0.0
0.0
0.0
0.0
0.0
0.0
0.0
0.0
0.0
0.0
0.0
0.0
0.0
0.0
0.0
0.0
0.0
0.0
0.0
0.0
0.0
0.0
0.0
0.0
0.0
0.0
0.0
0.073698563837385
0.0
0.0
0.0
0.0
0.0
0.0
0.0
0.0
0.0
0.0
0.0
0.0
0.0
0.0
0.0
0.0
0.0
0.0
0.0
0.0
0.0
0.0
0.0
0.15205345854094232
0.0
0.0
0.0
0.0
0.0
0.0
0.0
0.0
0.0
0.0
0.0
0.0
0.0
0.0
0.0
0.0
0.0
0.0
0.0
0.0
0.0
0.0
0.0
0.19094766705295152
0.0
0.0
0.0
0.0
0.0
0.0
0.0
0.0
0.0
0.0
0.0
0.0
0.0
0.0
0.0
0.0
0.0
0.0
0.0
0.0
0.0
0.0
0.09450647730173992
0.15472729570742197
0.0
0.0
0.0
0.0
0.0
0.0
0.0
0.0
0.0
0.0
0.0
0.0
0.0
0.0
0.0
0.0
0.0
0.0
0.0
0.0
0.0
0.0
0.08788829107976884
0.1381728004444352
0.0
0.0
0.0
0.0
0.0
0.0
0.0
0.0
0.0
0.0
0.0
0.0
0.0
0.0
0.0
0.0
0.0
0.0
0.0
0.0
0.0
0.0
0.10298323764997763
0.3128399873612311
0.0
0.0
0.0
0.0
0.0
0.0
0.0
0.0
0.0
0.0
0.0
0.0
0.0
0.0
0.0
0.0
0.0
0.0
0.0
0.0
0.0
0.0
0.10651816182538486
0.17800789111606138
0.0
0.0
0.0
0.0
0.0
0.0
0.0
0.0
0.0
0.0
0.0
0.0
0.0
0.0
0.0
0.0
0.0
0.0
0.0
0.0
0.0
0.0
0.0685813624742387
0.19419528204737033
0.0
0.0
0.0
0.0
0.0
0.0
0.0
0.0
0.0
0.0
0.0
0.0
0.0
0.0
0.0
0.0
0.0
0.0
0.0
0.0
0.0
0.0
0.7135245145745319
0.8428213453308668
0.12108090740851009
0.0
0.0
0.0
0.0
0.0
0.0
0.0
0.0
0.0
0.0
0.0
0.0
0.0
0.0
0.0
0.0
0.0
0.0
0.0
0.0
0.0
0.8719919833941773
0.8827974897497517
0.1329202440242421
0.0
0.0
0.0
0.0
0.0
0.0
0.0
0.0
0.0
0.0
0.0
0.0
0.0
0.0
0.0
0.0
0.0
0.0
0.0
0.0
0.0
0.7877585625933061
0.6955902768761447
0.0
0.0
0.0
0.0
0.0
0.0
0.0
0.0
0.0
0.0
0.0
0.0
0.0
0.0
0.0
0.0
0.0
0.0
0.0
0.0
0.0
0.0
0.438366430387919
0.398577428599398
0.0
0.0
0.0
0.0
0.0
0.0
0.0
0.0
0.0
0.0
0.0
0.0
0.0
0.0
0.0
0.0
0.0
0.0
0.0
0.0
0.0
0.0
0.0
0.1685965847940514
0.0
0.0
0.0
0.0
0.0
0.0
0.0
0.0
0.0
0.0
0.0
0.0
0.0
0.0
0.0
0.0
0.0
0.0
0.0
0.0
0.0
0.0
0.0
0.0
0.17307262140542887
0.0
0.0
0.0
0.0
0.0
0.0
0.0
0.0
0.0
0.0
0.0
0.0
0.0
0.0
0.0
0.0
0.0
0.0
0.0
0.0
0.0
0.0862334096945033
0.16897311210406182
0.0
0.0
0.0
0.0
0.0
0.0
0.0
0.0
0.0
0.0
0.0
0.0
0.0
0.0
0.0
0.0
0.0
0.0
0.0
0.0
0.0
0.0
0.0
0.1558590188715881
0.0
0.0
0.0
0.0
0.0
0.0
0.0
0.0
0.0
0.0
0.0
0.0
0.0
0.0
0.0
0.0
0.0
0.0
0.0
0.0
0.0
0.0
0.0
0.18906343071053983
0.0
0.0
0.0
0.0
0.0
0.0
0.0
0.0
0.0
0.0
0.0
0.0
0.0
0.0
0.0
0.0
0.0
0.0
0.0
0.0
0.0
0.0
0.0
0.17185768097283408
0.0
0.0
0.0
0.0
0.0
0.0
0.0
0.0
0.0
0.0
0.0
0.0
0.0
0.0
0.0
0.0
0.0
0.0
0.0
0.0
0.0
0.0
0.7426092976092733
0.8333663870867439
0.0
0.0
0.0
0.0
0.0
0.0
0.0
0.0
0.0
0.0
0.0
0.0
0.0
0.0
0.0
0.0
0.0
0.0
0.0
0.0
0.0
0.0
0.5392594032403719
0.6448438898032824
0.0
0.0
0.0
0.0
0.0
0.0
0.0
0.0
0.0
0.0
0.0
0.0
0.0
0.0
0.0
0.0
0.0
0.0
0.0
0.0
0.0
0.0
0.2551973266239305
0.28347504275320484
0.0
0.0
0.0
0.0
0.0
0.0
0.0
0.0
0.0
0.0
0.0
0.0
0.0
0.0
0.0
0.0
0.0
0.0
0.0
0.0
0.0
0.0
0.2231114154205088
0.2036801029138679
0.0
0.0
0.0
0.0
0.0
0.0
0.0
0.0
0.0
0.0
0.0
0.0
0.0
0.0
0.0
0.0
0.0
0.0
0.0
0.0
0.0
0.0
0.2913990674909457
0.158963596870736
0.0
0.0
0.0
0.0
0.0
0.0
0.0
0.0
0.0
0.0
0.0
0.0
0.0
0.0
0.0
0.0
0.0
0.0
0.0
0.0
0.0
0.0
0.06579960544537744
0.1719351007753147
0.0
0.0
0.0
0.0
0.0
0.0
0.0
0.0
0.0
0.0
0.0
0.0
0.0
0.0
0.0
0.0
0.0
0.0
0.0
0.0
0.0
0.0
0.09218683552386059
0.16728116548967767
0.0
0.0
0.0
0.0
0.0
0.0
0.0
0.0
0.0
0.0
0.0
0.0
0.0
0.0
0.0
0.0
0.0
0.0
0.0
0.0
0.0
0.0
0.0
0.17921663243432592
0.0
0.0
0.0
0.0
0.0
0.0
0.0
0.0
0.0
0.0
0.0
0.0
0.0
0.0
0.0
0.0
0.0
0.0
0.0
0.0
0.0
0.0
0.0
0.17675927104352585
0.0
0.0
0.0
0.0
0.0
0.0
0.0
0.0
0.0
0.0
0.0
0.0
0.0
0.0
0.0
0.0
0.0
0.0
0.0
0.0
0.0
0.0
0.11804889583162055
0.18157992454974647
0.0
0.0
0.0
0.0
0.0
0.0
0.0
0.0
0.0
0.0
0.0
0.0
0.0
0.0
0.0
0.0
0.0
0.0
0.0
0.0
0.0
0.0
0.11176495127321671
0.2467265347544725
0.0
0.0
0.0
0.0
0.0
0.0
0.0
0.0
0.0
0.09560848136348567
0.0
0.0
0.06756421044548451
0.0
0.0
0.0
0.0
0.0
0.0
0.0
0.0
0.0
0.27674997114459454
0.7124259762844141
0.0
0.0
0.0
0.0
0.0
0.0
0.0
0.0
0.0
0.0
0.0
0.0
0.0
0.0
0.0
0.0
0.0
0.0
0.0
0.0
0.0
0.0
0.5359652218126323
0.7860752600746833
0.0
0.0
0.0
0.0
0.0
0.0
0.0
0.0
0.0
0.0
0.0
0.0
0.0
0.0
0.0
0.0
0.0
0.0
0.0
0.0
0.0
0.0
0.8373725856579392
0.8588087292364416
0.0
0.0
0.0
0.0
0.0
0.0
0.0
0.0
0.0
0.0
0.0
0.0
0.0
0.0
0.0
0.0
0.0
0.0
0.0
0.0
0.0
0.0
0.673263008732027
0.8532673414525468
0.07824485363870302
0.0
0.0
0.0
0.0
0.0
0.0
0.0
0.0
0.0
0.0
0.0
0.0
0.0
0.0
0.0
0.0
0.0
0.0
0.0
0.0
0.0
0.6986555359172095
0.8943731898526014
0.20888332256751388
0.0
0.0
0.0
0.0
0.0
0.0
0.0
0.0
0.0
0.0
0.0
0.0
0.0
0.0
0.0
0.0
0.0
0.0
0.0
0.0
0.0
0.0
0.27099577003655834
0.0
0.0
0.0
0.0
0.0
0.0
0.0
0.0
0.0
0.0
0.0
0.0
0.08537408557739204
0.0
0.0
0.0
0.0
0.0
0.0
0.0
0.0
0.0
0.898393255485881
0.8740996675425988
0.2184419807367637
0.0
0.0
0.0
0.0
0.0
0.0
0.0
0.0
0.0
0.0
0.0
0.0
0.0
0.0
0.0
0.0
0.0
0.0
0.0
0.0
0.0
0.4060719159922181
0.7692763887380719
0.0
0.0
0.0
0.0
0.0
0.0
0.0
0.0
0.0
0.0
0.0
0.0
0.14011514723610394
0.0
0.0
0.0
0.0
0.0
0.0
0.0
0.0
0.0
0.8999174383527849
0.8885472171724361
0.6544005741136502
0.0
0.0
0.0
0.0
0.0
0.0
0.0
0.0
0.0
0.044931396823524025
0.0
0.10646994119792255
0.0
0.0
0.0
0.0
0.0
0.0
0.0
0.0
0.0
0.9118301748799287
0.8978253732273799
0.7666896688312365
0.08965900390124747
0.0
0.0
0.0
0.0
0.0
0.0
0.0
0.0
0.0
0.0
0.04850348408546961
0.06990059055379727
0.0
0.0
0.0
0.0
0.0
0.0
0.0
0.0
0.87501899972089
0.8806620920362155
0.5467815176408534
0.0
0.0
0.0
0.0
0.0
0.0
0.0
0.0
0.0
0.0
0.0
0.0
0.0
0.0
0.0
0.0
0.0
0.0
0.0
0.0
0.0
0.38769202866761004
0.804173320817856
0.35636935520094604
0.0
0.0
0.0
0.0
0.0
0.0
0.0
0.0
0.0
0.0
0.0612868668048483
0.16478630443305226
0.08803720736620664
0.0
0.0
0.0
0.0
0.0
0.0
0.0
0.0
0.9114179590296256
0.9337047318720973
0.8699403492502661
0.29005591840765266
0.0
0.0
0.0
0.0
0.0
0.0
0.0
0.0
0.0
0.09538501140369719
0.3133132087877137
0.0
0.0
0.0
0.0
0.0
0.0
0.0
0.0
0.0
0.8960593862060628
0.9213571827125678
0.5404355427403345
0.0
0.0
0.0
0.0
0.0
0.0
0.0
0.0
0.0
0.0
0.0
0.042718979490317624
0.0
0.0
0.0
0.0
0.0
0.0
0.0
0.0
0.0
0.8438356388628281
0.8944666543450882
0.2949856242012803
0.0
0.0
0.0
0.0
0.0
0.0
0.0
0.0
0.0
0.0
0.0
0.0
0.0
0.0
0.0
0.0
0.0
0.0
0.0
0.0
0.0
0.8263495905885432
0.8796573347211839
0.04811539380615028
0.0
0.0
0.0
0.0
0.0
0.0
0.0
0.0
0.0
0.0
0.0
0.0
0.0
0.0
0.0
0.0
0.0
0.0
0.0
0.0
0.0
0.8503655201922422
0.8257632208383512
0.0
0.0
0.0
0.0
0.0
0.0
0.0
0.0
0.0
0.0
0.0
0.0
0.0
0.0
0.0
0.0
0.0
0.0
0.0
0.0
0.0
0.0
0.8219423659847528
0.890502171438816
0.19814140686718767
0.0
0.0
0.0
0.0
0.0
0.0
0.0
0.0
0.0
0.0
0.0
0.0
0.0
0.0
0.0
0.0
0.0
0.0
0.0
0.0
0.0
0.1276237767652944
0.7630170365963439
0.0
0.0
0.0
0.0
0.0
0.0
0.0
0.0
0.0
0.0
0.056968641037640995
0.27901971205094606
0.05746429959144456
0.0
0.0
0.0
0.0
0.0
0.0
0.0
0.0
0.0
0.9287547278646019
0.939087941862924
0.7681042279120066
0.0
0.0
0.0
0.0
0.0
0.0
0.0
0.0
0.0
0.0
0.0
0.08230729195536889
0.0
0.0
0.0
0.0
0.0
0.0
0.0
0.0
0.0
0.8042126518139014
0.8370303065176573
0.140431907821091
0.0
0.0
0.0
0.0
0.0
0.0
0.0
0.0
0.0
0.0
0.0
0.0
0.0
0.0
0.0
0.0
0.0
0.0
0.0
0.0
0.0
0.6323732328753782
0.7967403792482012
0.0
0.0
0.0
0.0
0.0
0.0
0.0
0.0
0.0
0.0
0.0
0.0
0.0
0.0
0.0
0.0
0.0
0.0
0.0
0.0
0.0
0.0
0.6546783518420897
0.8040818425170673
0.0
0.0
0.0
0.0
0.0
0.0
0.0
0.0
0.0
0.0
0.0
0.0
0.0
0.0
0.0
0.0
0.0
0.0
0.0
0.0
0.0
0.0
0.3880739370187615
0.6594039436994495
0.0
0.0
0.0
0.0
0.0
0.0
0.0
0.0
0.0
0.0
0.0
0.0
0.0
0.0
0.0
0.0
0.0
0.0
0.0
0.0
0.0
0.0
0.8466719180069883
0.9007960340564244
0.3278949367907853
0.0
0.0
0.0
0.0
0.0
0.0
0.0
0.0
0.0
0.0
0.0
0.17192890206799033
0.0
0.0
0.0
0.0
0.0
0.0
0.0
0.0
0.0
0.9376816530375688
0.9189649257055134
0.721781932519701
0.0
0.0
0.0
0.0
0.0
0.0
0.0
0.0
0.0
0.0
0.14881657523260375
0.2559335094678505
0.0
0.0
0.0
0.0
0.0
0.0
0.0
0.0
0.0
0.8266677969977619
0.8581040224342044
0.5717164759646265
0.0
0.0
0.0
0.0
0.0
0.0
0.0
0.0
0.0
0.0
0.0
0.0
0.0
0.0
0.0
0.0
0.0
0.0
0.0
0.0
0.0
0.0
0.24706859641184703
0.0
0.0
0.0
0.0
0.0
0.0
0.0
0.0
0.0
0.0
0.0
0.0
0.0
0.0
0.0
0.0
0.0
0.0
0.0
0.0
0.0
0.0
0.6960065280693436
0.8543485812170937
0.16221811299053532
0.0
0.0
0.0
0.0
0.0
0.0
0.0
0.0
0.0
0.0
0.0
0.08726194998406502
0.0
0.0
0.0
0.0
0.0
0.0
0.0
0.0
0.0
0.6208835730304143
0.8463784255135736
0.02787705426878274
0.0
0.0
0.0
0.0
0.0
0.0
0.0
0.0
0.0
0.0
0.0
0.0
0.0
0.0
0.0
0.0
0.0
0.0
0.0
0.0
0.0
0.5559908502822769
0.7981310786472218
0.08801632089196046
0.0
0.0
0.0
0.0
0.0
0.0
0.0
0.0
0.0
0.0
0.0
0.0
0.0
0.0
0.0
0.0
0.0
0.0
0.0
0.0
0.0
0.4735071950965772
0.8358625388222084
0.14868657498913723
0.0
0.0
0.0
0.0
0.0
0.0
0.0
0.0
0.0
0.0
0.09639751899221909
0.11100878037493518
0.0
0.0
0.0
0.0
0.0
0.0
0.0
0.0
0.0
0.9515427106478841
0.9536691203296714
0.9303768531894158
0.8121552406965734
0.6303998254703037
0.08014907250183027
0.0
0.0
0.0
0.0
0.0
0.0
0.4546164805963976
0.8361538613737626
0.8593446115282378
0.8850364526964736
0.0
0.0
0.0
0.0
0.0
0.0
0.0
0.0
0.9824084300240032
0.9757146628654106
0.9718985340731335
0.9645981785429609
0.892270191079288
0.8679132021909904
0.5876229824024949
0.17818355533872662
0.0
0.0
0.0
0.0
0.6675025361363653
0.8352617865053111
0.8695966496771015
0.8347943213432356
0.0
0.0
0.0
0.0
0.0
0.0
0.0
0.0
0.9786181139663334
0.9773194308173173
0.9538018549623185
0.9536418528435974
0.8533220503943303
0.6794548392204434
0.0
0.0
0.0
0.0
0.0
0.0
0.24033467809008285
0.2762801689714838
0.5848654013455693
0.0
0.0
0.0
0.0
0.0
0.0
0.0
0.0
0.0
0.9223098313539074
0.9137236314683692
0.7947665135611008
0.06794156752247972
0.0
0.0
0.0
0.0
0.0
0.0
0.0
0.07280486972605624
0.11993403779122544
0.053381649962687086
0.0484118019459219
0.0
0.0
0.0
0.0
0.0
0.0
0.0
0.0
0.0
0.9612245043641567
0.9587258989858748
0.9326614590229221
0.8743212206923668
0.8551829193920901
0.788893399915144
0.726167151497038
0.6312960306567615
0.5235060310623696
0.5781195891984044
0.7573339239059574
0.7614763571170459
0.8146542994562115
0.844494177620572
0.8889870425564146
0.8798507389425063
0.0
0.0
0.0
0.0
0.0
0.0
0.0
0.0
0.975069124748518
0.9663762488792695
0.939613452403815
0.8818474144808915
0.8610222000748821
0.7730371355487914
0.6780395115572003
0.5510606851016158
0.3065117445436942
0.0
0.07254777097396252
0.4058452235865542
0.6668745280012434
0.7320610953724457
0.8269683057468533
0.8285308807964347
0.0
0.0
0.0
0.0
0.0
0.0
0.0
0.0
0.9709513209392092
0.963083864075077
0.9319319350532208
0.8370476696648552
0.7671213432066343
0.6044855490354414
0.27993776853816515
0.0
0.0
0.0
0.0
0.0
0.04672731161281738
0.553543338255131
0.8183884689297852
0.8178381772187668
0.0
0.0
0.0
0.0
0.0
0.0
0.0
0.0
0.9728093805072324
0.9788696382958412
0.9418286753045139
0.8608031896983389
0.6452060889375208
0.0431991716735936
0.0
0.0
0.0
0.0
0.0
0.0
0.22085529920418492
0.5364931295850754
0.7961526789933467
0.7899275113202205
0.0
0.0
0.0
0.0
0.0
0.0
0.0
0.0
0.9808997142693412
0.9796789171113232
0.9567884401254994
0.9426761131672259
0.7092897426718772
0.3103685504602956
0.0
0.0
0.0
0.0
0.0
0.0
0.2613238590909037
0.747031288052961
0.818793229532499
0.7538913662942657
0.0
0.0
0.0
0.0
0.0
0.0
0.0
0.0
0.9514855451862546
0.9596894303744771
0.8822888048405055
0.43436456958437913
0.0
0.0
0.0
0.0
0.0
0.0
0.0
0.0
0.13021496790231413
0.14061623485639813
0.1306085467753301
0.0
0.0
0.0
0.0
0.0
0.0
0.0
0.0
0.0
0.9574514967210195
0.9595029030355378
0.8811833892532493
0.55655189231285
0.0
0.0
0.0
0.0
0.0
0.0
0.0
0.0
0.10251501206976694
0.14919343286240822
0.26416500014942335
0.0
0.0
0.0
0.0
0.0
0.0
0.0
0.0
0.0
0.9588695630179697
0.961670631751388
0.8728909633242279
0.5095654368027648
0.0
0.0
0.0
0.0
0.0
0.0
0.0
0.0
0.04216211601006495
0.13999694011587374
0.11533850012162555
0.0
0.0
0.0
0.0
0.0
0.0
0.0
0.0
0.0
0.9601068343659421
0.9524250597739613
0.8972549291089753
0.5895602031459157
0.0
0.0
0.0
0.0
0.0
0.0
0.0
0.0
0.16288925423250677
0.1746423290734144
0.17443190244013335
0.0
0.0
0.0
0.0
0.0
0.0
0.0
0.0
0.0
0.9055019522826541
0.941679580747648
0.8109539195577682
0.16452126153525573
0.0
0.0
0.0
0.0
0.0
0.0
0.0
0.07254709236410216
0.1076998006495515
0.12612635302681707
0.2256919416569904
0.0
0.0
0.0
0.0
0.0
0.0
0.0
0.0
0.0
0.9755917616659675
0.9688405900019584
0.9473148721794407
0.8045167706951546
0.23004715012086735
0.0
0.0
0.0
0.0
0.0
0.0
0.0794086174474678
0.18394789916705495
0.3941457245790586
0.5891525539877562
0.0
0.0
0.0
0.0
0.0
0.0
0.0
0.0
0.0
0.9702421342922678
0.9751653368474482
0.9476605462369923
0.9379760032019572
0.7220665198094625
0.2017607533980093
0.0
0.0
0.0
0.0
0.0
0.0
0.24168988328660226
0.6083657149567524
0.7974653883236087
0.4971303822668006
0.0
0.0
0.0
0.0
0.0
0.0
0.0
0.0
0.9612891392964829
0.9616774232770625
0.8991139140107953
0.7975435135011147
0.49529203853017656
0.0
0.0
0.0
0.0
0.0
0.0
0.03458332632373874
0.09688020414209979
0.050066789067684726
0.22999667646375757
0.0
0.0
0.0
0.0
0.0
0.0
0.0
0.0
0.0
0.9548685149828245
0.9539265365976443
0.9248955357968283
0.8512966025230696
0.8084965574281132
0.7354438404320057
0.6827722682332007
0.6022229030855687
0.535946913171009
0.5424847502535207
0.6209786697928538
0.7257671054243172
0.8371439567345695
0.8524072238880381
0.8871767499797344
0.9256093208016422
0.0
0.0
0.0
0.0
0.0
0.0
0.0
0.0
0.9758312554827273
0.9736033066335866
0.9363732248232913
0.8985987119741721
0.8616380916765334
0.798309414870333
0.7091106124736924
0.605912203558738
0.4353810968731283
0.055232596189270886
0.33410477525505844
0.5258976837208429
0.7130335902908966
0.7778232506306285
0.8494717676678641
0.8414963126877136
0.0
0.0
0.0
0.0
0.0
0.0
0.0
0.0
0.9824935202593029
0.9757148818017576
0.9547376660601712
0.900891185623931
0.8702607770892525
0.8153563901025447
0.7177656938252001
0.5893991307533948
0.37973142697556994
0.11704300600852145
0.3793385982771982
0.6316630711633964
0.7877942242395843
0.8739924250579517
0.9026232381640522
0.9413154150127624
0.0
0.0
0.0
0.0
0.0
0.0
0.0
0.0
0.9838476047234843
0.9768260909086182
0.9569434003843982
0.9045083279618885
0.8791060748145851
0.8234784874373701
0.701528998634887
0.49427602483637756
0.14327149250761329
0.0
0.0
0.3631134761985199
0.706400407698706
0.8328906792684739
0.9040886667292785
0.9414907515166916
0.0
0.0
0.0
0.0
0.0
0.0
0.0
0.0
0.9874775011424086
0.9853000418243028
0.9633040346990649
0.9155112022487154
0.8432731959140756
0.6801715992905129
0.398014457637804
0.0
0.0
0.0
0.0
0.0
0.5558094338186466
0.8691886136627354
0.9057470133366841
0.9268229726214585
0.0
0.0
0.0
0.0
0.0
0.0
0.0
0.0
0.9886847855167923
0.986977396694955
0.9723270971989645
0.972989283163369
0.9135752304254138
0.9101369114431355
0.8236044051120565
0.7429425386737412
0.6037365649025044
0.31049730388946256
0.46476210965184966
0.8021433028236673
0.8875131890153108
0.9368788667802576
0.9643060960311639
0.9564771666939262
0.0
0.0
0.0
0.0
0.0
0.0
0.0
0.0
0.9784283375605967
0.9752571071282252
0.9324700863196245
0.8574794193577547
0.7824762395301077
0.4643900437543876
0.0
0.0
0.0
0.0
0.0
0.0
0.11431995859476014
0.4979951161215832
0.8213143174739967
0.8723450109323018
0.0
0.0
0.0
0.0
0.0
0.0
0.0
0.0
0.9739264962939699
0.9718841199543522
0.9231746276624081
0.8427423557488641
0.6179802788508146
0.0
0.0
0.0
0.0
0.0
0.0
0.0809897004802867
0.11763875933802531
0.14284815605002033
0.455430625592152
0.0
0.0
0.0
0.0
0.0
0.0
0.0
0.0
0.0
0.9634785071687082
0.9682551031279801
0.922431919501903
0.8833346337507524
0.8415790348630153
0.8315458160086635
0.8316999473913875
0.8249322146505224
0.8046941756865668
0.7632981374051973
0.7191934824879996
0.7900500348364641
0.8651906993750901
0.8796015972903772
0.907760670238308
0.9006243376853724
0.0
0.0
0.0
0.0
0.0
0.0
0.0
0.0
0.9700921516171268
0.9738117741444698
0.926270316829616
0.8543701676465294
0.7609868851945062
0.5895310061826261
0.33700594587840016
0.0
0.0
0.0
0.0
0.12895564547805322
0.6831766658240654
0.7744233555000625
0.8464161934106161
0.8638575277626669
0.0
0.0
0.0
0.0
0.0
0.0
0.0
0.0
0.9714203840736987
0.9776717457728862
0.9408956711435476
0.8733410222751989
0.6949995077714239
0.20112976591194473
0.0
0.0
0.0
0.0
0.0
0.11411567069381245
0.6497206351053796
0.7995354268197025
0.8892520658505543
0.8915071657388315
0.0
0.0
0.0
0.0
0.0
0.0
0.0
0.0
0.9853813811706692
0.9842064955055639
0.9528213821596728
0.8809002304127409
0.7261375990817995
0.37858379511393714
0.0
0.0
0.0
0.0
0.0
0.11393183940750984
0.7834397078021865
0.8889670377484147
0.9093088388099965
0.9400548428710107
0.0
0.0
0.0
0.0
0.0
0.0
0.0
0.0
0.9901086091014694
0.9842498207998418
0.9810068505975098
0.9717103119926251
0.8908195496046453
0.8583175030396718
0.6941227828295834
0.42351833565322194
0.0
0.0
0.0
0.7386829922017332
0.9196785920259928
0.9360507095287061
0.9613062322792716
0.9434762731439307
0.0
0.0
0.0
0.0
0.0
0.0
0.0
0.0
0.0
0.9735810440396846
0.9676727262524927
0.9058001290179276
0.8447169066057731
0.8154528228954473
0.7649666714301582
0.7373077341615387
0.7252442985193501
0.7399155448554899
0.7580427875512139
0.8081640903458469
0.8473612551030846
0.8949693644348037
0.8993797617395065
0.9233085909942041
0.9499737041546933
0.0
0.0
0.0
0.0
0.0
0.0
0.0
0.4628271420377489
0.9836333821560392
0.980967198701809
0.9553848748195368
0.9373738496975006
0.919006702782252
0.9037591731364729
0.8904500028670448
0.8684925723885785
0.8592302594014618
0.8606501863730265
0.8838482154702848
0.9050603283254257
0.9324508011923758
0.9361006898191662
0.9518856816548282
0.9729771438231917
0.0
0.0
0.0
0.0
0.8856514598628777
0.9123251286522854
0.8933755163835896
0.896901910989172
0.985652431205545
0.9813888366613206
0.951285640178693
0.9156205255033905
0.9069530528296464
0.8678216500733889
0.8358247140463582
0.8194920326798935
0.8147641107938629
0.8275707794503239
0.8632633490294088
0.8862350865893636
0.9161592579962119
0.9359008381746492
0.9455445499729499
0.9654913770655306
0.0
0.0
0.64998595850855
0.8777629878414586
0.8821603106798357
0.9444680594821084
0.9308188808924942
0.9529454183062763
0.9888551388963944
0.9817680041564485
0.9630661012193551
0.9246004952296764
0.902397964432523
0.8758310765050633
0.8439063423549026
0.8169399002087187
0.7947628663937352
0.8080196910154149
0.8387292722389657
0.873413910723084
0.9216049324173853
0.9367444954077291
0.9524918269888972
0.9627961859739964
0.0
0.0
0.0
0.8742991762903183
0.9043922803909372
0.8795161332584331
0.9531948281802687
0.9510209371057464
0.9874832245325624
0.9794143793352629
0.9580979406370256
0.909194843791831
0.8696544245299943
0.7999601832135366
0.7348660633119616
0.6850446185782124
0.6642365433976414
0.6868175033563988
0.772300159124944
0.8494406871764227
0.8991981064779272
0.9206100150465479
0.9404096490749231
0.9685875543548006
0.0
0.0
0.0
0.0
0.7297564833816818
0.9313542782978437
0.9473405769931375
0.9072727742627819
0.9923686444858416
0.9897728327851029
0.9776006934576357
0.978043745811315
0.9320637964279489
0.928245893258074
0.8391685539040803
0.7880290538966173
0.7455603012829548
0.7732892491450135
0.8244035498579584
0.92769978841592
0.97240853567395
0.9702009758979602
0.9786279137095151
0.9693064134695383
0.0
0.0
0.0
0.0
0.0
0.6567379535825807
0.8099417846809316
0.9216647644802389
0.9881373922774982
0.9871640763030193
0.9787937322365587
0.9643792878934173
0.9146343463193379
0.8457956959124702
0.6503346359259106
0.48359928898379606
0.278252634186769
0.4933129666662543
0.724793292518442
0.887732068919888
0.9527551856198062
0.9712910330218832
0.968701198336027
0.9698541909825256
0.0
0.0
0.0
0.0
0.0
0.0
0.8809013247538293
0.8547551755949586
0.9853090703023029
0.980202208855338
0.9387771791332264
0.8682766957698297
0.8182215543681186
0.6766208041950639
0.44741103857300873
0.05615566403359122
0.0
0.21957750756858055
0.602631490101855
0.7349452555824799
0.8612275166567938
0.9020860871427719
0.9355407863487502
0.9472568724746334
0.0
0.0
0.0
0.0
0.0
0.6556202360610864
0.7805949664353516
0.8976730829781939
0.9850596868880052
0.9756224543966906
0.9483967928471847
0.8800923458049896
0.8247040687278349
0.676872305919341
0.2763865002944474
0.0
0.0
0.0
0.32748110690352983
0.6701024478635651
0.8175367122039459
0.851684201111714
0.8998566828374107
0.9457234548433809
0.0
0.0
0.0
0.0
0.0
0.0
0.0
0.0
0.9829023879225732
0.9768236870494678
0.9261072706320158
0.8316750675022228
0.8114658454564833
0.6220356713757568
0.14002406006764448
0.0
0.0
0.05373868660460947
0.5395158857639523
0.7335648329334485
0.8351297110964906
0.8956023307060976
0.9142426103954394
0.9324681626861185
0.0
0.0
0.0
0.0
0.0
0.0
0.0
0.0
0.9836995639575398
0.9728152964059005
0.9414013101218099
0.8515456112049429
0.758306532385521
0.5819477216775725
0.38106175046764645
0.14643565415268509
0.17855939594764647
0.24168106007378712
0.56210113693223
0.7030733072996276
0.8269063442600076
0.8636978094850215
0.8955638130206117
0.9087063364217988
0.0
0.0
0.0
0.0
0.0
0.0
0.0
0.0
0.9799312944530306
0.9768452374734939
0.9375764681804329
0.8585094092950447
0.7869643619826323
0.7183958952092597
0.6836723177452458
0.6524262732671723
0.6129975399382852
0.5773375614581084
0.628964547413661
0.723215960662986
0.8283029756974448
0.8755582374543839
0.9171333187751711
0.9144673738325954
0.0
0.0
0.0
0.0
0.0
0.0
0.0
0.0
0.9827794477509098
0.9814225129686468
0.9577315079386698
0.9242755229611396
0.9046967183144979
0.8661769571051668
0.8326547739525604
0.8175878468399699
0.8243844868024329
0.8132264010847494
0.8213162698479707
0.8452218849780482
0.9080738197143923
0.9398499653603279
0.9514224066262883
0.9509157197087066
0.0
0.0
0.0
0.0
0.0
0.0
0.0
0.0
0.9890688950359303
0.9865312042338309
0.9727934527633483
0.9708516996923412
0.9017154403067609
0.8850269900758787
0.7322071254838425
0.7270292461502531
0.7751763020253508
0.7622028001914725
0.8164739271602265
0.9081292084911757
0.9601588624140139
0.9574802181843192
0.9683457736452278
0.9502119543931759
0.0
0.0
0.0
0.0
0.0
0.0
0.0
0.0
0.9808275431047323
0.9701591676169816
0.9352998308248628
0.8413606858061095
0.7535788981434468
0.5774994220473008
0.1031905215764053
0.0
0.0
0.0
0.4369218182494737
0.6924855703769058
0.8398464650100049
0.8706447346139083
0.9049526707998907
0.9439504252643138
0.0
0.0
0.0
0.0
0.0
0.0
0.0
0.0
0.9819871504931673
0.9728325194704325
0.9475823627369815
0.8978412190124248
0.8686994840650194
0.8162976832946751
0.7575210787465654
0.6401104167105882
0.3861487381292788
0.4526089247688802
0.7188377493119856
0.8100836273457083
0.8587800626352156
0.873121139685145
0.8822200019265051
0.9100461823580531
0.0
0.0
0.0
0.0
0.0
0.0
0.0
0.0
0.9813631549280722
0.9784359558346205
0.9465283938241672
0.9051725115514986
0.8881138432832997
0.8289357634305348
0.769392637692968
0.7646944782381979
0.748815060576243
0.7672657754527573
0.8003532726285394
0.7956761502360155
0.8488986987693408
0.8833166822198021
0.9234221100800274
0.933580968249749
0.0
0.0
0.0
0.0
0.0
0.0
0.0
0.0
0.9891984181465916
0.9873643324224186
0.9765488768377705
0.9798812424223162
0.9435150578891948
0.9439607069180659
0.895166318077421
0.8759471578650542
0.8723452824562429
0.8896082087758487
0.893765851179455
0.949595818545906
0.9751704968085373
0.9709581454242651
0.9754758443833563
0.9783357495438882
0.0
0.0
0.0
0.7111621369934613
0.8154203697621357
0.8635081246126209
0.9244098604356024
0.9383040782817216
0.983394512486579
0.9833262956051589
0.9537771556155707
0.9247973352880535
0.9013194637836408
0.8680515429701772
0.8413892861482817
0.8176262208231228
0.7910953851465413
0.799848385951893
0.8477148313506966
0.8690682092720422
0.9094449359499782
0.9282971769424201
0.9512647757675544
0.9613903343178429
0.0
0.0
0.0
0.0
0.8114711554433655
0.8893214498506326
0.9211191241149782
0.866969660617045
0.9898658973798726
0.9877100830567802
0.965957793012159
0.9165169185638363
0.8647533760241078
0.8155518613243841
0.8160945842012592
0.7966514142155442
0.7905661201022082
0.7933286494923935
0.8385585019096453
0.880680257366014
0.9311110565300791
0.9548238249192486
0.9679449171187893
0.9716160267615652
0.0
0.0
0.0
0.0
0.673300925561189
0.7660797081954858
0.904426298577662
0.8879463032296708
0.9920843718981568
0.9905359014382038
0.9801393039219449
0.981782125466946
0.945870741569584
0.935304152675372
0.9051166077118058
0.877077643138075
0.8614271625034915
0.870919890287328
0.9159011353296397
0.9583478782791458
0.9756038799905873
0.9816376699547327
0.9780676997372917
0.9795793045555771
0.0
0.0
0.7055592581438849
0.8852228278825537
0.8381310155376297
0.9426744612964572
0.9531036924932642
0.9210772453894517
0.9884804362326544
0.9857977920711473
0.9614874924846888
0.9332489401424529
0.9252918614089437
0.89957220725678
0.8761310171220321
0.8600334732348066
0.8463367253655001
0.8333693967139767
0.8758463593469624
0.9022866099369617
0.933426780834635
0.9415025887563616
0.9526298102126984
0.9734123825633066
0.0
0.0
0.6984748877145214
0.905355943347214
0.8713764614760792
0.9466363191278646
0.955641253237817
0.9293640546050116
0.9884440461028673
0.9859647791772198
0.9604798369859207
0.9251193934582428
0.9132226326387196
0.8734213737510124
0.8379642747837995
0.8271090186457007
0.808605551477521
0.8281267275864233
0.8678364666750806
0.8943444466278551
0.9260651913488994
0.9353095716756451
0.9488748054396033
0.9714825327952318
0.0
0.0
0.0
0.0
0.0
0.0
0.7416776127413987
0.8178542545429631
0.9843367540753934
0.9785178823281245
0.9322915041602358
0.8379416935991628
0.7900631159055259
0.7150889609654562
0.6831363340331317
0.7317576765718469
0.765345215440013
0.7950913002306035
0.8523449790034499
0.8606582109075934
0.8926093623639795
0.9055004101725308
0.9272287659431254
0.9568212545849603
0.0
0.0
0.0
0.0
0.0
0.0
0.0
0.0
0.9837494421936459
0.9809430969471185
0.9524189371731898
0.9187099729121271
0.8992549846087694
0.8707616405399566
0.8406340107875978
0.816138755381977
0.7926277461901309
0.8053309867555378
0.8537423992190544
0.8901521991031052
0.9205280779508231
0.9367393560600479
0.9506557256191863
0.972612544496588
0.0
0.0
0.0
0.8465622213924064
0.9249717473996859
0.9277956254949633
0.9409181924081694
0.9613654881367686
0.988597386607791
0.9829077832615923
0.9654906731745512
0.9320920031967569
0.9189380596907608
0.8986433215215224
0.8758655580259475
0.859390662066545
0.837563398286618
0.8289513330062058
0.87558533200824
0.9101739915741621
0.9442894136602783
0.9450315377786568
0.9571794833760212
0.9760085703767704
0.0
0.0
0.8916708442386362
0.938817167722751
0.9327177315159366
0.9549681833004856
0.9680222335566853
0.9593372572623855
0.9885737804796906
0.9893114423902177
0.9753513246735224
0.9592429823000602
0.935719169337973
0.9237967838984699
0.917122772326818
0.9123222751338858
0.9062094046804816
0.904987332797067
0.9186446162114795
0.934994242068968
0.9581894436281193
0.9699948004269151
0.9750274170209106
0.9788040536980207
0.0
0.8520810805426464
0.9605232302259153
0.9677909133214566
0.947624307013529
0.982065407424381
0.9816724145267501
0.9612610603432593
0.993345402892304
0.9925502305933638
0.9858520367272839
0.9873011488756811
0.9593545514098963
0.9504990482678143
0.9275452886414103
0.9087674936023047
0.904378632051271
0.9052458315809089
0.9286838934911513
0.9636490146757468
0.978058117208841
0.9840677645827454
0.9818965557118813
0.9841665049656745
0.0
0.7457807820381497
0.895305447705421
0.8380566184816309
0.9431225918850321
0.9469781568076123
0.9449171813945337
0.9518786631809977
0.988620632330213
0.9863885339429054
0.9630791541156843
0.9356274935523994
0.9065268746827158
0.8322870497958443
0.798144708101886
0.7745375441239891
0.7583575052301714
0.770033643536219
0.8194543950923721
0.881666740536467
0.9333451674654393
0.9337768760789661
0.9447532456983215
0.9605951010880646
0.0
0.0
0.0
0.0
0.0
0.8730949544249015
0.8482665273748959
0.8839734695198421
0.9865532008195852
0.9792988430156155
0.9580282556503308
0.8958920915044112
0.8097733253739077
0.5271684605009556
0.03946746798297674
0.0
0.0
0.0
0.5325184762972213
0.6793634640816886
0.7918219047903186
0.8719645277822282
0.9153404687437093
0.929035151958482
0.0
0.0
0.0
0.0
0.0
0.7033618264773652
0.8881188373936082
0.902579377183719
0.9823363371101302
0.9830042519551789
0.9519364433595686
0.915349480511801
0.8756090941339575
0.8216673924234454
0.7327923956051817
0.5437134068194552
0.44057485735282403
0.4476914780201704
0.7207416533479032
0.8502155185563472
0.9074586959272757
0.9213279154832186
0.9325509667744133
0.9584971089185104
0.0
0.0
0.0
0.0
0.0
0.8431581520500584
0.8899431815918123
0.8155655426380719
0.9862293458369968
0.9829483386206717
0.9483550742707585
0.8946580744151883
0.8733796864319422
0.7726117826565762
0.7033048493440401
0.5836406077250423
0.5306663004507546
0.5442958987192427
0.7377202371094219
0.8446778065304221
0.9075988235616071
0.908918310451987
0.9367528199602838
0.965548189397275
0.0
0.0
0.0
0.0
0.8068092454153869
0.8831127196107382
0.8512692425507715
0.9022812208645171
0.9866248540363052
0.9794477154038603
0.9605220399307866
0.912576343450034
0.8714597224184759
0.8010465504447155
0.7336406178817709
0.6534297207991722
0.5645817628596481
0.6285515387410799
0.7414586113228061
0.8498691373391293
0.9074941638801469
0.9187248944323811
0.9429386096292148
0.9583299750151105
0.0
0.0
0.0
0.0
0.7110285770235037
0.8802738533360916
0.9430957356425343
0.9102844592751189
0.9903664629754683
0.9843421863014722
0.97253766890115
0.9272897900788007
0.874003881248917
0.7868715185302819
0.6867548817376041
0.5609750007076472
0.4298870866233426
0.5033396270091013
0.66567885456684
0.8350358864879318
0.9221259772548747
0.958758710479537
0.9583782746757822
0.9694178903706876
0.0
0.0
0.0
0.0
0.8590223216263936
0.849109065049644
0.9509929394989175
0.9556420152319846
0.9898719318311346
0.9909010269870465
0.9811082417673214
0.9829478840478122
0.9464262265234187
0.943499244552045
0.9038410085063213
0.9003529614556401
0.896246697122053
0.9038839511967623
0.8991072710461508
0.9495148290120771
0.976338742388669
0.9738619979640023
0.975739497130961
0.9791006129525119
0.0
0.0
0.0
0.0
0.0
0.7664619658269699
0.8251554335685005
0.8810723080427014
0.9866579086216172
0.9846637292195893
0.9627105551080766
0.9439953361431075
0.9452731696966602
0.9250923172962502
0.9264040292816985
0.924239271262561
0.92314037269949
0.9239782185466241
0.9312054773184337
0.9364040570246521
0.9476295317660186
0.9572770580526128
0.9603243767996589
0.9721598284231106
0.0
0.7822624653218724
0.8459463407239498
0.9446173312143251
0.9577448928163347
0.9561494296417594
0.9613560922834291
0.9788596803770593
0.9899746152272663
0.9858600506262695
0.9759809020780141
0.9572008976894671
0.9504713220396186
0.9427284837847365
0.9364134241016445
0.9291037144403747
0.923174010301409
0.9201090889670315
0.9301446930058437
0.9421528832756189
0.9542505929403446
0.9584420306137599
0.9691872372191876
0.9764280213971804
0.0
0.8131369005938847
0.9265711139921466
0.9654522853630881
0.9599228435508652
0.9720359936757839
0.9821533583981312
0.9754316338829607
0.9904534344839157
0.9887249934093885
0.970570370331453
0.949057255228147
0.9427665814207706
0.914482804182248
0.9071840588459172
0.8930467177994779
0.8817670471812056
0.8743653778588429
0.9064018979928663
0.9294525069011151
0.9487511209277305
0.9587933903050714
0.9611683667631358
0.976129863645238
0.01210113758390445
0.8870593880308587
0.8812912793181561
0.9248032158466514
0.9660022387242847
0.9528177714862008
0.9714997725589296
0.9807711306956586
0.9898400337892292
0.9855478422368216
0.9720664342024409
0.9438294976242949
0.9326836217684911
0.9189170434053209
0.9048036674761998
0.8866510711143397
0.8765835811676617
0.8769293519338334
0.8926072462641929
0.9262493316416515
0.9479388342671055
0.9519820062492962
0.9610940739975735
0.9796376530452185
0.010725818862201315
0.8858383832538522
0.9565552049250808
0.940987751684412
0.9554760153054461
0.9763827814051766
0.9792802233090184
0.9622815913862077
0.9904868863218153
0.9882385200104685
0.9686318159013095
0.9462157289925964
0.9337566620676339
0.9109634863306
0.8908689648510354
0.8691762913413428
0.8533052370678795
0.8550825819427516
0.8865291678096153
0.9215524571387402
0.9438264546447501
0.9539371693677026
0.9586393634389514
0.9727850548804244
0.0
0.7268939197164412
0.9221197157209855
0.961617955708926
0.9474647237323962
0.9594899653593706
0.9767953810828364
0.9609314156206156
0.9920989122535457
0.987973186874792
0.9797715872391641
0.9443541911592215
0.9195006219629441
0.8997640035521147
0.8671524444838092
0.8298959399895087
0.7818287271566824
0.7776430117694202
0.8461794086401485
0.9086887692125395
0.9484956394073819
0.9654952529592019
0.9737141927437702
0.9774830874171899
0.0
0.44578542352154665
0.9264696399561124
0.9275208681571894
0.9319099772826882
0.9708849320447959
0.9691973906050227
0.9706328829459833
0.9935030235109963
0.9923524081907791
0.9838352757595152
0.9848899440043309
0.9522818981348724
0.9356718635118199
0.8861733077860403
0.8543726202700266
0.8309874595329498
0.8273994383689814
0.8919904040461799
0.9562576838052859
0.9737726249028049
0.98157681208197
0.9802835147468733
0.9828838134642769
0.0
0.0
0.9008377012592101
0.8988255299587213
0.9352841776199948
0.9617714178953146
0.9437997507651082
0.96063187568294
0.9890538544296781
0.9837253755012919
0.9696873610036154
0.9376690964164875
0.914080395377471
0.8814236007780335
0.8399028615096946
0.8154956046711376
0.7861305072252672
0.7744620512228304
0.854277809790909
0.9039362534937394
0.9355378493784202
0.944564006388544
0.9545697085794993
0.9745274400005506
0.0
0.0
0.8278093232262529
0.9348424117917257
0.9269882426665504
0.9433939599477521
0.968162572342128
0.9557563813483311
0.9889712003292213
0.9869762416786704
0.9656202386233945
0.941487061235426
0.9294680585936788
0.9183410748236741
0.9118812458900226
0.8972357580584838
0.8741094714781761
0.8633122733209394
0.8885286517992249
0.9151309945567772
0.9371559227868886
0.9488646281447114
0.9536322126081566
0.9661812677133743
0.0
0.0
0.0
0.7885721003873919
0.92313166399088
0.9193983951075885
0.9401206104787356
0.9645711978181387
0.9858926675333064
0.9866926487454495
0.9639211329194838
0.9429819603042948
0.9233653762127622
0.9018844406590438
0.8727229890727024
0.85886956562672
0.8346794852213327
0.825918555787017
0.8689128785895944
0.9029732133149437
0.9396811192165913
0.9380207662836132
0.9460832407635897
0.9600345462142164
0.0
0.0
0.0
0.0
0.0
0.0
0.0
0.0
0.9832923968210713
0.9762171229971683
0.9612235148306724
0.9334499509912376
0.9272757867473819
0.9151750967482976
0.8986502221978108
0.8744583492257645
0.8660458793282908
0.8655536625900754
0.8782209661996848
0.8979912990520961
0.9256869888229313
0.9326440982826047
0.9454008149807634
0.9670792980284655
0.0
0.0
0.0
0.0
0.8366913130908187
0.8454326067296639
0.8582452488661485
0.9272837413903823
0.9876448288863267
0.982740772872714
0.9701483665734723
0.944786949231169
0.9315273043610705
0.9174044140230264
0.907531116033903
0.904414815545102
0.9059348689750929
0.9070402381135202
0.9168173425558348
0.9265760331771674
0.9391367483955254
0.9442898343170866
0.9543222584345745
0.9765309270646437
0.0
0.8045376916143359
0.9587438777609509
0.9437435967869628
0.964571174137996
0.9806662123221572
0.9721081709950843
0.9825251709990914
0.9929821006170385
0.9891021006136471
0.982740916268725
0.958089750616034
0.9441057697003692
0.9375613883046289
0.9344616168806316
0.9303474286402719
0.9276671497904457
0.9261852104195635
0.9284979389039874
0.9312657259044191
0.9514060670309679
0.9662174284310819
0.9676929762922346
0.9815568516453336
0.0
0.588066035051866
0.9086375083315834
0.9458668783568569
0.9693697250925315
0.949160911072792
0.9614974541446276
0.9801327863303488
0.9909865237524108
0.9926227011665305
0.9899583235573436
0.9854073073161598
0.9742666842092398
0.9673890556124795
0.9494326638134799
0.9463371684721563
0.9499741030624032
0.9435984343401469
0.9460069627884999
0.9689516583068777
0.9841108577239657
0.9814839264780391
0.9818773641111704
0.9832745479943065
0.0
0.7602467159127424
0.8937391627055179
0.8284103323312241
0.9496177574075181
0.9586089378155958
0.964814403074714
0.9627162490371233
0.992935321406449
0.9900103148693823
0.9890675486644884
0.9867701998133652
0.9602775327475034
0.9534715318769081
0.9290589031987585
0.9312536319682356
0.9152997651948036
0.9163631027307914
0.9260580547851162
0.9609476408244394
0.9813498907441257
0.9780185823853306
0.9822953634371908
0.9739179687399072
0.0
0.0
0.0
0.0
0.5412587095844373
0.8198712833278587
0.8400841674787427
0.8787801514801905
0.9825333229124167
0.9849513867952583
0.9664565106253424
0.9542692692763233
0.9440709507411688
0.9358593466148328
0.925855275523758
0.9301956699188807
0.9247624679689104
0.9201677988027062
0.9227723774799903
0.927645739609853
0.9405994540871319
0.949539981421949
0.9501567323390464
0.9623814236520952
0.0
0.0
0.0
0.0
0.7323404615998521
0.7104066244181145
0.8927224604496211
0.9042912293068383
0.9859754105478661
0.9797178256222234
0.9600400956912178
0.9436808879715819
0.9286438822828522
0.9146819725597655
0.9060347490817048
0.8893042615399336
0.8898956621473078
0.8886366737917966
0.9090775775755221
0.9245108808075071
0.9536559181840363
0.9541488920702607
0.9594073604922564
0.973186475302652
0.0
0.8706709971613624
0.9104455456026666
0.9553594928258321
0.9533430509678787
0.9553879206577
0.973887176437998
0.9741929031077875
0.9903008004317437
0.985898589944341
0.9750541634100212
0.9537283537872218
0.9470036085433698
0.9378576244776499
0.927826389442887
0.910916962617492
0.9146693327853147
0.9174222371142803
0.9286525887655324
0.9389142486816807
0.95825979473435
0.9562856858489505
0.9633162285161511
0.9745130913446075
0.0
0.8360048429182284
0.9338336615863171
0.9621628551153851
0.9455927059345489
0.9588138805644534
0.9368861929902972
0.9526890426573821
0.9890157988687267
0.9842148808733795
0.9736784546078253
0.95418796546909
0.946462460670619
0.9376253488112345
0.9297777072500788
0.9176211120166207
0.9204500431520929
0.9195993948617142
0.9357025478902642
0.9376395046246185
0.9517857932602634
0.9566037085688385
0.9636973505728661
0.9812230750746725
0.06377029126453655
0.9291716509421738
0.9426841472328049
0.9630819105230204
0.9831467320979829
0.9756834506854748
0.9811147681285792
0.9879632541758242
0.990287776181585
0.9919388353494949
0.981121173203749
0.96281191020786
0.9551327099889878
0.9450363409687097
0.9358213448449131
0.9357601367606894
0.930717731476847
0.930858118853917
0.9336386328458564
0.938273146206668
0.9591722680032821
0.9727807148843083
0.9789791496384599
0.9823789721888787
0.016204239937464573
0.853600946045537
0.9602014076562422
0.9690645332876735
0.9394721639639497
0.9800044673967584
0.9806111153006245
0.9619214848978456
0.9936269350266309
0.9928609337984278
0.9869551386242922
0.9889984819533367
0.9686966913384272
0.9653295809359121
0.9521199666660719
0.9414010091822411
0.9391482048328457
0.9380093596930388
0.9408609068791625
0.971413135175897
0.9785192026387544
0.980502191232347
0.9856600615646482
0.9809050694049087
0.0
0.8460306909864497
