0.8499710604405363
0.8783052487058645
0.8614275380924025
0.9147728194368576
0.9046862498392605
0.885122727993912
0.824178976070618
0.8784038010686565
0.8054511657548254
0.7887655259363228
0.41463575410571746
0.0
0.0
0.0
0.0
0.0
0.0
0.0
0.0
0.0
0.0
0.0
0.2943073379705322
0.6861655691114994
0.8471197136056934
0.878261924602147
0.867541928848709
0.8194947303849758
0.9277762448980145
0.9205909740331866
0.9979850257609332
0.9799308198563369
0.9392155394189973
0.8906371926488141
0.7975101202140067
0.6490171302512218
0.5013198735575453
0.5327728798295529
0.26162628400757726
0.27982531374685105
0.3320958525887567
0.6950385703466624
0.7695583513703464
0.949720721096783
0.963331800088935
0.0
0.0
0.0
0.0
0.0
0.0
0.07978360334539816
0.45229007256472226
0.5950412499887484
0.9972598374787611
0.9764494083153747
0.9452355538216668
0.8995610086791261
0.8263298691774136
0.7166466413071381
0.5764516196218691
0.5889770158097605
0.5430803501636607
0.585721611707534
0.3736572671090009
0.683906517277796
0.6964125290247853
0.887133879798435
0.91939304736057
0.0
0.0
0.0
0.0
0.0
0.0
0.0
0.0
0.0
0.9943356750595982
0.9583979630023184
0.8959759016103865
0.8876877416115543
0.767564125167987
0.594843318224484
0.23837498351521552
0.000330189381617452
0.0
0.0
0.0008112980878549526
0.07169284523262955
0.40619126973284303
0.8101913702066385
0.8611745904424869
0.0
0.0
0.0
0.0
0.0
0.0
0.0
0.0
0.0
0.9810005879129319
0.961553482563817
0.870880046001169
0.8513915334559615
0.8152326699997189
0.7445687660705965
0.6423445349711467
0.6811178234208024
0.7202058249722783
0.7624012811180355
0.5547988707347699
0.7486021627158532
0.72733115962655
0.9109114653142332
0.9123651340947967
0.0
0.0
0.0
0.0
0.0
0.0
0.0
0.0
0.0
0.9962917206555734
0.9775354027456653
0.9222421856665135
0.897148259942559
0.8350122916238384
0.718959624705363
0.5808236362003452
0.5688943722304503
0.3265243828862474
0.39143369877299805
0.3575736465046131
0.5749166189453829
0.7547524709161678
0.9250330765181535
0.9464554794127055
0.0
0.0
0.0
0.0
0.0
0.0
0.0
0.0
0.0
0.0
0.0
0.0
0.0
0.0
0.0
0.0
0.0
0.0
0.0
0.0
0.0
0.0
0.0
0.0
0.0
0.0
0.0
0.0
0.0
0.0
0.44345541680447864
0.5342526213117459
0.5422743433334825
0.6750992655745891
0.5449502793931403
0.18775405922156177
0.22698143224855724
0.0
0.0
0.0
0.0
0.0
0.0
0.0
0.0
0.0
0.0
0.0
0.0
0.0
0.0
0.0
0.15236510341520088
0.24721465022253183
0.48220596254921727
0.6990639159159684
0.7697760513357639
0.9927683545341216
0.9833033115061935
0.9383005448316988
0.9002641477724077
0.8401839742479286
0.7555100914173464
0.6174147531072237
0.5621286928810337
0.3523337173414073
0.3352864949132467
0.30193640576573644
0.5265993651781554
0.735535016255461
0.8644725877351104
0.9440145719156336
0.0
0.0
0.0
0.0
0.0
0.0
0.0
0.02366669379063427
0.34995340891156085
0.9969121559109287
0.981819701224357
0.933510567837527
0.889016268708097
0.7991463343875406
0.5978966358611613
0.3384858253870138
0.0007054739030793183
0.0
0.0
0.0006245297449903218
0.04353867009515138
0.43128532153762633
0.8535330141143199
0.8953803630082912
0.0
0.0
0.0
0.0
0.0
0.0
0.0
0.0
0.0
0.9838642014506283
0.9669135292403767
0.8820316464210902
0.8379032780823389
0.780209757407054
0.6797385668846703
0.4831770108060516
0.427958763754369
0.16474942692656713
0.187424678398741
0.26090432745825465
0.48136175854361385
0.7104962205628397
0.8383997808789235
0.9340490975148136
0.0
0.0
0.0
0.0
0.0
0.0
0.0
0.0
0.0
0.9972201434790887
0.9818784187930278
0.9242753872551182
0.8544537999311663
0.7279815312817628
0.40571754200107973
0.0007794281053399923
0.00020728318920697797
0.0
0.0
0.0007865963104144403
0.0
0.18276915593964912
0.8158978527183743
0.887122446629093
0.0
0.0
0.0
0.0
0.0
0.0
0.0
0.0
0.0
0.9902658305015916
0.974167677873251
0.8906037716381965
0.8333382437282331
0.6928011957506509
0.32481979778111947
0.00020748508670363647
0.00060397844685677
0.0
0.00018901077090826011
0.0006826869898949275
0.16078274402122655
0.5202584873790105
0.8573336152053989
0.9057748218233117
0.0
0.0
0.0
0.0
0.0
0.0
0.0
0.0
0.0
0.0
0.0
0.0
0.0
0.0
0.0
0.0
0.0
0.0
0.0
0.0
0.0
0.0
0.0
0.0
0.0
0.0
0.0
0.0
0.0
0.0
0.0
0.0
0.0
0.0
0.0
0.0
0.0
0.0
0.0
0.0
0.0
0.0
0.0
0.0
0.0
0.0
0.0
0.0
0.0
0.0
0.0
0.0
0.0
0.0
0.0
0.0
0.0
0.0
0.0
0.0
0.0
0.0
0.0
0.0
0.0
0.0
0.0
0.0
0.0
0.0
0.0
0.0
0.0
0.0
0.0
0.0
0.0
0.0
0.0
0.0
0.0
0.9957918904835252
0.9641034972585771
0.9007930207862119
0.8620077731644451
0.7739298146098105
0.5853779229737633
0.2141849401943818
0.0007069942199515201
0.0
0.0
0.2755403606953996
0.48331548988227213
0.723273974002851
0.940671354096453
0.9911758252965495
0.0
0.0
0.0
0.0
0.0
0.0
0.0
0.0
0.0
0.9962265832338348
0.9766693573392737
0.9265453219735132
0.9138871384837435
0.8843757653508146
0.8492440929164227
0.8183479563422322
0.8795370440781045
0.8851643031259678
0.9003659292713954
0.9202213324576413
0.9342932202655819
0.9249033136373003
0.9751662214811917
0.97788454205095
0.0
0.0
0.0
0.1336244098484767
0.15649097530159062
0.6488206564270688
0.6553231439552798
0.7884069324100311
0.6732681640731027
0.997616565671294
0.9857471926122418
0.9487730757085336
0.9218126764106312
0.8798937754116192
0.8443637504429142
0.8367692700624573
0.8509835643821912
0.8534146690630369
0.8618508038078191
0.8094450887364664
0.9177855180066556
0.9165372401829404
0.9723203388839198
0.9754526252088522
0.0
0.0
0.0
0.11735903166643885
0.17426193483265834
0.2926336475301746
0.5675623140339924
0.6646784375898742
0.8367895871418314
0.9935812712755789
0.9865329216497646
0.950205353608136
0.9236861052098877
0.8836759298114979
0.8400965674827047
0.7963996637061526
0.811840662058178
0.7933984741460616
0.7938355830121018
0.6411534713587702
0.8857882371856258
0.9095060570213837
0.9743635637588243
0.9779191081424382
0.0
0.0
0.0
0.09660163318211976
0.24398406876749287
0.4795167089777214
0.48684403539643833
0.7282172489726589
0.5475782100772677
0.7723135732543089
0.7851559729530561
0.6680385162545874
0.4360168574405459
0.09415751919718317
0.09620932693719873
0.0
0.0
0.0
0.0
0.0
0.0
0.0
0.0
0.0
0.0
0.11734262197408159
0.2616582029673597
0.2720782253347078
0.534425802002278
0.6504379939559981
0.7028410261523372
0.6559473964003166
0.7242785890381727
0.5303728822954213
0.6107851497146706
0.5908515735807987
0.23353305349874562
0.0
0.0
0.0
0.0
0.0
0.0
0.0
0.0
0.0
0.0
0.0
0.0
0.0
0.0
0.07160699897276075
0.5597066875054603
0.6878878596847672
0.75691336941233
0.6913358073651086
0.8723096501867905
0.9977270195877028
0.9850314518580247
0.9433328840559108
0.9044760699417475
0.8398865367805153
0.7526551599090203
0.6565070577495519
0.6891628499670835
0.5872347615845549
0.5079478234261304
0.3878564340459191
0.675225048988836
0.7264510051459488
0.9283563358729864
0.9571494032733797
0.0
0.0
0.0
0.0
0.0
0.0
0.2131670388224185
0.5006557266830856
0.28059041563339676
0.9972909328806138
0.983599487252442
0.9364620561573154
0.9053742074469281
0.8245694205437145
0.680274793779987
0.41924198656417433
0.0010539803179811448
0.0
0.0
0.00075000110353356
0.007933147694990535
0.39893893421828325
0.8287614520077076
0.8787110549497522
0.0
0.0
0.0
0.0
0.0
0.0
0.0
0.0
0.0
0.9891272384687334
0.9793703679706853
0.899684792726412
0.7771976875307444
0.609793808555581
0.40779621606422645
0.10462869018198862
0.00071500439489228
0.0
0.0
0.0005663761186596215
0.0
0.36881130747676705
0.835179540485424
0.8993806203724631
0.0
0.0
0.0
0.0
0.0
0.0
0.0
0.0
0.0
0.9963545736093077
0.9706985181105279
0.8930132017247288
0.7785553558932923
0.5149983390798776
0.0337827745234819
0.0
0.00030189754272743474
0.0
0.0
0.0007893960659390018
0.0
0.001210060594257718
0.354168995543011
0.7267370557236369
0.0
0.0
0.0
0.0
0.0
0.0
0.0
0.0
0.0
0.9690236267881636
0.8541339478149433
0.10759519385514628
0.0
0.0
0.0
0.0
0.0003344326495262669
0.0
0.00016630217045806347
0.0007306904488227866
0.0
0.0
0.0
0.0
0.0
0.0
0.0
0.0
0.0
0.0
0.0
0.0
0.0
0.0
0.0
0.0
0.0
0.0
0.0
0.0
0.0
0.0
0.0
0.0
0.0
0.0
0.0
0.0
0.0
0.0
0.0
0.0
0.0
0.0
0.0
0.0
0.0
0.0
0.0
0.0
0.0
0.0
0.0
0.0
0.0
0.0
0.0
0.0
0.0
0.0
0.0
0.0
0.0
0.0
0.0
0.0
0.0
0.0
0.0
0.0
0.0
0.9775901218539041
0.9549870652441034
0.826631854037114
0.7119670175388503
0.3527357176124926
0.00038189887342755915
0.0
0.00030269268225174286
0.0
0.0001887690501799311
0.0008539077008732292
0.0
0.05613989337351342
0.5565891088580344
0.8134004242251215
0.0
0.0
0.0
0.0
0.0
0.0
0.0
0.0
0.0
0.9963355779886593
0.9759466184380727
0.8971327882129981
0.8272377482374208
0.6281082697149535
0.14132997181677925
0.0
0.00023038022503533965
0.0
0.0
0.0008072429283071643
0.04595291663201953
0.4419662487998838
0.8473551494219093
0.9037823947058283
0.0
0.0
0.0
0.0
0.0
0.0
0.0
0.0
0.0
0.9914606552544267
0.9835749635564239
0.9379570092452041
0.9066513986512313
0.8365673214370054
0.7143730441042639
0.5016927700505938
0.298560646405483
0.024774949045394314
0.08215055528823607
0.13511562868485988
0.21726797450862537
0.5199833274150513
0.8451984908877109
0.9002418702065718
0.0
0.0
0.0
0.0
0.0
0.0
0.0
0.0
0.24562306779661022
0.9971843595642363
0.9848325895482328
0.9428041965633577
0.9068009612030848
0.8168729479909635
0.6743766305793284
0.5126899740981176
0.47021055931670896
0.15814674041636861
0.027084670485964933
0.0007333553479275687
0.04039092298910537
0.3567495830930699
0.796393703299302
0.8712780620522925
0.0
0.0
0.0
0.0
0.0
0.0
0.0
0.1497317717956271
0.38400200674280033
0.9917658159191389
0.9837791726192066
0.9390770644289428
0.8870730838072689
0.7884964881979081
0.6668229144223438
0.48603916188293683
0.24091120165127064
0.02153832084302709
0.054731715619987006
0.17607053862811564
0.4997025378341503
0.6640206842981881
0.8564166296823214
0.9408450528660195
0.0
0.0
0.0
0.0
0.0
0.0
0.0
0.0
0.0
0.0
0.1664119178197575
0.0
0.0
0.0
0.0
0.0
0.0
0.0
0.0
0.0
0.0
0.0
0.0
0.0
0.0
0.0
0.0
0.0
0.0
0.0
0.0
0.0
0.0
0.36733033279530936
0.1165498752908968
0.0
0.0
0.0
0.0
0.0
0.0
0.0
0.0
0.0
0.0
0.0
0.0
0.0
0.0
0.0
0.0
0.0
0.0
0.0
0.0
0.23383326434884139
0.21375281773391283
0.9971659513038241
0.9824034460509762
0.922579157329208
0.8583386129694404
0.6568014038912232
0.18794341367865264
0.0006315571781551991
0.00020497491562013212
0.0
0.0
0.0007419770243224929
0.0
0.05415507856173313
0.45510274347418306
0.9231709709249969
0.0
0.0
0.0
0.0
0.0
0.0
0.0
0.0
0.0
0.9966484634442755
0.9811275121814323
0.9102352195601371
0.7787107124305422
0.5190919321023784
0.045976079610535237
0.0
0.00030624377672134386
0.0
0.0
0.0005799296413845053
0.0
0.0003391377093255908
0.013761941633103819
0.213878663526478
0.0
0.0
0.0
0.0
0.0
0.0
0.0
0.0
0.0
0.9935686445438784
0.9717097135710662
0.861036963346433
0.7072345060438299
0.39491104204898453
0.000321240259591428
0.0
0.00033188691508016885
0.0
0.00018635864824721447
0.0005558085579220198
0.0
0.0
0.06703952159135451
0.6820705251457039
0.0
0.0
0.0
0.0
0.0
0.0
0.0
0.0
0.0
0.9966669413840066
0.971372142115839
0.9164007229954602
0.7938563627653106
0.5716134312279213
0.05207856832547135
0.0
0.00031616646590157334
0.0
0.00019164126878997676
0.0006018556308703896
0.0
1.8129437484992808e-05
0.008590071158666706
0.3749178872867389
0.0
0.0
0.0
0.0
0.0
0.0
0.0
0.0
0.0
0.9946140300744213
0.9583557342489886
0.8831443783343219
0.7379994289799658
0.2885643346902135
0.0
0.0
0.0003579861660347869
0.0
0.0
0.0005764502141791766
0.0
0.0
0.20517572879398668
0.7120382801423784
0.0
0.0
0.0
0.0
0.0
0.0
0.0
0.0
0.0
0.0
0.0
0.0
0.0
0.0
0.0
0.0
0.0
0.0
0.0
0.0
0.0
0.0
0.0
0.0
0.0
0.0
0.0
0.0
0.0
0.0
0.0
0.0
0.17076690214453652
0.4094758439762529
0.0
0.0
0.0
0.0
0.0
0.0
0.0
0.0
0.0
0.0
0.0
0.0
0.0
0.0
0.0
0.0
0.0
0.0
0.0
0.0
0.0
0.0
0.021929213173100953
0.996942748322619
0.9781152979051022
0.8694640032687485
0.7032434386189517
0.39892447230540795
0.0031600512351347403
0.0
0.0003025598427610535
0.0
0.00017910724888065937
0.0008362555603701457
0.0
0.004627125430358606
0.10910808283086686
0.5712830341775398
0.0
0.0
0.0
0.0
0.0
0.0
0.0
0.0
0.0
0.9817398094087688
0.9633743360469122
0.8694639093420253
0.8476576800035516
0.7943693353775291
0.7152914290100362
0.5922726369096508
0.5826059867158808
0.49031061909026047
0.4806020760076485
0.2587810533566311
0.5002844910101494
0.6046141262312419
0.8599028867347538
0.886154884064545
0.0
0.0
0.0
0.0
0.0
0.0
0.0
0.0
0.0
0.9958410987150805
0.9802479100426318
0.9101213616054631
0.8683529803634003
0.831867667126978
0.8282130439080267
0.829090891999314
0.8464770978967563
0.8390811978812978
0.8297091355501066
0.6147093892483858
0.8035463782766494
0.8854427154603363
0.9611196408452586
0.9695913012330681
0.0
0.0
0.0
0.0
0.0
0.0
0.48939989043479337
0.5599294782303041
0.47907169543088735
0.9975183302217677
0.984488991396792
0.9416201446332205
0.8923371239034835
0.8174350646197278
0.7405729467566199
0.5440265947692469
0.494150015699382
0.19760264126699892
0.16914951125969968
0.12584500003940888
0.19649167567416012
0.4308218864166701
0.783914097914515
0.8374719999440445
0.0
0.0
0.0
0.0
0.0
0.0
0.0
0.0
0.0
0.9961520983044355
0.9801067673870875
0.9239701730420778
0.8776371739201201
0.8256479324045217
0.7562668413618526
0.700239858092643
0.7480137375852928
0.7049232848273661
0.7009248660927674
0.48394787640885983
0.691311440914551
0.7419694732534471
0.9445891365371406
0.9637349175157854
0.0
0.0
0.0
0.0
0.0
0.12339076858072967
0.4529077856121426
0.3102051168415567
0.5694152460163115
0.69877397974993
0.5771493772267372
0.33097045067804104
0.17450322488968154
0.0
0.0
0.0
0.0
0.0
0.0
0.0
0.0
0.0
0.0
0.0
0.0
0.0
0.0
0.15151470368057546
0.4557890939560516
0.6456577690708917
0.7197025048865242
0.750108085490476
0.8914072792299842
0.9069438332841139
0.5521739421745101
0.7123224933522546
0.464412249457741
0.0
0.0
0.0
0.0
0.0
0.0
0.0
0.0
0.0
0.0
0.0
0.0
0.0
0.0
0.0
0.5265274525918674
0.4290485694575951
0.7021901935514709
0.8230940195045442
0.8709765124969397
0.8699852891463828
0.8228550519270479
0.42719524245799767
0.09149532604576956
0.0
0.0
0.0
0.0
0.0
0.0
0.0
0.0
0.0
0.0
0.0
0.0
0.0
0.0
0.0
0.0
0.0
0.0
0.0
0.0
0.9966185083143608
0.9792734484308574
0.8971075996747533
0.8061678206983953
0.6304869223865829
0.39309481918245326
0.2213169438912959
0.672004898113793
0.7567256366781266
0.7987524880311864
0.7555321301905062
0.8521325298565539
0.9111031675617532
0.9712273388882062
0.976868471187884
0.0
0.0
0.0
0.0
0.0
0.39257401093298067
0.5990997759102585
0.6633788768524687
0.43296762186462145
0.9975049193452626
0.9842531407546864
0.9395700625652771
0.909098397686409
0.8590532585723714
0.8167262243797472
0.7770542009387837
0.779001787990161
0.7672842223095219
0.7600964392623695
0.5028901602771501
0.7099825604561116
0.8216451714176495
0.9538420749458136
0.9774268177845273
0.0
0.0
0.0
0.11483788550773413
0.30095349391862325
0.295675593911057
0.6483555129761162
0.7397074868299073
0.8315579262390471
0.9937455222573237
0.9869401725755435
0.9505857216156116
0.9245712686349548
0.8380783451137809
0.709000418960553
0.5863214712391963
0.4309106742158688
0.028234610169059933
0.09319339662889566
0.06565258206998097
0.15865851037798195
0.39873684559033795
0.847342497172383
0.9183904225126301
0.0
0.0
0.0
0.0
0.0
0.0
0.0
0.2288336672669626
0.4893859256816234
0.9971231092815197
0.9825240655473704
0.9126907315590418
0.8022067902373339
0.5855491521680263
0.01430041624861119
0.0
0.00035503492137224223
0.0
0.0
0.0007939056737602215
0.0
0.0007389956298893422
0.08835647518163582
0.6874631771834286
0.0
0.0
0.0
0.0
0.0
0.0
0.0
0.0
0.0
0.0
0.0
0.0
0.0
0.0
0.0
0.0
0.0
0.0
0.0
0.0
0.0
0.0
0.0
0.0
0.0
0.0
0.0
0.0
0.0
0.0
0.0
0.0
0.0
0.0
0.0
0.0
0.0
0.0
0.0
0.0
0.0
0.0
0.0
0.0
0.0
0.0
0.0
0.0
0.0
0.0
0.0
0.0
0.0
0.0
0.0
0.0
0.0
0.9889614207603514
0.9728671511160892
0.8154121642919738
0.6273602173409274
0.1865645830058519
0.00040846659690075817
0.0
0.00029383457761092684
0.0
0.0
0.0005993149032790603
0.0
0.0
0.0
0.002897425098134941
0.0
0.0
0.0
0.0
0.0
0.0
0.0
0.0
0.0
0.9939580938070424
0.9619632289163981
0.7333769381816746
0.09577270585682023
0.0
0.0
0.0
0.0003088846161841197
0.0
0.00018284271367516298
0.0005499445085694605
0.0
0.0
0.0
0.0008003843058392677
0.0
0.0
0.0
0.0
0.0
0.0
0.0
0.0
0.0
0.9634376525056171
0.9225136167645996
0.40466404026560127
0.0001729578918429177
0.0
0.0
0.0
0.0003249040782218545
0.0
0.00018745404964037426
0.0007025947056048387
0.0
0.0
0.0
0.0
0.0
0.0
0.0
0.0
0.0
0.0
0.0
0.0
0.0
0.8540190742280173
0.6762175658131317
0.00014599149702765676
0.0
0.0
0.0
0.0
0.00036924688561620526
0.0
0.00018369890863822858
0.000696189806279639
0.0
0.0
0.0
0.0
0.0
0.0
0.0
0.0
0.0
0.0
0.0
0.0
0.0
0.990155475203926
0.941033175264927
0.6628625074145855
0.36196777209097947
0.023397457516459292
0.0003657207138621612
0.0
0.0003390210277591745
0.0
0.00020468459613453462
0.000731480895701591
0.0
0.0
0.14621329962082824
0.6513041618679951
0.0
0.0
0.0
0.0
0.0
0.0
0.0
0.0
0.0
0.0
0.0
0.0
0.0
0.0
0.0
0.0
0.0
0.0
0.0
0.0
0.0
0.0
0.0
0.0
0.0
0.0
0.0
0.0
0.0
0.0
0.0
0.0
0.0
0.4670430883394714
0.04208388320861894
0.0
0.0
0.0
0.0
0.0
0.0
0.0
0.0
0.0
0.0
0.0
0.0
0.0
0.0
0.0
0.0
0.0
0.0
0.0
0.0
0.0
0.0
0.9971406956963086
0.9793239267379853
0.8562655666343459
0.5574369144431852
0.0013105224091901496
0.00021074299017188782
0.0
0.0003069422032043016
0.0
0.0001892726763145639
0.0007045664614060096
0.0
0.0
0.0
0.0
0.0
0.0
0.0
0.0
0.0
0.0
0.0
0.0
0.0
0.9799588038482993
0.9243806181706445
0.6368552494574307
0.151983969489882
0.0
0.000244085809974658
0.0
0.0003388558020518079
0.0
0.0
0.0006451876594197038
0.0007123962171556715
0.0
0.0
0.7119006351309927
0.0
0.0
0.0
0.0
0.0
0.0
0.0
0.0
0.0
0.986948151264181
0.933116648474471
0.774926887964529
0.7620587537899663
0.7600365643819587
0.6894468789299654
0.6016473269159694
0.5964110076214486
0.6700424054396255
0.8171876627368616
0.730467293560773
0.8445314801111947
0.8419805752951266
0.9527962469016373
0.9847296271847179
0.0
0.0
0.0
0.0
0.0
0.0
0.0
0.0
0.23730215498354035
0.9969867276696024
0.9817011040513104
0.9295312887416404
0.9070482442506286
0.8689245950511623
0.8349186370387975
0.7785031091941383
0.7726137198104577
0.736987272343503
0.8848776913880446
0.916940878271193
0.9285790917910947
0.9118213461680007
0.9635389303325852
0.9684128619299928
0.0
0.0
0.0
0.0
0.0
0.1320545840599776
0.23976818517826406
0.627103454505064
0.6206479080424744
0.9974456957823734
0.9833355705071988
0.9297477263200636
0.8618087696278572
0.8036242700634687
0.6681769481795358
0.5964876119943779
0.58323468140744
0.3922575321431106
0.20498788929591497
0.16921062908848394
0.22186663866159917
0.40827529302992754
0.7103577211681813
0.8810643687244201
0.0
0.0
0.0
0.0
0.0
0.0
0.0
0.0
0.0
0.0
0.0
0.0
0.0
0.0
0.0
0.0
0.0
0.0
0.0
0.0
0.0
0.0
0.0
0.0
0.0
0.0
0.0
0.0
0.0
0.0
0.0
0.0
0.0
0.0
0.0
0.0
0.0
0.0
0.0
0.0
0.0
0.0
0.0
0.0
0.0
0.0
0.0
0.0
0.0
0.0
0.0
0.0
0.0
0.0
0.0
0.0
0.9750789940855302
0.9671974137842312
0.8789065602896724
0.641851711276604
0.029875623056684824
0.0002135493171728508
0.0
0.0003482248420289786
0.0
0.0
0.0007010646114976561
0.0
0.0
0.0
0.0
0.0
0.0
0.0
0.0
0.0
0.0
0.0
0.0
0.0
0.9910742655510909
0.9454847554564209
0.7235851516121491
0.222331226745526
0.0
0.0
0.0
0.00037431890757972074
0.0
0.00022680167935419635
0.0006612845347696167
0.0
0.0
0.0
0.0
0.0
0.0
0.0
0.0
0.0
0.0
0.0
0.0
0.0
0.9896333754238984
0.9522758809994065
0.7264744785459207
0.17593376129065774
9.664657592977888e-05
0.0
0.0
0.00033712575310295003
0.0
0.00018457222261653893
0.0006462973806272814
0.0
0.0
0.0
0.0
0.0
0.0
0.0
0.0
0.0
0.0
0.0
0.0
0.0
0.9618678765233253
0.9574208336655564
0.6767697929570647
0.0
9.731705090682608e-05
0.0
0.0
0.0003815648344913213
0.0
0.00022504059037425607
0.0006482022711392259
0.0
0.0
0.0
0.0
0.0
0.0
0.0
0.0
0.0
0.0
0.0
0.0
0.0
0.9775105500225059
0.8831940828606357
0.28517052156585343
0.0002941082848186532
0.0
0.0
0.0
0.0005794836187139196
0.0
0.0002285033873336103
0.0006671481080794697
0.0
0.0
0.0
0.0
0.0
0.0
0.0
0.0
0.0
0.0
0.0
0.0
0.0
0.0
0.0
0.0
0.0
0.0
0.0
0.0
0.0
0.0
0.0
0.0
0.0
0.0
0.0
0.0
0.0
0.0
0.0
0.0
0.0
0.0
0.0
0.0
0.0
0.0
0.0
0.0
0.0
0.0
0.0
0.0
0.0
0.0
0.0
0.0
0.0
0.0
0.0
0.0
0.0
0.0
0.0
0.0
0.0
0.0
0.0
0.0
0.0
0.9804126501259728
0.908754353758129
0.7270783954580177
0.7147061629287613
0.5741531917202308
0.3153028010218926
0.0
0.00030559004171657676
0.0
0.0
0.0007253303246514155
0.0
0.0
0.0
0.0
0.0
0.0
0.0
0.0
0.0
0.0
0.0
0.0
0.0
0.9796459814791924
0.8963268541713295
0.5451559146204038
0.12083158596836475
0.0
0.0
0.0
0.00036462877940778205
0.0
0.00018928220774772292
0.0006788364636281129
0.0
0.0
0.0
0.0
0.0
0.0
0.0
0.0
0.0
0.0
0.0
0.0
0.0
0.9866026954578314
0.9324156221629363
0.64548957820013
0.24114820308002907
0.0
0.00017401979533920655
0.0
0.00040938370550928796
0.0
0.00019518679325250443
0.0006508974287163327
0.0
0.0
0.0
0.0
0.0
0.0
0.0
0.0
0.0
0.0
0.0
0.0
0.0
0.9906525066209844
0.9491518489285904
0.7385653132655904
0.40250037914638265
0.0
0.00023882960455437428
0.0
0.0004043560178974495
0.0
0.00018794270114794553
0.0006723502905062708
0.0
0.0
0.0
0.0
0.0
0.0
0.0
0.0
0.0
0.0
0.0
0.0
0.0
0.9889693969143265
0.94839519245349
0.7438579156327794
0.25971539449756514
0.0
0.0
0.0
0.0003438636518570357
0.0
0.00018868089739885617
0.0006884676853525801
0.0
0.0
0.0
0.0
0.0
0.0
0.0
0.0
0.0
0.0
0.0
0.0
0.0
0.0
0.0
0.0
0.0
0.0
0.0
0.0
0.0
0.0
0.0
0.0
0.0
0.0
0.0
0.0
0.0
0.0
0.0
0.0
0.0
0.0
0.0
0.0
0.0
0.0
0.0
0.0
0.0
0.0
0.0
0.0
0.0
0.0
0.0
0.0
0.0
0.0
0.0
0.0
0.0
0.0
0.0
0.0
0.0
0.0
0.0
0.0
0.0
0.9898503997280684
0.9498251219829514
0.7713189659946534
0.30179743040725343
0.0
0.0
0.0
0.0003685402627493329
0.0
0.00018599389490243888
0.0007129537317541821
0.0
0.0
0.0
0.0
0.0
0.0
0.0
0.0
0.0
0.0
0.0
0.0
0.0
0.9883197243215764
0.9430050550444156
0.7371048581919808
0.3087343077351486
0.0
0.0
0.0
0.0004039662585154405
0.0
0.00018773005901704678
0.0006412019740959422
0.0
0.0
0.0
0.0
0.0
0.0
0.0
0.0
0.0
0.0
0.0
0.0
0.0
0.9491612181436841
0.9420930501438209
0.3343283249358962
0.0
0.0
0.0
0.0
0.00034230677199961843
0.0
0.0002377126497788708
0.0006760631049194019
0.0
0.0
0.0
0.0
0.0
0.0
0.0
0.0
0.0
0.0
0.0
0.0
0.0
0.9818827803510553
0.8763430553554719
0.0010359444069306964
0.0
0.0
0.0
0.0
0.00027375179690974254
0.0
0.000194580326821724
0.0006619277130400782
0.0
0.0
0.0
0.0
0.0
0.0
0.0
0.0
0.0
0.0
0.0
0.0
0.0
0.1277855849495165
0.39206621974618155
0.00012446313046315984
0.0
0.0
0.0
0.0
0.0004123632170335085
0.0
0.00024703109860247784
0.0006795481570965486
0.0
0.0
0.0
0.0
0.0
0.0
0.0
0.0
0.0
0.0
0.0
0.0
0.0
0.0
0.0
0.0
0.0
0.0
0.0
0.0
0.0
0.0
0.0
0.0
0.0
0.0
0.0
0.0
0.0
0.0
0.0
0.0
0.0
0.0
0.0
0.0
0.0
0.0
0.0
0.0
0.0
0.0
0.0
0.0
0.0
0.0
0.0
0.0
0.0
0.0
0.0
0.0
0.0
0.0
0.0
0.0
0.0
0.0
0.0
0.0
0.0
0.9461024198693903
0.5005503470135543
0.00017485134034818923
0.0
0.0
0.0
0.0
0.00030497942716746084
0.0
0.00025153838051946044
0.0006711298058809775
0.0
0.0
0.0
0.0
0.0
0.0
0.0
0.0
0.0
0.0
0.0
0.0
0.0
0.9544933891288482
0.9120411727681326
0.18165168419635916
0.0
0.0
0.0
0.0
0.000338205708505344
0.0
0.00019487666992890981
0.0009108401516260083
0.0
0.0
0.0
0.0
0.0
0.0
0.0
0.0
0.0
0.0
0.0
0.0
0.0
0.9873579866433001
0.8940942884270469
0.11140233953349943
0.0
0.0
0.0
0.0
0.0003251230301360829
0.0
0.00019872133677055454
0.000933641529953297
0.0
0.0
0.0
0.0
0.0
0.0
0.0
0.0
0.0
0.0
0.0
0.0
0.0
0.9923043560550007
0.9426529023601485
0.7277663148344926
0.26754042545522433
0.0001453645915734939
0.0
0.0
0.0003922702783494663
0.0
0.0002419041347249487
0.0006633889890072423
0.0
0.0
0.0
0.0
0.0
0.0
0.0
0.0
0.0
0.0
0.0
0.0
0.0
0.9882273996105914
0.8993454678652326
0.12068164780824393
0.0
0.0
0.0
0.0
0.0006299596922235642
0.0
0.00025632542539784467
0.0006855138182055341
0.0
0.0
0.0
0.0
0.0
0.0
0.0
0.0
0.0
0.0
0.0
0.0
0.0
0.0
0.0
0.0
0.0
0.0
0.0
0.0
0.0
0.0
0.0
0.0
0.0
0.0
0.0
0.0
0.0
0.0
0.0
0.0
0.0
0.0
0.0
0.0
0.0
0.0
0.0
0.0
0.0
0.0
0.0
0.0
0.0
0.0
0.0
0.0
0.0
0.0
0.0
0.0
0.0
0.0
0.0
0.0
0.0
0.0
0.0
0.0
0.0
0.9894720133327752
0.9219356932917961
0.545662532706185
0.0
0.00014474855826729382
0.0
0.0
0.00046440395880743666
0.0
0.00025366447795603306
0.0006906006120043446
0.0
0.0
0.0
0.0
0.0
0.0
0.0
0.0
0.0
0.0
0.0
0.0
0.0
0.9851626335276387
0.9275685502756897
0.1328282901764817
0.0
0.0
0.0
0.0
0.0004148545898498027
0.0
0.00019870509884252146
0.0009461258594289842
0.0
0.0
0.0
0.0
0.0
0.0
0.0
0.0
0.0
0.0
0.0
0.0
0.0
0.9925700621144502
0.9335917230615356
0.5668802951481859
0.009625119046464962
0.0
0.0
0.0
0.00040124188030227795
0.0
0.0002524693680285757
0.0006839897924343823
0.0
0.0
0.0
0.0
0.0
0.0
0.0
0.0
0.0
0.0
0.0
0.0
0.0
0.9704167626043837
0.9395747975151953
0.1438721201907521
0.0
0.0
0.0
0.0
0.00037450207350777737
0.0
0.000245900356873556
0.000667233631501569
0.0
0.0
0.0
0.0
0.0
0.0
0.0
0.0
0.0
0.0
0.0
0.0
0.0
0.9874525236487118
0.9401187802177897
0.32389035202763955
0.0
0.0
0.0
0.0
0.0
0.0
0.00025041342209610677
0.0006804503259657781
0.0
0.0
0.0
0.0
0.0
0.0
0.0
0.0
0.0
0.0
0.0
0.0
0.0
0.0
0.0
0.0
0.0
0.0
0.0
0.0
0.0
0.0
0.0
0.0
0.0
0.0
0.0
0.0
0.0
0.0
0.0
0.0
0.0
0.0
0.0
0.0
0.0
0.0
0.0
0.0
0.0
0.0
0.0
0.0
0.0
0.0
0.0
0.0
0.0
0.0
0.0
0.0
0.0
0.0
0.0
0.0
0.0
0.0
0.0
0.0
0.0
0.9408778224223698
0.32838062240983673
0.00017910039769813635
0.0
0.0
0.0
0.0
0.0003665445332108374
0.0
0.00025071935001666934
0.0009254766942517829
0.0
0.0
0.0
0.0
0.0
0.0
0.0
0.0
0.0
0.0
0.0
0.0
0.0
0.08204998147822569
0.0006212533411769038
0.00017361961533539981
0.0
0.0
0.0
0.0
0.0003144473744191031
0.0
0.00026520745694416284
0.0009607501890495815
0.0
0.0
0.0
0.0
0.0
0.0
0.0
0.0
0.0
0.0
0.0
0.0
0.0
0.9845762221313186
0.912757415832248
0.6736157109734892
0.4924674552492248
0.05829616994104796
0.0
0.0
0.00044122878626967155
0.0
0.0
0.0009583213402581285
0.0
0.0
0.0
0.0
0.0
0.0
0.0
0.0
0.0
0.0
0.0
0.0
0.0
0.9673974405886263
0.9477094023427776
0.5945643481141717
0.25908616092609044
0.0
0.0
0.0
0.00038709584541954064
0.0
0.0002559686673512896
0.0009096983466467158
0.0
0.0
0.0
0.0
0.0
0.0
0.0
0.0
0.0
0.0
0.0
0.0
0.0
0.9929531544870505
0.9477976467748624
0.7678376768465333
0.5158055152203225
0.0
0.00027735524998665764
0.0
0.0004462807902184932
0.0
0.00024610563374380455
0.0006900778115939753
0.0
0.0
0.0
0.0
0.0
0.0
0.0
0.0
0.0
0.0
0.0
0.0
0.0
0.0
0.0
0.0
0.0
0.0
0.0
0.0
0.0
0.0
0.0
0.0
0.0
0.0
0.0
0.0
0.0
0.0
0.0
0.0
0.0
0.0
0.0
0.0
0.0
0.0
0.0
0.0
0.0
0.0
0.0
0.0
0.0
0.0
0.0
0.0
0.0
0.0
0.0
0.0
0.0
0.0
0.0
0.0
0.0
0.0
0.0
0.0
0.0
0.9908783862388167
0.9532915913957575
0.5282018257310607
0.0
0.00015687328531908146
0.0
0.0
0.00034568040736278853
0.0
0.00023380045997794792
0.0009319606381517371
0.0
0.0
0.0
0.0
0.0
0.0
0.0
0.0
0.0
0.0
0.0
0.0
0.0
0.98186520485884
0.763606947551686
0.00020923881191469183
0.0
0.0
0.0
0.0
0.0
0.0
0.00024757200118361743
0.0009142314322302723
0.0
0.0
0.0
0.0
0.0
0.0
0.0
0.0
0.0
0.0
0.0
0.0
0.0
0.9814877794829346
0.7819392610079486
0.00019807394724915083
0.0
0.0
0.0
0.0
0.0
0.0
0.0
0.0009276819170707058
0.0
0.0
0.0
0.0
0.0
0.0
0.0
0.0
0.0
0.0
0.0
0.0
0.0
0.9700495801087581
0.6888760985006125
0.0001690813625614175
0.0
0.0
0.0
0.0
0.0
0.0
0.0004408156223075055
0.0009157860770098116
0.0
0.0
0.0
0.0
0.0
0.0
0.0
0.0
0.0
0.0
0.0
0.0
0.0
0.9745391591401134
0.6333786770551711
0.00019383246144254475
0.0
0.0
0.0
0.0
0.0
0.0
0.0004540980486090589
0.000658707535199585
0.0
0.0
0.0
0.0
0.0
0.0
0.0
0.0
0.0
0.0
0.0
0.0
0.0
0.0
0.0
0.0
0.0
0.0
0.0
0.0
0.0
0.0
0.0
0.0
0.0
0.0
0.0
0.0
0.0
0.0
0.0
0.0
0.0
0.0
0.0
0.0
0.0
0.0
0.0
0.0
0.0
0.0
0.0
0.0
0.0
0.0
0.0
0.0
0.0
0.0
0.0
0.0
0.0
0.0
0.0
0.0
0.0
0.0
0.0
0.0
0.0
0.0021570264723301297
0.0012336453326739734
0.00013781739181481747
0.0
0.0
0.0
0.0
0.0
0.0
0.0
0.0009167896363363032
0.0
0.0
0.0
0.0
0.0
0.0
0.0
0.0
0.0
0.0
0.0
0.0
0.0
0.0040152219765126965
0.0
0.0
0.0
0.0
0.0
0.0
0.0
0.0
0.00046091495863182153
0.0009105552754370899
0.0
0.0
0.0
0.0
0.0
0.0
0.0
0.0
0.0
0.0
0.0
0.0
0.0
0.00810911866077224
0.0010218946541725505
0.00015322314347019703
0.0
0.0
0.0
0.0
0.0
0.0
0.00044459230612630405
0.0009056884536876529
0.0
0.0
0.0
0.0
0.0
0.0
0.0
0.0
0.0
0.0
0.0
0.0
0.0
0.005176565180678751
0.0
0.0
0.0
0.0
0.0
0.0
0.0
0.0
0.0004435429816152841
0.0009027960245037801
0.0
0.0
0.0
0.0
0.0
0.0
0.0
0.0
0.0
0.0
0.0
0.0
0.0
0.007863074085558459
0.0005624169202397291
0.0001403753970032803
0.0
0.0
0.0
0.0
0.0
0.0
0.0004328147409467596
0.000887676993254669
0.0
0.0
0.0
0.0
0.0
0.0
0.0
0.0
0.0
0.0
0.0
0.0
0.0
0.0
0.0
0.0
0.0
0.0
0.0
0.0
0.0
0.0
0.0
0.0
0.0
0.0
0.0
0.0
0.0
0.0
0.0
0.0
0.0
0.0
0.0
0.0
0.0
0.0
0.0
0.0
0.0
0.0
0.0
0.0
0.0
0.0
0.0
0.0
0.0
0.0
0.0
0.0
0.0
0.0
0.0
0.0
0.0
0.0
0.0
0.0
0.0
0.9596827106853598
0.29212179558621904
0.00020016590216695245
0.0
0.0
0.0
0.0
0.0
0.0
0.0002533154038559818
0.0009244098543276633
0.0
0.0
0.0
0.0
0.0
0.0
0.0
0.0
0.0
0.0
0.0
0.0
0.0
0.8806333683039143
0.0006471772834131985
0.00017376045548542977
0.0
0.0
0.0
0.0
0.0
0.0
0.0004516470859413098
0.0009135876246182184
0.0
0.0
0.0
0.0
0.0
0.0
0.0
0.0
0.0
0.0
0.0
0.0
0.0
0.02753766032884913
0.0005891654199559666
0.00017182810714388408
0.0
0.0
0.0
0.0
0.0
0.0
0.0006264321604699306
0.0009193635365453548
0.0
0.0
0.0
0.0
0.0
0.0
0.0
0.0
0.0
0.0
0.0
0.0
0.0
0.906983928612727
0.0010129136184623706
0.00019212903227227202
0.0
0.0
0.0
0.0
0.0
0.0
0.0004353664703110728
0.0009209229357945169
0.0
0.0
0.0
0.0
0.0
0.0
0.0
0.0
0.0
0.0
0.0
0.0
0.0
0.941179296157671
0.41875964901242263
0.00018699833632741347
0.0
0.0
0.0
0.0
0.0004945762711528274
0.0
0.0004814902075426775
0.00096484071738668
0.0
0.0
0.0
0.0
0.0
0.0
0.0
0.0
0.0
0.0
0.0
0.0
0.0
0.0
0.0
0.0
0.0
0.0
0.0
0.0
0.0
0.0
0.0
0.0
0.0
0.0
0.0
0.0
0.0
0.0
0.0
0.0
0.0
0.0
0.0
0.0
0.0
0.0
0.0
0.0
0.0
0.0
0.0
0.0
0.0
0.0
0.0
0.0
0.0
0.0
0.0
0.0
0.0
0.0
0.0
0.0
0.0
0.0
0.0
0.0
0.0
0.9828633108881627
0.8698690247022353
0.00020528996011657253
0.0
0.0
0.0
0.0
0.0003910854476766927
0.0
0.00033996419951218027
0.0009184544652966066
0.0
0.0
0.0
0.0
0.0
0.0
0.0
0.0
0.0
0.0
0.0
0.0
0.0
0.9475693514559497
0.8202542267457231
0.00020457766643384374
0.0
0.0
0.0
0.0
0.0
0.0
0.00024705587190908376
0.0009118307563075813
0.0
0.0
0.0
0.0
0.0
0.0
0.0
0.0
0.0
0.0
0.0
0.0
0.0
0.7514626846793676
0.0010590568114909145
0.00018037498982822364
0.0
0.0
0.0
0.0
0.0
0.0
0.00044525095519504676
0.0009057709919259809
0.0
0.0
0.0
0.0
0.0
0.0
0.0
0.0
0.0
0.0
0.0
0.0
0.0
0.9679264322618646
0.3681217280675509
0.0002270450465536422
0.0
0.0
0.0
0.0
0.0
0.0
0.0003633894548551669
0.0008992187943243779
0.0
0.0
0.0
0.0
0.0
0.0
0.0
0.0
0.0
0.0
0.0
0.0
0.0
0.0035288842012773827
0.0011306420803135501
0.0
0.0
0.0
0.0
0.0
0.0
0.0
0.0
0.0008594942375924703
0.0
0.0
0.0
0.0
0.0
0.0
0.0
0.0
0.0
0.0
0.0
0.0
0.0
0.0
0.0
0.0
0.0
0.0
0.0
0.0
0.0
0.0
0.0
0.0
0.0
0.0
0.0
0.0
0.0
0.0
0.0
0.0
0.0
0.0
0.0
0.0
0.0
0.0
0.0
0.0
0.017132329272475228
0.0
0.0
0.0
0.0
0.0
0.0
0.0
0.0
0.0
0.0
0.0
0.0
0.0
0.0
0.0
0.0
0.0
0.0
0.0
0.0
0.011278056112826671
0.0
0.0
0.0
0.0
0.0
0.0
0.0
0.0
0.0
0.0015263750178089364
0.0
0.0
0.0
0.0
0.0
0.0
0.0
0.0
0.0
0.0
0.0
0.0
0.0
0.01015788313710177
0.001067313376443553
0.00016191595640595158
0.0
0.0
0.0
0.0
0.0
0.0
0.0006336407729338379
0.0009228528858879491
0.0
0.0
0.0
0.0
0.0
0.0
0.0
0.0
0.0
0.0
0.0
0.0
0.0
0.9621958507729608
0.4358767571315044
0.00020539662887542862
0.0
0.0
0.0
0.0
0.0
0.0
0.00043665218263454626
0.0009062249612728489
0.0
0.0
0.0
0.0
0.0
0.0
0.0
0.0
0.0
0.0
0.0
0.0
0.0
0.9383184978939901
0.0005199520076289862
0.0001896736300634947
0.0
0.0
0.0
0.0
0.0
0.0
0.0006139016049773628
0.0008962328654685271
0.0
0.0
0.0
0.0
0.0
0.0
0.0
0.0
0.0
0.0
0.0
0.0
0.0
0.16382345445560223
0.001252392696916537
0.0
0.0
0.0
0.0
0.0
0.0
0.0
0.0
0.0008511411413356766
0.0
0.0
0.0
0.0
0.0
0.0
0.0
0.0
0.0
0.0
0.0
0.0
0.0
0.0
0.0
0.0
0.0
0.0
0.0
0.0
0.0
0.0
0.0
0.0
0.0
0.0
0.0
0.0
0.0
0.0
0.0
0.0
0.0
0.0
0.0
0.0
0.0
0.0
0.0
0.009553789922692872
0.0
0.0
0.0
0.0
0.0
0.0
0.0
0.0
0.0
0.0
0.0
0.0
0.0
0.0
0.0
0.0
0.0
0.0
0.0
0.0
0.0
0.0
0.0
0.01948895233364683
0.0
0.0
0.0
0.0
0.0
0.0
0.0
0.0
0.0
0.0
0.0
0.0
0.0
0.0
0.0
0.0
0.0
0.0
0.0
0.0
0.0
0.0024431698876018486
0.0
0.0
0.0
0.0
0.0
0.0
0.0
0.0
0.0
0.0013755884576869375
0.0
0.0
0.0
0.0
0.0
0.0
0.0
0.0
0.0
0.0
0.0
0.0
0.0
0.01213374167549277
0.0
0.0
0.0
0.0
0.0
0.0
0.0
0.0
0.0
0.0008131112460549445
0.0
0.0
0.0
0.0
0.0
0.0
0.0
0.0
0.0
0.0
0.0
0.0
0.0
0.003935464325698068
0.0
0.0
0.0
0.0
0.0
0.0
0.0
0.0
0.0
0.0009722193519218809
0.0
0.0
0.0
0.0
0.0
0.0
0.0
0.0
0.0
0.0
0.0
0.0
0.0
0.004637433723219629
0.0011676074791983203
0.0
0.0
0.0
0.0
0.0
0.0
0.0
0.0005939796751445558
0.0008877415682190477
0.0
0.0
0.0
0.0
0.0
0.0
0.0
0.0
0.0
0.0
0.0
0.0
0.0
0.0
0.0
0.0
0.0
0.0
0.0
0.0
0.0
0.0
0.0
0.0
0.0
0.0
0.0
0.0
0.0
0.0
0.0
0.0
0.0
0.0
0.0
0.0
0.0
0.0
0.0
0.0
0.0
0.0
0.0
0.0
0.0
0.0
0.0
0.0
0.0
0.0
0.0
0.0
0.0
0.0
0.0
0.0
0.0
0.0
0.0
0.0
0.0
0.0
0.0
0.0001397925489221558
0.0
0.0
0.0
0.0
0.0
0.0
0.0
0.0010336961092285483
0.0
0.0
0.0
0.0
0.0
0.0
0.0
0.0
0.0
0.0
0.0
0.0
0.0
0.0
0.0
0.0
0.0
0.0
0.0
0.0
0.0
0.0
0.0
0.0
0.0
0.0
0.0
0.0
0.0
0.0
0.0
0.0
0.0
0.0
0.0
0.0
0.0
0.0
0.0
0.00013381229647928735
0.0
0.0
0.0
0.0
0.0
0.0
0.0
0.0
0.0
0.0
0.0
0.0
0.0
0.0
0.0
0.0
0.0
0.0
0.0
0.0
0.0
0.0
0.0
0.0
0.0
0.0
0.0
0.0
0.0
0.0
0.0
0.0
0.0
0.0
0.0
0.0
0.0
0.0
0.0
0.0
0.0
0.0
0.0
0.0
0.0
0.001301414024685432
0.0
0.0
0.0
0.0
0.0
0.0
0.0
0.0
0.0
0.0
0.0
0.0
0.0
0.0
0.0
0.0
0.0
0.0
0.0
0.0
0.0
0.0
0.0
0.0
0.0
0.0
0.0
0.0
0.0
0.0
0.0
0.0
0.0
0.0
0.0
0.0
0.0
0.0
0.0
0.0
0.0
0.0
0.0
0.0
0.0
0.0
0.0
0.0
0.010383724933268338
0.0
0.0
0.0
0.0
0.0
0.0
0.0
0.0
0.0
0.0
0.0
0.0
0.0
0.0
0.0
0.0
0.0
0.0
0.0
0.0
0.0
0.0
0.0
0.0
0.0
0.0
0.0
0.0
0.0
0.0
0.0
0.0003546876178669935
0.0006805572592721838
0.0
0.0
0.0
0.0
0.0
0.0
0.0
0.0
0.0
0.0
0.0
0.0
0.0
0.0
0.0
0.00016733503302060972
0.0
0.0
0.0
0.0
0.0005277111570021848
0.0
0.000354406236062453
0.0012909085612296245
0.0
0.0
0.0
0.0
0.0
0.0
0.0
0.0
0.0
0.0
0.0
0.0
0.0
0.005093595277090493
0.0012059585563123957
0.0
0.0
0.0
0.0
0.0
0.0
0.0
0.0
0.0008590363202116047
0.0
0.0
0.0
0.0
0.0
0.0
0.0
0.0
0.0
0.0
0.0
0.0
0.0
0.005893110081649658
0.001171632022010973
0.00016218952042540728
0.0
0.0
0.0
0.0
0.0
0.0
0.0
0.0009031997717558313
0.0
0.0
0.0
0.0
0.0
0.0
0.0
0.0
0.0
0.0
0.0
0.0
0.0
0.9396653378580446
0.1525236789767747
0.00017065420392945642
0.0
0.0
0.0
0.0
0.0
0.0
0.000949550767965742
0.0
0.0
0.0
0.0
0.0
0.0
0.0
0.0
0.0
0.0
0.0
0.0
0.0
0.0
0.0
0.0
0.0
0.0
0.0
0.0
0.0
0.0
0.0
0.0
0.0
0.0
0.0
0.0
0.0
0.0
0.0
0.0
0.0
0.0
0.0
0.0
0.0
0.0
0.0
0.0
0.0
0.0
0.0
0.0
0.0
0.0
0.0
0.0
0.0
0.0
0.0
0.0
0.0
0.0
0.0
0.0
0.0
0.0
0.0
0.0
0.0
0.0
0.0
0.0
0.0
0.0
0.0
0.0
0.0
0.0
0.0
0.0
0.0
0.0
0.0
0.0
0.0
0.0
0.0
0.0
0.0
0.0
0.0
0.0
0.0
0.0
0.0
0.0
0.00016235546371997254
0.0
0.0
0.0
0.0
0.0
0.0
0.0
0.0
0.0
0.0
0.0
0.0
0.0
0.0
0.0
0.0
0.0
0.0
0.0
0.0
0.0
0.0
0.0
0.00015993437641439708
0.0
0.0
0.0
0.0
0.0
0.0
0.0
0.0
0.0
0.0
0.0
0.0
0.0
0.0
0.0
0.0
0.0
0.0
0.0
0.0
0.0
0.0
0.0
0.0
0.0
0.0
0.0
0.0
0.0
0.0
0.0
0.0
0.0
0.0
0.0
0.0
0.0
0.0
0.0
0.0
0.0
0.0
0.0
0.0
0.0
0.0
0.0
0.00016180606259423968
0.0
0.0
0.0
0.0
0.0
0.0
0.0
0.0
0.0
0.0
0.0
0.0
0.0
0.0
0.0
0.0
0.0
0.0
0.0
0.0
0.0
0.0
0.0
0.0
0.0
0.0
0.0
0.0
0.0
0.0
0.0
0.0
0.0
0.0
0.0
0.0
0.0
0.0
0.0
0.0
0.0
0.0
0.0
0.0
0.0
0.0
0.0
0.0
0.0
0.0
0.0
0.0
0.0
0.0
0.0
0.0
0.0
0.0
0.0
0.0
0.0
0.0
0.0
0.0
0.0
0.0
0.0
0.0
0.0
0.0
0.0
0.0
0.0
0.0
0.0
0.0
0.0
0.0
0.0
0.0
0.0
0.0
0.0
0.0
0.0
0.0
0.0
0.0
0.0
0.0
0.0
0.0
0.0
0.0010069558794933
0.0
0.0
0.0
0.0
0.0
0.0
0.0
0.0
0.0
0.0
0.0
0.0
0.0
0.0
0.0
0.0
0.0
0.0
0.0
0.0
0.0
0.0
0.0
0.0017509011338475223
0.0
0.0
0.0
0.0
0.0
0.0
0.0
0.0
0.0
0.0
0.0
0.0
0.0
0.0
0.0
0.0
0.0
0.0
0.0
0.0
0.0
0.0
0.0
0.0007140355210212085
0.0
0.0
0.0
0.0
0.0
0.0
0.0
0.0
0.0
0.0
0.0
0.0
0.0
0.0
0.0
0.0
0.0
0.0
0.0
0.0
0.0
0.0
0.0
0.0012364542945806178
0.0
0.0
0.0
0.0
0.0
0.0
0.0
0.0
0.0
0.0
0.0
0.0
0.0
0.0
0.0
0.0
0.0
0.0
0.0
0.0
0.0
0.0
0.0
0.0
0.0
0.0
0.0
0.0
0.0
0.0
0.0
0.0
0.0
0.0
0.0
0.0
0.0
0.0
0.0
0.0
0.0
0.0
0.0
0.0
0.0
0.0
0.0
0.0
0.0
0.0
0.0
0.0
0.0
0.0
0.0
0.0
0.0
0.0
0.0
0.0
0.0
0.0
0.0
0.0
0.0
0.0
0.0
0.0
0.0
0.0
0.0
0.0042898945499894965
0.004195436661602145
0.0
0.0
0.0
0.0
0.0
0.00125034103729181
0.0
0.0
0.0
0.0
0.007624068705260954
0.0
0.0
0.0
0.0
0.0
0.0
0.0
0.0
0.0
0.0
0.0
0.0
0.0
0.0
0.0
0.0
0.0
0.0
0.0
0.0
0.0
0.0
0.0
0.0
0.0
0.0
0.0
0.0
0.0
0.0
0.0
0.0
0.0
0.0
0.0
0.0
0.0
0.0
0.0
0.0
0.0
0.0
0.0013843856546443972
0.0
0.0
0.0
0.0
0.0
0.0
0.0
0.0
0.0
0.0
0.0
0.0
0.0
0.0
0.0
0.0
0.02565403839825634
0.0
0.0
0.0
0.0
0.0
0.0
0.0006503279035864946
0.0
0.0
0.0
0.0
0.0
0.0
0.0
0.0
0.0
0.0
0.0
0.0
0.0
0.0
0.0
0.0
0.002289968440356463
0.0012933388958030485
0.0
0.0
0.0
0.0
0.0
0.0010453368128018202
0.0
0.0
0.0
0.0
0.0
0.0
0.0
0.0
0.0
0.0
0.0
0.0
0.0
0.0
0.0
0.0
0.0
0.0
0.0
0.0
0.0
0.0
0.0
0.0
0.0
0.0
0.0
0.0
0.0
0.0
0.0
0.0
0.0
0.0
0.0
0.0
0.0
0.0
0.0
0.0
0.0
0.0
0.0
0.0
0.0
0.0
0.0
0.0
0.0
0.0
0.0
0.0
0.0
0.0
0.0
0.0
0.0
0.0
0.0
0.0
0.0
0.0
0.0
0.0
0.002327448474392418
0.0049849377316467484
0.0
0.0
0.0
0.0
0.0
0.0
0.0
0.0
0.0
0.0
0.0
0.0
0.0
0.0
0.0
0.0
0.0
0.0
0.0
0.0
0.0
0.0
0.0024638517466154556
0.004754644430480017
0.0
0.0
0.0
0.0
0.0
0.0
0.0
0.0
0.0
0.0
0.0
0.0
0.0
0.0
0.0
0.0
0.0
0.0
0.0
0.0
0.0
0.0
0.002261602873376277
0.0047920607846086835
0.0
0.0
0.0
0.0
0.0
0.0
0.0
0.0
0.0
0.0
0.0
0.0
0.0
0.0
0.0
0.0
0.0
0.0
0.0
0.0
0.0
0.0
0.003210184820983782
0.004895881148258683
0.0
0.0
0.0
0.0
0.0
0.0
0.0
0.0
0.0
0.0
0.0
0.0
0.0
0.0
0.0
0.0
0.0
0.0
0.0
0.0
0.0
0.0
0.003185301726017924
0.004853621386254055
0.0
0.0
0.0
0.0
0.0
0.0
0.0
0.0
0.0
0.0
0.0
0.0
0.0
0.0
0.0
0.0
0.0
0.0
0.0
0.0
0.0
0.0
0.0
0.0
0.0
0.0
0.0
0.0
0.0
0.0
0.0
0.0
0.0
0.0
0.0
0.0
0.0
0.0
0.0
0.0
0.0
0.0
0.0
0.0
0.0
0.0
0.0
0.0
0.0
0.0
0.0
0.0
0.0
0.0
0.0
0.0
0.0
0.0
0.0
0.0
0.0
0.0
0.0
0.0
0.0
0.0
0.0
0.0
0.0
0.0
0.0035726516941892747
0.004994434376641185
0.0
0.0
0.0
0.0
0.0
0.0
0.0
0.0
0.0
0.0
0.0
0.0
0.0
0.0
0.0
0.0
0.0
0.0
0.0
0.0
0.0
0.0
0.003179030529981778
0.004903075367899323
0.0
0.0
0.0
0.0
0.0
0.0006654034623612054
0.0
0.0
0.0
0.0
0.0
0.0
0.0
0.0
0.0
0.0
0.0
0.0
0.0
0.0
0.0
0.0
0.0026155707257973482
0.004856436463818498
0.0
0.0
0.0
0.0
0.0
0.0
0.0
0.0
0.0
0.0
0.0
0.0
0.0
0.0
0.0
0.0
0.0
0.0
0.0
0.0
0.0
0.0
0.002369903788793563
0.004784494164495572
0.0
0.0
0.0
0.0
0.0
0.0
0.0
0.0
0.0
0.0
0.0
0.0
0.0
0.0
0.0
0.0
0.0
0.0
0.0
0.0
0.0
0.0
0.0
0.004811960499705117
0.0
0.0
0.0
0.0
0.0
0.0004855000332587261
0.0
0.0
0.0
0.0
0.0
0.0
0.0
0.0
0.0
0.0
0.0
0.0
0.0
0.0
0.0
0.0
0.0
0.0
0.0
0.0
0.0
0.0
0.0
0.0
0.0
0.0
0.0
0.0
0.0
0.0
0.0
0.0
0.0
0.0
0.0
0.0
0.0
0.0
0.0
0.0
0.0
0.0
0.0
0.0
0.0
0.0
0.0
0.0
0.0
0.0
0.0
0.0
0.0
0.0
0.0
0.0
0.0
0.0
0.0
0.0
0.0
0.0
0.0
0.0
0.003769741163639565
0.005154496515615365
0.0
0.0
0.0
0.0
0.0
0.0006525725425307905
0.0
0.0
0.0
0.0
0.0
0.0
0.0
0.0
0.0
0.0
0.0
0.0
0.0
0.0
0.0
0.0
0.005219116218314214
0.003294090570540089
0.0
0.0
0.0
0.0
0.0
0.0013831739510456072
0.0
0.0
0.0
0.0
0.0
0.0
0.0
0.0
0.0
0.0
0.0
0.0
0.0
0.0
0.0
0.0
0.0034744082845966574
0.005137449069537837
0.0
0.0
0.0
0.0
0.0
0.0
0.0
0.0
0.0
0.0
0.0
0.0
0.0
0.0
0.0
0.0
0.0
0.0
0.0
0.0
0.0
0.0
0.005135324784737363
0.0051101876474138365
0.0
0.0
0.0
0.0
0.0
0.0011385894058382486
0.0
0.0
0.0
0.0
0.0
0.0
0.0
0.0
0.0
0.0
0.0
0.0
0.0
0.0
0.0
0.0
0.005348101614559994
0.004879923130335895
0.0
0.0
0.0
0.0
0.0
0.0
0.0
0.0
0.0
0.0
0.0
0.0
0.0009546642129282209
0.0
0.0
0.0
0.0
0.0
0.0
0.0
0.0
0.0
0.0
0.0
0.0
0.0
0.0
0.0
0.0
0.0
0.0
0.0
0.0
0.0
0.0
0.0
0.0
0.0
0.0
0.0
0.0
0.0
0.0
0.0
0.0
0.0
0.0
0.0
0.0
0.0
0.0
0.0
0.0
0.0
0.0
0.0
0.0
0.0
0.0
0.0
0.0
0.0
0.0
0.0
0.0
0.0
0.0
0.0
0.0
0.0
0.0012703759093941026
0.004318533679492051
0.0
0.0
0.0
0.0
0.0
0.0015103994102855847
0.0
0.0
0.0
0.0
0.0
0.0
0.0
0.0
0.0
0.0
0.0
0.0
0.0
0.0
0.0
0.0
0.002171282038206472
0.00470395102335148
0.0
0.0
0.0
0.0
0.0
0.0
0.0
0.0
0.0
0.0
0.0
0.0
0.0
0.0
0.0
0.0
0.0
0.0
0.0
0.0
0.0
0.0
0.0007836674186201359
0.004914041269229865
0.0
0.0
0.0
0.0
0.0
0.0
0.0
0.0
0.0
0.0
0.0
0.0
0.0
0.0
0.0
0.0
0.0
0.0
0.0
0.0
0.0
0.0
0.0023470496737628345
0.004876911683971009
0.0
0.0
0.0
0.0
0.0
0.0009574418540582971
0.0
0.0
0.0
0.0
0.0
0.0
0.0
0.0
0.0
0.0
0.0
0.0
0.0
0.0
0.0
0.0
0.004941921853419007
0.00502218599472352
0.0
0.0
0.0
0.0
0.0
0.0009747708811361365
0.0
0.0
0.0
0.0
0.0
0.0
0.0
0.0
0.0
0.0
0.0
0.0
0.0
0.0
0.0
0.0
0.0
0.0
0.0
0.0
0.0
0.0
0.0
0.0
0.0
0.0
0.0
0.0
0.0
0.0
0.0
0.0
0.0
0.0
0.0
0.0
0.0
0.0
0.0
0.0
0.0
0.0
0.0
0.0
0.0
0.0
0.0
0.0
0.0
0.0
0.0
0.0
0.0
0.0
0.0
0.0
0.0
0.0
0.0
0.0
0.0
0.0
0.0
0.0
0.0009171520659879891
0.005061432275190217
0.0
0.0
0.0
0.0
0.0
0.0014792996946413042
0.0
0.0
0.0
0.0
0.0
0.0
0.0
0.0
0.0
0.0
0.0
0.0
0.0
0.0
0.0
0.0
0.005623519926810227
0.004845762473705886
0.0
0.0
0.0
0.0
0.0
0.0014655967617248512
0.0
0.0
0.0
0.0
0.0
0.0
0.0
0.0
0.0
0.0
0.0
0.0
0.0
0.0
0.0
0.0
0.003666108699825238
0.004889943521890985
0.0
0.0
0.0
0.0
0.0
0.0010696583515450598
0.0
0.0
0.0
0.0
0.0
0.0
0.0
0.0
0.0
0.0
0.0
0.0
0.0
0.0
0.0
0.0
0.0036226471023159713
0.004862670042669777
0.0
0.0
0.0
0.0
0.0
0.001057683389431639
0.0
0.0
0.0
0.0
0.0
0.0
0.0
0.0
0.0
0.0
0.0
0.0
0.0
0.0
0.0
0.0
0.002553295860751491
0.004922933197381298
0.0
0.0
0.0
0.0
0.0
0.0006120184096540779
0.0
0.0
0.0
0.0
0.0
0.0
0.0
0.0
0.0
0.0
0.0
0.0
0.0
0.0
0.0
0.0
0.0
0.0
0.0
0.0
0.0
0.0
0.0
0.0
0.0
0.0
0.0
0.0
0.0
0.0
0.0
0.0
0.0
0.0
0.0
0.0
0.0
0.0
0.0
0.0
0.0
0.0
0.0
0.0
0.0
0.0
0.0
0.0
0.0
0.0
0.0
0.0
0.0
0.0
0.0
0.0
0.0
0.0
0.0
0.0
0.0
0.0
0.0
0.0
0.0028649529163703225
0.005123086790527512
0.0
0.0
0.0
0.0
0.0
0.0014896030014008126
0.0
0.0
0.0
0.0
0.0
0.0
0.0
0.0
0.0
0.0
0.0
0.0
0.0
0.0
0.0
0.0
0.001374503143651267
0.005017438069053818
0.0
0.0
0.0
0.0
0.0
0.0006669583557586083
0.0
0.0
0.0
0.0
0.0
0.0
0.0
0.0
0.0
0.0
0.0
0.0
0.0
0.0
0.0
0.0
0.0
0.0031290655531978026
0.0
0.0
0.0
0.0
0.0
0.00047595969708293464
0.0
0.0
0.0
0.0
0.0
0.0
0.0
0.0
0.0
0.0
0.0
0.0
0.0
0.0
0.0
0.0
0.0028118548855855805
0.0037157696532984725
0.0
0.0
0.0
0.0
0.0
0.0010558568183310377
0.0
0.0
0.0
0.0
0.0
0.0
0.0
0.0
0.0
0.0
0.0
0.0
0.0
0.0
0.0
0.0
0.003365425925857235
0.0013776110419879586
0.0
0.0
0.0
0.0
0.0
0.0006585494119602259
0.0
0.0
0.0
0.0
0.0
0.0
0.0
0.0
0.0
0.0
0.0
0.0
0.0
0.0
0.0
0.0
0.0
0.0
0.0
0.0
0.0
0.0
0.0
0.0
0.0
0.0
0.0
0.0
0.0
0.0
0.0
0.0
0.0
0.0
0.0
0.0
0.0
0.0
0.0
0.0
0.0
0.0
0.0
0.0
0.0
0.0
0.0
0.0
0.0
0.0
0.0
0.0
0.0
0.0
0.0
0.0
0.0
0.0
0.0
0.0
0.0
0.0
0.0
0.0
0.003514968254846035
0.0038344074784757414
0.0
0.0
0.0
0.0
0.0
0.0009194789014063127
0.0
0.0
0.0
0.0
0.0
0.0
0.0
0.0
0.0
0.0
0.0
0.0
0.0
0.0
0.0
0.0
0.002727460808512943
0.004703625291963171
0.0
0.0
0.0
0.0
0.0
0.0
0.0
0.0
0.0
0.0
0.0
0.0
0.0
0.0
0.0
0.0
0.0
0.0
0.0
0.0
0.0
0.0
0.003289404923320779
0.0034713850268279127
0.0
0.0
0.0
0.0
0.0
0.0007508966341537787
0.0
0.0
0.0
0.0
0.0
0.0
0.0
0.0
0.0
0.0
0.0
0.0
0.0
0.0
0.0
0.0
0.00263558826621653
0.0016949405920445183
0.0
0.0
0.0
0.0
0.0
0.0006569704841770602
0.0
0.0
0.0
0.0
0.0
0.0
0.0
0.0
0.0
0.0
0.0
0.0
0.0
0.0
0.0
0.0
0.002720835331723032
0.003691491294273075
0.0
0.0
0.0
0.0
0.0
0.0004963155789872063
0.0
0.0
0.0
0.0
0.0
0.0
0.0
0.0
0.0
0.0
0.0
0.0
0.0
0.0
0.0
0.0
0.0
0.0
0.0
0.0
0.0
0.0
0.0
0.0
0.0
0.0
0.0
0.0
0.0
0.0
0.0
0.0
0.0
0.0
0.0
0.0
0.0
0.0
0.0
0.0
0.0
0.0
0.0
0.0
0.0
0.0
0.0
0.0
0.0
0.0
0.0
0.0
0.0
0.0
0.0
0.0
0.0
0.0
0.0
0.0
0.0
0.0
0.0
0.0
0.003765068269827549
0.0014711886712343955
0.0
0.0
0.0
0.0
0.0
0.0013918900789909752
0.0
0.0
0.0
0.0
0.0
0.0
0.0
0.0
0.0
0.0
0.0
0.0
0.0
0.0
0.0
0.0
0.005956972389447013
0.005266545726585745
0.0
0.0
0.0
0.0
0.0
0.001385972848262503
0.0
0.0
0.0
0.0
0.0
0.0
0.0
0.0
0.0
0.0
0.0
0.0
0.0
0.0
0.0
0.0
0.005974598262038078
0.005168585705963375
0.0
0.0
0.0
0.0
0.0
0.0010713952825573744
0.0
0.0
0.0
0.0
0.0
0.0
0.0
0.0
0.0
0.0
0.0
0.0
0.0
0.0
0.0
0.0
0.0027761930701489094
0.005066315215909402
0.0
0.0
0.0
0.0
0.0
0.0007979687865429931
0.0
0.0
0.0
0.0
0.0
0.0
0.0
0.0
0.0
0.0
0.0
0.0
0.0
0.0
0.0
0.0
0.0010250828495819058
0.0027382535078575685
0.0
0.0
0.0
0.0
0.0
0.001502935111307014
0.0
0.0
0.0
0.0
0.0
0.0
0.0
0.0
0.0
0.0
0.0
0.0
0.0
0.0
0.0
0.0
0.0
0.0
0.0
0.0
0.0
0.0
0.0
0.0
0.0
0.0
0.0
0.0
0.0
0.0
0.0
0.0
0.0
0.0
0.0
0.0
0.0
0.0
0.0
0.0
0.0
0.0
0.0
0.0
0.0
0.0
0.0
0.0
0.0
0.0
0.0
0.0
0.0
0.0
0.0
0.0
0.0
0.0
0.0
0.0
0.0
0.0
0.0
0.0
0.0
0.0
0.0
0.0
0.0
0.0
0.0
0.0
0.0
0.0
0.0
0.0
0.0
0.0
0.0
0.0
0.0
0.0
0.0
0.0
0.0
0.0
0.0
0.0
0.0
0.0
0.0001630412683542423
0.0
0.0
0.0
0.0
0.0
0.0
0.0005888327994232889
0.0
0.0
0.0
0.0
0.0
0.0
0.0
0.0
0.0
0.0
0.0
0.0
0.0
0.0
0.0
0.0
0.00016816192912254177
0.0
0.0
0.0
0.0
0.0
0.0
0.0
0.0
0.0
0.0
0.0
0.0
0.0
0.0
0.0
0.0
0.0
0.0
0.0
0.0
0.0
0.0024131347976568333
0.0
0.00016490108175421615
0.0
0.0
0.0
0.0
0.0
0.0
0.0
0.0
0.0
0.0
0.0
0.0
0.0
0.0
0.0
0.0
0.0
0.0
0.0
0.0
0.0
0.0
0.0
0.0001621302245908524
0.0
0.0
0.0
0.0
0.0
0.0
0.0
0.0
0.0
0.0
0.0
0.0
0.0
0.0
0.0
0.0
0.0
0.0
0.0
0.0
0.0
0.0
0.0
0.0
0.0
0.0
0.0
0.0
0.0
0.0
0.0
0.0
0.0
0.0
0.0
0.0
0.0
0.0
0.0
0.0
0.0
0.0
0.0
0.0
0.0
0.0
0.0
0.0
0.0
0.0
0.0
0.0
0.0
0.0
0.0
0.0
0.0
0.0
0.0
0.0
0.0
0.0
0.0
0.0
0.0
0.0
0.0
0.0
0.0
0.0
0.0
0.00017178812559066157
0.0
0.0
0.0
0.0
0.0
0.0
0.0
0.0
0.0
0.0
0.0
0.0
0.0
0.0
0.0
0.0
0.0
0.0
0.0
0.0
0.0
0.0
0.0
0.0
0.0
0.0
0.0
0.0
0.0
0.0
0.0
0.0
0.0
0.0
0.0
0.0
0.0
0.0
0.0
0.0
0.0
0.0
0.0
0.0
0.0
0.0
0.0
0.0
0.0
0.0
0.0
0.0
0.0
0.0
0.0008679556708983753
0.0
0.0
0.0
0.0
0.0
0.0
0.0
0.0
0.0
0.0
0.0
0.0
0.0
0.0
0.0
0.0
0.00017154433468452796
0.0
0.0
0.0
0.0
0.0
0.0
0.001013294553191581
0.0
0.0
0.0
0.0
0.0
0.0
0.0
0.0
0.0
0.0
0.0
0.0
0.0
0.0
0.0
0.0
0.00013884340750856293
0.0
0.0
0.0
0.0
0.0
0.0
0.0010071651373581747
0.0
0.0
0.0
0.0
0.0
0.0
0.0
0.0
0.0
0.0
0.0
0.0
0.0
0.0
0.0
0.0
0.0
0.0
0.0
0.0
0.0
0.0
0.0
0.0
0.0
0.0
0.0
0.0
0.0
0.0
0.0
0.0
0.0
0.0
0.0
0.0
0.0
0.0
0.0
0.0
0.0
0.0
0.0
0.0
0.0
0.0
0.0
0.0
0.0
0.0
0.0
0.0
0.0
0.0
0.0
0.0
0.0
0.0
0.0
0.0
0.0
0.0
0.0
0.0
0.0
0.0
0.0
0.0
0.0
0.0
0.0
0.0003452900940064018
0.0008871287893014406
0.0
0.0
0.0
0.0
0.0
0.0
0.0
0.0
0.0
0.0
0.0
0.0
0.0
0.0
0.0
0.0001670522094278329
0.0
0.0
0.0
0.0
0.0
0.0
0.0
0.0009371814307101962
0.0
0.0
0.0
0.0
0.0
0.0
0.0
0.0
0.0
0.0
0.0
0.0
0.0
0.003604518092911335
0.0
0.0
0.0
0.0
0.0
0.0
0.0
0.0
0.0
0.0009222359247210307
0.0
0.0
0.0
0.0
0.0
0.0
0.0
0.0
0.0
0.0
0.0
0.0
0.0
0.5901053039868651
0.20862622157205035
0.00023674814940206708
0.0
0.0
0.0
0.0
0.0
0.0
0.0
0.0015197759118065935
0.0
0.0
0.0
0.0
0.0
0.0
0.0
0.0
0.0
0.0
0.0
0.0
0.0
0.9065013414276918
0.6895836628303426
0.00037728996350074067
0.0
0.0
0.0
0.0
0.0
0.0
0.0
0.0008510432390773563
0.0
0.0
0.0
0.0
0.0
0.0
0.0
0.0
0.0
0.0
0.0
0.0
0.0
0.0
0.0
0.0
0.0
0.0
0.0
0.0
0.0
0.0
0.0
0.0
0.0
0.0
0.0
0.0
0.0
0.0
0.0
0.0
0.0
0.0
0.0
0.0
0.0
0.0
0.0
0.0
0.0
0.0
0.0
0.0
0.0
0.0
0.0
0.0
0.0
0.0
0.0
0.0
0.0
0.0
0.0
0.0
0.0
0.0
0.0
0.0
0.0
0.0
0.0
0.00014026604474367722
0.0
0.0
0.0
0.0
0.0
0.0
0.0
0.0
0.0
0.0
0.0
0.0
0.0
0.0
0.0
0.0
0.0
0.0
0.0
0.0
0.0
0.0
0.0
0.00014635423762412889
0.0
0.0
0.0
0.0
0.0
0.0
0.0
0.0007782193897865319
0.0
0.0
0.0
0.0
0.0
0.0
0.0
0.0
0.0
0.0
0.0
0.0
0.0
0.0005696417850484768
0.0
0.00013931974233814348
0.0
0.0
0.0
0.0
0.0
0.0
0.0
0.0008038213208733998
0.0
0.0
0.0
0.0
0.0
0.0
0.0
0.0
0.0
0.0
0.0
0.0
0.0
0.0
0.0
0.0
0.0
0.0
0.0
0.0
0.0
0.0
0.0
0.0008474618005499111
0.0
0.0
0.0
0.0
0.0
0.0
0.0
0.0
0.0
0.0
0.0
0.0
0.0
0.0
0.0
0.0001634905032850891
0.0
0.0
0.0
0.0
0.0
0.0
0.0
0.0013949107097037516
0.0
0.0
0.0
0.0
0.0
0.0
0.0
0.0
0.0
0.0
0.0
0.0
0.0
0.0
0.0
0.0
0.0
0.0
0.0
0.0
0.0
0.0
0.0
0.0
0.0
0.0
0.0
0.0
0.0
0.0
0.0
0.0
0.0
0.0
0.0
0.0
0.0
0.0
0.0
0.0
0.0
0.0
0.0
0.0
0.0
0.0
0.0
0.0
0.0
0.0
0.0
0.0
0.0
0.0
0.0
0.0
0.0
0.0
0.0
0.0
0.0
0.9324738511857878
0.24123280306719144
0.00019311796844308237
0.0
0.0
0.0
0.0
0.0
0.0
0.00024435923964742385
0.0009003311178437777
0.0
0.0
0.0
0.0
0.0
0.0
0.0
0.0
0.0
0.0
0.0
0.0
0.0
0.0
0.0
0.0
0.0
0.0
0.0
0.0
0.0004601383147045244
0.0
0.0004698994243308237
0.0009524870801105968
0.0
0.0
0.0
0.0
0.0
0.0
0.0
0.0
0.0
0.0
0.0
0.0
0.0
0.8607465404200828
0.25282133328163503
0.00015085893312610516
0.0
0.0
0.0
0.0
0.000407851020442404
0.0
0.00026473810645048134
0.0009552594228982309
0.0
0.0
0.0
0.0
0.0
0.0
0.0
0.0
0.0
0.0
0.0
0.0
0.0
0.9598276499782245
0.7001430485326086
0.00016002791575733837
0.0
0.0
0.0
0.0
0.0004109003652217689
0.0
0.00034389380277854927
0.0006704313751907221
0.0
0.0
0.0
0.0
0.0
0.0
0.0
0.0
0.0
0.0
0.0
0.0
0.0
0.8797045462624111
0.03563893550601125
0.00017258976902414909
0.0
0.0
0.0
0.0
0.0
0.0
0.0002524845716626717
0.0009330183281856402
0.0
0.0
0.0
0.0
0.0
0.0
0.0
0.0
0.0
0.0
0.0
0.0
0.0
0.0
0.0
0.0
0.0
0.0
0.0
0.0
0.0
0.0
0.0
0.0
0.0
0.0
0.0
0.0
0.0
0.0
0.0
0.0
0.0
0.0
0.0
0.0
0.0
0.0
0.0
0.0
0.0
0.0
0.0
0.0
0.0
0.0
0.0
0.0
0.0
0.0
0.0
0.0
0.0
0.0
0.0
0.0
0.0
0.0
0.0
0.0
0.0
0.0
0.0
0.0
0.0
0.0
0.0
0.0
0.0
0.0
0.0
0.0
0.0
0.0
0.0
0.0
0.0
0.0
0.0
0.0
0.0
0.0
0.0
0.0
0.0
0.7716930416034699
0.0
0.00016269014397861725
0.0
0.0
0.0
0.0
0.00042265996134898727
0.0
0.00023849370286194328
0.0009225004377771184
0.0
0.0
0.0
0.0
0.0
0.0
0.0
0.0
0.0
0.0
0.0
0.0
0.0
0.913428220623971
0.6412297275660156
0.00015804375147670608
0.0
0.0
0.0
0.0
0.0
0.0
0.000249793893154951
0.0009231229314900652
0.0
0.0
0.0
0.0
0.0
0.0
0.0
0.0
0.0
0.0
0.0
0.0
0.0
0.6537365004536801
0.0
0.0001695657908544384
0.0
0.0
0.0
0.0
0.0
0.0
0.0004531106167840982
0.0009271247263359809
0.0
0.0
0.0
0.0
0.0
0.0
0.0
0.0
0.0
0.0
0.0
0.0
0.0
0.8601456074270363
0.00977725998680023
0.00017118377576127053
0.0
0.0
0.0
0.0
0.0
0.0
0.0004471828361562707
0.0006611326193133659
0.0
0.0
0.0
0.0
0.0
0.0
0.0
0.0
0.0
0.0
0.0
0.0
0.0
0.0
0.0
0.0
0.0
0.0
0.0
0.0
0.0
0.0
0.0
0.0
0.0
0.0
0.0
0.0
0.0
0.0
0.0
0.0
0.0
0.0
0.0
0.0
0.0
0.0
0.0
0.0
0.0
0.0
0.0
0.0
0.0
0.0
0.0
0.0
0.0
0.0
0.0
0.0
0.0
0.0
0.0
0.0
0.0
0.0
0.0
0.0
0.0
0.9803270240915389
0.8818501210071177
0.4100829364019213
0.009208158699254987
0.0
0.0
0.0
0.0004697465548912542
0.0
0.00025193261751443153
0.0009552207471616774
0.0
0.0
0.0
0.0
0.0
0.0
0.0
0.0
0.0
0.0
0.0
0.0
0.0
0.9876244090617279
0.9119568997903184
0.4160164308471572
0.0
0.0
0.0
0.0
0.0003996016580573193
0.0
0.0002931043525091867
0.0007563500931938531
0.0
0.0
0.0
0.0
0.0
0.0
0.0
0.0
0.0
0.0
0.0
0.0
0.0
0.9899798010851157
0.9551457889565709
0.6211761368606353
0.02375982484061555
0.00016977970245489823
0.0
0.0
0.00034829570458888283
0.0
0.0002449614293150486
0.0009357566200573793
0.0
0.0
0.0
0.0
0.0
0.0
0.0
0.0
0.0
0.0
0.0
0.0
0.0
0.9463475884992787
0.9387708903595806
0.6768410612521868
0.3475812967441826
0.0
0.00021178177866024725
0.0
0.00044531872371833076
0.0
0.00024979615092419045
0.0009620881462621323
0.0
0.0
0.0
0.0
0.0
0.0
0.0
0.0
0.0
0.0
0.0
0.0
0.0
0.9876779086536569
0.9277239560981775
0.7072077888955419
0.30361735181247257
0.0
0.0
0.0
0.0004446871906456523
0.0
0.00024900248212202884
0.0009570757501151657
0.0
0.0
0.0
0.0
0.0
0.0
0.0
0.0
0.0
0.0
0.0
0.0
0.0
0.0
0.0
0.0
0.0
0.0
0.0
0.0
0.0
0.0
0.0
0.0
0.0
0.0
0.0
0.0
0.0
0.0
0.0
0.0
0.0
0.0
0.0
0.0
0.0
0.0
0.0
0.0
0.0
0.0
0.0
0.0
0.0
0.0
0.0
0.0
0.0
0.0
0.0
0.0
0.0
0.0
0.0
0.0
0.0
0.0
0.0
0.0
0.0
0.9907382430205046
0.9426933236953285
0.7816269238782427
0.4640450523734357
9.863940819827943e-05
0.0
0.0
0.00041847747320016644
0.0
0.00024335180687895517
0.000686889907069735
0.0
0.0
0.0
0.0
0.0
0.0
0.0
0.0
0.0
0.0
0.0
0.0
0.0
0.9871892553901583
0.913594495851075
0.5049758521516673
0.0
0.00018578900442086198
0.0
0.0
0.00044569819567903815
0.0
0.00024530602670060406
0.0006693144868657527
0.0
0.0
0.0
0.0
0.0
0.0
0.0
0.0
0.0
0.0
0.0
0.0
0.0
0.9736652553785801
0.8069142000713749
0.0001567163632740105
0.0
0.0
0.0
0.0
0.0
0.0
0.00019362054138207226
0.0009250394402999758
0.0
0.0
0.0
0.0
0.0
0.0
0.0
0.0
0.0
0.0
0.0
0.0
0.0
0.9486918261508297
0.921347453527012
0.22615729975320573
0.0
0.0
0.0
0.0
0.0005210923911352134
0.0
0.00024305680291914224
0.0006680581842504113
0.0
0.0
0.0
0.0
0.0
0.0
0.0
0.0
0.0
0.0
0.0
0.0
0.0
0.985889447616501
0.9128220751852358
0.5748424936719668
0.027366124272802956
0.00010625831254635327
0.0
0.0
0.0005860296165605262
0.0
0.0002413167269625684
0.0009256652232670913
0.0
0.0
0.0
0.0
0.0
0.0
0.0
0.0
0.0
0.0
0.0
0.0
0.0
0.0
0.0
0.0
0.0
0.0
0.0
0.0
0.0
0.0
0.0
0.0
0.0
0.0
0.0
0.0
0.0
0.0
0.0
0.0
0.0
0.0
0.0
0.0
0.0
0.0
0.0
0.0
0.0
0.0
0.0
0.0
0.0
0.0
0.0
0.0
0.0
0.0
0.0
0.0
0.0
0.0
0.0
0.0
0.0
0.0
0.0
0.0
0.0
0.9737621337816614
0.8469484189256313
0.1997216855380917
0.0
0.0
0.0
0.0
0.00039869975560869294
0.0
0.00023751882696373933
0.000669589635966768
0.0
0.0
0.0
0.0
0.0
0.0
0.0
0.0
0.0
0.0
0.0
0.0
0.0
0.9638512648565362
0.948176981415537
0.5581305880355881
0.09411594075483619
0.0
0.0
0.0
0.00039450779694598836
0.0
0.0002437963876998748
0.0006806907266333957
0.0
0.0
0.0
0.0
0.0
0.0
0.0
0.0
0.0
0.0
0.0
0.0
0.0
0.975522684386355
0.9757643184242867
0.8829906328220247
0.7181785579477731
0.22497620943769162
0.00023059023585013483
0.0
0.0003755484912017249
0.0
0.0002499771660308206
0.0006938618386395884
0.0
0.0
0.0
0.0027300715424008306
0.0
0.0
0.0
0.0
0.0
0.0
0.0
0.0
0.0
0.9807069250475985
0.9735049477260118
0.8285788848660977
0.6905145844213644
0.10490928812674795
0.00029136397996504053
0.0
0.0003692620205456957
0.0
0.00024519152616133723
0.0006943282191459254
0.0
0.0
0.0
0.0016825779187835514
0.0
0.0
0.0
0.0
0.0
0.0
0.0
0.0
0.0
0.9890676920222334
0.9275574990262502
0.6527810448438234
0.17714534501412912
0.0
0.0
0.0
0.00037717227899689666
0.0
0.00020012824623472826
0.0009854384396628343
0.0
0.0
0.0
0.0008613724434474385
0.0
0.0
0.0
0.0
0.0
0.0
0.0
0.0
0.0
0.0
0.0
0.0
0.0
0.0
0.0
0.0
0.0
0.0
0.0
0.0
0.0
0.0
0.0
0.0
0.0
0.0
0.0
0.0
0.0
0.0
0.0
0.0
0.0
0.0
0.0
0.0
0.0
0.0
0.0
0.0
0.0
0.0
0.0
0.0
0.0
0.0
0.0
0.0
0.0
0.0
0.0
0.0
0.0
0.0
0.0
0.0
0.0
0.0
0.9686136197041365
0.8066626441934428
0.00015240486429074756
0.0
0.0
0.0
0.0
0.00034922284686418
0.0
0.00019765566905163956
0.0010011725998693162
0.0
0.0
0.0
0.0
0.0
0.0
0.0
0.0
0.0
0.0
0.0
0.0
0.0
0.9418616317797095
0.8830100078850877
0.00017021770354703979
0.0
0.0
0.0
0.0
0.0003813368055243645
0.0
0.00025377373944526804
0.000697458603168406
0.0
0.0
0.0
0.0
0.0
0.0
0.0
0.0
0.0
0.0
0.0
0.0
0.0
0.9862724756288825
0.9106248492482095
0.33126426124166697
0.0
0.0
0.0
0.0
0.00037163930992792756
0.0
0.00019699363150528943
0.0009720084332568179
0.0
0.0
0.0
0.0
0.0
0.0
0.0
0.0
0.0
0.0
0.0
0.0
0.0
0.9907157095005933
0.9433950729758387
0.6257082827020218
0.0
0.0
0.0
0.0
0.00037426819132814764
0.0
0.00019821055046694347
0.000990925205378524
0.0
0.0
0.0016739550636509638
0.08363337200733646
0.0
0.0
0.0
0.0
0.0
0.0
0.0
0.0
0.0
0.994689795436106
0.9654669667791199
0.8181461997911749
0.40193797749044796
0.0
0.0
0.0
0.0003501028220483446
0.0
0.0001980525081927084
0.0009944759851702992
0.0
0.0
0.0
0.1115892915151242
0.0
0.0
0.0
0.0
0.0
0.0
0.0
0.0
0.0
0.0
0.0
0.0
0.0
0.0
0.0
0.0
0.0
0.0
0.0
0.0
0.0
0.0
0.0
0.0
0.0
0.0
0.0
0.0
0.0
0.0
0.0
0.0
0.0
0.0
0.0
0.0
0.0
0.0
0.0
0.0
0.0
0.0
0.0
0.0
0.0
0.0
0.0
0.0
0.0
0.0
0.0
0.0
0.0
0.0
0.0
0.0
0.0
0.9863946730725027
0.905659374238327
0.15159806344646476
0.00011476314068486477
0.0
0.0
0.0
0.00031430498895362364
0.0
0.0002444266052343716
0.0007068722952920077
0.0
0.0
0.0014123966012588231
0.0009707924290853742
0.0
0.0
0.0
0.0
0.0
0.0
0.0
0.0
0.0
0.9900007187971022
0.9411228175544772
0.6515026809153711
0.0
0.00015939571093743707
0.0
0.0
0.0003017880050236598
0.0
0.00025472521322210276
0.0007121997993124761
0.0
0.0
0.002008620389331468
0.0005513927962637225
0.0
0.0
0.0
0.0
0.0
0.0
0.0
0.0
0.0
0.9922069225423884
0.9545030339781665
0.7564394586729389
0.16672842731734674
9.164677292167662e-05
0.0
0.0
0.00034277590664291154
0.0
0.0001940827665156376
0.0009737928673885015
0.0
0.0
0.0009504661859842939
0.0005323939062407549
0.0
0.0
0.0
0.0
0.0
0.0
0.0
0.0
0.0
0.992544366002995
0.9518165836885044
0.7814233862916522
0.43916143028359533
0.0025144086104904374
0.0002640860261934803
0.0
0.00034352030227098243
0.0
0.0002491922893309184
0.0007093734659178347
0.0
0.0
0.0
0.030582010709219093
0.0
0.0
0.0
0.0
0.0
0.0
0.0
0.0
0.0
0.9778642378036496
0.950309705171843
0.7123385825649717
0.037425214855347
0.00010323385984353008
0.0
0.0
0.0003585333797497525
0.0
0.00019455239592643797
0.0007035695323569951
0.0
0.0
0.007699180457541908
0.10412835138575187
0.0
0.0
0.0
0.0
0.0
0.0
0.0
0.0
0.0
0.0
0.0
0.0
0.0
0.0
0.0
0.0
0.0
0.0
0.0
0.0
0.0
0.0
0.0
0.0
0.0
0.0
0.0
0.0
0.0
0.0
0.0
0.0
0.0
0.0
0.0
0.0
0.0
0.0
0.0
0.0
0.0
0.0
0.0
0.0
0.0
0.0
0.0
0.0
0.0
0.0
0.0
0.0
0.0
0.0
0.0
0.0
0.0
0.9910019633543907
0.9453881203739412
0.7180363446101458
0.32240443323954526
0.0
0.0
0.0
0.0003559101205739674
0.0
0.0001932874961890313
0.0007320571920010995
0.0
0.0
0.0370607208028111
0.6664471071150154
0.0
0.0
0.0
0.0
0.0
0.0
0.0
0.0
0.0
0.9909832176706124
0.9412976544201527
0.7408936645679564
0.34974723434605404
0.0
0.0
0.0
0.0003532804052860057
0.0
0.00025229865352002144
0.0007527678668135153
0.0
0.0
0.0
0.32516875083235375
0.0
0.0
0.0
0.0
0.0
0.0
0.0
0.0
0.0
0.9882328978319053
0.9316641104618246
0.7022842100023938
0.5579105619785593
0.17919234619240412
0.0
0.0
0.00028701492130741224
0.0
0.00027071035481226536
0.000738376994091452
0.0
0.0
0.12715382498466496
0.69265290712332
0.0
0.0
0.0
0.0
0.0
0.0
0.0
0.0
0.0
0.0
0.0
0.0
0.0
0.0
0.0
0.0
0.0
0.0
0.0
0.0
0.0
0.0
0.0
0.0
0.0
0.0
0.0
0.0
0.0
0.0
0.0
0.0
0.0
0.9959329236688462
0.9743866023531581
0.8734199239095792
0.7633001901620128
0.43220110936636197
0.006416596727185097
0.0
0.0002825492109084198
0.0
0.00019718095460538053
0.0007501594085654196
0.0
0.17672501352896453
0.7495465489874868
0.8566059274685571
0.0
0.0
0.0
0.0
0.0
0.0
0.0
0.0
0.0
0.0
0.0
0.0
0.0
0.0
0.0
0.0
0.0
0.0
0.0
0.0
0.0
0.0
0.0
0.0
0.0
0.0
0.0
0.0
0.0
0.0
0.0
0.0
0.0
0.0
0.0
0.0
0.0
0.0
0.0
0.0
0.0
0.0
0.0
0.0
0.0
0.0
0.0
0.0
0.0
0.0
0.0
0.0
0.0
0.0
0.0
0.0
0.0
0.9876258882908636
0.9275530914542378
0.702464729053642
0.4136923262094537
0.04068715044645793
0.0
0.0
0.00029620923719420473
0.0
0.00026966463595697645
0.0007430744465045034
0.0
0.04611669512870068
0.6143927419831432
0.7667003437473562
0.0
0.0
0.0
0.0
0.0
0.0
0.0
0.0
0.0
0.9832701778981668
0.9685148942496867
0.8992597174455116
0.8262312529764367
0.7569264406232055
0.5727056927060028
0.21122795592733168
0.0008497772902943455
0.0
0.00014177523820921536
0.0007655346541053155
0.0
0.10292602948311863
0.7461908352605157
0.7922005600745801
0.0
0.0
0.0
0.0
0.0
0.0
0.0
0.0
0.0
0.9902438688171984
0.9784038136429677
0.9249041312724211
0.8671472169272866
0.8214255757195518
0.7408060772106261
0.6708289146425712
0.747493622867405
0.7286507548505343
0.7996924469926127
0.51337047812507
0.7775900941858256
0.8230203020608325
0.9543488988893767
0.9648989450191499
0.0
0.0
0.0
0.0
0.0
0.0
0.0
0.0
0.04971723119207903
0.9968718519029357
0.9815632900189135
0.9384738301414549
0.8753041230897636
0.789686573796945
0.6804071136953116
0.5905317978813136
0.5771443907150174
0.533650183178414
0.6357144859970126
0.44432070829435083
0.7379784177223495
0.8592452432632532
0.9609190555346134
0.9705512658476123
0.0
0.0
0.0
0.0
0.0
0.0
0.0
0.0
0.0
0.9952850735732193
0.9700458298839608
0.8484119912393377
0.7503938635315893
0.3972645813571473
0.0034070516582941283
0.0
0.0006255416523698212
0.0
0.0
0.000860516388103938
0.0010549841283986128
0.20175038955068908
0.7714716434366352
0.8593664743036659
0.0
0.0
0.0
0.0
0.0
0.0
0.0
0.0
0.0
0.0
0.0
0.0
0.0
0.0
0.0
0.0
0.0
0.0
0.0
0.0
0.0
0.0
0.0
0.0
0.0
0.0
0.0
0.0
0.0
0.0
0.0
0.0
0.0
0.3374146318727332
0.12456652409249039
0.0
0.0
0.0
0.0
0.0
0.0
0.0
0.0
0.0
0.0
0.0
0.0
0.0
0.0
0.0
0.0
0.0
0.0
0.0
0.0
0.0
0.0
0.9962537036063162
0.9706595290619122
0.8118244920381208
0.5758499139585667
0.06972216169367276
0.004595573403513352
0.0
0.00032828015819851063
0.0
0.0
0.0008109597837110842
0.0022319936338961797
0.12765942148229684
0.6963956935199539
0.8233532051460388
0.0
0.0
0.0
0.0
0.0
0.0
0.0
0.0
0.0
0.9964535101868213
0.976601468947571
0.8733557107087578
0.733016759234562
0.3138889335283204
0.0003794535553892039
0.0
0.00032750575265667035
0.0
0.0010018620802064036
0.0008656306513481949
0.0023474028766911964
0.33642456415314254
0.7845082012790917
0.8685141286650163
0.0
0.0
0.0
0.0
0.0
0.0
0.0
0.0
0.0
0.9963165220309882
0.9779089466000749
0.893728789618056
0.7885923961678192
0.5293701040981145
0.0008436488181711898
0.0
0.0003524748905400758
0.0
0.0
0.0007682226481434621
0.0012413417810136376
0.06574728963736545
0.567454750242585
0.891639890044741
0.0
0.0
0.0
0.0
0.0
0.0
0.0
0.0
0.0
0.993581502217348
0.9643530853374869
0.8283815635820521
0.6379281581341731
0.05942316086755456
0.0
0.0
0.0006460501156055909
0.0
0.00018971696943365153
0.0008996961898914461
0.0010517971263153145
0.10018605982914108
0.7412516337206397
0.8447061331511124
0.0
0.0
0.0
0.0
0.0
0.0
0.0
0.0
0.0
0.9952384744593961
0.9620278012116382
0.8868816114530117
0.6844541188353419
0.05822494010168986
0.000193995040178811
0.0
0.0003088475974207805
0.0
0.00019519928783716734
0.0007507368836226144
0.00027678102335732186
0.00039377812536298097
0.36536952551899715
0.8101879634050599
0.0
0.0
0.0
0.0
0.0
0.0
0.0
0.0
0.0
0.0
0.0
0.0
0.0
0.0
0.0
0.0
0.0
0.0
0.0
0.0
0.0
0.0
0.0
0.0
0.0
0.0
0.0
0.0
0.0
0.0
0.0
0.0
0.0
0.0
0.0
0.0
0.0
0.0
0.0
0.0
0.0
0.0
0.0
0.0
0.0
0.0
0.0
0.0
0.0
0.0
0.0
0.0
0.0
0.0
0.0
0.0
0.0
0.9865252984821763
0.9672010316874147
0.8328767766599475
0.6689252510629142
0.14630881572641222
0.0009287302125308647
0.0
0.0003314363074652035
0.0
0.0
0.0007730606171437501
0.0
0.00028812742803437346
0.05118641115693275
0.5426822645807915
0.0
0.0
0.0
0.0
0.0
0.0
0.0
0.0
0.0
0.9857277372467823
0.9085505090654573
0.6335993253821326
0.47871426572770776
0.04808113647073789
0.0
0.0
0.0003158724989530657
0.0
0.0004240263555040547
0.0011006382011114495
0.0002241185863391774
0.12892377859596232
0.7749864030172626
0.852389419495721
0.0
0.0
0.0
0.0
0.0
0.0
0.0
0.0
0.0
0.9727884666384642
0.936879403640198
0.7198872638730299
0.2561619295391012
0.0
0.0002771953404742299
0.0
0.00038530296144209046
0.0
0.0002025856719870935
0.0007476204403248794
0.0
0.0
0.0
0.0
0.0
0.0
0.0
0.0
0.0
0.0
0.0
0.0
0.0
0.9916674352186179
0.9474200248170872
0.753657064148306
0.6100606801942204
0.1763055283042817
0.0
0.0
0.0003176368806190488
0.0
0.0
0.0010718714423929665
0.0
0.2727312583457733
0.7367397973479043
0.9343593789138805
0.0
0.0
0.0
0.0
0.0
0.0
0.0
0.0
0.0
0.9939876914335635
0.9634405942626291
0.8471197225158718
0.7655981635195086
0.6841120311018831
0.44671692637079685
0.44961476149778923
0.677229263582219
0.7713669985645758
0.8195052741284209
0.7781292088365451
0.8800011432784123
0.888530912116939
0.9500169740693487
0.9579194567533179
0.0
0.0
0.0
0.0
0.0
0.0
0.0
0.0
0.0
0.0
0.0
0.0
0.0
0.0
0.0
0.0
0.0
0.0
0.0
0.0
0.0
0.0
0.0
0.0
0.0
0.0
0.0
0.0
0.0
0.0
0.5369466485331348
0.7476119989378894
0.7907220431591268
0.5853715492844849
0.7340654111196991
0.5604733268642415
0.0
0.0
0.0
0.0
0.0
0.0
0.0
0.0
0.0
0.0
0.0
0.0
0.0
0.0
0.6298893086813396
0.7208601217204235
0.47819797989404844
0.8547760339112708
0.8915815503870522
0.88043834423691
0.9316601729108415
0.994160440170639
0.9854249090030379
0.9451112635011241
0.9226156490077662
0.862679199369889
0.8114678889153843
0.7876874194803735
0.7885135010977649
0.7785654509222729
0.7946114888720531
0.6565072725172403
0.8505019518843285
0.8688649559448197
0.9585195155181061
0.9675148042595807
0.0
0.0
0.0
0.05001878910520739
0.1666106967634537
0.4954576452856825
0.6063261142126817
0.3478799050427452
0.746784316942714
0.9974452209959971
0.9838919804202872
0.9381104156282037
0.9026385523384012
0.8414840312456333
0.7351699004001525
0.6107720374212132
0.6384698214198682
0.530431053172605
0.48995731034157775
0.38000637527971326
0.6554126094252499
0.6573492818774624
0.8556488199876243
0.8683006989968396
0.0
0.0
0.0
0.0
0.0
0.0
0.0
0.0
0.0
0.9801541323747833
0.9551509930131521
0.8595025260353916
0.8265392687655368
0.8086776569592216
0.83304005893709
0.86543095804683
0.9044830379189397
0.9206457906984901
0.9410057422841619
0.9422566627991024
0.9520490284279991
0.9490340973346354
0.9819435213559023
0.9824806202859973
0.0
0.0
0.028065082808662756
0.02826871774881939
0.06243228936362982
0.23217297945020143
0.3505229377283315
0.2690327103010699
0.6932905958739226
0.9973999785113007
0.9854081965552041
0.9496449686342637
0.9346430058894751
0.9171560952523168
0.9049312101131203
0.8868508159463422
0.925834093399994
0.9264834911610804
0.9433704468681039
0.9412620919213075
0.9633848709615805
0.9623715641133
0.9843497530671524
0.985939095632726
0.0678939653758859
0.10176519035767287
0.48303285015535236
0.6588830595338457
0.3821822930420414
0.7617923560476771
0.8498844681111313
0.8528769810758288
0.7492362004269292
0.9977767845648273
0.9866026893883634
0.9536522512423999
0.9369884000884877
0.916375124920565
0.9050148301558583
0.8958647949752748
0.9191419148791969
0.9216897204264007
0.9345103462454926
0.9431673907107737
0.944915511430022
0.9627065393086603
0.9857288393301424
0.9872797259535965
0.12452493887343977
0.2600894296847426
0.5656523593469962
0.7795830216743932
0.8526897720169838
0.7018948600460214
0.9398763987645051
0.9493396977226431
0.9482706168102458
0.9730631621286159
0.944273212581759
0.9021019669795755
0.7587199498111596
0.6348125627102343
0.5131085187107207
0.7900915159379704
0.47279359465185156
0.1127876633296629
0.3346882038283948
0.3326374270172888
0.43601672523171364
0.5299332527032486
0.7501423068349227
0.8332943455430971
0.7525179826942664
0.9267605012902396
0.863211677773639
0.9548001680997458
0.9523575456652306
0.9717381238889801
0.9758948987069579
0.9697369163609664
0.9434858132828395
0.9800471025405344
0.9557964168787808
0.9500622792209198
0.9200718370163854
0.48582300172234427
0.7887564574369008
0.5257628943090767
0.1323262773425979
0.0
0.0
0.0
0.1379050845741387
0.2700506710664581
0.3606041621311803
0.49367443968022046
0.621095904957417
0.8854831543394894
0.9237291161325981
0.9447038882852256
0.854848442183178
0.9655122285829713
0.9716962062879042
0.9663811905408325
0.9786399422797772
0.9802325958959476
0.9305217984182369
0.8782769423652379
0.9079272731477378
0.8157000720296126
0.7955586442415172
0.47506435866706204
0.2787041183080214
0.0
0.0
0.0
0.06646068761814873
0.19249556159019143
0.6939673478284609
0.7391829487403823
0.8892022788491949
0.9320623732303512
0.9351232963226308
0.8849766977528918
0.9660190286098934
0.963838310568158
0.9740160024643911
0.9424789436593668
0.976131682977436
0.9982387655508953
0.9882456851669578
0.9544756308327101
0.931498102069437
0.8943967604268009
0.8509120458379296
0.7852383705541499
0.7829691590844602
0.7580819006538787
0.773011650374989
0.6525573765659468
0.8730218085035186
0.8914773962958797
0.9743385594235594
0.9799192987125174
0.0
0.12318578408978922
0.06352729804551598
0.33994804302852855
0.5394420946403948
0.5814264135314274
0.5653141672311087
0.8407247289222117
0.8481610637887688
0.9977965823489755
0.980022062406344
0.9536250530729747
0.9213404999605969
0.8692901128882129
0.8070038498814791
0.770557722715903
0.7319365176693222
0.5819631252292454
0.5141251781463586
0.3882681401731401
0.6065153157694783
0.7982757973070835
0.9275364733832429
0.9381750153211178
0.0
0.0
0.0
0.0
0.0
0.10235143984531933
0.32504960536373173
0.46039681524267895
0.2907043869293829
0.9969819045666009
0.9817871202872588
0.9355443798377301
0.9179194679005407
0.8955774783427537
0.8828492581889773
0.862700759372504
0.8884923531244564
0.9131953709609335
0.9024712431948547
0.9242041900856427
0.9413807441663207
0.9200353584096986
0.9733825627131552
0.9751933576512185
0.0
0.0
0.0
0.0
0.07365939266974846
0.18709124403862226
0.15225562471169626
0.5022608780646886
0.4963492181707873
0.9963413361102521
0.9703197252483292
0.9325819848937076
0.891671422173075
0.8646485454969265
0.8162954217288526
0.7578273521381944
0.7450902208781947
0.7202081151213592
0.7592967684923014
0.6549375508332087
0.7889092583820895
0.8485863396933477
0.9428538410136245
0.9587073597470096
0.0
0.0
0.0
0.0
0.0
0.1977785629177363
0.5226941568678143
0.7268382396272134
0.7921087296906237
0.8164827397398338
0.5582918226375648
0.6630041670240633
0.3647245258952687
0.0
0.0
0.0
0.0
0.0
0.0
0.0
0.0
0.0
0.0
0.0
0.0
0.0
0.0
0.3848803035657725
0.6141478272990254
0.6189193848873024
0.5660691736594117
0.8296251974751091
0.8216169302627241
0.8954527692612246
0.811575017612777
0.6687083445210203
0.3466561699983391
0.0818114569655042
0.0
0.0
0.0
0.0
0.0
0.0
0.0
0.0
0.0
0.0
0.0
0.0
0.0
