0.8781616284411475
0.7635404165671507
0.513799453183825
0.7801219230553753
0.6647285139588216
0.7939476132013145
0.8624979968145517
0.38102716276001886
0.3410447896596238
0.0
0.0
0.0
0.3798877643391261
0.6483909197342198
0.48854562921935757
0.5319481996084586
0.0
0.0
0.0
0.0
0.0
0.554600259128617
0.7882768794203906
0.7338386329033745
0.9277452336617641
0.8812629797656023
0.918649726219545
0.8902628668250752
0.8908884304560578
0.9359757772867546
0.9924018051815537
0.9830991475363731
0.8744019797226494
0.8278360737918568
0.7436382131847223
0.6633911438107464
0.593460698815287
0.6647653613362274
0.699477337586112
0.8025814400453819
0.9498910974399333
0.9674385094279193
0.9536874287894637
0.9436595775388887
0.9610370883754336
0.0
0.0
0.13046577638877777
0.17476495346730359
0.7174446286207884
0.8731716559185234
0.8470847674089115
0.9418844223048618
0.8992312561455922
0.9905457406135643
0.9857784140883163
0.8943176952064652
0.8267435411118073
0.7736333449282975
0.7388276651992006
0.7129265091729077
0.7993337334868729
0.8113875955797801
0.8706064759571797
0.9625467549598182
0.9675629639563964
0.9602961024641113
0.9544586666764767
0.9687357174718503
0.017744429352718544
0.3293232384871562
0.8561108384231307
0.9031797154851993
0.9498729417971401
0.9362734170900019
0.9591191108970388
0.9755906860266578
0.9613180298317039
0.9954717778644685
0.9838451831736983
0.9106791589130266
0.8532843767983881
0.8082922431632585
0.7474578565419114
0.7320525353735623
0.7880442000903606
0.8037506245117497
0.8574328016723726
0.9563528049375201
0.9613318395828111
0.9495857875617411
0.9424453306009328
0.9624032514170628
0.0
0.0
0.1714183139291541
0.21144005036148927
0.3079643966246304
0.7347488525070726
0.8194902992097209
0.7778823701428834
0.8133802713557406
0.9940983521772494
0.9728212027752036
0.8780344778395962
0.7949001149974835
0.6987544866753613
0.5548602152175268
0.4533504715850463
0.5607267982890327
0.6275129036308467
0.7301205240535504
0.9106855095677012
0.9258624931618006
0.909229020128928
0.9204815608494297
0.935741692789375
0.0
0.0
0.0
0.0
0.0
0.2726927860143697
0.28932487165849996
0.6296695811881101
0.8229132183908563
0.9942896189247762
0.9707690933841259
0.845887358483749
0.6902351943469505
0.5929116370799498
0.4615198302127288
0.44750393394676174
0.5728592705382647
0.5565335658605771
0.6639143650018902
0.907080443189807
0.9456480617490234
0.940357269843556
0.9204118553102459
0.9408446199614404
0.0
0.0
0.0
0.0
0.0
0.22911016353176702
0.17697185860699902
0.6663738392993283
0.808126690756298
0.8591587751613662
0.8545881816673473
0.2965130264454565
0.28463391688862
0.14745313961003242
0.03226136615408323
0.0
0.0
0.0
0.0
0.0
0.0
0.0
0.2328886751262253
0.8199569352717357
0.9360810573198908
0.9148572055213375
0.9450426595529205
0.9746230797001334
0.9495704937577343
0.9769998057367462
0.9670439977633463
0.9786197244689779
0.9814516228827428
0.9726290873903709
0.9674319292745606
0.9271430534324271
0.9556578609485615
0.8613997212864124
0.8344359310326281
0.8103516816115944
0.30811372599909365
0.0
0.0
0.0
0.0
0.7976408081186656
0.8915474106770649
0.8458988487536591
0.9441009344284275
0.9435214580687337
0.9675711126718616
0.9416666613059189
0.9796400339159056
0.9534089407086622
0.9539281586055978
0.983752788432559
0.9631679747682448
0.9911146476975017
0.9883898115835702
0.9080341613917028
0.8506113331712564
0.7909693615384382
0.7284123640834417
0.634923327961424
0.6500114523609055
0.6378800729180272
0.701449283383625
0.9271023046769941
0.9565390700438877
0.9547799607089602
0.9377156907009121
0.9408924001073344
0.0
0.0
0.051554307196768366
0.28938500930367944
0.5961833581731543
0.8906321651707595
0.7650990158172684
0.8320239320093348
0.9415031132430015
0.9901415605954605
0.9855355318404301
0.8797626818325122
0.8243213286813125
0.7552080583254849
0.6751420246532047
0.5790755463325703
0.5741684043832148
0.5292877348950276
0.6332146068763321
0.9024418129748729
0.9395966056845393
0.9561448800198725
0.9355861274600673
0.9533895194503857
0.0
0.0
0.18572410695673444
0.7821282037773278
0.914837489364931
0.8894937845412357
0.8880424620258298
0.9569916423693595
0.9423477904006132
0.9907826596232453
0.9864953760559237
0.9055846506613779
0.8571197091359861
0.8079746206127346
0.7608532380333104
0.710943556914078
0.7787942278881623
0.8136900052005509
0.86483404347548
0.9633229278157442
0.9516694745524034
0.9547645762267121
0.9468163546775366
0.9564790738428095
0.0
0.0
0.18963233975867266
0.35030851840880783
0.2052374962697247
0.5207633229919927
0.8863982018685532
0.7653185247916223
0.8429754327831582
0.9943220450863393
0.9822312552966009
0.8703864234920721
0.7832421610328204
0.7250226521912695
0.6732694818419535
0.6949325360821496
0.7858439665876006
0.7956689050499868
0.8645720625600756
0.9638908196479848
0.9687472776944741
0.959294958350639
0.9492440100796034
0.9506628669555436
0.0
0.0
0.2662009512554195
0.8265190264703046
0.7874444503261487
0.8706611812384228
0.9345464500086986
0.8730352308553985
0.9586567095433367
0.9907897422533557
0.9862767454788752
0.8949792583623565
0.8551141765352037
0.7914463734714652
0.745867415714607
0.7320002355669253
0.7894521887466577
0.8108974526324609
0.8683172840413245
0.9599847059962535
0.9614622044485802
0.9520881802140283
0.9438960051438431
0.9482303034486462
0.0
0.0
0.21779964265061852
0.707858666337061
0.9070035758471476
0.8767031744142721
0.9321495520682757
0.9088482339190737
0.9688231574648287
0.9687774034275264
0.8994182172785069
0.9031820380374579
0.6106630521044643
0.6072818422547088
0.4315299388879408
0.24112708941496058
0.0
0.0
0.0
0.0
0.0
0.0
0.0
0.41673042887859674
0.9184157214444308
0.8755300522024209
0.9444673084789712
0.9279787988623801
0.9652666520959924
0.9489187289358547
0.9739296474631343
0.9762507862851899
0.9605395204394306
0.9765286522985065
0.927824402210167
0.9326224105859132
0.6117061219802074
0.4122917629736461
0.45117149113019084
0.022114142310062663
0.0
0.0
0.0
0.0
0.0
0.0
0.0
0.0
0.7460597756206253
0.8827900380524406
0.8474235536420893
0.9421000789186499
0.9467458270586749
0.9306916316491128
0.9743931809080426
0.9504625021140622
0.9726669473068285
0.9615594856296779
0.9592157782322412
0.8859026209088814
0.8656828021887437
0.49424474798954965
0.3810029531457445
0.0
0.0
0.0
0.0
0.0
0.0
0.0
0.0
0.0
0.8855896479012932
0.9137410993713088
0.8345077131168447
0.9250707652354797
0.9623455484679317
0.9248621787672788
0.9726974182805349
0.944112972330266
0.9450212713167065
0.995488805142828
0.9804436635692568
0.8874046855091438
0.795681437425519
0.6254634943344779
0.49273565809854686
0.39062468066273043
0.46443183877998173
0.4597162838723105
0.5447380823371378
0.7963776056202395
0.9222481039699522
0.9499420616464065
0.9384683309639678
0.946234400249693
0.0
0.0
0.0
0.0
0.14030547562227455
0.18963007452292333
0.6372209160312828
0.8796725350986966
0.8095112815127863
0.9882649679347596
0.9816931880419562
0.8466286764190639
0.6637435307386211
0.5606605530792156
0.2460450356941254
0.054173353794377474
0.2290318527427628
0.2371270356520069
0.39217804865518485
0.7261694204452804
0.7735233351680769
0.770367403446171
0.8366287578465423
0.8885306657752132
0.0
0.0
0.0
0.0
0.0
0.34226267035429164
0.2760471523161708
0.7611120166693618
0.8672308075276266
0.9895541227032537
0.9813386055734538
0.8581332620267377
0.7393844545821372
0.5785996874004652
0.4300486240966743
0.3196512182939639
0.3168278365436103
0.283435614922852
0.47767927194058696
0.8064068216050437
0.8566876836759085
0.7963912488105994
0.8716479578162258
0.8742937790993519
0.0
0.0
0.0
0.0
0.0
0.0
0.0
0.0
0.28707511515584005
0.9936680013466612
0.9788428160316219
0.8170220482721238
0.6597116418032793
0.5411980017774466
0.34399961517716404
0.13036090446481366
0.2862855205941722
0.27993042564742415
0.4165781872035949
0.6947713981332038
0.8684449614115846
0.884744412747659
0.9162475033799032
0.9516640570701766
0.0
0.0
0.0
0.0
0.0
0.09163757574978652
0.187017021267435
0.2735945187665615
0.5371076948970318
0.8865042115826651
0.1773607295472024
0.19950472376227327
0.0
0.0
0.0
0.0
0.0
0.0
0.0
0.0
0.0
0.0
0.0
0.0
0.0
0.0
0.18667878965051368
0.25511913791552265
0.7106188489754988
0.8597835952494879
0.8271894436874208
0.932236361893167
0.8816773896344136
0.9474391932335686
0.9373593825818537
0.6010144646080899
0.4233267638704629
0.5978882421158376
0.29619060401200753
0.14958448140395536
0.0
0.0
0.0
0.0
0.0
0.3720436217967256
0.8243906694081402
0.9212039625044061
0.9235936295215162
0.965730032233165
0.977586799145891
0.9584078896639635
0.9583633545177871
0.98434112339057
0.9642735791440721
0.960126003569075
0.9836329883031933
0.9910333217649202
0.9887832396028436
0.9036013558439107
0.8649469929277112
0.7979091812730075
0.7391718522271846
0.7088222207651732
0.7645902008298778
0.7685056068551493
0.8100775157309842
0.9425876132668785
0.9466065357264691
0.9492933653178112
0.934452095120063
0.9527472877480497
0.0
0.0
0.0
0.1402049016434373
0.3623586188802887
0.8224609778544697
0.8675712009246269
0.9227630002238505
0.8957099528183958
0.9947905155150528
0.9780996882382992
0.8893110834777386
0.8037872142668564
0.6873271330562636
0.5583359301611579
0.4706345444449871
0.5139411824584315
0.4130020367563486
0.48177885219613664
0.7548753071268968
0.8468749914981579
0.8618685616148943
0.8531941180473581
0.8820317667410768
0.0
0.0
0.0
0.0
0.0
0.0
0.0
0.1888618697300911
0.34396412994580083
0.9923704852650151
0.9801931026863829
0.8511249181039914
0.6738632202421962
0.4785481066485941
0.2018276744585755
0.04635487556636159
0.15904116160888718
0.10248519522657266
0.22381897063242973
0.5860799051156522
0.7072548372832571
0.8186055379093703
0.8533913378161082
0.9163777857985932
0.0
0.0
0.0
0.0
0.0
0.2190322904758778
0.18057796619323027
0.5336985567614234
0.8976235600238184
0.9891937712536165
0.981031707580753
0.8517549926833446
0.72945802394747
0.5684104276208573
0.34655948069645176
0.11608450683329909
0.21600341561312006
0.1796722023506644
0.23692440390750474
0.4808972654373185
0.7760025681529641
0.7966289751585969
0.7962858389894207
0.8762912264135059
0.0
0.0
0.0
0.0
0.0
0.0
0.0
0.0
0.0
0.9866067060171694
0.9783789565800706
0.779756960823523
0.5093376904460721
0.30600908230728446
0.06123963915143853
0.027276675957220855
0.17297084420899667
0.1580279875479906
0.3234661945731707
0.7126829317007085
0.7501102634315399
0.8437651646397405
0.8918626060182593
0.9162583155371172
0.0
0.0
0.0
0.0
0.0
0.25727599404679635
0.3022274739825976
0.8339830370032267
0.8472302046297584
0.8318158849090844
0.7680696671664877
0.21019183520415105
0.18609333632588412
0.0
0.0
0.0
0.0
0.0
0.0
0.0
0.0
0.0
0.0
0.0
0.0
0.0
0.1012800082785346
0.4529272740129995
0.2784380781111073
0.8526357829419698
0.8049876814222015
0.9206384157544325
0.9445744186507586
0.8817405509772155
0.8514100799431896
0.4960111531710069
0.47018750383086894
0.4504458556560985
0.10283752876710353
0.0
0.0
0.0
0.0
0.0
0.0
0.0
0.0
0.3702322381928884
0.8934682317335384
0.8854653704145671
0.9256198914094472
0.8814979174475734
0.9192627714508014
0.949005024625873
0.9110724870801513
0.9689430455938255
0.9388885631826592
0.9918087175789466
0.986975799685782
0.8972045353393792
0.8557779026200707
0.7878961866934554
0.7105589673759952
0.6439384670745205
0.6828984843469946
0.6635881665719104
0.6758011106094195
0.8503294013843884
0.9253800605488735
0.9371149748160995
0.935953367288602
0.9483392499323621
0.0
0.0
0.0
0.15820768437444127
0.8579081423408624
0.768923441890936
0.8595532567865003
0.935688782730283
0.86002107873173
0.9902703291816305
0.9861105932961849
0.8829268984217122
0.8217329795037674
0.7356557994127522
0.640981116943095
0.623993865363387
0.6772543514217634
0.7162129392436022
0.7768331898432055
0.9234195881425236
0.937331444807958
0.9563940155215287
0.9435917826056566
0.960300731442799
0.0
0.0
0.13264452886384062
0.5609099837156484
0.9075861938800145
0.7960436837620273
0.8904721105661765
0.9442724954719713
0.8778613705808567
0.9904883901064686
0.9853660171336074
0.8876650039401238
0.8370958319109334
0.7704448783211078
0.710693498138006
0.6187781190827817
0.6467246582945787
0.6702086416777345
0.7666481862230781
0.9498432307533814
0.9536508930295668
0.947837050126817
0.9312858067900361
0.9494619825542477
0.0
0.0
0.0
0.10527886619993489
0.6957966159065662
0.8058959979984723
0.7588344524897409
0.9234198020019951
0.8871516124648717
0.989824275600173
0.9844870402790453
0.8768857100809293
0.8134871512275267
0.7243740470880253
0.5951535281736353
0.5206034887495887
0.6592120663628185
0.6983926208679746
0.7738567799990845
0.9465487781249696
0.950892521435067
0.9490497744494429
0.9322462423671812
0.9510820849801839
0.0
0.0
0.0
0.09787064729379535
0.35332283245390034
0.7499237164599324
0.8178452627064235
0.9174501090003836
0.8435472613187455
0.9895529319283823
0.9836447745068759
0.8788343483261819
0.8122620853073979
0.7392191438105216
0.6749032455991187
0.6437770471761789
0.7288650426728044
0.7529344172569794
0.813860097123862
0.9548139776313306
0.9507612994588847
0.9498099495198665
0.9401629817160434
0.9581555898589313
0.0
0.0
0.12212530327232976
0.28029632652513903
0.9003001445707227
0.9048903716213293
0.8609196561981841
0.9489595563888039
0.9132690379265077
0.9706978038008202
0.9440022068475538
0.7506948051634443
0.6029868617073676
0.5998616959678474
0.1952208937020276
0.2299870294353419
0.0
0.0
0.0
0.0
0.0
0.0
0.0
0.0
0.8770298905345753
0.8352577768803097
0.8819614073678156
0.8968164026333951
0.9509059034620068
0.9503559209035899
0.9422878094833871
0.9656234818254484
0.9415201837165683
0.9811097202150473
0.9612705366702444
0.9022130968231443
0.8862664041273188
0.8440518951117092
0.385405293957775
0.22873932802539293
0.0
0.0
0.0
0.0
0.0
0.24217829439556435
0.7391601854427691
0.8672865694948169
0.923539039434413
0.9674999323036236
0.961290386853331
0.9612857134419429
0.9541690284781172
0.9687325069348829
0.9640012016184282
0.9548394446718451
0.9684735419732698
0.9911921326274886
0.9877983606776192
0.8943005282389342
0.8447935461370499
0.7964307296666021
0.7246746366996599
0.6712602526604761
0.6978449918340208
0.7177494095914356
0.8237447280675079
0.9564338531302619
0.964183767595451
0.947023264335115
0.9375547457081413
0.9436017340446253
0.0
0.0
0.07000943129230718
0.37788733484928577
0.7704181733997382
0.9064092806024182
0.8718249850368246
0.8696432151157705
0.9426989945294697
0.9903679651672338
0.9845063196101714
0.8717078358881858
0.8068169118315347
0.7610789370447899
0.689527591051812
0.586620267196705
0.6049876900541461
0.5657386553606469
0.6612639692822492
0.8999324960546862
0.9105870854967343
0.9376006051442108
0.942085857972653
0.9317897712604144
0.0
0.0
0.0
0.0
0.0
0.1504046985544587
0.17796842982696362
0.22610278223246572
0.8542169551126585
0.9875661859055331
0.9796584678095018
0.8343726739845437
0.7106805737636364
0.6233345898617156
0.4440152494573226
0.2612794597130962
0.31554864943216243
0.29419251626981785
0.42603988519831765
0.7512343197512682
0.8821580092637579
0.9066246358057082
0.9025416199183365
0.9204572480322389
0.0
0.0
0.0
0.0
0.13055301296784608
0.28774053293324164
0.5286972579595797
0.8229979012915708
0.8865215956795278
0.9897976558232455
0.9829362946001671
0.8621503827531142
0.7857230450799744
0.6791277620645869
0.5300735955996363
0.36067527652624304
0.4032256622527028
0.3526704464216772
0.46049213946403666
0.7361908694290532
0.8335224397404748
0.8738082157665826
0.8856638474647271
0.9034423955659088
0.0
0.0
0.0
0.0
0.0
0.0
0.377566846941195
0.3188545602022438
0.8067728131053925
0.9890499572513557
0.9802099099431856
0.8441046253765825
0.7163205271356187
0.5721959558484121
0.38474143491204554
0.14494006503688775
0.2562081508308264
0.25127712326150364
0.33486646590437397
0.6613347137491064
0.7840079706060618
0.8474685710614971
0.8781294037523005
0.9018084929556294
0.0
0.0
0.0
0.0
0.0
0.15868483939428482
0.3529968612135691
0.7747662642424215
0.8819021110292092
0.860763457615559
0.8220785972397524
0.41368034939992876
0.0
0.0
0.0
0.0
0.0
0.0
0.0
0.0
0.0
0.0
0.0
0.0
0.0
0.0
0.0
0.3905159360949051
0.4903964171501071
0.6877444506689169
0.8818651280034076
0.8271597869801633
0.8854961792886253
0.924718432767917
0.7212319604972574
0.26623564044071085
0.2556820212673769
0.0
0.0
0.0
0.0
0.0
0.0
0.0
0.0
0.0
0.0
0.0
0.0
0.0
0.0
0.0
0.0
0.31732608094680026
0.41352709789675307
0.8087457409677511
0.8156216570254735
0.9951825138258787
0.9721758286811403
0.8185461073973099
0.601436443088755
0.36863703737780557
0.012779849398315963
0.0
0.00038825824271859896
0.0
0.0007905148711490591
0.005556353556968655
0.3077629945222898
0.5066796965666923
0.6787923689842377
0.6937837034269475
0.0
0.0
0.0
0.0
0.0
0.0
0.0
0.08583742851985855
0.27843725529160235
0.9935080984776945
0.9664018491893956
0.7725480692714943
0.5539082276737528
0.26923755482194844
0.0003043110915710188
0.0
0.00043214348393276367
0.0
0.0007853369256969737
0.005444585045720504
0.11646058176821952
0.4553770154852168
0.6934211283481413
0.7230280544254626
0.0
0.0
0.0
0.0
0.0
0.0
0.0
0.0
0.0
0.9865363131041848
0.9411256194481755
0.7349352835857778
0.5273083315618873
0.3088959908202773
0.027281713898693046
0.0007094704583792079
0.0666374367546487
0.02499737494058231
0.10166542279253317
0.38231417204082274
0.6651838410568779
0.7358736717483932
0.8250754260968591
0.8392787106102464
0.0
0.0
0.0
0.0
0.0
0.0
0.0
0.0
0.0
0.9933391105281197
0.9778952313400252
0.850600734312697
0.8027956972095297
0.7631674943594463
0.7224313316967473
0.7139556348685345
0.7782054096291432
0.8054020996893063
0.8673894209151981
0.9624899913962278
0.9650642170654916
0.952880691223776
0.940926822252792
0.9424160231023594
0.0
0.0
0.0
0.0
0.15922329587736211
0.22662897911560786
0.3285338135985841
0.2759250929299734
0.2878504781465268
0.9933562077311996
0.9791028158823714
0.85133645448882
0.7702967904882227
0.6222821053140475
0.49096122006963544
0.4026959049658463
0.43550165996932144
0.37400900833215867
0.47658061989970063
0.793468614588388
0.8839764178312624
0.8963010191705346
0.9009870710346763
0.9231418468435908
0.0
0.0
0.0
0.0
0.0
0.14296257095468656
0.4326056401871869
0.7302000328146947
0.8575764026617647
0.8546648039021614
0.7729149158287938
0.2592722286361219
0.10450477445981388
0.0
0.0
0.0
0.0
0.0
0.0
0.0
0.0
0.0
0.0
0.0
0.0
0.0
0.0
0.3273650119017564
0.4422055017771564
0.669135708970863
0.8867956855339562
0.8166389267451084
0.8677075665547608
0.9339270293201767
0.6722854968507197
0.17318192576914002
0.0
0.0
0.0
0.0
0.0
0.0
0.0
0.0
0.0
0.0
0.0
0.0
0.0
0.0
0.0
0.0
0.0
0.0
0.0
0.0
0.0
0.28193794757322593
0.09134809852999405
0.0
0.0
0.0
0.0
0.0
0.0
0.0
0.0
0.0
0.0
0.0
0.0
0.0
0.0
0.0
0.0
0.0
0.18055966813011595
0.3951149744885328
0.3857893846694969
0.6007484409699568
0.3749092047494886
0.989491265179781
0.9770282311932105
0.8438403418725058
0.7576577757183725
0.6576400485303187
0.50111163368567
0.2727996218100684
0.35353230452240003
0.3872513616505404
0.4650142769731977
0.7326515985055235
0.691471625086152
0.8643816977329921
0.88073540886334
0.9519537822806438
0.0
0.0
0.0
0.0
0.0
0.15285168281868647
0.2642247723571434
0.45423160360843096
0.2671644729053047
0.9938043819138348
0.9712006874398903
0.8730171246420229
0.8026653100174825
0.7520095315786549
0.6739578728496026
0.5308018995151873
0.5789500921309224
0.6103873346408845
0.7117377729137425
0.9043063632323673
0.9295812647492705
0.9319976104106388
0.9307152810436036
0.9378830456909368
0.0
0.0
0.0
0.0
0.0
0.16223583794899368
0.3210930211005882
0.5843631903659138
0.8990804262535698
0.988677474227681
0.9822102988102661
0.8648885071033113
0.7954538979705957
0.7271016416685696
0.598506420253431
0.5431147401646945
0.6350585014824793
0.6605189675913249
0.7470072517962034
0.8809131795002616
0.9538897495378712
0.9571760477322482
0.935952415846609
0.9509430591655916
0.0
0.0
0.0
0.0
0.16923117012682837
0.1950324886483049
0.24669305887727952
0.8379075721746188
0.8128987056122694
0.9884419431516068
0.9819545844443301
0.8655121757404128
0.8052028332771815
0.7161044630144231
0.5956535790917942
0.5288579792999378
0.6214353684440446
0.626268855366523
0.7184066213523548
0.9133168476839766
0.9475780754271312
0.9517227622106601
0.9347121179325916
0.9309790987756448
0.0
0.0
0.0
0.1539869591180579
0.12408953971986703
0.6956334390921936
0.8782227067974634
0.7390656388911931
0.9070263994674495
0.8622897631776141
0.4582454351226393
0.40678235267257135
0.06335368471791702
0.0
0.0
0.0
0.0
0.0
0.0
0.0
0.0
0.0
0.0
0.0
0.0
0.0
0.0
0.26030940690309323
0.7568696200087488
0.8130037792190933
0.8633241598035089
0.8570167542282084
0.9277820820053875
0.8546351042003278
0.8841587625868856
0.7471483816367663
0.4818784092101851
0.17879162273327748
0.0
0.0
0.0
0.0
0.0
0.0
0.0
0.0
0.0
0.0
0.0
0.0
0.3011784227936033
0.4747088367524505
0.8541098654646079
0.7786809999025958
0.9049067777721757
0.798906331912935
0.8816492790778994
0.9952631556790459
0.9723857548976387
0.8235605532478639
0.6332935996137222
0.48154753275955614
0.3390111836489751
0.30337784472798657
0.4475071657325516
0.4155029274863988
0.6216303856693518
0.86147327070884
0.9065161149678077
0.9110358957586866
0.910845769378851
0.9348162644177821
0.0
0.0
0.0
0.0
0.0
0.4431145782876082
0.3725497725270618
0.8873881938176256
0.8475279484583057
0.9895364939767198
0.980315405333557
0.8234463536100622
0.68664787983592
0.5929060198908801
0.4499116044155414
0.25681768140193856
0.3102872999608205
0.2713868958934287
0.4398221670132227
0.7336706868709575
0.7957982537885682
0.877104011963075
0.9106248993261219
0.9250678979617136
0.0
0.0
0.0
0.0
0.0
0.0
0.0
0.10285159680099756
0.22977124452958772
0.9859002662676465
0.9681075055773122
0.6314944986238786
0.39876860747674486
0.1820107594164169
0.0004046156201333187
0.0
0.00038203163307861103
0.0
0.0013032491158786912
0.005523516477480728
0.062268618631549554
0.40800306435537154
0.5899862043659269
0.6520236148461124
0.0
0.0
0.0
0.0
0.0
0.0
0.0
0.0
0.0
0.9860433070798896
0.9694831662791504
0.6678187635245519
0.3983256501790634
0.1980284542502207
0.00031407805498162366
0.0
0.0009595822605709671
0.0
0.0012899616409702424
0.005972608584869057
0.03743728128080426
0.3216181207871944
0.5803321249441677
0.7485815851622193
0.0
0.0
0.0
0.0
0.0
0.0
0.0
0.0
0.10749706688304693
0.9930342945168616
0.9690236435607684
0.6436503258262328
0.40429780366595575
0.20714074582368064
0.0
0.0
0.0004948671033757585
0.0005867573930453384
0.0017161582783603883
0.3737812598907446
0.6731689438910633
0.6719116056559171
0.8233632036758516
0.8278585823820332
0.0
0.0
0.0
0.0
0.0
0.0
0.0
0.20424813096269578
0.42284210545113776
0.7824240157288188
0.1990700918241151
0.0
0.0
0.0
0.0
0.0
0.0
0.0
0.0
0.0
0.0
0.0
0.0
0.0
0.0
0.0
0.0
0.0
0.3264533107728037
0.25582854550862544
0.5597272479018081
0.3967347706069731
0.4754280557731372
0.66996408089133
0.20101323126354523
0.0
0.0
0.0
0.0
0.0
0.0
0.0
0.0
0.0
0.0
0.0
0.0
0.0
0.0
0.0
0.0
0.0
0.0
0.0
0.0
0.0
0.0
0.9915854944652428
0.959667365222996
0.5835957753012889
0.30387852458849146
0.18013247975290786
0.0
0.0
0.0009929410615511346
0.0006154666085694988
0.1439104919939736
0.49899775122583984
0.649937498299728
0.7054094490064517
0.7093550603321243
0.8459417669139936
0.0
0.0
0.0
0.0
0.0
0.0
0.0
0.0
0.31643287326206493
0.9879028575648113
0.9672489024299632
0.6239072653930936
0.43509417497454167
0.2809087929953843
0.035057859075706424
0.003542269460106859
0.09108379235404922
0.039684746314015334
0.1534872969609317
0.41358521809847626
0.581795435295215
0.7273849166328198
0.8363554704432442
0.8831743225121068
0.0
0.0
0.0
0.0
0.0
0.0
0.0
0.0
0.0
0.9761483576363382
0.9618161295103786
0.7121195816506384
0.72104409680723
0.6810253318383558
0.5821366922012664
0.5359864560241069
0.6574504580076579
0.6751182724743799
0.7412811209825423
0.8920646998215758
0.8654740116478354
0.8975970010154264
0.9276811572027004
0.9097614052106809
0.0
0.0
0.0
0.0
0.0
0.0
0.0
0.0
0.0
0.992188775483107
0.9741604351181746
0.7965654532497258
0.6403497930892544
0.5080826866490771
0.23935872801723637
0.06944099573598182
0.335526303207738
0.3516766290482923
0.49341256093014874
0.8110429989028032
0.8375535368046942
0.8522688181681233
0.8479058723750759
0.9370131025657752
0.0
0.0
0.0
0.0
0.0
0.0
0.0
0.18036124449922186
0.24903860450437024
0.9870098598225135
0.9715664045927883
0.6984173687349163
0.5506016611767715
0.46437090645996965
0.20978912815772563
0.04089668336123501
0.21133860792572745
0.2043956938351543
0.27166852789027035
0.5955447442147737
0.6655606640257721
0.5571763929061131
0.7748877361937346
0.8111430612594114
0.0
0.0
0.0
0.0
0.0
0.0
0.0
0.0
0.0
0.0
0.0
0.0
0.0
0.0
0.0
0.0
0.0
0.0
0.0
0.0
0.0
0.0
0.0
0.0
0.0
0.19015308834571598
0.433306525217176
0.25044626515622065
0.5535058741783089
0.7747031835406102
0.9051937464753163
0.9255201964050653
0.8547217926676397
0.8513797300596929
0.45427896711489285
0.401844428162102
0.0
0.0
0.0
0.0
0.0
0.0
0.0
0.0
0.0
0.0
0.0
0.5004004805149584
0.5024125300096907
0.8993445983667957
0.9286229728485048
0.8684225174457485
0.8928242133781595
0.9581874954197215
0.913387975837573
0.9214383587424001
0.9954763159369132
0.9846420450227761
0.8815967415710521
0.8202514054204424
0.6838408124280392
0.47949119507681986
0.3992650877477332
0.48781088437844816
0.5198903614053341
0.6242801275858275
0.7676652874118511
0.8203661094121554
0.8148477772542331
0.8411281326094984
0.9017868999794866
0.0
0.0
0.0
0.0
0.0
0.0
0.35798324603991444
0.5887412076638523
0.8312368284727455
0.9946492595297036
0.9815656125788798
0.8602832070554022
0.7954228538942448
0.625382023720228
0.4029826520111328
0.23712328903600235
0.31312359488468366
0.27067650113299635
0.2945537404401505
0.5823116219737182
0.5165627256386486
0.6383058112998057
0.7392831306277312
0.7185926662307407
0.0
0.0
0.0
0.0
0.0
0.0
0.0
0.0
0.2505538688605696
0.9871988558184546
0.9810568830203604
0.869792725872182
0.8295908130503046
0.7853974596356929
0.7540353435021668
0.7428743065681666
0.7860046020911214
0.8081844304878054
0.8427176128272458
0.9292848196356307
0.9073028090531684
0.834180160376424
0.9112213706705925
0.9396518223846424
0.0
0.0
0.0
0.0
0.11233447313685928
0.2589116614932797
0.6259900000375649
0.8003972190103756
0.8682074433796905
0.9889933170053787
0.982614080027455
0.8624367178355479
0.7582743843658333
0.6213304132551528
0.4967681114362515
0.34176513556489474
0.3630684511165028
0.2500693410725951
0.26964246985135276
0.47737671570779056
0.4404887740913643
0.5333552275530083
0.5727336709474754
0.7324972639221957
0.0
0.0
0.0
0.0
0.0
0.0
0.0
0.0
0.0
0.9911238746135393
0.9647540566905408
0.8462333215815663
0.7687057296028993
0.7183800501168437
0.6334386413418883
0.6417714891427537
0.6959407309187601
0.7245649378680828
0.7468312430640667
0.8599092701623131
0.7784373206432219
0.8222352543072049
0.8828858872724135
0.8838063008275107
0.0
0.0
0.0
0.0
0.0
0.0
0.33218063506232487
0.230684133195822
0.5054360559942028
0.6864897934257967
0.30339977609604557
0.0
0.0
0.0
0.0
0.0
0.0
0.0
0.0
0.0
0.0
0.0
0.0
0.0
0.0
0.0
0.0
0.0
0.0
0.0
0.0
0.11075571359303989
0.4415664160802033
0.4055340391906921
0.18034125378117655
0.0
0.0
0.0
0.0
0.0
0.0
0.0
0.0
0.0
0.0
0.0
0.0
0.0
0.0
0.0
0.0
0.0
0.0
0.0
0.0
0.0
0.0
0.984522459140087
0.9686571926447272
0.6703382401120525
0.34481950954660107
0.18954354305418045
0.00030490142086434977
0.0
0.00038036708654128065
0.0
0.0012609626990605644
0.006008479230575052
0.0
0.0019686059051235655
0.19900020255181014
0.47452755950343034
0.0
0.0
0.0
0.0
0.0
0.0
0.0
0.0
0.0
0.9710717627255059
0.9349219280226575
0.5605890924527335
0.41226623265418344
0.3063091449216291
0.009036717082724192
0.0
0.00043730342122335855
0.0
0.0008609855816843917
0.006215016663288478
0.0
0.022298998333969002
0.4577200280246887
0.6313821652902679
0.0
0.0
0.0
0.0
0.0
0.0
0.0
0.0
0.0
0.9873418042428077
0.9700144703164266
0.6917409569358405
0.500923443005776
0.30556682128565615
0.006650739484159256
0.0
0.0004453749804546871
0.0
0.0005724409813714912
0.005442699314911819
0.026370437744958914
0.3625323110373618
0.4696558590971783
0.6495998287650588
0.0
0.0
0.0
0.0
0.0
0.0
0.0
0.0
0.11024992921375923
0.9872494536077396
0.9790662419692648
0.8542084715861679
0.7328262827785381
0.680112112344575
0.6079142413145316
0.5571026524136815
0.6787150372089199
0.7538622848235772
0.8404520178528078
0.9521971461109117
0.942830067343179
0.9224678473615505
0.922836530727508
0.9493840013787362
0.0
0.0
0.0
0.0
0.17983546581605162
0.15464609347987004
0.8574828264321182
0.7927290902300693
0.868548250352956
0.9944836001513918
0.983663679280416
0.865267694918013
0.7736730655651214
0.6481628273721928
0.5199596800461392
0.4253892528371053
0.3894117597970324
0.21869209672445142
0.20646659180009244
0.43827844478292505
0.3442653138833301
0.4766712418618293
0.6383727034401493
0.686821460041642
0.0
0.0
0.0
0.0
0.0
0.0
0.0
0.0
0.0
0.2918920752964282
0.09925238343881619
0.0
0.0
0.0
0.0
0.0
0.0
0.0
0.0
0.0
0.0
0.0
0.0
0.0
0.0
0.0
0.0
0.0
0.0
0.0
0.0
0.0
0.0
0.0
0.0
0.0
0.0
0.0
0.0
0.0
0.0
0.0
0.0
0.0
0.0
0.0
0.0
0.0
0.0
0.2008401375265452
0.4110872265230358
0.8924262101940769
0.8495875792840644
0.8281889916152051
0.9425698452618357
0.8972872263714824
0.8907902062111152
0.9952048075705537
0.9857237416894229
0.8925305501386808
0.8483883468996979
0.776849253843974
0.7437954863688808
0.7193177252382817
0.7643458112671352
0.7782526490108684
0.8579006362599916
0.9535049079814691
0.9567081551221792
0.9452806526159625
0.9385527676462718
0.9586927056772181
0.0
0.0
0.12671114671297157
0.2714229590198881
0.8344390546762878
0.8174046436573796
0.9183880920009817
0.8486925912230479
0.8852559289060518
0.9947953155827745
0.9846868136860318
0.8884387504791438
0.8449317247819237
0.7789715368077371
0.7379923717501429
0.7035677942709374
0.761427688912727
0.782297893431199
0.8396913291594136
0.9481415399807369
0.949456272849746
0.9324366275353029
0.9274721216876651
0.9453467357174252
0.0
0.0
0.0
0.0
0.10394469788423792
0.15097167681014814
0.8592615288875682
0.7822282573401153
0.9127731269174693
0.9892364825347115
0.984641645378264
0.8904246665971617
0.8473595180292959
0.7862965587135659
0.7454688547538951
0.7078186420541954
0.7691969741325659
0.8003882729821835
0.854422963410931
0.9568266182570186
0.9532796866363684
0.9369930457125627
0.9449332850367343
0.9324921736088844
0.0
0.0
0.0
0.17912800090073852
0.13955873969021027
0.6993103393874018
0.8529854680198504
0.8542380759954827
0.9523024815507001
0.9902180940380644
0.9851802133355945
0.8828424875377603
0.8285156655995063
0.7669894829371519
0.6713379577318078
0.5952208706147892
0.6398533539903292
0.6345469002139774
0.649694150514134
0.8399658717475315
0.8230952384018704
0.8062402646719259
0.8701146242434061
0.9267967498763495
0.0
0.0
0.0
0.0
0.0
0.1774230431806171
0.23701036506433001
0.8643613921334361
0.8056111596543077
0.9947041014288878
0.9742373722812154
0.8673663814805654
0.6940654784056338
0.5190078094635712
0.2575896785918887
0.059134403266041344
0.12839478690711145
0.00786908474111271
0.05102023696703416
0.022837179660125415
0.36418222790205296
0.4061786194174819
0.4534666809864206
0.6610597111463034
0.0
0.0
0.0
0.0
0.0
0.0
0.0
0.0
0.0
0.0
0.0
0.0
0.0
0.0
0.0
0.0
0.0
0.0
0.0
0.0
0.0
0.0
0.0
0.0
0.0
0.0
0.0
0.0
0.0
0.0
0.0
0.0
0.0
0.0
0.0
0.0
0.0
0.0
0.0
0.0
0.0
0.0
0.0
0.0
0.0
0.0
0.0
0.0
0.0
0.0
0.0
0.0
0.0
0.0
0.0
0.0
0.0
0.9675451552203717
0.929230683430469
0.5453218984396632
0.3828110665411325
0.21492227770183778
0.0
0.0
0.0031777818664282358
0.0
0.0003999722574405809
0.005242521711271718
0.0
0.0
0.09378571624187562
0.42288552734398793
0.0
0.0
0.0
0.0
0.0
0.0
0.0
0.0
0.0
0.9680893500250289
0.922704407049928
0.5335373050284956
0.3403710730880117
0.21850662695477552
0.0
0.0
0.06098394377892069
0.055038039740272084
0.2275533703108034
0.6507616486870715
0.7242761637015589
0.7631731412015202
0.8526165873521109
0.8795196967779955
0.0
0.0
0.0
0.0
0.0
0.0
0.0
0.0
0.0
0.9882710610459936
0.9767610128651882
0.8274873706449509
0.7060216004089718
0.5403581112149738
0.30392204383957705
0.14310648108013568
0.29742812340052766
0.2639588868353869
0.3820728385853661
0.7212320721241496
0.7447639109391274
0.7210870914606204
0.7322946483181568
0.836400403955177
0.0
0.0
0.0
0.0
0.0
0.0
0.0
0.0
0.0
0.9856187573812198
0.9684588684125606
0.7348051266410301
0.6160852272279312
0.47739428927064637
0.20391541357085835
0.02421676081457989
0.1299612953883072
0.02600018490724987
0.07539291209033168
0.17473503692839412
0.3152500212460951
0.32776447289950883
0.4022129503598915
0.3929868116172407
0.0
0.0
0.0
0.0
0.0
0.0
0.0
0.0
0.0
0.9516815490209083
0.7500731729921734
0.346718090312705
0.2035199706339244
0.05995999147979176
0.0005931845067447445
0.0
0.0005192379924079226
0.0005674048452059761
0.0015974233589457734
0.0069637547019668015
0.0
0.2286158669634399
0.43316195597979285
0.635989696609036
0.0
0.0
0.0
0.0
0.0
0.0
0.0
0.0
0.0
0.0
0.0
0.0
0.0
0.0
0.0
0.0
0.0
0.0
0.0
0.0
0.0
0.0
0.0
0.0
0.0
0.0
0.0
0.0
0.0
0.0
0.0
0.0
0.0
0.0
0.0
0.0
0.0
0.0
0.0
0.0
0.0
0.0
0.0
0.0
0.0
0.0
0.0
0.0
0.0
0.0
0.0
0.0
0.0
0.0
0.0
0.0
0.0
0.9933379082943832
0.9587609954052418
0.7912244436853296
0.6611462092972579
0.49922452306471143
0.1743193140170226
0.043778388513274834
0.20746936156059373
0.1853584167975411
0.36813921280708284
0.727650939582867
0.7197098288295188
0.8185621177470621
0.8900119281375033
0.933060113213753
0.0
0.0
0.0
0.0
0.0
0.0
0.32270534699482195
0.25310256038149703
0.7382737292037869
0.9942930653025099
0.9802419347632291
0.8579531094894595
0.7975273002060561
0.6765648664207318
0.4851340611961646
0.3730412109495272
0.4751125161433234
0.4112338273974157
0.46257266808362896
0.7373880791650725
0.7242240966063016
0.6775564464280077
0.7015674660817537
0.8280646220555493
0.0
0.0
0.0
0.0
0.0
0.0
0.0
0.0
0.0
0.9853510236004253
0.9618578440558457
0.637366355609071
0.432025173619802
0.28644026778499376
0.01665087438390898
0.0
0.01708380645922648
0.0
0.009953432077579105
0.3657282339138244
0.5935647057334262
0.5489682938844541
0.47877579129019415
0.5455467057114438
0.0
0.0
0.0
0.0
0.0
0.0
0.0
0.0
0.0
0.9671261645073371
0.9395616804254551
0.6786053349669421
0.5259981371490762
0.2722879088144503
0.0
0.0
0.0013550395424967564
0.0
0.0009550478398243053
0.005769294530032462
0.0
0.0
0.0869971795615336
0.37900610284023606
0.0
0.0
0.0
0.0
0.0
0.0
0.0
0.0
0.0
0.9680474478618127
0.9133042667926092
0.43854694854389137
0.2543580275151563
0.14929025695034806
0.0
0.0
0.0011388607788842841
0.0
0.0016853315318917106
0.02194284850249572
0.19855227570259226
0.37694519052128733
0.47488216256918886
0.6425466726610408
0.0
0.0
0.0
0.0
0.0
0.0
0.0
0.0
0.0
0.0
0.0
0.0
0.0
0.0
0.0
0.0
0.0
0.0
0.0
0.0
0.0
0.0
0.0
0.0
0.0
0.0
0.0
0.0
0.0
0.0
0.0
0.0
0.0
0.0
0.0
0.0
0.0
0.0
0.0
0.0
0.0
0.0
0.0
0.0
0.0
0.0
0.0
0.0
0.0
0.0
0.0
0.0
0.0
0.0
0.0
0.0
0.0
0.9876297350970048
0.9195521630328184
0.3416654025879444
0.14737325108024515
0.0
0.0
0.0
0.000501332727978653
0.0
0.0014630269524852264
0.005698245248468887
0.0
0.0
0.0
0.00720283226283012
0.0
0.0
0.0
0.0
0.0
0.0
0.0
0.0
0.0
0.9614297677648136
0.9176206224759282
0.5554515476449258
0.26191509935997054
0.039566999412267406
0.000559419358735374
0.0
0.0005089703825702709
0.0
0.0016153293316078035
0.00608398686089226
0.0
0.0048328545715830866
0.007568644693498555
0.26305747199787843
0.0
0.0
0.0
0.0
0.0
0.0
0.0
0.0
0.0
0.9813209142677594
0.9593554955933654
0.754803062077017
0.5381751489372186
0.18913753945297804
0.00046095402485519095
0.0
0.00046727699613054353
0.0
0.001345878515240571
0.005400976013778374
0.0
0.0
0.0
0.0010296907551745488
0.0
0.0
0.0
0.0
0.0
0.0
0.0
0.0
0.0
0.9705150282281456
0.7756922458438786
0.23678495324280133
0.06902884915234661
0.0
0.0
0.0
0.0008456965444812772
0.0
0.0012003951984375177
0.0043986102214792
0.0
0.0
0.0
0.0018814407040706872
0.0
0.0
0.0
0.0
0.0
0.0
0.0
0.0
0.0
0.96955179447568
0.8153161057928587
0.15703506332954062
0.01853043642548201
0.0
0.0
0.0
0.0004887592455476118
0.0
0.0013862684311792676
0.004458256776484047
0.0
0.0
0.0
0.0012756097727106108
0.0
0.0
0.0
0.0
0.0
0.0
0.0
0.0
0.0
0.0
0.0
0.0
0.0
0.0
0.0
0.0
0.0
0.0
0.0
0.0
0.0
0.0
0.0
0.0
0.0
0.0
0.0
0.0
0.0
0.0
0.0
0.0
0.0
0.0
0.0
0.0
0.0
0.0
0.0
0.0
0.0
0.0
0.0
0.0
0.0
0.0
0.0
0.0
0.0
0.0
0.0
0.0
0.0
0.0
0.0
0.0
0.0
0.968216899333198
0.9118017666507384
0.46023055586676404
0.2516054811777889
0.12227957637598726
0.0
0.0
0.0004971427904540496
0.0
0.00047972844688074705
0.0025480306114488904
0.0
0.0
0.006308562062227248
0.1606853787890421
0.0
0.0
0.0
0.0
0.0
0.0
0.0
0.0
0.0
0.9685908010739699
0.939110818974033
0.6883961807341922
0.5459974595325995
0.3035179523849983
0.0
0.0
0.062047248817326026
0.05913819352079825
0.30905757649596943
0.7683388869564286
0.889577183084542
0.8833897867883516
0.863035688776621
0.9026638409616109
0.0
0.0
0.0
0.0
0.0
0.0
0.0
0.0
0.0
0.9923902244485502
0.9735402214847251
0.8327442350898243
0.7858585010757355
0.7050195555590674
0.6309193438368051
0.6033464523189425
0.7228048267497947
0.7719579044633633
0.8238213583124746
0.9379921066612038
0.9407364794976933
0.9221820073624872
0.9290803502382186
0.935006749352172
0.0
0.0
0.0
0.0
0.0
0.0
0.0
0.0
0.0
0.9831042636365744
0.9707942345494821
0.7989429633464795
0.6976677247738285
0.5824905171681842
0.40019125655064497
0.3390873328431605
0.48814678336432554
0.49506008311041066
0.6003638912467305
0.8238637801553892
0.824682141600896
0.8257352817143326
0.8913591992084601
0.9122119962873204
0.0
0.0
0.0
0.0
0.0
0.0
0.0
0.0
0.0
0.9840110401140033
0.9674473626641588
0.7750636460243545
0.655366115665702
0.5259454987958135
0.29077136483848515
0.12730040652581825
0.26115023687035965
0.22281323746031215
0.3372622571617377
0.6092530928194761
0.5793014222519408
0.5339958332864053
0.613441148612538
0.6164140834391331
0.0
0.0
0.0
0.0
0.0
0.0
0.0
0.0
0.0
0.0
0.0
0.0
0.0
0.0
0.0
0.0
0.0
0.0
0.0
0.0
0.0
0.0
0.0
0.0
0.0
0.0
0.0
0.0
0.0
0.0
0.0
0.0
0.0
0.0
0.0
0.0
0.0
0.0
0.0
0.0
0.0
0.0
0.0
0.0
0.0
0.0
0.0
0.0
0.0
0.0
0.0
0.0
0.0
0.0
0.0
0.0
0.0
0.9304506211390138
0.8107311654198391
0.14272118865892097
0.005897694502009191
0.0
0.0
0.0
0.0
0.0
0.0013980103913300763
0.004301214720634173
0.0
0.0
0.0
0.004224201459495354
0.0
0.0
0.0
0.0
0.0
0.0
0.0
0.0
0.0
0.9340321167168104
0.8603088726039976
0.2291421762340067
0.09761877988776226
0.002011255486825912
0.0
0.0
0.0006457890800167105
0.0
0.0012830491139074628
0.003967355496151464
0.0
0.0
0.0
0.0
0.0
0.0
0.0
0.0
0.0
0.0
0.0
0.0
0.0
0.9405408092898959
0.7684791798806673
0.09554506113070503
0.0002963049837096224
0.0
0.0
0.0
0.0
0.0
0.0
0.0030039009098303242
0.0
0.0
0.0
0.0
0.0
0.0
0.0
0.0
0.0
0.0
0.0
0.0
0.0
0.9417674632523174
0.8137450248745643
0.13901633025773522
0.025140886785131444
0.0
0.0
0.0
0.0010824231889866509
0.0
0.0012214615742234397
0.005610735505560414
0.0
0.0
0.0
0.004798409511991573
0.0
0.0
0.0
0.0
0.0
0.0
0.0
0.0
0.0
0.9734931381733496
0.9282594756797734
0.3546881408974036
0.17500935624904776
0.09698576252949288
0.0
0.0
0.0005404626608581895
0.0
0.0016158109336088966
0.007988238735426933
0.4794818094433379
0.569956607840963
0.6617186065144334
0.7652954592397486
0.0
0.0
0.0
0.0
0.0
0.0
0.0
0.0
0.0
0.0
0.0
0.0
0.0
0.0
0.0
0.0
0.0
0.0
0.0
0.0
0.0
0.0
0.0
0.0
0.0
0.0
0.0
0.0
0.0
0.0
0.0
0.0
0.0
0.0
0.0
0.0
0.0
0.0
0.0
0.0
0.0
0.0
0.0
0.0
0.0
0.0
0.0
0.0
0.0
0.0
0.0
0.0
0.0
0.0
0.0
0.0
0.0
0.9820568831395233
0.9508613308138385
0.5975225943862859
0.42864568376611695
0.24683920035810097
0.0
0.0
0.0011934614360705612
0.0
0.001626238650256383
0.009733896438197203
0.0
0.0
0.0016036999417117206
0.2870820977219889
0.0
0.0
0.0
0.0
0.0
0.0
0.0
0.0
0.0
0.9686429169137892
0.9348681567713827
0.427598998970474
0.13188282845158675
0.0022235469339989935
0.0
0.0
0.0005150474576445566
0.0
0.0013059291115553326
0.005089575142109674
0.0
0.0
0.0
0.0010352492952920432
0.0
0.0
0.0
0.0
0.0
0.0
0.0
0.0
0.0
0.9530808711004594
0.6993011289175618
0.007480694607366957
0.0
0.0
0.0
0.0
0.0
0.0
0.0
0.004348021761177761
0.0
0.0
0.0
0.0
0.0
0.0
0.0
0.0
0.0
0.0
0.0
0.0
0.0
0.7586006212081855
0.10496997111512142
0.0005359870582048777
0.0
0.0
0.0
0.0
0.0
0.0
0.0
0.0046148281608519165
0.0
0.0
0.0
0.0
0.0
0.0
0.0
0.0
0.0
0.0
0.0
0.0
0.0
0.8269638179220806
0.2532959511008599
0.0005411826306450742
0.0
0.0
0.0
0.0
0.0
0.0
0.0
0.004828719061309447
0.0
0.0
0.0
0.0
0.0
0.0
0.0
0.0
0.0
0.0
0.0
0.0
0.0
0.0
0.0
0.0
0.0
0.0
0.0
0.0
0.0
0.0
0.0
0.0
0.0
0.0
0.0
0.0
0.0
0.0
0.0
0.0
0.0
0.0
0.0
0.0
0.0
0.0
0.0
0.0
0.0
0.0
0.0
0.0
0.0
0.0
0.0
0.0
0.0
0.0
0.0
0.0
0.0
0.0
0.0
0.0
0.0
0.0
0.0
0.0
0.0
0.944521916105374
0.7816181898758514
0.11215587367130854
0.006185109074305896
0.0
0.0
0.0
0.0005170503923739005
0.0
0.0015099408203753657
0.005162587990059099
0.0
0.0
0.0
0.0
0.0
0.0
0.0
0.0
0.0
0.0
0.0
0.0
0.0
0.9617851278042423
0.800500590686691
0.027327554562340792
0.0
0.0
0.0
0.0
0.0
0.0
0.0
0.004305814981286686
0.0
0.0
0.0
0.0
0.0
0.0
0.0
0.0
0.0
0.0
0.0
0.0
0.0
0.914985980972812
0.4381230090117454
0.00042498880993384233
0.0
0.0
0.0
0.0
0.0
0.0
0.0012993374540242175
0.005962188865819899
0.0
0.0
0.0
0.001458922828879229
0.0
0.0
0.0
0.0
0.0
0.0
0.0
0.0
0.0
0.8938713517187982
0.5021781644241049
0.00033668963830947097
0.0
0.0
0.0
0.0
0.0
0.0
0.0
0.003148689477015937
0.0
0.0
0.0
0.0
0.0
0.0
0.0
0.0
0.0
0.0
0.0
0.0
0.0
0.9217424604962904
0.6677416175342651
0.030767321927695962
0.0
0.0
0.0
0.0
0.0
0.0
0.0
0.0034882197528209803
0.0
0.0
0.0
0.0
0.0
0.0
0.0
0.0
0.0
0.0
0.0
0.0
0.0
0.0
0.0
0.0
0.0
0.0
0.0
0.0
0.0
0.0
0.0
0.0
0.0
0.0
0.0
0.0
0.0
0.0
0.0
0.0
0.0
0.0
0.0
0.0
0.0
0.0
0.0
0.0
0.0
0.0
0.0
0.0
0.0
0.0
0.0
0.0
0.0
0.0
0.0
0.0
0.0
0.0
0.0
0.0
0.0
0.0
0.0
0.0
0.0
0.9546817246734078
0.7690346115241086
0.09096329342223099
0.0
0.0
0.0
0.0
0.0
0.0
0.0
0.008193025792907661
0.0
0.0
0.0
0.0
0.0
0.0
0.0
0.0
0.0
0.0
0.0
0.0
0.0
0.8691911944841391
0.2359554229603237
0.00041701133523383934
0.0
4.865779825466352e-05
0.0
0.0
0.0
0.0
0.0
0.004345952174604137
0.0
0.0
0.0
0.0
0.0
0.0
0.0
0.0
0.0
0.0
0.0
0.0
0.0
0.6920395733722688
0.0323343660635895
0.0004278788935377674
9.112544325109184e-05
0.00019437082392096978
0.0001579673951361821
8.495309976118323e-05
0.0
0.0
0.0017766634306319866
0.015664841626724584
0.3499418192799378
0.16845346273746867
0.0
0.08652267360122902
0.0
0.0
0.0
0.0
0.0
0.0
0.0
0.0
0.0
0.9581245497832911
0.7638952779533631
0.13722002844884118
0.012559460568399792
0.0
0.0
0.0
0.0
0.0
0.0
0.004681591980641663
0.0
0.0
0.0
0.006690121226843904
0.0
0.0
0.0
0.0
0.0
0.0
0.0
0.0
0.0
0.9007664014720552
0.588483316566839
0.03713447369805941
0.0
0.0
0.0
0.0
0.0008601203933707673
0.0
0.0014011089179965584
0.00466892171083642
0.0
0.0
0.0
0.0
0.0
0.0
0.0
0.0
0.0
0.0
0.0
0.0
0.0
0.0
0.0
0.0
0.0
0.0
0.0
0.0
0.0
0.0
0.0
0.0
0.0
0.0
0.0
0.0
0.0
0.0
0.0
0.0
0.0
0.0
0.0
0.0
0.0
0.0
0.0
0.0
0.0
0.0
0.0
0.0
0.0
0.0
0.0
0.0
0.0
0.0
0.0
0.0
0.0
0.0
0.0
0.0
0.0
0.0
0.0
0.0
0.0
0.0
0.0
0.0
0.0
0.0
0.0
0.0
0.0
0.0
0.0
0.0
0.0
0.0
0.0
0.0
0.0
0.0
0.0
0.0
0.0
0.0
0.0
0.0
0.0
0.4415862204754507
0.0019398763633821895
0.0005945917061946363
0.0
0.0001967121521342114
4.4117933145458966e-05
0.0
0.0
0.0
0.0
0.0044848470708182715
0.0
0.0
0.0
0.0
0.0
0.0
0.0
0.0
0.0
0.0
0.0
0.0
0.0
0.7557634442503007
0.0
0.0005236641409052135
0.0
0.0
0.0
0.0
0.0
0.0
0.0
0.0031722882085376686
0.0
0.0
0.0
0.0
0.0
0.0
0.0
0.0
0.0
0.0
0.0
0.0
0.0
0.8935761806695459
0.37057307741235473
0.0003899578900310009
4.908990619605867e-05
0.00012239032048979548
0.0
0.0
0.0
0.0
0.0
0.0030649415810980467
0.0
0.0
0.0
0.0
0.0
0.0
0.0
0.0
0.0
0.0
0.0
0.0
0.0
0.7187451576825286
0.0016103618938369218
0.000472537847848417
0.0
0.0
0.0
0.0
0.0
0.0
0.0
0.0
0.0
0.0
0.0
0.0
0.0
0.0
0.0
0.0
0.0
0.0
0.0
0.0
0.0
0.0
0.0
0.0
0.0
0.0
0.0
0.0
0.0
0.0
0.0
0.0
0.0
0.0
0.0
0.0
0.0
0.0
0.0
0.0
0.0
0.0
0.0
0.0
0.0
0.0
0.0
0.0
0.0
0.0
0.0
0.0
0.0
0.0
0.0
0.0
0.0
0.013342833317601414
0.0
0.0
0.0
0.0
0.0
0.0
0.0
0.0
0.0
0.0
0.0
0.6493420020645706
0.0016852605238022644
0.0005204804884580788
0.0
0.0
0.0
0.0
0.0
0.0
0.0
0.003316691589897153
0.0
0.0
0.0
0.0
0.0
0.0
0.0
0.0
0.0
0.0
0.0
0.0
0.0
0.5352729630762431
0.00214039338148776
0.0005511017957865622
0.0
1.384997571669426e-05
0.0
0.0
1.1802782477091886e-05
0.0
0.0
0.004685021323823944
0.0
0.00034475016268960046
0.0011183937471795414
0.006386093587468683
0.0
0.0
0.0
0.0
0.0
0.0
0.0
0.0
0.0
0.7149714833096646
0.5542955292329774
0.08782560205723655
0.06468754194628364
3.790633207740599e-05
0.0001587198812914683
0.00010990557011072354
0.0007523126231062725
0.00034399037698962416
0.0024221831333758543
0.008585525541976252
0.005205043380768132
0.0022701315018645346
0.0
0.0
0.0
0.0
0.0
0.0
0.0
0.0
0.0
0.0
0.0
0.9005310779629537
0.2466619341065684
0.00045035394478902443
0.0001240716256143751
0.00017946885234995115
0.00018794861177168933
0.00018905452140139417
0.0002689118887693167
0.0002468174752723148
0.001977924419413235
0.004926182599138096
0.0
0.0
0.0
0.00029003597193956806
0.0
0.0
0.0
0.0
0.0
0.0
0.0
0.0
0.0
0.8589228575422373
0.5353373602289817
0.00046986030537134903
0.0001252388783952289
0.00020229606109230754
0.00016216531844608602
8.513264082102951e-05
0.0001806776519539101
0.0
0.0
0.004385461547702916
0.0
0.0
0.0
0.0
0.0
0.0
0.0
0.0
0.0
0.0
0.0
0.0
0.0
0.0
0.0
0.0
0.0
0.0
0.0
0.0
0.0
0.0
0.0
0.0
0.0
0.0
0.0
0.0
0.0
0.0
0.0
0.0
0.0
0.0
0.0
0.0
0.0
0.0
0.0
0.0
0.0
0.0
0.0
0.0
0.0
0.0
0.0
0.0
0.0
0.0
0.0
0.0
0.0
0.0
0.0
0.0
0.0
0.0
0.0
0.0
0.0
0.06342671947064031
0.003987760886853976
0.00043716787431820824
0.00011707070673594656
0.00012815074751421218
0.00014721786107741062
0.00013372084678940825
0.0012476701112295503
0.0014113971455512182
0.0021062853029695247
0.011743866826720812
0.0009110130247625728
0.00046413653006031956
0.002062580287576003
0.02344430821025504
0.0
0.0
0.0
0.0
0.0
0.0
0.0
0.0
0.0
0.9172295596931174
0.5700344706411197
0.027794546288577117
8.875780565551149e-05
0.00013803469458123147
0.00015192037313870762
0.00020406719934173845
0.00019871135879668072
0.00032067363015499307
0.0006029596284375719
0.002940184822234724
0.0
0.0
0.0
0.0
0.0
0.0
0.0
0.0
0.0
0.0
0.0
0.0
0.0
0.03040507833133806
0.0026501387968483037
0.0007740797922963941
0.0001739851307344811
8.839285914738621e-05
0.0
0.0
0.0
0.0
0.0
0.0035166728357222906
0.0
0.0
0.0
0.0
0.0
0.0
0.0
0.0
0.0
0.0
0.0
0.0
0.0
0.824104633194241
0.0
0.00047738026039982276
0.0
4.68851436748562e-05
0.0002063001717135912
0.00018056899192226355
0.0
0.0
0.0
0.00564906756311471
0.0
0.0
0.0
0.0010996325305707062
0.0
0.0
0.0
0.0
0.0
0.0
0.0
0.0
0.0
0.10221183632022998
0.0022463662304500285
0.0006975854971710993
0.00023889369564052644
0.00027155996774188044
0.0002020382160304509
0.00016148981150615905
0.00023444498547691984
0.0003293351270596694
0.00036248991856785006
0.0046246050270645385
0.002654039364663736
0.0012264193648618075
0.0
0.0
0.0
0.0
0.0
0.0
0.0
0.0
0.0
0.0
0.0
0.0
0.0
0.0
0.0
0.0
0.0
0.0
0.0
0.0
0.0
0.0
0.0261875088443611
0.0
0.0
0.0
0.0
0.0
0.0
0.0
0.0
0.0
0.0
0.0
0.0
0.0
0.0
0.0
0.0
0.0
0.0
0.0
0.0
0.0
0.0
0.0
0.0
0.0
0.0
0.0
0.0
0.0
0.0
0.0
0.0
0.0
0.0
0.0
0.0
0.4749071734832449
0.004553377115548836
0.00045610364170116304
0.0
0.0
0.0
0.0
0.0
0.0
0.0
0.0
0.0
0.0
0.0
0.0
0.0
0.0
0.0
0.0
0.0
0.0
0.0
0.0
0.0
0.008258376150062292
0.0029695808133018034
0.00033078105539638295
0.0
0.0
0.0
0.0
0.0
0.0
0.0
0.0
0.0
0.0
0.0
0.0
0.0
0.0
0.0
0.0
0.0
0.0
0.0
0.0
0.0
0.03977717119753263
0.0030794737559505787
0.00029433903382503816
0.0
0.0
0.0
0.0
0.0
0.0
0.0
0.00011949160641027663
0.001683363395433117
0.001586952188347221
0.0010999846606926558
0.0018968762660789475
0.0
0.0
0.0
0.0
0.0
0.0
0.0
0.0
0.0
0.13321034436676243
0.002635211107701344
0.0006683338777251804
0.00032619177184707614
0.00021143739729169444
0.00029754841128752397
0.00020328770726349342
0.0
0.0
0.0
0.0038739429037402606
0.0
0.0
0.0005678782779921731
0.005216793695803251
0.0
0.0
0.0
0.0
0.0
0.0
0.0
0.0
0.0
0.7678896626503957
0.0
0.0008328168311171688
0.0003865901881529836
0.00012839624007780095
0.00021351863474875898
0.00019605402783433247
0.00011044534320777266
0.00031135033450053665
0.002121671165314011
0.005200746178374748
0.0010163668139248584
0.0012651763723948578
0.000818636333680606
0.000651995199561455
0.0
0.0
0.0
0.0
0.0
0.0
0.0
0.0
0.0
0.0
0.0
0.0
0.0
0.0
0.0
0.0
0.0
0.0
0.0
0.0
0.0
0.0
0.0
0.0
0.0
0.0
0.0
0.0
0.0
0.0
0.0
0.0
0.0
0.0
0.0
0.0
0.0
0.0
0.0
0.0
0.0
0.0
0.0
0.0
0.0
0.0
0.0
0.0
0.0
0.0
0.0
0.0
0.0
0.0
0.0
0.0
0.0
0.7734105971825158
0.001532021987999416
0.000508707078168379
0.0
0.0
0.0
0.0
0.0
0.0
0.0
0.006302746319619945
0.0
0.0
0.0
0.0
0.0
0.0
0.0
0.0
0.0
0.0
0.0
0.0
0.0
0.6136443522625935
0.0019578577477323235
0.0005929663491391008
0.0
0.0
0.0
0.0
0.0
0.0
0.0
0.0
0.0
0.0
0.0
0.0
0.0
0.0
0.0
0.0
0.0
0.0
0.0
0.0
0.0
0.42219107611555734
0.0025438426019046556
0.0005764218552476955
0.0
0.0
0.0
0.0
0.0
0.0
0.0
0.0
0.0
0.0
0.0
0.0
0.0
0.0
0.0
0.0
0.0
0.0
0.0
0.0
0.0
4.2128144051078114e-05
0.0
0.00032868967357865543
0.0003580256682617124
0.00019334282480963137
0.00012505642905126188
0.0
0.0
0.0
0.0
0.0
0.0
0.0
0.0011167831015876982
0.000976747379860209
0.0
0.0
0.0
0.0
0.0
0.0
0.0
0.0
0.0
0.018723547144878568
0.0028416715359250956
0.0007628568475034113
0.0003863162756570302
0.0002420748371137399
0.0001410213963031158
0.0
0.0
0.0
0.0
0.0
0.0
0.0
0.0
0.0
0.0
0.0
0.0
0.0
0.0
0.0
0.0
0.0
0.0
0.0
0.0
0.0
0.0
0.0
0.0
0.0
0.0
0.0
0.0
0.0
0.0
0.0
9.576855516894796e-05
0.036224352155011734
0.0
0.0
0.0
0.0
0.0
0.0
0.0
0.0
0.0
0.0
0.0
0.0
0.0
0.0
0.0
0.0
2.5312158306876465e-05
2.2500979519753456e-05
1.7410689337577303e-05
1.7730934226886296e-05
6.394364299045733e-05
1.0871420691393669e-05
2.1502028220599833e-05
3.2885114727681065e-05
0.0
0.0
0.0
0.0
0.0
0.0
0.0
0.0
0.0
0.0
0.0
0.0004224197357220508
0.00044794397643388244
0.00027929211526959405
0.00038636772060675887
0.0
5.0758651768616756e-05
0.0
0.0
0.0
0.00042613285903638865
0.0
0.0
0.0
0.0
0.0
0.0
0.0
0.0
0.0
0.0
0.0
0.0
0.0
0.0
0.0
0.0
0.0
0.0
0.0
0.0
0.0
0.0
0.0
0.0
0.0
0.0
0.0
0.0
0.0
0.0
0.0
0.0
0.0
0.0
0.0
0.0
0.011829580329619106
0.5855114671936479
0.0007838942624650541
0.0001712931116439866
0.00023027514999149153
0.00044421727838405307
0.000258127426439346
0.0017382446042067136
0.0005947877756857572
0.0009761679877981099
0.0011799190910895753
0.0013026167188799008
0.0
0.0
0.0
0.0
0.0
0.0
0.0
0.0
0.0
0.0
0.0
0.0
0.014871501124190048
0.014772698085730626
0.0009062556588358661
0.00044803168719370206
0.0002465916150986287
0.0003980102790391067
0.00031164573277285866
0.001326230805070736
0.0
0.003468570209934473
0.0
0.0
0.0
0.0
0.0
0.0
0.0
0.0
0.0
0.0
0.0
0.0
0.0
0.0
0.00701908666379443
0.0
0.0002473102076575375
0.00022378566013065478
0.0
7.153030472606934e-05
0.0
0.0012651438184845332
0.0
0.0
0.0
0.0
0.0
0.0
0.0
0.0
0.0
0.0
0.0
0.0
0.0
0.0
0.0
0.0
0.0
0.0
0.0
0.058341806989516125
0.0
0.0
0.0
0.0
0.0
0.00022183149125961393
7.061538417676326e-05
0.0
0.0
0.0
0.0
0.0
0.0
0.0
0.0
0.0
0.0
0.0
0.0
0.0
0.0
0.0
0.0
0.0
0.0
0.0
0.0
0.0
0.0
7.737020873414476e-05
0.00020333043383521132
2.1596174743903488e-05
1.1336095115023198e-05
0.0
0.0
0.0
0.0
0.0
0.0
0.0
0.0
0.0
0.0
0.0
0.006566103266958773
0.0
0.00048714585615754804
0.00047726034139394417
0.0004278672155021503
0.0
0.0
0.0
0.0
0.0
0.0
0.0
0.0
0.0
0.0
0.0
0.0
0.0
0.0
0.0
0.0
0.0
0.0
0.0
0.0038159821605780646
0.0
0.0005097110439046082
0.0006520289780695988
0.00043574376276623623
0.00032122286683234936
8.435344026893948e-05
0.0016691838688004126
0.0
0.0044765052691500135
0.0
0.0
0.0
0.0
0.0
0.0
0.0
0.0
0.0
0.0
0.0
0.0
0.0
0.0
0.003124369821536085
0.0
0.00017040140541079357
0.0005409675624251426
0.0
0.0
0.0
0.0009806961588683103
0.0
0.007241036560853342
0.0
0.0
0.0
0.0
0.0
0.0
0.0
0.0
0.0
0.0
0.0
0.0
0.0
0.0
0.01796773158184506
0.00036480166971754476
0.000547650320884032
0.00023558508786489737
0.0005277572992460029
0.00020061245430388436
0.00026205534191361913
0.0017090231822932745
0.000327030309057854
0.005741571500222628
0.0025976455501330376
0.001181094150941547
0.0
0.0
0.00609906575026101
0.0
0.0
0.0
0.0
0.0
0.0
0.0
0.0
0.0
0.0113838123805844
0.0
0.0
0.0002355388333660952
0.00030376887765827564
0.00022687221365602165
0.00022070847250344865
0.0019555539503661097
0.0003149307571147519
0.004711678100221769
0.0027712200677039995
0.0012130182543956907
0.0005369725145183358
0.0
0.011888083217282215
0.0
0.0
0.0
0.0
0.0
0.0
0.0
0.0
0.0
0.0
0.0
0.0
0.0
0.0
0.0
0.0
0.0
0.0
0.0
0.009646183550618845
0.0
0.0
0.0
0.0
0.0
0.0
0.0
0.0
0.0
0.0
0.0
0.0
0.0
0.0
0.0
0.0
0.0
0.0
0.0
0.0
0.0
0.0
0.0001173587094655185
7.30474177600273e-05
2.285374458325496e-05
3.755884897316583e-05
0.0
0.0
0.0
0.0
0.0
0.0
0.0
0.0
0.0
0.0
0.0
0.005159878568042496
0.0
0.0002785333215964931
0.00030938219588340544
0.00024088046734014904
0.0002465272495702242
0.00022202110174849392
0.0019124501417824697
0.00042377085846862774
0.003893095127150226
0.0
0.0
0.0
0.0
0.0
0.0
0.0
0.0
0.0
0.0
0.0
0.0
0.0
0.0
0.0038694780525182155
0.0
0.0002760823057963835
0.0003550103233311021
0.000260508506028161
0.00024516505285548566
0.00027356425714917463
0.0004242556398802738
0.0005068174373202591
0.004829679491300695
0.0008534526733501703
0.0
0.0
0.0
7.932417297983816e-05
0.0
0.0
0.0
0.0
0.0
0.0
0.0
0.0
0.0
0.004126620468676348
0.0
0.0003450563038929634
0.00033002725341416985
0.00022970726327752776
0.0003102484056550269
0.0002768688543842524
0.001858482072019832
0.0004956264518795719
0.005038758949093376
0.012907542537721212
0.006028746449863382
0.004457488501868947
0.0
0.008881414987194178
0.0
0.0
0.0
0.0
0.0
0.0
0.0
0.0
0.0
0.01593044142964401
0.05505895268522217
0.0010328823186133917
0.0002917519287385839
0.0002320988484469499
0.00024350091428355502
0.00023450526044919
0.0017952584793340146
0.00021820924002143317
0.004307258509214741
0.0014325616183305646
0.0014237860405041873
0.00013422150061043742
0.0
0.0013539926893752219
0.0
0.0
0.0
0.0
0.0
0.0
0.0
0.0
0.0
0.013406968728768948
0.0
0.0009354204153426625
0.00023451522898179763
0.000323533208537991
0.0001576956698889997
0.00023937343826983744
0.0018850214163021674
0.00030340778349344385
0.011203256979646904
0.00471708419968415
0.002459156931647344
0.0
0.0
0.0
0.0
0.0
0.0
0.0
0.0
0.0
0.0
0.0
0.0
0.0
0.0
0.0
0.0
0.0
0.0
0.0
0.0
5.5674691743529187e-05
0.0
0.0
0.0
0.0
0.0
0.0
0.0
0.0
0.0
0.0
0.0
0.0
0.0
0.0
0.0
0.0
0.0
0.0
0.0
0.0
0.0
0.0
0.0
0.0
0.0
0.0002760120642981439
4.2666837396430485e-05
0.0
0.0
0.0
0.0
0.0
0.0
0.0
0.0
0.0
0.0
0.0
0.0
0.007559430748651058
0.0
0.0
0.000162319254505224
0.00010597136077347958
0.00024132365527151873
0.00020598369613712204
0.002255518636570679
0.0003653464319651587
0.004826347163174093
0.0016622707988319715
0.001397258743681356
0.0
0.0
0.0017030805958283795
0.0
0.0
0.0
0.0
0.0
0.0
0.0
0.0
0.0
0.009820262667761242
0.007355053944018418
0.0006579551900685203
0.00020179087375178225
0.00016387676790210229
0.00011025070353878964
0.0002014773224308523
0.002124593283032451
0.000166037197952639
0.004815946505333691
0.00118061050969647
0.00153781678981542
0.004226762631581885
0.003508777323324776
0.0065852689542997824
0.0
0.0
0.0
0.0
0.0
0.0
0.0
0.0
0.0
0.019407314173056023
0.4338898829737446
0.0005419392993836298
0.0
2.3459934578161076e-05
0.0
5.6683168916895925e-05
0.0015878490502255252
0.00025656816181220674
0.004209043387017235
0.0029132614902959587
0.001430138980571083
0.0
0.0
0.0
0.0
0.0
0.0
0.0
0.0
0.0
0.0
0.0
0.0
0.0034383988219538726
0.0
0.00039661269999077315
0.000684326493682292
0.00019519480442470116
0.0002425898691922042
0.00023157507578909918
0.0019977803782937615
0.0004942791577655386
0.004971953159639105
0.0010752302603204533
0.0013327246917896397
0.0
0.0
0.0
0.0
0.0
0.0
0.0
0.0
0.0
0.0
0.0
0.0
0.00564818264225269
0.0309572263709019
6.139211907808127e-05
0.0003642710789539725
0.000284687459004077
0.0001675651974239921
0.00017061121031776847
0.002034118653335401
0.0004373143480842911
0.0034331234366897297
0.0
0.0
0.0
0.0
0.0
0.0
0.0
0.0
0.0
0.0
0.0
0.0
0.0
0.0
0.0
0.0
0.0
0.0
0.0
0.0
0.0
0.00011579998650579617
0.0
2.4553409455041565e-05
0.0
0.0
0.0
0.0
2.0774772551213954e-05
0.0
0.0
0.0
0.0
0.0
0.0
0.0
0.0
0.0
0.0
0.0
0.0
0.0413659499450641
0.0
0.0
0.0
6.613244783640903e-05
5.359102584515821e-05
0.0
0.0
0.0
0.0
0.0
0.0
0.0
0.0
0.0
0.0
0.0
0.0
0.0
0.0
0.0
0.005269228743977398
0.0
0.00023952977701112652
0.00012908561667231182
0.0
0.0
0.0
0.0
0.0
0.0
0.0
0.0
0.0
0.0
0.0
0.0
0.0
0.0
0.0
0.0
0.0
0.0
0.0
0.0
0.0
0.002077351825923139
0.0004978293573721616
0.0002831259775803936
0.00012825470412643352
0.00027354875919261543
0.00024535363167118635
0.00045303515395785565
0.0001382228186977821
0.0003755145295041506
0.0008356486279333944
0.00029960108563331113
0.0
0.0
0.0
0.0
0.0
0.0
0.0
0.0
0.0
0.0
0.0
0.0
0.005780650949410072
0.0
0.0
0.0
0.0
6.699320332389457e-05
8.053004537173097e-05
0.0017814199867195281
0.0005638717521263664
0.0051097889341048175
0.0007337999189698017
0.0004806589851918297
0.0
0.0
0.004333618095251646
0.0
0.0
0.0
0.0
0.0
0.0
0.0
0.0
0.0
0.0034648267339318695
0.0
0.0
3.0143514808583095e-05
9.185587508416069e-05
0.00013741560611523675
0.00023919829680926598
0.0016572467662749654
0.00028898859879001145
0.004571662937214667
0.001218449403368723
0.0009714613042743086
0.0
0.0
0.0
0.0
0.0
0.0
0.0
0.0
0.0
0.0
0.0
0.0
0.012840513551764108
0.0
0.0
0.0
1.9798836443396092e-05
8.648399437745579e-05
0.00013834409584816414
0.0019251503266267136
0.00026471378354310564
0.00471633527104559
0.002758846409732184
0.0007785174269649688
4.891261484998774e-05
0.0
0.0
0.0
0.0
0.0
0.0
0.0
0.0
0.0
0.0
0.0
0.0
0.0
0.0
0.0
0.0
0.006476684479481874
0.0
0.0
0.0
0.00031705583989054026
5.069288323242648e-05
0.00014653751192873803
0.00015702276530714788
7.209030555801377e-05
0.00014893071275532847
0.004396284397367315
0.0
0.0
0.0
0.0
0.0
0.0
0.0
0.0
0.0
0.0
0.0
0.0
0.06890718688616018
0.0
0.0
0.0
0.00044905825749085585
0.00010695560888506929
0.0003563073633964531
0.0002063046137354373
0.00014221891943323384
0.0
0.0
0.0
0.0
0.0
0.0
0.0
0.0
0.0
0.0
0.0
0.011419182600003946
0.0
0.0002665150488338895
0.00041455481501483706
0.00023796911969616827
0.00015917066848773553
0.00024468606016843673
0.001875091796813728
0.00028667342765448977
0.007261348103394464
0.0
0.0
0.0
0.0
0.0
0.0
0.0
0.0
0.0
0.0
0.0
0.0
0.0
0.0
0.008484925209970384
0.0
0.000745464443230899
0.00032716145722828504
0.00028926421405799427
0.000173635722219582
0.00034382799419058457
0.002188584399032124
0.0003961098787802588
0.004940405564215961
0.0
0.0
0.0
0.0
0.004581046197745539
0.0
0.0
0.0
0.0
0.0
0.0
0.0
0.0
0.0
0.01953419166084087
0.0
0.0
6.356123551455147e-05
0.00032713869463928504
0.00024106369092380083
0.00037912334221545366
0.001755623034934629
0.0
0.00485820777450364
0.002836963925688701
0.0
0.0
0.0
0.0021673525933729545
0.0
0.0
0.0
0.0
0.0
0.0
0.0
0.0
0.0
0.012764355380039713
0.715563198655094
0.019005498333663436
0.0008549966629722322
0.0
8.381851177217832e-05
0.00017432130898599097
0.0015827850685849465
0.0003521049407083503
0.004310059829080019
0.0009750838129298385
0.0011127985768589997
0.0
0.0
0.0
0.0
0.0
0.0
0.0
0.0
0.0
0.0
0.0
0.0
0.009227209578795111
0.0
0.0
0.00015612172958703044
0.00030605245904993594
0.0002844339762971798
0.00038457804749755743
0.001883922509294206
0.00044462228730376697
0.004591856025825619
0.0004304647022597329
0.0
0.0
0.0
0.0010924823141918536
0.0
0.0
0.0
0.0
0.0
0.0
0.0
0.0
0.0
0.0
0.0
0.0
0.0
0.0
0.0
0.0
0.0001076440381670138
7.760162266803675e-05
0.0
0.0
0.0
0.0
0.0
0.0
0.0
0.0
0.0
0.0
0.0
0.0
0.0
0.0
0.0
0.0
0.0
0.0
0.0
0.0
0.0
0.0
0.0
0.0
0.0
6.102809093304123e-05
0.0
0.0
0.0
0.0
0.0
0.0
0.0
0.0
0.0
0.0
0.0
0.0
0.0
0.018872879542446964
0.0
0.0
0.0004990025330286729
0.0002763596424975366
0.000353296157474713
0.0003918032477704823
0.001856797432913944
0.0004451889616210942
0.003488213920367687
0.0
0.0
0.0
0.0
0.002190179476369827
0.0
0.0
0.0
0.0
0.0
0.0
0.0
0.0
0.0
0.01831449251188996
0.0
0.0
0.0
0.0003879510312473865
0.0004178573806461187
0.0004440513518844977
0.001648473490300159
0.0
0.006502815314050768
0.0
0.0
0.0
0.0
0.0
0.0
0.0
0.0
0.0
0.0
0.0
0.0
0.0
0.0
0.005868900995499939
0.0
0.00024214094870629406
0.0008658830842337146
0.0005616079155983118
0.0003305028092734011
0.000338580089314265
0.0023626862324504453
0.0003657360978025149
0.005637245977407175
0.001345339797525644
0.0013726781811621844
0.0
0.0
0.006075333610603344
0.0
0.0
0.0
0.0
0.0
0.0
0.0
0.0
0.0
0.024240473674821485
0.3730061091714861
0.0005606914560549819
0.0
0.00017958013974765286
0.0003147617369457452
0.00043216367214247867
0.0018608428474187978
0.00038883639311459474
0.004944878355279022
0.0015716825315644797
0.0005692276199065194
0.0005760914016996198
0.0002914862905881325
0.0
0.0
0.0
0.0
0.0
0.0
0.0
0.0
0.0
0.0
0.020047717316828636
0.12412023872616072
0.0
5.830035835839031e-05
0.00018722382929770208
0.00021792982451816867
0.00023326589702656752
0.0019725560219143057
0.00011223928318723422
0.009195351522925202
0.0009441587628701936
0.0010352135662757328
0.0
0.0013213308588772557
0.007886595269099454
0.0
0.0
0.0
0.0
0.0
0.0
0.0
0.0
0.0
0.0
0.0
0.0
0.0
0.0
0.0
0.0
0.0
1.9406326396843818e-05
3.575763369975419e-05
0.0001718448257110784
0.00013832174836888526
0.00020281105752312367
0.0
0.0
0.0
0.0
0.0
0.0
0.0
0.0
0.0
0.0
0.0
0.0
0.0
0.0
0.0
0.0
0.0
2.5962569479791472e-05
3.1108719704841196e-05
0.0001562180251696561
0.00022971779910726123
5.3468866084987145e-05
0.00017619358826386421
8.0409941387377e-05
0.006067190492268998
0.0
0.0
0.0
0.0
0.0
0.0
0.0
0.0
0.0
0.0
0.017329919046086852
0.0
0.0
0.00012001673018715499
0.0001327268388875255
0.00031180635013346744
0.00023519364946448574
0.0017531418492950375
0.00010918706556287971
0.007016113865328111
0.0005622795097411556
0.0013890103542667691
0.0008819433553364591
0.0
0.004109295773984324
0.0
0.0
0.0
0.0
0.0
0.0
0.0
0.0
0.0
0.008037161847055049
0.058299423089020634
0.0
0.0
0.00019587751603488435
0.00017026488839135855
0.00035985343086790937
0.0026997947617441015
0.0005116350228197887
0.005816058033817124
0.0014499188250000847
0.0
0.0
0.0020926859740067983
0.006349391257511662
0.0
0.0
0.0
0.0
0.0
0.0
0.0
0.0
0.0
0.022121540150856444
0.6436265068646388
0.0008640947260352831
0.0
0.0
0.0
0.00024564546413509674
0.0019770526679344
0.00044084188386094665
0.005267693668510181
0.0013892831270563627
0.003359626827218885
0.0
0.0
0.00568858524386709
0.0
0.0
0.0
0.0
0.0
0.0
0.0
0.0
0.0
0.03334516480480223
0.8139070930060881
0.23327778801420299
0.008259875153063222
0.0
0.0
0.00013950218542947294
0.001911462330005471
0.0006127458112519146
0.005262782551317348
0.0037513392032405275
0.0008336021376971224
0.0
0.0
0.008301870849497947
0.0
0.0
0.0
0.0
0.0
0.0
0.0
0.0
0.0
0.01510672038537212
0.6990671278667006
0.050080097763387864
0.0007667287183087009
0.0
0.00033889905444118906
0.0002729218835744456
0.0018520143495497948
0.0
0.006618457590293625
0.0
0.0
0.0
0.0
0.0022624364096805417
0.0
0.0
0.0
0.0
0.0
0.0
0.0
0.0
0.0
0.0
0.0
0.0
0.0
0.0
0.0
0.0
0.0
0.00011823985336147159
0.0
0.0
0.0
0.0
0.0
0.0
0.0
0.0
0.0
0.0
0.0
0.0
0.0
0.0
0.0
0.0
0.0
0.0
0.0
0.0
0.0
0.0
0.0
0.0
0.0
0.0
0.0
0.0
0.0
0.0
0.0
0.0
0.0
0.0
0.0
0.0
0.0
0.0
0.0
0.01491285391370654
0.0036205875968352307
0.0
0.0
0.0
0.0
0.0
0.0013923819169069818
0.0
0.003900299409136783
0.0
0.0
0.0
0.0010906024043923358
0.00913707987175995
0.0
0.0
0.0
0.0
0.0
0.0
0.0
0.0
0.0
0.02740822796797753
0.6012697649627119
0.0
0.0008410897116937491
0.0
0.0
0.0
0.0014538157498752329
0.0
0.006556951814689071
0.0
0.0
0.0
0.0
0.0
0.0
0.0
0.0
0.0
0.0
0.0
0.0
0.0
0.0
0.01012081623770392
0.007134806766319795
0.0006882232796094837
0.00042774949619229044
0.00021971692250392802
0.00034229110408547694
0.00031343167168267923
0.0019521744007582299
0.00020347033517867285
0.010610416948120885
0.001363438928123275
0.001604551300780858
0.0015734119881014052
0.0036602606150286446
0.007789660444101808
0.0
0.0
0.0
0.0
0.0
0.0
0.0
0.0
0.0
0.012183301679695105
0.6443071899043982
0.01785978817613427
0.0
0.0
0.0
0.00011896775218614348
0.0018896395786003153
0.0007037486538281214
0.005820221194288475
0.0009465514131474899
0.0
0.0
0.0
0.0015157514986828757
0.0
0.0
0.0
0.0
0.0
0.0
0.0
0.0
0.0
0.005617582974785751
0.4775889314463087
0.0009405570156392876
0.0
6.453257961042912e-05
0.0005119011577902262
0.000582408482177397
0.0023105967763702487
0.0007022280659849491
0.005182739178530021
0.001657566440500639
0.0020208149062910653
0.004309002394092237
0.0024793437459486984
0.002106272252414856
0.0
0.0
0.0
0.0
0.0
0.0
0.0
0.0
0.0
0.0
0.0
0.0
0.0
0.0
0.0
0.0
7.187508422502921e-05
9.928241120220925e-05
0.0
0.0
0.0
0.0
0.0
0.0
0.0
0.0
0.0
0.0
0.0
0.0
0.0
0.0
0.0
0.0
0.0
0.0
0.0
0.0
0.0
0.0
2.642034815862483e-05
5.0586828074420835e-05
9.407088677877404e-06
0.0
0.0
0.0
0.0
0.0
0.0
0.0
0.0
0.0
0.0
0.0
0.0
0.0
0.0
0.0
0.0
0.0
0.0
0.0
0.0
0.0
0.0
0.0
0.0
0.0
0.0
0.0
0.0
0.0
0.0
0.0
0.0
0.0
0.0
0.0
0.0
0.0
0.0
0.6781615347264781
0.417095563584042
0.006834566049801688
7.176326497184306e-05
0.00019787605741443127
0.00016441109926352296
0.0001444888100726066
0.00017057372956258272
0.000132089193411395
0.00202332034648196
0.005337381490199123
0.006091723234427329
0.0010355119687068379
0.0002955693697878453
0.0
0.0
0.0
0.0
0.0
0.0
0.0
0.0
0.0
0.0
0.8702844960465514
0.3779294826411058
0.04951443981611241
0.0045885537033380054
0.00015626737027445874
0.0002355839780431828
0.00011854032184037725
0.00027029427521474213
0.00026775736193970876
0.0020990904657411753
0.006271093134455091
0.0027326978980462937
0.0011272653717406902
0.0013793726394110083
0.000936892858178602
0.0
0.0
0.0
0.0
0.0
0.0
0.0
0.0
0.0
0.493739466456249
0.0
0.0006314223634110515
0.00020116498136036985
0.00021152205337138488
0.00013472410957295392
6.022044837879759e-05
0.0006698781055381372
0.0001763327062282185
0.0011959803377819631
0.007822800859632521
0.0006508845481606264
0.0002399991985534066
0.0
0.0
0.0
0.0
0.0
0.0
0.0
0.0
0.0
0.0
0.0
0.812779519511654
0.6659817023897874
0.19503846092036103
0.1603851234741795
0.08194570453310246
0.0005255828198060826
0.0
0.0016016291276247613
0.0002924999322980826
0.0005298931636208964
0.008022653761784458
0.0
0.0
0.0
0.055069900613408315
0.0
0.0
0.0
0.0
0.0
0.0
0.0
0.0
0.0
0.0
0.0
0.0
0.0
0.0
0.0
0.0
0.0
0.0
0.0
0.0
0.0
0.0
0.0
0.0
0.0
0.0
0.0
0.0
0.0
0.0
0.0
0.0
0.0
0.0
0.0
0.0
0.0
0.0
0.0
0.0
5.571005063536417e-05
0.0003236591519050802
6.142073820431204e-05
0.0
0.0
0.0
0.0
0.0
0.0
0.0
0.0
0.0
0.0
0.0
0.0
0.0
0.0
0.8399200616519588
0.1575026805911762
0.0004717620636728751
0.00027615295958637807
0.00021572331258485345
0.00025793189285829596
0.0002456958214757229
0.0004354845090408522
0.0004288919754831433
0.0002742420148808884
0.0043557762602574514
0.0
0.0
0.0
0.0
0.0
0.0
0.0
0.0
0.0
0.0
0.0
0.0
0.0
0.5627515605382982
0.0
0.0005886297991877742
0.00025103174251268526
0.0002974285661866299
0.00024372128407976714
0.00020715625350679578
0.00030282415802784915
0.00022779790046387874
0.0
0.003834872531313736
0.0
0.0
0.0
0.0
0.0
0.0
0.0
0.0
0.0
0.0
0.0
0.0
0.0
0.8622181556109294
0.25751988740917137
0.00048717140342114865
0.0002873374019419068
0.00024364535639911575
0.00029321859077457855
0.00018661414892075077
0.0002752064608007619
0.0003725445479609709
0.0006228274651181533
0.00647599643764515
0.0
0.0
0.0
0.0
0.0
0.0
0.0
0.0
0.0
0.0
0.0
0.0
0.0
0.8203110697038325
0.24242732116987628
0.0004487661040210736
0.00016445687091040022
0.00025656448295999885
0.0002718704877589315
0.00023547227926231534
0.00037104344177651407
8.312836234457114e-05
0.0
0.0031066596126874285
0.0
0.0
0.002240895302140473
0.0
0.0
0.0
0.0
0.0
0.0
0.0
0.0
0.0
0.0
0.007027843864319899
0.002078106886101298
0.0008412902476943952
0.00026459739686506695
0.00018871223956832582
0.0003241548733301231
0.00033560725347899726
0.00023624652602112907
0.0
0.0
0.003037150542196041
0.0
0.0008947361271570028
0.0007025210351698958
0.010966267762444071
0.0
0.0
0.0
0.0
0.0
0.0
0.0
0.0
0.0
0.0
0.0
0.0
0.0
0.0
0.0
0.0
0.0
0.0
0.0
0.0
0.0
0.0
0.0
0.0
0.0
0.0
0.0
0.0
0.0
0.0
0.0
0.0
0.0
0.0
0.0
0.0
0.0
0.0
0.0
0.0
0.0
0.00011808322339490136
0.00023747193091418306
0.0
0.0
0.0
0.0
0.0
0.0
0.0
0.0
0.0
0.0
0.0
0.0
0.0
0.0
0.904713575170729
0.6979237321983909
0.107725400626275
0.0
0.00012125351296713172
0.0001925122821955431
0.00019884084112664258
0.0009293527998445754
0.00039423216418205196
0.0021977932274788938
0.006502063278236124
0.0021759515864063286
0.0008091744028684819
0.0007964615475642299
0.00451397070993149
0.0
0.0
0.0
0.0
0.0
0.0
0.0
0.0
0.0
0.8762388893113274
0.6765508041276094
0.03564741933721357
0.0
0.00018036736708974629
0.00024489356675256327
0.00018145230733003254
7.455837630084651e-05
0.0003965793505169502
0.0015401365629495402
0.003126439666220722
0.0
0.0
0.0
0.0
0.0
0.0
0.0
0.0
0.0
0.0
0.0
0.0
0.0
0.9115293608124265
0.6946428269615783
0.00036497256791313316
0.0
0.0
0.0
0.0
0.0
0.0
0.0
0.003291833898092976
0.0
0.0
0.0
0.0
0.0
0.0
0.0
0.0
0.0
0.0
0.0
0.0
0.0
0.9032826619507653
0.43135870689408295
0.00044044381828590523
0.0
0.0
0.0
0.0
0.0
0.0
0.0
0.0031936919697924285
0.0
0.0
0.0
0.0
0.0
0.0
0.0
0.0
0.0
0.0
0.0
0.0
0.0
0.7954995986919667
0.05784715399436084
0.0005069257703626293
0.0
9.292417037108186e-05
0.0002296121758012658
0.00025165022439828806
0.0002872019062045778
0.0003507583640728755
0.0002873871577733218
0.009913433405847235
0.0
0.0
0.0
0.0
0.0
0.0
0.0
0.0
0.0
0.0
0.0
0.0
0.0
0.0
0.0
0.0
0.0
0.0
0.0
0.0
0.0
0.0
0.0
0.0
0.0
0.0
0.0
0.0
0.0
0.0
0.0
0.0
0.0
0.0
0.0
0.0
0.0
0.0
0.0
0.0
0.0
0.0
0.0
0.0
0.0
0.0
5.635672050663871e-05
7.790151719654365e-05
0.0
0.0
0.0
0.0
0.0
0.0
0.0
0.0
0.0
0.0
0.0
0.0
0.0
0.9228103249333398
0.7399918459092328
0.08682218230604727
0.0
0.00016963509679536828
0.0002083094352409589
0.00025096804454098306
0.0003503867946479412
0.000432513708807865
0.001806844293296212
0.008334790366197428
0.0
0.0
0.0
0.0
0.0
0.0
0.0
0.0
0.0
0.0
0.0
0.0
0.0
0.839458504293689
0.6734974958045684
0.026604216177663568
0.0
0.0
0.0
0.0
0.0
0.0
0.0
0.005501131962886264
0.0
0.0
0.0
0.004840142998519536
0.0
0.0
0.0
0.0
0.0
0.0
0.0
0.0
0.0
0.901043819895354
0.7422143619852082
0.08638320715958642
0.0
0.0
0.0
0.0
0.0
0.0
0.0
0.004545018594762461
0.0
0.0
0.0
0.0
0.0
0.0
0.0
0.0
0.0
0.0
0.0
0.0
0.0
0.7177813407365661
0.21223142331015832
0.0011005744865486505
0.0
0.0
0.00023740203002654465
0.00026588913836969694
0.0003095632703974869
0.00012149825069053949
0.0
0.0032066737612647693
0.0
0.0
0.0
0.0
0.0
0.0
0.0
0.0
0.0
0.0
0.0
0.0
0.0
0.8642991461082606
0.34246465817342314
0.0009176226651993044
0.0
0.0
0.0002490750115131105
0.00022139824379003507
0.00035288873437205165
0.0003470452168322079
0.0003464895006813943
0.0036979351097073897
0.0
0.0
0.0
0.0
0.0
0.0
0.0
0.0
0.0
0.0
0.0
0.0
0.0
0.0
0.0
0.0
0.0
0.0
0.0
0.0
0.0
0.0
0.0
0.0
0.0
0.0
0.0
0.0
0.0
0.0
0.0
0.0
0.0
0.0
0.0
0.0
0.0
0.0
0.0
0.0
0.0
0.0
0.0
0.0
0.0
0.0
0.0
0.0
0.0
0.0
0.0
0.0
0.0
0.0
0.0
0.0
0.0
0.0
0.0
0.0
0.0
0.9545866190958949
0.7208943557592713
0.14257924942475986
0.01808412618667818
0.0
0.0
0.0
0.0006591701817891941
0.0
0.0016888743160747757
0.004767339315613549
0.0
0.0
0.0
0.0
0.0
0.0
0.0
0.0
0.0
0.0
0.0
0.0
0.0
0.8922746732973784
0.5116581701300082
0.0005831273319930445
0.00016431093253423349
7.88824555490535e-05
0.0
0.0
0.00010382076538541144
0.000935334418763228
0.0022873107534810634
0.007458032843884695
0.0041435488432123085
0.0030851264503871656
0.002663127054624023
0.21775611462977504
0.0
0.0
0.0
0.0
0.0
0.0
0.0
0.0
0.0
0.9242774535777687
0.8987793405899592
0.2809058766244296
0.2146429061715187
0.11783340478164069
0.0004892237262408596
7.48266761313641e-05
0.0006538427204146826
0.000934500953485772
0.09891504716261501
0.5569169175920169
0.6610894627497126
0.6248769311551966
0.6429530225615565
0.6644058098119001
0.0
0.0
0.0
0.0
0.0
0.0
0.0
0.0
0.0
0.9678860755972162
0.9136539151633182
0.5724422984422056
0.4955661585258789
0.41618009868201256
0.19699907646994608
0.12353348202984435
0.48273364863860313
0.5828246021482576
0.7195281218737866
0.8615201620698317
0.876066268612391
0.8775079720788662
0.8265153322230312
0.8449473469579504
0.0
0.0
0.0
0.0
0.0
0.0
0.0
0.0
0.0
0.9906760552037881
0.9525041370214029
0.6015711905327467
0.434498967206865
0.24073367490575762
0.00021967038978552682
0.0
0.0069134711217084446
0.0
0.0
0.007701828745519925
0.0
0.09355837734932308
0.36272221351709993
0.5821878856872855
0.0
0.0
0.0
0.0
0.0
0.0
0.0
0.0
0.0
0.0
0.0
0.0
0.0
0.0
0.0
0.0
0.0
0.0
0.0
0.0
0.0
0.0
0.0
0.0
0.0
0.0
0.0
0.0
0.0
0.0
0.0
0.0
0.0
0.0
0.0
0.0
0.0
0.0
0.0
0.0
0.0
0.0
0.0
0.0
0.0
0.0
0.0
0.0
0.0
0.0
0.0
0.0
0.0
0.0
0.0
0.0
0.0
0.0
0.0
0.0
0.0
0.0
0.0
0.0
0.0
0.0
0.0
0.0
0.0
0.0
0.0
0.0
0.0
0.0
0.0
0.0
0.0
0.0
0.0
0.0
0.0
0.9851777420196542
0.9355173124444672
0.5088079334803883
0.2437071277808651
0.0803522084319795
0.0006731569997576636
0.0
0.0005265843855159672
0.0
0.0013422542746869153
0.004793674702926531
0.0
0.0
0.005143151122829212
0.0025067184299099048
0.0
0.0
0.0
0.0
0.0
0.0
0.0
0.0
0.0
0.9619550502210545
0.953788328968861
0.37113966160716283
0.12036059188002644
0.0
0.0
0.0
0.0005451249703956942
0.0
0.0015847303538016118
0.004988286034827659
0.0008680994254367852
0.0
0.0
0.004954437361990825
0.0
0.0
0.0
0.0
0.0
0.0
0.0
0.0
0.0
0.9706023983041329
0.885182430166245
0.3330951589324995
0.18211299653233232
0.01241477278633314
0.0
0.0
0.0005407861610254602
0.0
0.0015224045723455937
0.004540272395759087
0.0
0.0
0.0
0.002253378760041703
0.0
0.0
0.0
0.0
0.0
0.0
0.0
0.0
0.0
0.9698406127075142
0.9081141255344112
0.388817124773571
0.16254317853781255
0.0147720355694945
0.0
0.0
0.0004932003375801442
0.0
0.0015787832070218984
0.004913860204385946
0.0
0.0
0.002879377096490262
0.005510391372342443
0.0
0.0
0.0
0.0
0.0
0.0
0.0
0.0
0.0
0.0
0.0
0.0
0.0
0.0
0.0
0.0
0.0
0.0
0.0
0.0
0.0
0.0
0.0
0.0
0.0
0.0
0.0
0.0
0.0
0.0
0.0
0.0
0.0
0.0
0.0
0.0
0.0
0.0
0.0
0.0
0.0
0.0
0.0
0.0
0.0
0.0
0.0
0.0
0.0
0.0
0.0
0.0
0.0
0.0
0.0
0.0
0.0
0.9696761490918646
0.9012366986951617
0.4420115568275262
0.23597886473905105
0.1014282489867395
0.0
0.0
0.0012347794686871345
0.0
0.0016487881974429721
0.004803426048067164
0.0
0.003166361716267065
0.09623445132254219
0.3559193907832852
0.0
0.0
0.0
0.0
0.0
0.0
0.0
0.0
0.0
0.975621976891161
0.9586024224535072
0.7791726077348905
0.7402248025728922
0.6284382613663942
0.4028688420780666
0.3757777325465412
0.5843075580783595
0.492453384934463
0.471600832883149
0.8407649609084923
0.7980423217990391
0.8452877048964544
0.9048388853776537
0.9233655239717868
0.0
0.0
0.0
0.0
0.0
0.0
0.0
0.0
0.0
0.9859307897984124
0.9736065284674025
0.8230239856378704
0.7432788085306374
0.616068652096267
0.512511584234219
0.39087816148009885
0.41382509779106186
0.4165173106543174
0.5201224237404996
0.7455584166357387
0.8360792971591086
0.808838885879084
0.8895576179974493
0.915386679834035
0.0
0.0
0.0
0.0
0.0
0.0
0.0
0.0
0.0
0.9863065436990887
0.9777900571732161
0.8341885824138858
0.6983276996196078
0.5935877521923741
0.37708420685728666
0.1581699022535318
0.30177595916054384
0.2460640001854751
0.30407971756368235
0.5914909207097118
0.6577004278109099
0.7315190376268343
0.6832306633662213
0.846343537200924
0.0
0.0
0.0
0.0
0.0
0.0
0.0
0.0
0.0
0.9914259773758219
0.9735611224864429
0.7973732810587408
0.6417078359522138
0.48652457117919307
0.20980528944542431
0.02059532199812041
0.07798496683131169
0.06592683135097875
0.24350908921827263
0.5315995459302735
0.6203571353426517
0.6689167857831365
0.7624610556405318
0.8039613421296387
0.0
0.0
0.0
0.0
0.0
0.0
0.0
0.0
0.0
0.0
0.0
0.0
0.0
0.0
0.0
0.0
0.0
0.0
0.0
0.0
0.0
0.0
0.0
0.0
0.0
0.0
0.0
0.0
0.0
0.0
0.0
0.0
0.0
0.0
0.0
0.0
0.0
0.0
0.0
0.0
0.0
0.0
0.0
0.0
0.0
0.0
0.0
0.0
0.0
0.0
0.0
0.0
0.0
0.0
0.0
0.0
0.0
0.9747177428777207
0.9580607016192484
0.704976419288686
0.5512184273274642
0.2728323021298212
0.0002392803084618092
0.0
0.0004455532019273675
0.0
0.0014666719844172798
0.0051438728625693994
0.0
0.035408465726774134
0.470277975065531
0.6392223178701816
0.0
0.0
0.0
0.0
0.0
0.0
0.0
0.0
0.0
0.9855021997823658
0.9514633044571547
0.666450572537617
0.47939220351050954
0.19295983250954563
0.0
0.0
0.001261841788275385
0.0
0.0014600584546913835
0.004899376791536197
0.0
0.00817957159808636
0.18330673989994836
0.48742151664362227
0.0
0.0
0.0
0.0
0.0
0.0
0.0
0.0
0.0
0.982795819423721
0.9479847253434659
0.664834788753363
0.5005417092170836
0.29013133432778015
0.00024615698112705756
0.0
0.0011105654807824037
0.0
0.0015719662441387972
0.005643621077045096
0.0
0.0
0.0
0.0
0.0
0.0
0.0
0.0
0.0
0.0
0.0
0.0
0.0
0.9494400945429898
0.9443429914697347
0.6745924451791571
0.5465297313665363
0.3155401628845375
0.0031482081835602295
0.0
0.15335844379445776
0.1417680234862631
0.2542251601101719
0.5244053840022695
0.6057404639961835
0.6324144124098217
0.7376751594994105
0.808799121264406
0.0
0.0
0.0
0.0
0.0
0.0
0.0
0.0
0.0
0.9873821274615032
0.9763116233112371
0.8094705820967861
0.6809099655230024
0.5301730724177302
0.1451640732911792
0.007827868329823514
0.1024330484206605
0.05585209858649936
0.12680548558450452
0.2886937277853022
0.36987121432737213
0.5502025282056809
0.6594070884800597
0.7225022352996613
0.0
0.0
0.0
0.0
0.0
0.0
0.0
0.0
0.0
0.0
0.0
0.0
0.0
0.0
0.0
0.0
0.0
0.0
0.0
0.0
0.0
0.0
0.0
0.0
0.0
0.0
0.0
0.0
0.0
0.0
0.0
0.0
0.1937675781670373
0.24980579547761383
0.0951873548100504
0.0
0.0
0.0
0.0
0.0
0.0
0.0
0.0
0.0
0.0
0.0
0.0
0.0
0.0
0.0
0.0
0.0
0.09270570459340029
0.37490924751048277
0.3252719077664159
0.8844186911127448
0.8261383439451091
0.9943679936887261
0.981699161184176
0.8711407857288441
0.7977626648040792
0.719968899432103
0.5652420013447892
0.46595903705075103
0.5432064933959397
0.4793621312468457
0.5173331237015947
0.7577763728806183
0.7813461430257315
0.8112381940521621
0.8709576305219342
0.9166307423289064
0.0
0.0
0.0
0.0
0.0
0.0
0.18376377143565664
0.33390866680376463
0.834796239912884
0.9890401605780276
0.9811031642259246
0.8703837041994832
0.7879155465436674
0.5917432075127198
0.43505964647038436
0.2558054287900926
0.36508592545167173
0.3971761876848422
0.48865447755350455
0.7113983560739144
0.724620148876082
0.845980499460591
0.8707916876463158
0.9201807222460734
0.0
0.0
0.0
0.0
0.0
0.0
0.0
0.0
0.0
0.9802302324433955
0.9779274300729404
0.8420914129634035
0.6785355261788178
0.45796010795167236
0.09135002172326265
0.004129232307325608
0.004477308660719243
0.0
0.0011347159846770071
0.005032849509479564
0.0
0.31239701913504675
0.49274773730667615
0.6455590940739725
0.0
0.0
0.0
0.0
0.0
0.0
0.0
0.0
0.0
0.978004849684899
0.9701557624188502
0.7602905358459062
0.5859912867522723
0.33624497669454606
0.016354955139785313
0.0
0.08125405574263493
0.07237140140419972
0.1933228944908938
0.613005143023535
0.7497592056195822
0.7783876693634809
0.8278644304908345
0.8528379158401121
0.0
0.0
0.0
0.0
0.0
0.0
0.0
0.0
0.0
0.9828724940873795
0.9728351171306575
0.8338673728740881
0.7416650591015634
0.6061899294268254
0.3917443556090717
0.1681892385556599
0.32669830555361457
0.3252892663387924
0.4152962134541773
0.6945684941079655
0.6979597215844783
0.6626798075685116
0.7303208380590108
0.772215499706557
0.0
0.0
0.0
0.0
0.0
0.0
0.0
0.0
0.0
0.26343877097853186
0.0
0.0
0.0
0.0
0.0
0.0
0.0
0.0
0.0
0.0
0.0
0.0
0.0
0.0
0.0
0.0
0.0
0.0
0.0
0.0
0.0
0.18334917647525537
0.41334054758119537
0.24876622304388354
0.38975348158321427
0.28185840722022204
0.0
0.0
0.0
0.0
0.0
0.0
0.0
0.0
0.0
0.0
0.0
0.0
0.0
0.0
0.0
0.0
0.0
0.22628964460399756
0.27639755244913106
0.4789453797214586
0.26103470683412844
0.8230124507643239
0.9886843899050467
0.9759167461337149
0.7923650267862201
0.5863141760879093
0.3768748340319195
0.07410583938151145
0.021770294148606976
0.1038824648677596
0.016727004411975915
0.08865715316043028
0.40279687276891313
0.700272564844516
0.7276676578068525
0.7870622757036809
0.8736710969165717
0.0
0.0
0.0
0.0
0.0
0.0
0.0
0.0
0.0
0.9863606228371494
0.9761613747992129
0.7770851494598486
0.5964123895768927
0.39364282168131143
0.03460333949224004
0.0
0.00044752676694438643
0.0007274330798488371
0.0018567686651435173
0.05820899869272037
0.5196718752814226
0.6005510802950395
0.6216057589815595
0.6346781085368458
0.0
0.0
0.0
0.0
0.0
0.0
0.0
0.0
0.0
0.9884229644551659
0.9697546677557289
0.776669498635359
0.5228599806530326
0.27095861553453904
0.0023760873455850964
0.0
0.00043483915273687823
0.0
0.0010986722232506315
0.0060037979746019555
0.12049258732915304
0.44397194088347314
0.4559126056798767
0.6330614532218679
0.0
0.0
0.0
0.0
0.0
0.0
0.0
0.0
0.0
0.9781703483691736
0.9685458029003545
0.7340718429640567
0.5412255654577108
0.3175222199854215
0.0020005589221131098
0.0
0.00041599558556935126
0.0006066319552848267
0.0019425378061774916
0.007134647918288832
0.16640688360022818
0.25985010537095027
0.38691827345167396
0.44786484279500904
0.0
0.0
0.0
0.0
0.0
0.0
0.0
0.0
0.0
0.9487149368198227
0.9000981047989031
0.48854521960293246
0.3319466814304606
0.22047214275940027
0.0007108964244658218
0.0
0.03295653910431674
0.0
0.03805319578108706
0.12315612213401199
0.3581401548324425
0.4432519963782048
0.6116517762733407
0.7274334296505647
0.0
0.0
0.0
0.0
0.0
0.0
0.0
0.0
0.0
0.0
0.0
0.0
0.0
0.0
0.0
0.0
0.0
0.0
0.0
0.0
0.0
0.0
0.0
0.0
0.0
0.0
0.18539961404809854
0.5304878358033914
0.8443726997800888
0.8268350606810264
0.9269358362482205
0.926353031492306
0.8917043840812301
0.9566955501788466
0.7539755376770161
0.36182421235897294
0.29854457180573457
0.1400551733131506
0.0
0.0
0.0
0.0
0.0
0.0
0.0
0.0
0.0
0.0
0.0
0.1902484615119929
0.49886696388645657
0.6791829768971214
0.8510676572481564
0.9221964594599196
0.8177989892381018
0.9514449353616095
0.9195254044191487
0.9955905589554932
0.9820376007134972
0.8359372571866774
0.7083323741175515
0.5468843697109914
0.15594740969515755
0.01218825343472057
0.08174167728039601
0.09999502208384234
0.20586116865660775
0.5707153785920441
0.6863896347042745
0.6606459252170217
0.7358400422702993
0.8258836985797107
0.0
0.0
0.0
0.0
0.0
0.0
0.0
0.0
0.0
0.9829153687612529
0.9667710931785821
0.7091273374221364
0.5376283062447563
0.37336584444636356
0.07591011655821527
0.022280756641457806
0.21121348492521846
0.2228476017311022
0.40367220306691254
0.7212167436724061
0.7703420176598366
0.7712492080603263
0.8681154235958155
0.9038244826155876
0.0
0.0
0.0
0.0
0.0
0.0
0.0
0.0
0.0
0.984715355929916
0.9711257005170548
0.810906389561377
0.7062791906493476
0.6146773369273276
0.44745722427000845
0.21351981027051387
0.3287696825842723
0.20476745663319473
0.29654721678181173
0.6396922445443294
0.7110855932705423
0.7226364746027532
0.7991685223768883
0.8153534756265132
0.0
0.0
0.0
0.0
0.0
0.0
0.0
0.0
0.0
0.9810064161835995
0.9680160406523022
0.7945422782999316
0.6762311349438219
0.584762153801034
0.44739073830114895
0.4164393945945718
0.6405634333148932
0.6768948861699228
0.7635159415751234
0.9122673008707114
0.9401565599641084
0.9303830836712915
0.9173862665640966
0.935799543426319
0.0
0.0
0.0
0.0
0.0
0.0
0.0
0.0
0.40458358614147966
0.9875067674695839
0.9782406488953517
0.8442568217198774
0.7288722954447864
0.6274256726851203
0.4222130905347383
0.15585185402557789
0.28959404633007385
0.30677302006563156
0.45540801719128726
0.7653841192308511
0.8371102059518658
0.8238363415792818
0.8484296516258096
0.8595068077610589
0.0
0.0
0.0
0.0
0.0
0.0
0.0
0.0
0.0
0.0
0.0
0.0
0.0
0.0
0.0
0.0
0.0
0.0
0.0
0.0
0.0
0.0
0.0
0.0
0.8339528849546621
0.7743430052814992
0.909857077424761
0.882797748351682
0.9281559655444461
0.9425698620368385
0.9244724036259868
0.9529873673031305
0.9594182304078245
0.9449119595637756
0.9256487426243634
0.8617723102230161
0.9137548100987208
0.5567822024934264
0.45294384808849253
0.17350642561057714
0.0
0.0
0.0
0.0
0.5687829722400316
0.6297247431358456
0.6237907442748961
0.9002497331041734
0.9154129291403764
0.9585830260195962
0.9720068576500608
0.9481670101796201
0.9701918934435617
0.9568889953865105
0.9496807922778645
0.9712903861582639
0.9592338128316252
0.9952769517359334
0.986670756418404
0.8837757586226602
0.8449555672797893
0.7755166950391065
0.7134435839892915
0.65789796992487
0.7331929679493591
0.7438663320071391
0.8464394086796575
0.9331224566928604
0.9628942052050785
0.9644542102884212
0.9353085015850028
0.9544563068044871
0.0
0.0
0.08309585247855013
0.12718918836235701
0.24126643806767273
0.8527997637047585
0.8323555194895443
0.9325846419360955
0.8636002560671494
0.9947875980545576
0.9848838772016107
0.8809815299276726
0.839427051227927
0.7639435842855711
0.7310453859730567
0.6851379984714869
0.7419317660212735
0.7690053768252395
0.8606593010879808
0.9534780294029509
0.9633361683022401
0.946635848921194
0.9514645300653677
0.9569298856531385
0.0
0.0
0.11971988812670184
0.6407922726343744
0.8441216717301377
0.9065417951883138
0.908876226408469
0.9218458386762542
0.9561585695127515
0.9909031852767807
0.9864451478401177
0.898025337247692
0.8489738002312143
0.7917669978369827
0.73761338212164
0.7055119506323044
0.7281295955028396
0.7306558743018344
0.8222535362965041
0.9505561184327299
0.9654649948779342
0.9485148513577714
0.9373570574660275
0.9556980437238968
0.0
0.0
0.0497471467968282
0.18929017999182238
0.7631151790619862
0.9028827429917999
0.8019390167983634
0.928177359882401
0.9509544726929805
0.9086390346603317
0.9040306561245555
0.5980808219819408
0.5894805472681743
0.2095074638974669
0.13216088441188226
0.0
0.0
0.0
0.0
0.0
0.0
0.0
0.0
0.0
0.170573483006278
0.7473601372052338
0.907779591820143
0.8394407339696504
0.8846612493083135
0.9548457148178882
0.9139429919698898
0.9604397228437542
0.9560780628263073
0.9956161927972585
0.9866057961305997
0.8785129814447096
0.8245886323989964
0.7596043443392422
0.6739063697635295
0.6176431016082301
0.6607415501002954
0.6335784332811393
0.7195207082369505
0.9067842904518093
0.9302713063474191
0.9200132249729192
0.9081908114914361
0.9420942581460603
0.0
0.0
0.0
0.07129264890725939
0.37142398004939475
0.33277932367575436
0.5766334550318633
0.8896288245292902
0.7856235826178883
0.9432093831750792
0.8151315943625689
0.25208584174647886
0.36754967385654713
0.06160466356653858
0.0
0.0
0.0
0.0
0.0
0.0
0.0
0.0
0.0
0.0
0.0
0.0
0.0
0.24742207719031523
0.5324093549344192
0.8637908842101195
0.8182667936113511
0.8851262325120679
0.8588271294212699
0.9492648617517019
0.8763238660034846
0.3586945922706838
0.3461387297161407
0.0
0.0
0.0
0.0
0.0
0.0
0.0
0.0
0.0
0.0
0.0
0.0
0.0
0.0
0.0
0.09630568777662538
0.2310295353432194
0.3511254995555356
0.5283597154170309
0.2925390859710658
0.988607345528317
0.9683170555624191
0.7855685449441356
0.7007138285325702
0.5375550241865008
0.2767747339664809
0.12742866554009255
0.3165634207127453
0.34149374129246823
0.5270218791882169
0.8163203609807603
0.8890177537670828
0.9078376737869787
0.9290887107006909
0.9444457429924054
0.0
0.0
0.0
0.0
0.14012856619465852
0.24770689644609034
0.7633251392110478
0.8262215422109436
0.8039522678585723
0.994439501691904
0.982647658262687
0.8617015562015984
0.7725331725374739
0.6120304027478016
0.4880356579890877
0.3376352575384407
0.39347884928006865
0.3551255011055994
0.4465623787934091
0.7471085540262808
0.8291066214816677
0.830152227644275
0.9009961444639921
0.9237627362948458
0.0
0.0
0.0
0.0
0.0
0.0
0.0
0.1778507119597359
0.4955046916496865
0.9885102178356415
0.9787114229696197
0.8294028751945004
0.726300668372511
0.6417572530812506
0.4272144225612296
0.24367626587288932
0.3343846256365961
0.2943666978943066
0.42733492094192793
0.7236490202247325
0.7150732328100539
0.8273283060415778
0.7983000051246082
0.9212574008783185
0.0
0.0
0.0
0.0
0.0
0.0
0.06893896399579144
0.27278399541191073
0.41246381276302224
0.9885423563923639
0.9799346810217255
0.8647216631391551
0.7949419807865739
0.7137848223890841
0.563904116952136
0.3747888290207686
0.4011390805571816
0.3845142368843628
0.5003068039250116
0.7766555432547537
0.8756065495274155
0.925116728633693
0.9513259162824986
0.9490333087149097
0.0
0.0
0.0
0.1659989456752692
0.1450860872302827
0.8215205333053217
0.9150654121061732
0.8306854857220483
0.9518311755675418
0.9903761643183318
0.9871564649195996
0.9078852133764311
0.8555096861383
0.7859902470126302
0.7372632539902441
0.6784621749133586
0.667840316751489
0.6705429612641269
0.7348437703851585
0.9246829064990918
0.9630925087500926
0.952663317953433
0.9500370663095837
0.9394431450997864
0.0
0.0
0.0555717290861262
0.1801615032808538
0.2959468244084774
0.9048755439682464
0.8644831456263663
0.9118163169705813
0.9544874433592411
0.9328087296455683
0.8949360196426833
0.5446167860243748
0.5322234522362767
0.1501414888113706
0.0
0.0
0.0
0.0
0.0
0.0
0.0
0.0
0.0
0.0
0.0
0.2708793492395898
0.7829762156793485
0.7320249661726855
0.9008679432386252
0.9121603505645982
0.8243250405715136
0.9497122845812426
0.9155713833817378
0.9509162694057923
0.9264283196243137
0.5544149005254223
0.33726697291194674
0.31683954994841224
0.0
0.0
0.0
0.0
0.0
0.0
0.0
0.0
0.0
0.0
0.2099361715571164
0.5101449191879005
0.6252608887925766
0.8994157782057531
0.8004944104270437
0.9099125531666353
0.9167164454420276
0.9256269907572954
0.9651504659904578
0.9918788141439043
0.9853047551737787
0.8787707531824622
0.7907986430621727
0.6605343186954021
0.5211581045425209
0.32989207346029076
0.34014709715684394
0.36187924237840136
0.5181606531977586
0.8484637889302359
0.9274097345614523
0.9128887077616277
0.9238224812795943
0.9511337622875978
0.0
0.0
0.0
0.0
0.07819160549451312
0.29477080994061344
0.7249856574070929
0.7542837250259649
0.9208975651111653
0.9891921205740127
0.9824063720881993
0.8659673481302098
0.7099979381986077
0.5584764825715348
0.34456843848260355
0.09802198735592237
0.193238226183207
0.17232824366038485
0.34529774240103744
0.7390696770745563
0.872987675822215
0.887373169314857
0.8717647326504911
0.9231462263510504
0.0
0.0
0.0
0.0
0.0
0.14553909131693263
0.3255678142943318
0.3339388444339087
0.8119997264244593
0.9891980916872668
0.9806092858822606
0.86263246989363
0.763967366909513
0.6531795894464476
0.5096162594880164
0.29092238428876543
0.35900120662271223
0.33984481592247456
0.46296299197871404
0.8083925599184151
0.9046622480699591
0.9439575857553832
0.9449155473819072
0.9312562504566784
0.0
0.0
0.0
0.0
0.0
0.1336326212858924
0.3148133167681982
0.6114319215982073
0.7952948629244491
0.9936410489536213
0.9808482650288781
0.8522073291982069
0.7636973500583862
0.6500193548866879
0.44351074489650966
0.1913503634823809
0.2961478323213868
0.26462646992417915
0.3906168238486611
0.8145965690530919
0.9069866796987974
0.8879100998564867
0.8665454839516361
0.9370577799838409
0.0
0.0
0.0
0.0
0.0
0.0
0.10535915285984149
0.23626595131023936
0.4564589105955159
0.9878848044819736
0.9786380028924936
0.8456609365611019
0.7004595115884649
0.5635410695173871
0.27785061270564954
0.06059806703422187
0.21859830758619972
0.18052974813523187
0.33747549277880506
0.7322125933006975
0.8535109994249653
0.8887989795444066
0.9024764570919808
0.882802470017303
0.0
0.0
0.0
0.0
0.0
0.0
0.17809611175696397
0.4800966652557184
0.7399039422064082
0.8640700357515086
0.8618722924905007
0.20634309733693812
0.0
0.0
0.0
0.0
0.0
0.0
0.0
0.0
0.0
0.0
0.0
0.0
0.0
0.0
0.3232600403249257
0.27268569354578276
0.7325008958524218
0.81050174618799
0.8794376776755662
0.9012379703415567
0.8768619610375157
0.937093757642711
0.7877270296214852
0.670367688848463
0.30525039006531657
0.0
0.0
0.0
0.0
0.0
0.0
0.0
0.0
0.0
0.0
0.0
0.0
0.21051651297642418
0.4145502988604524
0.7562195251311405
0.8791387961668017
0.8294478216145141
0.8617086461973706
0.9283911217178749
0.8932924201318012
0.9954999631498544
0.9832462207187034
0.8432505755020748
0.7055317687100845
0.6072610315283712
0.38530967381455017
0.2732598494066042
0.37589914091245896
0.2910930550729831
0.35035143707499367
0.7767323679115287
0.9141164493602779
0.9197299325362486
0.9290759803692291
0.9364510622467819
0.0
0.0
0.0
0.07449270617370869
0.21576077700670288
0.328054779770972
0.7841188764186007
0.9049499756532637
0.8208159132869588
0.9896832555823774
0.9836510844910419
0.8743802067413841
0.782990305972153
0.6427334931781724
0.4487452923087308
0.22850800122145673
0.31664856635509
0.3002399149145067
0.456284934221879
0.8283998276214524
0.9009128106316012
0.9007642723475213
0.8697990041345534
0.9080717144839061
0.0
0.0
0.0
0.0
0.0
0.0
0.0
0.0
0.2824157919561559
0.9866049387315792
0.9732231097983111
0.7617846636796853
0.6463432679790948
0.4899741319983769
0.22097402175658118
0.4630699696030574
0.725632795897334
0.7085830771286109
0.7313928220484701
0.9235678528433076
0.9455530658833142
0.9443422919978598
0.9459408451157831
0.939670789490364
0.0
0.0
0.0
0.1872149002355878
0.25744253238822823
0.8183159172893454
0.8252305412672265
0.9102684926496519
0.833328809217611
0.9895611586762061
0.9833193662351831
0.8771100010987124
0.815322618632733
0.7613695593968951
0.7272864533842901
0.6988235493471318
0.7783441896093661
0.7920459347837248
0.8720402886596534
0.9608948079941257
0.95106463681202
0.9600658764705767
0.9653924827898994
0.9580380032047239
0.0
0.25638115531027905
0.38062219816848075
0.8331836287021656
0.9319681742004629
0.8825596711848669
0.9179769170771882
0.9720166743914124
0.944841405819498
0.9955190685943163
0.9879590577606947
0.8945198178493995
0.8553647903017576
0.7937094674649351
0.7500434454276533
0.72268075958895
0.7900758673889463
0.793459162866862
0.8684854849944047
0.9592937018391761
0.9621637083553858
0.9498640394584142
0.9409515637531416
0.9598732456132616
0.0
0.06255039981430126
0.2360088997206776
0.7668451432810465
0.9271595382218633
0.9408582776939038
0.8895643779104683
0.9689737630703651
0.9704901222864095
0.945647217207069
0.9654434871456833
0.8881124692123094
0.7140209228734506
0.5397799433687207
0.47988863242096574
0.0
0.0
0.0
0.0
0.0
0.0
0.0
0.11014272978162232
0.4519320820529013
0.8636659770065926
0.9532617332294199
0.9578368120627466
0.9261144066404283
0.9727983030198337
0.9407753543449994
0.9665566743340528
0.9785337010649425
0.9539000265323344
0.9741474638351767
0.9443679853673953
0.9169824756751986
0.5505977004797639
0.6941054551535054
0.30332123525449367
0.0
0.0
0.0
0.0
0.0
0.0
0.0
0.0
0.2664662741537344
0.9028173928995363
0.8975032174664889
0.9445996379979653
0.9305600303122211
0.9753133948900664
0.94835921405208
0.9558138454387214
0.982150343322345
0.9577800398881081
0.9914602506780474
0.9886023231083536
0.9101567028487506
0.8624372007229298
0.7940259211876425
0.7350896451228985
0.6720776505793986
0.6880716434573245
0.6575740331848807
0.739635724897201
0.9550513922156351
0.9681464692930924
0.9533157113713703
0.9442459553985515
0.9600059720416767
0.0
0.037410251503475
0.22393279183544296
0.8598222780361761
0.8482974681375178
0.8693794481167901
0.9229793595431736
0.9254529425644645
0.9668517275261893
0.9910925358251865
0.9871281472774156
0.8871090080261028
0.8358289595741694
0.7791644986050708
0.7092292542508426
0.6021122150189488
0.6069640678435769
0.5203242152643146
0.6402562780728198
0.9012306120511232
0.9421832811314116
0.9515234993770328
0.9463628525777645
0.9364134665011536
0.0
0.0
0.08787363715079154
0.1438391466870044
0.8001076398010599
0.901235544360295
0.7940588175296038
0.9361655598675406
0.8988935215059115
0.9902853840524132
0.9853257511044101
0.890152882892193
0.8198513854777265
0.7715401132238858
0.6836981994362119
0.5963999658902754
0.6963899226421929
0.7149654890007374
0.7821767398145298
0.9465763583221807
0.9615814800919626
0.9504651956218072
0.9317989230131476
0.9492199807800202
0.0
0.0
0.08319039201264179
0.20230837036225108
0.3753860832220803
0.590377448798389
0.7901389634252333
0.8553130677371545
0.8276463172261074
0.9942118910955503
0.9754434875639483
0.8926792915574975
0.8435417809201143
0.7886079615792457
0.7600373388218343
0.7442655188010832
0.8020360010238133
0.8319841862602146
0.8755768775129338
0.9650096758046444
0.969265491360997
0.9587480485828445
0.9476513469049231
0.9606936461797169
0.0
0.0
0.06873221946529603
0.2077570873343717
0.3149691698117393
0.3335392501826933
0.7602160331328582
0.8919828625085812
0.8499480674609915
0.9943381896964317
0.9735259633865541
0.8712480436828214
0.8030856744126709
0.7328082157201796
0.7024847157454157
0.6808324626301817
0.6949926805220701
0.698716754969567
0.7887299283214908
0.9536534489592635
0.9577148143272358
0.9483941146265118
0.930019159074717
0.9482651098478897
0.0
0.0
0.0
0.0
0.0
0.13566144613075004
0.13946807355004906
0.2688119266561643
0.29048866616461033
0.8807794715683582
0.3009450535258903
0.11890800595317955
0.0
0.0
0.0
0.0
0.0
0.0
0.0
0.0
0.1932375677684973
0.22476987750386
0.3848759578461893
0.590231432947275
0.9183171215747994
0.9152477597422286
0.8810023157836713
0.9580746854349625
0.9078665626353327
0.9496119168864907
0.9668180191684941
0.9293786098558643
0.9609894108440769
0.9510886943697325
0.9268303612471827
0.8546605552392277
0.8445059871369596
0.4774892132564826
0.4009436787140611
0.17248670609444677
0.0
0.0
0.0
0.0
0.3987862971573105
0.5845064944676823
0.8795931237876866
0.8768671141935412
0.9082456449586518
0.9682909790799499
0.9322131828712384
0.967093645696787
0.9745036262019605
0.940940575656224
0.9728498879480946
0.9580888082106503
0.9699619721615195
0.9518516107678607
0.9669119746539927
0.8508501448093451
0.6830962499570619
0.5125248259759217
0.5410784778739446
0.05803742260025302
0.0
0.0
0.0
0.0
0.0
0.0
0.2837240696438615
0.7491420100786935
0.8789012126090425
0.9415653512224207
0.9127163132993461
0.9708866790592403
0.9483099632329582
0.9711698750683064
0.9618245285265121
0.9551286056292976
0.9741290829731929
0.9912179781936872
0.9880055731376819
0.8977262998228588
0.8591209155657813
0.787420569384968
0.7315458353778223
0.6402839561743318
0.7083881622347272
0.7498655665437294
0.8101522861599973
0.9521760683938745
0.9671756919458764
0.949836042085373
0.9359987853914424
0.9385705569777624
0.0
0.0
0.05705954871126693
0.191426912583883
0.5489680339384522
0.8945713845743267
0.782977296861505
0.9139472821375779
0.8960045407654618
0.9898881749310913
0.984500297314172
0.8909889250102596
0.8163219236206763
0.7489445403503268
0.6266827963192515
0.5580100462873033
0.6424558827559067
0.7079897585372269
0.7869074358598098
0.9281774935555032
0.9650458412100089
0.9537987900109614
0.937561279356725
0.9544671607104181
0.0
0.0
0.0
0.09255694565491342
0.2760782902886266
0.21772586813457617
0.20282650829122736
0.8818104581941145
0.8395337966863824
0.9891590626036763
0.9838508449362601
0.8862382575090849
0.8158510029651435
0.7852178662020969
0.7471295276035853
0.7546413662227196
0.8168061368787255
0.845186967440366
0.8865459737963789
0.9705528887393193
0.976443100501097
0.970350259672192
0.9633624494636934
0.9724718516109787
0.062014538592696046
0.3544068755713946
0.8370175863966451
0.9062635402124588
0.9516774061056342
0.9294088969896326
0.9572015722865637
0.9731004580302811
0.9495866901528747
0.991314555022397
0.9883701052321394
0.9068611051629225
0.8533199284182699
0.8158003875953254
0.7601632098010652
0.7413490627018642
0.7956389643921326
0.8244138139902958
0.8665503661155503
0.9610952442648663
0.9660624200026832
0.9597402960904301
0.9522955347129171
0.9533406619885416
0.0
0.15810024595567232
0.7261494489839433
0.7884234186036266
0.9203602076394025
0.9015545457387272
0.9463777530844906
0.9679598718348713
0.9555460370889781
0.969370982470098
0.9305260789436152
0.9419430937522482
0.5835114510611414
0.5994821117512141
0.3723883995779068
0.31828462576510147
0.0
0.0
0.0
0.0
0.0
0.0
0.2855541442952601
0.7621684507662932
0.915402604009034
0.8721316398920537
0.9470501280273222
0.9512648088501179
0.9230098720759019
0.9720914615488039
0.9473682623148384
0.9701789898756487
0.978594904988148
0.9541667880067052
0.9540532202569512
0.9054439784594481
0.910859817866566
0.7391059092035999
0.748103798149707
0.5945216286361881
0.0
0.0
0.30674173142773653
0.8468867578715856
0.8237660033653297
0.8900111834583765
0.9253701194650047
0.9029415351237035
0.975301771315417
0.9522823113785457
0.9812471661590912
