0.8933300883619414
0.0
0.0
0.0
0.0
0.9098206332751153
0.7421307120204664
0.6441473279731158
0.6970113682588961
0.6834716519098598
0.435036129509198
0.34190146340131883
0.3612203327120549
0.39568828420155483
0.5332763484745543
0.5520715917173358
0.5301765896498013
0.4902227642815885
0.46463880294658094
0.46302445244370033
0.5133844540820811
0.5333701120581725
0.5977138152961914
0.8654729533609012
0.9000293798136829
0.0
0.0
0.0
0.0
0.9150171318377815
0.7319842039200369
0.5872558018739623
0.6544166350870037
0.6656677479902436
0.4846802883248372
0.3742246075788708
0.34120658543708865
0.36274131776873525
0.5029028587062805
0.5294787349167889
0.4695177859402688
0.3738241414330111
0.3514651735700668
0.3300465686953057
0.36212368331218336
0.3838901296018552
0.4828325370083746
0.8241017994023434
0.8732432761572302
0.0
0.0
0.0
0.0
0.8919052066124117
0.7119480277688853
0.5519107718934191
0.6349096076079216
0.6382811938683678
0.42754260007602646
0.32381361038831236
0.2963127877353895
0.31275711791248256
0.4443219769412916
0.48549988618954387
0.4839139084323276
0.4343317578962634
0.47397569814380114
0.4867538799874886
0.5359295790216052
0.5481279186661383
0.6055722333874918
0.8738709977454779
0.9077755298197054
0.0
0.0
0.0
0.0
0.9211611471112997
0.7484085983668849
0.6186104646079195
0.6574589007350523
0.6325418077552198
0.4002548065482117
0.2673156302672979
0.22677426803725256
0.23654835520783768
0.37812779368176064
0.4435134557424821
0.44612277514072823
0.43952126629498556
0.46499212326195094
0.46869149769700713
0.5160386416746396
0.5521149562503759
0.6089179316213734
0.8763330219785325
0.90543796803797
0.0
0.0
0.0
0.0
0.931151684740236
0.7765040055073481
0.6495190834731004
0.6948947424303685
0.6597858518168326
0.40185586596171025
0.22100684871482038
0.08403405353851005
0.015881483083217122
0.0724830806086361
0.15517529538708713
0.22839200022494305
0.28228973230762816
0.33605554975569213
0.37517945343095466
0.4373865865512796
0.4409000612549419
0.4748156139978537
0.791159079793553
0.8234314619449905
0.0
0.0
0.0
0.0
0.8866201269646287
0.6616683214936349
0.4981842248031054
0.564073484220866
0.5704230705918755
0.3569594670237095
0.2593826161528365
0.22043213834773617
0.21390003247574377
0.3009105054468818
0.3297674663092651
0.36557553681184174
0.33815305208834684
0.37798508637749745
0.42485068768403467
0.5261895267666454
0.5813898440044255
0.640437631707524
0.87751532159892
0.9224778902127732
0.0
0.0
0.0
0.6287039389497506
0.9297274432365671
0.7702224907817968
0.6777703815837334
0.7283753277367325
0.6385810349198258
0.3876946427614835
0.22365280447890026
0.17345981701246438
0.17834294015430296
0.3081264396277231
0.39152712784707483
0.4241544589544645
0.38704065968943974
0.3655358402697721
0.3726295273308399
0.43235363081020745
0.4314302327443455
0.500761857383533
0.8285493455242148
0.8505185164854123
0.0
0.0
0.0
0.0
0.8739310944198984
0.6321409451100106
0.48631007594905296
0.5537048725695596
0.5214775390432422
0.2643364268016803
0.15743632214871403
0.11800748922247492
0.0967385450841809
0.17788167726186066
0.17955998775081627
0.16268644193295284
0.1166742977178967
0.04399618797824445
0.04678584057187755
0.04690954988192541
0.01130616261871623
0.06471625266252273
0.3803250089383184
0.591082904434324
0.0
0.0
0.0
0.0
0.676805127767824
0.27192250324959283
0.11585626412143571
0.11459480042392586
0.06630652247276893
0.0020309890109765248
0.0
0.0
0.0007168685616769686
0.22758122456631746
0.38420429912344184
0.39638143816921945
0.3378786159043037
0.3285805931113914
0.3206237492879673
0.37121250009140017
0.4069523274101419
0.4843528015752861
0.8173480120783025
0.8667280187744373
0.0
0.0
0.0
0.0
0.910844493889279
0.7200604822301162
0.573225264450335
0.6482872598240496
0.6736028554098988
0.5058440195024537
0.4296303703706844
0.4366449904274707
0.47814955241769086
0.6020021624298938
0.6310570221992517
0.6006057368564894
0.5423372808725612
0.5215889945954589
0.5274866609819607
0.5775598812344612
0.590478084859227
0.6407996174304444
0.8885838271011454
0.9040490611870511
0.0
0.0
0.0
0.0
0.9168157738187196
0.7637216170131533
0.6425978339212082
0.6959340668163192
0.6932650177843152
0.5013044463220921
0.386576703133795
0.3618461227235479
0.39497523367245874
0.5171114668392549
0.5381364084040324
0.5195491658352277
0.4915622290088832
0.5056810689625209
0.5339872630708971
0.6054775304454599
0.6273032107155755
0.6800369270480929
0.9065905219951385
0.9207695606210744
0.0
0.0
0.0
0.8114328329621388
0.9274121483711174
0.7860261020749919
0.6528741753421498
0.7077297445713944
0.7059698133625196
0.4998454025924447
0.3770698205573558
0.33237114754447405
0.32701830027370193
0.4464660946739003
0.48509191842417665
0.4630421109091171
0.41643125477536586
0.4532738379859979
0.47780802266730166
0.5696972506469934
0.5875244690739438
0.6500269910522826
0.8987599193803081
0.9172008536170165
0.0
0.0
0.0
0.8102136556701037
0.9387947290771874
0.7940062209883322
0.6692948564373731
0.7150515964573783
0.7153656899377017
0.5334122295464577
0.4362419598771791
0.4244228586273749
0.4364597844538892
0.5301580410314144
0.5332481380407049
0.48794225585446604
0.4264323595913868
0.43179864203579743
0.4350596011310001
0.5133035791691949
0.511583140695965
0.5438797892477911
0.8373441982478199
0.8885855341583665
0.0
0.0
0.0
0.0
0.923882641923272
0.7681962374393686
0.6837166302413515
0.7565033084103364
0.7117368176424054
0.54885891851975
0.47873740461886466
0.4944915776267182
0.5392311693528729
0.6471328641423054
0.6769640553455588
0.6539775302008304
0.6239600172658206
0.6158000165956783
0.6189613739148785
0.6751379290423037
0.692647502000887
0.7441862317845661
0.926429281280611
0.9283677080748565
0.0
0.884518478554032
0.938977209298576
0.9116541379696206
0.9397223573519751
0.8257017014831671
0.76236748525095
0.8109734472191612
0.8046272606631508
0.6252114235069903
0.5585717912380732
0.5729303500634879
0.5954090669670064
0.6880693851948223
0.6977143511219676
0.6691223033041093
0.6211450006389847
0.6035982560571989
0.6076578739233741
0.643739015920778
0.6584667780575751
0.7055866735258095
0.9097759172999285
0.9236913957043453
0.0
0.6660590731352821
0.8789150442316238
0.8930901141196714
0.9413536406924125
0.8071167618302817
0.7300739910647093
0.7845306584358369
0.781258572203696
0.5945153008282877
0.5303312030737851
0.5550662103986364
0.5790479952347605
0.685341948893344
0.7117390496922497
0.6858400570925769
0.645966077251163
0.62794202899061
0.6245990082875272
0.6757684676132245
0.6889290369356215
0.7327847028256406
0.9198279560218903
0.93846346291116
0.0
0.889428328823449
0.929472573890381
0.9299886464624761
0.9413980001176986
0.8354334193451559
0.7271435649756927
0.7885794341083887
0.7856050257102881
0.6455359615428526
0.5716517161379019
0.5798892617494801
0.6141015505084417
0.710294968018494
0.7334241726420251
0.7132280289007925
0.6770705587571606
0.6864963986455368
0.6966470906227211
0.7265201143018032
0.7326678947431198
0.7581119443962507
0.9309828553063555
0.944413827631475
0.7005834488081073
0.9186161463481429
0.913538542285532
0.939042043756583
0.9456817628836209
0.8210769574027231
0.7079802198681143
0.765787825657554
0.7586189300935645
0.5632950908862386
0.45741898988963686
0.45063025664999434
0.47538628081978673
0.5911275779672889
0.6223192581647679
0.6109299233014741
0.5790000609663043
0.5778578222261854
0.5692180213832324
0.6158042834824992
0.6457268358486815
0.6993812066945475
0.9053179091729124
0.9353582651319332
0.0
0.8721888637981369
0.9313619011021885
0.9189514583501279
0.9485065670502053
0.8288737444935071
0.72935349979919
0.7670238246171952
0.7586197010479937
0.5899452165916526
0.5096583291454659
0.5103041275642224
0.5330879347546751
0.6423964776049238
0.660378007424417
0.6336582439993856
0.5963440911624318
0.5943626675425614
0.6047490624472449
0.6542980144435292
0.670710815705359
0.6995377192880611
0.8982867516759154
0.9277567261242144
0.0
0.0
0.0
0.8388123558597961
0.9311423277431768
0.7719989974166709
0.6409186743135497
0.6899665296442303
0.6836730487938911
0.4732220791893341
0.35753177548045195
0.3115862546168446
0.3030716768004412
0.4135172668898692
0.45007697011049613
0.45328643192205925
0.41258889062713544
0.41443858518623117
0.4249947373805098
0.5085258742043279
0.5454264235247089
0.6060275709287518
0.8872835715537606
0.9140206999181529
0.0
0.0
0.0
0.0
0.9304612158673895
0.7740548628025233
0.6980887173036515
0.7459862983961184
0.6641288742897133
0.43948864405882637
0.33789310460135336
0.3349229699932257
0.3435760277440882
0.4419589240565553
0.4553526275701776
0.46845501616775953
0.4675578076935601
0.46683008152014377
0.5124976534569505
0.5531206287529642
0.5809887546323171
0.6513279928775874
0.8819554098291961
0.9134273770561945
0.0
0.0
0.0
0.7751226658202601
0.9317243825037885
0.7743690712038905
0.6788523381435484
0.7063472037996875
0.6527590368664071
0.317133682597717
0.12977324120287853
0.0540995885124918
0.009783902516900506
0.0971291132006782
0.08524082183617233
0.13255431610524898
0.20885527984185642
0.23228970063531418
0.26151384194077393
0.30650887166411517
0.36037276248489
0.4334288485040873
0.8202227007847906
0.8413313060484295
0.0
0.0
0.0
0.0
0.8927310062508306
0.6674475298903828
0.48989900502743217
0.5497492327340094
0.567838369812477
0.396778407486942
0.3308551907046896
0.3387356324826186
0.374179413047066
0.5296914460886771
0.5807363214668128
0.5666056384613603
0.5122754199960667
0.49057969007785407
0.49229662514502126
0.549809612851927
0.5758251545142842
0.619892937386801
0.8779817351869128
0.9072734780649656
0.0
0.0
0.0
0.0
0.9148014407382467
0.7261520564916008
0.5752906055775109
0.6555518338086901
0.6595501402951013
0.48745358134350025
0.39885466052613694
0.39507925877946837
0.43065550163594024
0.5655158825015669
0.6035907992908782
0.5667345199291146
0.4900160731387943
0.47603037352010663
0.4773862650285165
0.5273491132865101
0.5469314849685982
0.6093149878316432
0.8777668815521928
0.9008602594637817
0.0
0.0
0.0
0.0
0.9040536977844573
0.6804605437955082
0.5167909011272701
0.5929556373124166
0.5962070188429297
0.36887777784618103
0.2591398248390796
0.22563300621790539
0.2373361736495535
0.35705250068260874
0.40748268308199725
0.4224311403544846
0.40431000989752874
0.4430416324825751
0.4670282930857082
0.5261732639961713
0.5685475039676511
0.6214491058710803
0.8816843012875697
0.9129092646819508
0.0
0.0
0.0
0.0
0.9095637420286122
0.7384780510478679
0.5739058307349558
0.6356100019087292
0.6391931430501943
0.42544762054166496
0.2793226675222993
0.161425318734822
0.12015562266128521
0.2115496092781805
0.22866655877000808
0.3107258811451549
0.26356454646520694
0.31454493841890074
0.35872072808272853
0.44213530966244036
0.49542788508434893
0.4701242453399727
0.757620375021815
0.8550451208129656
0.0
0.0
0.0
0.0
0.898625874277249
0.6788440542033146
0.5218225191951673
0.5845127083200735
0.6006334775923418
0.38267902743005167
0.2770380255319011
0.2553254314675993
0.2806860242452937
0.4505222699862345
0.5270951324317641
0.5374614797032204
0.5122504051427742
0.5251480989049206
0.5406790380748617
0.5910920444579862
0.6149707791527982
0.6694544327916361
0.8984559407386208
0.9189387252488951
0.0
0.0
0.8273580705512097
0.9014368558222601
0.9406770756607689
0.799748280591433
0.7103755321194712
0.7476943654130687
0.6730934266679202
0.4537909805116827
0.32749705575782195
0.28060230424597693
0.2644969430628035
0.3666327035742278
0.3935592833475511
0.40445912498195313
0.3616341837851756
0.34922723054959287
0.3744804760361244
0.4598410014589237
0.5329927413191514
0.6153149038528605
0.8685109253126073
0.9008983363088738
0.0
0.0
0.0
0.0
0.9280081932678435
0.7759602532654505
0.6971866649767962
0.7491013896191921
0.7414588588368268
0.5488873572178713
0.48187310949042533
0.4904492698819472
0.49766716949999623
0.5982303591429422
0.6036607342653622
0.5692697386007393
0.46861027173042047
0.5108082727354946
0.5775910880004153
0.6392759547947785
0.6607501748591367
0.7118566362323046
0.9144251723024599
0.9352442902170955
0.0
0.8341226937133392
0.8509955739323776
0.9359205122067975
0.9364586350040559
0.8186209567505314
0.6961937767407863
0.7580070369531585
0.7719787802072461
0.6300000281456485
0.5631709083544231
0.5795180178271122
0.6048298756063138
0.706499597231746
0.721585216418503
0.692542141170169
0.6558018698268644
0.647604943517762
0.6524010566417756
0.699402852007369
0.7181486864676007
0.7464181015771452
0.9302513271063515
0.9475914428640545
0.8006141812256861
0.9391020949742236
0.9360684736273805
0.9231537486186681
0.9456736759408513
0.8449023857570187
0.7373225398056729
0.7766605848802219
0.7569529569290055
0.5974958546715596
0.5121825001338867
0.5145379651701019
0.5291472062330886
0.6350076256057908
0.6619273344601146
0.6362045700041565
0.6054243053606159
0.6102464956542641
0.6174661727996024
0.6602511103573745
0.6755214807269081
0.7152244077865746
0.918200483001434
0.9360295387152572
0.0
0.7047484906241107
0.8875968292498441
0.920109171363446
0.9421510953303119
0.8097192467338672
0.6741047260562916
0.7100932087924114
0.6733510606465362
0.4651378425629573
0.33694329248948524
0.27299854693912234
0.28773426445988126
0.4393980815038615
0.48993068826381075
0.47895237518972744
0.43501484242572463
0.44238815932551306
0.4525960893330727
0.4989896551794678
0.525567408577786
0.5700305763085594
0.8590512049078591
0.8960350431692709
0.0
0.0
0.0
0.0
0.9133481435628507
0.7237573031957674
0.5675677163811742
0.6411084924185914
0.6500551922653381
0.4710066738174393
0.38115811202115063
0.38640997470425564
0.4146405211927875
0.5483188254114932
0.581321368311596
0.5510132148076272
0.4894627149942444
0.4716716430625311
0.4670524684761473
0.5222092757439355
0.5422104830215482
0.5849805389167516
0.865543437076285
0.9007667117920591
0.0
0.0
0.0
0.0
0.8964039113719352
0.706462411357757
0.5269037548295666
0.5984809511176524
0.6155489099998439
0.424499518986355
0.32345921370299185
0.3160364039185365
0.3326534155677784
0.45958854495677487
0.4918252620368125
0.43504389607061167
0.3126365006795934
0.25321898225784395
0.2634189840765029
0.36401503104459376
0.42519205536220855
0.5002446870869923
0.8352544100187888
0.8862339780306777
0.0
0.0
0.0
0.0
0.9060516598053724
0.7495381590233683
0.6425104905812083
0.7123655114001176
0.6732804678030229
0.5024184747658637
0.4242482079624339
0.43325408985410757
0.4730364289042521
0.5910866587173433
0.6246304695151448
0.6064522443804615
0.574633827575959
0.5678639205771191
0.57312270445352
0.6238265710514426
0.6433031088256811
0.6955896911865687
0.901589853412977
0.9249009078788922
0.0
0.6666468718675487
0.8806738042244762
0.9062319263984268
0.9417904046658724
0.8072299082626125
0.7233985241183101
0.7678550804865264
0.7553253979883767
0.5477695979718495
0.4624982036317453
0.4627436735061905
0.47901562493361544
0.5952880461702628
0.6097216642626618
0.58802435827747
0.5602083151043878
0.5541920604007526
0.566994196356737
0.61997539226674
0.6400783232695976
0.6874069849387302
0.91609709827056
0.9295803452764465
0.0
0.0
0.7987180199864125
0.918381292508695
0.9301488709708178
0.7954102813151686
0.6467047543406634
0.6949775398294813
0.6914990846447121
0.4921517646547498
0.3835595762436995
0.3426016599391439
0.3442063400697975
0.4711358813420388
0.4927242301881615
0.45816469129700643
0.3855101256407453
0.38727704001070695
0.38872872043949314
0.45479664472314174
0.4801005807610875
0.5496532142727362
0.8522673324138349
0.8834883549856328
0.0
0.0
0.0
0.0
0.897107459382047
0.6964664501893495
0.5407647153479295
0.6237585347063124
0.6510412458242093
0.4767741290126036
0.40381931926971654
0.41517225051671836
0.4546629438173918
0.588351428047793
0.6236425689998387
0.6054824120438073
0.5622529518592781
0.5650345668046131
0.5772463689967771
0.6282488526269231
0.6479088883814892
0.70098130921219
0.9132736269094459
0.9276987201143947
0.0
0.8106997489401834
0.9082954534033837
0.9164777901616932
0.9457389154509257
0.8220730132448361
0.7083109637110726
0.7496192019023364
0.7500074321836698
0.5813924248032029
0.4994462667726061
0.48988689427601323
0.5169031262490278
0.6242129706683684
0.6415183885157972
0.6137849001656726
0.5643350263833863
0.5609772075097774
0.571252850341782
0.6226876399874637
0.6424897904635384
0.6988264311468885
0.9051590645264925
0.9362541084540082
0.0
0.6694740507758408
0.8793447860191843
0.904356244562466
0.9408233693880598
0.803169541693162
0.6802576930744987
0.7262071335149348
0.7223799678447911
0.5559591706748583
0.4638522839995796
0.4475616454496357
0.46481811831746456
0.5780324098321254
0.5926218416637941
0.5651882843905186
0.5250068922540752
0.5256141454281998
0.5411101233958696
0.600115508142312
0.6242222788798677
0.6789023097097785
0.8945453031167411
0.9278920353945797
0.0
0.0
0.7921812858290092
0.869294030378036
0.9387037683707747
0.7978573176400167
0.663194136072212
0.7150063526690014
0.6984957657275985
0.5179099424909503
0.41445275072704885
0.385591439542416
0.40279639686166774
0.528325660137541
0.552047952285477
0.5315469306377513
0.49344746492136393
0.5001205283790257
0.5163170569627473
0.5864432588138901
0.6202603422089674
0.6612335233145116
0.8966030773054391
0.9208082143793556
0.0
0.0
0.0
0.0
0.9188519395047035
0.7689581531193539
0.6564745175433767
0.7155387609148136
0.66429182986872
0.47160210345035963
0.36404256229869386
0.3387101176300761
0.3518665925906756
0.45566613287574115
0.4736753190426382
0.47156223868977976
0.46694014793994887
0.4883173736304122
0.5039017087352995
0.5593828293018637
0.5812338182311171
0.6511432369142277
0.8834988761440586
0.9056450466770292
0.0
0.0
0.0
0.7810536154583481
0.9339620409478427
0.7856603280615447
0.6870216439256668
0.7224846527116292
0.6888369312729836
0.4297094128597466
0.29949693542911526
0.24263920754899695
0.24236459992391599
0.37698922278405944
0.41623945208979113
0.4125570280653577
0.3868182865479196
0.38625577903983416
0.4005324998236127
0.4599994628559291
0.48586382226266867
0.5508247773214903
0.8446397668988401
0.8885372402304078
0.0
0.0
0.0
0.0
0.8679058468113952
0.6160936733185138
0.38710972784216713
0.4407611743296201
0.4376801183159739
0.2350860863679269
0.1460220163533791
0.1222357503393278
0.17301366646285155
0.3649836763480462
0.4644784344386411
0.4363591265863262
0.325621968059449
0.2920840714766906
0.2935414860318364
0.3789617908128666
0.4214403890810225
0.5028022910839356
0.8306389342659487
0.8704907195270536
0.0
0.0
0.0
0.0
0.8678802055236481
0.6151774242459952
0.41489834025051325
0.4786339436108457
0.4830965028979576
0.2723843352354334
0.18081824264257054
0.14047367885609713
0.14623848493662028
0.2557349377922348
0.29795505790009513
0.31908893632345836
0.3103037563005224
0.36692262993593594
0.38873425880877305
0.45236707224434153
0.4816088337787039
0.5593301900386622
0.8611917771430381
0.8924864043807704
0.0
0.0
0.0
0.0
0.9125239526030994
0.7463348933835243
0.5700365435104178
0.5744645129895122
0.5037359964272146
0.20414762333342198
0.05935737046519183
0.0
0.0
0.0012757101196191733
0.0010542160569923054
0.007574230909727544
0.010950177403004994
0.07343705395897525
0.12930496265290345
0.2229374788541371
0.30310416164055
0.4018168077220038
0.776123325615428
0.8363680017971952
0.0
0.0
0.0
0.0
0.897988110401776
0.6962713018633094
0.5249607987678709
0.5619894088023741
0.538762521952726
0.31527447028236794
0.21765616501015733
0.17782648158542982
0.20045729759547468
0.3343322123615496
0.39109261925361655
0.3871578021493863
0.3475782539265254
0.3750372199292785
0.3910263053633535
0.4594098292893853
0.4934593283671263
0.5617434404783639
0.8542825313173796
0.8829585021577847
0.0
0.0
0.0
0.0
0.9087739608382497
0.707993188310014
0.5523465658575215
0.6228043585782614
0.6412966523920793
0.46187431585186917
0.38889722845391417
0.40092393785114533
0.4385434556772408
0.5738404298319031
0.6085778137394384
0.5785028437390239
0.5118898013029094
0.5006065221117394
0.48996436956539857
0.5438217764808168
0.5579675829204924
0.611296410143941
0.8743477814587423
0.8957234777789331
0.0
0.0
0.0
0.0
0.903616675323666
0.7227291006364657
0.6124694325048545
0.6765572936802462
0.6321984541966668
0.4492568335802437
0.3670510914261761
0.37795053015141716
0.404111541478466
0.5254448407923343
0.5386130797442807
0.5126763454740653
0.44505109068031673
0.4021827328248621
0.3901445728591467
0.422837973840309
0.424597868061934
0.4795359343652352
0.7918365458872559
0.8502880370558397
0.0
0.0
0.0
0.0
0.8993961859172541
0.6953037322080324
0.5854621790127365
0.6770887211884183
0.6712475582691761
0.44877666154898677
0.3691629480372114
0.38002265354667125
0.41304422432118715
0.5540482127918253
0.589118714833523
0.5685646544308154
0.5284614592410064
0.5109524006620716
0.5199228327334059
0.5782893680867475
0.6005062771357094
0.6577678633175447
0.8931052349886182
0.9110301216138692
0.0
0.0
0.0
0.0
0.9300517589408693
0.7747014512068336
0.6790296173669352
0.7409966202114084
0.7407415562718482
0.5284084727568883
0.45675913601013496
0.4707071146096913
0.5044659917697226
0.6172303707000472
0.6349562643037375
0.6126785654930913
0.5773079916035415
0.5737959776942351
0.584538624229429
0.6405325496528171
0.6544768435483992
0.7000308311188959
0.9202604990848154
0.9250802583615245
0.0
0.7085004086489389
0.8785241040071888
0.9219349383321761
0.935258623846928
0.8065936148311553
0.6813950920777547
0.7235779498791182
0.7219777317676999
0.5315866281128332
0.4201407940299682
0.3769241833779684
0.3721842783022477
0.4823046066039971
0.4944920347693315
0.4538176347627997
0.38254156348910406
0.37147469829011237
0.3627666192854481
0.4066736667478305
0.41721416578009746
0.45599552793559184
0.7947826186474795
0.8517495608684247
0.0
0.0
0.0
0.0
0.8693952542575374
0.6514871054668
0.4723662674106131
0.5725840278964289
0.5884562074859319
0.4187265811630529
0.3445982474345394
0.3525105581474278
0.39128666034911735
0.5219012432128795
0.5564047547684814
0.5376997590516895
0.49562818248920393
0.5007138771881555
0.5178839641324257
0.5798105269865231
0.6061440900410346
0.6634434240794652
0.8979433318054791
0.9152165807552894
0.0
0.0
0.6982656676005633
0.8551760938591793
0.9387316260863765
0.7976631320986981
0.671538615859059
0.7184628476771918
0.7218033111057995
0.5455566156378872
0.462172508532401
0.4543718685709724
0.48728896100656294
0.606814258262091
0.6320796971893752
0.6019593687586289
0.5424992300062819
0.5354899628337108
0.5238827638415203
0.5714275729900926
0.5837773825936562
0.6272956630172489
0.8766629173526715
0.8941619305905242
0.0
0.0
0.0
0.0
0.899662704677697
0.7110822088573316
0.5469825042231745
0.6023334195805279
0.6049568290753305
0.4050348874695036
0.30414729132537427
0.28708750754118545
0.3176108138737292
0.4639681120523362
0.5134877454590469
0.48783042167932683
0.4197189462025754
0.4069069118587853
0.4129865222637809
0.46713800237297015
0.4912430220264626
0.5516509505727183
0.832767558278004
0.888802301644339
0.0
0.0
0.0
0.0
0.8994364785598729
0.683001439757269
0.5406330729563769
0.5997556197665328
0.5009441562707688
0.2635947741189269
0.14835415741149452
0.09375225912226415
0.10896857712507321
0.21062367147416358
0.2494601011027416
0.2750119135560303
0.2585147596885607
0.25102821301957373
0.27810867229766817
0.33384705431844625
0.3694434821624086
0.4602235704709009
0.800327180306159
0.8449526368714646
0.0
0.0
0.0
0.0
0.8740574335298484
0.6506121840116086
0.5245364653786808
0.599393480969214
0.5925421326285103
0.3518857185266077
0.2687513706028215
0.2727403058726956
0.29384269371134986
0.4191394166325215
0.4546272435980957
0.43291558856011264
0.38313137904267974
0.3619392053831877
0.3785000372705472
0.4547738568499087
0.4811923919833204
0.5510064876263195
0.8690448095971588
0.8870346536691868
0.0
0.0
0.0
0.0
0.9240852593388471
0.7563837770978146
0.6104830489563012
0.6579185149662249
0.655854266787094
0.4506576593826346
0.34470723472895504
0.3112728857879686
0.321316627540942
0.4534231181155011
0.48594201562122874
0.472981146995234
0.43518655096578446
0.45195916551961907
0.46768914471876
0.520598534110154
0.5402784377335007
0.592664996129196
0.8509445384229437
0.8969615034314692
0.0
0.0
0.0
0.0
0.9050067616227406
0.6989856391705301
0.5070734463438782
0.5164965262211444
0.45037681570126387
0.1836770235028525
0.07100533600718677
0.0
0.0
0.054833884289745685
0.10301017944405597
0.12838505359430827
0.11134979235540883
0.18600128315737535
0.2794041646449508
0.3885437444458083
0.4548003171140103
0.5384917625639253
0.8354432432164716
0.8949195200438066
0.0
0.0
0.0
0.0
0.9241862984242175
0.7621879585565923
0.6175766338459082
0.6414153697253338
0.6150992554878001
0.38855110817985694
0.24695316298862527
0.16834872017317748
0.1497449368880785
0.24912194573990043
0.2932361865134969
0.2632540173380995
0.18978161253236928
0.2382260098914502
0.30542311957227103
0.392516454212119
0.43843818455308653
0.5400157509417776
0.8416197797931393
0.9033697914275912
0.0
0.0
0.0
0.0
0.909134672714937
0.7020307892353158
0.5361362062165632
0.5358408335592497
0.3868271818771812
0.09367595187016071
0.0
0.0
0.0
0.0013091939780326446
0.015574191025247075
0.08622080935829553
0.07864891169207855
0.10480544230341685
0.13954165640775762
0.21339803409982358
0.2383201092594865
0.32813579302931106
0.7158759728366696
0.8387379915979439
0.0
0.0
0.0
0.0
0.8712169843545656
0.6028581926277904
0.4182538002840004
0.4991229688780444
0.5237990900681615
0.3118189040462365
0.22290961197162354
0.1976246692103103
0.21606204713537566
0.35813041994831457
0.4081480938521608
0.3754163956037965
0.2793919928711978
0.2558067971985713
0.25455007156406506
0.32239458787523806
0.33353564200341773
0.4052599428414439
0.7720139879149606
0.8268285354326858
0.0
0.0
0.0
0.0
0.8713107149662556
0.6060852728078966
0.46082013449330755
0.5291365224537803
0.4482672368890906
0.2447563437841657
0.180037100295617
0.1786193472335995
0.20461043383187702
0.3297027021171196
0.3955238118399317
0.36526507490780485
0.3158973669858066
0.2853109903148963
0.2861215218392244
0.33414620233680065
0.3378426660765109
0.40151503418075507
0.7393636140222245
0.8088239992168567
0.0
0.0
0.0
0.0
0.633927484603971
0.2161336672399183
0.08988950160730169
0.0991257154249668
0.006798297950049648
0.0
0.0
0.0
0.0
0.0
0.0
0.0
0.0
0.00109350379671041
0.02202798920634667
0.1536528482595274
0.25253456727075996
0.3669782851277898
0.7415510218431514
0.8359082143402341
0.0
0.0
0.0
0.0
0.8913941557364059
0.6661084468610194
0.4836295005816687
0.5284991913738385
0.5126482852286219
0.27943753985549696
0.1502608744238572
0.07445413342125409
0.059656218271671495
0.1375704233010823
0.16547836176759118
0.15328191385171783
0.1105791119727346
0.24718798848062887
0.33439785193008537
0.4113883877510648
0.4425313719646349
0.5273866726867422
0.8468094820745594
0.8881151592965002
0.0
0.0
0.0
0.0
0.8992842677711294
0.7176884959782167
0.5241242148084483
0.5888424139565049
0.5811560378094306
0.33845250217096506
0.1664722726344229
0.04812600739705783
0.0
0.0031171859192959442
0.016466010222666208
0.03161191061992874
0.002957022330652936
0.11565980576036614
0.21390122821502397
0.2646603935651657
0.2730151042574441
0.32127138431509217
0.7420349851825666
0.8270358844689263
0.0
0.0
0.0
0.0
0.888755122030712
0.660661780916874
0.4149709446780041
0.4107693334778957
0.34597062602720935
0.15274381705946963
0.07392537709943392
0.014792906113286522
0.03538977097980671
0.2069939903689169
0.3132934157716317
0.33948770600809847
0.2877616674510338
0.2764844819591269
0.2890094469785401
0.3628663341402754
0.3913586045755768
0.4650973999539777
0.8050375838162263
0.8479650934760016
0.0
0.0
0.0
0.0
0.8644295049251767
0.6126280595223067
0.4224809488111381
0.4871760962922222
0.42017037509620736
0.07161114907029675
0.0
0.0
0.0
0.0
0.0
0.0
0.0
0.0
0.0
0.0
0.0
0.0
0.0
0.004246875473346409
0.0
0.0
0.0
0.0
0.5037022210237351
0.13591467487024256
0.0
0.0
0.0
0.0
0.0
0.0
0.0
0.0
0.0007902930721902152
0.06522030412656014
0.1511298896848396
0.26305367337659563
0.3227367937254249
0.3971058094713984
0.4425763410020844
0.5238419955717337
0.8432086902785966
0.8911042530109345
0.0
0.0
0.0
0.0
0.8991170633504636
0.724830006297664
0.5883816965737638
0.6417706620829465
0.5851302103255032
0.3823242359776415
0.2931266730798332
0.2671366334528945
0.24503377538706328
0.3104474045526051
0.3172700425398357
0.30127917157545436
0.30040460078020065
0.3617004532069035
0.427047311936395
0.4801223417568796
0.5154233330605662
0.5959364368218449
0.8544330067787826
0.0
0.0
0.0
0.0
0.9122337376401254
0.7090592296709295
0.5832622415990572
0.6690673096517255
0.6536581439821709
0.4115028975364071
0.3187491231783672
0.32529142425016105
0.33941188885154494
0.44867857275290396
0.48788827694481407
0.46183780099294797
0.40815611203437496
0.38857432806576875
0.39010373967485584
0.43776942623013637
0.4658464619413225
0.5389785882789098
0.8647074786234171
0.8851931643661771
0.0
0.0
0.0
0.0
0.9160237217667372
0.7680712387660407
0.6137919267725136
0.6587224758612138
0.6135900747085526
0.364791817537765
0.23878131342217773
0.1780294230729982
0.1628370595841087
0.22288561491407854
0.25527843421363206
0.25493047732955215
0.21114214346533317
0.2757107620437718
0.3493193610261625
0.4423362631961199
0.463624222375133
0.5354397418395797
0.850849307009834
0.8828086986442525
0.0
0.0
0.0
0.0
0.9129844694324971
0.7237865583788409
0.5742609282758742
0.6255374931403096
0.5604758737718155
0.2942578213606069
0.1646895329058987
0.10873205727820805
0.16098962191907779
0.30836078735544475
0.3391174459225748
0.27996687111493246
0.1701282298972097
0.1314708570138809
0.11049064589510907
0.12789863673841453
0.1220693543896713
0.14695011148980136
0.4312247193411325
0.5517365780853365
0.0
0.0
0.0
0.0
0.5376418730103645
0.17593871077668102
0.11067456174363824
0.24440487220344276
0.3375337216305434
0.20437902456943507
0.15099572639709005
0.1787013531843883
0.247558206685068
0.3728598209958944
0.4117913048932047
0.37731150573758326
0.28854544290046175
0.272244854392799
0.31034278601702964
0.4174007761011359
0.4617916919850589
0.5102208761033314
0.8384454309229918
0.875588441931054
0.0
0.0
0.0
0.0
0.908939463433092
0.7086786800267608
0.5527542787128998
0.5700604015820495
0.4739039926993844
0.2065982311958379
0.08107467488238718
0.00349580705584372
0.0
0.01263718360331838
0.005390272990489419
0.0
0.0
0.0
0.01718977114485514
0.15407870932973985
0.21789260762626897
0.3267613451292305
0.7532034041745261
0.8423875795002191
0.0
0.0
0.0
0.0
0.8663033392515105
0.6201572096537902
0.38562588766952216
0.4487809363747877
0.3377164609112621
0.09708937175891062
0.004831354920690889
0.0
0.0
0.0012511216093244032
0.0
0.0
0.0
0.0
0.0
0.012227484559375263
0.13228352406498764
0.2602994888258319
0.700453316573278
0.8418364854748288
0.0
0.0
0.0
0.0
0.9185470418877366
0.7497834790484527
0.6526246409115648
0.7266224537053053
0.67000493570491
0.4784041862611407
0.38126653566255736
0.3745811989960588
0.38596508692364007
0.47541635925634274
0.48709124752587174
0.4471651550764139
0.41304118317845595
0.4215971733546474
0.45687535852885386
0.5123836889710012
0.5484642030829953
0.6043339779565915
0.8629192742602418
0.9079623574185834
0.0
0.0
0.0
0.0
0.9247315314010277
0.7655511857516496
0.6738431347060535
0.7286703730722374
0.6867768233357223
0.43763987572214674
0.3211632572125286
0.367626975571238
0.34660012812053403
0.3552768878152891
0.35205017274461725
0.30522816232135414
0.2373234200235821
0.24900280825898186
0.315182635370195
0.38848680912904965
0.43634437775685286
0.5069139011811259
0.849778471745897
0.8725461422034683
0.0
0.0
0.0
0.0
0.9149361417268532
0.7249235707154492
0.5725782277497494
0.6238747511749299
0.6248759976593372
0.42384584251468765
0.29262445180911123
0.23587039892652312
0.22088510573843345
0.3637888196084484
0.38423146842472267
0.3059536678943871
0.21288664798647958
0.24929914096121714
0.29464759454968836
0.35564104517751804
0.3879841683386712
0.461214293286288
0.8013844258472881
0.8648188165786834
0.0
0.0
0.0
0.0
0.8861840804086675
0.6444165814388164
0.4816841156130063
0.5630898829552037
0.5828033217881918
0.41080244959806156
0.33760666563759006
0.36051743899200334
0.42559806501537506
0.5704924337153174
0.6068411014206074
0.5676260656454112
0.49109884630833733
0.47415622156982634
0.46873172888691866
0.5194601317430103
0.5398578501847798
0.5955635042701248
0.8568046230619109
0.9025084174273433
0.0
0.0
0.0
0.0
0.9077230851346807
0.7008627930575712
0.5423279757790588
0.6141754750797068
0.6213596870095826
0.41842472564161687
0.30879777817702087
0.27941786787047224
0.27955345146627525
0.3732025976032749
0.3952762419452299
0.349716674842711
0.2662489551145257
0.26740600747151055
0.30815956753483137
0.36972449106303706
0.39535948346230576
0.45791775956075165
0.8070101553045069
0.8668112507779582
0.0
0.0
0.0
0.0
0.8932544472486275
0.7248490658316548
0.5692496554199671
0.6064169344775224
0.5800698126928706
0.3517733747758443
0.24430570458134962
0.18022769837204752
0.1554170237199418
0.22977419281675376
0.25371045301638223
0.22829647476906023
0.14120172744645612
0.16703163358280068
0.24449635046706045
0.3475835729598636
0.4452803688187684
0.5504965294260908
0.853097293740428
0.8913566326275586
0.0
0.0
0.0
0.0
0.9186658761583772
0.737305687131289
0.5869332850610729
0.628370063358477
0.5642125689623959
0.2824186008091093
0.10063569044343336
0.0022385053580685475
0.0
0.0012827027135556785
0.0
0.0
0.0
0.004389335656165659
0.05561703324769198
0.14801453381929067
0.21470896055520092
0.34529956462559475
0.7172761555572829
0.8310311828021396
0.0
0.0
0.0
0.0
0.8568898797339425
0.5799052689277981
0.38265054974010704
0.3421303623558436
0.17781750838396637
0.009062847271006457
0.0
0.0
0.0
0.0
0.0
0.0
0.0
0.0
0.0
0.0
0.0
0.0011732267239435714
0.0038442270656272107
0.40200921007725976
0.0
0.0
0.0
0.0
0.4911109052936366
0.1116010552803755
0.0
0.0
0.0
0.0
0.0
0.0
0.0
0.0007403503914087058
0.02864052282177369
0.017510627686425275
0.005768235717945711
0.05201167476424846
0.17432486201394792
0.3273700850595725
0.3793546930113382
0.47448456607482525
0.8365273471676339
0.8650001734804805
0.0
0.0
0.0
0.0
0.8978923997971768
0.7244210707038775
0.560954685482992
0.6080733021896784
0.5919599563441321
0.38822508038353193
0.28802650176115024
0.21925288594254447
0.13156662310969353
0.18928226943714843
0.21244162456993415
0.1763576633028713
0.0979882937275325
0.1208011322174714
0.2116587047895296
0.3419209368146041
0.4370580656279577
0.5221967394473032
0.8512686658159345
0.8835852981284481
0.0
0.0
0.0
0.0
0.8923326487876904
0.6747609872499094
0.49623009086274483
0.5310651807795568
0.47169741480980115
0.2067958065396275
0.07614938460314297
0.0014177782074796506
0.0
0.011424614421981007
0.0850616262633067
0.10049517220125452
0.08670435362208195
0.1635849856260313
0.24036142391274282
0.32338498308118524
0.3476228036481575
0.4148154824475434
0.7742263241977736
0.8459233427870549
0.0
0.0
0.0
0.0
0.8806827103970062
0.6526185648584175
0.48675975037836255
0.5150030255821647
0.4581783692509697
0.24633124794522568
0.22630661036307217
0.20401345841954419
0.19519022846426315
0.2864315006270926
0.3393681142357823
0.32158247198143974
0.24075861986811956
0.27345163308264947
0.34422501117013743
0.45860057165546336
0.4852188548394077
0.5884705528681935
0.864002107499427
0.8987600654827803
0.0
0.0
0.0
0.0
0.9166609617134284
0.736510137805855
0.5922323363067137
0.6663560572629932
0.6762845031251697
0.5057926847437945
0.408337146967668
0.39542888272722554
0.42310711062202017
0.5365606502121024
0.5316790081496097
0.4646314100502832
0.4012501236512998
0.4138331372282561
0.4364269669493067
0.5116361530071771
0.5588301137128242
0.6219239376769046
0.8832973971487259
0.9053313144609509
0.0
0.0
0.0
0.0
0.9265777331263909
0.7943902872986087
0.6600475984696095
0.6976562347791799
0.6858989883888
0.4848284995696126
0.3693459941231002
0.365974156798744
0.3890218032138586
0.508246735837749
0.5164967890503475
0.4641033412784072
0.3963238761360581
0.4010006274976124
0.41714657623970625
0.4796257105535229
0.5130733524797385
0.5583568040616591
0.8420747137949626
0.8790028881145303
0.0
0.0
0.0
0.0
0.8531669386892741
0.5329859221427662
0.3479551006749102
0.4231895089554256
0.331116583757519
0.16110351929114833
0.08657927420675182
0.03631739538281679
0.010680291105910058
0.04329053865122834
0.024863330987308852
0.0
0.0
0.0
0.0
0.05708147443815284
0.11734077887650529
0.2080240102302665
0.5605141186357144
0.7523159686669958
0.0
0.0
0.0
0.0
0.8041130628229402
0.4429368963550756
0.2629887921527586
0.3407102175544235
0.3138993502276682
0.14817065486780623
0.07992516921210448
0.043847609295668784
0.011378702056632958
0.0016567962748919275
0.0
0.0
0.0
0.0
0.0
0.0011036597190364943
0.08107246038905949
0.19467341644088287
0.5591835784826427
0.7138522183286999
0.0
0.0
0.0
0.0
0.7634189835568932
0.40217580729736563
0.1986031680168524
0.25999222552380563
0.2629866881304389
0.12039673241377213
0.03286626132969372
0.0
0.0
0.0012400847642167609
0.0
0.0
0.0
0.0
0.0
0.0
0.0
0.0
0.004690371689304277
0.1839923080483615
0.0
0.0
0.0
0.0
0.32823038996636605
0.0
0.0
0.0
0.0
0.0
0.0
0.0
0.0
0.0
0.0
0.0
0.0
0.0
0.0
0.0
0.0
0.0016253944761777208
0.0
0.12661367727368214
0.0
0.0
0.0
0.0
0.7514515360984837
0.44306448024843936
0.1813061708721602
0.0509879907682237
0.0
0.0
0.0
0.0
0.0
0.0
0.0
0.0
0.0
0.0
0.0
0.0
0.0
0.0006861896135790591
0.0
0.33237049003677543
0.0
0.0
0.0
0.0
0.6591609538811246
0.2736390996102983
0.09371351200620141
0.05191100090924653
0.00977199290853503
0.0
0.0
0.0
0.0
0.0
0.003238270007483896
0.09724744061200846
0.09143806793955822
0.12352367310134506
0.1493881367242464
0.19590669557826335
0.23210022824453858
0.3025369647536893
0.7089477778438249
0.7994723128457109
0.0
0.0
0.0
0.0
0.8479390607358827
0.5318892303170764
0.33067261486190663
0.42298667479181046
0.46611473709293777
0.2734747991093774
0.1990267254498885
0.18438106039220284
0.21184701788853805
0.357094470620168
0.40223371811997005
0.3699601355813324
0.27718763911071187
0.2612880599349663
0.25769445406395564
0.3117998699152616
0.32782856601665256
0.3918322829734741
0.7586881247426596
0.8350917526428476
0.0
0.0
0.0
0.0
0.828428235223053
0.5461783960969455
0.36559751984600486
0.4459416911847496
0.3575546703610852
0.16543334437317403
0.08388668785241667
0.057648740933858286
0.10567769544758775
0.23198187730116207
0.29089903074005863
0.2756325041166167
0.221688270729287
0.17695167413173132
0.18749337674179284
0.23935780746429877
0.2554770425821101
0.351566659457585
0.7335901795338305
0.8106485401487011
0.0
0.0
0.0
0.0
0.8625294800332147
0.6284077647396971
0.47203167853672423
0.5416672204491616
0.4588433174036578
0.176822518777595
0.09405158419618585
0.03701926683469841
0.01190575712258946
0.057474364127045485
0.04030359387772552
0.0
0.0
0.0
0.0
0.026498009504660143
0.09195639445770999
0.1918418650815249
0.6202440182801022
0.7905183677759443
0.0
0.0
0.0
0.0
0.8776645290597213
0.6900459242135785
0.4672625723667176
0.43315895246782476
0.336341674457802
0.14037575905945707
0.04371900813837403
0.0
0.0
0.0012333161113571448
0.0010973646847400283
0.0
0.0
0.0
0.0
0.0005700140631622057
0.06479223893860983
0.1598151159155023
0.5582999470811979
0.7670491259060498
0.0
0.0
0.0
0.0
0.8540961661726757
0.6482127810887849
0.4375597350048394
0.39001565981754654
0.2662586328177411
0.09425392648893134
0.0020647126798394983
0.0
0.0
0.0012253630470637185
0.0010237553255871082
0.0
0.0
0.0
0.0
0.08279780050303459
0.2007925959504429
0.3012827341757102
0.7092778730290763
0.8262184420735348
0.0
0.0
0.0
0.0
0.8565342337159078
0.5634139156793047
0.3690571322590564
0.45369306187674313
0.47189917681628285
0.269637879033556
0.18714224980489316
0.1544716668866978
0.1525446614756279
0.247034456342064
0.31034251330936014
0.2831108857486066
0.17154927560668734
0.1574166165713107
0.1750800273611054
0.30032266755571935
0.3547569989140467
0.4190719573332553
0.777192069195446
0.8556218701263443
0.0
0.0
0.0
0.0
0.892469443986863
0.6719414562029569
0.49199170092203476
0.55770907816145
0.5536099581046704
0.29783104495045304
0.1508941606191814
0.07309745739469334
0.04664093057491116
0.1383013172808741
0.17337400591680766
0.14362403191431844
0.05678054114097538
0.08948777663006342
0.16381888118930715
0.2835284038580015
0.35193106311215294
0.453385347651812
0.7999816905669588
0.8698965090710308
0.0
0.0
0.0
0.0
0.8903731726247623
0.655669000903929
0.4813581947906937
0.5270866047209172
0.5336845976781295
0.29315818153067535
0.1628984032622357
0.07889332235696238
0.05887633273730835
0.1450921342237937
0.22979701448524942
0.22279927197687935
0.1438722598746238
0.1438174090907039
0.18401696878605486
0.2901967254014492
0.3101710852853749
0.38114958882370087
0.7812307367030684
0.8156637472826644
0.0
0.0
0.0
0.0
0.8363978135838916
0.5595434694542807
0.3864572752411082
0.5119182434972177
0.4281465387411331
0.17628955381006972
0.07188140452510686
0.010923379936913474
0.0
0.011805154014268284
0.013931618738394654
0.0
0.0
0.0
0.0938294963316237
0.23862198798611323
0.2681670215176127
0.3468806787007081
0.7110851295360693
0.8360020032067726
0.0
0.0
0.0
0.0
0.8944722300355699
0.6812054356836809
0.5481791508032429
0.585255055084376
0.5637099037903965
0.3015817304584813
0.24071633914930826
0.23953013481677837
0.25078671705820016
0.3308574385966898
0.3183886389844039
0.2654264737635346
0.2340580826673584
0.21698654952355861
0.2381289526265991
0.31221766718071564
0.38543403038666685
0.481836429435092
0.8402273310170577
0.8709358144831935
0.0
0.0
0.0
0.0
0.9099319630157543
0.7098485437674332
0.48640223097815993
0.4209375043381019
0.26054946003998336
0.0708858658997366
0.0
0.0
0.0
0.001361274209754777
0.0
0.0
0.0
0.0
0.0
0.0005173106690708224
0.0
0.0
0.1303803791735062
0.5031951610049495
0.0
0.0
0.0
0.0
0.6437461311010162
0.21273989625963546
0.039896075186021424
0.014828000015671352
0.0
0.0018953735902032987
0.0
0.0
0.0
0.0009426967661430489
0.0
0.0
0.016777489537827206
0.05158926742895225
0.08709019532583753
0.15856698374289413
0.208656909175904
0.2835055009634647
0.6844050188061932
0.8039111553029019
0.0
0.0
0.0
0.0
0.8740725774427119
0.6727180041771057
0.4645611291143452
0.5123160038625348
0.510744083102581
0.2945616407411465
0.21073321279396906
0.19490379453010953
0.1925547957719915
0.24912334528229058
0.34814625559890894
0.36289509820724747
0.2723523328719787
0.272867791632311
0.30899186660407174
0.4018978143444001
0.45712192853381967
0.5352300622615628
0.8576771184759246
0.8741054967200916
0.0
0.0
0.0
0.0
0.8840505023032212
0.708399603581897
0.5060505056240359
0.5092342810893238
0.44984073591686635
0.19583367880310082
0.08725782654774147
0.004561754096351115
0.0
0.017519522453349333
0.028587935200476897
0.0
0.0
0.0
0.0012343551122886713
0.08131428061853145
0.13891966104579867
0.22128597882461973
0.6054831639845459
0.7795456611794631
0.0
0.0
0.0
0.0
0.8312146275634537
0.519077073806099
0.25099613038567636
0.1993209881146376
0.13888696038762585
0.0420245960367576
0.0
0.0
0.0
0.0012739073724411568
0.005205249944231538
0.0
0.0
0.0
0.011033149776161348
0.08614263332109758
0.16304237563848453
0.24984709853938064
0.6748796892318262
0.8177807817685369
0.0
0.0
0.0
0.0
0.8843967907817688
0.6621075567990782
0.48531189977825046
0.47753843984697675
0.33866067456232163
0.140982270952531
0.052050449660952645
0.001438955199300786
0.0
0.0007065319053991095
0.0
0.0
0.0
0.0
0.0
0.059385876168126905
0.1259688080331318
0.2184007401700949
0.6645164058646067
0.822222001794468
0.0
0.0
0.0
0.0
0.8109792108541883
0.4459835522375801
0.2631978671261241
0.2758496759291649
0.20843617212960983
0.06606644518639009
0.0010584292320711896
0.0
0.0
0.0015513180716846178
0.0
0.0
0.0
0.0
0.0
0.024895024408828806
0.05858847193116309
0.15351050378305958
0.5774723462424859
0.7184717686233453
0.0
0.0
0.0
0.0
0.7864649537500632
0.4041142835003625
0.1665014546624322
0.09985538769453353
0.016007045719299888
0.0
0.0
0.0
0.0
0.040041309247154655
0.07326572668726408
0.04202223708334286
0.008456617698477688
0.01991007628818622
0.05882187744535895
0.1387903991921263
0.1826526608450081
0.2531416123291253
0.6221413585390174
0.7821410195743019
0.0
0.0
0.0
0.0
0.8485665451222308
0.6193326341400397
0.35263303704182924
0.31664395465123973
0.23631948411024925
0.08899573405397462
0.0027600776675438354
0.0
0.0
0.0011449818713104537
0.0
0.0
0.0
0.0
0.0
0.0
0.02815362814182285
0.16382134858639802
0.5956446047117026
0.7744540368244593
0.0
0.0
0.0
0.0
0.8799088698006655
0.6292419937644697
0.2967497409931699
0.1694844438469259
0.08640929544309378
0.0
0.0
0.0
0.0
0.0
0.0
0.0
0.0
0.0
0.0
0.00038703196125691524
0.0451862541403461
0.16267923596964884
0.5579155434144574
0.745230971265445
0.0
0.0
0.0
0.0
0.8561802239619712
0.5668590311038341
0.2743274300324777
0.1739896077928804
0.022977918530429513
0.0
0.0
0.0
0.0
0.0
0.0
0.0
0.0
0.0
0.0034157449500421774
0.00813948703752408
0.02017387797076668
0.08673685254820292
0.43292038780547104
0.6332541537489342
0.0
0.0
0.0
0.0
0.8090285902994342
0.5178047147288111
0.2451896768778024
0.19570881693181846
0.11049317621154735
0.0518633705603708
0.0013270336846485467
0.0
0.0
0.0012831623439826258
0.0719724913255842
0.11196702884089862
0.01716444321695426
0.032130638607539036
0.08420954564613643
0.16369355786770276
0.20831931419511193
0.28565055964515346
0.716042359796156
0.8308837414008268
0.0
0.0
0.0
0.0
0.8755322049573939
0.6147254950745398
0.4211450496546945
0.4365038725557841
0.345914393132092
0.1536487567233574
0.07778359942434136
0.07887570054663019
0.09414383635563607
0.17055238041098827
0.227987190580929
0.2301613524255559
0.20364281647146162
0.15369466823724603
0.1592832905517347
0.2096616744831501
0.2260683774361796
0.2906282609678858
0.6654301834726846
0.8104966081875163
0.0
0.0
0.0
0.0
0.838374761983352
0.5102748492612958
0.34204302745584014
0.3908825903580627
0.2834258395625171
0.09681082796602597
0.02946642387588635
0.0
0.0
0.00138034382193854
0.0
0.0
0.0
0.0
0.0
0.021331615454236886
0.08913351048677387
0.1546273554006374
0.5179043885246384
0.6223299144834541
0.0
0.0
0.0
0.0
0.5621219329301987
0.16291231609014387
0.0021659954419688847
0.007816052189273535
0.02441211985797361
0.0
0.0
0.0
0.0
0.0013847922740353347
0.001263920968949377
0.0
0.0
0.0
0.0
0.0
0.0
0.0012243245991187524
0.10034376633993697
0.4347081430119836
0.0
0.0
0.0
0.0
0.7420309616819045
0.33532410858418554
0.1396133121360739
0.05935462054288911
0.0
0.0
0.0
0.0
0.0
0.0
0.0
0.0
0.0
0.0
0.0
0.0
0.0
0.001183378558963394
0.004953613234371404
0.5334282189803445
0.0
0.0
0.0
0.0
0.7546184725041603
0.3459869376782861
0.07206540749980635
0.010342541352441285
0.05217034341474317
0.044489070472074364
0.0
0.0
0.0
0.001258699352772815
0.0010631714229266428
0.0
0.0
0.0
0.0
0.0011095440056476595
0.06595202071414533
0.1706467330001539
0.5706403602823684
0.7814575509394305
0.0
0.0
0.0
0.0
0.8824021468164537
0.6274717945533604
0.36639250125476674
0.3422338655994559
0.2814019113204522
0.13536517731803072
0.049302849519736416
0.0
0.0
0.0011602877583780904
0.005897769686321699
0.0
0.0
0.0
0.0
0.03372629759589729
0.17522737979397918
0.2959141796892744
0.7383955611621577
0.826771323150607
0.0
0.0
0.0
0.0
0.8665429489890867
0.6204886943255918
0.3533274924298817
0.23952445072375309
0.062347710173451525
0.0
0.0
0.0
0.0
0.0
0.0
0.0
0.0
0.0
0.0
0.0
0.0
0.0
0.0
0.00555101030123661
0.0
0.0
0.0
0.0
0.3731502704355147
0.04446049409481116
0.0
0.0
0.0
0.0
0.0
0.0
0.0
0.0
0.0
0.0
0.0
0.0
0.0
0.0
0.0
0.0
0.0
0.005711930717412273
0.0
0.0
0.0
0.0
0.0051810112986218565
0.0
0.0
0.0
0.0
0.0
0.0
0.0
0.0
0.0
0.0
0.0
0.0
0.0
0.0
0.0
0.003348236211817706
0.0017813564086918974
0.27886527530188765
0.571538636481928
0.0
0.0
0.0
0.0
0.8267912918510198
0.497913414702392
0.266906138029719
0.30662137872659373
0.2419328854785581
0.08834855782219443
0.002668569964178542
0.0
0.0
0.0012357020214082688
0.0
0.0
0.0
0.0
0.0
0.045421930109908956
0.15244100996780707
0.2541268073798301
0.7256623155297537
0.8249917940228298
0.0
0.0
0.0
0.0
0.8635947975798187
0.6197837543853117
0.32388081611328057
0.2221147165294061
0.13352734189505636
0.012947675133492197
0.0
0.0
0.0
0.0010849890483668526
0.0
0.0
0.0
0.0
0.0
0.0014599226247905205
0.02757745870518756
0.11309466421648946
0.5134825931397902
0.7280049594219263
0.0
0.0
0.0
0.0
0.8477486734328464
0.5181225107864273
0.21601774107545554
0.08095114192446033
0.0
0.0
0.0
0.0
0.0
0.0
0.0
0.0
0.0
0.0
0.0
0.0
0.0
0.0
0.019378778530058066
0.4088383855391199
0.0
0.0
0.0
0.0
0.6013664471867598
0.20475127614425953
0.001901522377673451
0.0
0.0
0.0
0.0
0.0
0.0
0.0
0.0
0.0
0.0
0.0
0.0
0.0
0.0
0.0
0.10312874445698958
0.5266610993923398
0.0
0.0
0.0
0.0
0.7013631101634971
0.340732632495728
0.1440754979504024
0.14071336688290034
0.14065704931551917
0.04358440884558833
0.0
0.0
0.0
0.001039580462171707
0.0010666142406587254
0.0
0.0
0.0
0.0
0.000480505190774641
0.0
0.139033380248808
0.5843692696942093
0.7812928762601554
0.0
0.0
0.0
0.0
0.8454930846846055
0.5855917100120552
0.2942944857804311
0.16471914174280508
0.006988849935346949
0.0
0.0
0.0
0.0
0.0
0.0
0.0
0.0
0.0
0.0
0.0006741099726375475
0.0
0.0012257683385268488
0.18986822773730883
0.4791324632579853
0.0
0.0
0.0
0.0
0.39306865220389414
0.008887809317057918
0.0
0.0
0.0
0.0
0.0
0.0
0.0
0.0
0.0
0.0
0.0
0.0
0.0
0.0
0.0
0.0
0.0
0.0
0.0
0.0
0.0
0.0
0.006060939062865291
0.0
0.0
0.0
0.0
0.0
0.0
0.0
0.0
0.0
0.0
0.0
0.0
0.0
0.0
0.0
0.0
0.0
0.0
0.0
0.0
0.0
0.0
0.0
0.0037912668273221667
0.0
0.0
0.0
0.0
0.0
0.0
0.0
0.0
0.0
0.0
0.0
0.0
0.0
0.0
0.0
0.0
0.0
0.0
0.007081135426573285
0.0
0.0
0.0
0.0
0.006308827303796333
0.0
0.0
0.0
0.0
0.0
0.0
0.0
0.0
0.0
0.0
0.0
0.0
0.0
0.0
0.0
0.0
0.0
0.0
0.006866078131925377
0.0
0.0
0.0
0.0
0.3639994224011026
0.0
0.0
0.0
0.0
0.0
0.0
0.0
0.0
0.0009317616849210354
0.03380994107842164
0.13897494768031052
0.10847816529656432
0.13398047624302736
0.16921200232605832
0.22012295262397805
0.2396295220784054
0.3218324916972761
0.7096670009529343
0.8040360483659185
0.0
0.0
0.0
0.0
0.8639490431476538
0.5841623212687264
0.3200460326420892
0.2962912293481198
0.2519307831727585
0.11654527562867825
0.03493613732040711
0.0
0.0
0.025666123681962433
0.07377141298023294
0.041296879633902536
0.0
0.0
0.01662913679990061
0.07382601385775907
0.1123993937704724
0.23605740447537074
0.5986690058092768
0.7412148735953542
0.0
0.0
0.0
0.0
0.7577963710468073
0.35883374628919296
0.1093867858219428
0.012631071361252872
0.0
0.0
0.0
0.0
0.0
0.0
0.0
0.0
0.0
0.0
0.0
0.0
0.0
0.0
0.0
0.0048941214066253085
0.0
0.0
0.0
0.0
0.42975060294438144
0.05226281648592182
0.0
0.0
0.0
0.0
0.0
0.0
0.0
0.0
0.0
0.0
0.0
0.0
0.0
0.0
0.0
0.0
0.0
0.00479326142357078
0.0
0.0
0.0
0.0
0.6971113435179016
0.2435055570323674
0.021163144915519204
0.0
0.0
0.0
0.0
0.0
0.0
0.0
0.0
0.0
0.0
0.0
0.0
0.0
0.0
0.0
0.007100592260386591
0.3690363004030415
0.0
0.0
0.0
0.0
0.6859866395878597
0.32422789299287785
0.10877780060233651
0.06321415313913424
0.006205907585005519
0.0
0.0
0.0
0.0
0.0
0.0
0.0
0.0
0.0
0.0
0.0
0.0
0.011792075843160098
0.35905728783324603
0.6109383227301205
0.0
0.0
0.0
0.0
0.7432468863885094
0.3101890232751142
0.06103637541179336
0.009539298271031855
0.0
0.0
0.0
0.0
0.0
0.0
0.0
0.0
0.0
0.0
0.0
0.0
0.0
0.0007695178486093936
0.24721184214100875
0.5984431611177721
0.0
0.0
0.0
0.0
0.752454382626453
0.34186580480276996
0.08160735336447986
0.008257581665307216
0.0
0.0
0.0
0.0
0.0
0.0
0.0
0.0
0.0
0.0
0.0
0.00044750042414568167
0.0
0.04752488874421051
0.38530241380915636
0.5984167144629848
0.0
0.0
0.0
0.0
0.7091035090346491
0.3193656045328309
0.12794463672426987
0.15995893137088812
0.13393408261635084
0.06595307244431922
0.0
0.0
0.0
0.08538688313517817
0.1628560309677446
0.12861808792672083
0.01746442500002569
0.0
0.0
0.06530817764036528
0.1194971392481138
0.21240821800285573
0.6294651966952628
0.7760451273768644
0.0
0.0
0.0
0.0
0.8246331669661604
0.49076736722225534
0.2758272606575824
0.2858330603882372
0.0785990800085239
0.0
0.0
0.0
0.0
0.0
0.0
0.0
0.0
0.0
0.0
0.0
0.0
0.0008404378889151023
0.2006405836858366
0.6332020505017759
0.0
0.0
0.0
0.0
0.7738942347628599
0.4039052401343199
0.08558855438150739
0.0
0.0
0.0
0.0
0.0
0.0
0.0
0.0
0.0
0.0
0.0
0.0
0.0
0.0
0.0012025423611166685
0.0
0.05915443092410311
0.0
0.0
0.0
0.0
0.41713102852927686
0.025696418422998458
0.0
0.0
0.0
0.0
0.0
0.0
0.0
0.0014037385611159814
0.0
0.0
0.0
0.0
0.0
0.0
0.0
0.0
0.0
0.007505606692197329
0.0
0.0
0.0
0.0
0.10537146447287662
0.0
0.0
0.0
0.0
0.0
0.0
0.0
0.0
0.0
0.0
0.0
0.0
0.0
0.0
0.0
0.0
0.0
0.0
0.00702121573647483
0.0
0.0
0.0
0.0
0.27486221340401606
0.0
0.0
0.0
0.0
0.0
0.0
0.0
0.0
0.0
0.0
0.0
0.0
0.0
0.0
0.0
0.0
0.0
0.0
0.006158477180290067
0.0
0.0
0.0
0.0
0.47253103331606455
0.12244801981313144
0.0
0.0
0.0
0.0
0.0
0.0
0.0
0.0
0.0
0.0
0.0
0.0
0.0
0.0
0.0
0.0
0.0
0.004884592336956953
0.0
0.0
0.0
0.0
0.011456926679279784
0.0
0.0
0.0
0.0
0.0
0.0
0.0
0.0
0.0
0.0
0.0
0.0
0.0
0.0
0.0
0.0
0.0
0.0
0.004910395236999004
0.0
0.0
0.0
0.0
0.26988511027591505
0.0
0.0
0.0
0.0
0.0
0.0
0.0
0.0
0.0
0.0
0.0
0.0
0.0
0.0
0.0
0.0
0.0
0.03218632075003623
0.5383566335691746
0.0
0.0
0.0
0.0
0.5525328026722047
0.16211524598227012
0.0
0.0
0.0
0.0
0.0
0.0
0.0
0.0
0.0
0.0
0.0
0.0
0.0
0.0
0.0
0.0009736033443102622
0.0049599240989753384
0.1335217218147358
0.0
0.0
0.0
0.0
0.5207338476861093
0.09349572189278577
0.0
0.0
0.0
0.0
0.0
0.0
0.0
0.0
0.0
0.0
0.0
0.0
0.0
0.0
0.0
0.0
0.0
0.010019078681991306
0.0
0.0
0.0
0.0
0.1620718187955277
0.0
0.0
0.0
0.0
0.0
0.0
0.0
0.0
0.0
0.0
0.0
0.0
0.0
0.0
0.0
0.0
0.0
0.0
0.0
0.0
0.0
0.0
0.0
0.032419477486562924
0.0
0.0
0.0
0.0
0.0
0.0
0.0
0.0
0.0
0.0
0.0
0.0
0.0
0.0
0.0
0.0
0.0
0.0
0.0
0.0
0.0
0.0
0.0
0.013189496874903672
0.0
0.0
0.0
0.0
0.0
0.0
0.0
0.0
0.0
0.0
0.0
0.0
0.0
0.0
0.0
0.0
0.0
0.0
0.0
0.0
0.0
0.0
0.0
0.0
0.0
0.0
0.0
0.0
0.0
0.0
0.0
0.0
0.0
0.0
0.0
0.0
0.0
0.0
0.0
0.0
0.0
0.0
0.0
0.0
0.0
0.0
0.0
0.005900702736294633
0.0
0.0
0.0
0.0
0.0
0.0
0.0
0.0
0.0
0.0
0.0
0.0
0.0
0.0
0.0
0.0
0.0
0.0
0.0037615317887967886
0.0
0.0
0.0
0.0
0.011792511896889625
0.0
0.0
0.0
0.0
0.0
0.0
0.0
0.0
0.0
0.0
0.0
0.0
0.0
0.0
0.0
0.0
0.0
0.0
0.0
0.0
0.0
0.0
0.0
0.0
0.0
0.0
0.0
0.0
0.0
0.0
0.0
0.0
0.0
0.0
0.0
0.0
0.0
0.0
0.0
0.0
0.0
0.0
0.004818798331118667
0.0
0.0
0.0
0.0
0.007184335443983871
0.0
0.0
0.0
0.0
0.0
0.0
0.0
0.0
0.0
0.0
0.0
0.0
0.0
0.0
0.0
0.0
0.00109406952891094
0.0
0.24378231777090653
0.0
0.0
0.0
0.0
0.6383824749936048
0.20640898661249565
0.0
0.0
0.0
0.0
0.0
0.0
0.0
0.0
0.0
0.0
0.0
0.0
0.0
0.0
0.0
0.0
0.0051010808822779885
0.007731755990168108
0.0
0.0
0.0
0.0
0.48359890353368606
0.02777227337923854
0.0
0.0
0.0
0.0
0.0
0.0
0.0
0.0
0.0
0.0
0.0
0.0
0.0
0.0
0.0
0.0
0.0
0.0
0.0
0.0
0.0
0.0
0.012605206494909588
0.0
0.0
0.0
0.0
0.0
0.0
0.0
0.0
0.0
0.0
0.0
0.0
0.0
0.0
0.0
0.0
0.0
0.0
0.0
0.0
0.0
0.0
0.0
0.025857503507479562
0.0
0.0
0.0
0.0
0.0
0.0
0.0
0.0
0.0
0.0
0.0
0.0
0.0
0.0
0.0
0.0
0.0
0.005162516065158637
0.3371245127517793
0.0
0.0
0.0
0.0
0.6500731753518748
0.24213488004578373
0.010541019809011858
0.0
0.0
0.0
0.0
0.0
0.0
0.0
0.0
0.0
0.0
0.0
0.0
0.0
0.0
0.0
0.005917734900837831
0.03199100856502595
0.0
0.0
0.0
0.0
0.45592454834827995
0.024363391521368474
0.0
0.0
0.0
0.0
0.0
0.0
0.0
0.0
0.0
0.0
0.0
0.0
0.0
0.0
0.0
0.0
0.0
0.006079318092126689
0.0
0.0
0.0
0.0
0.01774090065360444
0.0
0.0
0.0
0.0
0.0
0.0
0.0
0.0
0.0
0.0
0.0
0.0
0.0
0.0
0.0
0.0
0.0
0.006019338903002895
0.3015882708227066
0.0
0.0
0.0
0.0
0.6644470873889387
0.3151975179646542
0.0572148536571577
0.0
0.0
0.0
0.0
0.0
0.0
0.0
0.0
0.0
0.0
0.0
0.0
0.0
0.0
0.0
0.0
0.0056212535927287295
0.0
0.0
0.0
0.0
0.14524224315426004
0.0
0.0
0.0
0.0
0.0
0.0
0.0
0.0
0.0
0.0
0.0
0.0
0.0
0.0
0.0
0.0
0.0
0.0
0.0
0.0
0.0
0.0
0.0
0.006176383807553971
0.0
0.0
0.0
0.0
0.0
0.0
0.0
0.0
0.0
0.0
0.0
0.0
0.0
0.0
0.0
0.0
0.0
0.0
0.0
0.0
0.0
0.0
0.0
0.0
0.0
0.0
0.0
0.0
0.0
0.0
0.0
0.0
0.0
0.0
0.0
0.0
0.0
0.0
0.0
0.0
0.0
0.0
0.0
0.0
0.0
0.0
0.0
0.0
0.0
0.0
0.0
0.0
0.0
0.0
0.0
0.0
0.0
0.0
0.0
0.0
0.0
0.0
0.0
0.0
0.0
0.0
0.0
0.0
0.0
0.0
0.0
0.0
0.0
0.0
0.0
0.0
0.0
0.0
0.0
0.0
0.0
0.0
0.0
0.0
0.0
0.0
0.0
0.0
0.0
0.0
0.0
0.0
0.0
0.0
0.0
0.007354002208689739
0.0
0.0
0.0
0.0
0.0
0.0
0.0
0.0
0.0
0.0
0.0
0.0
0.0
0.0
0.0
0.0
0.0
0.0
0.006636484538163993
0.0
0.0
0.0
0.0
0.06224785233622282
0.0
0.0
0.0
0.0
0.0
0.0
0.0
0.0
0.0
0.0
0.0
0.0
0.0
0.0
0.0
0.0
0.0
0.005943032527709359
0.1000368169752291
0.0
0.0
0.0
0.0
0.3156685070514451
0.0
0.0
0.0
0.0
0.0
0.0
0.0
0.0
0.0
0.0
0.0
0.0
0.0
0.0
0.0
0.0
0.0
0.0
0.0
0.0
0.0
0.0
0.0
0.004975922461054706
0.0
0.0
0.0
0.0
0.0
0.0
0.0
0.0
0.0
0.0
0.0
0.0
0.0
0.0
0.0
0.0
0.0
0.0
0.0
0.0
0.0
0.0
0.0
0.016812430502883047
0.0
0.0
0.0
0.0
0.0
0.0
0.0
0.0
0.0
0.0
0.0
0.0
0.0
0.0
0.0
0.0
0.0
0.0
0.006083683463530131
0.0
0.0
0.0
0.0
0.5159380784190741
0.12485383268134749
0.0
0.0
0.0
0.0
0.0
0.0
0.0
0.0
0.0
0.0
0.0
0.0
0.0
0.0
0.0
0.0
0.0
0.0
0.0
0.0
0.0
0.0
0.005297447614769696
0.0
0.0
0.0
0.0
0.0
0.0
0.0
0.0
0.0
0.0
0.0
0.0
0.0
0.0
0.0
0.0
0.0
0.0
0.0
0.0
0.0
0.0
0.0
0.012920880583455481
0.0
0.0
0.0
0.0
0.0
0.0
0.0
0.0
0.0
0.0
0.0
0.0
0.0
0.0
0.0
0.0
0.0
0.0
0.0
0.0
0.0
0.0
0.0
0.0
0.0
0.0
0.0
0.0
0.0
0.0
0.0
0.0
0.0
0.0
0.0
0.0
0.0
0.0
0.0
0.0
0.0
0.0
0.0
0.0
0.0
0.0
0.0
0.006348152459770472
0.0
0.0
0.0
0.0
0.0
0.0
0.0
0.0
0.0
0.0
0.0
0.0
0.0
0.0
0.0
0.0
0.0
0.0
0.0038271360913871206
0.0
0.0
0.0
0.0
0.01131034067796671
0.0
0.0
0.0
0.0
0.0
0.0
0.0
0.0
0.0
0.0
0.0
0.0
0.0
0.0
0.0
0.0
0.0
0.0
0.0
0.0
0.0
0.0
0.0
0.0
0.0
0.0
0.0
0.0
0.0
0.0
0.0
0.0
0.0
0.0
0.0
0.0
0.0
0.0
0.0
0.0
0.0
0.0
0.0
0.0
0.0
0.0
0.0
0.0
0.0
0.0
0.0
0.0
0.0
0.0
0.0
0.0
0.0
0.0
0.0
0.0
0.0
0.0
0.0
0.0
0.0
0.0
0.0
0.0
0.0
0.0
0.0
0.0
0.0
0.0
0.0
0.0
0.0
0.0
0.0
0.0
0.0
0.0
0.0
0.0
0.0
0.0
0.0
0.0
0.0
0.0
0.0
0.0
0.0
0.0
0.0
0.0
0.0
0.0
0.0
0.0
0.0
0.0
0.0
0.0
0.0
0.0
0.0
0.0
0.0
0.0
0.0
0.0
0.0
0.0
0.006076272663278752
0.0
0.0
0.0
0.0
0.011285770987119515
0.0
0.0
0.0
0.0
0.0
0.0
0.0
0.0
0.0
0.0
0.0
0.0
0.0
0.0
0.0
0.0
0.0
0.0
0.0
0.0
0.0
0.0
0.0
0.005550436057885021
0.0
0.0
0.0
0.0
0.0
0.0
0.0
0.0
0.0
0.0
0.0
0.0
0.0
0.0
0.0
0.0
0.0
0.0
0.0
0.0
0.0
0.0
0.0
0.004465933088216983
0.0
0.0
0.0
0.0
0.0
0.0
0.0
0.0
0.0
0.0
0.0
0.0
0.0
0.0
0.0
0.0
0.0
0.0
0.0
0.0
0.0
0.0
0.0
0.0
0.0
0.0
0.0
0.0
0.0
0.0
0.0
0.0
0.0
0.0
0.0
0.0
0.0
0.0
0.0
0.0
0.0
0.0
0.0
0.0
0.0
0.0
0.0
0.00536661540223028
0.0
0.0
0.0
0.0
0.0
0.0
0.0
0.0
0.0
0.0
0.0
0.0
0.0
0.0
0.0
0.0
0.0
0.0
0.0
0.0
0.0
0.0
0.0
0.00225121473709466
0.0
0.0
0.0
0.0
0.0
0.0
0.0
0.0
0.0
0.0
0.0
0.0
0.0
0.0
0.0
0.0
0.0
0.0
0.0
0.0
0.0
0.0
0.0
0.0
0.0
0.0
0.0
0.0
0.0
0.0
0.0
0.0
0.0
0.0
0.0
0.0
0.0
0.0
0.0
0.0
0.0
0.0
0.0
0.0
0.0
0.0
0.0
0.0062049686002725
0.0
0.0
0.0
0.0
0.0
0.0
0.0
0.0
0.0
0.0
0.0
0.0
0.0
0.0
0.0
0.0
0.0
0.0
0.0
0.0
0.0
0.0
0.0
0.015922325676036513
0.0
0.0
0.0
0.0
0.0
0.0
0.0
0.0
0.0
0.0
0.0
0.0
0.0
0.0
0.0
0.0
0.0
0.003957632852581861
0.09732093009258054
0.0
0.0
0.0
0.0
0.5367091545292554
0.17789706906986627
0.0
0.0
0.0
0.0
0.0
0.0
0.0
0.0
0.0
0.0
0.0
0.0
0.0
0.0
0.0
0.0
0.0
0.016109354507371377
0.0
0.0
0.0
0.0
0.39128787146045035
0.03303152985657162
0.0
0.0
0.0
0.0
0.0
0.0
0.0
0.0
0.0
0.0
0.0
0.0
0.0
0.0
0.0
0.0
0.0
0.0
0.0
0.0
0.0
0.0
0.009968132129487247
0.0
0.0
0.0
0.0
0.0
0.0
0.0
0.0
0.0
0.0
0.0
0.0
0.0
0.0
0.0
0.0
0.0
0.0
0.0
0.0
0.0
0.0
0.0
0.0
0.0
0.0
0.0
0.0
0.0
0.0
0.0
0.0
0.0
0.0
0.0
0.0
0.0
0.0
0.0
0.0
0.0
0.0
0.0
0.0
0.0
0.0
0.0
0.0
0.0
0.0
0.0
0.0
0.0
0.0
0.0
0.0
0.0
0.0
0.0
0.0
0.0
0.0
0.0
0.0
0.0
0.0
0.0
0.0
0.0
0.0
0.0
0.0
0.0
0.0
0.0
0.0
0.0
0.0
0.0
0.0
0.0
0.0
0.0
0.0
0.0
0.0
0.0
0.0
0.0
0.0
0.0
0.0
0.0
0.0
0.0
0.0
0.0
0.0
0.0
0.0
0.0
0.0
0.0
0.0
0.0
0.0
0.0
0.0
0.0
0.0
0.0
0.0
0.0
0.0
0.0
0.0
0.0
0.0
0.0
0.012750589589406367
0.0
0.0
0.0
0.0
0.0
0.0
0.0
0.0
0.0
0.0
0.0
0.0
0.0
0.0
0.0
0.0
0.0
0.0
0.0
0.0
0.0
0.0
0.0
0.017347787680949977
0.0
0.0
0.0
0.0
0.0
0.0
0.0
0.0
0.0
0.0
0.0
0.0
0.0
0.0
0.0
0.0
0.0
0.0
0.005634891505038113
0.0
0.0
0.0
0.0
0.0140519938217391
0.0
0.0
0.0
0.0
0.0
0.0
0.0
0.0
0.0
0.0
0.0
0.0
0.0
0.0
0.0
0.0
0.0
0.0
0.0
0.0
0.0
0.0
0.0
0.013202999399302381
0.0
0.0
0.0
0.0
0.0
0.0
0.0
0.0
0.0
0.0
0.0
0.0
0.0
0.0
0.0
0.0
0.0
0.0
0.0
0.0
0.0
0.0
0.0
0.0
0.0
0.0
0.0
0.0
0.0
0.0
0.0
0.0
0.0
0.0
0.0
0.0
0.0
0.0
0.0
0.0
0.0
0.0
0.0
0.0
0.0
0.0
0.0
0.0
0.0
0.0
0.0
0.0
0.0
0.0
0.0
0.0
0.0
0.0
0.0
0.0
0.0
0.0
0.0
0.0
0.0
0.0
0.0
0.0
0.0
0.0
0.0
0.0
0.0
0.0
0.0
0.0
0.0
0.0
0.0
0.0
0.0
0.0
0.0
0.0
0.0
0.0
0.0
0.0
0.0
0.0
0.0
0.0
0.0
0.0
0.0
0.0
0.0
0.0
0.0
0.0
0.0
0.0
0.0
0.0
0.0
0.0
0.0
0.0
0.0
0.0
0.0
0.0
0.0
0.0
0.0
0.0
0.0
0.0
0.0
0.0
0.0
0.0
0.0
0.0
0.0
0.0
0.0
0.0
0.0
0.0
0.0
0.0
0.0
0.0
0.0
0.0
0.0
0.0
0.0
0.0
0.0
0.0
0.0
0.0
0.0
0.0
0.0
0.0
0.0
0.0
0.0
0.0
0.0
0.0
0.0
0.0
0.0
0.0
0.0
0.0
0.0
0.0
0.0
0.0
0.0
0.0
0.0
0.00994192286007036
0.0
0.0
0.0
0.0
0.0
0.0
0.0
0.0
0.0
0.0
0.0
0.0
0.0
0.0
0.0
0.0
0.0
0.0
0.0
0.0
0.0
0.0
0.0
0.0
0.0
0.0
0.0
0.0
0.0
0.0
0.0
0.0
0.0
0.0
0.0
0.0
0.0
0.0
0.0
0.0
0.0
0.0
0.0
0.0
0.0
0.0
0.0
0.0
0.0
0.0
0.0
0.0
0.0
0.0
0.0
0.0
0.0
0.0
0.0
0.0
0.0
0.0
0.0
0.0
0.0
0.0
0.0
0.0
0.0
0.0
0.0
0.0
0.0
0.0
0.0
0.0
0.0
0.0
0.0
0.0
0.0
0.0
0.0
0.0
0.0
0.0
0.0
0.0
0.0
0.0
0.0
0.0
0.0
0.0
0.0
0.009393988649665246
0.0
0.0
0.0
0.0
0.0
0.0
0.0
0.0
0.0
0.0
0.0
0.0
0.0
0.0
0.0
0.0
0.0
0.0
0.0
0.0
0.0
0.0
0.0
0.010128204008370677
0.0
0.0
0.0
0.0
0.0
0.0
0.0
0.0
0.0
0.0
0.0
0.0
0.0
0.0
0.0
0.0
0.0
0.0
0.00399234523835979
0.0
0.0
0.0
0.0
0.02630070428695522
0.0
0.0
0.0
0.0
0.0
0.0
0.0
0.0
0.0
0.0
0.0
0.0
0.0
0.0
0.0
0.0
0.0
0.0
0.005985054296986201
0.0
0.0
0.0
0.0
0.17838869847323097
0.0
0.0
0.0
0.0
0.0
0.0
0.0
0.0
0.0
0.0
0.0
0.0
0.0
0.0
0.0
0.0
0.0
0.0
0.0
0.0
0.0
0.0
0.0
0.0
0.0
0.0
0.0
0.0
0.0
0.0
0.0
0.0
0.0
0.0
0.0
0.0
0.0
0.0
0.0
0.0
0.0
0.0
0.0
0.0
0.0
0.0
0.0
0.0
0.0
0.0
0.0
0.0
0.0
0.0
0.0
0.0
0.0
0.0
0.0
0.0
0.0
0.0
0.0
0.0
0.0
0.0
0.0
0.0
0.0
0.0
0.0
0.0
0.0
0.0
0.0
0.0
0.0
0.0
0.0
0.0
0.0
0.0
0.0
0.0
0.0
0.0
0.0
0.0
0.0
0.0
0.0
0.0
0.0
0.0
0.0
0.0
0.0
0.0
0.0
0.0
0.0
0.0
0.0
0.0
0.0
0.0
0.0
0.0
0.0
0.0
0.0
0.0
0.0
0.0
0.0
0.0
0.0
0.0
0.0
0.0
0.0
0.0
0.0
0.0
0.0
0.0
0.0
0.0
0.0
0.0
0.0
0.0
0.0
0.0
0.0
0.0
0.0
0.0
0.0
0.0
0.0
0.0
0.0
0.005154322489131292
0.0
0.0
0.0
0.0
0.0
0.0
0.0
0.0
0.0
0.0
0.0
0.0
0.0
0.0
0.0
0.0
0.0
0.0
0.0
0.0
0.0
0.0
0.0
0.3204467501380328
0.0
0.0
0.0
0.0
0.0
0.0
0.0
0.0
0.0
0.0
0.0
0.0
0.0
0.0
0.0
0.0
0.0
0.0
0.0
0.0
0.0
0.0
0.0
0.0
0.0
0.0
0.0
0.0
0.0
0.0
0.0
0.0
0.0
0.0
0.0
0.0
0.0
0.0
0.0
0.0
0.0
0.0
0.0
0.0
0.0
0.0
0.0
0.0
0.0
0.0
0.0
0.0
0.0
0.0
0.0
0.0
0.0
0.0
0.0
0.0
0.0
0.0
0.0
0.0
0.0
0.0
0.021772543706640873
0.0
0.0
0.0
0.0
0.5903733699657748
0.24795522001911022
0.0204861113308486
0.0
0.0
0.0
0.0
0.0
0.0
0.0
0.0
0.0
0.0
0.0
0.0
0.0
0.0
0.0007595539254767067
0.006851832025475808
0.3661756315734219
0.0
0.0
0.0
0.0
0.4676626766635811
0.09115949302818559
0.0
0.0
0.0
0.0
0.0
0.0
0.0
0.0
0.0
0.0
0.0
0.0
0.0
0.0
0.0
0.0
0.0
0.004735610895307702
0.0
0.0
0.0
0.0
0.010666725948097791
0.0
0.0
0.0
0.0
0.0
0.0
0.0
0.0
0.0
0.0
0.0
0.0
0.0
0.0
0.0
0.0
0.0
0.0
0.005408644699225537
0.0
0.0
0.0
0.0
0.005233387410186
0.0
0.0
0.0
0.0
0.0
0.0
0.0
0.0
0.0
0.0
0.0
0.0
0.0
0.0
0.0
0.0
0.0
0.0
0.0
0.0
0.0
0.0
0.0
0.010119110434739648
0.0
0.0
0.0
0.0
0.0
0.0
0.0
0.0
0.0
0.0
0.0
0.0
0.0
0.0
0.0
0.0
0.0
0.0
0.0
0.0
0.0
0.0
0.0
0.0023564554477959296
0.0
0.0
0.0
0.0
0.0
0.0
0.0
0.0
0.0
0.0
0.0
0.0
0.0
0.0
0.0
0.0
0.0
0.009960231655050052
0.014837478973149788
0.0
0.0
0.0
0.0
0.5953189609677686
0.2215404689340113
0.0034917517052417677
0.0
0.0
0.0
0.0
0.0
0.0
0.0
0.0
0.0
0.0
0.0
0.0
0.0
0.0
0.0
0.0
0.006084025473258369
0.0
0.0
0.0
0.0
0.15950530849881445
0.0
0.0
0.0
0.0
0.0
0.0
0.0
0.0
0.0
0.0
0.0
0.0
0.0
0.0
0.0
0.0
0.0
0.0
0.005268311489715051
0.0
0.0
0.0
0.0
0.41382653658416524
0.08818171863726264
0.0
0.0
0.0
0.0
0.0
0.0
0.0
0.0
0.0
0.0
0.0
0.0
0.0
0.0
0.0
0.0
0.0
0.0
0.0
0.0
0.0
0.0
0.010637653230947283
0.0
0.0
0.0
0.0
0.0
0.0
0.0
0.0
0.0
0.0
0.0
0.0
0.0
0.0
0.0
0.0
0.0
0.0
0.005655773683181466
0.0
0.0
0.0
0.0
0.10328516715399613
0.0
0.0
0.0
0.0
0.0
0.0
0.0
0.0
0.0
0.0
0.0
0.0
0.0
0.0
0.0
0.0
0.0034652471356329496
0.005035292494387115
0.16923837857617524
0.0
0.0
0.0
0.0
0.3238119957873674
0.0
0.0
0.0
0.0
0.0
0.0
0.0
0.0
0.0
0.0
0.0
0.0
0.0
0.0
0.0
0.0
0.0
0.0
0.00528752904309387
0.0
0.0
0.0
0.0
0.22927975195511813
0.0
0.0
0.0
0.0
0.0
0.0
0.0
0.0
0.0
0.0
0.0
0.0
0.0
0.0
0.0
0.0
0.0
0.0
0.00651030860418509
0.0
0.0
0.0
0.0
0.5220425775833382
0.1812910393667952
0.00782840604243718
0.0
0.0
0.0
0.0
0.0
0.0
0.0
0.0
0.0
0.0
0.0
0.0
0.0
0.0
0.008159088573146595
0.26626129883290406
0.5754733566361814
0.0
0.0
0.0
0.0
0.7050779658537499
0.37010494478912526
0.1397112247068696
0.027864176558215648
0.0
0.0
0.0
0.0
0.0
0.0
0.0
0.0
0.0
0.0
0.0
0.0
0.0
0.0
0.00518514527444812
0.009233123019989626
0.0
0.0
0.0
0.0
0.18899625813599316
0.0
0.0
0.0
0.0
0.0
0.0
0.0
0.0
0.0
0.0
0.0
0.0
0.0
0.0
0.0
0.0
0.0
0.0
0.003919531786070664
0.0
0.0
0.0
0.0
0.01281392177326026
0.0
0.0
0.0
0.0
0.0
0.0
0.0
0.0
0.0
0.0
0.0
0.0
0.0
0.0
0.0
0.0
0.0
0.0
0.0
0.0
0.0
0.0
0.0
0.005662550077229511
0.0
0.0
0.0
0.0
0.0
0.0
0.0
0.0
0.0
0.0
0.0
0.0
0.0
0.0
0.0
0.0
0.0028416094855742372
0.2026364219597335
0.5464482294704012
0.0
0.0
0.0
0.0
0.7697666298316671
0.3863547725170248
0.18141204963936017
0.07173014830920815
0.0
0.0
0.0
0.0
0.0
0.0
0.0
0.0
0.0
0.0
0.0
0.0
0.0
0.0
0.0
0.015876910496406754
0.0
0.0
0.0
0.0
0.5317032791014076
0.18651573290484472
0.004589254216768876
0.0
0.0
0.0
0.0
0.0
0.0
0.0
0.0
0.0
0.0
0.0
0.0
0.0
0.0
0.0
0.0
0.0058893970900771465
0.0
0.0
0.0
0.0
0.3432963317382368
0.0494609479678859
0.0
0.0
0.0
0.0
0.0
0.0
0.0
0.0
0.0
0.0
0.0
0.0
0.0
0.0
0.0
0.0
0.0
0.004572596509971013
0.0
0.0
0.0
0.0
0.32408314817724776
0.06581201960779787
0.0
0.0
0.0
0.0
0.0
0.0
0.0
0.0
0.0
0.0
0.0
0.0
0.0
0.0
0.0
0.0
0.0
0.0
0.0
0.0
0.0
0.0
0.00994114544314843
0.0
0.0
0.0
0.0
0.0
0.0
0.0
0.0
0.0
0.0
0.0
0.0
0.0
0.0
0.0
0.0
0.0
0.0
0.0063014526593320914
0.0
0.0
0.0
0.0
0.004093169888340983
0.0
0.0
0.0
0.0
0.0
0.0
0.0
0.0
0.0
0.0
0.0
0.0
0.0
0.0
0.0
0.0
0.0
0.0
0.0
0.0
0.0
0.0
0.0
0.0
0.0
0.0
0.0
0.0
0.0
0.0
0.0
0.0
0.0
0.0
0.0
0.0
0.0
0.0
0.0
0.0
0.0
0.0
0.004781090780448057
0.0
0.0
0.0
0.0
0.2973793167246814
0.0
0.0
0.0
0.0
0.0
0.0
0.0
0.0
0.0
0.0
0.0
0.0
0.0
0.0
0.0
0.0
0.0
0.0057421640361617786
0.007694760446482219
0.0
0.0
0.0
0.0
0.4233830751139044
0.06628936486465262
0.0
0.0
0.0
0.0
0.0
0.0
0.0
0.0
0.0
0.0
0.0
0.0
0.0
0.0
0.0
0.0
0.0051910217037498905
0.00814288238901038
0.0
0.0
0.0
0.0
0.38518939946962016
0.06015183708314349
0.0
0.0
0.0
0.0
0.0
0.0
0.0
0.0
0.0
0.0
0.0
0.0
0.0
0.0
0.0
0.0
0.0
0.005371707219448486
0.0
0.0
0.0
0.0
0.01622807453505058
0.0
0.0
0.0
0.0
0.0
0.0
0.0
0.0
0.0
0.0
0.0
0.0
0.0
0.0
0.0
0.0009926701869656797
0.0011881765070595812
0.0
0.45849588366870914
0.0
0.0
0.0
0.0
0.7425944128621695
0.38934940715864097
0.12717065533394994
0.0458092469736407
0.0
0.0
0.0
0.0
0.0
0.0
0.0
0.0
0.0
0.0
0.0
0.0006855790524161811
0.030225150886627597
0.17510324017416365
0.5805526175475105
0.7306808547068582
0.0
0.0
0.0
0.0
0.8321928054183029
0.5273375019132082
0.2889050600385932
0.15985585411822417
0.0
0.0
0.0
0.0
0.0
0.0
0.0
0.0
0.0
0.0
0.0
0.0
0.0
0.0010842940901339827
0.005292649058465907
0.32276893728528233
0.0
0.0
0.0
0.0
0.5307849097339701
0.06770505950420813
0.0
0.0
0.0
0.0
0.0
0.0
0.0
0.0
0.0
0.0
0.0
0.0
0.0
0.0
0.0
0.0
0.0
0.2481597408735054
0.0
0.0
0.0
0.0
0.3658360568392343
0.0
0.0
0.0
0.0
0.0
0.0
0.0
0.0
0.0
0.0
0.0
0.0
0.0
0.0
0.0
0.0
0.0011436083301948111
0.0
0.3444555741611477
0.0
0.0
0.0
0.0
0.22338499190763175
0.0
0.0
0.0
0.0
0.0
0.0
0.0
0.0
0.0
0.0
0.0
0.0
0.0
0.0
0.0
0.0
0.0
0.0
0.0052803605512417185
0.0
0.0
0.0
0.0
0.004867571526440086
0.0
0.0
0.0
0.0
0.0
0.0
0.0
0.0
0.0
0.0
0.0
0.0
0.0
0.0
0.0
0.0
0.0
0.0
0.005872901753972869
0.0
0.0
0.0
0.0
0.10956468682210871
0.0
0.0
0.0
0.0
0.0
0.0
0.0
0.0
0.0
0.0
0.0
0.0
0.0
0.0
0.0006682820776880005
0.0
0.0
0.32050538699131986
0.5997626923647406
0.0
0.0
0.0
0.0
0.6106319842471606
0.21408301184125694
0.053315274350167606
0.06486905874912678
0.05265910325951353
0.0
0.0
0.0
0.0
0.0
0.001084245820328975
0.0
0.0
0.0
0.0
0.0
0.016170232936225423
0.10423092817927174
0.44656951164448855
0.5612496739556072
0.0
0.0
0.0
0.0
0.4720595645199895
0.09403084672327174
0.002948331283554585
0.07085727372505646
0.08247196776828432
0.04023448016781523
0.003132703181235931
0.0
0.01597915458819302
0.0625569665773189
0.06295305671531488
0.04528991770224253
0.0
0.0
0.0
0.0
0.0
0.030788427242060438
0.26224867109867817
0.5384984309432446
0.0
0.0
0.0
0.0
0.7178269262668167
0.33773522625311936
0.20859798286657677
0.1780631819233705
0.009693364936528701
0.0
0.0
0.0
0.0
0.0
0.0
0.0
0.0
0.0
0.0
0.0
0.0
0.0011114715199414863
0.005322317883295697
0.13344954924484717
0.0
0.0
0.0
0.0
0.018626177079896993
0.0
0.0
0.0
0.0
0.0
0.0
0.0
0.0
0.0
0.0
0.0
0.0
0.0
0.0
0.0
0.0
0.0
0.0
0.0
0.0
0.0
0.0
0.0
0.0
0.0
0.0
0.0
0.0
0.0
0.0
0.0
0.0
0.0
0.0
0.0
0.0
0.0
0.0
0.0
0.0
0.0
0.0
0.004660764485667021
0.0
0.0
0.0
0.0
0.005690015264186289
0.0
0.0
0.0
0.0
0.0
0.0
0.0
0.0
0.0
0.0
0.0
0.0
0.0
0.0
0.0
0.0
0.0010959998521719364
0.00587637427483381
0.37071979198860117
0.0
0.0
0.0
0.0
0.6806346990562683
0.2730258111911036
0.098549698340955
0.08816111033551166
0.02324683753533461
0.0
0.0
0.0
0.0
0.0
0.001109109050332802
0.0
0.0
0.0
0.0
0.001161474024327496
0.0010174664443350174
0.10549468665801566
0.4828639675320891
0.7088235147443931
0.0
0.0
0.0
0.0
0.8097614945039661
0.5150345348424762
0.32117546696393456
0.3083054157831267
0.16836161339563785
0.002067884768062163
0.0
0.0
0.0
0.0
0.0
0.0
0.0
0.0
0.0
0.001032397153640891
0.0
0.04310129814517177
0.361512868338128
0.5763097594874497
0.0
0.0
0.0
0.0
0.5918132504083228
0.22425315141003554
0.10145966618217399
0.06845472578083603
0.0
0.0
0.0
0.0
0.0
0.0
0.0
0.0
0.0
0.0
0.0
0.0
0.0
0.0
0.0
0.00486811874884888
0.0
0.0
0.0
0.0
0.0051496599003897
0.0
0.0
0.0
0.0
0.0
0.0
0.0
0.0
0.0
0.0
0.0
0.0
0.0
0.0
0.0
0.0
0.0
0.005284987862964228
0.33116330052292875
0.0
0.0
0.0
0.0
0.7366820719766523
0.3448782471313574
0.22088964977054568
0.21472866763887677
0.034624895496540825
0.0
0.0
0.0
0.0
0.0
0.0
0.0
0.0
0.0
0.0
0.0007515960761031566
0.0026805899795476606
0.11457713511985096
0.5529321699806483
0.7419239641294244
0.0
0.0
0.0
0.0
0.8090618369457155
0.47974992214452433
0.2852239949847754
0.25704684296443525
0.059499833635390874
0.0
0.0
0.0
0.0
0.0
0.0
0.0
0.0
0.0
0.0
0.0004630707673613441
0.0009125912391466128
0.09343442280608699
0.48016354795875105
0.6418021452785263
0.0
0.0
0.0
0.0
0.6418356323542338
0.21234391255232377
0.033726344825447736
0.014822708366821712
0.0
0.0
0.0
0.0
0.0
0.0
0.0
0.0
0.0
0.0
0.0
0.0
0.0
0.0012819792399952515
0.0
0.3062672943447882
0.0
0.0
0.0
0.0
0.3103484080700158
0.0
0.0
0.0
0.0
0.0
0.0
0.0
0.0
0.0
0.0
0.0
0.0
0.0
0.0
0.0
0.0
0.001209000220783164
0.0
0.008512568830675525
0.0
0.0
0.0
0.0
0.5164174467290972
0.13016549671729277
0.0
0.0
0.0
0.0
0.0
0.0
0.0
0.0
0.0
0.0
0.0
0.0
0.0
0.0
0.0
0.0
0.0
0.004720095050212745
0.0
0.0
0.0
0.0
0.00489895667730213
0.0
0.0
0.0
0.0
0.0
0.0
0.0
0.0
0.0
0.0
0.0
0.0
0.0
0.0
0.0
0.0
0.00445219121638218
0.3184475058952438
0.6273115956752519
0.0
0.0
0.0
0.0
0.7935671544853178
0.4977416982287781
0.3559051050289852
0.39795060272478866
0.2548153526077745
0.0488560291561394
0.0
0.0
0.0
0.0014209910624028378
0.0
0.0
0.0
0.0
0.004430450151167483
0.10734921956187479
0.19069606310714482
0.31390185134654486
0.772180669123782
0.8197514157907205
0.0
0.0
0.0
0.0
0.8754156544642822
0.6022221829674254
0.382372179708272
0.3952387018872457
0.2894821916638419
0.08114734688682453
0.0
0.0
0.0
0.0
0.0
0.0
0.0
0.0
0.0
0.0006034803167163929
0.0
0.06647422921219014
0.424253036930311
0.690520410410992
0.0
0.0
0.0
0.0
0.7961571533106504
0.47763080492385857
0.27071640000104497
0.26442814673769316
0.14922926274792758
0.0030812913382670427
0.0
0.0
0.0
0.0
0.0013258617881753566
0.0
0.0
0.0
0.01007265740063413
0.10898059792297998
0.18298368236688875
0.29373310228058147
0.7005657976023578
0.8367585655686588
0.0
0.0
0.0
0.0
0.8683794589408345
0.6522878114867195
0.49121416821982883
0.5121492061890706
0.37513132400428906
0.08344824494832905
0.0
0.0
0.0
0.001433860886923011
0.0
0.0
0.0
0.0
0.005953353440713157
0.09761949406716365
0.16837003126056396
0.27151438953638946
0.6709034691329163
0.8052450773355937
0.0
0.0
0.0
0.0
0.7759224488368122
0.42828608821138425
0.2209949177569591
0.2291141590282408
0.11998001689353935
0.0
0.0
0.0
0.0
0.0
0.0
0.0
0.0
0.0
0.0
0.0006171350578342006
0.0
0.021425625178787273
0.3445962373567043
0.6087645656100901
0.0
0.0
0.0
0.0
0.7837890217663255
0.3977902006095569
0.21558351789282393
0.15490988929940705
0.0
0.0
0.0
0.0
0.0
0.0
0.0
0.0
0.0
0.0
0.0
0.0
0.0
0.0
0.0
0.0
0.0
0.0
0.0
0.0
0.010524663158397996
0.0
0.0
0.0
0.0
0.0
0.0
0.0
0.0
0.0
0.0
0.0
0.0
0.0
0.0
0.0007058155998291454
0.05937942090281644
0.1778200306478626
0.5819651811466235
0.7965394866918983
0.0
0.0
0.0
0.0
0.8042812774276092
0.43646198423453464
0.21769683181022206
0.1997250425984383
0.03467119031263755
0.0
0.0
0.0
0.0
0.0014000952722564017
0.0
0.0
0.0
0.004004614383650338
0.054589647656812096
0.1458037835408529
0.20193129588010844
0.3087215930366629
0.7339282834632734
0.8248775306090299
0.0
0.0
0.0
0.0
0.8860751817012921
0.694740831282146
0.5453440683750823
0.5895022017893123
0.5636935371624372
0.29087001676094315
0.17485981158290367
0.10801852254474958
0.08861529464197665
0.20265120751723062
0.2513296002813134
0.22968514839683585
0.20399839646103685
0.2572176907465359
0.3104067148245389
0.40678740256555274
0.4783777817527084
0.5758210250542569
0.8800934796968563
0.9063699241285761
0.0
0.0
0.0
0.0
0.9232905532170516
0.7569107504252295
0.6388245939157542
0.6789732208486601
0.6321787457214317
0.35814896670411955
0.20625385954139444
0.12182399063490931
0.079115284169106
0.1716582893134663
0.21437561312119166
0.18567089557825087
0.14380972686646762
0.22106587537905864
0.3015704746790289
0.39388484078245206
0.4531571380829243
0.5427152387031342
0.8620388869748722
0.8908412982277533
0.0
0.0
0.0
0.0
0.9015472734513074
0.6937826101277366
0.55348673561164
0.6128886678236735
0.5936942520063376
0.36160864253480907
0.21395660947566783
0.08622791961557695
0.01620122231425183
0.047823575859736095
0.08339364474825997
0.05439168919506217
0.021934461832402993
0.09654472574392578
0.17470640358672776
0.29378969116321124
0.3598440261151926
0.4588725547408731
0.8130521452996313
0.8758908424318083
0.0
0.0
0.0
0.0
0.888762932572691
0.6799100007364801
0.49170448335317696
0.5085115525257748
0.37955097850639474
0.09857686852943845
0.0
0.0
0.0
0.0
0.0
0.0
0.0
0.0
0.0
0.021650726614825748
0.08783042944011972
0.18181856636971183
0.588142095615479
0.737288735137809
0.0
0.0
0.0
0.0
0.7617066170597312
0.3446188715612462
0.18105099643526346
0.20431799695544076
0.1696825404081519
0.03791501307325779
0.0
0.0
0.0
0.001006482499982289
0.03887008175077518
0.07700807181574257
0.04888219826805797
0.09615600829737854
0.16034887018846442
0.23034135428856625
0.2597743335925693
0.33272143451520253
0.7456107819160147
0.8244329503261993
0.0
0.0
0.0
0.0
0.8655370044264554
0.5983241104675331
0.47106695325451187
0.5416431095995327
0.4388129164022111
0.19499488785515853
0.10391655734121989
0.06972630120230572
0.07020112657524281
0.14130840354111404
0.1627079983913245
0.1432595601068652
0.12794823783020584
0.12649845780162958
0.16374299859092722
0.24924262012041806
0.3014714734395973
0.4056733236630045
0.7767572618384145
0.8548302379124876
0.0
0.0
0.0
0.0
0.8934046667483986
0.6830502751774128
0.5604079320050567
0.6354669960187457
0.5990621227051475
0.31945525363212596
0.19971306408250555
0.11935288090388074
0.07816937119973243
0.12751651086878918
0.12714880856298427
0.10325010295782135
0.1148789097423916
0.1702060073373466
0.272927694473358
0.39899665352825137
0.4626147424074143
0.5695591048694497
0.872404404786791
0.8866646322318289
0.0
0.0
0.0
0.0
0.9049618061463337
0.7346438060899491
0.5844830609165697
0.6180054956327115
0.535200196609068
0.20042289899000654
0.05255417102953294
0.0
0.0
0.0008834685427337422
0.0011271896402525483
0.0
0.0
0.05899752404408249
0.15582387051019558
0.28157095236473917
0.36395660668254315
0.46776022072403445
0.8115886168407006
0.868774942996587
0.0
0.0
0.0
0.0
0.8784579112732379
0.6638939963844738
0.4845293803644287
0.5113250373732441
0.4048199569998461
0.115722029890755
0.0021450606849296714
0.0
0.0
0.0010139452393566424
0.0011584912340346508
0.0
0.0
0.0
0.0
0.0009655360987597959
0.037353110393665366
0.1137030214548828
0.44317009692613385
0.6264201066903388
0.0
0.0
0.0
0.0
0.7534545763798389
0.34303855986843584
0.1517383153416701
0.1532848572826544
0.03737870369953108
0.0
0.0
0.0
0.0
0.0
0.0
0.0
0.0
0.0
0.0
0.037746037845089515
0.11985137430457009
0.18328064449754677
0.5769577061634751
0.7943046433689522
0.0
0.0
0.0
0.0
0.8155435197237534
0.5308494683257499
0.3354987022548326
0.3955102009386766
0.33880477251730046
0.14335627236403525
0.026670147868085043
0.0
0.0
0.0011257794508133295
0.0007139738439652511
0.0
0.0
0.0
0.0
0.0
0.0
0.053506692563732715
0.3687924383589653
0.5693799206541076
0.0
0.0
0.0
0.0
0.44511519530268745
0.11814345847862619
0.0
0.003365933263317503
0.0
0.0
0.0
0.0
0.0
0.0
0.0
0.0
0.0
0.0
0.0
0.0
0.0
0.0
0.0
0.0054859915357189015
0.0
0.0
0.0
0.0
0.005448514045467817
0.0
0.0
0.0
0.0
0.0
0.0
0.0
0.0
0.0
0.0
0.0
0.0
0.0
0.0
0.0
0.0
0.0
0.0
0.005592405634588743
0.0
0.0
0.0
0.0
0.18911028680105157
0.0
0.0
0.0
0.0
0.0
0.0
0.0
0.0
0.0
0.0
0.0
0.0
0.0
0.0
0.0
0.0
0.0
0.021789894792314104
0.2816450048820467
0.3909117156960652
0.0
0.0
0.0
0.0
0.5851668206190626
0.23993818225055374
0.05190420531729837
0.01577859376199208
0.0
0.0
0.0
0.0
0.0
0.0
0.001458165443887474
0.0
0.0
0.0
0.0
0.0009254139736439368
0.034295576835550484
0.08099424094626761
0.4106408770081702
0.6207022386597394
0.0
0.0
0.0
0.0
0.716463712962414
0.34312441995930815
0.17791390003482047
0.2223005222558189
0.1810216415918488
0.0557882926310176
0.0
0.0
0.0
0.0013220493879240833
0.03247991951060655
0.1415143466659126
0.13865929091914228
0.19886277139047762
0.33481217993437157
0.43005113617884433
0.4725434030010281
0.5515991797293549
0.8515978857862857
0.8957470126247024
0.0
0.0
0.0
0.0
0.911172474649116
0.7213040195932299
0.5557866924249207
0.5597180923939696
0.45784675912902045
0.167525976762636
0.08759487482224455
0.04475852618929574
0.0488400264287326
0.19032194869329175
0.2648195852327181
0.33895528648649453
0.3361280682510458
0.33434169183725504
0.34911623028131056
0.426789687855256
0.4747104977648045
0.5456166756271118
0.8517744567455366
0.8986318079694541
0.0
0.0
0.0
0.0
0.9096970560075217
0.7103999822054664
0.5451296520295361
0.5969993887671224
0.5907328832297779
0.35016576973389224
0.21563922610211092
0.15059968963055698
0.1564600948361086
0.32036877751423576
0.3855840295754758
0.41703529330168804
0.37274086315399935
0.4105953628763949
0.4486531795318642
0.5348119275329177
0.5663343627822582
0.6186661098463242
0.8654528165782719
0.8952077921563774
0.0
0.0
0.0
0.0
0.9187702215075485
0.7464747342567887
0.5768875809612464
0.5939341887697084
0.5504284590479241
0.30768007899856076
0.19949368355373717
0.15275413754864833
0.14975385567719401
0.2397906192974534
0.3088019496783255
0.34554512790863806
0.32477608950397135
0.36122078726833984
0.4426621876950808
0.5401446419570183
0.5585240047742075
0.6106490100527774
0.8843835321044989
0.9160192452891233
0.0
0.0
0.0
0.0
0.9299261998166568
0.7726853290554336
0.6544799303786532
0.6540615148779791
0.5782024137674665
0.26460598222809484
0.1226524898143218
0.06659395813818096
0.05224398894819592
0.1422690074457457
0.19371424847596513
0.1685713215651623
0.2353599113065855
0.28487459961564143
0.31055476890093847
0.4347015501460809
0.48850227747308794
0.5658346843285914
0.8730762189521475
0.8958418084470895
0.0
0.0
0.0
0.0
0.8973191942591694
0.7047540864273341
0.533734268445759
0.5428374736542003
0.45494096760130365
0.17204262909565746
0.07568728201447057
0.04742832190127251
0.05733256710131987
0.13472210550790475
0.15276673628636472
0.14338677593370025
0.12693394338735184
0.0969193612180656
0.11914153635888672
0.18912497427041763
0.18918810746058226
0.23253464620128692
0.5916574034769978
0.7028465329453913
0.0
0.0
0.0
0.0
0.7306686520551668
0.32242987240924026
0.12762324654568283
0.1356837221312104
0.11905481994772164
0.030730113385011082
0.0
0.0
0.0
0.001196885653556599
0.0012118943357976428
0.0
0.0
0.0
0.0
0.025490133126603948
0.05529404005441717
0.11013494920606806
0.44412945326937214
0.6161893725099679
0.0
0.0
0.0
0.0
0.6355921513685109
0.22019012590215878
0.06636098791154127
0.07622978987582618
0.05327541474171268
0.008308235509183895
0.0
0.0
0.0
0.0009296037924754728
0.0014260617756768712
0.0
0.0
0.0
0.0
0.0
0.0
0.0
0.18760557077251444
0.5305096752758808
0.0
0.0
0.0
0.0
0.6673717573120557
0.33268440903935964
0.14981953319046779
0.17883643259109935
0.15140771903627265
0.011541555601462448
0.0
0.0
0.0
0.0012474613215828721
0.019749440350440937
0.10682936839953738
0.06855476620958625
0.08483136493836949
0.13485736871794063
0.20222122884392832
0.23224964753377408
0.3021110110209022
0.708771761446817
0.8290813334219846
0.0
0.0
0.0
0.0
0.8510531986690606
0.5405976026472872
0.30488562155405374
0.3737845129235427
0.3358984445759996
0.1633353286066029
0.07295070848079255
0.0236406146410709
0.04176282120646946
0.16946721493405598
0.23356403305129952
0.19310858250962995
0.09515532375907287
0.06497466542833971
0.03788691092373407
0.04809577476705488
0.0372014601964271
0.07155070598794978
0.3656977041666324
0.5809936030442111
0.0
0.0
0.0
0.0
0.7030653048530934
0.3473035908938633
0.1599503006679989
0.16206549644434
0.1548872218856854
0.06606073875110427
0.0
0.0
0.0
0.03387047559061728
0.16862390013545925
0.21231605996257152
0.18785578626448315
0.24689413220386022
0.2790738304302738
0.33296514162564844
0.4050960301104779
0.47684714990355487
0.8174225047219242
0.8701986551184566
0.0
0.0
0.0
0.0
0.8936690158689615
0.6937957223329406
0.5798133038942254
0.615770690542794
0.5344327351585565
0.30299073278108773
0.1885822676951013
0.15117922221581048
0.18287823588678204
0.293899717392728
0.36568852156427195
0.3974847973164337
0.4254201974005715
0.44215768790946136
0.47018051488929846
0.535885561189667
0.5752233295529284
0.6314939603286036
0.8783453870074894
0.8980255124439059
0.0
0.0
0.0
0.0
0.9136958078065293
0.7216158588873118
0.613045206962652
0.6754643373481654
0.6483630930631707
0.4064678306548224
0.33025453983092135
0.3399798817768282
0.37048313292233265
0.4916436245471445
0.5251327289567973
0.5038745080944168
0.4489685950127841
0.42247677838281505
0.4218186090043345
0.4752599556677667
0.4911746831511755
0.5911324649085985
0.8853079756931791
0.9052398507414807
0.0
0.0
0.0
0.0
0.9142829020177718
0.7265912679273323
0.5622748090717657
0.6398863919527034
0.6279562216543977
0.4422615046550861
0.340633130563152
0.3121277116104265
0.29658144523424873
0.42302586327111846
0.4986165463997575
0.47334291144733986
0.40706215987475614
0.4135910200090688
0.41970504775339496
0.489955784050651
0.524344612198494
0.5739619909213718
0.8714877323877361
0.8954738991154028
0.0
0.0
0.0
0.0
0.90544817806538
0.7228287280095774
0.5313550211645791
0.588935180032959
0.5441635104003321
0.33639027562377555
0.2513401048894265
0.23048708139184854
0.24319335760549607
0.3359581334964428
0.38751535434613754
0.3959377613343484
0.3588397170206409
0.40806447387791295
0.4502072998677056
0.48686057169907326
0.5138450783321231
0.581554649873921
0.8819990464963257
0.90052244747953
0.0
0.0
0.0
0.0
0.9166906741099433
0.764588862472166
0.6124566803176222
0.6425291583106127
0.5759524107115361
0.3385920298467815
0.21630847884381244
0.1233279694758811
0.10360303841712647
0.23808397531014175
0.281359154155326
0.33441467644794765
0.3452564079766038
0.3603476008984515
0.37318749522506156
0.4395023655297236
0.47345593842122946
0.5487452524257904
0.8415732152493685
0.870996726005691
0.0
0.0
0.0
0.0
0.8960768308057191
0.7305856271713775
0.6100918694847467
0.6282319957779373
0.5156909569607245
0.2094709791350121
0.10919807637729813
0.09463930844836796
0.11520274986509624
0.20488122729795352
0.2327772241717663
0.19639738614262015
0.16258895600022313
0.1207032536683634
0.1206785291230963
0.16458574332545522
0.19416774798000946
0.2565267995229085
0.671101961221872
0.7731683895261733
0.0
0.0
0.0
0.0
0.7681104779526657
0.3991235730286125
0.19542878309931438
0.23890623471869887
0.24120177873316387
0.13343378188037347
0.08157284254359624
0.02777892877311836
0.047385592540112195
0.18815048224133832
0.2532327509313635
0.2631792393180088
0.21981553115968547
0.21887486135761983
0.2203070194292785
0.28048390618446434
0.36763166987722923
0.45984008141242527
0.8055177032301382
0.845774006650694
0.0
0.0
0.0
0.0
0.8890328160340607
0.7072399651313422
0.5550850542713969
0.5785087784240968
0.4316072051988337
0.16665532994085677
0.06518822835704795
0.007045619223155444
0.0
0.032172582013133985
0.06719419089104568
0.16688950682556772
0.20047684311528516
0.21598780645598767
0.3287540673485389
0.4679894690154541
0.5011628620504446
0.5573560401692019
0.8439090856256369
0.8739555498757715
0.0
0.0
0.0
0.0
0.8982883794936285
0.7205160591745667
0.5899978652942457
0.6200013171544737
0.48705286544749626
0.1545228191193993
0.034056627832768756
0.0
0.0
0.001449575809487235
0.038360558153151654
0.1658110738492769
0.19344042119828422
0.18012060802994306
0.22561095444861598
0.2909080547812207
0.2925569472487545
0.3486516483439559
0.7790281503258267
0.845209470909594
0.0
0.0
0.0
0.0
0.8793510816133591
0.6260049909146725
0.46364288730008407
0.5075754891662481
0.44158700275972584
0.17064180539041976
0.05887402087577569
0.0
0.019342669075888542
0.12854040822731025
0.18450460749003958
0.17842465570911809
0.1205112351993808
0.15636810613230598
0.2668671126586311
0.4024690359764445
0.4705913047478299
0.5576916494910185
0.8535862253867119
0.8965968419722026
0.0
0.0
0.0
0.0
0.9183785479134731
0.7406757413408697
0.5931834517315561
0.6347119497346012
0.6213636365236066
0.41370763878208905
0.3027169643090954
0.26976058748260634
0.29514250491483673
0.4124381418173454
0.46909656532717386
0.48371921002293095
0.4532549747154022
0.4587852728331577
0.47218151949700354
0.5314919328743983
0.5470827121622699
0.5972042119823993
0.8697578947934921
0.9072007865680424
0.0
0.0
0.0
0.0
0.9097732765134384
0.7460245070729951
0.5856145943163398
0.6230913786060294
0.5966284715148548
0.3653371672588783
0.24736252307551101
0.20259011495255677
0.21841266951605368
0.3722507321970629
0.4621877530541456
0.4825400189412537
0.4407965521329319
0.46469343890928533
0.4799368307548763
0.5179398066290515
0.5411430601765173
0.5920282619214258
0.867850089675629
0.9040301922481871
0.0
0.0
0.0
0.0
0.9107421027022704
0.7146523231622173
0.5618290273826013
0.5905594092452353
0.5395105981761443
0.29732756518193326
0.18305439891855457
0.11407149401213199
0.08540824880739324
0.198142018186901
0.28535335279381635
0.3098111938586403
0.2704308684002393
0.39812590861505354
0.46331697985262776
0.5138910806802955
0.5564059822340378
0.6362802500174441
0.8907182704084926
0.9188943564866486
0.0
0.0
0.0
0.0
0.9185964530500819
0.7221429201606872
0.567834014707082
0.6322469988913423
0.6340488054837091
0.4520724842783038
0.37448897315228447
0.37572061771134485
0.4042489816915147
0.5177806577831667
0.5500310611482442
0.4922276879498939
0.3903117153419505
0.3349442051126919
0.3159242114152865
0.36540701555046184
0.39284947748793264
0.44557668627397123
0.790307321927041
0.8525841267115389
0.0
0.0
0.0
0.0
0.8661125182100579
0.5912812566682807
0.45449975948048504
0.5532363391861265
0.5212800646834995
0.3136468286806369
0.19119649189223845
0.092837135741958
0.038719427635238446
0.09912530948134492
0.14927394270469443
0.18095435069457602
0.1803243632902174
0.13869410098868748
0.14390296204788874
0.21722509238161203
0.24942872552094067
0.3421052734840996
0.728523183054172
0.8084107605572434
0.0
0.0
0.0
0.0
0.8623228298391296
0.5944947463197995
0.4601010030612833
0.5639356919437086
0.560536568982867
0.2888579400536829
0.20070329117261615
0.15547818007010267
0.17521700976520213
0.29976743028949765
0.3023111272221597
0.3417509619485405
0.37037162782602356
0.3576275491061232
0.3501841024964933
0.40903242785197025
0.45664711336107217
0.5167185346188536
0.8447552041510172
0.8626758900316082
0.0
0.0
0.0
0.0
0.8829090811965983
0.6770943392181005
0.4994292344815665
0.5225077529500894
0.4680945328391343
0.26713485530499625
0.1793389934900405
0.1645883327407459
0.21020254839991812
0.3457893834792585
0.4078503971789354
0.3856374069255635
0.30573969325798855
0.3023700299935888
0.30527536244753867
0.3618274967076886
0.3918828917388774
0.4588011989550016
0.8173768266672132
0.8478289579369653
0.0
0.0
0.0
0.0
0.8720524380050216
0.6459270817839731
0.45326031395562527
0.531385629452031
0.5421822758756636
0.3748266759967308
0.28663899040707685
0.2551917175463628
0.27568000388411323
0.41364989305059974
0.458114361963132
0.45182290983634854
0.39904441489038484
0.4174883553069357
0.42500716866970806
0.4918794948851134
0.5207614509916887
0.5610548741045698
0.8547444327295183
0.8958817242865804
0.0
0.0
0.0
0.0
0.9027280859773402
0.6826994551241747
0.5080199197610411
0.5613612928233971
0.5587321533655722
0.34164141050498764
0.22583579772482237
0.18132528258025551
0.20001048041675168
0.3300803984178235
0.4020092533012445
0.3807238306003432
0.3829292145847438
0.41933382905777794
0.43155646677074727
0.49392535018323624
0.5108946937256447
0.5703318813864062
0.8718122565047652
0.8867923893693466
0.0
0.0
0.0
0.0
0.8829913297667025
0.6802619928264287
0.5036990073617913
0.5692461449951439
0.5634603649045741
0.35951041886222795
0.2489768227694755
0.21372880659644777
0.22033959241974962
0.35208304485076525
0.41141466367015234
0.39874734932996864
0.3331482815792476
0.3310992512252323
0.3572070713787784
0.4301696131766704
0.4594262537277653
0.5144847864268616
0.8396930776040622
0.8566984282485505
0.0
0.0
0.0
0.0
0.8679135086779138
0.6310934443805042
0.4465347081153696
0.4897865648154339
0.38276122780615063
0.160228738947999
0.10722979514205709
0.09196052287989505
0.15012940620763818
0.30146032809899054
0.38058749840288114
0.36804046356637266
0.305590703321412
0.31372925635522436
0.3298388550553748
0.40451434402952324
0.44200182067686805
0.5139616146387838
0.8365557894064647
0.883432856655799
0.0
0.0
0.0
0.0
0.9083618083648457
0.7151391539908462
0.6094087161977662
0.6789698303363318
0.631310510863851
0.43576713357702807
0.3595855628615263
0.35894540992853674
0.39429423302095834
0.5230107512724264
0.5527126058051395
0.550373715589252
0.5306916319759807
0.5167671060245161
0.5207963424456284
0.5758008284347851
0.5933928458342259
0.6456435688343355
0.87727104297188
0.9067583854672949
0.0
0.0
0.0
0.0
0.9231040480071255
0.7520719513601047
0.6552419792293737
0.7180192025144405
0.7178827308901711
0.4912708184738201
0.3878434576455379
0.3724111346246973
0.39911292195830445
0.5339197452191411
0.5745130762648992
0.5641409674230975
0.5141978336744263
0.49566903463371614
0.5048203657958538
0.5625181221244399
0.5870679552709573
0.634842514946362
0.8906340983619305
0.9089323779063214
0.0
0.0
0.0
0.0
0.9207559630176293
0.7362436645109142
0.5876491444658711
0.6554853292380665
0.6562006813045328
0.4710603482853043
0.37516923221857346
0.367589005806412
0.3825759376703433
0.5068575597695437
0.5483668075827274
0.5331678495554333
0.4695653954034706
0.4510093866284097
0.45212312779360747
0.5135206930046258
0.5365282448313635
0.5830213171610541
0.8596996720611847
0.8985590952212008
0.0
0.0
0.0
0.0
0.9149393192491388
0.7302367441642397
0.5720315342918927
0.6233510565468069
0.6114772344228312
0.402886290321473
0.31007864920021694
0.3117477921026499
0.3422534254899057
0.4639875028371923
0.5033439652330106
0.49561715998128686
0.46083855713055877
0.4728330176665368
0.5008072742322698
0.5676859942938332
0.5883898590543276
0.6574221733145967
0.8941953599135889
0.9156517067359649
0.0
0.0
0.0
0.8150979746664292
0.9282881444720461
0.7984781790830938
0.6722522327218821
0.7127379104588015
0.6840326647462948
0.4755114508728081
0.36147389966782717
0.3311897664233739
0.33179175886797574
0.4410696497348616
0.49611600523826666
0.503897511101622
0.479862081839173
0.5087025260176111
0.5203843974549226
0.5779904142663602
0.6138760021260934
0.6729989930565118
0.9007473091767836
0.9233704067868038
0.0
0.0
0.0
0.0
0.9251102713015955
0.7433901559381925
0.5952350740889583
0.6535462071156175
0.6509949801159498
0.4740661809231933
0.3958995451328449
0.4073078530311558
0.45188494360833575
0.5811965389775515
0.6061361346594349
0.5764859762514837
0.5070787812968306
0.4840686048875753
0.4863102045794069
0.5222011064111614
0.5366165904793524
0.5790991780682757
0.8608818636034811
0.8979147538404672
0.0
0.0
0.0
0.0
0.9068956849072914
0.7011459380413566
0.5386785860919785
0.6130355551452032
0.6189671832729343
0.4350941606375463
0.36326611674227965
0.37486180622982845
0.42032900495795134
0.550691527679948
0.5861804309572851
0.5633318617465867
0.5056842674276157
0.4748091066563406
0.4622264656644865
0.5260118310172726
0.5445243090436106
0.5929279245174915
0.8660750393115231
0.9002913119513632
0.0
0.0
0.0
0.0
0.8971867495271247
0.7167349345346211
0.6038694046323183
0.6902365710904489
0.6401263655882237
0.4483963973080842
0.3623036285705206
0.36842946472172666
0.4078776317102179
0.5183625347254678
0.5575634430380716
0.558449121959783
0.5356021580345275
0.5269996367980334
0.532867455918311
0.6094129181323878
0.63889955745187
0.679376420889696
0.8976971796385533
0.9117604396697282
0.0
0.0
0.0
0.0
0.9311220402546896
0.7793553418834037
0.685742489700082
0.7457198741217428
0.7219515824316248
0.47871884128027564
0.37534858632360435
0.3921576916901862
0.41886536402357694
0.5338558421655418
0.5719105993110228
0.5555428200287098
0.49001558313468035
0.44520198563781593
0.45150488947359885
0.5118899304009884
0.5441374880404735
0.6043690362449778
0.8729111798461733
0.9041259846898593
0.0
0.0
0.0
0.0
0.9055935736584447
0.7063636550069764
0.5541205814191553
0.6310224651744181
0.6418139779288724
0.4557519145652125
0.36734227041837036
0.3709044408121688
0.4104863966440256
0.5407173051381438
0.5895288524250485
0.579454369267881
0.5194363255706701
0.526780472039562
0.534704029683785
0.6001642379732294
0.6193410019807932
0.6790124692679941
0.906865800735448
0.9308677600587157
0.0
0.0
0.8249907092858629
0.9039127968521
0.9410796560177519
0.8078399263323429
0.6879293344760848
0.7306067009707709
0.7217358994899062
0.5412258471079174
0.4492516350374593
0.45321232961245767
0.49091940207888285
0.6059270897984221
0.6349970065970036
0.6261038151087613
0.5953193280416665
0.5941056124483948
0.5972656012865387
0.6491755612310394
0.670342088082911
0.7128830170979746
0.9165748572014502
0.9368290078573619
0.0
0.8311770165457257
0.8807588080614225
0.9223231813841481
0.9396762970569307
0.8019109579571555
0.6817930767037039
0.7325218466977051
0.7245374102915599
0.5521426763914062
0.4682918424498128
0.46863772244602453
0.49184723627461047
0.6262474751270858
0.6513664245005165
0.6331346584224099
0.5975005537908953
0.5998223882764454
0.6057231364348157
0.6567231353835602
0.6772421795740489
0.7183384650512873
0.9195041290319672
0.9315453481128422
0.0
0.8426004062819181
0.9231809543554993
0.9412781982575334
0.9413286229472712
0.8310108820105337
0.7159358407297838
0.7535279888177285
0.7387677783617105
0.5536790700498431
0.45925823102938007
0.44816634380218184
0.48083855198424064
0.5999880367054867
0.6258959124651582
0.5999069760346897
0.5512425401827997
0.5264746144824685
0.504481703934875
0.5404798439919253
0.555265355520671
0.6029000776147116
0.8678882644208447
0.9005222897313383
0.0
0.0
0.0
0.0
0.9017792078442818
0.7217863372503036
0.5582879960327206
0.6265905167223917
0.6304647582271519
0.43684723009185555
0.34771644285334347
0.3267304190030791
0.34957026167022914
0.48971260213353557
0.5229699844742504
0.48977145801022326
0.41132884923650076
0.40255221602648666
0.40773957304170605
0.4561636346198982
0.47131542139441696
0.5250983973160747
0.8342577998314541
0.8799349897426382
0.0
0.0
0.0
0.0
0.8282133510788765
0.31006949687967705
0.18531162371024318
0.2446640739270096
0.10937029585936509
0.015464797103480173
0.0
0.0
0.0007706158066821713
0.00110098360639668
0.08632082000330542
0.1827956913125637
0.22037483000011357
0.23026056336406678
0.3125587614886369
0.4122491384265401
0.4329550096831897
0.5330889049332592
0.8413982681415619
0.8867167637536794
0.0
0.0
0.0
0.0
0.9173875567767336
0.74553112112195
0.6430218678368628
0.6900667010721289
0.6265735860509064
0.3242468434628431
0.2192461925310937
0.19630862029752102
0.21087425116601016
0.3300630379236648
0.39804327944797996
0.4036606603001633
0.3781807529972156
0.3655140353446203
0.3733174758766034
0.44852587185008647
0.4655055678822746
0.5371671985717913
0.8400508055610787
0.8738610827161781
0.0
0.0
0.0
0.0
0.8912516419183312
0.7023989923683491
0.5650265871073384
0.6375822101110884
0.6407176453635308
0.4063548167440182
0.3236654139735877
0.32460480919702184
0.3402503779026163
0.45791994173429273
0.49577596219748393
0.4876380059192873
0.4459996959030803
0.47099949867207314
0.5155088058263915
0.5905375940276061
0.6179955000989558
0.6760487299720235
0.9087605389786733
0.9166988376225479
0.0
0.0
0.0
0.0
0.9285048623060889
0.7652482330279369
0.6315205117673753
0.6879220284867432
0.6750453974598223
0.47928108782498424
0.39065009400118306
0.37505935119647993
0.40540445248432727
0.5381378538124303
0.5712020042288735
0.5382641567060003
0.46979265086067823
0.45110851437396743
0.43437581171381406
0.48137415691918656
0.5020375905417872
0.5536771493977534
0.8480623065103567
0.8766887523599173
0.0
0.0
0.0
0.0
0.8980979632831788
0.6813913559814635
0.5138255881341218
0.5909015327506061
0.5959339033952029
0.39982131515709446
0.30968305014522113
0.2972977844936738
0.3145662910477978
0.4427415694732882
0.4841052548309174
0.46073965760441604
0.3990664645264752
0.387171724745733
0.4026296774667887
0.47455656922404904
0.5257498513001172
0.5952672239761148
0.8567853411992364
0.9066011817386651
0.0
0.0
0.0
0.0
0.9240912338833384
0.7525737709505141
0.6189017243170247
0.6831202758754495
0.6783065905726665
0.48335719884114925
0.3776380608385242
0.33686533528395285
0.31505741112371793
0.4390702527536713
0.4872255192862633
0.47525004103666674
0.4137514781469673
0.38830842683283545
0.3621560072973852
0.41833194450605626
0.4179456297299206
0.48517786026682386
0.8228654388478075
0.8776927918898159
0.0
0.0
0.0
0.0
0.8913546432899895
0.648721855068318
0.4738206499972652
0.5499101149211267
0.571168159396357
0.3837726295796715
0.2797722818948435
0.2724709883134985
0.27834979893682493
0.40731963995018633
0.4759955614860752
0.46695306482157606
0.4236443566395061
0.46182551213311906
0.47716877285819803
0.5428379273249818
0.5717682483266565
0.6247374675980908
0.8860665506538206
0.9082673650420606
0.0
0.0
0.0
0.6483721639145585
0.935034125829898
0.7910852168566268
0.7087690828855292
0.749523586296271
0.679249357686542
0.474846029526263
0.3819958230760709
0.365953325102484
0.3807272844320494
0.4880014555358469
0.5015870214190007
0.5148925313645507
0.5009945107170909
0.5022119196489572
0.5277447357411456
0.5759363497050466
0.5980849581011566
0.6650986225237138
0.8871437154529462
0.9165437798866752
0.0
0.0
0.0
0.7893329431847177
0.9362770039223604
0.7870195562851434
0.6952808488879769
0.7365501439088066
0.7140774967476796
0.48002269923476676
0.383367113177059
0.3836683908143622
0.4165249999272771
0.5445311558663394
0.570101213634783
0.5292426216166448
0.46400946141756905
0.4262737947394189
0.4028133754680851
0.44699828393218666
0.4496760601275866
0.48978412529024323
0.8041694303576348
