0.9999571586127638
0.9941683628521254
0.9914126759869298
0.9944663146648349
0.9942536661466967
0.9840996035856109
0.9950031787828395
0.9946146214840913
0.9918083641394548
0.9943226658141345
0.9999378229014796
0.9827191111656662
0.9951484999034588
0.9893961169662161
0.9923381130790305
0.994912511024635
0.9939488498414967
0.9915539539816923
0.9946322961815839
0.9940536037564991
0.991699657732238
0.9900750991913625
0.9945931097559965
0.9925946838404046
0.9958293113356018
0.9954797961468236
0.9936585756070924
0.995966985834153
0.9953695614969432
0.9879884266391222
0.9988269936856639
0.9962809429667955
0.9892085623792262
0.9845020190721914
0.9784439472576587
0.9717677649130232
0.9635114943382634
0.953508575112991
0.9588726677090051
0.9466015330531465
0.9372897010803176
0.980191910700815
0.986831165436449
0.9930223083839005
0.9928056166142288
0.9981343853652612
0.0
0.9308609109174124
0.9883700051449117
0.9891261345390954
0.9950062098661742
0.9956642105535022
0.9947202213015239
0.9943291209637943
0.9981901759362894
0.9956750131655862
0.9841421960788155
0.967197277675693
0.9504251693300204
0.9284849114529731
0.9126776946246818
0.8992559433311644
0.9223086661500505
0.9178117411382116
0.9116714601483143
0.9660546414074883
0.9861109338243509
0.992154533295373
0.9924485025969324
0.9966297791100565
0.9663489280964458
0.990263264946802
0.9938384202049894
0.9941243534796466
0.9952000434410132
0.9964475872031955
0.9917330302913053
0.9961964250761746
0.998098328914765
0.9965863335331232
0.9814190469255352
0.9590923961274801
0.9399491130614602
0.8996101588667024
0.8875290624188291
0.8436099602004393
0.8769478141627007
0.8863002987755784
0.8341510120356042
0.9323235580797125
0.967363374132914
0.9762150046721996
0.9888062662055316
0.9934496315207774
0.0
0.9357680037422446
0.9384821828674723
0.8919347624058709
0.9840799777744927
0.9856497853177955
0.9814377770873186
0.9790561651618723
0.9984885532682821
0.991015139672616
0.9658297908416028
0.9542349423259142
0.9395880053655618
0.9087858378746289
0.8620374335909764
0.8520488017814654
0.9066197142556962
0.912357361915262
0.8855926517425858
0.9444436505524997
0.9718375100059067
0.9811277350104276
0.9792820583142801
0.9904239291174047
0.0
0.0
0.816232731868976
0.9131963941915835
0.9161444553566643
0.9216589326129652
0.9753618369987693
0.9893786708392334
0.9973286715340033
0.9902219834550064
0.9572697345017908
0.9197956837412828
0.8991201771040712
0.8621344275862363
0.8462964751562407
0.8204706639972841
0.8166129640054398
0.7842636112549138
0.769637509047441
0.9336227825241713
0.9550348985296988
0.9761890935114154
0.9752716318660636
0.9944595063618109
0.0
0.0
0.0
0.8476780063945791
0.9544485577651761
0.9679318882581411
0.9782922178163971
0.9842398547737595
0.9971353345116265
0.9962159495189027
0.9918958310697428
0.9812712820333344
0.9788218239936622
0.9713122939119377
0.972617973403658
0.9689199779725092
0.9812224989029007
0.9825214194793841
0.9849390562342957
0.9941672435931558
0.8193232353840791
0.931495617683673
0.9883602746449686
0.9868809395164959
0.9901900870515461
0.9947191097335285
0.995709388228487
0.9969573942896949
0.996291474345774
0.9965598482904946
0.9974456589337595
0.9968318178727619
0.9970285171763608
0.9974650357030241
0.9950803309529324
0.9942187527551143
0.994265307641657
0.9905111040577673
0.9817207090122045
0.978528970383654
0.9805916770544999
0.9817585618112716
0.9849113526930438
0.9893899163291333
0.9928539959094733
0.9950594413729666
0.9940769110409209
0.9947952329992427
0.9960843219055681
0.9952253750519615
0.9955986450197449
0.9968671206829629
0.9919233244116039
0.9961831842532403
0.9972807173600627
0.992944154439445
0.9991998266489505
0.9967210586639227
0.9852456790574883
0.9747822420274477
0.9578426558843448
0.9333045186266166
0.9254272234208991
0.8874022967476523
0.8877038302866705
0.8920614778275389
0.8415805676966869
0.9513592525642541
0.9693533929674405
0.9847576221171906
0.9892172671356892
0.9936023816761532
0.0
0.8828306573304062
0.978416320613435
0.9873010836409577
0.9925648839236237
0.9916211245790627
0.9931851290926129
0.9912640647312251
0.9978305585168962
0.9948675174620843
0.9774594091694134
0.9448604432904597
0.9274373737882589
0.8929464178993689
0.8729561582531145
0.840116691387364
0.8429388768773024
0.820565357030366
0.7918693160988939
0.9164110860429536
0.9637858468565451
0.9772936436131933
0.9795555379282361
0.9928039125181545
0.8379216603696855
0.9696202026567933
0.9892572243619595
0.9936796696524811
0.990246568700565
0.9945350318610232
0.9953777659011639
0.9923703143147914
0.9987408686053996
0.9944297777842042
0.98206382403887
0.9746282167880056
0.9649090594978721
0.9171842437298203
0.9069671546257608
0.8798275310045243
0.9170004694954547
0.9463712521317531
0.9370402210568065
0.9663132948162312
0.9723211978254194
0.9847307188177373
0.9826406073175797
0.9958966629826757
0.5426485211418194
0.8952051566542623
0.9243160005520421
0.9749866309159254
0.984508213491929
0.9886301116485852
0.9849445146883655
0.9907657319360141
0.997395118256521
0.9916610406424271
0.9696646717674784
0.9464869914720145
0.9373245492874687
0.9251557256625625
0.9116917247925691
0.8988810470938586
0.9346444562948036
0.9479173957314653
0.9364928402608478
0.9738742131093495
0.9786004086722193
0.9876614661573687
0.9889665732679153
0.9934682927118919
0.8559213190031012
0.937850735201027
0.988972408113423
0.993877522495394
0.9940020880206392
0.994244534565808
0.9954765336467968
0.9896231448165709
0.9978421812649906
0.9943162094525086
0.9822795705026351
0.970784105309137
0.9512993245828499
0.9200736366658209
0.8930194051314071
0.8483874195578884
0.8726584138064603
0.8724652780580577
0.8397548298653886
0.9504083807868434
0.9670288502478925
0.9829198946016021
0.9830626228921753
0.9956291042755324
0.8563692224123655
0.9246425981240538
0.9801538747878755
0.9924885559577781
0.9941625067219304
0.9923345713793245
0.9954932304124608
0.9912980038388806
0.9974651352407718
0.9975367015483311
0.9908348496342636
0.9852704221105406
0.9786107105609029
0.9685156457221865
0.9699989000933508
0.9654917699720416
0.9764224351996112
0.9830261680317315
0.9850959659929038
0.9966432495760663
0.2758706181422984
0.8721586611434119
0.9378378718461647
0.9789408216425588
0.9914308815371632
0.9899922852398728
0.9951353532462256
0.9953955729859251
0.9937597380072556
0.996669730299668
0.9962770591347524
0.9898223324476343
0.9968657681412931
0.995638949742106
0.9908617462131504
0.9999283497642204
0.9881829289794514
0.9486105612676538
0.9723238683664932
0.8842430538715639
0.5854380183748343
0.7908539427354283
0.9034743623140862
0.9994741776954648
0.9823183281472597
0.9840330083945885
0.9812884310213628
0.9844067223255334
0.9932310203654094
0.9924476354634048
0.9955850387279949
0.9952420523715441
0.9941459554189205
0.9966373828567039
0.9962031526977125
0.9948921703412027
0.9971057339338546
0.9960737682238258
0.9929468547311663
0.9933726819278054
0.9910242318309546
0.9831540738671248
0.9680958396971118
0.9424438691255298
0.9431745051142547
0.9569293343028427
0.9690117857992193
0.9752094309713464
0.9904798306460518
0.9911036467472363
0.9892896967527728
0.9900188169867443
0.9947716456077931
0.9932180626333212
0.996345418205108
0.9958710320816637
0.9945215610183459
0.996624724916345
0.9960130699360408
0.9895210482702257
0.9984731688483435
0.9959507623900676
0.9838104463822939
0.9646756676132582
0.9475173549125654
0.9383757868538047
0.924138162670515
0.8733707455149802
0.8807402350907535
0.8481332417818671
0.8522064307581935
0.9485967549933635
0.9717240691005612
0.9855666326185959
0.9859611254301621
0.993579546496685
0.0
0.0
0.9126550411436095
0.971412703525251
0.964408999452488
0.9921443352462649
0.9919669136628004
0.9798081220712376
0.9989527331911643
0.9931040288326192
0.9503164926989206
0.9131821299776381
0.8989880906275712
0.8626231266976804
0.8361175154736126
0.7718778953213298
0.8020192558628726
0.8057714547927093
0.7559365802756703
0.9203977697179936
0.9436086389850915
0.9703905725323781
0.9705199215702919
0.9937408758098839
0.0
0.0
0.0
0.8227587724532448
0.9508930413955865
0.9451449641900935
0.9874801827191279
0.9922172748043416
0.9971905482376021
0.9916086001935377
0.958138026091705
0.9301170648681062
0.9048253178649431
0.854911466982783
0.8328323911775072
0.7622906660121256
0.7562231707227317
0.8093664619764896
0.8092824248221785
0.9101724583235373
0.9466800083078977
0.9722311570581712
0.9789777298967828
0.9873652552241519
0.0
0.0
0.0
0.0
0.0
0.7937308903639942
0.8640745214618166
0.9348073471431554
0.9963191858875521
0.9877471517036038
0.9386394266660162
0.8777816854646653
0.8668415573161576
0.8355096250859367
0.8102076360883329
0.6978085161145697
0.5864298174481992
0.5896953726627966
0.5912394777320578
0.8644899985978949
0.9516955449600628
0.9609635723153883
0.9784862891219236
0.9876544236732628
0.0
0.0
0.0
0.8280979059063293
0.8843480535790669
0.9640871791974208
0.9664903677535357
0.9247714601681521
0.9967523023774537
0.9949092637634552
0.9769569721712984
0.9635322306364206
0.959483433159607
0.9477495959910722
0.9436658783391716
0.946314194224808
0.9605808954701506
0.9588105929631046
0.9654080801418943
0.9939111022663282
0.0
0.0
0.0
0.2899057732053394
0.8292990600790956
0.7474881051339117
0.9490551328533572
0.9637829843451922
0.9868398129759548
0.9931441891182735
0.9937491364273473
0.9947258513664775
0.9958245290694077
0.9946490158648016
0.9927439020141442
0.9928392307219935
0.9901318151537666
0.9863336616202493
0.9776175710380735
0.964153557355183
0.9788500745186539
0.9858058497507225
0.9849177398961192
0.9895972272467061
0.9937572068300964
0.9939395484014887
0.995146190663431
0.9917361211279968
0.9953659938992451
0.999965770482918
0.9931483358910592
0.996317596991882
0.9970851876475588
0.9969672405942789
0.9963389968597995
0.9940605988912403
0.9983495390093251
0.9965627484753011
0.9856533943409378
0.9729291149750188
0.9499838399711273
0.9275752050230904
0.9151242674054078
0.8867019082268174
0.902411970455052
0.8809091698351182
0.8522095448944931
0.9406214998064512
0.9675496833850378
0.983060477324825
0.9846240848860597
0.9965451413174117
0.0
0.9035599285705969
0.9396615307989482
0.9844998325289035
0.9934099603491403
0.9944036616564649
0.9900708372718965
0.9956603256596652
0.9976372485059914
0.994203526533758
0.9723941697063035
0.9377558698355629
0.9167505812752226
0.881803460987014
0.8653865707199986
0.8307261316958496
0.8133003808155588
0.7787362066327652
0.7126198163715136
0.909045157368129
0.9449513381161384
0.9697156328571067
0.9692391880826933
0.9862939808427176
0.0
0.0
0.0
0.0
0.5565189441260767
0.9005382527950966
0.9326085220449288
0.8834327641467933
0.9982580247338806
0.9865337887978957
0.952324922744805
0.8921414752848023
0.853992605953221
0.8135562065374384
0.7835099762720983
0.6061088142053427
0.49137334993111975
0.4790793549067527
0.4625594852317765
0.7734426062407842
0.9393106438150642
0.9522873767929539
0.9717753993522017
0.9851410215331926
0.0
0.0
0.0
0.8389932300942831
0.8857898956212671
0.9577538101615923
0.9714769114408344
0.9535837849719893
0.9965326689676614
0.9880801129941841
0.940599951428105
0.8729799167170441
0.8457910987320999
0.8018099844995431
0.7737181377682975
0.5876971139046031
0.4062995879920239
0.3563407662283836
0.3218688204657523
0.7785299901905065
0.9111838804831808
0.9551175329151028
0.9561067796494241
0.9797789827277684
0.0
0.0
0.0
0.0
0.0
0.7373516757946155
0.8916268927769699
0.7860562759001245
0.9974443193871181
0.9841974616252085
0.9062210565956093
0.8418345384788958
0.787250248338309
0.6910766842662441
0.6747030396410487
0.3824231236111223
0.16264886948253365
0.23737862437634374
0.35356148266873033
0.7448082892993101
0.931553402072389
0.9457939662896658
0.9703878632100336
0.9832185001887127
0.0
0.0
0.8043186103672206
0.8855452340004493
0.9168176821071444
0.9766896290541025
0.9562382858184942
0.976988366406159
0.9965337255479861
0.9948840017890567
0.9830633822516927
0.9687978201966867
0.9564645557158933
0.9397903645050718
0.9347871120721764
0.9458966885041418
0.969553230320959
0.9703305626282824
0.9736469446276018
0.9886255330133087
0.0
0.0
0.0
0.0
0.5071325555103205
0.8590617763175651
0.8911820125712442
0.958477742486666
0.967662156496578
0.9819946143786398
0.9928838708477301
0.9923194490195194
0.9922919822107313
0.9919829585872475
0.9893766874795645
0.9896650654667448
0.9915466735664532
0.9680512581941849
0.9678690905664522
0.9384632489913703
0.9336785994089775
0.9117747453332387
0.9430176492509562
0.9721775486616193
0.9817513789757139
0.9914185375088157
0.991859250578537
0.981837698829964
0.9946173268005006
0.9940157760443271
0.9913876861889476
0.9946086511284853
0.9941229141940191
0.9844269058265213
0.9950543244542326
0.9900546840701319
0.9989109486634897
0.9953304684883012
0.9833772271344755
0.9733924863903654
0.9469367796419648
0.9029637469285194
0.8810747807568113
0.8432437414028151
0.8552919563172028
0.8316090536347625
0.7975432918084063
0.9097868729964995
0.9616698942166867
0.9680317529470697
0.9824127288586173
0.9903103197810816
0.0
0.7603170961495854
0.9820581200859153
0.9885829586039893
0.9918645224535434
0.9946498342616688
0.9885889461051741
0.9942638146586038
0.997548531947362
0.9945157642302882
0.9717004026047383
0.9289766568799727
0.9010204920187352
0.8672422622640421
0.8459251526685386
0.82923793060922
0.8543898510796719
0.8042785091349482
0.7663051383420831
0.9151437041531649
0.9707792531597287
0.978956253689199
0.9875952678092672
0.9924487549358185
0.0
0.9669976775851303
0.9585364812683977
0.9895718268925245
0.9938640282955036
0.9937559061668375
0.9936720935611986
0.989683003956247
0.9972527989201067
0.9931753012996567
0.9774026405185784
0.9467277346272248
0.9255007828224848
0.8862153341607815
0.8504107303751333
0.78978953245472
0.8120567891199982
0.8109466504835766
0.850263877186647
0.9350370719843386
0.9692193261634834
0.9788265565953063
0.977652367580377
0.9904533960992413
0.0
0.8412641845442556
0.9192339565347462
0.9803921855040518
0.991103069600642
0.9908268727272893
0.9928218020151686
0.9899649765568599
0.9972927782355702
0.9928382796868035
0.9696119192398345
0.9224380029140596
0.8893645073763056
0.8601583274223344
0.8521547699830561
0.8221381373775679
0.8201287018377277
0.7891943314409843
0.7623674419315611
0.9279524457176968
0.9566133101396183
0.9782842639481945
0.9778569347492957
0.9901463843585615
0.0
0.8379526364144645
0.9334486453884259
0.9611061654388869
0.9850511702146987
0.9895107242183694
0.9937934296826657
0.9870273965581451
0.9971267188756265
0.991906250434046
0.9707596615151534
0.9293342390441012
0.8958833504888241
0.8790044853328044
0.8618229154922108
0.8314501883080664
0.8366324498214536
0.805121862947094
0.8076392310424088
0.94807363719307
0.9656608400555283
0.9828557538888323
0.9819334191267509
0.9917901767094625
0.0
0.9573653841179639
0.9789972894720333
0.9767467182258864
0.9936016848140026
0.9940162128857012
0.9945729954727838
0.9918602009838198
0.9975083570658868
0.997304106082512
0.9925288738540992
0.9806687355294728
0.9738961845822472
0.9615430277379644
0.9658583819239334
0.9611545125803052
0.9713601095105207
0.9779097379401012
0.9794109413193443
0.9958359907263336
0.0
0.7276626966810915
0.9632893264876838
0.9499084114890375
0.9885156088035812
0.9790272872916327
0.98944411894876
0.9950947723581117
0.9953244050152245
0.9935198183301468
0.9999670436536492
0.992287613821744
0.9951181141251538
0.9970164710248176
0.9959090114333135
0.9922459124706591
0.9931904580932206
0.9912487842024804
0.9693196021520454
0.9766524314128159
0.9853548758502292
0.9799522341671045
0.9857848281103697
0.9884141817181941
0.9904329150758914
0.9953959266396083
0.9951609700906832
0.9879828586573358
0.9965573750426525
0.9961309054990843
0.9949283225651289
0.9969929672557432
0.9964216206390402
0.995213861785767
0.9940067218673295
0.9963618797495022
0.9983516956944427
0.9962140925294332
0.9845598817933744
0.9764430415165704
0.961862018808578
0.9330897447039128
0.91944699419088
0.8774155115994532
0.8807676729771866
0.8793645705242159
0.8615894898082113
0.9407030111810821
0.9777071589563603
0.9826322875889233
0.9909980997263138
0.9948043869157247
0.8238635362685099
0.9196476239339887
0.9861359044055225
0.9920525121937425
0.9945917303595827
0.9940385559600396
0.9898920550274303
0.9959628193665367
0.9977597874236427
0.9937738812699957
0.9660295662311998
0.9375153012283975
0.9209516208990001
0.8890002828961933
0.8621485598664137
0.8162656383243605
0.7956500569907314
0.7970392215643487
0.7764606574148355
0.9064877024496267
0.9616313407928166
0.9705350835202311
0.9831483982347098
0.990159015277413
0.0
0.0
0.7815716635754717
0.9085971752059878
0.9340769493504693
0.9670937297870823
0.9754824167383565
0.9867010171939935
0.9972987469384739
0.9898268676116027
0.9358773677857679
0.9028905559914004
0.8789398285980433
0.8417599877751096
0.8260926634228987
0.7468388799196326
0.6257832265936577
0.6316529125831574
0.6131227059490999
0.8657732306837816
0.9536306989540133
0.9599912497503178
0.9765187697661483
0.9871725478823982
0.0
0.0
0.8494910986034413
0.9062062511681723
0.9699606131168086
0.9815202856462296
0.9727460355084749
0.9941189061689795
0.9971820579753984
0.9914709844276166
0.9452360647082275
0.9091581560331404
0.8725229233781528
0.8310180643868083
0.8111345134176225
0.7171282459147941
0.5861819321605068
0.5555939618410177
0.5032975313544474
0.8150663313491222
0.9417751094335018
0.9529055626214559
0.9721000906661152
0.9843177456120096
0.0
0.0
0.0
0.7676440887585309
0.9130091709625108
0.93551853702392
0.9508237994851416
0.9649551792272248
0.9963844173615559
0.9870535121566406
0.9259285257003594
0.8834345851628681
0.8449246731743476
0.788777293331502
0.758653233643008
0.5350112909511843
0.28393855907829324
0.24945723439464873
0.27329113171212016
0.7095229946205489
0.9261699686721505
0.9454547755752623
0.9687445453732055
0.9821424034215858
0.0
0.0
0.8163178349863002
0.8494529586862868
0.9362754268820691
0.9661489531916123
0.9740622285215955
0.9832443516953252
0.9965006271323068
0.9952634750058154
0.9805681872903841
0.9691054667802741
0.959208652735892
0.9403451990865105
0.9317898504308658
0.9294788192379213
0.9494833097173685
0.9469007569210715
0.9515808853473039
0.9831930500430275
0.0
0.0
0.0
0.0
0.6538564498227284
0.8643710864042385
0.9144975837426934
0.9257380949558011
0.9710999659049544
0.9818498693920515
0.9841354312251199
0.9827074928540057
0.9999324479089469
0.9882047574577008
0.9883538406445492
0.9670676862264305
0.8329327012288127
0.5672184030973149
0.3358755959148778
0.0
0.0
0.0
0.0
0.0
0.0
0.0
0.5369383029020424
0.4853207693122495
0.8163152337318507
0.8665428096499005
0.8875701021236087
0.9604424046596779
0.9571281200053726
0.9838065943110432
0.9903259837638027
0.9774748305989825
0.9986196959462119
0.9888432939749342
0.9416592615479839
0.8962626499837785
0.8590563367145201
0.7807521019965448
0.7452365493805311
0.4431556192059952
0.13899217552934903
0.05243209095250031
0.11966961508160959
0.5880803719294709
0.8762557290726156
0.9443336391772044
0.9479678157481078
0.9887673557685472
0.0
0.0
0.0
0.0
0.8431922957722514
0.7285161121938788
0.9291959374933508
0.9235154949554912
0.9977838996493371
0.9813245679655963
0.8951309674047332
0.8429671177659227
0.7750195960469927
0.6177481909626128
0.5445911693932366
0.17308327940910564
0.0
0.0
0.0
0.08608186428989646
0.781988507917508
0.8945418367406631
0.950372037115803
0.9737347026476303
0.0
0.0
0.0
0.0
0.0
0.0
0.0
0.0
0.9909074395782715
0.9752788049162241
0.8672438454818404
0.7243605568791311
0.6124609380224199
0.46109121564785255
0.40341167436484204
0.062409425013741346
0.0011241637853488641
0.0
0.0
0.48937495209323406
0.8383075745273947
0.9061481055408339
0.9571946205473593
0.9772261189928797
0.0
0.0
0.0
0.0
0.0
0.0
0.7555194576723613
0.7563804649428767
0.9945581836814906
0.9842646441252814
0.9594771547837327
0.9422035114185491
0.9400512276309825
0.9157886397184299
0.9058596421882069
0.8968266187819176
0.9353864302958658
0.92946972708881
0.9212622062793525
0.9622797900397675
0.9712054767880139
0.9833809036834493
0.9809573448439219
0.9911272015302169
0.0
0.0
0.857468172973716
0.8841959254156034
0.9436200716565774
0.9465914626541515
0.9712011197787598
0.9336964237429474
0.9961383410444394
0.9875518478010311
0.9573044404228276
0.899087146658338
0.8414780120113496
0.8052764902451623
0.7850433260460138
0.6660908489342635
0.6042513350784963
0.5896717712720084
0.5436572291416681
0.84543405681422
0.9332821917721772
0.9671284821131608
0.9690431518177055
0.9867080022083794
0.0
0.0
0.7529933402992639
0.9036936669507468
0.9320625366479869
0.9571150085112441
0.9825006442201297
0.9713999346065157
0.9984255953699347
0.9922598069813403
0.9827376748557016
0.9553921476695195
0.9559222210045811
0.9453520413275237
0.9519057727805558
0.94095103916285
0.9548247075444902
0.9531229600085854
0.9561684643186485
0.9814616046777763
0.0
0.0
0.0
0.0
0.6696181951211743
0.7953849747347225
0.9387279949764591
0.9492309056756584
0.9620483581338547
0.9817471152060379
0.9842780765439602
0.9714231148421717
0.9927828592730722
0.9901632529119256
0.9688492573870874
0.9365784710982493
0.721944108755985
0.5492441367160683
0.0
0.0
0.0
0.0
0.0
0.0
0.0
0.0
0.0
0.603887925404323
0.6403317743065382
0.768076755954085
0.7953127060754122
0.7873522228877525
0.8994309752066992
0.9102873545226323
0.9066944407086721
0.9169647258897388
0.9590151604691406
0.9437201309796616
0.9587060018225175
0.9246956235883076
0.9982231626045277
0.6223598460802777
0.4555229075251054
0.0
0.0
0.0
0.0
0.684205813787094
0.783537590147513
0.76448469704343
0.8855741324714567
0.9066077450410163
0.9256080016807651
0.9754192318230023
0.9719787010356252
0.9672367277312687
0.9668762834991971
0.9801067404548242
0.9807828330712681
0.9780436999273833
0.9984027593954435
0.988578561252029
0.9719196371464344
0.9560405742984301
0.9392546049822229
0.9007856831888303
0.8523864736285968
0.7875692369442301
0.8665020140293119
0.8262894516983347
0.7720768181613283
0.9023307929894797
0.9638989341145616
0.9692723917990793
0.9854903845339802
0.9917381176622792
0.0
0.0
0.739215025068281
0.9435062543368457
0.9568745320168789
0.9598387419375538
0.9814799701875808
0.9615782820812133
0.9967987856385234
0.990121200766524
0.970426219195869
0.9544925687913856
0.9155084981979141
0.8971013582685211
0.8664362926733481
0.819074460249497
0.8170757678389032
0.7899662932556213
0.7588692049427193
0.8889557406207903
0.9516470963857648
0.97643006443153
0.976872538093762
0.9945865959890476
0.0
0.0
0.8135063197476278
0.9274047288687547
0.9524797675043825
0.9801800000036821
0.9585829305176182
0.989116608064397
0.9971366143628869
0.9903356703395754
0.9561929003828918
0.932195006772297
0.9024169957289531
0.8560606739274047
0.8347969207297798
0.7744346864637359
0.7621885771159875
0.7475025484006196
0.792704988822173
0.9344909723170887
0.9607074963170233
0.9801862220392852
0.9785653241172658
0.9899443203651971
0.0
0.0
0.8869091945348898
0.9346095284243822
0.954717440344039
0.9776582591399603
0.9771138873229857
0.9770134149675819
0.9983013201102963
0.9895417517188092
0.956443939335765
0.9242502752679758
0.8920554142039095
0.86136686557372
0.8495122854773135
0.8025937539105064
0.7661546934019847
0.7662920503889247
0.7278257387433628
0.8990006543049573
0.9481704034321515
0.9746839715447747
0.9752547943024966
0.9889776078648983
0.0
0.854698562102433
0.9505423387128643
0.9641646857487267
0.9678228431971948
0.9830495955337748
0.9879566361864205
0.9859910020040995
0.9984214766454285
0.9929155577859741
0.9864379289891083
0.964861206428862
0.9607198595381378
0.9505471336500015
0.9585238306320534
0.9490892079083806
0.9609593950446891
0.9650085971488902
0.9678550117229595
0.986391532707664
0.0
0.0
0.0
0.0
0.6949866070412201
0.8911497753843459
0.9314363484938795
0.9636268872093099
0.988945284121795
0.9894448028016763
0.9910808077883596
0.9876356618152466
0.9928981695718881
0.9999260654196378
0.9924896598754708
0.9898657081267922
0.9755435394729269
0.8833393348591536
0.7923298077527088
0.3665882203800346
0.0
0.0
0.0
0.9961312755705091
0.7288751760050135
0.693985633805517
0.8450764932211599
0.8257845778071856
0.9201605317776463
0.9828137034476118
0.988771863252875
0.9900818242895753
0.9915726812131938
0.9809814837521074
0.9912424711025306
0.9868261653975718
0.998734512602536
0.9917397840228646
0.9532585540636012
0.9253977247479462
0.9045722828014955
0.8656695764367721
0.847365380887521
0.7985527340369579
0.8103227506147344
0.772921540353363
0.7465668396847641
0.8987387028626214
0.9547918344977813
0.976921706887805
0.9760945866118024
0.9946523945076104
0.0
0.0
0.7970341666069661
0.9364070862570535
0.9566902732370084
0.9869960261949219
0.9828888434477916
0.9923090908222398
0.997244992620335
0.9897336468543686
0.9422834756397112
0.8912008249908088
0.8490153687147982
0.8271284781516279
0.8198641530901349
0.6434242629244047
0.47750772523076146
0.4647211987911926
0.42324981838020487
0.7891478995113573
0.9447910304648389
0.9564529593738199
0.9756448943785508
0.9856037398662492
0.0
0.0
0.0
0.0
0.6694538097840679
0.8704508647183687
0.8858215010749654
0.8977044563416462
0.9956896409063263
0.9809633592483112
0.9014351308135455
0.8230810990263112
0.7379419748350853
0.5968685246767975
0.5381542641732977
0.1489570748195224
0.0
0.0
0.0
0.08545529403161663
0.6904642340508241
0.901729689868746
0.9319915030782924
0.9750438835267455
0.0
0.0
0.0
0.0
0.0
0.0
0.6989819575866099
0.7154558598584281
0.9971687983606584
0.977098585491052
0.865890234407712
0.790296737218905
0.6823662605423085
0.5405139539270972
0.4390697779533014
0.03254928152042101
0.0
0.0
0.0
0.0
0.539402119682159
0.8242059197170969
0.92017103991352
0.9724782856002675
0.0
0.0
0.0
0.0
0.0
0.0
0.0
0.8241661552350448
0.9946702283024
0.97576496081466
0.8714241733506181
0.7688144063302801
0.6620882763449076
0.5079817188213543
0.44254657073961506
0.06914201844841915
0.0
0.0
0.0
0.08804687008299823
0.779191375128711
0.896681228509803
0.9545994265660437
0.9748218949769973
0.0
0.0
0.0
0.0
0.0
0.8292569613056959
0.9354145543655307
0.9316271721909568
0.9955828412982779
0.9922240272271516
0.9734004352783538
0.938534462536368
0.9352795229361118
0.9048360087489363
0.9099134864136471
0.8525363014702309
0.8885692577785176
0.9427346848314692
0.934478829822939
0.9750725173550453
0.0
0.0
0.0
0.0
0.4973137454207416
0.8246553268276967
0.836136819572055
0.9301700304441458
0.9487872131578061
0.9540195454214707
0.9738986472575779
0.9328572891873415
0.9996574553853226
0.9731327979878464
0.8601041300202157
0.613782004707615
0.0
0.0
0.0
0.0
0.0
0.0
0.0
0.0
0.0
0.0
0.0
0.0
0.0
0.0
0.0
0.7460086719326819
0.7377793967144435
0.6885618632877305
0.7296302053378779
0.8666363897095315
0.9948143312685961
0.980030266197563
0.9033992817688526
0.8359456141701287
0.7655259993883972
0.641015407501847
0.5925898928246173
0.2574101087028715
0.044435505774014256
0.034840912518675986
0.037915318613342124
0.44426683337088924
0.8486223646467744
0.9114789297539108
0.9603259417297297
0.9792235509843241
0.0
0.0
0.0
0.0
0.0
0.7023381784807371
0.8945439375240598
0.8286195940204844
0.9950776212582155
0.977762149982705
0.8844761175496781
0.7922261083729591
0.6994227960161117
0.5787904876244173
0.477158512381862
0.07942977775139719
0.0
0.0
0.0
0.02236811392765444
0.7865961175473996
0.9319608985000337
0.9439527556614312
0.9732093479628927
0.0
0.0
0.0
0.0
0.0
0.0
0.0
0.0
0.9957620823421685
0.9777169638888574
0.9354534108190993
0.9299751210448077
0.9158088099902469
0.8773918781005327
0.8893934424376981
0.8614489883693373
0.8505010796465904
0.7945238951642275
0.742904058734499
0.8899516187904113
0.946556842230848
0.9740157414641573
0.9766935170150822
0.9941381791008964
0.0
0.0
0.0
0.0
0.0
0.0
0.79477067388975
0.7081446983172877
0.9954526218884732
0.9848537731354045
0.9320295685402504
0.840415353835217
0.770747034280825
0.7021617887643664
0.6641733642677439
0.34267065664884994
0.2566596842208486
0.417145110931833
0.5237703325213744
0.8305972318416215
0.9228653891065147
0.9601396632067083
0.9658669325610652
0.9854360632534798
0.0
0.0
0.0
0.0
0.0
0.8296031602521344
0.9206296193301936
0.8428145153620497
0.997787308993735
0.9822498238184811
0.8967441592947114
0.8118015313444633
0.7388079164741647
0.6155318797020182
0.5616273066705925
0.1883091701687113
0.020505326237448808
0.01921167652631511
0.02102207960393613
0.361521927645028
0.8401705397739662
0.9318385543811595
0.946541790010546
0.976457717687189
0.0
0.0
0.0
0.0
0.0
0.0
0.7895913754002225
0.7052510091162586
0.9973342792095595
0.9877630397488558
0.9811064673893043
0.9683053926442678
0.9633165606480487
0.9678015976522881
0.9773068098634149
0.97028750283259
0.9711996929522624
0.9864990601836662
0.9799942179060642
0.9900689671195346
0.0
0.0
0.0
0.6845509029503439
0.8580330972047452
0.9332974022471908
0.9370635997874306
0.9433688710678878
0.9819100236380458
0.9854570748042812
0.9891432597930556
0.9930174923000216
0.991642865570264
0.9876582483044524
0.9869361988018788
0.9766103573875835
0.9189258136175079
0.9686958150188144
0.8759029408433526
0.8912566184661773
0.9331063466952059
0.9123270500544349
0.9178513037207662
0.973573956369595
0.9808666796171704
0.9874789604548696
0.9831696475099382
0.9999192823147177
0.9923876500986036
0.9945131373733226
0.9875329947940936
0.9933978394856946
0.9947089848868672
0.9940115550989764
0.9883226126771318
0.9988393849137522
0.9939346524741264
0.9734797409007233
0.9557195632376025
0.9032728282370028
0.8561500112585466
0.830309910903509
0.7969062607510049
0.8073201887309882
0.684440417715438
0.5601881500861067
0.8112495169377755
0.901893172221245
0.9661286354147122
0.9690904595485722
0.9931932312811832
0.0
0.0
0.0
0.8438949574342393
0.9392607249997268
0.9651492241756788
0.9635905402376951
0.9925215198961121
0.9970060953991103
0.9911178577626464
0.9569981606532444
0.9167642352115061
0.8547155843311747
0.7600029566898323
0.7529103752520202
0.6821439610472229
0.593096332057529
0.28772511808341283
0.23995899227213088
0.5639980148623226
0.8537280153931062
0.9322775467451622
0.9459903925973526
0.9772982937472091
0.0
0.0
0.0
0.0
0.0
0.8172238569023654
0.8580678369631598
0.9120633078322511
0.9979029238732813
0.9894559556593718
0.9730216461152503
0.9578186493423
0.9524261885150892
0.9339216425434729
0.908868495226326
0.8639823266360654
0.8624027128058552
0.8584957232903192
0.7565260566930857
0.8478495709503729
0.927300562312735
0.9593959095737506
0.9803213696737457
0.9883334626541866
0.0
0.0
0.8725057211010057
0.8585369676020953
0.9754582646005365
0.9797141245695754
0.9785127785369951
0.9843468608930366
0.998370253505773
0.9901276476905085
0.9480010184712043
0.9159027813826793
0.8503337841014396
0.7730111637838041
0.7321259937921788
0.6336798235151166
0.45852275068791126
0.08533369742142935
0.024188233441056816
0.3184577334773854
0.7655700519455386
0.8723460790038714
0.9496790994253618
0.9747031215488977
0.0
0.0
0.0
0.0
0.0
0.0
0.0
0.0
0.9967910323679101
0.9824547625667425
0.9467948352984837
0.8934952004016015
0.8636937451582646
0.7905171524101108
0.7898304518358175
0.7336867881965463
0.7520971640017964
0.6254843900733968
0.5107117422726055
0.7036859174177382
0.8933025999305219
0.9471326086103133
0.9592701929882165
0.9837922643991652
0.0
0.0
0.0
0.6959565646637892
0.886583921889625
0.9205353592468679
0.9419537269689489
0.9653681871462485
0.9960791131449346
0.9937640176521123
0.9838113100796203
0.9584307156625901
0.9526664592397243
0.9288736365507622
0.9367752976442811
0.9283341983217653
0.9468446263896914
0.9267808193146009
0.928494126640647
0.9828162507578557
0.0
0.0
0.0
0.0
0.0
0.0
0.0
0.0
0.8204814695336805
0.8792397210185223
0.8934727884467036
0.9199735991857421
0.9615368135103324
0.9575866603431007
0.9996079423714911
0.8069642274148888
0.5528041097112341
0.0
0.0
0.0
0.0
0.0
0.0
0.0
0.0
0.0
0.0
0.0
0.0
0.0
0.0
0.0
0.0
0.0
0.0
0.4867426566378134
0.9971139368282712
0.9814665808497164
0.9076733265948926
0.7910913025801172
0.6539121284066151
0.5090823064144591
0.40769755596364077
0.08143386356858147
0.011408814399746586
0.0
0.0
0.0
0.0015290604073704786
0.39091095322155056
0.8911646737789223
0.9521689424722563
0.0
0.0
0.0
0.0
0.0
0.0
0.0
0.0
0.9952738142281693
0.9739644266994063
0.8850633084603736
0.7453235844958521
0.6408636640240434
0.5132898996151842
0.4517929075891759
0.19040862383755874
0.013971032039367143
0.0
0.0
0.0
0.4693721974581565
0.7710363270358895
0.8743814442902696
0.9586514242041397
0.0
0.0
0.0
0.0
0.0
0.0
0.0
0.0
0.9939073773473797
0.9801784845942717
0.9042972187700826
0.7400603508454082
0.6111912541967581
0.374464557228686
0.13014415941544677
0.05158183765363285
0.030645828055248674
0.003139708582336195
0.0
0.0
0.46697311609552045
0.7819074554810065
0.8890122075994255
0.9811893054575119
0.0
0.0
0.0
0.0
0.0
0.0
0.8387221371541003
0.799387522604419
0.9955677755325644
0.9865288666590681
0.9377488452949113
0.8875449520841953
0.8189930039076513
0.7392957776999087
0.7406736962207684
0.6406885141960758
0.7108750067121617
0.7181142834167692
0.6529193505939834
0.8568257171218954
0.942001268389568
0.9729372425662626
0.9745706169216167
0.9885514137840427
0.0
0.0
0.787869734343787
0.9257701601240373
0.9582027048731158
0.9860471390595058
0.9774895255628232
0.9929768164081026
0.9970897740468463
0.9902643162210317
0.9536348002757644
0.9054930913037363
0.8575487798320147
0.7933724291716259
0.7506046128802164
0.6237165453630671
0.37685591402271335
0.044854671955183265
0.008701966533280722
0.07734941801070644
0.637717006170936
0.8602978998383751
0.9243632258520404
0.970825731592219
0.0
0.0
0.0
0.0
0.0
0.5837868091644176
0.8114530254704471
0.9210302223877134
0.9947371909367041
0.9919807680968161
0.9781464828847694
0.942581058515763
0.9302953311750731
0.9084227981622589
0.8823769912506157
0.852758662590222
0.8574139750609161
0.8858952690968124
0.8377083382413106
0.9334747965169795
0.0
0.0
0.0
0.0
0.0
0.0
0.0
0.0
0.0
0.0
0.0
0.0
0.0
0.0
0.0
0.0
0.0
0.0
0.0
0.0
0.0
0.0
0.0
0.7322496283718148
0.8671359399917988
0.9007248228366754
0.9025794406942746
0.9645613297639328
0.9748470682907732
0.9845894693870529
0.9938318439284858
0.993607334780955
0.9866770101378028
0.9946821710219388
0.9938650958553983
0.9937007027124279
0.9975545844943906
0.9940766131064683
0.9813632992651984
0.9622917459705281
0.950988294841051
0.9197870554827359
0.9106176238399831
0.8815878552209084
0.9092706852436501
0.9036654367468419
0.8386063708740518
0.9098036945901734
0.9705351584646162
0.9841479299477731
0.98756285187666
0.9922114015383737
0.8383045628572801
0.9607095046072335
0.946620144303843
0.989406365783934
0.9913561144186899
0.9922799713893937
0.9945180709129162
0.9873536268057005
0.9986860576778174
0.9928721856878904
0.9791435752727258
0.9609509924332507
0.9341574793629257
0.893068876376173
0.8739837244787442
0.8299376347006324
0.8160586622143501
0.7316041310271167
0.7680892030338132
0.8311802975265722
0.9499103715747825
0.9747848416019359
0.9763744308920199
0.9947435568726709
0.0
0.7435430199414322
0.8080912740572951
0.9350658452971531
0.9868346450751843
0.9905181954002549
0.9926460931810395
0.9898878252966586
0.998692801261222
0.9935426934695
0.9810368688488016
0.965568887806684
0.9425047842616926
0.9066105604720824
0.8681289383662093
0.8394146334920364
0.8603922850057195
0.8565940685870542
0.8061879575739005
0.912142527822756
0.9490247027203211
0.9778887375461984
0.9837079477973033
0.9901651955241431
0.0
0.8638445067561927
0.9137201496418333
0.9760883399421618
0.9726428098412192
0.9912317966799499
0.9955539525345276
0.9903777660693299
0.9986743283384029
0.9927227872017178
0.9725207960765401
0.9415294857760655
0.9192230772231822
0.8434724971494725
0.8307483655980932
0.7859697996244542
0.8017195298505231
0.6101738335848307
0.5079892679036733
0.7690199983549697
0.8926460486547044
0.9482475965266517
0.9625796557845471
0.9869525330809285
0.0
0.0
0.7321101712842536
0.8952314196871961
0.9363985482232091
0.9792527228802848
0.988011341577277
0.9822131651477566
0.9968818357023171
0.9926492654422839
0.9505158452135314
0.8961178849232383
0.8349720401727142
0.7666392724575477
0.7047429895731503
0.5503749223843911
0.27931683009431546
0.0007982333566457888
0.0
0.018335815081889407
0.6073554911317888
0.8235170950292601
0.9399157713129578
0.9700164996166173
0.0
0.0
0.0
0.0
0.0
0.0
0.0
0.0
0.9890333163463567
0.986258582135138
0.9777494112165956
0.9618864424073292
0.9163753960747931
0.8050509349007138
0.8106154300642656
0.7348961377186153
0.8263030592287077
0.7851671180449834
0.8637402744644694
0.945414204516073
0.0
0.0
0.0
0.0
0.0
0.0
0.0
0.0
0.0
0.0
0.0
0.0
0.0
0.0
0.0
0.0
0.0
0.0
0.0
0.0
0.0
0.0
0.0
0.0
0.0
0.0
0.0
0.0
0.0
0.0
0.0
0.0
0.0
0.0
0.0
0.0
0.995349153230134
0.9691950450159191
0.8470959712132508
0.7176917729543659
0.666049279932626
0.48165520007320334
0.43940047820544287
0.20422823323826578
0.005939974663842649
0.0
0.0
0.0
0.0
0.07256839826929762
0.7462626719717342
0.9188317734023386
0.0
0.0
0.0
0.0
0.0
0.0
0.0
0.0
0.9870333438938278
0.9574628230773938
0.7661784021200702
0.6550745823896765
0.5062026009705997
0.2621047348696814
0.1896625178292633
0.03597914193518783
0.0019152410648898258
0.0
0.0
0.0
0.1416189432196352
0.7782249214546961
0.9342603665340382
0.9716094161399372
0.0
0.0
0.0
0.0
0.0
0.0
0.0
0.836504622053928
0.9942589261373155
0.9820918061781861
0.9344079849632955
0.857918773223789
0.7225056712001875
0.6279640659667279
0.5738854604102112
0.37841791444745687
0.1003909749807782
0.016715841489053446
0.01508758180384587
0.2273495588296788
0.7323093801298594
0.9135395576696843
0.9554472565695512
0.9763254178458896
0.0
0.0
0.0
0.0
0.0
0.0
0.0
0.8266204404236973
0.9945878571473618
0.9834538363100978
0.9064016466117601
0.812567030789021
0.7498480803066363
0.6267359953190635
0.5325642992477252
0.23658957855003238
0.02414332673326333
0.0
0.0
0.048780177541321926
0.619557446899052
0.8257348007803262
0.8815311880287512
0.9737004790285402
0.0
0.0
0.0
0.0
0.0
0.0
0.0
0.0
0.9894387155916279
0.9424753395534939
0.71973491509227
0.5325570847152833
0.2635933254402721
0.055473230340653636
0.03552880720912921
0.002065552111746418
0.0
0.0
0.0
0.0
0.0
0.26774356062098303
0.8042517285033506
0.9686011584519816
0.0
0.0
0.0
0.0
0.0
0.0
0.0
0.0
0.9960641479150946
0.9869821011378814
0.9686384433649929
0.9200099270503204
0.921854704148499
0.8264256448686056
0.8254628200434003
0.7855021316118561
0.6630166399590441
0.4458578446480905
0.48785526307268373
0.818509001824249
0.0
0.0
0.0
0.0
0.0
0.0
0.0
0.0
0.0
0.0
0.0
0.0
0.0
0.0
0.0
0.0
0.0
0.0
0.0
0.0
0.0
0.0
0.0
0.0
0.0
0.0
0.0
0.0
0.0
0.0
0.0
0.49078933439386324
0.8194596414527071
0.8401758002717262
0.9322217016061213
0.8798763449177733
0.9977484659099635
0.9835321084140176
0.927891183703107
0.8760730250480602
0.7561999542373506
0.6222402748946767
0.54026579791831
0.4137339198361204
0.321797823248129
0.13681240771071596
0.03314303083072541
0.22521984265668063
0.798371046747082
0.9444297393828984
0.9723272609053315
0.9853942435460361
0.0
0.0
0.0
0.8554872963906264
0.8878080399408887
0.9592685461554357
0.9729385479009968
0.9555373197738415
0.9965990218392413
0.9905684655127147
0.9542723178658205
0.9291061958136051
0.8566027173312846
0.7647315804088148
0.7142815907838586
0.6493215976641051
0.49156927029189174
0.16331404029390062
0.08323415394438365
0.33721886648725735
0.7676168842709056
0.8968928849687164
0.9539111428717663
0.9780265346426142
0.0
0.0
0.0
0.0
0.0
0.7045829244592099
0.879410729999925
0.812655634477972
0.9975342498136013
0.9781965404208756
0.9050278175022783
0.8311456794747196
0.7117172417666682
0.6070924753480448
0.5378705865477383
0.34681486768560266
0.040126618792142264
0.0
0.0
0.02037023614875254
0.5595188672761545
0.8459231959728564
0.8920683256054665
0.977494717380146
0.0
0.0
0.0
0.0
0.0
0.0
0.0
0.0
0.9943504309288445
0.9700006907803655
0.8363119248547941
0.6414575502526375
0.48667186319857647
0.13432216072826628
0.05554162730423048
0.006448213574607012
0.0
0.0
0.0
0.0
0.19154410072879693
0.6781461891376753
0.8758643027796217
0.9354153544066076
0.0
0.0
0.0
0.0
0.0
0.0
0.0
0.0
0.9929701989057532
0.9517006070476909
0.7470076751865301
0.6474103159711889
0.5293320976337365
0.31703610145186645
0.28762373263154384
0.05219145780960514
0.0
0.0
0.0
0.0
0.0
0.25396969351432885
0.786118279076247
0.9322813488908896
0.0
0.0
0.0
0.0
0.0
0.0
0.0
0.0
0.9968974961258364
0.9880545979021824
0.9706608577357021
0.9415060267768637
0.9053623512100009
0.8362665896450701
0.8664417969752296
0.8023306312172925
0.7484068466932736
0.6315348454053631
0.8147601566016998
0.9045169722840872
0.0
0.0
0.0
0.0
0.0
0.0
0.0
0.0
0.0
0.0
0.0
0.0
0.0
0.0
0.0
0.0
0.0
0.0
0.0
0.0
0.0
0.0
0.0
0.0
0.0
0.0
0.0
0.0
0.0
0.0
0.0
0.0
0.0
0.0
0.0
0.0
0.9908240002407948
0.9652902754674261
0.7967062577234282
0.5599205396933398
0.209106170110322
0.050773334387948524
0.024583058337257675
0.0
0.0
0.0
0.0
0.0
0.0
0.0
0.050191428699740824
0.7517876771392584
0.0
0.0
0.0
0.0
0.0
0.0
0.0
0.0
0.9812224406822757
0.9519426252988136
0.6267901546801391
0.3867682833884879
0.07022981434232069
0.008546399991342908
0.0
0.0
0.0
0.0
0.0
0.0
0.0
0.0
0.5883692030829376
0.885620618386849
0.0
0.0
0.0
0.0
0.0
0.0
0.0
0.0
0.9944713564553155
0.9623851647824643
0.8121238342235206
0.7140386872664377
0.5663092799868339
0.24854663008986771
0.11348417652995875
0.01264484989954392
0.0
0.0
0.0
0.0
0.0
0.0
0.0005588041917006525
0.48055602031617745
0.0
0.0
0.0
0.0
0.0
0.0
0.0
0.0
0.9747531332944679
0.9247793741839652
0.4375301721741085
0.09030953069956844
0.01470759600624938
0.0
0.0
0.0
0.0
0.0
0.0
0.0
0.0
0.0
0.0
0.002252641323306528
0.0
0.0
0.0
0.0
0.0
0.0
0.0
0.0
0.9823795223317254
0.8536895779077323
0.24514262410268978
0.042759877374099226
0.0
0.0
0.0
0.0
0.0
0.0
0.0
0.0
0.0
0.0
0.0
0.003396346745307397
0.0
0.0
0.0
0.0
0.0
0.0
0.0
0.0
0.9884628624291216
0.9649583921866011
0.8791860055228693
0.765128983639787
0.6043375337955796
0.20514157620045012
0.05400106926423245
0.0
0.0
0.0
0.0
0.0
0.0
0.0
0.0
0.0
0.0
0.0
0.0
0.0
0.0
0.0
0.0
0.0
0.0
0.0
0.0
0.0
0.0
0.0
0.0
0.0
0.0
0.0
0.0
0.0
0.0
0.0
0.0
0.0
0.0
0.0
0.0
0.0
0.0
0.0
0.0
0.0
0.9876137113318002
0.9250992921155076
0.6816183057233223
0.48095353181943296
0.23285761629289947
0.059684948098560224
0.0428106173339828
0.0005755537833815395
0.0
0.0
0.0
0.0
0.0
0.0
0.08369060778093107
0.818820367025051
0.0
0.0
0.0
0.0
0.0
0.0
0.0
0.0
0.9835622960647108
0.966184686040167
0.7072071110128827
0.5295925933282235
0.21533558114807821
0.07914510452609155
0.0397898208063822
0.0
0.0
0.0
0.0
0.6499891227262872
0.8691984100023101
0.9157798252535839
0.9476443075059324
0.9739991584185201
0.0
0.0
0.0
0.0
0.0
0.0
0.0
0.0
0.9937143246490746
0.9858258453723103
0.9520347391006008
0.9315504514742073
0.8709276004761071
0.8746769960045657
0.8151632541189335
0.7197119238768699
0.8369061152312599
0.7826166206922136
0.7534480122392305
0.8959874337077386
0.9516645653428399
0.9721451835345792
0.9797475900291231
0.9937575642251717
0.0
0.0
0.0
0.0
0.0
0.8166420207846844
0.8998383111943417
0.9043319848074786
0.9953840915254105
0.988292636742543
0.9446512549688983
0.9249780891040796
0.8096150571066224
0.7100057042944534
0.6987283592477067
0.5213448456431217
0.3914285236855386
0.19485128820638722
0.2607078389655075
0.9063073870785412
0.9409463974943926
0.9575857877571717
0.9792917861476683
0.9875094432964087
0.0
0.0
0.0
0.0
0.0
0.0
0.0
0.7793605293721675
0.99741372881591
0.9817918272107464
0.9281390257295059
0.8425696275261997
0.7620231658868548
0.6815008900181294
0.5811015288018718
0.3878106324092783
0.029056534663901346
0.0
0.0
0.0
0.6118477602491567
0.7939712109356201
0.9085012778689119
0.9629625999132646
0.0
0.0
0.0
0.0
0.0
0.0
0.0
0.0
0.9960057403365239
0.9861390285162754
0.9677714053571123
0.940572737780946
0.9240302758186155
0.8230842494931041
0.8609831847223475
0.787997069705556
0.6819873671915426
0.55708996800609
0.6023032901333041
0.9407730178457875
0.0
0.0
0.0
0.0
0.0
0.0
0.0
0.0
0.0
0.0
0.0
0.0
0.0
0.0
0.0
0.0
0.0
0.0
0.0
0.0
0.0
0.0
0.0
0.0
0.0
0.0
0.0
0.0
0.0
0.0
0.0
0.0
0.0
0.0
0.0
0.0
0.992576553976577
0.9557685566467947
0.7020230442885383
0.3979257065398445
0.07543263312092362
0.009786553619455613
0.0005716370016377303
0.0
0.0
0.0
0.0
0.0
0.0
0.0
0.009850888103463658
0.5851948066654845
0.0
0.0
0.0
0.0
0.0
0.0
0.0
0.0
0.9874945665029725
0.9215413658053795
0.5700894818998248
0.22122947157605463
0.03940355891123292
0.0014437842737851686
0.0
0.0
0.0
0.0
0.0
0.0
0.0
0.0
0.0
0.0
0.0
0.0
0.0
0.0
0.0
0.0
0.0
0.0
0.9754949955910062
0.8412544712738085
0.23426114568021267
0.010707574063572194
0.0
0.0
0.0
0.0
0.0
0.0
0.0
0.0
0.0
0.0
0.0
0.0
0.0
0.0
0.0
0.0
0.0
0.0
0.0
0.0
0.952824030031638
0.8218055656062226
0.247951006088394
0.022450407426784946
0.0
0.0
0.0
0.0
0.0
0.0
0.0
0.0
0.0
0.0
0.0
0.052684284140586325
0.0
0.0
0.0
0.0
0.0
0.0
0.0
0.0
0.9897547787720576
0.9298801121474726
0.6303641732099642
0.3035673223727046
0.08940211180126414
0.02568837737008611
0.004938517023199248
0.0
0.0
0.0
0.0
0.0
0.0
0.0056277303108865605
0.7033971337069918
0.9581885820154825
0.0
0.0
0.0
0.0
0.0
0.0
0.0
0.0
0.9952920895357755
0.9838829405912535
0.9509721101449703
0.8878819282304535
0.8794232883330232
0.812578863253349
0.7771631788827873
0.7604191217736266
0.40573059025928954
0.02234583645286041
0.0
0.23795915044453264
0.0
0.0
0.0
0.0
0.0
0.0
0.0
0.0
0.0
0.0
0.0
0.0
0.0
0.0
0.0
0.0
0.0
0.0
0.0
0.0
0.0
0.0
0.0
0.0
0.0
0.0
0.0
0.0
0.0
0.0
0.0
0.0
0.0
0.0
0.0
0.739836371576134
0.9967194835055686
0.9749601435844828
0.8935682678321781
0.7759094741408346
0.6926336857314455
0.5377792149710032
0.44668768022121796
0.153692392912344
0.008551080784280447
0.0
0.0
0.0
0.0
0.0
0.6635209620025448
0.9369826303131756
0.0
0.0
0.0
0.0
0.0
0.0
0.0
0.0
0.9930407998475532
0.9670341416145997
0.7207330723945756
0.5584858828039558
0.2866281391053047
0.076924764525485
0.04263960740849799
0.0
0.0
0.0
0.0
0.0
0.0
0.0
0.0
0.43430351339536954
0.0
0.0
0.0
0.0
0.0
0.0
0.0
0.0
0.9797681186884198
0.8491605365807007
0.16017341350551673
0.006711306721260176
0.0
0.0
0.0
0.0
0.0
0.0
0.0
0.0
0.0
0.0
0.0
0.0
0.0
0.0
0.0
0.0
0.0
0.0
0.0
0.0
0.9013877437819567
0.7015785684822956
0.0
0.0
0.0
0.0
0.0
0.0
0.0
0.0
0.0
0.0
0.0
0.0
0.0
0.0
0.0
0.0
0.0
0.0
0.0
0.0
0.0
0.0
0.9374905062069787
0.7342018813251793
0.01762169849610108
0.0
0.0
0.0
0.0
0.0
0.0
0.0
0.0
0.0
0.0
0.0
0.0
0.0
0.0
0.0
0.0
0.0
0.0
0.0
0.0
0.0
0.9904889416488388
0.9718537886243743
0.9121939245576823
0.8462604622657958
0.8590611136572948
0.7938031646940388
0.7506922808515549
0.7005865626777903
0.5089105984998198
0.36906380741445616
0.6040386659293859
0.9660712901089998
0.0
0.0
0.0
0.0
0.0
0.0
0.0
0.0
0.0
0.0
0.0
0.0
0.0
0.0
0.0
0.0
0.0
0.0
0.0
0.0
0.0
0.0
0.0
0.0
0.0
0.0
0.0
0.0
0.0
0.0
0.0
0.0
0.0
0.0
0.0
0.0
0.994003988832507
0.967820042246244
0.7097028726215517
0.4611986728307999
0.16462893045054466
0.08343820925529352
0.05802725284166581
0.0030816264132271115
0.0
0.0
0.0
0.0
0.0
0.0
0.0
0.41925751814312767
0.0
0.0
0.0
0.0
0.0
0.0
0.0
0.0
0.9799597611319478
0.9206528766450754
0.416409023346119
0.07102466034338815
0.011073594872669804
0.0
0.0
0.0
0.0
0.0
0.0
0.0
0.0
0.0
0.0
0.0
0.0
0.0
0.0
0.0
0.0
0.0
0.0
0.0
0.900418524462368
0.7799105172447374
0.014189003350915198
0.0
0.0
0.0
0.0
0.0
0.0
0.0
0.0
0.0
0.0
0.0
0.0
0.0
0.0
0.0
0.0
0.0
0.0
0.0
0.0
0.0
0.9243003242456805
0.7772237474130756
0.023209676854054388
0.0
0.0
0.0
0.0
0.0
0.0
0.0
0.0
0.0
0.0
0.0
0.0
0.0
0.0
0.0
0.0
0.0
0.0
0.0
0.0
0.0
0.913792641775372
0.7853611249806158
0.02865694827552387
0.0
0.0
0.0
0.0
0.0
0.0
0.0
0.0
0.0
0.0
0.0
0.0
0.0
0.0
0.0
0.0
0.0
0.0
0.0
0.0
0.0
0.792317361903512
0.7181134609665504
0.04705319238606062
0.0
0.0
0.0
0.0
0.0
0.0
0.0
0.0
0.0
0.0
0.0
0.0
0.0
0.0
0.0
0.0
0.0
0.0
0.0
0.0
0.0
0.0
0.0
0.0
0.0
0.0
0.0
0.0
0.0
0.0
0.0
0.0
0.0
0.0
0.0
0.0
0.0
0.0
0.0
0.0
0.0
0.0
0.0
0.0
0.0
0.9700334631962783
0.8396558880873906
0.1818439077400252
0.006770936530889072
0.0
0.0
0.0
0.0
0.0
0.0
0.0
0.0
0.0
0.0
0.0
0.0
0.0
0.0
0.0
0.0
0.0
0.0
0.0
0.0
0.912869700029957
0.7641300321795665
0.00876424150941707
0.0
0.0
0.0
0.0
0.0
0.0
0.0
0.0
0.0
0.0
0.0
0.0
0.0
0.0
0.0
0.0
0.0
0.0
0.0
0.0
0.0
0.8730947030103132
0.7228055306873482
0.007915502333468378
0.0
0.0
0.0
0.0
0.0
0.0
0.0
0.0
0.0
0.0
0.0
0.5481540257587308
0.9331664629406675
0.0
0.0
0.0
0.0
0.0
0.0
0.0
0.0
0.9675379440756837
0.9092934399275125
0.5186844466357043
0.12250812934130026
0.021551167874358398
0.0
0.0
0.0
0.0
0.0
0.0
0.0
0.0
0.0
0.0
0.0
0.0
0.0
0.0
0.0
0.0
0.0
0.0
0.0
0.9502665373876811
0.8402848519324057
0.13551285395733295
0.004744977906855564
0.0
0.0
0.0
0.0
0.0
0.0
0.0
0.0
0.0
0.0
0.0
0.6256967696390371
0.0
0.0
0.0
0.0
0.0
0.0
0.0
0.0
0.9603483833506521
0.9203562960687783
0.8001007275177667
0.6665638736736316
0.42815989845382724
0.09663189776604432
0.019352713992059865
0.0
0.0
0.0
0.0
0.0
0.0
0.0
0.0
0.0
0.0
0.0
0.0
0.0
0.0
0.0
0.0
0.0
0.0
0.0
0.0
0.0
0.0
0.0
0.0
0.0
0.0
0.0
0.0
0.0
0.0
0.0
0.0
0.0
0.0
0.0
0.0
0.0
0.0
0.0
0.0
0.0
0.0
0.0
0.0
0.0
0.0
0.0
0.0
0.0
0.0
0.0
0.0
0.0
0.0
0.0
0.0
0.0
0.0
0.0
0.0
0.0
0.0
0.0
0.0
0.0
0.9179567495335593
0.7670213982685471
0.0
0.0
0.0
0.0
0.0
0.0
0.0
0.0
0.0
0.0
0.0
0.0
0.0
0.0
0.0
0.0
0.0
0.0
0.0
0.0
0.0
0.0
0.9059765568394764
0.7069262483267067
0.0
0.0
0.0
0.0
0.0
0.0
0.0
0.0
0.0
0.0
0.0
0.0
0.0
0.0
0.0
0.0
0.0
0.0
0.0
0.0
0.0
0.0
0.9165271152603885
0.763915408532824
0.02322618863139979
0.0
0.0
0.0
0.0
0.0
0.0
0.0
0.0
0.0
0.0
0.0
0.0
0.0
0.0
0.0
0.0
0.0
0.0
0.0
0.0
0.0
0.6547899412808733
0.36997533071637095
0.0
0.0
0.0
0.0
0.0
0.0
0.0
0.0
0.0
0.0
0.0
0.0
0.0
0.0
0.0
0.0
0.0
0.0
0.0
0.0
0.0
0.0
0.8228392003076644
0.762543860124935
0.1497130096938592
0.004554575696156285
0.0
0.0
0.0
0.0
0.0
0.0
0.0
0.0
0.0
0.0
0.0
0.0
0.0
0.0
0.0
0.0
0.0
0.0
0.0
0.0
0.0
0.0
0.0
0.0
0.0
0.0
0.0
0.0
0.0
0.0
0.0
0.0
0.0
0.0
0.0
0.0
0.0
0.0
0.0
0.0
0.0
0.0
0.0
0.0
0.863263314034544
0.7832552255507325
0.02055558393924062
0.0
0.0
0.0
0.0
0.0
0.0
0.0
0.0
0.0
0.0
0.0
0.0
0.0
0.0
0.0
0.0
0.0
0.0
0.0
0.0
0.0
0.8277950681215277
0.5312856260606482
0.0
0.0
0.0
0.0
0.0
0.0
0.0
0.0
0.0
0.0
0.0
0.0
0.0
0.30030687345625967
0.0
0.0
0.0
0.0
0.0
0.0
0.0
0.0
0.912108282288881
0.8826353505371762
0.461563861033523
0.20333568678367367
0.0
0.007404010635638517
0.012641345388377538
0.0
0.0
0.0
0.0
0.0
0.0
0.0
0.7650195975590027
0.8951792018222476
0.0
0.0
0.0
0.0
0.0
0.0
0.0
0.0
0.9448389145874937
0.8789820460442732
0.3997839169265514
0.07936095608824535
0.005577480440520647
0.0
0.0
0.0
0.0
0.0
0.0
0.0
0.0
0.0
0.0
0.37027499548765586
0.0
0.0
0.0
0.0
0.0
0.0
0.0
0.0
0.9665641093528373
0.8768418232502485
0.292475054796883
0.050015361027883815
0.0
0.0
0.0
0.0
0.0
0.0
0.0
0.0
0.0
0.0
0.0
0.0
0.0
0.0
0.0
0.0
0.0
0.0
0.0
0.0
0.6342589153023117
0.8595753778150516
0.16377182649862387
0.019138124736610123
0.0
0.0
0.0
0.0
0.0
0.0
0.0
0.0
0.0
0.0
0.0
0.0
0.0
0.0
0.0
0.0
0.0
0.0
0.0
0.0
0.0
0.0
0.0
0.0
0.0
0.0
0.0
0.0
0.0
0.0
0.0
0.0
0.0
0.0
0.0
0.0
0.0
0.0
0.0
0.0
0.0
0.0
0.0
0.0
0.6638332895900315
0.5947884198524247
0.0
0.0
0.0
0.0
0.0
0.0
0.0
0.0
0.0
0.0
0.0
0.0
0.8426661385252172
0.9636058479044275
0.0
0.0
0.0
0.0
0.0
0.0
0.0
0.0
0.9750191542826954
0.9019880194828979
0.6299646448937185
0.2941733976560945
0.06622248030252002
0.003067329273918074
0.0
0.0
0.0
0.0
0.0
0.0
0.0
0.0
0.0
0.0
0.0
0.0
0.0
0.0
0.0
0.0
0.0
0.0
0.4790434265996017
0.028101186928002557
0.0
0.0
0.0
0.0
0.0
0.0
0.0
0.0
0.0
0.0
0.0
0.0
0.0
0.0
0.0
0.0
0.0
0.0
0.0
0.0
0.0
0.0
0.9065725973523993
0.7335770951040913
0.010166587139703594
0.0
0.0
0.0
0.0
0.0
0.0
0.0
0.0
0.0
0.0
0.0
0.0
0.0
0.0
0.0
0.0
0.0
0.0
0.0
0.0
0.0
0.4375032746648081
0.17592125717439797
0.0
0.0
0.0
0.0
0.0
0.0
0.0
0.0
0.0
0.0
0.0
0.0
0.0
0.0
0.0
0.0
0.0
0.0
0.0
0.0
0.0
0.0
0.7391943135009943
0.7160769497224166
0.08641087808967
0.0
0.0
0.0
0.0
0.0
0.0
0.0
0.0
0.0
0.0
0.0
0.0
0.0
0.0
0.0
0.0
0.0
0.0
0.0
0.0
0.0
0.0
0.0
0.0
0.0
0.0
0.0
0.0
0.0
0.0
0.0
0.0
0.0
0.0
0.0
0.0
0.0
0.0
0.0
0.0
0.0
0.0
0.0
0.0
0.0
0.6529482037430064
0.215836474107288
0.0
0.0
0.0
0.0
0.0
0.0
0.0
0.0
0.0
0.0
0.0
0.0
0.0
0.0
0.0
0.0
0.0
0.0
0.0
0.0
0.0
0.0
0.10786391496515454
0.0
0.0
0.0
0.0
0.0
0.0
0.0
0.0
0.0
0.0
0.0
0.0
0.0
0.0
0.0
0.0
0.0
0.0
0.0
0.0
0.0
0.0
0.0
0.001765559032968322
0.0
0.0
0.0
0.0
0.0
0.0
0.0
0.0
0.0
0.0
0.0
0.0
0.0
0.0
0.0
0.0
0.0
0.0
0.0
0.0
0.0
0.0
0.0
0.5053521051374831
0.1323925793482417
0.0
0.0
0.0
0.0
0.0
0.0
0.0
0.0
0.0
0.0
0.0
0.0
0.0
0.0
0.0
0.0
0.0
0.0
0.0
0.0
0.0
0.0
0.875135613970113
0.6794047173542824
0.0006957580314380989
0.0
0.0
0.0
0.0
0.0
0.0
0.0
0.0
0.0
0.0
0.0
0.08634147938026555
0.7076763226922893
0.0
0.0
0.0
0.0
0.0
0.0
0.0
0.0
0.9427184146897674
0.9426494101204118
0.7209018448267438
0.5377687552347262
0.20826584932841982
0.07476325087686125
0.003101007582333676
0.0
0.0
0.0
0.0
0.0
0.0
0.0
0.0
0.0
0.0
0.0
0.0
0.0
0.0
0.0
0.0
0.0
0.0
0.0
0.0
0.0
0.0
0.0
0.0
0.0
0.0
0.0
0.0
0.0
0.0
0.0
0.0
0.0
0.0
0.0
0.0
0.0
0.0
0.0
0.0
0.0
0.859728425390905
0.6447359231532461
0.0
0.0
0.0
0.0
0.0
0.0
0.0
0.0
0.0
0.0
0.0
0.0
0.0
0.0
0.0
0.0
0.0
0.0
0.0
0.0
0.0
0.0
0.6337183525056119
0.5805715991212171
0.0
0.0
0.0
0.0
0.0
0.0
0.0
0.0
0.0
0.0
0.0
0.0
0.0
0.0
0.0
0.0
0.0
0.0
0.0
0.0
0.0
0.0
0.36618780547057733
0.1041634073067272
0.0
0.0
0.0
0.0
0.0
0.0
0.0
0.0
0.0
0.0
0.0
0.0
0.0
0.0
0.0
0.0
0.0
0.0
0.0
0.0
0.0
0.0
0.05013445558298518
0.0
0.0
0.0
0.0
0.0
0.0
0.0
0.0
0.0
0.0
0.0
0.0
0.0
0.0
0.0
0.0
0.0
0.0
0.0
0.0
0.0
0.0
0.0
0.06180937456022962
0.0
0.0
0.0
0.0
0.0
0.0
0.0
0.0
0.0
0.0
0.0
0.0
0.0
0.0
0.0
0.0
0.0
0.0
0.0
0.0
0.0
0.0
0.0
0.0
0.0
0.0
0.0
0.0
0.0
0.0
0.0
0.0
0.0
0.0
0.0
0.0
0.0
0.0
0.0
0.0
0.0
0.0
0.0
0.0
0.0
0.0
0.0
0.0
0.0
0.0
0.0
0.0
0.0
0.0
0.0
0.0
0.0
0.0
0.0
0.0
0.0
0.0
0.0
0.0
0.0
0.0
0.0
0.0
0.0
0.0
0.0
0.15521464782027608
0.0
0.0
0.0
0.0
0.0
0.0
0.0
0.0
0.0
0.0
0.0
0.0
0.0
0.0
0.0
0.0
0.0
0.0
0.0
0.0
0.0
0.0
0.0
0.0
0.0
0.0
0.0
0.0
0.0
0.0
0.0
0.0
0.0
0.0
0.0
0.0
0.0
0.0
0.0
0.0
0.0
0.0
0.0
0.0
0.0
0.0
0.0
0.9051251310996031
0.7303884972472899
0.003019894788652379
0.0
0.0
0.0
0.0
0.0
0.0
0.0
0.0
0.0
0.0
0.0
0.0
0.0
0.0
0.0
0.0
0.0
0.0
0.0
0.0
0.0
0.5618446701777415
0.11371063082709366
0.0
0.0
0.0
0.0
0.0
0.0
0.0
0.0
0.0
0.0
0.0
0.0
0.0
0.0
0.0
0.0
0.0
0.0
0.0
0.0
0.0
0.0
0.27468513140891593
0.0
0.0
0.0
0.0
0.0
0.0
0.0
0.0
0.0
0.0
0.0
0.0
0.0
0.0
0.0
0.0
0.0
0.0
0.0
0.0
0.0
0.0
0.0
0.0026823474086576605
0.0
0.0
0.0
0.0
0.0
0.0
0.0
0.0
0.0
0.0
0.0
0.0
0.0
0.0
0.0
0.0
0.0
0.0
0.0
0.0
0.0
0.0
0.0
0.0
0.0
0.0
0.0
0.0
0.0
0.0
0.0
0.0
0.0
0.0
0.0
0.0
0.0
0.0
0.0
0.0
0.0
0.0
0.0
0.0
0.0
0.0
0.0
0.022902766763166826
0.0
0.0
0.0
0.0
0.0
0.0
0.0
0.0
0.0
0.0
0.0
0.0
0.0
0.0
0.0
0.0
0.0
0.0
0.0
0.0
0.0
0.0
0.0
0.008004164178718388
0.0
0.0
0.0
0.0
0.0
0.0
0.0
0.0
0.0
0.0
0.0
0.0
0.0
0.0
0.0
0.0
0.0
0.0
0.0
0.0
0.0
0.0
0.0
0.6908026113751431
0.0
0.0
0.0
0.0
0.0
0.0
0.0
0.0
0.0
0.0
0.0
0.0
0.0
0.0
0.0
0.0
0.0
0.0
0.0
0.0
0.0
0.0
0.0
0.17498149326681064
0.03606537208876556
0.0
0.0
0.0
0.0
0.0
0.0
0.0
0.0
0.0
0.0
0.0
0.0
0.0
0.0
0.0
0.0
0.0
0.0
0.0
0.0
0.0
0.0
0.4884883268276868
0.09329572242923738
0.0
0.0
0.0
0.0
0.0
0.0
0.0
0.0
0.0
0.0
0.0
0.0
0.0
0.0
0.0
0.0
0.0
0.0
0.0
0.0
0.0
0.0
0.8676023111797906
0.8192846815095192
0.366972642989185
0.0833843129408124
0.0023316167677751333
0.0
0.0
0.0
0.0
0.0
0.0
0.4533630720125163
0.0
0.0
0.0
0.0
0.0
0.0
0.0
0.0
0.0
0.0
0.0
0.0
0.0
0.0
0.0
0.0
0.0
0.0
0.0
0.0
0.0
0.0
0.0
0.0
0.0
0.0
0.0
0.0
0.0
0.0
0.0
0.0
0.0
0.0
0.0
0.0
0.04040779164226912
0.0
0.0
0.0
0.0
0.0
0.0
0.0
0.0
0.0
0.0
0.0
0.0
0.0
0.0
0.0
0.0
0.0
0.0
0.0
0.0
0.0
0.0
0.0
0.0
0.0
0.0
0.0
0.0
0.0
0.0
0.0
0.0
0.0
0.0
0.0
0.0
0.0
0.0
0.0
0.0
0.0
0.0
0.0
0.0
0.0
0.0
0.0
0.0
0.0
0.0
0.0
0.0
0.0
0.0
0.0
0.0
0.0
0.0
0.0
0.0
0.0
0.0
0.0
0.0
0.0
0.0
0.0
0.0
0.0
0.0
0.0
0.5728191448747622
0.11918773615807592
0.0
0.0
0.0
0.0
0.0
0.0
0.0
0.0
0.0
0.0
0.0
0.0
0.0
0.0
0.0
0.0
0.0
0.0
0.0
0.0
0.0
0.0
0.028345640152182196
0.0
0.0
0.0
0.0
0.0
0.0
0.0
0.0
0.0
0.0
0.0
0.0
0.0
0.0
0.0
0.0
0.0
0.0
0.0
0.0
0.0
0.0
0.0
0.18222760105169808
0.0
0.0
0.0
0.0
0.0
0.0
0.0
0.0
0.0
0.0
0.0
0.0
0.0
0.0
0.0
0.0
0.0
0.0
0.0
0.0
0.0
0.0
0.0
0.0
0.0
0.0
0.0
0.0
0.0
0.0
0.0
0.0
0.0
0.0
0.0
0.0
0.0
0.0
0.0
0.0
0.0
0.0
0.0
0.0
0.0
0.0
0.0
0.6987016672475133
0.38762417580533914
0.0
0.0
0.0
0.0
0.0
0.0
0.0
0.0
0.0
0.0
0.0
0.0
0.0
0.0
0.0
0.0
0.0
0.0
0.0
0.0
0.0
0.0
0.46412672275752204
0.08082487718232491
0.0
0.0
0.0
0.0
0.0
0.0
0.0
0.0
0.0
0.0
0.0
0.0
0.0
0.0
0.0
0.0
0.0
0.0
0.0
0.0
0.0
0.0
0.91904016704562
0.8223548903842578
0.005729552661909921
0.0
0.0
0.0
0.0
0.0
0.0
0.0
0.0
0.0
0.0
0.0
0.0
0.0
0.0
0.0
0.0
0.0
0.0
0.0
0.0
0.0
0.07968972270184743
0.0
0.0
0.0
0.0
0.0
0.0
0.0
0.0
0.0
0.0
0.0
0.0
0.0
0.0
0.0
0.0
0.0
0.0
0.0
0.0
0.0
0.0
0.0
0.6245422993161935
0.25395888800726746
0.0
0.0
0.0
0.0
0.0
0.0
0.0
0.0
0.0
0.0
0.0
0.0
0.0
0.0
0.0
0.0
0.0
0.0
0.0
0.0
0.0
0.0
0.0
0.0
0.0
0.0
0.0
0.0
0.0
0.0
0.0
0.0
0.0
0.0
0.0
0.0
0.0
0.0
0.0
0.0
0.0
0.0
0.0
0.0
0.0
0.0
0.0
0.0
0.0
0.0
0.0
0.0
0.0
0.0
0.0
0.0
0.0
0.0
0.0
0.0
0.0
0.0
0.0
0.0
0.0
0.0
0.0
0.0
0.0
0.0
0.0
0.0
0.0
0.0
0.0
0.0
0.0
0.0
0.0
0.0
0.0
0.0
0.0
0.0
0.0
0.0
0.0
0.0
0.0
0.0
0.0
0.0
0.0
0.0
0.06560596563341375
0.0
0.0
0.0
0.0
0.0
0.0
0.0
0.0
0.0
0.0
0.0
0.0
0.0
0.0
0.0
0.0
0.0
0.0
0.0
0.0
0.0
0.0
0.0
0.36527171559004395
0.0
0.0
0.0
0.0
0.0
0.0
0.0
0.0
0.0
0.0
0.0
0.0
0.0
0.0
0.0
0.0
0.0
0.0
0.0
0.0
0.0
0.0
0.0
0.6852063143091014
0.0
0.0
0.0
0.0
0.0
0.0
0.0
0.0
0.0
0.0
0.0
0.0
0.0
0.0
0.0
0.0
0.0
0.0
0.0
0.0
0.0
0.0
0.0
0.05019215997756047
0.0
0.0
0.0
0.0
0.0
0.0
0.0
0.0
0.0
0.0
0.0
0.0
0.0
0.0
0.0
0.0
0.0
0.0
0.0
0.0
0.0
0.0
0.0
0.009520843765469283
0.0
0.0
0.0
0.0
0.0
0.0
0.0
0.0
0.0
0.0
0.0
0.0
0.0
0.0
0.0
0.0
0.0
0.0
0.0
0.0
0.0
0.0
0.0
0.0
0.0
0.0
0.0
0.0
0.0
0.0
0.0
0.0
0.0
0.0
0.0
0.0
0.0
0.0
0.0
0.0
0.0
0.0
0.0
0.0
0.0
0.0
0.0
0.0
0.0
0.0
0.0
0.0
0.0
0.0
0.0
0.0
0.0
0.0
0.0
0.0
0.0
0.0
0.0
0.0
0.0
0.0
0.0
0.0
0.0
0.0
0.0
0.02821308597597725
0.0
0.0
0.0
0.0
0.0
0.0
0.0
0.0
0.0
0.0
0.0
0.0
0.0
0.0
0.0
0.0
0.0
0.0
0.0
0.0
0.0
0.0
0.0
0.061429891891156926
0.002079319498517726
0.0
0.0
0.0
0.0
0.0
0.0
0.0
0.0
0.0
0.0
0.0
0.0
0.0
0.4233758689437682
0.0
0.0
0.0
0.0
0.0
0.0
0.0
0.0
0.9574270838072951
0.8294640295933267
0.09074379257142318
0.0
0.0
0.0
0.0
0.0
0.0
0.0
0.0
0.0
0.0
0.0
0.0
0.0
0.0
0.0
0.0
0.0
0.0
0.0
0.0
0.0
0.309372482621784
0.1011294477610822
0.0
0.0
0.0
0.0
0.0
0.0
0.0
0.0
0.0
0.0
0.0
0.0
0.0
0.0
0.0
0.0
0.0
0.0
0.0
0.0
0.0
0.0
0.42089206799783146
0.7794029723912499
0.011981695202423702
0.0
0.0
0.0
0.0
0.0
0.0
0.0
0.0
0.0
0.0
0.0
0.0
0.0
0.0
0.0
0.0
0.0
0.0
0.0
0.0
0.0
0.0
0.0
0.0
0.0
0.0
0.0
0.0
0.0
0.0
0.0
0.0
0.0
0.0
0.0
0.0
0.0
0.0
0.0
0.0
0.0
0.0
0.0
0.0
0.0
0.416774749018497
0.2406753986260817
0.0
0.0
0.0
0.0
0.0
0.0
0.0
0.0
0.0
0.0
0.0
0.0
0.0
0.0
0.0
0.0
0.0
0.0
0.0
0.0
0.0
0.0
0.02517307791561227
0.011008640274800457
0.0
0.0
0.0
0.0
0.0
0.0
0.0
0.0
0.0
0.0
0.0
0.0
0.0
0.0
0.0
0.0
0.0
0.0
0.0
0.0
0.0
0.0
0.005323721556398705
0.0
0.0
0.0
0.0
0.0
0.0
0.0
0.0
0.0
0.0
0.0
0.0
0.0
0.0
0.0
0.0
0.0
0.0
0.0
0.0
0.0
0.0
0.0
0.7982958891477205
0.5792612496168434
0.0
0.0
0.0
0.0
0.0
0.0
0.0
0.0
0.0
0.0
0.0
0.0
0.0
0.0
0.0
0.0
0.0
0.0
0.0
0.0
0.0
0.0
0.7046164000055885
0.46545612412001475
0.0
0.0
0.0
0.0
0.0
0.0
0.0
0.0
0.0
0.0
0.0
0.0
0.0
0.0
0.0
0.0
0.0
0.0
0.0
0.0
0.0
0.0
0.6715053986555054
0.7011077592356215
0.09752842512734772
0.0
0.0
0.0
0.0
0.0
0.0
0.0
0.0
0.0
0.0
0.0
0.0
0.0
0.0
0.0
0.0
0.0
0.0
0.0
0.0
0.0
0.0
0.0
0.0
0.0
0.0
0.0
0.0
0.0
0.0
0.0
0.0
0.0
0.0
0.0
0.0
0.0
0.0
0.0
0.0
0.0
0.0
0.0
0.0
0.0
0.30186680033024454
0.02590664397175573
0.0
0.0
0.0
0.0
0.0
0.0
0.0
0.0
0.0
0.0
0.0
0.0
0.0
0.0
0.0
0.0
0.0
0.0
0.0
0.0
0.0
0.0
0.3568870072593929
0.16788325390669614
0.0
0.0
0.0
0.0
0.0
0.0
0.0
0.0
0.0
0.0
0.0
0.0
0.0
0.0
0.0
0.0
0.0
0.0
0.0
0.0
0.0
0.0
0.9560220051239119
0.8292596746983291
0.05942210129097894
0.0
0.0
0.0
0.0
0.0
0.0
0.0
0.0
0.0
0.0
0.0
0.0
0.02411831676355139
0.0
0.0
0.0
0.0
0.0
0.0
0.0
0.0
0.9685156276508721
0.9088897222327612
0.32963809191476845
0.07581327445795856
0.004156817526438663
0.0
0.0
0.0
0.0
0.0
0.0
0.0
0.0
0.0
0.0
0.0
0.0
0.0
0.0
0.0
0.0
0.0
0.0
0.0
0.9421012440272467
0.8175755343020467
0.08708943823520295
0.0031245141658096933
0.0
0.0
0.0
0.0
0.0
0.0
0.0
0.0
0.0
0.0
0.0
0.0
0.0
0.0
0.0
0.0
0.0
0.0
0.0
0.0
0.8864394075162714
0.9070543516121965
0.48716429439905545
0.14508698028442052
0.007293208827186168
0.0
0.0
0.0
0.0
0.0
0.0
0.0
0.0
0.0
0.0
0.0
0.0
0.0
0.0
0.0
0.0
0.0
0.0
0.0
0.0
0.0
0.0
0.0
0.0
0.0
0.0
0.0
0.0
0.0
0.0
0.0
0.0
0.0
0.0
0.0
0.0
0.0
0.0
0.0
0.0
0.0
0.0
0.0
0.603403041394345
0.36793096712265083
0.0
0.0
0.0
0.0
0.0
0.0
0.0
0.0
0.0
0.0
0.0
0.0
0.0
0.0
0.0
0.0
0.0
0.0
0.0
0.0
0.0
0.0
0.9026501927159273
0.7449893880535844
0.005829100740573601
0.0
0.0
0.0
0.0
0.0
0.0
0.0
0.0
0.0
0.0
0.0
0.0
0.0
0.0
0.0
0.0
0.0
0.0
0.0
0.0
0.0
0.09645275237928744
0.03349889940939801
0.0
0.0
0.0
0.0
0.0
0.0
0.0
0.0
0.0
0.0
0.0
0.0
0.0
0.5941297067490506
0.0
0.0
0.0
0.0
0.0
0.0
0.0
0.0
0.9335448943211627
0.8553402026603728
0.06415679592293488
0.0
0.0
0.0
0.0
0.0
0.0
0.0
0.0
0.0
0.0
0.0
0.37538988822082214
0.8802151621018682
0.0
0.0
0.0
0.0
0.0
0.0
0.0
0.0
0.9357002110971077
0.8118116741949634
0.07897793835371808
0.0
0.0
0.0
0.0
0.0
0.0
0.0
0.0
0.0
0.0
0.0
0.0
0.0
0.0
0.0
0.0
0.0
0.0
0.0
0.0
0.0
0.9210999991575295
0.8573923966060403
0.6102750327664298
0.11345047747711373
0.015563046200238243
0.0
0.0
0.0
0.0
0.0
0.0
0.0
0.0
0.0
0.0
0.0
0.0
0.0
0.0
0.0
0.0
0.0
0.0
0.0
0.0
0.0
0.0
0.0
0.0
0.0
0.0
0.0
0.0
0.0
0.0
0.0
0.0
0.0
0.0
0.0
0.0
0.0
0.0
0.0
0.0
0.0
0.0
0.0
0.0
0.0
0.0
0.0
0.0
0.0
0.0
0.0
0.0
0.0
0.0
0.0
0.0
0.0
0.0
0.0
0.0
0.0
0.0
0.0
0.0
0.0
0.0
0.0
0.9677946159629663
0.9062479070019261
0.07046795459678291
0.0
0.0
0.0
0.0
0.0
0.0
0.0
0.0
0.0
0.0
0.0
0.6114121926569922
0.9311223878746955
0.0
0.0
0.0
0.0
0.0
0.0
0.0
0.0
0.9747198047113954
0.880049609251417
0.44978136520619705
0.07916260264196012
0.005634665257960951
0.0
0.0
0.0
0.0
0.0
0.0
0.0
0.0
0.0
0.0
0.0
0.0
0.0
0.0
0.0
0.0
0.0
0.0
0.0
0.9218350881482399
0.779176492587419
0.0
0.0
0.0
0.0
0.0
0.0
0.0
0.0
0.0
0.0
0.0
0.0
0.6323035843101484
0.9342191795980294
0.0
0.0
0.0
0.0
0.0
0.0
0.0
0.0
0.9838086980756983
0.9546566934652181
0.8701206758400708
0.7290117153799599
0.30373113221570375
0.3326231983029795
0.395827572212643
0.026827492686385197
0.0
0.0
0.0
0.0
0.02628236810202692
0.7547839661530145
0.9213904038463077
0.9690138452971341
0.0
0.0
0.0
0.0
0.0
0.0
0.0
0.0
0.9911051471009503
0.9732847495677411
0.9357303095124904
0.8615081894563092
0.8136894996355188
0.7825689095404812
0.734910515039494
0.5983035962357957
0.10752854287047807
0.0
0.0
0.3476378258237811
0.0
0.0
0.0
0.0
0.0
0.0
0.0
0.0
0.0
0.0
0.0
0.0
0.0
0.0
0.0
0.0
0.0
0.0
0.0
0.0
0.0
0.0
0.0
0.0
0.0
0.0
0.0
0.0
0.0
0.0
0.0
0.0
0.0
0.0
0.0
0.0
0.9738094335008883
0.862206728393563
0.19494776136611433
0.004233561644189351
0.0
0.0
0.0
0.0
0.0
0.0
0.0
0.0
0.0
0.0
0.0
0.0
0.0
0.0
0.0
0.0
0.0
0.0
0.0
0.0
0.9419536245886795
0.8745332712922864
0.0485930023138767
0.0
0.0
0.0
0.0
0.0
0.0
0.0
0.0
0.0
0.0
0.0
0.0
0.0
0.0
0.0
0.0
0.0
0.0
0.0
0.0
0.0
0.9474197340095823
0.8077527970725381
0.029163794632799885
0.0
0.0
0.0
0.0
0.0
0.0
0.0
0.0
0.0
0.0
0.0
0.0
0.0
0.0
0.0
0.0
0.0
0.0
0.0
0.0
0.0
0.8594478732444748
0.8413154688553465
0.013251290145159569
0.0
0.0
0.0
0.0
0.0
0.0
0.0
0.0
0.0
0.0
0.0
0.03493777997693732
0.0
0.0
0.0
0.0
0.0
0.0
0.0
0.0
0.0
0.8742837913645127
0.7033063693627766
0.0
0.0
0.0
0.0
0.0
0.0
0.0
0.0
0.0
0.0
0.0
0.0
0.0
0.41234280149393693
0.0
0.0
0.0
0.0
0.0
0.0
0.0
0.0
0.9771585497489762
0.9325859607727761
0.8752013064396436
0.7021212739618735
0.5536155623705474
0.1094662398860529
0.040043867071206204
0.0
0.0
0.0
0.0
0.0
0.0
0.0
0.0
0.0
0.0
0.0
0.0
0.0
0.0
0.0
0.0
0.0
0.0
0.0
0.0
0.0
0.0
0.0
0.0
0.0
0.0
0.0
0.0
0.0
0.0
0.0
0.0
0.0
0.0
0.0
0.0
0.0
0.0
0.0
0.0
0.0
0.9849169286644918
0.9350870646884543
0.5907678926636487
0.14024386641319575
0.03995564119817509
0.0
0.0
0.0
0.0
0.0
0.0
0.0
0.0
0.0
0.0
0.5808559675878834
0.0
0.0
0.0
0.0
0.0
0.0
0.0
0.0
0.9810524545893761
0.9016050663260017
0.42629674404201506
0.061664742864523774
0.0038306249873347907
0.0
0.0
0.0
0.0
0.0
0.0
0.0
0.0
0.0
0.0
0.0
0.0
0.0
0.0
0.0
0.0
0.0
0.0
0.0
0.9781182534163712
0.8809709078917686
0.22084857179324863
0.015165066365692646
0.0
0.0
0.0
0.0
0.0
0.0
0.0
0.0
0.0
0.0
0.0
0.0
0.0
0.0
0.0
0.0
0.0
0.0
0.0
0.0
0.9630480935631156
0.8346175479018605
0.07089645074069899
0.0
0.0
0.0
0.0
0.0
0.0
0.0
0.0
0.0
0.0
0.0
0.0
0.0
0.0
0.0
0.0
0.0
0.0
0.0
0.0
0.0
0.8649200627143205
0.8239133367404793
0.012175562028497138
0.0
0.0
0.0
0.0
0.0
0.0
0.0
0.0
0.0
0.0
0.0
0.0
0.0
0.0
0.0
0.0
0.0
0.0
0.0
0.0
0.0
0.9597513572763999
0.9368768475572931
0.8826683765008092
0.7186087757238007
0.5199745891602298
0.13929958378986707
0.048656577746815054
0.0
0.0
0.0
0.5532709901654174
0.9537719142252676
0.0
0.0
0.0
0.0
0.0
0.0
0.0
0.0
0.0
0.0
0.0
0.0
0.0
0.0
0.0
0.0
0.0
0.0
0.0
0.0
0.0
0.0
0.0
0.0
0.0
0.0
0.0
0.0
0.0
0.0
0.0
0.0
0.0
0.0
0.0
0.0
0.9811529330909536
0.9671566560181035
0.5301735772296523
0.1625721112422659
0.06252689731031813
0.0027417803822020067
0.0
0.0
0.0
0.0
0.0
0.0
0.0
0.0
0.0
0.11728451794950767
0.0
0.0
0.0
0.0
0.0
0.0
0.0
0.0
0.9748664052325537
0.8771404629120799
0.29675924576352136
0.020489964532615784
0.0
0.0
0.0
0.0
0.0
0.0
0.0
0.0
0.0
0.0
0.0
0.0
0.0
0.0
0.0
0.0
0.0
0.0
0.0
0.0
0.9637091337554973
0.9057505361365201
0.4622599306088975
0.08648425893054137
0.004806385505952976
0.0
0.0
0.0
0.0
0.0
0.0
0.0
0.0
0.0
0.0
0.0
0.0
0.0
0.0
0.0
0.0
0.0
0.0
0.0
0.9155671965179311
0.8715991202317246
0.04148162720194144
0.0
0.0
0.0
0.0
0.0
0.0
0.0
0.0
0.0
0.0
0.0
0.0
0.0
0.0
0.0
0.0
0.0
0.0
0.0
0.0
0.0
0.9570105906958842
0.821438776712545
0.041446748065490494
0.0
0.0
0.0
0.0
0.0
0.0
0.0
0.0
0.0
0.0
0.0
0.0
0.0
0.0
0.0
0.0
0.0
0.0
0.0
0.0
0.0
0.9428661750229128
0.8860476759286253
0.6817113750074909
0.09098150991766588
0.004838507574545676
0.0
0.0
0.0
0.0
0.0
0.0
0.0
0.0
0.0
0.0
0.0
0.0
0.0
0.0
0.0
0.0
0.0
0.0
0.0
0.0
0.0
0.0
0.0
0.0
0.0
0.0
0.0
0.0
0.0
0.0
0.0
0.0
0.0
0.0
0.0
0.0
0.0
0.0
0.0
0.0
0.0
0.0
0.0
0.9832578973447353
0.9134585280463945
0.5163015954027358
0.10280022714751003
0.014050959088757288
0.0
0.0
0.0
0.0
0.0
0.0
0.0
0.0
0.0
0.006955945808834428
0.5543445639470433
0.0
0.0
0.0
0.0
0.0
0.0
0.0
0.0
0.9722715158808617
0.9085135982051895
0.09095480809170697
0.0
0.0
0.0
0.0
0.0
0.0
0.0
0.0
0.0
0.0
0.0
0.7680889499836389
0.9549738254616008
0.0
0.0
0.0
0.0
0.0
0.0
0.0
0.0
0.9881163611186775
0.9625263460573232
0.7821440673610861
0.5064933369990917
0.1495670728900811
0.32429872273937316
0.25565004139941394
0.0
0.0
0.10265948178518114
0.31033905586876454
0.8089332142049802
0.9248591165560979
0.9575557461224776
0.9532762974210408
0.9877440379978155
0.0
0.0
0.0
0.0
0.0
0.0
0.0
0.0
0.9944862737089876
0.9805811547819925
0.9365635882920308
0.9008713311184313
0.8881785494765123
0.855228588106653
0.8331496890191132
0.8266993207711634
0.8841508965424587
0.8837290467252424
0.8466143845191965
0.9292805744364975
0.9648600468749314
0.9634598091930142
0.9825459010820314
0.9848500178803181
0.0
0.0
0.0
0.0
0.0
0.0
0.0
0.0
0.9963652403124933
0.9830919410585978
0.8938673462974721
0.840638162182942
0.7599923950576244
0.6051982246615066
0.5927310023141087
0.2482797668004469
0.0015706985677411554
0.0
0.0
0.0
0.10692492802052055
0.7378121042078556
0.8950988038360389
0.9765599669037057
0.0
0.0
0.0
0.0
0.0
0.0
0.0
0.0
0.9948277672299641
0.9872419309225264
0.975817610133488
0.9330306128376593
0.89491242867181
0.8204426649979404
0.8361933068382263
0.7857368290838727
0.7067267845926349
0.6312112325344904
0.8274447220738314
0.9475183806979881
0.0
0.0
0.0
0.0
0.0
0.0
0.0
0.0
0.0
0.0
0.0
0.0
0.0
0.0
0.0
0.0
0.0
0.0
0.0
0.0
0.0
0.0
0.0
0.0
0.0
0.0
0.0
0.0
0.0
0.0
0.0
0.0
0.0
0.0
0.0
0.0
0.0
0.0
0.0
0.0
0.0
0.0
0.0
0.0
0.0
0.0
0.0
0.0
0.0
0.0
0.0
0.0
0.0
0.0
0.0
0.0
0.0
0.0
0.0
0.0
0.9954789708048966
0.9785769428197846
0.8572824540502963
0.7635887362731049
0.5413580610027312
0.24462967531863133
0.08790044464136024
0.014603652806386883
0.0
0.0
0.0
0.0
0.0
0.037903851557002946
0.6731611397794088
0.9441838166043861
0.0
0.0
0.0
0.0
0.0
0.0
0.0
0.0
0.992746459635343
0.9659605168461625
0.7905337769240064
0.5719813198546267
0.24350650081220476
0.053004498993024354
0.023390753300810554
0.0
0.0
0.0
0.0
0.0
0.0
0.0
0.10360787812468361
0.8433596782060475
0.0
0.0
0.0
0.0
0.0
0.0
0.0
0.0
0.9885021199192913
0.9508754381506399
0.6901880447660668
0.44378473394918466
0.07800286619592749
0.003087011772921903
0.0
0.0
0.0
0.0
0.0
0.0
0.0
0.0
0.005364107958125594
0.40976334835585837
0.0
0.0
0.0
0.0
0.0
0.0
0.0
0.0
0.9859359016313796
0.9254481229548873
0.7156177119410778
0.34977978407510185
0.05723921471801208
0.0
0.0
0.0
0.0
0.0
0.0
0.0
0.0
0.0
0.01598872933543582
0.7464474296352049
0.0
0.0
0.0
0.0
0.0
0.0
0.0
0.0
0.9845966938126129
0.9632025982089912
0.8857170852987284
0.826708355127868
0.7126221360387224
0.37347022625194126
0.12379162284105236
0.009334568328878775
0.0
0.0
0.0
0.04957977982679968
0.0
0.0
0.0
0.0
0.0
0.0
0.0
0.0
0.0
0.0
0.0
0.0
0.0
0.0
0.0
0.0
0.0
0.0
0.0
0.0
0.0
0.0
0.0
0.0
0.0
0.0
0.0
0.0
0.0
0.0
0.0
0.0
0.0
0.0
0.0
0.0
0.9912729338370386
0.9681564700675669
0.7850747433024554
0.6703302241489918
0.48367740074632803
0.1750256407378314
0.0798939954068005
0.006185844122303799
0.0
0.0
0.0
0.0
0.0
0.04192391857727649
0.8576016543172624
0.9241793361637743
0.0
0.0
0.0
0.0
0.0
0.0
0.0
0.0
0.9887495402527997
0.9803256257939568
0.9254481851307502
0.8567925915082814
0.7860593430613845
0.6465771191996404
0.6926730963159448
0.512385263819921
0.5383025095297048
0.3118008381985367
0.30361946422051106
0.7467661567791959
0.9322073666553073
0.9585276037344328
0.982549772015419
0.9853969481185831
0.0
0.0
0.0
0.0
0.0
0.0
0.8718588246860374
0.8020107898466248
0.9977360064560697
0.9893187322573188
0.9596040529935128
0.9358151542552858
0.8940376029364455
0.8081622499521672
0.7962019021868694
0.7254613818720486
0.6072664312503708
0.5954529234634568
0.5198203954411771
0.7667555919370677
0.8933727789691077
0.9703223870604437
0.9712641849103821
0.9920500391596373
0.0
0.0
0.0
0.0
0.0
0.7896711684921153
0.8419502857503336
0.9371339910443944
0.9978118943528528
0.9893543858726349
0.9404702272255023
0.8975073427297274
0.8439422980430069
0.7618791291034651
0.7089743114662458
0.5633057897338688
0.16673514474720855
0.04116402219285502
0.028266232044699673
0.4615118750367511
0.8431127056785165
0.9183519783077574
0.9581170603772814
0.9880075623123993
0.0
0.0
0.0
0.0
0.0
0.0
0.0
0.6718977105266448
0.9971631678000288
0.9867425457233615
0.9249710290665983
0.8524529906779865
0.7640722001206689
0.6294416204566488
0.5746489197974761
0.21747043161136834
0.047360597196417636
0.00300217070452943
0.0683887155116754
0.8608534655251364
0.9524090286148533
0.9600457341604752
0.9662405695838077
0.9883589356088566
0.0
0.0
0.0
0.0
0.0
0.0
0.0
0.0
0.9962280464911893
0.9897440815668387
0.9674043983836421
0.9501408208118918
0.9288815800443067
0.8747908023358276
0.8809184016757179
0.7970326517423497
0.8572293905533658
0.852748550248842
0.8514817807414714
0.9776447959705696
0.0
0.0
0.0
0.0
0.0
0.0
0.0
0.0
0.0
0.0
0.0
0.0
0.0
0.0
0.0
0.0
0.0
0.0
0.0
0.0
0.0
0.0
0.0
0.0
0.0
0.0
0.0
0.0
0.0
0.0
0.0
0.0
0.0
0.0
0.0
0.0
0.9934454081049267
0.9841574342429202
0.9208483028593276
0.841604349458862
0.7717616942720958
0.6034591280124074
0.529205314514161
0.153318317686143
0.0
0.0
0.0
0.0
0.343113336604337
0.8436760216737349
0.925775775757929
0.960534594164734
0.0
0.0
0.0
0.0
0.0
0.0
0.0
0.0
0.9903534787593669
0.9799177586588238
0.8718320704188811
0.7770833210521795
0.6739491413055515
0.43811538109678827
0.33552075560993255
0.036674530205669846
0.0
0.0
0.0
0.0
0.00153325703981757
0.4750688632182398
0.8594969883613166
0.9672947961576015
0.0
0.0
0.0
0.0
0.0
0.0
0.0
0.0
0.9934876083068308
0.9770530756079656
0.8712173850390087
0.67397729544843
0.5208558592772385
0.10084600566887217
0.06645160752049101
0.0037106027440670557
0.0
0.0
0.0
0.0
0.01806474543995488
0.5172778427088779
0.8952133624276045
0.9216634628976932
0.0
0.0
0.0
0.0
0.0
0.0
0.0
0.0
0.9900709713663618
0.967948644001578
0.7852038012484178
0.6831826797353854
0.6323550553294922
0.47526909301971254
0.4558385508733733
0.14227064871354386
0.0
0.0
0.0
0.0
0.604276224546656
0.8255057916911562
0.9284047341157736
0.9827480281501801
0.0
0.0
0.0
0.0
0.0
0.0
0.0
0.0
0.9967445557543688
0.9812234481820655
0.9223862013310961
0.8603978946383536
0.7926585257962226
0.6502835804533219
0.5879178914973983
0.3064135528345012
0.010117809752368857
0.0
0.0
0.0036451422331180176
0.6157122263342135
0.8924524321197969
0.9362592604130758
0.9666995320339614
0.0
0.0
0.0
0.0
0.0
0.0
0.0
0.0
0.9968365674256153
0.9906368752178203
0.9670703531572488
0.9534941578225019
0.9392229146637656
0.8984121098087376
0.8719532738564516
0.862428953128539
0.8818133520248712
0.9159426013528008
0.9283373545531518
0.9533254154084917
0.0
0.0
0.0
0.0
0.0
0.0
0.0
0.0
0.9963434290473803
0.9082863014319675
0.9088277190282641
0.923448934259059
0.9743228910530898
0.9726445457548821
0.9545634181877202
0.9994213859046612
0.7980481568110782
0.6317199002134647
0.5805665685461469
0.0
0.0
0.0
0.0
0.977047939706267
0.719101993012123
0.7409110891019685
0.8725837141033651
0.8967412118173621
0.889401916172236
0.9574807073473973
0.999714179004537
0.97208406120976
0.9889159991725183
0.9906474311581324
0.9913912464336683
0.9885417703202961
0.9986428936645345
0.9935553982957632
0.9665990249576417
0.9364947336609744
0.9251398396101225
0.8795022064158667
0.8634500407109007
0.8176129817677192
0.7861875224213517
0.6354320699555507
0.5784311291581804
0.801374302807059
0.9400100135302273
0.9570039849638817
0.970096056438429
0.9911679589181178
0.0
0.0
0.0
0.8445717733122724
0.8589370328642285
0.9237477578383505
0.9832815785850858
0.9882926036713282
0.99615847839905
0.9915412283886971
0.9601372155220093
0.9190445718116274
0.8559167915436227
0.7897715592581741
0.7778120765028141
0.6272360281920146
0.44495575175214125
0.36407566417703846
0.3523233323200102
0.6600519825811645
0.9277774011125938
0.9546513965632007
0.9670796809577691
0.9899904315820589
0.0
0.0
0.0
0.0
0.0
0.0
0.0
0.0
0.9935149150342115
0.9861479396213897
0.9277225242854416
0.8781692740785708
0.7810176521707474
0.6598606719118039
0.5732290152844106
0.3170649811717628
0.009449410445674709
0.0
0.0
0.0
0.6701601385473059
0.9129878128526446
0.9353664184140783
0.9640743930067387
0.0
0.0
0.0
0.0
0.0
0.0
0.0
0.0
0.9956819282190904
0.9826324179459655
0.8899114940116376
0.789456600997773
0.6973441842128011
0.5737817159902957
0.6916584580355398
0.5397903113055821
0.01739289041609137
0.0
0.0
0.37587555654817206
0.9081751228827755
0.9377941874129759
0.958396797473614
0.9877470489580159
0.0
0.0
0.0
0.0
0.0
0.0
0.0
0.0
0.9966564424603511
0.9859410060530694
0.9318730164268133
0.8526681026039272
0.8060193120736672
0.7080867904603086
0.6640143342481087
0.5390933919156214
0.13074372653381708
0.05659920253059997
0.05719032494745353
0.5433340538388631
0.8779882991293357
0.9282478760688674
0.9555991452312389
0.987317455856007
0.0
0.0
0.0
0.0
0.0
0.0
0.0
0.6670572798435636
0.9973603655514796
0.993231593686531
0.9817776176552088
0.9689325076366555
0.9456583119679356
0.9360112489682203
0.9482951847561911
0.9217789266811521
0.9638928202963967
0.938408205789105
0.9613911129319748
0.9871795007328845
0.0
0.0
0.0
0.0
0.0
0.0
0.0
0.7088353204675354
0.9036477066025504
0.9604400007838966
0.8898224180218579
0.9557502894971825
0.9647385215021196
0.9693493358725388
0.9822384615532564
0.9603009617852964
0.9988698690654692
0.7154442148583292
0.7406721062988711
0.6155285682857211
0.3082546261874523
0.0
0.0
0.0
0.45384132940825295
0.6441648590589608
0.9981784481468011
0.7468763767757521
0.998156661328273
0.9228048081860127
0.9366137584541404
0.9364458544406801
0.9734154256240177
0.9770674143305902
0.9741722185865563
0.9842002178458091
0.9795529078370718
0.9964884093164958
0.9883858757091498
0.9411135167354876
0.8969515928652139
0.8564032428430738
0.8041532185127616
0.7782379334828322
0.32855920982909925
0.2356174606005986
0.2754628436446492
0.33517561616513053
0.8120379543767726
0.9218819253985768
0.9507697942105025
0.9651388447534476
0.9900654110948024
0.0
0.0
0.0
0.0
0.0
0.0
0.8557506355858491
0.8010632917285356
0.997214878015542
0.9836943421251377
0.9129225099446688
0.8361501127409835
0.7540643258813763
0.6567300685884677
0.5226471885147687
0.030994832334937314
0.0012604036015603948
0.0
0.002867196582338323
0.46788981527538875
0.8381283507613919
0.9384198275228114
0.9425163450353251
0.9659662192679759
0.0
0.0
0.0
0.0
0.0
0.0
0.0
0.0
0.9921094863870495
0.9795123043209554
0.8783225788055012
0.7514184617890222
0.6399692876529268
0.5054001178795443
0.36979279738821735
0.002222690273067141
0.0
0.0
0.0
0.09640079671190879
0.7610824712978402
0.8646969491666554
0.9285957163140549
0.962429461335965
0.0
0.0
0.0
0.0
0.0
0.0
0.0
0.0
0.989580018660534
0.9793669735712993
0.8810054141484442
0.7076652339153796
0.585128601360926
0.2794129634409932
0.09723509631534573
0.0021139016171219066
0.0
0.0
0.004856372651821018
0.45284964376832787
0.8255413047466447
0.9232603608290526
0.8995840342875995
0.975561656279164
0.0
0.0
0.0
0.0
0.0
0.0
0.0
0.0
0.9867497868868781
0.9735516612687564
0.8120772451046944
0.6834067786167604
0.5724578638698109
0.4840325126231669
0.36245157677507195
0.0012488116770160058
0.0
0.0
0.0
0.2443533934987883
0.8254340987991323
0.8960700853498234
0.9402113659672654
0.9681021162615845
0.0
0.0
0.0
0.0
0.0
0.0
0.0
0.0
0.0
0.0
0.0
0.0
0.0
0.0
0.0
0.0
0.0
0.0
0.0
0.0
0.6349597937063677
0.9966179067686087
0.8984606054673481
0.8663504543109465
0.9993540290051877
0.9786988180246049
0.9810016806694576
0.9803008028266982
0.9913544499608405
0.9928120706336029
0.9999264405939834
0.9880588645581162
0.9930589697944715
0.9999081573890474
0.9901410006041356
0.9814520988964841
0.9550372170805691
0.9297586520335295
0.8275741735851111
0.5105904733985225
0.6876274072673174
0.6491661416904733
0.5870510578159973
0.7561384058677308
0.9978943608037796
0.8025795737211673
0.9238196823730066
0.9416588952911636
0.9557515674085091
0.9854015722768096
0.9882022386543992
0.9879851772107473
0.9925213370189702
0.9920057328941503
0.9890390886315668
0.9868791567168311
0.9984446921670074
0.9919993474340029
0.9432744680366283
0.9273008652972698
0.901871997665107
0.85192111136127
0.8215197214953989
0.6546809621519568
0.58709334319449
0.5604301708881065
0.5469201299825952
0.8545791206613302
0.9473560795255553
0.9575054702205854
0.9680049710244917
0.9809655710612534
0.0
0.0
0.0
0.0
0.0
0.0
0.7696293470798271
0.8255851222573933
0.9944199474916064
0.982488194673697
0.910436987973537
0.8574713878161049
0.821224901073118
0.7575534127332652
0.687228281595322
0.38510405764806527
0.3563415035627415
0.448491183775359
0.5641427272362333
0.8539107927384171
0.9471099282629664
0.957848419281619
0.9706282747326337
0.9834922490342071
0.0
0.0
0.0
0.0
0.0
0.6868789196318263
0.8492373492050749
0.8422430190690972
0.9947643713166338
0.9872764563423568
0.9446882593710427
0.935581776446645
0.8980999548017862
0.817682452161643
0.7531900041648948
0.690260342434739
0.6225570661267446
0.5788123293050029
0.6012372383912018
0.8618702424506471
0.9341417103845261
0.9705121256901587
0.9778051834214586
0.9926349206743705
0.0
0.0
0.0
0.0
0.0
0.0
0.0
0.0
0.9973178109732079
0.9854145805159166
0.9598348911545561
0.9086666635897666
0.8733908985689162
0.8278499703811772
0.8143863573754877
0.7760678233411022
0.8405290692949074
0.8527930826399709
0.842877929636669
0.9331739436778805
0.9654543850157189
0.9845885439338018
0.9814314578993913
0.9883232942295022
0.0
0.0
0.0
0.0
0.0
0.892651518729021
0.9178052896010139
0.8562175595369002
0.9980224906853206
0.985008276592542
0.939835917197269
0.8948671984148375
0.8609605216424647
0.8119037965534871
0.7640325847415398
0.4755088119622568
0.48490721670998144
0.5091500110157532
0.537466400821443
0.8533808252880091
0.9369249980612028
0.9720958443946638
0.9570673747060828
0.9899579447259328
0.0
0.0
0.0
0.0
0.0
0.0
0.0
0.0
0.9968861206901304
0.9913999799890784
0.9824565659888272
0.978193269896003
0.9734699691887417
0.9768866648160356
0.9760898528606818
0.9760826766612497
0.9872485759082934
0.9914919091181968
0.986743335068446
0.9966663417762638
0.0
0.7815755500870291
0.9220777659370916
0.8889432037092672
0.9794777916636571
0.9869104229154241
0.9885039675806194
0.9940128725813548
0.9941686630375164
0.9926652809692363
0.9999593292669482
0.9901698305911854
0.9930514284449162
0.9954295992550375
0.9999491592882508
0.991213841699856
0.9935688595240827
0.9917450380271325
0.9865956616677176
0.9815061033005081
0.9883798908499581
0.9839331869981426
0.9916843662816649
0.9926600624972841
0.9915357671735798
0.9952069031262195
0.9999545699814002
0.9869125205175865
0.9961270678047065
0.9957133334965217
0.9943603981428583
0.9966262600247074
0.9959804798519866
0.9946401278898567
0.9967923618014879
0.9961910828931627
0.9981772888791464
0.9964127344768842
0.982638597789905
0.9733705180764306
0.9528897475353096
0.9422409456959063
0.9295461610587102
0.8915236997404734
0.9085043698778507
0.9022537233086453
0.89547560770331
0.9571555558319986
0.9760635925886227
0.9847009377488741
0.9893438544960067
0.9938295227627056
0.0
0.9473309536544209
0.965094645828516
0.9851107174374373
0.9922011205700276
0.9934240733520283
0.9945151081057484
0.9954396822098723
0.9976652959880273
0.9957001533747595
0.9787174312638682
0.9565573391830166
0.9359018494122827
0.9117847323546883
0.8781011606146556
0.8414837348994543
0.8666590278675178
0.8672177401455777
0.8600299246429837
0.9449608965258685
0.9685631394280477
0.9872580131518812
0.981989079004327
0.9963468845685177
0.0
0.958963698227735
0.9831927485095361
0.9886015126938441
0.9949612390132376
0.9952336622678641
0.9936318756726249
0.992029129270429
0.9987286241051893
0.994125715990206
0.9827573565017761
0.9689989309373258
0.9322618488115543
0.9038791867333794
0.8589916809980608
0.823384190297415
0.8028776214342718
0.8242659986361671
0.8139190819832368
0.9322096314319114
0.9631068170540243
0.9848712121992433
0.977403761045233
0.994878967937507
0.0
0.8778020835227378
0.9670586176797203
0.9838851379592798
0.9857480895310766
0.9927673324166458
0.9938256306781238
0.9919206151970883
0.9950897083718427
0.9934727872289724
0.9998978354566724
0.9911049784158509
0.987493600943925
0.9631243773219719
0.9046321421148763
0.8145730240598392
0.4590790125248952
0.9968834342875796
0.7707710960710856
0.8463800817916359
0.9564063304159836
0.9604012627772867
0.974480619706456
0.9848667798869415
0.9872618588500234
0.9915760290846538
0.9939729977694954
0.9936157420462584
0.9940707055788637
0.9946341111771899
0.9941444918408996
0.9910439048446422
0.9989191246864729
0.9946148376336903
0.9796925232092688
0.9520721002046636
0.9365960013775353
0.9043105903379997
0.8895560096541418
0.8349594086865497
0.8262744673157602
0.841608040045664
0.8268310297554592
0.932153852809503
0.9600330553333004
0.9732085779074947
0.9802996956776594
0.9943600130650074
0.0
0.0
0.8960229516744312
0.9649253742377555
0.9663144035227906
0.9870907644519931
0.9891630493402763
0.9900525295858665
0.9975233448463683
0.9964026752051718
0.9887178573657784
0.976330082856544
0.9787026159500738
0.9604272941935268
0.9730180822537927
0.9542533858333717
0.9781473411755219
0.9861252102356591
0.9818696181487226
0.9915774780235161
0.0
0.0
0.0
0.0
0.3774985529612157
0.8265609491631449
0.8577056151717724
0.9996712474264368
0.9808946996148085
0.9796091524184178
0.9915777892210982
0.9929125538991912
0.9920899154324895
0.9940771396936421
0.9908308016155909
0.9793165655881357
0.9788000335907368
0.9372997932405998
0.8079878156533216
0.7002023099284541
0.7577408257261271
0.6822340679270572
0.7825910920089445
0.851156748243152
0.8338054490493231
0.9989810624028826
0.9172260327355393
0.9149712309267787
0.9814040964915267
0.9997577047628224
0.9311950985216709
0.970387051340748
0.972497247417761
0.9783025307039881
0.9831717142321513
0.9783116512919866
0.9976229529822812
0.9940952495463761
0.9686478040885402
0.9570475764683293
0.9336063416655129
0.9026526318983746
0.8811845088070934
0.8295653412109596
0.843068633608044
0.847787011647764
0.8619045043032144
0.9408851717524573
0.9657501574941837
0.9780053970473361
0.9845090050577565
0.9911136573247603
0.0
0.0
0.8203506475812037
0.9446850314087002
0.9645000881780292
0.9908482259488434
0.9926413668339632
0.9833161558904042
0.9988341274706175
0.992467670215353
0.9568178980613794
0.9213705484814986
0.9043443693451232
0.869871059914818
0.8573371490019334
0.7556058020326816
0.719844445298756
0.7366113478415002
0.7072152571041578
0.9045815462228082
0.9488856471372108
0.967266022082534
0.974611373048685
0.9849400192956855
0.0
0.0
0.0
0.0
0.7923663059550514
0.9197289743779898
0.930496809931207
0.9040780465171365
0.9964106091131343
0.988365187915109
0.9276595787598938
0.8958962008374199
0.8824014149256175
0.8384298823862281
0.8020856591872032
0.6068697396751417
0.5755845101023829
0.5827656540037619
0.5419026514595081
0.8741839382527256
0.9401179760755193
0.9611717649402519
0.9717013362674823
0.9919884021463754
0.0
0.0
0.0
0.0
0.7769150324030187
0.8425846024272419
0.9526257866120572
0.9664470983639032
0.9961022589106084
0.9867129345259323
0.9533896582459397
0.9159427303480536
0.8776882071229597
0.8473226299936839
0.8230289301427525
0.6198022620737497
0.5699482675765788
0.6195491776077514
0.6019789816915528
0.887460324223389
0.9507880697864179
0.9692604160881932
0.97817218158538
0.9880661124031772
0.0
0.83827511693481
0.9367302815361997
0.9627672905265702
0.9882919423010288
0.9925912092519639
0.9832987521168135
0.9950425183305351
0.9970166803284878
0.9959378396475993
0.9810697316197752
0.9638077520049366
0.92373099318417
0.9001709047497838
0.8431955605286552
0.7578613421140312
0.7435925046914512
0.77610673902399
0.7844317697736299
0.925685756670286
0.9592610706777849
0.9749015597469337
0.9754123606106266
0.9946124328185015
0.0
0.8783740456579238
0.9595304791643383
0.9700035256803525
0.9857235871233065
0.9863550884240043
0.9941259617015489
0.9932227216116148
0.9971074727322103
0.9959788954792019
0.9867410551152134
0.9717473852477395
0.9663832893245896
0.963026420898856
0.9579346736882415
0.945883972498678
0.9623486206307642
0.9768465479365928
0.9736163102210897
0.9948799026972386
0.0
0.0
0.5332838284601529
0.7860942741422946
0.8550991123639037
0.9385820391184634
0.9664267483746001
0.9998890652008948
0.9881530667792593
0.9906544288080874
0.9942235553322505
0.994120458112573
0.9942706111022649
0.9940371759386569
0.9911069877966684
0.9851294001520174
0.9757823709088643
0.901016757214215
0.7529285322000673
0.49829067622047385
0.3276437452413435
0.23361809253387134
0.5546847918065616
0.7549690997638439
0.9073174539573691
0.9736931542734386
0.9764036803925883
0.9833781372201919
0.9888406784869627
0.988215372072436
0.9899054992758293
0.992324187065207
0.9923466329325441
0.994229631862634
0.9954531584197421
0.9900025839899262
0.9989702051124159
0.99385446023228
0.9699058346353533
0.9460864720952373
0.9207136182782794
0.9058985639138415
0.8796651512409144
0.8193280234604946
0.7992794374797235
0.8172591203659076
0.7956315278938377
0.9348344938918378
0.960086780350171
0.9736591174627653
0.981730825135273
0.9906381471450798
0.0
0.0
0.891439853076853
0.9338306440589745
0.9493300135206644
0.986674671779218
0.9920882000387261
0.9862973165952464
0.9987239540938615
0.9916429729563457
0.9500373328634191
0.9150787174951116
0.8871155081046579
0.8622590030817117
0.8430556165649471
0.6937548877602306
0.6928056834250577
0.6515890689987939
0.699644864425866
0.9112707150597942
0.9535799739592117
0.967801048406151
0.9664843706988095
0.9932334978605273
0.0
0.0
0.0
0.8781437324135227
0.8243005922944829
0.9277621559987405
0.96993835420915
0.976709737589026
0.9965837545390392
0.988053725419265
0.9539573683806304
0.9035677586545747
0.895978176604324
0.858830445605092
0.8254572946477964
0.6936023266112485
0.6328594666007893
0.6667230687408753
0.6650643991803279
0.9097929263150301
0.9570765540652141
0.9712202419579412
0.9776777180549115
0.9874460276708531
0.0
0.0
0.72082995607702
0.8770243700704157
0.9104137934400423
0.9713519496799643
0.9740535220790192
0.947396477417145
0.9966713915337594
0.9909661606126
0.9436448659879485
0.9087666186234399
0.8706572440811523
0.8410023311378768
0.7962075249259922
0.5962186100289786
0.5163455387365553
0.5729466064520137
0.6144308011904678
0.9032747089444031
0.949129293923492
0.9654413451051099
0.9739637356425042
0.9854158814600278
0.0
0.0
0.0
0.6778543209650987
0.8633375358691027
0.8721370435638477
0.9417926135786462
0.9121271741471125
0.9959409246236702
0.9892978307962518
0.9372973511993568
0.9014158520804418
0.8667985755157173
0.8221480701714398
0.7653995431122022
0.5522797418084642
0.5018536560643525
0.5661925174913367
0.5588056582250199
0.8851441072890764
0.9479095123807633
0.9653088868477002
0.9725562890918047
0.984557236145822
0.0
0.0
0.0
0.8002251725182477
0.7420165387172181
0.9495146848330671
0.9631019506028444
0.9719136472617412
0.9966707448193695
0.995111765208848
0.9829297161014569
0.9644088713692205
0.9597409401400026
0.9470733179315617
0.951130659114167
0.9490775038192468
0.9512734851808661
0.9525025543280001
0.9659375757013533
0.9932309633510714
0.0
0.0
0.0
0.48780069324380054
0.7851320151306871
0.9153559489280779
0.9199585327212284
0.9337881790646791
0.9998167291073318
0.9869186297076444
0.9886953933876287
0.9860152265712319
0.9934106787899372
0.9999270888474113
0.9918063733749146
0.9822620623814057
0.9355278729267517
0.855558407177841
0.5348473257353537
0.25488193370402595
0.0
0.0
0.21644457357401986
0.6956867249365928
0.9972682583866161
0.8974520494684192
0.9032038533523132
0.9424301483309196
0.9857294368039786
0.985760837614217
0.9877468431239188
0.9921121806931487
0.9916184249611518
0.9916926212859098
0.9939480401316024
0.9868950092906202
0.9987962107542699
0.9922251051428902
0.9618004104184122
0.9354014309212219
0.9115668740403134
0.8856677822006598
0.8641518080439226
0.817509430580181
0.7677270349357092
0.7306925372103286
0.792093578346989
0.9310347488876811
0.9612215972351734
0.9663427464613373
0.9812088639018643
0.9900833882465386
0.0
0.8001710343571408
0.9363793033525255
0.956052984038916
0.9804188217601966
0.9878479892323992
0.9909695448522591
0.989111596766969
0.998671131153299
0.9924726402826346
0.9566999107733334
0.9161605335462063
0.9069898546302063
0.8657480150903787
0.8392710874786934
0.7365403375868121
0.7025403134170242
0.7389981599442649
0.7897159592048065
0.9250948571371211
0.9565232870246594
0.9689934075216718
0.9749271712370245
0.9851173879677887
0.0
0.0
0.0
0.0
0.7582182187592247
0.800079795938727
0.9086449844667214
0.9132701301878959
0.9956785828536511
0.9837390133930518
0.9283669196765953
0.8975661244624422
0.8628751625973865
0.8227224410448633
0.8882747275377556
0.8648167404180388
0.8625431934246893
0.8583096103673582
0.8717002057609892
0.9315875119056465
0.9688868249825546
0.9793765581486813
0.9838988031663529
0.9905278231570088
0.0
0.911119134215862
0.9411619942447766
0.9820956764436993
0.9821887664176054
0.9708125699514711
0.9933400635021676
0.9941594158066491
0.9971107364650519
0.9910172578907959
0.9605796788219271
0.9526597004910365
0.9376626788391901
0.9219132963285435
0.9058907698314591
0.9019838946008516
0.9432052516930717
0.9395000878046171
0.934976136279579
0.9640561484734245
0.982662078493662
0.9892749205894965
0.9916584834216495
0.9952018829547563
0.9417544702641188
0.97056684242072
0.9895514109321955
0.9851007380174661
0.9935872017032569
0.995363134826307
0.9948003403177723
0.9914898790259775
0.9987893665149372
0.9950116019495138
0.9782860535704195
0.9677226572753801
0.9433523469962959
0.9124472409390382
0.8837376435530963
0.8348005980909886
0.8515693444350867
0.8650338155287884
0.8418620218794146
0.9466934932921977
0.9693271291309772
0.9809278742160896
0.9812528184048489
0.9926570695582089
0.8708193339048621
0.9450387270602576
0.9891930590219064
0.9933539506863364
0.9922765843008953
0.9955431264798992
0.9956442916264095
0.9892566228620328
0.9989134324129282
0.9963795423176531
0.9930985656135392
0.9851092699022297
0.9758404519348798
0.9624704550978161
0.9639609566214374
0.9676272647853256
0.9712451040885627
0.9869685800999759
0.9844593575786347
0.9936019111626947
0.5337911738496094
0.8880093065253828
0.9837923755172805
0.9818893100147712
0.993890134028956
0.9936881075732011
0.994629880392401
0.995391545425949
0.9946994615630204
0.9953770732220236
0.9961882144083312
0.9955066081837534
0.9959512556196344
0.9960675525391361
0.9917594449623861
0.9912356411711453
0.9893160183147414
0.977004508530391
0.9667290609652714
0.9036119677446516
0.7579530543182421
0.8786153738311657
0.9995836090746241
0.9668313368034852
0.986992731141462
0.990048877453339
0.9898754685253013
0.9901751111960683
0.9949177008376812
0.9999431277255874
0.99276545655261
0.9960628879359206
0.9950010069031815
0.9970123244321148
0.9967499950120415
0.9917670393033002
0.9992168722467915
0.9968884598043358
0.9865287864315558
0.9730799251343609
0.95966116429486
0.9228541366894913
0.9160723018902318
0.8707825051516287
0.8966376549294423
0.8640498326998738
0.8675875718123461
0.9545583847404325
0.9791690443646839
0.987067871849009
0.9874618533409385
0.9947531187598041
0.8617868098600016
0.9701865711287911
0.9902990992614082
0.9938963956223182
0.9937158151212504
0.994727181299157
0.996003758381359
0.9912786916746262
0.9978514799042263
0.9965225932537957
0.9795624358122209
0.9519063039611106
0.9324804385481377
0.9080900816001874
0.8811264253187234
0.8311824412542553
0.8316307372476636
0.8378699708079429
0.8120353020161573
0.9376734967275293
0.9578241228780725
0.977711122953902
0.9839918143008659
0.9916783400099738
0.0
0.9327560519985733
0.9787992189481695
0.9703876577641058
0.9927859162222383
0.9935906263221913
0.9923531138979063
0.991270542861493
0.9987820140033224
0.9938893615423854
0.9761917067742226
0.9455602905577457
0.933857839664427
0.8846926799465961
0.867816872320893
0.834664745164209
0.8794984152792386
0.9027753336908491
0.8761515143612115
0.9453928169305416
0.9601129633346801
0.9787263493297628
0.9837743890594562
0.9915421080900926
0.0
0.9529362932001514
0.9673992335937996
0.9664321440701187
0.9667422813527463
0.9863256455616496
0.9874805104777941
0.9926412970906251
0.9971000882295525
0.9925926208616772
0.9784321799557086
0.9639598777586489
0.960004418449048
0.9340769745272909
0.9437645014802252
0.9311894955921469
0.9458003870573192
0.9547680752462254
0.9378927735507139
0.9700313576332176
0.9751463411395757
0.9856850273542902
0.9876825414581215
0.992076834499524
0.0
0.8863180881156295
0.9391008317288035
0.9780293621606392
0.9600662103139235
0.983296458144182
0.9922501219815713
0.9827142887607561
0.9986085045131564
0.990569350548496
0.9602888616145975
0.931997017714206
0.9164020905653147
0.9029460587946325
0.8875723440132869
0.8399972396840556
0.8431865726091993
0.8298895457882967
0.8540239533380517
0.9292606814692362
0.96536663489492
0.9783696559702754
0.9782205381420122
0.9949581179787272
0.0
0.0
0.8319619817365278
0.9248950285755635
0.9331446848197112
0.9378526271523993
0.9670216903883925
0.9495679991577336
0.9966200617866332
0.9951104640419944
0.9892503017328822
0.983788747606888
0.9822005572468089
0.9774960327953172
0.9810336088315824
0.9805228371000004
0.9879362342113387
0.9902172678818661
0.991390674804823
0.9976512223865718
0.6820953806461323
0.9353605741081135
0.9130331681346601
0.9783788879611438
0.991098185748335
0.9903749890596406
0.9950301830822696
0.9947799183694487
0.992636070966888
0.9952706941499927
0.9951463202378039
0.9932901892634475
0.9957532346860305
0.994970950473673
0.9922667343133698
0.9937428503065189
0.9920454417611654
0.9861690733939207
0.9895983248441198
0.9714195110731837
0.957992210616219
0.9884557352951523
0.9894389322708855
0.989848625916879
0.9999565676031665
0.994946087714787
0.9933942125184859
0.9922805574674541
0.9956700592801582
0.9943794492495505
0.9965468618455658
0.9958056481597223
0.9999510229327956
0.99681422049677
0.9961865373533514
0.989855844489349
0.9970169546531485
0.9958726075945508
0.9922032187454145
0.9929841160380061
0.9915136236177071
0.9868326228809303
0.9904681153377276
0.9678596088334535
0.9629139013654452
0.974566682546572
0.9791661550843668
0.9833583636856108
0.9931332019526252
0.9942289423196018
0.9932446245082063
0.9921379412400354
0.9999609016651806
0.9942693274030444
0.9936359268107895
0.9963763515767087
0.9951784267556439
0.9971187737187093
0.9965235597224765
0.990797793676643
0.9992670756166118
0.9969466390242893
0.9880309176055516
0.9794408003589897
0.9663911995217769
0.9463305472786178
0.9430830991302466
0.9159309288665313
0.9285426730272058
0.9142257993462786
0.9075347773943894
0.9585319901587962
0.9834677826996733
0.9887871835805645
0.9886115996110212
0.9946912864825912
0.0
0.9512817307345309
0.9854550169002998
0.9858745173862803
0.9935846801064869
0.9939720182117968
0.9933501357949543
0.9925419873873318
0.9979221602867498
0.9947450123042333
0.9804247009463524
0.9555146315021102
0.9343432935485565
0.9089930052550622
0.881144178139158
0.8791447788396808
0.9069479253787888
0.902766851556206
0.8783647404702971
0.9571957600221482
0.9712959029691742
0.9849140525299669
0.9880476287787968
0.9926074055877028
0.0
0.8290920049618046
0.8482467983422559
0.9201420739918413
0.9729793073228811
0.986299467827777
0.9873377635618011
0.9889829724660122
0.9988544017280843
0.9941797992291745
0.9743933459540381
0.9573493880755006
0.9503541835644485
0.9412410003404146
0.9542618097821164
0.953226056690394
0.960304647057201
0.9619557546776303
0.9596861877377716
0.9838650220940038
0.9884821558203981
0.9931062499430893
0.9931173241644379
0.9958341203980196
0.9589631012812664
0.9810389798757753
0.9931758995934233
0.9884001667153028
0.9924861161829023
0.9957857427400669
0.9958600727123277
0.989378899680296
0.9989698837845454
0.9953825182614594
0.9813695586189961
0.9668613432176669
0.95769180728125
0.9226009335286867
0.9019634483292064
0.8667473030175302
0.8755052906254605
0.8622679948081925
0.8657356243842045
0.9559053251005576
0.9769756263195302
0.9872494278424208
0.988094125658188
0.9944193055190669
0.9312758471853279
0.9739789003407051
0.9820216654370518
0.9921248224356981
0.9929089546125403
0.9950189786925323
0.994751909320124
0.9919245794814163
0.998770904653813
0.996544455061499
0.9927488243838779
0.9821999674957461
0.9767243448155264
0.969683256636255
0.973507909793319
0.9697070628758038
0.9839993970698406
0.98417622491388
0.9863951633488472
0.9940083489654499
0.7598934851931536
0.9257525152086696
0.986444594242128
0.9819310809560376
0.9810498271558185
0.992555540771864
0.9947064590719122
0.9942411291599613
0.9999567100279497
0.9964168059446685
0.9953585145735591
0.9915917841134368
0.9966323412628401
0.9951879049881872
0.994693184326293
0.994231864962647
0.9895691884045025
0.9909965294924152
0.9913600891213962
0.9733598501349672
0.9756138661660071
0.9927403063329038
0.9999416098192858
0.9943121301485016
0.995674164967654
0.9950814156513477
0.9956523614549624
0.9938470951740489
0.9960431573489278
0.9962725462612809
