0.9980188886739554
0.9979763240118548
0.8660851915658971
0.998268882376972
0.9062469034343359
0.997495447099499
0.9203733827351832
0.9983985525631238
0.9975304285439227
0.9087888524575666
0.9977852340173036
0.813194242847975
0.996539942114632
0.7710841666960802
0.9912014774996012
0.7805255222023161
0.9960865563347848
0.7958224948201358
0.9974085747854516
0.8747241568205991
0.996742387930732
0.9980864285858454
0.9008306442249101
0.9972470682878388
0.9083659000498585
0.998160727325387
0.8757816783621194
0.9983928176176587
0.9125580758495755
0.9977699826361438
0.8377590582197426
0.9803144536403504
0.9550228289865382
0.9381732661120282
0.9191927299279052
0.893860167440416
0.7639316781926174
0.5522760475481187
0.5346343926571342
0.5926546532366023
0.8273868948312637
0.9399194170908217
0.9094133822634983
0.9612738144956711
0.9676190336196102
0.9994063600321517
0.526247460332018
0.9957447822063297
0.7943318206376017
0.9974013465206825
0.876454275978977
0.9965027171725978
0.8850560536004114
0.9976676155597028
0.49930373477727696
0.964912727922512
0.8897116780760803
0.7949262280706052
0.7519441285003853
0.6180998259862982
0.25427674082555407
0.0
0.07897427246835508
0.2283502796538053
0.18260164698883186
0.27202747220632995
0.5776288985799833
0.6148192091489388
0.7132560413964041
0.9938343617897609
0.0
0.0
0.0
0.9871831696396383
0.5743787863813025
0.9862884679445476
0.722191638653829
0.9935173556326751
0.1368858129132094
0.9068047258401101
0.7233315394767278
0.55171239446423
0.44389022838923625
0.2246884941249533
0.0
0.0
0.0
0.0
0.0
0.15847607220706975
0.5129329062682322
0.5687088954164004
0.6508458412264605
0.6803468751475592
0.0
0.0
0.0
0.9843984757944676
0.5523787634041262
0.9921226929633656
0.6793603599794051
0.9901986414321522
0.3130343094046521
0.8892191311512929
0.6763215297898039
0.5474268525828411
0.19617035997028068
0.0
0.0
0.0
0.0
0.0
0.0
0.0
0.0
0.0
0.5479017026911376
0.6559803925564117
0.0
0.0
0.0
0.0
0.0
0.9909338436643944
0.6543955930126794
0.6244256934825291
0.9610022200135664
0.9219485851144233
0.7432108229757821
0.45800039033205775
0.0
0.0
0.0
0.0
0.0
0.0
0.0
0.0
0.0
0.0
0.19890155482101535
0.4519700220093976
0.0
0.0
0.0
0.0
0.9904095948260179
0.661125813226659
0.9895613247416961
0.7418820481313123
0.8963332079774659
0.9048435932875984
0.8603757841939127
0.761056092447052
0.3050200276957629
0.0
0.0
0.0
0.0
0.0
0.0
0.0
0.0
0.0
0.0
0.31813117734660884
0.9875304322594937
0.990728948996943
0.7709325795559082
0.9938623904285595
0.6799209006541144
0.9947852156249983
0.7590178669045955
0.9924732712860167
0.7755367365093324
0.9941845354952916
0.9911704054911066
0.7781167553822839
0.9959043428640699
0.7705602183505912
0.9966501927306407
0.8342420952381967
0.9951545799603829
0.8517737928896397
0.9967675670577563
0.7923679602152914
0.9970426946636595
0.8450777485869151
0.9950380634708851
0.8416664646522108
0.9964072200015037
0.9950169727570694
0.8424452677218369
0.9962615721927133
0.7897729416862409
0.9972001409350129
0.8497489400388392
0.9954558112836593
0.5795669054252421
0.940235212318895
0.7988381186029363
0.6356861959663686
0.4867405716361402
0.35346643409014883
0.03883269152242778
0.0
0.0
0.0
0.0
0.0
0.0
0.0
0.0
0.0
0.0
0.0
0.0
0.0
0.9167255431731256
0.9199944246322472
0.33577899854145904
0.26670921728312763
0.0
0.7329555379455543
0.10160026761051737
0.0
0.0
0.0
0.0
0.0
0.0
0.0
0.0
0.0
0.0
0.0
0.38209800638554214
0.6119176614556462
0.0
0.0
0.0
0.2604342181065553
0.9884030529608889
0.6394640118959561
0.9890806564440447
0.7225650760040299
0.8870973886549239
0.8869501379258414
0.6291280454416562
0.48359384091688945
0.09715521289559455
0.0
0.0
0.0
0.0
0.0
0.0
0.0
0.0
0.0
0.0
0.21559886378554494
0.0
0.0
0.0
0.0
0.9796284931182062
0.590381037253361
0.9889765736275364
0.6107502898128547
0.29892731303539355
0.8760812577279977
0.7968630796516041
0.5347994473903673
0.22310701076656544
0.0
0.0
0.0
0.0
0.0
0.0
0.0
0.0
0.0
0.7417227878834545
0.9967112401629532
0.0
0.0
0.0
0.9804850380493007
0.47406140761178034
0.9830512722618123
0.6825110010857292
0.9902050501137274
0.06761041816427368
0.8832942054125793
0.6192633576810065
0.37930502027562496
0.0
0.0
0.0
0.0
0.0
0.0
0.0
0.0
0.0
0.0
0.0
0.0
0.0
0.0
0.0
0.0
0.0
0.0
0.0
0.0
0.0
0.0
0.0
0.0
0.0
0.0
0.0
0.0
0.0
0.0
0.0
0.0
0.0
0.0
0.0
0.0
0.8607926883607384
0.28968798733493417
0.9520569635321353
0.9700416045767923
0.5681117903712466
0.9859666870800257
0.5228338453228274
0.9922840313146579
0.7186016849769205
0.9909988829181138
0.9943485096311666
0.7318805406976435
0.9900273934699307
0.6924603581730558
0.9852270975056172
0.3622453389887686
0.4342962119459238
0.9574376753520729
0.9498146884318175
0.34024262929120375
0.9490729500750634
0.39737408552112385
0.9919343348348924
0.7337974642588765
0.9921343297117347
0.9957045534945957
0.806071432050374
0.9939347141404486
0.8277908560581158
0.9963056840128612
0.7722248938978192
0.996620757669754
0.8366838386546682
0.9955355904360641
0.9971760450625328
0.839832438170328
0.9945461796969135
0.8175433020222264
0.9948101586610597
0.6774469049543075
0.9947483103857492
0.7577196712184245
0.9925341250870311
0.8131126770818465
0.996316813369297
0.781412982952649
0.9969540269070714
0.8531286493913149
0.9955839073667944
0.9971929237549624
0.8590817120707653
0.9957482117551242
0.8660200164191197
0.9970801011175848
0.8072736091980107
0.9973332262227754
0.40933684850100943
0.9622939655853281
0.8913528277718977
0.7547992809127562
0.17710276744802672
0.0
0.0
0.0
0.0
0.0
0.4085753874722517
0.6955487827348331
0.8053816250954435
0.7747075096667602
0.8521836721176116
0.877877328380389
0.0
0.20965453801456838
0.9776870814219161
0.5714189822143915
0.9929088831539598
0.7165902510426668
0.9917628507219381
0.7890714863020045
0.9288623820817814
0.9237888715637328
0.7484816654639507
0.48943925539572286
0.36017980974424596
0.04398031466568708
0.0
0.0
0.0
0.0
0.0
0.0
0.32719799393419885
0.8269197053105749
0.8985601883882638
0.9984270668543073
0.0
0.0
0.7632000548167873
0.9949061920412893
0.7389242102306368
0.9963972665460318
0.8186629329934345
0.9942792094773983
0.444159812252777
0.9379270827980458
0.8222612753886263
0.6926715460216484
0.45376333229158444
0.047724490615331246
0.0
0.0
0.0
0.0
0.0
0.0
0.0
0.35372402867565406
0.7034604513362321
0.7800266232293225
0.0
0.0
0.0
0.0
0.9904783147123082
0.9834109036624812
0.4747618046424898
0.6295383498013442
0.796366179998196
0.8036220851768722
0.2628609815124326
0.0
0.0
0.0
0.0
0.0
0.0
0.0
0.0
0.0
0.0
0.21165975838110015
0.5661753208147743
0.7104911516233132
0.0
0.0
0.0
0.6123579704178993
0.9903924813647341
0.7726423088101909
0.9951076269724511
0.7392059820504423
0.3987380524611031
0.9989405206133809
0.9188678739947842
0.8521937382700902
0.4060945041009816
0.0
0.0
0.0
0.0
0.0
0.0
0.32586623626610534
0.0
0.0
0.0
0.4656509716533216
0.9931632223808486
0.742578532402655
0.9917953064109851
0.7993314415154872
0.9958243743531985
0.7476146152956998
0.9964802009733338
0.8116662227328131
0.9939170886441319
0.9961126009465503
0.8013359399569063
0.9939755422198203
0.8086241217934358
0.9949156336553766
0.6899389028883581
0.9938230659886135
0.6352765648339602
0.9827522632156589
0.6232452757586184
0.9860780802842585
0.445955616468128
0.9874226143258452
0.54972868748914
0.9840475328178654
0.990677236175086
0.6697252110098911
0.9899984897075179
0.7562438857818816
0.9946685446095878
0.7298568013406239
0.9960979284466903
0.8061672457683189
0.9503726973681108
0.8607605128318443
0.8567293534778628
0.5929975707647946
0.38054514180360444
0.04212517902127644
0.0
0.0
0.0
0.0
0.0
0.6436294144134738
0.6890173578723613
0.7514387519197371
0.9017052430308276
0.9978654417812133
0.0
0.9822300299903374
0.7149928761326947
0.9921998199674819
0.8336199992732489
0.9972103147326562
0.829808756353923
0.9976724389824666
0.449788666977569
0.966220928856306
0.9152830875489228
0.8954948213335574
0.8376783480871611
0.7626729007950277
0.48657905305516386
0.10278746633360092
0.0
0.0
0.0
0.12991260110964048
0.594997109352914
0.6164843758233224
0.6609073256283073
0.7152222162225611
0.0
0.0
0.0
0.46135741444779094
0.9914226102834008
0.6343521243012585
0.9936840444143187
0.7281448494111092
0.9124304773062358
0.9277813188452659
0.7436968326384522
0.5588587426125535
0.1047050027477133
0.0
0.0
0.0
0.0
0.0
0.0
0.0
0.0
0.10328810398457844
0.7452897190394525
0.9938646395297542
0.0
0.0
0.0
0.9893161657359861
0.7504320288489972
0.9940683349811849
0.7127550052290736
0.996264106141945
0.28151166250809434
0.9511696767080744
0.8567698627175104
0.7565073820333955
0.5770789774943988
0.1870059338991142
0.0
0.0
0.0
0.0
0.0
0.0
0.27982624047230087
0.5534937606888296
0.6356949524331703
0.5467959858197832
0.0
0.0
0.0
0.0
0.0
0.5537566666329048
0.9929302023898992
0.664945822032094
0.8191408522578658
0.8688814859687314
0.46590348412950455
0.0
0.0
0.0
0.0
0.0
0.0
0.0
0.0
0.0
0.0
0.0
0.0
0.0
0.0
0.0
0.0
0.0
0.0
0.0
0.0
0.0
0.0
0.0
0.0
0.0
0.0
0.0
0.0
0.0
0.0
0.0
0.0
0.0
0.0
0.0
0.0
0.0
0.0
0.0
0.0
0.0
0.0
0.0
0.0
0.0
0.0
0.0
0.0
0.0
0.6636082699412443
0.06314354692674592
0.8925792043431362
0.13603152011665892
0.9022286615487899
0.1902740135817608
0.9760522958050176
0.5285204835477334
0.9926223544176871
0.7152529605556143
0.9921604740453515
0.8081901772132091
0.9958682948327029
0.9947363337052229
0.852681966749439
0.9967475037161798
0.7882386812953633
0.9970007009692555
0.8474504562853806
0.9953693907287005
0.5574750984959586
0.9481283681882989
0.8672503145791114
0.8252010966742346
0.8162054562316704
0.7883780711226117
0.5866184850141117
0.6455726237664675
0.7266198807597742
0.724929982427597
0.7890935316405353
0.8411830011769015
0.9354222726748805
0.934850947572854
0.9355955744362922
0.937000810223176
0.0
0.5847528738058713
0.9907260367949748
0.7970639209578054
0.9961826493608008
0.7928635355526401
0.9973093170889185
0.8707742657202114
0.9741500723410597
0.9398470481678023
0.9623738503094373
0.9174803492465451
0.860929897474946
0.8832982602395912
0.7960454558244243
0.7670132502007865
0.8212252950451568
0.812591212128651
0.828975383732739
0.8459984855195414
0.940300762023274
0.9426763312970563
0.9472691732800367
0.9510072832242291
0.0
0.6879182591090219
0.9953049660871541
0.9956466898152418
0.763733247064921
0.9967843384439398
0.8521552578013762
0.9958297053971799
0.5711515361046033
0.9629826124872075
0.8702722648549143
0.6523889847583807
0.10665105034667842
0.0
0.0
0.0
0.0
0.0
0.0
0.0
0.0
0.0
0.5086561850061404
0.6347107395869704
0.0
0.0
0.0
0.0
0.6028578925960705
0.9949837768600517
0.9953651498630277
0.7276102656951333
0.4034000032712719
0.9538762984539946
0.8537859277999308
0.7582372293629165
0.4001612177477083
0.0
0.0
0.0
0.0
0.0
0.0
0.0
0.0
0.0
0.0
0.0
0.0
0.0
0.0
0.0
0.0
0.0
0.0
0.0
0.8066906949565781
0.06222235891086104
0.0
0.0
0.0
0.0
0.0
0.0
0.0
0.0
0.0
0.0
0.0
0.0
0.0
0.0
0.0
0.0
0.0
0.0
0.0
0.0
0.0
0.0
0.0
0.0
0.0
0.0
0.0
0.0
0.0
0.0
0.0
0.0
0.0
0.0
0.0
0.0
0.0
0.0
0.0
0.0
0.0
0.0
0.0
0.0
0.8447433701737089
0.140293406869308
0.9454271409803393
0.4021104174138824
0.9396293223109025
0.2111547395496111
0.9542052833500608
0.0
0.0
0.0
0.0
0.0
0.0
0.0
0.0
0.5495046062347515
0.0
0.0
0.0
0.6132946269429556
0.04605652072394353
0.8833938256950269
0.1091741143570087
0.8990133565805752
0.26608894051223514
0.9340652833864669
0.0
0.05282678708499004
0.0
0.0
0.0
0.0
0.0
0.0
0.0
0.0
0.0
0.0
0.0
0.0
0.0
0.0
0.0
0.0
0.0
0.0
0.8338941351237925
0.12960110737707897
0.8599328390136598
0.12325392610807995
0.8604357960079634
0.7209317072418934
0.13987328232667348
0.0
0.0
0.0
0.0
0.0
0.0
0.0
0.0
0.0
0.0
0.0
0.0
0.0
0.0
0.0
0.0
0.0
0.19734525578408
0.9241614230963204
0.21853696626285318
0.9822600267003554
0.05451209279353566
0.8514895040667808
0.6617005431242832
0.58336591396946
0.19172029687223624
0.0
0.0
0.0
0.0
0.0
0.0
0.0
0.0
0.0
0.41535877165669566
0.6039969984311957
0.0
0.0
0.0
0.0
0.0
0.0
0.9839567317436552
0.39771779941421254
0.017833462678620886
0.8467957046161266
0.40512329856798446
0.0
0.0
0.0
0.0
0.0
0.0
0.0
0.0
0.0
0.0
0.5201885813376737
0.732390792347018
0.645689650411198
0.0
0.0
0.0
0.0
0.0
0.5742450904131784
0.9867908783950246
0.6777595608580269
0.8345561312005
0.9294246652604689
0.7237325426615464
0.505799542935897
0.10103346258242453
0.0
0.0
0.0
0.0
0.0
0.0
0.0
0.0
0.0
0.0
0.0
0.0
0.0
0.0
0.0
0.15879991552448974
0.9129459131396761
0.19978846208756038
0.9251730311428794
0.1374140905865478
0.7940803687011099
0.6607844710057361
0.46503545122115886
0.09623714998272574
0.0
0.0
0.19824524560326676
0.6100152457418173
0.9904152691639488
0.8028970614230837
0.8746288064511064
0.0
0.0
0.45959162455113195
0.9845848755164816
0.7145675389880338
0.9939973938401058
0.7223085182305371
0.9959156302394242
0.7781840518167625
0.992873445531479
0.9957847360672201
0.8088933436427433
0.9942098416154438
0.8404753316630346
0.9963596065998326
0.7299760084106819
0.9945456619709092
0.6331381547384815
0.97371430151855
0.28369527309395715
0.6336503671746565
0.0
0.0
0.03460242863210264
0.9700934439596431
0.6860910565860998
0.9933076917917846
0.99325949283881
0.8423202556749684
0.9968200226397965
0.8021673321854481
0.9974552667226345
0.8725117157260494
0.9963884375387158
0.885675177856741
0.9974380907954836
0.4539319997996193
0.9528436855551019
0.861518413347587
0.6513799770318623
0.07484174523636511
0.0
0.0
0.0
0.0
0.0
0.0
0.0
0.0
0.0
0.08917071575927273
0.37123602089581564
0.0
0.0
0.0
0.0
0.97449986447941
0.6194321408691227
0.989998039995133
0.6113722274024114
0.30598111559402147
0.9246080508243266
0.8021793775650952
0.3183601228878741
0.07021028390852868
0.0
0.0
0.0
0.0
0.0
0.0
0.0
0.0
0.6341103811164227
0.8674354974597825
0.9013360581283327
0.0
0.0
0.992209811415779
0.8240969422775813
0.9967964003919914
0.9958754195630718
0.8813515177919009
0.8811293278382598
0.9777024548586145
0.9690078382189232
0.9111396235534963
0.8290376702964527
0.6719196135338754
0.19088283018854169
0.0
0.0
0.0
0.0
0.0
0.0
0.0
0.0
0.16901698264185208
0.9846021476737736
0.0
0.0
0.0
0.0
0.2896625458890921
0.9857406193428829
0.5837830977165891
0.9882702590065735
0.05865185390083536
0.8790972684638954
0.6141101469810922
0.3766475888810664
0.0
0.0
0.0
0.0
0.0
0.0
0.0
0.0
0.0
0.0
0.0
0.0
0.0
0.0
0.0
0.0
0.0
0.0
0.0
0.0
0.9117435444622458
0.7285837391683787
0.14757024691780815
0.0
0.0
0.0
0.0
0.0
0.0
0.0
0.0
0.0
0.0
0.0
0.0
0.0
0.0
0.0
0.0
0.0
0.0
0.0
0.0
0.0
0.1139632697625061
0.8428975084667646
0.6232701436521919
0.0
0.0
0.0
0.0
0.0
0.0
0.0
0.0
0.0
0.0
0.0
0.0
0.0
0.0
0.0
0.0
0.0
0.3301072630488145
0.9844544714394579
0.5478753853739453
0.9922475079573042
0.6907253244610562
0.9893875552020055
0.9927507119349732
0.5489075055019872
0.9526008109131113
0.0
0.0
0.0
0.0
0.0
0.0
0.0
0.0
0.02537635629788801
0.8629872088291286
0.06607109074086477
0.8281632997105679
0.9234521573480692
0.12940484802414742
0.9133880677971413
0.29367115654478015
0.9034355037529186
0.14713987555035868
0.9535033438632323
0.1698943399853926
0.9219794500559009
0.9501232923646492
0.07898797694112905
0.7174081358014108
0.0
0.0
0.0
0.0
0.0
0.0
0.0
0.0
0.0
0.0
0.0
0.0
0.8432210012256558
0.25738886589890514
0.9896565322102415
0.6944080688608764
0.9912228893838003
0.7885401891168726
0.9951964434578031
0.19158430974333165
0.8328218886538331
0.14450981440329952
0.0
0.0
0.0
0.0
0.0
0.0
0.0
0.0
0.0
0.0
0.0
0.0
0.0
0.0
0.0
0.0
0.0
0.0
0.0
0.0
0.0
0.0
0.0
0.0
0.0
0.0
0.0
0.0
0.0
0.0
0.0
0.0
0.0
0.0
0.0
0.0
0.0
0.0
0.0
0.0
0.0
0.0
0.0
0.0
0.0
0.7634228773831677
0.08213206450550849
0.0
0.0
0.0
0.0
0.0
0.0
0.0
0.0
0.0
0.0
0.0
0.0
0.0
0.0
0.0
0.0
0.0
0.0
0.0
0.0
0.6047728049762889
0.995112629571276
0.22862485665272206
0.9465527590904713
0.774265089137592
0.36413863636416655
0.0
0.0
0.0
0.0
0.0
0.0
0.0
0.0
0.0
0.0
0.0
0.0
0.0
0.0
0.0
0.0
0.0
0.0
0.0
0.0
0.6415555573073142
0.34326467693841284
0.0
0.0
0.0
0.0
0.0
0.0
0.0
0.0
0.0
0.0
0.0
0.0
0.0
0.0
0.0
0.0
0.0
0.2507212260676059
0.9425791855290945
0.9425105371191319
0.3664053916920648
0.949093605857064
0.2958921747537442
0.9828372576789521
0.42020068258375115
0.9550924800263126
0.9537348695688255
0.0
0.0
0.0
0.0
0.8570789208571713
0.0
0.5739783732576867
0.787487609028598
0.21236949255534837
0.9025675986489715
0.2391070507513451
0.9845764946887603
0.6137344730902948
0.9863749341511924
0.6869352149862297
0.9921808594287992
0.6467496251711008
0.9951483113625242
0.7918135088420966
0.9377878717439897
0.8702790096141825
0.5797502312515066
0.4054434284961218
0.2869483503121662
0.1228037060262608
0.0
0.0
0.6173404032151895
0.9123342862198061
0.7436401800717797
0.889761071141669
0.831634418734292
0.9115229087103305
0.9206400104549322
0.9982867442150584
0.0
0.9748587676254564
0.5103219402012333
0.9925461961764653
0.6857867085001321
0.9899526851985894
0.7673365591281888
0.9943271098688671
0.15966269630773214
0.9205163648722483
0.7364232544317492
0.6094997755703254
0.47798086269120077
0.3391537944894567
0.2807180210247222
0.2104678297833779
0.4352020519285299
0.6931782890968272
0.6629939573744904
0.6253904855235107
0.8720155670141174
0.894046084285886
0.9087368259295188
0.9134278048731745
0.0
0.0
0.9870017304518571
0.7292970577941024
0.9939117290652287
0.7029376970414549
0.9957788012253749
0.807465221695424
0.9470313971293077
0.9563983818475025
0.8456360296033717
0.6371311994307889
0.4917719495767485
0.07969844610093914
0.0
0.0
0.0
0.32034928282958486
0.3811552150560314
0.7323481008904933
0.7719432273011376
0.8940483349442456
0.912172303043224
0.9986478715922238
0.0
0.0
0.569541657489684
0.9951947331646394
0.763189037039858
0.997060643726387
0.866323081790164
0.9964192090591961
0.6270581761120171
0.9682916320074804
0.9125087393658092
0.8219256731499803
0.5189364292910409
0.0
0.0
0.0
0.0
0.0
0.0
0.0
0.0
0.25104344088677716
0.7218373284316061
0.8380525916200632
0.0
0.0
0.0
0.551285766094864
0.9946768063812983
0.7351529472293226
0.9963594769662844
0.8279003984001168
0.9547272030645427
0.9575990784921471
0.8863920608925164
0.8665670333993584
0.8190880646989747
0.6466456351321712
0.48331795684695605
0.26579600800722153
0.0
0.0
0.0
0.0
0.5705159236017979
0.8461133233989455
0.9096335860413578
0.9987946207541559
0.0
0.0
0.6628601723310105
0.9956808055397156
0.8137583238849323
0.9947017017080023
0.8400330165849078
0.9962906592984127
0.2586436710180972
0.9986062290953329
0.8646644811722884
0.6063342464970933
0.5890440748934513
0.0
0.0
0.0
0.0
0.0
0.0
0.0
0.0
0.300266929749961
0.9503777944971613
0.46557537126611487
0.6731356922276992
0.9920866304339527
0.6285133429846763
0.9944414251203674
0.994793084996722
0.7171880805325499
0.995794674737774
0.8029752856878702
0.9936979899767304
0.8084728881835959
0.9946185964634939
0.989152900969552
0.534865419015178
0.771038917292725
0.0
0.0
0.0
0.0
0.0
0.0
0.0
0.0
0.03163164948819883
0.870119515626145
0.30264555108257885
0.9634884856539361
0.33191489164643717
0.9784453781679028
0.9610398351068256
0.23915420523482744
0.9685388327379029
0.22861667710021513
0.0
0.5552615489332233
0.0
0.0
0.0
0.0
0.0
0.0
0.0
0.0
0.1553230534113848
0.3378086621717368
0.5721864011923501
0.6065164249053208
0.78310148831214
0.8510331999121334
0.0
0.0
0.9873500662618384
0.9908121798713739
0.6732652906808122
0.9906952383527649
0.7572732279668148
0.9939697380625739
0.1476513710390041
0.8833330702598013
0.5632342665047653
0.06796027358071648
0.0
0.0
0.0
0.0
0.0
0.0
0.0
0.0
0.0
0.0
0.0
0.0
0.0
0.0
0.0
0.0
0.9101905169108399
0.17621061711670716
0.9723414473567736
0.26772558524223256
0.0
0.6105290591460288
0.08909313770686952
0.0
0.0
0.0
0.0
0.0
0.0
0.0
0.0
0.0
0.0
0.0
0.0
0.0
0.0
0.0
0.0
0.0
0.0
0.0
0.0
0.0
0.0
0.0
0.0
0.0
0.0
0.0
0.0
0.0
0.0
0.0
0.0
0.0
0.0
0.0
0.0
0.0
0.0
0.0
0.0
0.0
0.0
0.45141927414089655
0.9881735109569207
0.5741007829567094
0.7208950785442089
0.8630313529700602
0.4407907577193832
0.0
0.0
0.0
0.0
0.0
0.0
0.0
0.0
0.0
0.0
0.0
0.0
0.5925041419281168
0.0
0.0
0.0
0.0
0.9888968896903197
0.7644406214517089
0.9954684620041344
0.7658124470071705
0.4436109027504053
0.9990487281008728
0.8855474186226711
0.6592651441405154
0.0
0.0
0.0
0.0
0.0
0.0
0.0
0.0
0.0
0.0
0.0
0.0
0.0
0.0
0.0
0.0
0.8298392623427135
0.0
0.958917606386919
0.2259703412907903
0.9236734148582642
0.9152288635096293
0.17341692185041876
0.0
0.0
0.0
0.0
0.0
0.0
0.0
0.0
0.0
0.0
0.0
0.0
0.0
0.0
0.0
0.0
0.0
0.0
0.0
0.5343356930683222
0.0
0.0
0.0
0.0
0.0
0.0
0.0
0.0
0.0
0.0
0.0
0.0
0.0
0.0
0.0
0.0
0.0
0.0
0.0
0.0
0.0
0.0
0.0
0.0
0.5552861206462641
0.0
0.0
0.0
0.0
0.0
0.0
0.0
0.0
0.0
0.0
0.0
0.0
0.0
0.0
0.0
0.0
0.0
0.0
0.0
0.0
0.0
0.0
0.0
0.7681541459891262
0.04914867584974709
0.0
0.0
0.0
0.0
0.0
0.0
0.0
0.0
0.0
0.0
0.054951506468100146
0.5460411761145558
0.7187699651794871
0.9945866846340299
0.0
0.0
0.0
0.9743620630099968
0.5141498764496046
0.9915805525376143
0.6946473096033232
0.9902607233968708
0.3123643113759425
0.9223274874922514
0.779541566986051
0.6119624261999282
0.17283157236881644
0.0
0.0
0.0
0.0
0.0
0.0
0.0
0.0
0.1751928806432941
0.6131049949675379
0.9961519226156651
0.0
0.0
0.0
0.0
0.6036242176060799
0.9933254279026195
0.7286653614540733
0.9919959659975657
0.3516259394336194
0.9411938804156937
0.7903139470069265
0.5211014241313805
0.0
0.0
0.0
0.0
0.0
0.0
0.0
0.0
0.0
0.0
0.0
0.0
0.0
0.0
0.0
0.0
0.0
0.0
0.0
0.46181159417307754
0.8712484716704574
0.7648049277697158
0.7010539831696962
0.5220840823224828
0.0
0.0
0.0
0.0
0.0
0.0
0.0
0.7130831046724998
0.0
0.0
0.0
0.9704218837380344
0.398752254299977
0.9869783378433862
0.5178607234874243
0.9838838033545885
0.7025820090016948
0.9921779440268871
0.6514860761186542
0.9953428971346507
0.7937450792868078
0.9938793189599646
0.9962350909335252
0.8087732793391975
0.9932032747291213
0.7861531166502969
0.9938180335939767
0.650027963414962
0.994110535247267
0.6744162275504982
0.9900415740420037
0.7779497322529093
0.9958866162939138
0.7739548795295204
0.996895722840107
0.848434714259028
0.9955929124295705
0.9972899152395281
0.8691584711839258
0.9962064461409034
0.8763943881184174
0.9974661987741288
0.8323634893126921
0.9976982829067851
0.4994781960444641
0.9676713732571489
0.925263411971505
0.8994970810379698
0.8146601239204426
0.7569938312849006
0.5966780071064876
0.3725862236568932
0.1984151257468134
0.5267317926702769
0.6776724083052341
0.789692288169121
0.91962820492837
0.9359211318198176
0.9443924726951307
0.9989854847856342
0.0
0.9790707739359432
0.6817451040232093
0.9912147898530099
0.7869903432290567
0.9953910221188094
0.7610805237071175
0.9969162811806648
0.3362710442766465
0.9654442427375387
0.9132760273707006
0.8713566256540399
0.770515838861732
0.3082415609318372
0.0
0.0
0.0
0.0
0.0
0.0
0.0
0.0
0.0
0.0
0.0
0.0
0.0
0.98122696394856
0.7060588389983485
0.9924850788751025
0.814515453749881
0.9964236718351951
0.3300682054386943
0.9587094077222096
0.8679958407142383
0.7609559642030982
0.5762164128013081
0.05752584753756966
0.0
0.0
0.0
0.0
0.0
0.0
0.0
0.0
0.0
0.0
0.0
0.0
0.0
0.0
0.0
0.0
0.0
0.0
0.8518939217719597
0.7059456465117343
0.013814375253950992
0.0
0.0
0.0
0.0
0.0
0.0
0.0
0.0
0.0
0.0
0.0
0.0
0.0
0.0
0.0
0.0
0.0
0.0
0.0
0.0
0.0
0.9595944531012558
0.9224559832408039
0.6387994304910495
0.06426870087586685
0.0
0.0
0.0
0.0
0.0
0.0
0.0
0.0
0.0
0.0
0.0
0.0
0.0
0.0
0.0
0.0
0.0
0.0
0.0
0.0
0.8484955868700441
0.7809186684733591
0.396966659750975
0.0
0.0
0.0
0.0
0.0
0.0
0.0
0.0
0.0
0.0
0.0
0.0
0.0
0.0
0.0
0.0
0.0
0.0
0.0
0.0
0.0
0.0
0.0
0.0
0.0
0.0
0.0
0.0
0.0
0.0
0.0
0.0
0.0
0.0
0.0
0.0
0.0
0.0
0.0
0.0
0.0
0.0
0.0
0.0
0.9388302230379101
0.0
0.7619659471755317
0.28750787409391115
0.0
0.0
0.0
0.0
0.0
0.0
0.0
0.0
0.0
0.0
0.0
0.0
0.0
0.0
0.0
0.0
0.0
0.0
0.0
0.0
0.0
0.1900722356716082
0.7923509130062852
0.40279834045782953
0.0
0.0
0.0
0.0
0.0
0.0
0.0
0.0
0.0
0.0
0.0
0.0
0.0
0.0
0.0
0.0
0.0
0.0
0.0
0.0
0.0
0.0
0.0
0.0
0.0
0.0
0.0
0.0
0.0
0.0
0.0
0.0
0.0
0.0
0.0
0.0
0.0
0.0
0.0
0.0
0.0
0.0
0.0
0.0
0.0
0.0
0.0
0.0
0.0
0.0
0.0
0.0
0.0
0.0
0.0
0.0
0.0
0.0
0.0
0.0
0.0
0.0
0.0
0.0
0.0
0.0
0.0
0.0
0.0
0.0
0.0
0.0
0.0
0.0
0.0
0.0
0.0
0.0
0.0
0.0
0.0
0.0
0.0
0.0
0.0
0.0
0.0
0.0
0.0
0.0
0.0
0.0
0.0
0.10226554081838206
0.8337616563746854
0.7106005605089428
0.4650960145918039
0.0
0.0
0.0
0.0
0.0
0.0
0.0
0.0
0.0
0.0
0.0
0.0
0.0
0.0
0.0
0.0
0.0
0.3186572573339958
0.9670230189924848
0.2655143306658282
0.9753543748971683
0.2661406534304788
0.9539275526799618
0.3705589187175368
0.9547944875664108
0.9582594122036154
0.484913683965112
0.2772373259388443
0.9297871555038798
0.33003328544220534
0.9072533792386829
0.9133688205647705
0.3252191612021402
0.939448117160019
0.2550200113152383
0.9846440908885179
0.45030340901963284
0.9752072904343054
0.9878733632381298
0.6156904892476013
0.9899296647141272
0.7726034120268604
0.9947496465594078
0.7117427190048858
0.9738480738759325
0.9106510087324696
0.555024082406636
0.0
0.0
0.0
0.0
0.0
0.0
0.0
0.0
0.0
0.0
0.0
0.0
0.0
0.0
0.0
0.0
0.0
0.0
0.4727570120992054
0.9812520380384842
0.5810863512619578
0.717900577002094
0.7146125696498271
0.027357750266170818
0.0
0.0
0.0
0.0
0.0
0.0
0.0
0.0
0.0
0.0
0.0
0.0
0.0
0.0
0.0
0.0
0.0
0.0
0.0
0.0
0.0
0.0
0.0
0.0
0.0
0.0
0.0
0.0
0.0
0.0
0.0
0.0
0.0
0.0
0.0
0.0
0.0
0.0
0.0
0.0
0.0
0.0
0.0
0.9931612357063762
0.6813434865083546
0.8399277520226724
0.9058575677783102
0.6532429366213911
0.21628198164033946
0.0
0.0
0.0
0.0
0.0
0.0
0.0
0.0
0.0
0.0
0.0
0.0
0.0
0.0
0.0
0.0
0.0
0.0
0.0
0.0
0.17478009811015519
0.7856249785288467
0.28968296357949924
0.0
0.0
0.0
0.0
0.0
0.0
0.0
0.0
0.0
0.0
0.0
0.0
0.0
0.0
0.0
0.0
0.0
0.0
0.0
0.8997676920128329
0.11908527051743656
0.07394649554083726
0.9913391159518951
0.24834158500592823
0.0
0.0
0.0
0.0
0.0
0.0
0.0
0.0
0.0
0.0
0.0
0.0
0.0
0.0
0.18982569984318554
0.9376531350665481
0.9807403262949947
0.5264009003503707
0.9854544953607864
0.6939344292202729
0.9917813514178487
0.6378639927765526
0.9944169259510478
0.7045503320058927
0.9869264768627046
0.9873562247425507
0.29962376799850815
0.9202368848299706
0.0
0.0
0.0
0.0
0.0
0.0
0.0
0.9296266072921905
0.2257938256973795
0.9772646709894509
0.9918461086308761
0.7288714513375648
0.9924734495622223
0.800388829142458
0.9951032921210978
0.7216340119622592
0.9958186391270765
0.2508666719440975
0.9124091325212252
0.6423045411143844
0.1107676722284106
0.0
0.0
0.0
0.0
0.0
0.0
0.0
0.0
0.0
0.0
0.0
0.0
0.0
0.0
0.0
0.0
0.9084737790385304
0.3434433571103921
0.9575692928784517
0.3933609361993465
0.9366110295334404
0.9136568205290198
0.7301463274071874
0.5124559817666654
0.24302557274186257
0.16419613176259681
0.0
0.0
0.0
0.0
0.0
0.0
0.23132051371091464
0.562841932958094
0.8236086956726023
0.9973640885771605
0.0
0.0
0.4683041339389173
0.9908718043511784
0.6359765859656918
0.9942711091475375
0.728932925201624
0.9911381318848119
0.34232843871101104
0.8700252373270534
0.6771499592491538
0.17182579888096214
0.23318029597059012
0.05376548369673047
0.0
0.0
0.0
0.0
0.0
0.0
0.0
0.0
0.0
0.0
0.0
0.0
0.0
0.0
0.0
0.9910111757134226
0.6995515855567169
0.9916250776897094
0.3492944504081672
0.9260129894538167
0.63125314697199
0.08612516368515895
0.0
0.0
0.0
0.0
0.0
0.0
0.0
0.0
0.0
0.0
0.0
0.0
0.0
0.0
0.0
0.0
0.0
0.0
0.0
0.0
0.8647892656426823
0.7021141118723001
0.0
0.0
0.0
0.0
0.0
0.0
0.0
0.0
0.0
0.0
0.0
0.0
0.0
0.0
0.0
0.0
0.0
0.0
0.0
0.0
0.0
0.0
0.0
0.0
0.0
0.0
0.0
0.0
0.0
0.0
0.0
0.0
0.0
0.0
0.0
0.0
0.0
0.0
0.0
0.0
0.0
0.0
0.0
0.0
0.0
0.0
0.0
0.0
0.0
0.0
0.0
0.0
0.0
0.0
0.0
0.0
0.0
0.0
0.0
0.0
0.0
0.0
0.0
0.0
0.0
0.0
0.0
0.0
0.0
0.0
0.05893663472273402
0.14675640294809314
0.0
0.0
0.0
0.0
0.0
0.0
0.0
0.0
0.0
0.0
0.0
0.0
0.0
0.0
0.0
0.0
0.0
0.0
0.0
0.0
0.0
0.0
0.03578236334441183
0.3910885687644582
0.0
0.0
0.0
0.0
0.0
0.0
0.0
0.0
0.0
0.0
0.0
0.0
0.0
0.0
0.0
0.0
0.0
0.0
0.0
0.0
0.0
0.0
0.0
0.0
0.0
0.0
0.0
0.0
0.0
0.0
0.0
0.0
0.0
0.0
0.0
0.0
0.0
0.0
0.0
0.0
0.0
0.0
0.0
0.0
0.0
0.0
0.0
0.0
0.0
0.0
0.0
0.0
0.0
0.0
0.0
0.0
0.0
0.0
0.0
0.0
0.0
0.0
0.0
0.0
0.0
0.0
0.0
0.0
0.0
0.0
0.0
0.0
0.0
0.0
0.0
0.0
0.0
0.0
0.0
0.0
0.0
0.0
0.0
0.0
0.0
0.0
0.0
0.0
0.0
0.0
0.0
0.0
0.0
0.0
0.0
0.0
0.0
0.0
0.0
0.0
0.0
0.0
0.0
0.0
0.0
0.0
0.0
0.0
0.0
0.0
0.0
0.0
0.0
0.0
0.0
0.0
0.0
0.0
0.0
0.0
0.0
0.0
0.0
0.0
0.0
0.0
0.0
0.0
0.0
0.0
0.0
0.0
0.0
0.0
0.0
0.0
0.0
0.0
0.0
0.0
0.0
0.0
0.8149998318022976
0.09069544101187707
0.0
0.0
0.0
0.0
0.0
0.0
0.0
0.0
0.0
0.0
0.0
0.0
0.0
0.0
0.0
0.0
0.0
0.0
0.0
0.0
0.0
0.0
0.04592529159616477
0.06936730882847604
0.0
0.0
0.0
0.0
0.0
0.0
0.0
0.0
0.0
0.0
0.0
0.0
0.0
0.0
0.0
0.0
0.0
0.0
0.0
0.0
0.0
0.0
0.0
0.2609481387384552
0.0
0.0
0.0
0.0
0.0
0.0
0.0
0.0
0.0
0.0
0.0
0.0
0.0
0.0
0.0
0.0
0.0
0.0
0.0
0.0
0.0
0.0
0.0
0.0
0.0
0.0
0.0
0.0
0.0
0.0
0.0
0.0
0.0
0.0
0.0
0.0
0.0
0.0
0.0
0.0
0.0
0.0
0.0
0.0
0.0
0.0
0.0
0.0
0.0
0.0
0.0
0.0
0.0
0.0
0.0
0.0
0.0
0.0
0.0
0.0
0.0
0.0
0.0
0.0
0.0
0.0
0.0
0.0
0.0
0.0
0.0
0.0
0.0
0.0
0.0
0.0
0.0
0.0
0.0
0.0
0.0
0.0
0.0
0.0
0.0
0.0
0.0
0.0
0.0
0.0
0.0
0.0
0.0
0.0
0.0
0.0
0.0
0.0
0.0
0.0
0.0
0.0
0.0
0.0
0.0
0.0
0.0
0.0
0.0
0.0
0.0
0.0
0.0
0.0
0.0
0.0
0.0
0.0
0.0
0.0
0.0
0.0
0.0
0.0
0.0
0.0
0.0
0.0
0.0
0.0
0.0
0.0
0.0
0.0
0.0
0.0
0.0
0.0
0.0
0.0
0.0
0.0
0.0
0.0
0.0
0.0
0.0
0.0
0.0
0.0
0.0
0.0
0.0
0.0
0.0
0.0
0.0
0.0
0.0
0.0
0.0
0.0
0.0
0.0
0.0
0.0
0.0
0.0
0.0
0.0
0.0
0.0
0.0
0.0
0.0
0.0
0.0
0.0
0.0
0.0
0.0
0.0
0.0
0.0
0.0
0.0
0.0
0.0
0.0
0.0
0.0
0.0
0.0
0.0
0.0
0.0
0.0
0.0
0.0
0.0
0.0
0.0
0.0
0.0
0.0
0.0
0.0
0.0
0.0
0.0
0.0
0.0
0.0
0.0
0.0
0.0
0.0
0.0
0.0
0.0
0.0
0.0
0.0
0.0
0.0
0.0
0.0
0.0
0.0
0.0
0.0
0.0
0.0
0.0
0.0
0.0
0.0
0.0
0.0
0.0
0.0
0.0
0.0
0.0
0.0
0.0
0.0
0.0
0.0
0.0
0.0
0.0
0.0
0.0
0.0
0.0
0.0
0.0
0.0
0.0
0.0
0.0
0.0
0.0
0.0
0.0
0.0
0.0
0.0
0.0
0.0
0.0
0.0
0.0
0.0
0.0
0.0
0.0
0.0
0.0
0.0
0.0
0.0
0.0
0.0
0.0
0.0
0.0
0.0
0.0
0.0
0.0
0.0
0.0
0.0
0.0
0.0
0.0
0.0
0.0
0.0
0.0
0.0
0.0
0.0
0.0
0.0
0.0
0.0
0.0
0.0
0.0
0.0
0.0
0.0
0.0
0.0
0.0
0.0
0.0
0.0
0.0
0.0
0.0
0.0
0.0
0.0
0.0
0.0
0.0
0.0
0.0
0.0
0.0
0.0
0.0
0.0
0.0
0.0
0.0
0.0
0.0
0.0
0.0
0.0
0.0
0.0
0.0
0.0
0.0
0.0
0.0
0.0
0.0
0.0
0.0
0.0
0.0
0.8756480814801821
0.4115809728356553
0.0
0.0
0.0
0.0
0.0
0.0
0.0
0.0
0.0
0.0
0.0
0.0
0.0
0.0
0.0
0.0
0.0
0.0
0.0
0.0
0.0
0.0
0.0
0.0
0.0
0.0
0.0
0.0
0.0
0.0
0.0
0.0
0.0
0.0
0.0
0.0
0.0
0.0
0.0
0.0
0.0
0.0
0.0
0.0
0.0
0.0
0.0
0.0
0.0
0.0
0.0
0.0
0.0
0.0
0.0
0.0
0.0
0.0
0.0
0.0
0.0
0.0
0.0
0.0
0.0
0.0
0.0
0.0
0.0
0.0
0.0
0.0
0.0
0.0
0.0
0.0
0.0
0.0
0.0
0.0
0.0
0.0
0.0
0.0
0.0
0.0
0.0
0.0
0.0
0.0
0.0
0.0
0.0
0.0
0.0
0.0
0.0
0.0
0.0
0.0
0.0
0.0
0.0
0.0
0.0
0.0
0.0
0.0
0.0
0.0
0.0
0.0
0.0
0.0
0.0
0.0
0.0
0.0
0.0
0.0
0.0
0.0
0.0
0.0
0.0
0.0
0.0
0.0
0.0
0.0
0.0
0.0
0.0
0.0
0.0
0.0
0.0
0.0
0.0
0.0
0.0
0.0
0.0
0.0
0.0
0.0
0.0
0.0
0.0
0.0
0.0
0.0
0.0
0.0
0.0
0.0
0.0
0.0
0.0
0.0
0.0
0.0
0.0
0.0
0.0
0.0
0.08201682907734886
0.6299439790447151
0.025328693671840475
0.0
0.0
0.0
0.0
0.0
0.0
0.0
0.0
0.0
0.0
0.0
0.0
0.0
0.0
0.0
0.0
0.0
0.0
0.0
0.0
0.0
0.0
0.0
0.0
0.0
0.0
0.0
0.0
0.0
0.0
0.0
0.0
0.0
0.0
0.0
0.0
0.0
0.0
0.0
0.0
0.0
0.0
0.0
0.0
0.0
0.0
0.0
0.0
0.0
0.0
0.0
0.0
0.0
0.0
0.0
0.0
0.0
0.0
0.0
0.0
0.0
0.0
0.0
0.0
0.0
0.0
0.0
0.0
0.0
0.0
0.0
0.0
0.0
0.0
0.0
0.0
0.0
0.0
0.0
0.0
0.0
0.0
0.0
0.0
0.0
0.0
0.0
0.0
0.0
0.0
0.0
0.0
0.0
0.0
0.0
0.0
0.0
0.0
0.0
0.0
0.0
0.0
0.0
0.0
0.0
0.0
0.0
0.0
0.0
0.0
0.0
0.0
0.0
0.0
0.0
0.0
0.0
0.0
0.0
0.0
0.0
0.0
0.0
0.0
0.0
0.0
0.0
0.0
0.0
0.0
0.0
0.0
0.0
0.0
0.0
0.0
0.0
0.0
0.0
0.0
0.0
0.0
0.0
0.0
0.0
0.0
0.0
0.0
0.0
0.0
0.0
0.0
0.0
0.0
0.0
0.0
0.0
0.0
0.0
0.0
0.0
0.0
0.0
0.0
0.0
0.0
0.0
0.0
0.0
0.0
0.0
0.0
0.0
0.0
0.0
0.0
0.0
0.0
0.0
0.0
0.0
0.0
0.0
0.0
0.0
0.0
0.0
0.0
0.0
0.0
0.0
0.0
0.0
0.0
0.0
0.0
0.0
0.0
0.0
0.0
0.0
0.0
0.0
0.0
0.0
0.0
0.0
0.0
0.0
0.0
0.0
0.0
0.0
0.0
0.0
0.0
0.0
0.0
0.0
0.0
0.0
0.0
0.0
0.0
0.0
0.0
0.0
0.0
0.0
0.0
0.0
0.0
0.0
0.0
0.0
0.0
0.0
0.0
0.0
0.0
0.0
0.0
0.0
0.0
0.0
0.0
0.0
0.0
0.0
0.0
0.0
0.0
0.0
0.0
0.0
0.0
0.0
0.0
0.0
0.0
0.0
0.0
0.0
0.0
0.0
0.0
0.0
0.0
0.0
0.0
0.0
0.0
0.0
0.0
0.0
0.0
0.0
0.0
0.0
0.0
0.0
0.0
0.0
0.0
0.0
0.0
0.0
0.0
0.0
0.0
0.0
0.0
0.0
0.0
0.0
0.0
0.0
0.0
0.0
0.0
0.0
0.0
0.0
0.0
0.0
0.0
0.0
0.0
0.0
0.0
0.0
0.0
0.0
0.0
0.0
0.0
0.0
0.0
0.0
0.0
0.0
0.0
0.0
0.0
0.0
0.0
0.0
0.0
0.0
0.0
0.0
0.0
0.0
0.0
0.0
0.0
0.0
0.0
0.0
0.0
0.0
0.0
0.0
0.0
0.0
0.0
0.0
0.0
0.0
0.0
0.0
0.0
0.0
0.0
0.0
0.0
0.0
0.0
0.0
0.0
0.0
0.0
0.0
0.0
0.0
0.0
0.0
0.0
0.0
0.0
0.0
0.0
0.0
0.0
0.0
0.0
0.0
0.0
0.0
0.0
0.0
0.0
0.0
0.0
0.0
0.0
0.0
0.0
0.0
0.0
0.0
0.0
0.0
0.0
0.0
0.0
0.0
0.0
0.0
0.0
0.0
0.0
0.0
0.0
0.0
0.0
0.0
0.0
0.0
0.0
0.0
0.0
0.0
0.0
0.0
0.0
0.0
0.0
0.0
0.0
0.0
0.0
0.0
0.0
0.0
0.0
0.0
0.0
0.0
0.0
0.0
0.0
0.0
0.0
0.0
0.0
0.0
0.0
0.0
0.0
0.0
0.0
0.0
0.0
0.0
0.0
0.0
0.0
0.0
0.0
0.0
0.0
0.0
0.0
0.0
0.0
0.0
0.0
0.0
0.0
0.0
0.0
0.0
0.0
0.0
0.0
0.0
0.0
0.0
0.0
0.0
0.0
0.0
0.0
0.0
0.0
0.0
0.0
0.0
0.0
0.0
0.0
0.0
0.0
0.0
0.0
0.0
0.0
0.0
0.0
0.0
0.0
0.0
0.0
0.0
0.0
0.0
0.0
0.0
0.0
0.0
0.0
0.0
0.0
0.0
0.0
0.0
0.0
0.0
0.0
0.0
0.0
0.0
0.0
0.0
0.0
0.0
0.0
0.0
0.0
0.0
0.0
0.0
0.0
0.0
0.0
0.0
0.0
0.0
0.0
0.0
0.0
0.0
0.0
0.0
0.0
0.0
0.0
0.0
0.0
0.0
0.0
0.0
0.0
0.0
0.0
0.0
0.0
0.0
0.0
0.0
0.0
0.0
0.0
0.0
0.0
0.0
0.0
0.0
0.0
0.0
0.0
0.0
0.0
0.0
0.0
0.0
0.0
0.0
0.0
0.0
0.0
0.0
0.0
0.0
0.0
0.0
0.0
0.0
0.0
0.0
0.0
0.0
0.0
0.0
0.0
0.0
0.0
0.0
0.0
0.0
0.0
0.0
0.0
0.0
0.0
0.0
0.0
0.0
0.0
0.0
0.0
0.0
0.0
0.0
0.0
0.0
0.0
0.0
0.0
0.0
0.0
0.0
0.0
0.0
0.0
0.0
0.0
0.0
0.0
0.0
0.0
0.0
0.0
0.0
0.0
0.0
0.0
0.0
0.0
0.0
0.0
0.0
0.0
0.0
0.0
0.0
0.0
0.0
0.0
0.0
0.0
0.0
0.0
0.0
0.0
0.0
0.0
0.0
0.0
0.0
0.0
0.0
0.0
0.0
0.0
0.0
0.0
0.0
0.0
0.0
0.0
0.0
0.0
0.0
0.0
0.0
0.0
0.0
0.0
0.0
0.0
0.0
0.0
0.0
0.0
0.0
0.0
0.0
0.0
0.0
0.0
0.0
0.0
0.0
0.0
0.0
0.0
0.0
0.0
0.0
0.0
0.0
0.0
0.0
0.0
0.0
0.0
0.0
0.0
0.0
0.0
0.0
0.0
0.0
0.0
0.0
0.0
0.0
0.0
0.0
0.0
0.0
0.0
0.0
0.0
0.0
0.0
0.0
0.0
0.0
0.0
0.0
0.0
0.0
0.0
0.0
0.0
0.0
0.0
0.0
0.0
0.0
0.0
0.0
0.0
0.0
0.0
0.0
0.0
0.0
0.0
0.0
0.0
0.0
0.0
0.0
0.0
0.0
0.0
0.0
0.0
0.0
0.0
0.0
0.0
0.0
0.0
0.0
0.0
0.0
0.0
0.0
0.0
0.0
0.0
0.0
0.0
0.0
0.0
0.0
0.0
0.0
0.0
0.0
0.0
0.0
0.0
0.0
0.0
0.0
0.0
0.0
0.0
0.0
0.0
0.0
0.0
0.0
0.0
0.0
0.0
0.0
0.0
0.0
0.0
0.0
0.0
0.0
0.0
0.0
0.0
0.0
0.0
0.0
0.0
0.0
0.0
0.0
0.0
0.0
0.0
0.0
0.0
0.0
0.0
0.0
0.0
0.0
0.0
0.0
0.0
0.0
0.0
0.0
0.0
0.0
0.0
0.0
0.0
0.0
0.0
0.0
0.0
0.0
0.0
0.0
0.0
0.0
0.0
0.0
0.0
0.0
0.0
0.0
0.0
0.0
0.0
0.0
0.0
0.0
0.0
0.0
0.0
0.0
0.0
0.0
0.0
0.0
0.0
0.0
0.0
0.0
0.0
0.0
0.0
0.0
0.0
0.0
0.0
0.0
0.0
0.0
0.0
0.0
0.0
0.0
0.0
0.0
0.0
0.0
0.0
0.0
0.0
0.0
0.0
0.0
0.0
0.0
0.0
0.0
0.0
0.0
0.0
0.0
0.0
0.0
0.0
0.0
0.0
0.0
0.0
0.0
0.0
0.0
0.0
0.0
0.0
0.0
0.0
0.0
0.0
0.0
0.0
0.0
0.0
0.0
0.0
0.0
0.0
0.0
0.0
0.0
0.0
0.0
0.0
0.0
0.0
0.0
0.0
0.0
0.0
0.0
0.0
0.0
0.0
0.0
0.0
0.0
0.0
0.0
0.0
0.0
0.0
0.0
0.0
0.0
0.0
0.0
0.0
0.0
0.0
0.0
0.0
0.0
0.0
0.0
0.0
0.0
0.0
0.0
0.0
0.0
0.0
0.0
0.0
0.0
0.0
0.0
0.0
0.0
0.0
0.0
0.0
0.0
0.0
0.0
0.0
0.0
0.0
0.0
0.0
0.0
0.0
0.0
0.0
0.0
0.0
0.0
0.0
0.0
0.0
0.0
0.0
0.0
0.0
0.0
0.0
0.0
0.0
0.0
0.0
0.0
0.0
0.0
0.0
0.0
0.0
0.0
0.0
0.0
0.0
0.0
0.0
0.0
0.0
0.0
0.0
0.0
0.0
0.0
0.0
0.0
0.0
0.0
0.0
0.0
0.0
0.0
0.0
0.0
0.0
0.0
0.0
0.0
0.0
0.0
0.0
0.0
0.0
0.0
0.0
0.0
0.0
0.0
0.0
0.0
0.0
0.0
0.0
0.0
0.0
0.0
0.0
0.0
0.0
0.0
0.0
0.0
0.0
0.0
0.0
0.0
0.0
0.0
0.0
0.0
0.0
0.0
0.0
0.0
0.0
0.0
0.0
0.0
0.0
0.0
0.0
0.0
0.0
0.0
0.0
0.0
0.0
0.0
0.0
0.0
0.0
0.0
0.0
0.0
0.0
0.0
0.0
0.0
0.0
0.0
0.0
0.0
0.0
0.0
0.0
0.0
0.0
0.0
0.0
0.0
0.0
0.0
0.0
0.0
0.0
0.0
0.0
0.0
0.0
0.0
0.0
0.0
0.0
0.0
0.0
0.0
0.0
0.0
0.0
0.0
0.0
0.0
0.0
0.0
0.0
0.0
0.0
0.0
0.0
0.0
0.0
0.0
0.0
0.0
0.0
0.0
0.0
0.0
0.0
0.0
0.0
0.0
0.0
0.0
0.0
0.0
0.0
0.0
0.0
0.0
0.0
0.0
0.0
0.0
0.0
0.0
0.0
0.0
0.0
0.0
0.0
0.0
0.0
0.0
0.0
0.0
0.0
0.0
0.0
0.0
0.0
0.0
0.0
0.0
0.0
0.0
0.0
0.0
0.0
0.0
0.0
0.0
0.0
0.0
0.0
0.0
0.0
0.0
0.0
0.0
0.0
0.0
0.0
0.0
0.0
0.0
0.0
0.0
0.0
0.0
0.0
0.0
0.0
0.0
0.0
0.0
0.0
0.0
0.0
0.0
0.0
0.0
0.0
0.0
0.0
0.0
0.0
0.0
0.0
0.0
0.0
0.0
0.0
0.0
0.0
0.0
0.0
0.0
0.0
0.0
0.0
0.0
0.0
0.0
0.0
0.0
0.0
0.0
0.0
0.0
0.0
0.0
0.0
0.0
0.0
0.0
0.0
0.0
0.0
0.0
0.0
0.0
0.0
0.0
0.0
0.0
0.0
0.0
0.0
0.0
0.0
0.0
0.0
0.0
0.0
0.0
0.0
0.0
0.0
0.0
0.0
0.0
0.0
0.0
0.0
0.0
0.0
0.0
0.0
0.0
0.0
0.0
0.0
0.0
0.0
0.0
0.0
0.0
0.0
0.0
0.0
0.0
0.0
0.0
0.0
0.0
0.0
0.0
0.0
0.0
0.0
0.0
0.0
0.0
0.0
0.0
0.0
0.0
0.0
0.0
0.0
0.0
0.0
0.0
0.0
0.0
0.0
0.0
0.0
0.0
0.0
0.0
0.0
0.0
0.0
0.0
0.0
0.0
0.0
0.0
0.0
0.0
0.0
0.0
0.0
0.0
0.0
0.0
0.0
0.0
0.0
0.0
0.0
0.0
0.0
0.0
0.0
0.0
0.0
0.0
0.0
0.0
0.0
0.0
0.0
0.0
0.0
0.0
0.0
0.0
0.0
0.0
0.0
0.0
0.0
0.0
0.0
0.0
0.0
0.0
0.0
0.0
0.0
0.0
0.0
0.0
0.0
0.0
0.0
0.0
0.0
0.0
0.0
0.0
0.0
0.0
0.0
0.0
0.0
0.0
0.0
0.0
0.0
0.0
0.0
0.0
0.0
0.0
0.0
0.0
0.0
0.0
0.0
0.0
0.0
0.0
0.0
0.0
0.0
0.0
0.0
0.0
0.0
0.0
0.0
0.0
0.0
0.0
0.0
0.0
0.0
0.0
0.0
0.0
0.0
0.0
0.0
0.0
0.0
0.0
0.0
0.0
0.0
0.0
0.0
0.0
0.0
0.0
0.0
0.0
0.0
0.0
0.0
0.0
0.0
0.0
0.0
0.0
0.0
0.0
0.0
0.0
0.0
0.0
0.0
0.0
0.0
0.0
0.0
0.0
0.0
0.0
0.0
0.0
0.0
0.0
0.0
0.0
0.0
0.0
0.0
0.0
0.0
0.0
0.0
0.0
0.0
0.0
0.0
0.0
0.0
0.0
0.0
0.0
0.0
0.0
0.0
0.0
0.0
0.0
0.0
0.0
0.0
0.0
0.0
0.0
0.0
0.0
0.0
0.0
0.0
0.0
0.0
0.0
0.0
0.0
0.0
0.0
0.0
0.0
0.0
0.0
0.0
0.0
0.0
0.0
0.0
0.0
0.0
0.0
0.0
0.0
0.0
0.0
0.0
0.0
0.0
0.0
0.0
0.0
0.0
0.0
0.0
0.0
0.0
0.0
0.0
0.0
0.0
0.0
0.0
0.0
0.0
0.0
0.0
0.0
0.0
0.0
0.0
0.0
0.0
0.0
0.0
0.0
0.0
0.0
0.0
0.0
0.0
0.0
0.0
0.0
0.0
0.0
0.0
0.0
0.0
0.0
0.0
0.0
0.0
0.0
0.0
0.0
0.0
0.0
0.0
0.0
0.0
0.0
0.0
0.0
0.0
0.0
0.0
0.0
0.0
0.0
0.0
0.0
0.0
0.0
0.0
0.0
0.0
0.0
0.0
0.0
0.0
0.0
0.0
0.0
0.0
0.0
0.0
0.0
0.0
0.0
0.0
0.0
0.0
0.0
0.0
0.0
0.0
0.0
0.0
0.0
0.0
0.0
0.0
0.0
0.0
0.0
0.0
0.0
0.0
0.0
0.0
0.0
0.0
0.0
0.0
0.0
0.0
0.0
0.0
0.0
0.0
0.0
0.0
0.0
0.0
0.0
0.0
0.0
0.0
0.0
0.0
0.0
0.0
0.0
0.0
0.0
0.0
0.0
0.0
0.0
0.0
0.0
0.0
0.0
0.0
0.0
0.0
0.0
0.0
0.0
0.0
0.0
0.0
0.0
0.0
0.0
0.0
0.0
0.0
0.0
0.0
0.0
0.0
0.0
0.0
0.0
0.0
0.0
0.0
0.0
0.0
0.0
0.0
0.0
0.0
0.0
0.0
0.0
0.0
0.0
0.0
0.0
0.0
0.0
0.0
0.0
0.0
0.0
0.0
0.0
0.0
0.0
0.0
0.0
0.0
0.0
0.0
0.0
0.0
0.0
0.0
0.0
0.0
0.0
0.0
0.0
0.0
0.0
0.0
0.0
0.0
0.0
0.0
0.0
0.0
0.0
0.0
0.0
0.0
0.0
0.0
0.0
0.0
0.0
0.0
0.0
0.0
0.0
0.0
0.0
0.0
0.0
0.0
0.0
0.0
0.0
0.0
0.0
0.0
0.0
0.0
0.0
0.0
0.0
0.0
0.0
0.0
0.0
0.0
0.0
0.0
0.0
0.0
0.0
0.0
0.0
0.0
0.0
0.0
0.0
0.0
0.0
0.0
0.0
0.0
0.0
0.0
0.0
0.0
0.0
0.0
0.0
0.0
0.0
0.0
0.0
0.0
0.0
0.0
0.0
0.0
0.0
0.0
0.0
0.0
0.0
0.0
0.0
0.0
0.0
0.0
0.0
0.0
0.0
0.0
0.0
0.0
0.0
0.0
0.0
0.0
0.0
0.0
0.0
0.0
0.0
0.0
0.0
0.0
0.0
0.0
0.0
0.0
0.0
0.0
0.0
0.0
0.0
0.0
0.0
0.0
0.0
0.0
0.0
0.0
0.0
0.0
0.0
0.0
0.0
0.0
0.0
0.0
0.0
0.0
0.0
0.0
0.0
0.0
0.0
0.0
0.0
0.0
0.0
0.0
0.0
0.0
0.0
0.0
0.0
0.0
0.0
0.0
0.0
0.0
0.0
0.0
0.0
0.0
0.0
0.0
0.0
0.0
0.0
0.0
0.0
0.0
0.0
0.0
0.0
0.0
0.0
0.0
0.0
0.0
0.0
0.0
0.0
0.0
0.0
0.0
0.0
0.0
0.0
0.0
0.0
0.0
0.0
0.0
0.0
0.0
0.0
0.0
0.0
0.0
0.0
0.0
0.0
0.0
0.0
0.0
0.0
0.0
0.0
0.0
0.0
0.0
0.0
0.0
0.0
0.0
0.0
0.0
0.0
0.0
0.0
0.0
0.0
0.0
0.0
0.0
0.0
0.0
0.0
0.0
0.0
0.0
0.0
0.0
0.0
0.0
0.0
0.0
0.0
0.0
0.0
0.0
0.0
0.0
0.0
0.0
0.0
0.0
0.0
0.0
0.0
0.0
0.0
0.0
0.0
0.0
0.0
0.0
0.0
0.0
0.0
0.0
0.0
0.0
0.0
0.0
0.0
0.0
0.0
0.0
0.0
0.0
0.0
0.0
0.0
0.0
0.0
0.0
0.0
0.0
0.0
0.0
0.0
0.0
0.0
0.0
0.0
0.0
0.0
0.0
0.0
0.0
0.0
0.0
0.0
0.0
0.0
0.0
0.0
0.0
0.0
0.0
0.0
0.0
0.0
0.0
0.0
0.0
0.0
0.0
0.0
0.0
0.0
0.0
0.0
0.0
0.0
0.0
0.0
0.0
0.0
0.0
0.0
0.0
0.0
0.0
0.0
0.0
0.0
0.0
0.0
0.0
0.0
0.0
0.0
0.0
0.0
0.0
0.0
0.0
0.0
0.0
0.0
0.0
0.0
0.0
0.0
0.0
0.0
0.0
0.0
0.0
0.0
0.0
0.0
0.0
0.0
0.0
0.0
0.0
0.0
0.0
0.0
0.0
0.0
0.0
0.0
0.0
0.0
0.0
0.0
0.0
0.0
0.0
0.0
0.0
0.0
0.0
0.0
0.0
0.0
0.0
0.0
0.0
0.0
0.0
0.0
0.0
0.0
0.0
0.0
0.0
0.0
0.0
0.0
0.0
0.0
0.0
0.0
0.0
0.0
0.0
0.0
0.0
0.0
0.0
0.0
0.0
0.0
0.0
0.0
0.0
0.0
0.0
0.0
0.0
0.0
0.0
0.0
0.0
0.0
0.0
0.0
0.0
0.0
0.0
0.0
0.0
0.0
0.0
0.0
0.0
0.0
0.0
0.0
0.0
0.0
0.0
0.0
0.0
0.0
0.0
0.0
0.0
0.0
0.0
0.0
0.0
0.0
0.0
0.0
0.0
0.0
0.0
0.0
0.0
0.0
0.0
0.0
0.0
0.0
0.0
0.0
0.0
0.0
0.0
0.0
0.0
0.0
0.0
0.0
0.0
0.0
0.0
0.0
0.0
0.0
0.0
0.0
0.0
0.0
0.0
0.0
0.0
0.0
0.0
0.0
0.0
0.0
0.0
0.0
0.0
0.0
0.0
0.0
0.0
0.0
0.0
0.0
0.0
0.0
0.0
0.0
0.0
0.0
0.0
0.0
0.0
0.0
0.0
0.0
0.0
0.0
0.0
0.0
0.0
0.0
0.0
0.0
0.0
0.0
0.0
0.0
0.0
0.0
0.0
0.0
0.0
0.0
0.0
0.0
0.0
0.0
0.0
0.0
0.0
0.0
0.0
0.0
0.0
0.0
0.0
0.0
0.0
0.0
0.0
0.0
0.0
0.0
0.0
0.0
0.0
0.0
0.0
0.0
0.0
0.0
0.0
0.0
0.0
0.0
0.0
0.0
0.0
0.0
0.0
0.0
0.0
0.0
0.0
0.0
0.0
0.0
0.0
0.0
0.0
0.0
0.0
0.0
0.0
0.0
0.0
0.0
0.0
0.0
0.0
0.0
0.0
0.0
0.0
0.0
0.0
0.0
0.0
0.0
0.0
0.0
0.0
0.0
0.0
0.0
0.0
0.0
0.0
0.0
0.0
0.0
0.0
0.0
0.0
0.0
0.0
0.0
0.0
0.0
0.0
0.0
0.0
0.0
0.0
0.0
0.0
0.0
0.0
0.0
0.0
0.0
0.0
0.0
0.0
0.0
0.0
0.0
0.0
0.0
0.0
0.0
0.0
0.0
0.0
0.0
0.0
0.0
0.0
0.0
0.0
0.0
0.0
0.0
0.0
0.0
0.0
0.0
0.0
0.0
0.0
0.0
0.0
0.0
0.0
0.0
0.0
0.0
0.0
0.0
0.0
0.0
0.0
0.0
0.0
0.0
0.0
0.0
0.0
0.0
0.0
0.0
0.0
0.0
0.0
0.0
0.0
0.0
0.0
0.0
0.0
0.0
0.0
0.0
0.0
0.0
0.0
0.0
0.0
0.0
0.0
0.0
0.0
0.0
0.0
0.0
0.0
0.0
0.0
0.0
0.0
0.0
0.0
0.0
0.0
0.0
0.0
0.0
0.0
0.0
0.0
0.0
0.0
0.0
0.0
0.0
0.0
0.0
0.0
0.0
0.0
0.0
0.0
0.0
0.0
0.0
0.0
0.0
0.0
0.0
0.0
0.0
0.0
0.0
0.0
0.0
0.0
0.0
0.0
0.0
0.0
0.0
0.0
0.0
0.0
0.0
0.0
0.0
0.0
0.0
0.0
0.0
0.0
0.0
0.0
0.0
0.0
0.0
0.0
0.0
0.0
0.0
0.0
0.0
0.0
0.0
0.0
0.0
0.0
0.0
0.0
0.0
0.0
0.0
0.0
0.0
0.0
0.0
0.0
0.0
0.0
0.0
0.0
0.0
0.0
0.0
0.0
0.0
0.0
0.0
0.0
0.0
0.0
0.0
0.0
0.0
0.0
0.0
0.0
0.0
0.0
0.0
0.0
0.0
0.0
0.0
0.0
0.0
0.0
0.0
0.0
0.0
0.0
0.0
0.0
0.0
0.0
0.0
0.0
0.0
0.0
0.0
0.0
0.0
0.0
0.0
0.0
0.0
0.0
0.0
0.0
0.0
0.0
0.0
0.0
0.0
0.0
0.0
0.0
0.0
0.0
0.0
0.0
0.0
0.0
0.0
0.0
0.0
0.0
0.0
0.0
0.0
0.0
0.0
0.0
0.0
0.0
0.0
0.0
0.0
0.0
0.0
0.0
0.0
0.0
0.0
0.0
0.0
0.0
0.0
0.0
0.0
0.0
0.0
0.0
0.0
0.0
0.0
0.0
0.0
0.0
0.0
0.0
0.0
0.0
0.0
0.0
0.0
0.0
0.0
0.0
0.0
0.0
0.0
0.0
0.0
0.0
0.0
0.0
0.0
0.0
0.0
0.0
0.0
0.0
0.0
0.0
0.0
0.0
0.0
0.0
0.0
0.0
0.0
0.0
0.0
0.0
0.0
0.0
0.0
0.0
0.0
0.0
0.0
0.0
0.0
0.0
0.0
0.0
0.0
0.0
0.0
0.0
0.0
0.0
0.0
0.0
0.0
0.0
0.0
0.0
0.0
0.0
0.0
0.0
0.0
0.0
0.0
0.0
0.0
0.0
0.0
0.0
0.0
0.0
0.0
0.0
0.0
0.0
0.0
0.0
0.0
0.0
0.0
0.0
0.0
0.0
0.0
0.0
0.0
0.0
0.0
0.0
0.0
0.0
0.0
0.0
0.0
0.0
0.0
0.0
0.0
0.0
0.0
0.0
0.0
0.0
0.0
0.0
0.0
0.0
0.0
0.0
0.0
0.0
0.0
0.0
0.0
0.0
0.0
0.0
0.0
0.0
0.0
0.0
0.0
0.0
0.0
0.0
0.0
0.0
0.0
0.0
0.0
0.0
0.0
0.0
0.0
0.0
0.0
0.0
0.0
0.0
0.0
0.0
0.0
0.0
0.0
0.0
0.0
0.0
0.0
0.0
0.0
0.0
0.0
0.0
0.0
0.0
0.0
0.0
0.0
0.0
0.0
0.0
0.0
0.0
0.0
0.0
0.0
0.0
0.0
0.0
0.0
0.0
0.0
0.0
0.0
0.0
0.0
0.0
0.0
0.0
0.0
0.0
0.0
0.0
0.0
0.0
0.0
0.0
0.0
0.0
0.0
0.0
0.0
0.0
0.0
0.0
0.0
0.0
0.0
0.0
0.0
0.0
0.0
0.0
0.0
0.0
0.0
0.0
0.0
0.0
0.0
0.0
0.0
0.0
0.0
0.0
0.0
0.0
0.0
0.0
0.0
0.0
0.0
0.0
0.0
0.0
0.0
0.0
0.0
0.0
0.0
0.0
0.0
0.0
0.0
0.0
0.0
0.0
0.0
0.0
0.0
0.0
0.0
0.0
0.0
0.0
0.0
0.0
0.0
0.0
0.0
0.0
0.0
0.0
0.0
0.0
0.0
0.0
0.0
0.0
0.0
0.0
0.0
0.0
0.0
0.0
0.0
0.0
0.0
0.0
0.0
0.0
0.0
0.0
0.0
0.0
0.0
0.0
0.0
0.0
0.0
0.0
0.0
0.0
0.0
0.0
0.0
0.0
0.0
0.0
0.0
0.0
0.0
0.0
0.0
0.0
0.0
0.0
0.0
0.0
0.0
0.0
0.0
0.0
0.0
0.0
0.0
0.0
0.0
0.0
0.0
0.0
0.0
0.0
0.0
0.0
0.0
0.0
0.0
0.0
0.0
0.0
0.0
0.0
0.0
0.0
0.0
0.0
0.0
0.0
0.0
0.0
0.0
0.0
0.0
0.0
0.0
0.0
0.0
0.0
0.0
0.7321225789836827
0.07254909395412756
0.0
0.0
0.0
0.0
0.0
0.0
0.0
0.0
0.0
0.0
0.0
0.0
0.0
0.0
0.0
0.0
0.0
0.0
0.0
0.0
0.0
0.0
0.0
0.0
0.0
0.0
0.0
0.0
0.0
0.0
0.0
0.0
0.0
0.0
0.0
0.0
0.0
0.0
0.0
0.0
0.0
0.0
0.0
0.0
0.0
0.0
0.0
0.0
0.0
0.0
0.0
0.0
0.0
0.0
0.0
0.0
0.0
0.0
0.0
0.0
0.0
0.0
0.0
0.0
0.0
0.0
0.0
0.0
0.0
0.0
0.0
0.0
0.0
0.0
0.0
0.0
0.0
0.0
0.0
0.0
0.0
0.0
0.0
0.0
0.0
0.0
0.0
0.0
0.0
0.0
0.0
0.0
0.0
0.0
0.0
0.0
0.0
0.0
0.0
0.0
0.0
0.0
0.0
0.0
0.0
0.0
0.0
0.0
0.0
0.0
0.0
0.0
0.0
0.0
0.0
0.0
0.0
0.0
0.0
0.0
0.0
0.0
0.0
0.0
0.0
0.0
0.0
0.0
0.0
0.0
0.0
0.0
0.0
0.0
0.0
0.0
0.0
0.0
0.0
0.0
0.0
0.0
0.0
0.0
0.0
0.0
0.0
0.0
0.0
0.0
0.0
0.0
0.0
0.0
0.0
0.0
0.0
0.0
0.0
0.0
0.0
0.0
0.0
0.0
0.0
0.0
0.0
0.0
0.0
0.0
0.0
0.0
0.0
0.0
0.0
0.0
0.0
0.0
0.0
0.0
0.0
0.0
0.0
0.0
0.0
0.0
0.0
0.0
0.0
0.0
0.0
0.0
0.0
0.0
0.0
0.0
0.0
0.0
0.0
0.0
0.0
0.0
0.0
0.0
0.0
0.0
0.0
0.0
0.0
0.0
0.0
0.0
0.0
0.0
0.0
0.0
0.0
0.0
0.0
0.0
0.0
0.0
0.0
0.0
0.0
0.0
0.0
0.0
0.0
0.0
0.0
0.0
0.0
0.0
0.0
0.0
0.0
0.0
0.0
0.0
0.0
0.0
0.0
0.0
0.0
0.0
0.0
0.0
0.0
0.0
0.0
0.0
0.0
0.0
0.0
0.0
0.0
0.0
0.0
0.0
0.0
0.0
0.0
0.0
0.0
0.0
0.0
0.0
0.0
0.0
0.0
0.0
0.0
0.0
0.0
0.0
0.0
0.0
0.0
0.0
0.0
0.0
0.0
0.0
0.0
0.0
0.0
0.0
0.0
0.0
0.0
0.0
0.0
0.0
0.0
0.0
0.0
0.0
0.0
0.0
0.0
0.0
0.0
0.0
0.0
0.0
0.0
0.0
0.0
0.0
0.0
0.0
0.0
0.0
0.0
0.0
0.0
0.0
0.0
0.0
0.0
0.0
0.0
0.0
0.0
0.0
0.0
0.0
0.0
0.0
0.0
0.0
0.0
0.0
0.0
0.0
0.0
0.0
0.0
0.0
0.0
0.0
0.0
0.0
0.0
0.0
0.0
0.0
0.0
0.0
0.0
0.0
0.0
0.0
0.0
0.0
0.0
0.0
0.0
0.0
0.0
0.0
0.0
0.0
0.0
0.0
0.0
0.0
0.0
0.0
0.0
0.0
0.0
0.0
0.0
0.0
0.0
0.0
0.0
0.0
0.0
0.0
0.0
0.0
0.0
0.0
0.0
0.0
0.0
0.0
0.0
0.0
0.0
0.0
0.0
0.0
0.0
0.0
0.0
0.0
0.0
0.0
0.0
0.0
0.0
0.0
0.0
0.0
0.0
0.0
0.0
0.0
0.0
0.0
0.0
0.0
0.0
0.0
0.0
0.0
0.0
0.0
0.0
0.0
0.0
0.0
0.0
0.0
0.0
0.0
0.0
0.0
0.0
0.0
0.0
0.0
0.0
0.0
0.0
0.0
0.0
0.0
0.0
0.0
0.0
0.0
0.0
0.0
0.0
0.0
0.0
0.0
0.0
0.0
0.0
0.0
0.0
0.0
0.0
0.0
0.0
0.0
0.0
0.0
0.0
0.0
0.0
0.0
0.0
0.0
0.0
0.0
0.0
0.0
0.0
0.0
0.0
0.0
0.0
0.0
0.0
0.0
0.0
0.0
0.0
0.0
0.0
0.0
0.0
0.0
0.0
0.0
0.0
0.0
0.0
0.0
0.0
0.0
0.0
0.0
0.0
0.0
0.0
0.0
0.0
0.0
0.0
0.0
0.0
0.0
0.0
0.0
0.0
0.0
0.0
0.0
0.0
0.0
0.0
0.0
0.0
0.0
0.0
0.0
0.0
0.0
0.0
0.0
0.0
0.0
0.0
0.0
0.0
0.0
0.0
0.0
0.0
0.0
0.0
0.0
0.0
0.0
0.0
0.0
0.0
0.0
0.0
0.0
0.0
0.0
0.0
0.0
0.0
0.0
0.0
0.0
0.0
0.0
0.0
0.0
0.0
0.0
0.0
0.0
0.0
0.0
0.0
0.0
0.0
0.0
0.0
0.0
0.0
0.0
0.0
0.0
0.0
0.0
0.0
0.0
0.0
0.0
0.0
0.0
0.0
0.0
0.0
0.0
0.0
0.0
0.0
0.0
0.0
0.0
0.0
0.0
0.0
0.0
0.0
0.0
0.0
0.0
0.0
0.0
0.0
0.0
0.0
0.0
0.0
0.0
0.0
0.0
0.0
0.0
0.0
0.0
0.0
0.0
0.0
0.0
0.0
0.0
0.0
0.0
0.0
0.0
0.0
0.0
0.0
0.0
0.0
0.0
0.0
0.0
0.0
0.0
0.0
0.0
0.0
0.0
0.0
0.0
0.0
0.0
0.0
0.9700052744125326
0.4065085726661754
0.9798427301982943
0.5590046147722358
0.9777822502543858
0.0
0.0
0.0
0.0
0.0
0.0
0.0
0.0
0.0
0.0
0.0
0.0
0.0
0.828305174921114
0.023362048759143033
0.7796305721267274
0.956714919798493
0.267265007348014
0.976766892737623
0.6480404932686824
0.8688660421613736
0.8747630899567019
0.3653159837739564
0.0
0.0
0.0
0.0
0.0
0.0
0.0
0.0
0.0
0.0
0.0
0.0
0.0
0.0
0.0
0.0
0.0
0.0
0.0
0.0
0.0
0.0
0.0
0.0
0.0
0.0
0.0
0.0
0.0
0.0
0.0
0.0
0.0
0.0
0.0
0.0
0.0
0.0
0.0
0.0
0.0
0.0
0.0
0.0
0.0
0.0
0.0
0.0
0.0
0.0
0.0
0.0
0.0
0.0
0.0
0.0
0.0
0.0
0.0
0.0
0.0
0.0
0.0
0.0
0.0
0.0
0.0
0.0
0.0
0.0
0.0
0.0
0.0
0.0
0.0
0.0
0.0
0.0
0.0
0.0
0.0
0.0
0.0
0.0
0.0
0.0
0.0
0.0
0.0
0.0
0.0
0.0
0.0
0.0
0.0
0.0
0.0
0.0
0.0
0.0
0.0
0.0
0.0
0.0
0.0
0.0
0.0
0.0
0.0
0.0
0.0
0.0
0.0
0.0
0.0
0.0
0.0
0.0
0.0
0.0
0.0
0.0
0.0
0.0
0.0
0.0
0.0
0.0
0.0
0.0
0.0
0.0
0.0
0.0
0.0
0.0
0.0
0.0
0.0
0.0
0.0
0.0
0.0
0.0
0.0
0.0
0.0
0.0
0.0
0.0
0.0
0.0
0.0
0.0
0.0
0.0
0.0
0.0
0.0
0.0
0.0
0.0
0.0
0.0
0.0
0.0
0.0
0.0
0.0
0.0
0.0
0.0
0.0
0.0
0.0
0.0
0.0
0.0
0.0
0.0
0.0
0.0
0.0
0.0
0.0
0.0
0.0
0.0
0.0
0.0
0.0
0.0
0.0
0.0
0.0
0.0
0.0
0.0
0.0
0.0
0.0
0.0
0.0
0.0
0.0
0.0
0.0
0.0
0.0
0.0
0.0
0.0
0.0
0.0
0.0
0.0
0.0
0.0
0.0
0.0
0.0
0.0
0.0
0.0
0.0
0.0
0.0
0.0
0.0
0.0
0.0
0.0
0.0
0.0
0.0
0.0
0.0
0.0
0.0
0.0
0.0
0.0
0.0
0.0
0.0
0.0
0.0
0.0
0.0
0.0
0.0
0.0
0.0
0.0
0.0
0.0
0.0
0.0
0.0
0.0
0.0
0.7667967303122916
0.44235651013415295
0.0
0.0
0.0
0.0
0.0
0.0
0.0
0.0
0.0
0.0
0.0
0.0
0.0
0.0
0.0
0.0
0.0
0.0
0.0
0.0
0.0
0.0
0.1046319114914434
0.9885575548520495
0.3426427952829803
0.0
0.0
0.0
0.0
0.0
0.0
0.0
0.0
0.0
0.0
0.0
0.0
0.0
0.0
0.0
0.0
0.3021501133485149
0.9795399188088594
0.531524992833636
0.9932709623772229
0.7201300958140248
0.9900916570557904
0.9941528919119551
0.732389850679141
0.9912168307670748
0.750977843599582
0.9901045532502991
0.9498343198372371
0.0
0.0
0.0
0.0
0.0
0.0
0.1576733313021212
0.9309293109586911
0.4013444988671979
0.9897968280918737
0.9894501656479344
0.6115816504851858
0.9944467308549123
0.789668044645352
0.9944167801738633
0.996860770623404
0.8506555440525454
0.3363552809947787
0.9452403517426056
0.9133292689029133
0.7464905915954592
0.524091628215875
0.11892973286407649
0.0
0.0
0.0
0.0
0.0
0.0
0.0
0.0
0.0
0.0
0.0
0.0
0.0
0.0
0.0
0.0
0.0
0.0
0.10236347687974401
0.17034355155797648
0.0
0.0
0.0
0.0
0.0
0.0
0.0
0.0
0.0
0.0
0.0
0.0
0.0
0.0
0.0
0.0
0.0
0.0
0.0
0.0
0.0
0.0
0.0
0.0
0.0
0.0
0.0
0.0
0.0
0.0
0.0
0.0
0.0
0.0
0.0
0.0
0.0
0.0
0.0
0.0
0.0
0.0
0.0
0.0
0.0
0.0
0.0
0.0
0.0
0.0
0.0
0.0
0.0
0.0
0.0
0.0
0.0
0.0
0.0
0.0
0.0
0.0
0.0
0.0
0.0
0.0
0.0
0.0
0.0
0.0
0.0
0.0
0.0
0.0
0.0
0.0
0.0
0.0
0.0
0.0
0.0
0.0
0.0
0.0
0.0
0.0
0.0
0.0
0.0
0.0
0.0
0.0
0.0
0.0
0.0
0.0
0.0
0.0
0.0
0.0
0.0
0.0
0.0
0.0
0.0
0.0
0.0
0.0
0.0
0.0
0.0
0.0
0.0
0.0
0.0
0.0
0.0
0.0
0.0
0.0
0.0
0.0
0.0
0.0
0.0
0.0
0.0
0.0
0.0
0.0
0.0
0.0
0.0
0.8670059543191175
0.13774751111344963
0.9524927434973335
0.9158213269029293
0.19467620210440775
0.9693184115987615
0.23032739729226606
0.9351773348813402
0.2429693225190199
0.8715978074757417
0.0
0.14421961590484947
0.0
0.0
0.0
0.0
0.0
0.0
0.0
0.0
0.0
0.09126119956376878
0.0
0.0
0.0
0.0
0.0
0.0
0.0
0.0
0.0
0.0
0.8668139297036662
0.06299837880284426
0.7179483659023294
0.1611943062545184
0.0
0.0
0.0
0.0
0.0
0.0
0.0
0.0
0.0
0.0
0.0
0.0
0.0792813586989797
0.0
0.0
0.0
0.0
0.0
0.0
0.19223349773829362
0.9767753470723125
0.4253810850753091
0.6107373898285541
0.824302189611059
0.4905294590803059
0.3733824160449638
0.36247424542076684
0.058945368040898775
0.0
0.0
0.0
0.0
0.0
0.0
0.0
0.4811763907568375
0.6459722471257718
0.7241315822462889
0.0
0.0
0.0
0.413188879330825
0.9892291067815439
0.5907705685256157
0.9930076467560461
0.7019840448307139
0.8739655219231599
0.9225005017503646
0.6943594707108788
0.3972615298833447
0.0
0.0
0.0
0.0
0.0
0.0
0.0
0.0
0.0
0.0
0.0
0.0
0.0
0.0
0.0
0.0
0.0
0.0
0.47193637996653437
0.9617444449603099
0.0
0.722944333085076
0.1056396086471109
0.0
0.0
0.0
0.0
0.0
0.0
0.0
0.0
0.0
0.0
0.12285524985974844
0.5431930902118884
0.6158204075128781
0.0
0.0
0.0
0.0
0.0
0.9633099986563313
0.30084934297571897
0.9466405450034707
0.9837887200145207
0.519103947678764
0.9765904788914511
0.4334284795540095
0.9461382824165381
0.20755381598060044
0.9413524326252951
0.09369354351798644
0.8749333412093727
0.21837251564609036
0.8745991953888396
0.8521508790310987
0.183228383075739
0.8988765193965795
0.1764958384605796
0.9751480121773979
0.4721559201677016
0.9840162426931855
0.9897893897695054
0.616162403455094
0.9896191288201919
0.7756718632154072
0.9955498946922808
0.7446335680856174
0.9963013881010232
0.9963597898316847
0.7494146976403399
0.9942765987694283
0.5093327362026808
0.8171222339347638
0.0
0.0
0.0
0.0
0.0
0.0
0.0
0.01741641596728927
0.9428436178664792
0.3858371575158766
0.9822165629114336
0.9922578426170136
0.6841092834314288
0.9852094326620194
0.6577353638723483
0.9918298279363537
0.6431574035484376
0.9944918817244606
0.21743081520171464
0.9045705458285602
0.2566970043781676
0.0
0.0
0.0
0.0
0.0
0.0
0.0
0.0
0.0
0.0
0.0
0.0
0.0
0.0
0.0
0.0
0.0
0.0
0.0
0.0
0.0
0.0
0.0
0.0
0.0
0.0
0.0
0.0
0.0
0.0
0.0
0.0
0.0
0.0
0.0
0.0
0.0
0.0
0.0
0.0
0.0
0.0
0.0
0.0
0.0
0.0
0.061157647343891126
0.0
0.0
0.0
0.0
0.0
0.0
0.0
0.0
0.0
0.0
0.0
0.23984721934559725
0.6582922165442062
0.6679465818378819
0.0
0.0
0.0
0.0
0.9751646331119239
0.24894582335634655
0.9495415830019607
0.4732597037204665
0.7450512153999861
0.8226969147794754
0.4908213363570457
0.062227422243264066
0.0
0.0
0.0
0.0
0.0
0.0
0.0
0.40020347777246695
0.7144603278933631
0.7894079047974581
0.8320718521582586
0.8659820116226038
0.0
0.0
0.9781877170876283
0.5297591011343804
0.9937152016718726
0.7302749893736479
0.9912605389927641
0.7695091205411488
0.9114285105824915
0.9192993701374973
0.7844997224121826
0.7449829362545817
0.6097723610919085
0.38873721347803386
0.0
0.0
0.0
0.0
0.0
0.06786889626335631
0.6632633461667503
0.8095217632419699
0.8806843428058297
0.9980828682557275
0.0
0.0
0.7896956790108777
0.9957405416739205
0.7723262115602302
0.9969774066530297
0.9971376834571657
0.8276805339143698
0.6121410436009384
0.9994495181142915
0.9653691463579345
0.9568765685842806
0.9205951536243265
0.5709988575681916
0.07886690126897483
0.0
0.0
0.0
0.5930829725158947
0.7691393443843391
0.0
0.4470898855187301
0.6010691513779077
0.983994131886695
0.7456011762431358
0.9938848681900135
0.9859833153708373
0.6372678644097255
0.9865685629207099
0.4761844074693975
0.9870123218063469
0.4946560416709419
0.9779512733437802
0.9859889931506627
0.3258807112597145
0.931079632219712
0.20245585742508368
0.7302824852119264
0.0
0.0
0.0
0.0
0.07194675868379577
0.7929878590995383
0.892033738615905
0.3238819319002341
0.9472266235377349
0.383274232801015
0.9889723621450189
0.636298697897772
0.987277352827579
0.9925040815928585
0.6844566676452083
0.9891883060769092
0.7287358476970671
0.9924800445105738
0.10493304265933058
0.7521832595005232
0.1283481027548054
0.0
0.0
0.0
0.0
0.0
0.0
0.0
0.0
0.0
0.0
0.0
0.0
0.0
0.0
0.0
0.0
0.0
0.8549078932777144
0.12539968305761584
0.9219102426587057
0.3144561441743107
0.0
0.6540136579069549
0.026210398676462857
0.0
0.0
0.0
0.0
0.0
0.0
0.0
0.0
0.0
0.0
0.0
0.0
0.0
0.0
0.0
0.0
0.0
0.0
0.0
0.0
0.9807462960096209
0.10714127213256748
0.7198467679621748
0.24959587943286674
0.0
0.0
0.0
0.0
0.0
0.0
0.0
0.0
0.0
0.0
0.0
0.0
0.0
0.0
0.0
0.0
0.0
0.0
0.0
0.0
0.0
0.0
0.0
0.0
0.0
0.0
0.0
0.0
0.0
0.0
0.0
0.0
0.0
0.0
0.0
0.0
0.0
0.0
0.0
0.0
0.0
0.0
0.0
0.0
0.0
0.0
0.0
0.0
0.0
0.0
0.0
0.0
0.0
0.0
0.0
0.0
0.0
0.0
0.0
0.0
0.0
0.0
0.0
0.0
0.0
0.9804812948426024
0.48353080123833436
0.9897259312430908
0.5835396680257926
0.765873265012683
0.8771106328298419
0.7823951469542922
0.5160180608319688
0.0
0.0
0.0
0.0
0.0
0.0
0.0
0.0
0.0
0.0
0.0
0.0
0.0
0.0
0.0
0.0
0.0
0.0
0.0
0.0
0.8746437378502272
0.8469220811861887
0.12507166361934974
0.880121629743305
0.04023580514107107
0.6371526988839198
0.0
0.0
0.0
0.8792086733528496
0.08760457293647314
0.8831271355033684
0.9635347266669272
0.3526233625717906
0.9731308384320161
0.5624764380101746
0.9872067452648493
0.5467185277176257
0.9915296088637577
0.9915123614499897
0.6214693966009789
0.9939416735872513
0.7578553834022658
0.9928433846931785
0.3984745260786536
0.9160709110446926
0.7123919609534706
0.6176103212957936
0.3930473110217076
0.09851411363372516
0.0
0.0
0.0
0.03719354403499903
0.28320223394643185
0.43100386869301127
0.7996497036167777
0.8406863597062234
0.8623698868242253
0.998198769532706
0.0
0.974524907668641
0.6606048167304397
0.9913603960188198
0.7936068863635607
0.9959939288990965
0.7840463630687505
0.9971322153841792
0.35984048429460475
0.9704082265405459
0.9578186406095334
0.8679230345965679
0.8179958982223897
0.6713597012387327
0.6192049457993365
0.324016777985508
0.485556466609688
0.6660247810300126
0.7267634233938307
0.8681887846859792
0.930433363888726
0.944193530529734
0.9555846857898085
0.9590565742056394
0.0
0.9933426627320507
0.9965862715523495
0.876154960660724
0.996787955597163
0.8955091376149898
0.9981406561836309
0.8779692757295927
0.994394742602154
0.9798118928000684
0.9482195295347564
0.9260330776948698
0.9078189810986356
0.89263162215226
0.822477975076178
0.8010021497673299
0.862374885731661
0.9314269045308831
0.8661996058595377
0.8599553730642773
0.9455403459763081
0.9480004635159129
0.9481065951099482
0.9472804171561229
0.0
0.7171552947965297
0.9961919299257274
0.8276215264726643
0.9949407734384265
0.8483748051803605
0.9967468383239754
0.779582864102407
0.9805295728760384
0.867804443539735
0.44463896205089454
0.052621650770127516
0.0
0.0
0.0
0.0
0.0
0.0
0.0
0.0
0.0
0.0
0.0
0.0
0.0
0.0
0.0
0.0
0.3713743735552681
0.9892121659067062
0.6768570851382542
0.9963890635523391
0.30615363481384694
0.9760211237145255
0.9447642217004296
0.9345833037956801
0.9233350912775274
0.8966790869133907
0.7934910622833307
0.7294827468736844
0.5946679956129589
0.7605288153554509
0.7158619360338984
0.7033720224855358
0.8843627773135457
0.8989376999784288
0.9298451207612168
0.9985268315394963
0.0
0.0
0.6337550199084743
0.9946681464811223
0.7742575692336447
0.9937322532592606
0.8297512028143891
0.9961444250855381
0.25966767423614256
0.9568833575844415
0.999053221040764
0.8786138662790399
0.9217058635223323
0.9182507325254319
0.9000442428009884
0.8827987986296085
0.9035275418512664
0.9077540928414921
0.9080723159405325
0.9983246653650849
0.0
0.0
0.7370178380310469
0.7809932350730457
0.9933839528933966
0.8108437325959016
0.996543875557253
0.9958162564010666
0.8764682720403278
0.9973560902646931
0.8219637115127221
0.9976398164616804
0.8826197755773649
0.9968155101413854
0.9980186786104875
0.888381184850735
0.996712095461263
0.8855348874552702
0.9964343808577563
0.7046223113546526
0.9943670447585125
0.7149399249708029
0.9910495436920254
0.7750796451460779
0.9950839650192844
0.9939656572882749
0.8396887243380352
0.9964389599782981
0.7688804908481903
0.996776178864589
0.8423404337288741
0.995615474081439
0.8712119750871965
0.9972952229035214
0.8158839865250291
0.9972409693915409
0.3882201851213757
0.9513934727721666
0.9315670662136535
0.8207561350284146
0.5220629309418834
0.0
0.0
0.0
0.0
0.0
0.0
0.0
0.0
0.0
0.0
0.0
0.0
0.0
0.0
0.0
0.0
0.0
0.8043946205269041
0.03758853936741251
0.0
0.03910131961340437
0.0
0.0
0.0
0.0
0.0
0.0
0.0
0.0
0.0
0.0
0.0
0.0
0.0
0.0
0.0
0.0
0.0
0.9400776469808559
0.5408018246859501
0.9886270178913933
0.9878952396667712
0.717373949639744
0.11976845085440901
0.9102952760892731
0.8282076386577737
0.4597872269653422
0.05086263065445181
0.0
0.0
0.0
0.0
0.0
0.0
0.0
0.0
0.0
0.35475927164701554
0.9798010325498525
0.0
0.0
0.0
0.0
0.6679904805476266
0.9918409499721242
0.6373080101274117
0.9942502067087527
0.16601266150690497
0.9084144883838453
0.8530024706199165
0.629304609551634
0.276614207517694
0.0
0.0
0.0
0.0
0.0
0.0
0.0
0.0
0.0
0.5869926914140825
0.9961308699130452
0.0
0.0
0.0
0.0
0.0
0.9796611224790588
0.4373141224978716
0.9842766019226988
0.050850952435674626
0.8515498923001076
0.6189300874891949
0.5656648416412109
0.45681421202485994
0.43895886828482117
0.3624625851422814
0.35165115238027655
0.24432255198739322
0.2182948185108893
0.3302698055030357
0.44584231620983716
0.7575964314871598
0.8404799898450892
0.8746087055989713
0.8820877149261787
0.0
0.354688413333343
0.9875919826576267
0.9888190086480149
0.7556139101661602
0.9947106867670839
0.7199141037487458
0.9957666720294625
0.2060412727501595
0.9181661384776086
0.8853718358283922
0.8822572531564031
0.853930923880808
0.789517464872045
0.6345245695356059
0.15138931721023277
0.3930828722952449
0.5597808102028161
0.7763452647887825
0.8874182028493475
0.0
0.34720411572069704
0.9896841154628929
0.6736594685060076
0.9955989503760199
0.8220673523140882
0.9951129382119478
0.8643169251276949
0.9974254789885941
0.9964481163831987
0.8883866041845508
0.9978175691173454
0.8560291418356961
0.9981502273991812
0.8981866104948167
0.9968773467382541
0.8843688694303097
0.9969397867741926
0.7727689863169488
0.995820419736429
0.7533300086892247
0.9927358971654261
0.8198359717646151
0.9966156862041715
0.9956965544271954
0.8747092482998496
0.9975956014865699
0.8475485844133182
0.998073226846945
0.9009452246937371
0.9973363679222932
0.9983470777354378
0.9120116514557662
0.9976228631161927
0.9234959456951762
0.9985062789667171
0.7642526753205976
0.9798864907719333
0.9551974745824878
0.9488307332268823
0.9277000562786949
0.8968289448079769
0.770659848217592
0.661603939124967
0.6970265913338057
0.8373529591154737
0.8386962332078899
0.875985670912455
0.9327991860698741
0.943275401272847
0.9558510743349428
0.9586234173176497
0.9837110594216759
0.7916398451616228
0.9953653452258497
0.8783999490292265
0.9977046160983482
0.8501399130213148
0.9981988572505652
0.9092825052955513
0.9903243076023136
0.9766890859479348
0.9427718390195784
0.9250992887378112
0.8824193702283
0.7343898341744458
0.39575412623834993
0.22972483723049628
0.09104312496637734
0.4631777443176047
0.6250453103623392
0.7874039416724712
0.8736561211231103
0.9988572971132473
0.9527091747277892
0.9570828375077708
0.0
0.9960697123211316
0.8459571728193516
0.9960781873180864
0.9976708771838916
0.89116650254249
0.9970100709149732
0.8990826197854775
0.5406172659098367
0.9708517164586217
0.9652206756826451
0.925005490674021
0.9194145107286879
0.8713190784232356
0.8840783428986451
0.807502361610385
0.8555721677653099
0.8281488523552568
0.8262546253247876
0.8238263198861777
0.9310641035627668
0.9260618518483329
0.9283820424695948
0.9986921567189228
0.0
0.0
0.6035228404614761
0.9947948587617701
0.778364296113788
0.9933547781331233
0.8116330298680404
0.9957101498648437
0.21731016616151888
0.9424258423379213
0.8261123830953254
0.7726428874313366
0.722284086263171
0.5993832249830015
0.41375212827730395
0.3885489830468884
0.5497276922393078
0.2761608687010496
0.05419482555727758
0.0
0.0
0.0
0.0
0.0
0.0
0.0
0.0
0.0
0.0
0.23537410748301843
0.9736072277384781
0.23835798696726712
0.0
0.6842478150184859
0.03144325912171416
0.0
0.0
0.0
0.0
0.0
0.0
0.0
0.0
0.0
0.0
0.0
0.23515113357673043
0.9361272732919412
0.0
0.0
0.0
0.0
0.1391894733664372
0.0
0.14651775330598557
0.8841718812370674
0.06952599920481924
0.984722748773912
0.0429624032821321
0.0
0.0
0.0
0.0
0.0
0.0
0.0
0.0
0.0
0.0
0.0
0.8995083499895088
0.16141549402763675
0.9391572778933807
0.4565235707270415
0.9837566141460796
0.9853994515133141
0.6811754541276391
0.9915715086778708
0.6352164427324796
0.9940381277744866
0.7392491328309437
0.9910391267263369
0.737202098004632
0.9917272434807228
0.987277314666957
0.6505265189143193
0.9811194896665272
0.22698311842316268
0.1993300376960072
0.8850856290483523
0.9074545734517296
0.29782695431240297
0.9597762035130288
0.409256920155628
0.9910185004573652
0.7063093871966422
0.9918693833546894
0.9958797300963413
0.8286468257214732
0.9953499779487801
0.8670157424296651
0.9974663233512665
0.8416709804469692
0.9978165744086777
0.4668007451601392
0.9583774683656331
0.9074166518741014
0.8875337136967503
0.7053956789487619
0.0
0.0
0.0
0.0
0.0
0.0
0.0
0.0
0.0
0.0
0.0
0.0
0.0
0.0
0.0
0.0
0.09707278335498143
0.8505937241801833
0.22071517149604766
0.0
0.665889426813654
0.014693470220498665
0.0
0.0
0.0
0.0
0.0
0.0
0.0
0.0
0.0
0.0
0.0
0.0
0.0
0.0
0.0
0.0
0.0
0.0
0.8713983615905303
0.13682293961399422
0.9247997597238108
0.14166532458163456
0.8181172662338462
0.2989745164008437
0.0
0.0
0.0
0.0
0.0
0.0
0.0
0.0
0.0
0.0
0.0
0.0
0.0
0.0
0.0
0.0
0.0
0.9828680603682874
0.5723663152428424
0.9937980587160425
0.7139741746500372
0.09488583295684179
0.9192865166058097
0.8648231777515846
0.5281214716991233
0.04104243973519419
0.0
0.0
0.0
0.0
0.0
0.0
0.0
0.2524611609412636
0.45799209344812447
0.6898763179651121
0.775355827236766
0.0
0.0
0.0
0.0
0.0
0.43058118973945064
0.9750011734843419
0.5564395074579643
0.7629383099686622
0.8809505659744735
0.6540871016631913
0.5748756299484958
0.36635036175780794
0.0
0.0
0.0
0.0
0.0
0.0
0.0
0.0
0.0
0.0
0.0
0.0
0.0
0.0
0.0
0.0
0.0
0.0
0.0
0.0
0.0
0.0
0.0
0.0
0.0
0.0
0.0
0.0
0.0
0.0
0.0
0.0
0.0
0.0
0.0
0.0
0.0
0.0
0.0
0.9677478749574591
0.40409022438476544
0.9827754344229664
0.6400372297172472
0.9864010095019482
0.9867689769334783
0.6708603972902748
0.9671613175037876
0.258981735075592
0.9683104611548603
0.13609646672015988
0.8083044570262709
0.09612068506757647
0.0
0.0
0.0
0.026372160927094154
0.8157068562399709
0.9447819551916509
0.2197213284093893
0.9567154021440416
0.47575593955189877
0.9675738713927018
0.3403213049575147
0.9852546734503566
0.9825649129354989
0.4414910344768344
0.9872565274317724
0.5689918679190547
0.9860142026215638
0.6990216029152714
0.9916027445644767
0.5572511673897116
0.9838364765684483
0.14474336751743033
0.7546547075364751
0.14253226083106535
0.9151192246547073
0.2299231472146577
0.9834622901589584
0.9852183373218348
0.5474427697372501
0.9925592630717144
0.7370528487277641
0.9921598220987599
0.795676835435493
0.9957678372325016
0.7556506239660183
0.9964468062683663
0.9961175500044166
0.7550459408807583
0.825068527554188
0.9555930106338967
0.9169995363675055
0.7731426572169174
0.6949157677413118
0.6421088243760321
0.30249365414732654
0.0
0.0
0.0
0.0
0.0
0.0
0.0
0.0
0.0
0.0
0.0
0.0
0.0
0.0
0.0
0.7687366582424469
0.09820661064235238
0.8745347050460088
0.11966980640531584
0.6533280583342432
0.14334692672194307
0.0
0.0
0.0
0.0
0.0
0.0
0.0
0.0
0.0
0.0
0.0
0.0
0.0
0.0
0.0
0.0
0.0
0.0
0.0
0.0
0.8507814958036343
0.0
0.0
0.0
0.0
0.0
0.0
0.0
0.0
0.0
0.0
0.0
0.0
0.0
0.0
0.0
0.0
0.0
0.0
0.0
0.0
0.9856491075066248
0.6929655921828521
0.9943124813679288
0.7330737126220044
0.4027080402308985
0.9574151265010005
0.9530498889600855
0.8977272859980782
0.815176606096329
0.6317483179189836
0.4769753387981845
0.35347770542146095
0.28792119635484065
0.07123497099339796
0.0
0.43492521451426736
0.6479246384729502
0.680667828090716
0.8403718794768282
0.8066804302515493
0.0
0.0
0.0
0.0
0.0
0.3811050001105779
0.9882781707045075
0.5413184637346693
0.9370484933926143
0.7084646071633037
0.36902175057559466
0.0
0.0
0.0
0.0
0.0
0.0
0.0
0.0
0.0
0.0
0.0
0.0
0.0
0.0
0.0
0.0
0.0
0.0
0.0
0.0
0.0
0.0
0.0
0.0
0.0
0.0
0.0
0.0
0.0
0.0
0.0
0.0
0.0
0.0
0.0
0.0
0.0
0.0
0.0
