0.9907769958063289
0.7962555665300003
0.9834747094872118
0.8050904602815067
0.8009119944653942
0.9860004209150114
0.8344993454540677
0.8284230828104334
0.9854248111106366
0.7978329313248665
0.7121905472670081
0.9848340001222361
0.8358208045002892
0.8225661342583296
0.9868682635324976
0.8280647677670971
0.7822411385915903
0.9847140060737559
0.8142931710836455
0.788485479565383
0.985112620492415
0.8361148622365309
0.9909155861480973
0.7848593267679788
0.873057630938914
0.9938677730491887
0.8295334299926562
0.8809120831259268
0.9941021491015847
0.8449984214924892
0.9839997734450628
0.9810460078161172
0.9667121092609113
0.9536767051824522
0.929049891722124
0.9076296234520388
0.9032795482509793
0.8164498503347923
0.6713386519879647
0.5992205889227539
0.6485706393220677
0.9119894441021957
0.9486288258896857
0.9561736237696008
0.9617469197744439
0.9629676031504962
0.0
0.0
0.16912197694774822
0.9783409914326724
0.8356668709433436
0.8633219569965669
0.9952070148608755
0.9247931788531161
0.9818250383661367
0.999169931087415
0.9611543812524423
0.9323642799168796
0.9100842130520043
0.8139272625861216
0.894402131454322
0.8469872795872669
0.7969256922724474
0.7839727193492234
0.7991562373148753
0.921315751236065
0.9534779740736364
0.9600233609656262
0.9654415608153861
0.9986136181420717
0.0
0.7109397056701978
0.9944340425872976
0.9029744648470716
0.9398309059359855
0.9974601043218964
0.9448006271024847
0.9614006003734624
0.9993529507946588
0.9844361311535763
0.9699987415632959
0.9504082891502402
0.9357857116431175
0.9236845555081862
0.8535217847307809
0.8708419047036594
0.8133625422821323
0.7541337770257739
0.7255428850366731
0.8974674277600763
0.9407292275732199
0.9523182352250433
0.9982300850041727
0.9628855541954899
0.0
0.0
0.0
0.3381950399804748
0.9803876963740282
0.7363849875138513
0.689296354193256
0.9888197157842009
0.979292629167504
0.977234056148321
0.9568855134152081
0.9326258030706522
0.8967562010069272
0.8247945300991827
0.7645850944973298
0.32531054151830846
0.37264338613737563
0.2199178378090561
0.016205129686514302
0.8153322084053519
0.899770677268488
0.9964361037709076
0.9349312480448476
0.9435259763853975
0.0
0.0
0.0
0.0
0.0
0.0
0.6386695185442129
0.9899073297370657
0.9787157262058958
0.975143555242026
0.9336960772475017
0.8467735941189682
0.7276590962153134
0.5292584087419315
0.5591310209852641
0.03193472226735065
0.0
0.0
0.0
0.6877886210776581
0.9924499455152126
0.8867886338343867
0.9130506267327877
0.9310308551349327
0.0
0.0
0.0
0.0
0.0
0.2591739755574865
0.9793268984086987
0.7669221606515683
0.9780736933813476
0.9990090235121017
0.971563684797453
0.9660248223856207
0.9598109254904
0.9571621009589221
0.9572736911134662
0.9975802547067618
0.9362368464054555
0.9332098562874455
0.9430600614712739
0.9982904440801742
0.0
0.0
0.9801935717461908
0.8097058111276455
0.8548617755798226
0.995783659933741
0.9300581580291083
0.9355439034000097
0.9977772361298378
0.9541015074850503
0.9527847517684429
0.9982639157694534
0.963695410955097
0.9585136220867909
0.9980179406228501
0.9381921317053578
0.9066633829267366
0.996137633685571
0.8894998884031031
0.836288972873771
0.9910144417009304
0.7844718452540361
0.7493502116309482
0.9946447959550403
0.9044716109942355
0.8956683003678584
0.9969170289739085
0.9386515275335655
0.9965497485593118
0.9462843332322224
0.949869284253151
0.9972138649211391
0.9527629184575297
0.9580976583091512
0.9977326409218396
0.961393456018789
0.9873650454538371
0.9853711332431957
0.9728456437641915
0.9576962095541762
0.941000527224753
0.9206277782866044
0.9060539211989213
0.8215321112913629
0.6883690145890126
0.5612918290508361
0.3742470559935506
0.8560210960696742
0.9964172662683835
0.942685287948555
0.9515900198374972
0.9547035757617954
0.0
0.0
0.14929840304900047
0.9720935096494915
0.6858380722847733
0.8009091486826615
0.9915694784856389
0.8876222217325033
0.9817645256733095
0.9991066234832716
0.9529180517273995
0.9144904241459688
0.8011134081859191
0.8496251140940507
0.8210795751289581
0.5842284328979909
0.28247218632898546
0.0
0.0
0.7294817449237508
0.8805120944150387
0.9154806916876534
0.9415835823526431
0.9528454926779639
0.0
0.0
0.6121783119510413
0.9908920816869976
0.8603017718176215
0.9951490578269323
0.9292293787733069
0.9191618561526682
0.9820570521031405
0.9991640711147336
0.9665707970940067
0.9547109159122162
0.9443578258826347
0.8525022922051911
0.9167111288291069
0.8746916194818318
0.8503782677292511
0.8906796633345488
0.8924899315771327
0.9361347628527517
0.9518981071836659
0.9566579248025413
0.9609768281581816
0.9983478372692568
0.0
0.0
0.6130842191340549
0.5473926056781131
0.7106625921347511
0.9913988379393263
0.8431564736666243
0.8365824258683131
0.9991805092773246
0.9787333801754706
0.959272600878472
0.9288081888654687
0.9133995845604833
0.8895053160327528
0.8274430815357033
0.862014882816392
0.8467183991425461
0.8737230192613207
0.887862161014782
0.943100359434905
0.9572404155544059
0.9601168843372537
0.9631127400258737
0.9984537140101248
0.0
0.13446106415382844
0.9843728645450676
0.8478492760722723
0.8936053330664827
0.994652812709213
0.9151934192054688
0.9314997017134992
0.999241232624381
0.9819079146863134
0.9679220478338784
0.9529401827140118
0.9256579618190715
0.9145232846398913
0.8412253329591171
0.8448402195291571
0.7795125467961829
0.749617391409316
0.7206399305596999
0.8952957117575034
0.9431516686980282
0.9512828091450451
0.9980685476644137
0.9613149342543613
0.0
0.0
0.6454006989832634
0.8347058515935937
0.9923763472850026
0.91619807256182
0.9298761699622965
0.9961757092662772
0.9846661656700169
0.9829682897589287
0.975913799845775
0.9986124161577492
0.9628207340401366
0.9582402610940184
0.958214099579923
0.952522507034235
0.9432309898986609
0.9969247565554867
0.9387525145881275
0.9574009667574043
0.0
0.0
0.2939644915000163
0.6878159207760743
0.9900312638924849
0.8118659128720349
0.8783331702917111
0.9961556260955446
0.9105968701026326
0.9343229412339513
0.9976241004293039
0.9350271324808164
0.9975779880258094
0.9469569956250475
0.8795597560448267
0.9922809547700228
0.8223196710275814
0.7285397131125562
0.9807638415748177
0.48190560322938586
0.10304796225576165
0.5744710102003128
0.19366934365488778
0.5245775468624037
0.9759308098237147
0.7511816607446855
0.7684321685994675
0.989172430873824
0.8717338449080286
0.8922264502710172
0.9941452442725358
0.9222421748782466
0.9387025799003844
0.9966210684497783
0.9477167384386582
0.9977379820391895
0.9379401981917559
0.9526910932656165
0.9969635231640193
0.8597289670859727
0.8671455564578098
0.991352543997569
0.6910557868140282
0.6543329680854856
0.960058146563898
0.28654309591814153
0.5230715267352926
0.9841618427296701
0.779269918900089
0.8260071192963613
0.9926331589947957
0.862098274676257
0.8793735254314089
0.9957587172097565
0.9108259225700186
0.9166000808788026
0.9969826311803759
0.9252519295911157
0.9273894790884231
0.9976045937694817
0.985333936308096
0.9829437684457218
0.9638394401711456
0.931129139986876
0.8815442458949163
0.8256575698160156
0.7890375844053124
0.3191885240563748
0.07830224311387293
0.0
0.0
0.678561672906479
0.8657364613674994
0.9956212739868627
0.928402113055941
0.9382135294063508
0.0
0.0
0.0
0.0
0.32825993444698853
0.5134719570907258
0.98226099293746
0.741148986684536
0.9780777863910254
0.9748360625330786
0.916092907267601
0.8215831240284907
0.6972445749382936
0.3661967158260486
0.0840093800925966
0.0
0.0
0.0
0.0
0.2425585118412209
0.9638866691649878
0.7029667513798185
0.7873204429644873
0.8621428668616348
0.0
0.0
0.0
0.0
0.0
0.0
0.9684465336184723
0.6046694706667246
0.9757566255443245
0.973833987160451
0.9335410248774574
0.8528150411801902
0.6960135760516121
0.41338884630823536
0.3025635685582988
0.0
0.0
0.0
0.0
0.317396221301785
0.9755708707193255
0.7319016898377019
0.845393011755523
0.8830645105441058
0.0
0.0
0.0
0.0
0.0
0.0
0.0
0.0
0.9722439678560871
0.9684578055241769
0.8731889118237355
0.7189477216414446
0.415031451356322
0.01330046375328882
0.0
0.0
0.0
0.0
0.0
0.21331561837392582
0.9731988367281312
0.7690400361053418
0.8579179006441661
0.8948252622696525
0.0
0.0
0.0
0.0
0.0
0.0
0.844384146422423
0.40836952761937295
0.9753362047363565
0.998863184126662
0.9548328082219103
0.9261716360500831
0.9022649904500313
0.8641063796947812
0.8723410373477862
0.9907199861397693
0.7493018122415088
0.7202470480650119
0.7435096578860173
0.9917573467492062
0.0
0.0
0.0
0.0
0.0
0.0
0.0
0.28336826848660684
0.9776540068037004
0.7705164525537685
0.8191627933344894
0.9948477172994457
0.90025308997809
0.8813835663769065
0.9934596282831677
0.8189022145326729
0.7300016445564618
0.9890107863921265
0.7738803611756301
0.646321170803956
0.982681299137548
0.7233171083604991
0.7061956195928882
0.9914596794845705
0.8855110715752548
0.8981467564727639
0.9968627460924153
0.9372640750866627
0.9971048377393527
0.9498743929793072
0.9506952411228149
0.9978795655336621
0.961897730153009
0.9590710344897532
0.9980067649495664
0.9627742719664139
0.9874414066795806
0.9857048336820491
0.973548666036078
0.9594291106612384
0.9421339865984311
0.9298740829658008
0.9231935253932576
0.8663681617838597
0.639824246090696
0.6806532416530701
0.6234673940206338
0.8735835873667953
0.9968914393689109
0.9433093166440207
0.9512521277998695
0.9550240274716391
0.0
0.0
0.0
0.9673499825412889
0.8145381365179081
0.8595928701302837
0.9957573185887307
0.9120191913789979
0.9812689194263197
0.9799351448738386
0.9581061765391203
0.9132591272414321
0.8648238314647584
0.8073290603439843
0.773330376826267
0.48973897228767105
0.04753837697988117
0.0
0.0
0.4008949915259856
0.9853659985890518
0.7967652223452212
0.8489799479210541
0.8704533726891863
0.0
0.0
0.0
0.0
0.0
0.0
0.41628728628503897
0.16435012550575326
0.9729008612460534
0.9716942737132123
0.915724055760418
0.7799464069828044
0.5130381731237994
0.06333449834065456
0.0
0.0
0.0
0.0
0.0
0.08117928108676518
0.9356604035893317
0.613024739134266
0.7508684285625629
0.851656180571827
0.0
0.0
0.0
0.0
0.0
0.0
0.8925391365324641
0.5492327058341645
0.9748268738269167
0.9704589716528996
0.8988321239251142
0.7963061875327841
0.6166216458563264
0.32144161875114696
0.11497721589763225
0.0
0.0
0.0
0.0
0.10691425858370579
0.9141732554510406
0.5359830230815087
0.6741068205599845
0.724215711358381
0.0
0.0
0.0
0.0
0.0
0.0
0.0
0.0
0.9649737487474582
0.9983409076262
0.825028114781007
0.29163412674418215
0.0
0.0
0.0
0.0
0.0
0.0
0.0
0.11630138473766571
0.9258128413594878
0.596918802568159
0.7581982824452701
0.8351503487880437
0.0
0.0
0.0
0.0
0.0
0.12417048829845319
0.934993176217533
0.5424112881456441
0.9746905732995261
0.9988716440165514
0.9654204807106815
0.9463252465839174
0.9198128859940851
0.8955008677974506
0.8985608456561837
0.9947324959007824
0.8854268841264701
0.8766914794868649
0.8844793207099283
0.9962322476688673
0.0
0.0
0.0
0.0
0.0
0.0
0.0
0.0
0.9532732847399311
0.7354486218593574
0.7869185727144576
0.9933048553303438
0.8591621739040891
0.7896763926438056
0.991308106140898
0.8455574711508799
0.8068347907721315
0.9880133374335024
0.5694366143185433
0.3331641702309841
0.9326623646328517
0.3530493490349934
0.3165418542564221
0.9799967944766201
0.8178302235571726
0.8300553251484422
0.994149381063078
0.8953668052005431
0.8925988955646555
0.9955500128256866
0.9004261914241664
0.9950352685148638
0.9120310456576208
0.9155574404004757
0.9959902275001519
0.9329701393617359
0.9848425867563652
0.9829357358921291
0.97099158726533
0.9532763552868652
0.9258974453577133
0.8880955726812798
0.8678062755634838
0.5679993512307764
0.49110146312126945
0.0830071441293847
0.0
0.6932963315415058
0.8532942174887288
0.9952483411391475
0.9263121927000197
0.9384514910149683
0.0
0.0
0.10096864902842237
0.9746892226940639
0.7261976412239423
0.8525820374568531
0.9946851416341543
0.8874978113411663
0.9813394313467951
0.9795913595999026
0.9538991731678641
0.9061114354842751
0.8554356790519131
0.8190175762825284
0.8185454888786746
0.4556972749980041
0.4565586812764362
0.16707913977952496
0.0
0.7873237364616408
0.9243943849758224
0.9975998132762869
0.9539914220107106
0.9569856651630851
0.0
0.0
0.4324409691253414
0.9780297754904317
0.8393482451694941
0.8784824972253285
0.994092389489678
0.9129452515982267
0.9807384351024401
0.9798563939888554
0.9606522596760166
0.9373865781788384
0.9035884620784738
0.8652088817521998
0.825295408227706
0.3702012900728725
0.2891069356096283
0.013111357488234643
0.3036597448768506
0.8564815011022564
0.920417281471903
0.99685124925195
0.942204480986483
0.9510111650805845
0.0
0.0
0.0
0.968851728875341
0.7127387327661968
0.7201521289557091
0.9939587451351959
0.8995198850100213
0.9801934436954504
0.9784487392956254
0.9503136077351806
0.8959736381903165
0.8519050213275967
0.7859926247886033
0.7698380090445799
0.3778283583916717
0.3223159130612246
0.0
0.04085728869313815
0.7971703304365476
0.8990815272992244
0.9966058898774954
0.9407857835765757
0.9478205796875201
0.0
0.0
0.0
0.8853535898991339
0.6542463135453558
0.7669344823507002
0.9909712804206899
0.8757362877113682
0.9797512912779746
0.97813345111371
0.9566089513952184
0.9024257611134116
0.8526344501947942
0.8232470437010271
0.8135103133650686
0.44756544872618426
0.43651972298176206
0.16066953400336206
0.33469489533255975
0.8527163140014753
0.9251698668523657
0.9973527583560671
0.9508226259052013
0.9554767051502062
0.0
0.0
0.3608035997426923
0.9840555461774485
0.8335065528889197
0.8944559082314768
0.9961537172218903
0.9303105077837296
0.983075424492997
0.9819427238317456
0.998873063351549
0.967212030488177
0.9588834566297251
0.9519793662225446
0.9523247280708291
0.9463585639880137
0.9968967337748533
0.9144230530267023
0.9074856860270054
0.945894348390932
0.0
0.0
0.01661324750509065
0.9541289302709056
0.5450742670229176
0.7252141165983433
0.9903949376264681
0.8641847293033487
0.9003585088233861
0.9953235214836857
0.9194877160427889
0.9393334928612422
0.9973937086261345
0.9489439049984846
0.9452847264396437
0.9961802054988848
0.8789196151069374
0.9934868543753949
0.8332322269435288
0.8003866720937424
0.8120731782271211
0.9891498493256308
0.7142920940430033
0.9920088104521438
0.8870990095310385
0.9079613925122462
0.9966541339764553
0.9234340185867568
0.9346309685719449
0.9975698919624458
0.9372439903987918
0.9431741769930602
0.9978496143757077
0.9436006050480067
0.9467271706857682
0.9979074060967805
0.9866737468396931
0.9849408256941989
0.9728133901264585
0.9582314952202957
0.9370932226567071
0.9157407001960652
0.8980203347504672
0.6631863635403953
0.6538339709064369
0.5606876103761121
0.5358368863013422
0.8549334898433749
0.9291406395988704
0.9446939416985095
0.997880795449991
0.9573610429389179
0.0
0.0
0.4407341063902359
0.66638303990261
0.9916187395254445
0.8574221440046795
0.8828042221000869
0.9961118000875787
0.9813844204529456
0.9785819190880812
0.9499476298047337
0.9117240112961638
0.8765698371938301
0.8418077977836106
0.8042781256666754
0.32612845706281846
0.04338662310915943
0.0
0.0
0.6007387258654664
0.8297719291158471
0.8985968724617038
0.9965660448946978
0.9361932457050911
0.0
0.0
0.0
0.0
0.0
0.1435051991764578
0.5452017149770112
0.9778409215920623
0.9773555965529681
0.9720479694346476
0.9049760636490055
0.8224466869122323
0.7129046325033879
0.49926649748602714
0.382715302778024
0.0
0.0
0.0
0.0
0.18206571217559833
0.6636065070175595
0.7451870168984154
0.9911794128114825
0.887296330547804
0.0
0.0
0.0
0.0
0.0
0.2615603943588807
0.6951104795419388
0.9899898829789724
0.9783258133656698
0.9740738106769169
0.9219913883687099
0.8526747382753729
0.7741087216524116
0.610762650960973
0.526289300876509
0.0
0.0
0.0
0.0
0.11524942834655082
0.6112734749396559
0.716710579694366
0.9893511936339798
0.8470861714786267
0.0
0.0
0.0
0.0
0.0
0.0
0.15318409733426186
0.9552667828447882
0.9746451351517973
0.9697837944177544
0.8915257129535925
0.7953788250783356
0.6172540323305795
0.31860821577626736
0.12475971862745523
0.0
0.0
0.0
0.0
0.0678471992160839
0.39693109206785193
0.6379062546233084
0.9849238481956044
0.8146788367499097
0.0
0.0
0.0
0.0
0.0
0.037498385814457594
0.59998910594338
0.9840118356881786
0.9767449687727365
0.9757339548489874
0.9640978086760188
0.9977543034151612
0.9335618928368302
0.9007546352820074
0.8915225896627791
0.839966651188375
0.7469564444090588
0.980408826650313
0.5947607298186612
0.7652090807928528
0.0
0.0
0.0
0.0
0.0
0.0
0.0
0.0
0.2917316856456028
0.9739935838219518
0.6071903137368572
0.7752920948522454
0.9919381608131876
0.7800734723182478
0.69698254522249
0.9216530714725982
0.0
0.0
0.0
0.0
0.0
0.0
0.0
0.0
0.0
0.0
0.0
0.0
0.0
0.0
0.0
0.11160033025239188
0.275971655791449
0.9657515356261509
0.6194037118449331
0.6163171897260263
0.9990580658792305
0.9739478711327064
0.9041941531913814
0.7674387581869586
0.4319201237441219
0.0
0.0
0.0
0.0
0.0
0.0
0.025430734651175856
0.03136241608945451
0.0
0.022461046850203246
0.9640607464005927
0.0
0.0
0.0
0.0
0.0
0.0
0.0
0.0
0.9984880392545576
0.9566455969171282
0.7810867052892999
0.43533482677922575
0.0
0.0
0.0
0.0
0.0
0.0
0.0
0.0
0.03220007287127837
0.008078343891166646
0.0
0.0
0.0
0.0
0.0
0.0
0.0
0.0
0.0
0.0
0.995560981906185
0.918132758220642
0.4136874184353191
0.01896954114033969
0.0
0.0
0.0
0.0
0.0
0.0
0.0
0.015469719912631382
0.07645839730953742
0.0
0.21114096565164095
0.9524890022239352
0.0
0.0
0.0
0.0
0.0
0.0
0.0
0.0
0.9980324761979085
0.9588050907041747
0.9033118949625715
0.8766634817586839
0.8414328040385384
0.8040911213486819
0.7379307605577843
0.7443418086130675
0.7671036180405069
0.7759029066653401
0.7716223070791457
0.9122924782459275
0.9399337760381408
0.9464701321078106
0.9524075538288791
0.9980309442235099
0.0
0.0
0.0
0.0
0.07121240366865988
0.9332529949903244
0.4151127314157689
0.4599637794580077
0.9990284886542139
0.9745964810332127
0.9428887503509369
0.8639144447297602
0.7219366055843665
0.46070889986522195
0.23646858511338797
0.0
0.0
0.0
0.0
0.19251955784312652
0.6826939407329955
0.7833973782801209
0.8698478554699872
0.9954224376170263
0.0
0.0
0.0
0.0
0.0
0.8608511252932481
0.6578315631097867
0.7910181607021651
0.9990111247305804
0.9754193566209287
0.9612935249215252
0.9433861050543291
0.9965324131129719
0.909038798064852
0.9044126170062268
0.8671269493924433
0.7901107761732767
0.9838954352602184
0.6996739087909951
0.7964830666043669
0.0
0.0
0.0
0.0
0.0
0.0
0.0
0.7361848266818617
0.36154988012419276
0.5714895000249086
0.9762745118934314
0.7322792008924401
0.8346381109734453
0.9854354313396905
0.4884407351454307
0.12014449040070142
0.0
0.0
0.0
0.0
0.0
0.0
0.0
0.0
0.0
0.0
0.0
0.0
0.0
0.0
0.0
0.0
0.0
0.0
0.0
0.0968466489568053
0.8573346477687749
0.0792123437960208
0.05884255092223657
0.0
0.0
0.0
0.0
0.0
0.0
0.0
0.0
0.0
0.0
0.0
0.0
0.0
0.0
0.7736648580456512
0.050379222601528155
0.24662817155534017
0.934476802365505
0.4317047936559536
0.617732894019383
0.9696679974980288
0.9784764421878345
0.9752261432609919
0.9520158797860448
0.9183018773124269
0.8569140635662128
0.6923312077267598
0.37661958547115104
0.0
0.0
0.0
0.0
0.40088708995643013
0.740104614146835
0.8560554886915411
0.996527586514974
0.9456188199390168
0.0
0.0
0.0
0.0
0.0
0.029274063623800434
0.2577283789999383
0.9727599054914874
0.9768059831321022
0.9750640660988968
0.9508957624834311
0.9252808056712539
0.8606157343007146
0.8177614895508217
0.7383761727995762
0.07257224241123499
0.0
0.0
0.0
0.6251818915925431
0.8473978951311723
0.9950848392738968
0.9273315747966715
0.9342879621121262
0.0
0.0
0.0
0.0
0.7424522828808159
0.29845122234012483
0.5917370499231335
0.9891443406732683
0.9784054127088514
0.9753539151911178
0.9449097943878015
0.9039782225403626
0.8370649675394581
0.732410486663072
0.6904046436907736
0.12936442578787086
0.0
0.0
0.0
0.712008684535432
0.9007724606033368
0.9966583713799259
0.9394330532174829
0.9446212689752378
0.0
0.0
0.0
0.0
0.43169483995235874
0.5178225324480819
0.7171562889014543
0.9844624264886896
0.9789565506075665
0.9762051718222359
0.9478835375280115
0.8924129474809372
0.8124040006053069
0.7302755620036069
0.6924745983128213
0.1820779664467696
0.0
0.010749234896817948
0.0
0.6514563623228767
0.846854210960532
0.9952727446082104
0.9271365024926809
0.9367473816732546
0.0
0.0
0.0
0.24451403245263106
0.9535555531133263
0.7005061434747261
0.7783330895919245
0.9897196650175659
0.9800132655688083
0.977680059125009
0.9985980296176451
0.9570228434238376
0.936529025726559
0.9225417371928333
0.9241320072745969
0.8966476613904477
0.9915139616411552
0.7769699068851851
0.7343936070285825
0.8135596906642728
0.0
0.0
0.0
0.0
0.0
0.0
0.0
0.24607169063267728
0.6220743624658114
0.9855874997259044
0.7816687753356629
0.831990135076484
0.9931907048598068
0.8407158059076545
0.8272581506997674
0.9911334899760686
0.564428766209034
0.7522590786612545
0.0
0.0
0.0
0.0
0.0
0.0
0.0
0.0
0.0
0.0
0.11212503954630887
0.9728282657254915
0.7506007059953177
0.7717434807266375
0.988309272649842
0.7970549257343285
0.8092580848885319
0.9932837326486964
0.9808025852538458
0.9771753210676534
0.9351913847281647
0.8355088022608225
0.6711826712697546
0.40948593205161615
0.37850117932214483
0.0
0.0
0.0
0.0
0.44740857602292633
0.7439110570405916
0.9921957689977362
0.8872740411977184
0.908341246310649
0.0
0.0
0.0
0.0
0.0
0.19364080562597644
0.7352182198451542
0.9887859492872393
0.9768752243635143
0.9721140332020448
0.9048207878047169
0.784704855490406
0.6382602552143319
0.3841906621120794
0.16274679578202642
0.0
0.0
0.0
0.0
0.09289011010665467
0.42811029157609587
0.9794816424407353
0.7888802956735673
0.8408182336474397
0.0
0.0
0.0
0.0
0.0
0.0
0.0
0.0
0.9694479729432995
0.9574969974804036
0.746265239409427
0.19505718511409675
0.004556734096654888
0.0
0.0
0.0
0.0
0.0
0.0
0.0
0.030501911404881857
0.0
0.0
0.34174228655425415
0.0
0.0
0.0
0.0
0.0
0.0
0.0
0.0
0.951690558329183
0.9399092801753652
0.5751854174692729
0.01621697143710505
0.0
0.0
0.0
0.0
0.0
0.0
0.0
0.0
0.37225136560943073
0.0
0.18353834186983803
0.2250823771881914
0.0
0.0
0.0
0.0
0.0
0.0
0.0
0.0
0.9548746467791411
0.9388110625245297
0.5442297614575446
0.015611585329860933
0.0
0.0
0.0
0.0
0.0
0.0
0.0
0.4105262763604781
0.07742688232997368
0.04081336623900105
0.03506477347771133
0.3927467448348264
0.0
0.0
0.0
0.0
0.0
0.0
0.0
0.0
0.9685262392815238
0.9984151985743557
0.9356763030420543
0.9038964194246998
0.8547624972566868
0.7636159971814455
0.765760600862079
0.9771612419842789
0.5452588047662876
0.4214495952127729
0.4180401668983677
0.9747921570718048
0.0
0.0
0.0
0.0
0.0
0.0
0.0
0.0
0.0
0.10567204427889601
0.15549047759853846
0.8090375189131525
0.43474630929107555
0.2038293804748839
0.0
0.0
0.0
0.0
0.0
0.0
0.0
0.0
0.0
0.0
0.0
0.0
0.0
0.0
0.0
0.0
0.0
0.0
0.0
0.0
0.0
0.0
0.9655802563136617
0.9529616057752813
0.6669821065081302
0.005503592077968552
0.0
0.0
0.0
0.0
0.0
0.0
0.0
0.5718728794648184
0.1390733841338467
0.012384001759792264
0.3690631826729325
0.5833316739681862
0.0
0.0
0.0
0.0
0.0
0.0
0.0
0.0
0.9610587939506177
0.9975464385498933
0.5897478447188225
0.009317477365644011
0.0
0.0
0.0
0.0
0.0
0.0
0.0
0.006757535898453598
0.07373543378937457
0.11324090352744806
0.0
0.7390670413993349
0.0
0.0
0.0
0.0
0.0
0.0
0.0
0.0
0.9965967361885107
0.929950234588714
0.6386910753366642
0.4801292633169469
0.3460864662881636
0.016579935025448737
0.4090200950377844
0.0
0.028537491316546527
0.0
0.0
0.467622446556116
0.794992520551223
0.8754733934176684
0.9107525235301054
0.9960671466673684
0.0
0.0
0.0
0.0
0.0
0.0
0.0
0.0
0.9986960107047452
0.9658967033089451
0.8789982993460614
0.5671270239123445
0.024981390321811438
0.0
0.007096224780508629
0.0
0.0
0.0
0.0
0.2542463108450513
0.3718064491983398
0.5103243214468444
0.9905199143718076
0.8725737094255599
0.0
0.0
0.0
0.0
0.0
0.0
0.0
0.0
0.9706604209935138
0.9619169112633112
0.7904150170950404
0.2995876101947574
0.0
0.0
0.0
0.0
0.0
0.0
0.0
0.047324012493799375
0.08157680153539151
0.17794573015968493
0.8370005972834725
0.422298041983254
0.0
0.0
0.0
0.0
0.0
0.0
0.0
0.0
0.9599072368273504
0.9607240478155173
0.9971463525046912
0.9119418086898745
0.88744801405363
0.9222304259149378
0.9414608409537164
0.9256854065231154
0.9960158003634767
0.9165367582804633
0.9107455073168804
0.9360527873878107
0.0
0.0
0.0
0.0
0.0
0.0
0.0
0.23181898295039566
0.6915927547143617
0.990097017698399
0.8407155025246262
0.8408584841536093
0.9930347489825099
0.8447267186560729
0.6853939909783118
0.9582696969398994
0.22525645364351
0.1681705135461732
0.7562658335835926
0.0
0.0
0.0
0.12413025129216511
0.9772955868220973
0.7961394519326037
0.7857159759343003
0.9915027644621266
0.8609856319527899
0.8582322554673028
0.9953170188764003
0.905435334669523
0.886390547710871
0.9960218767139495
0.9215458608818455
0.9006033644142571
0.9993104312456776
0.9816881310981668
0.9660812135772515
0.9408184569472166
0.8762526611081584
0.7234048370837718
0.47293610858692137
0.06967653249964961
0.0
0.0
0.0
0.1877133112259502
0.4486770483611799
0.6756886678097764
0.8127471372963172
0.9934750908256801
0.0
0.0
0.0
0.0
0.0
0.0
0.3545788228325655
0.9826508475682312
0.975838380949596
0.9741240457905532
0.9329438371384249
0.8690287935778446
0.6957603975832298
0.28131135315202394
0.033522726034263685
0.0
0.0
0.0
0.0
0.02906773922369976
0.08169851114848131
0.04863723498376605
0.8989371857999355
0.455707582075396
0.0
0.0
0.0
0.0
0.0
0.0
0.0
0.0
0.9669707464533523
0.968977461364035
0.9379592746799564
0.9107862242061354
0.8962536356324836
0.8831839427929891
0.883927408168845
0.5610816284034522
0.46396180197359
0.1725977177055549
0.0
0.5463214108910924
0.987127779258513
0.861154795769435
0.9216218270392759
0.9329736032876174
0.0
0.0
0.0
0.0
0.12804316554944298
0.5828244696572689
0.9838731627091729
0.827056778447758
0.9786833090071262
0.9764416165726058
0.9393655124395224
0.873457548151014
0.7376177442607931
0.5320505279619162
0.40569824216941863
0.0
0.0
0.0
0.0
0.0210641967898941
0.027748895256768175
0.033128357102822026
0.17683578061820895
0.5379106395329872
0.0
0.0
0.0
0.0
0.0
0.0
0.0
0.0
0.9511658344015929
0.9980158820382815
0.8665078727446387
0.700250506976937
0.5264641750458702
0.1898688802473118
0.39309388011372737
0.008217797855666344
0.0
0.0
0.0
0.1979614906105923
0.31722606780955476
0.6434005857731081
0.7731289006000224
0.9923582595547917
0.0
0.0
0.0
0.0
0.0
0.0
0.0
0.18908925719334077
0.9988780138142936
0.972201463784167
0.9570861861976615
0.9351194362698018
0.9953584313187038
0.8380509390946738
0.8412733353816396
0.7487403994256661
0.5858468857607145
0.9412901017708716
0.1387552450922881
0.10133418325366124
0.0
0.0
0.0
0.0
0.0
0.0
0.0
0.0
0.0
0.0
0.0
0.0
0.11057083992609827
0.7950772129420883
0.0
0.0
0.0
0.0
0.0
0.0
0.0
0.0
0.0
0.0
0.0
0.0
0.0
0.0
0.0
0.0
0.0
0.0
0.0
0.0
0.0
0.0
0.9979381187953559
0.9511029937060564
0.6457321752943379
0.0
0.0
0.0
0.0
0.0
0.0
0.0
0.0
0.0
0.0
0.0
0.0323654155487855
0.0
0.0
0.0
0.0
0.0
0.0
0.0
0.0
0.0
0.8823417062541087
0.8643246292867635
0.06492142246053419
0.0
0.0
0.0
0.0
0.0
0.0
0.0
0.0
0.0
0.0
0.007614419536637958
0.11280696175362441
0.0
0.0
0.0
0.0
0.0
0.0
0.0
0.0
0.0
0.9420319514282054
0.9973223711031354
0.44816788915158773
0.012825865398459393
0.0
0.0
0.0
0.0
0.0
0.0
0.0
0.0
0.0315823511639167
0.0
0.14269474450386282
0.7676520211781477
0.0
0.0
0.0
0.0
0.0
0.0
0.0
0.0
0.9982520574562104
0.9607913347435207
0.8600010291535068
0.5886826720841345
0.2452514418745981
0.0
0.03233436899275873
0.0
0.0
0.0
0.0
0.4702373839739959
0.7602105194975087
0.8672691463002752
0.9956915080359092
0.9244997418819036
0.0
0.0
0.0
0.0
0.36851196723028257
0.5670079713748211
0.8188902552450185
0.9937965028480086
0.9796815696029838
0.9764209642000313
0.9396942292957762
0.8866042364239793
0.7895954620890936
0.6279398726022114
0.523333544129602
0.00871404703677563
0.0
0.0
0.0
0.027367485853159342
0.421040618722831
0.0417497967621921
0.1612500086774387
0.48655318953793064
0.0
0.0
0.0
0.0
0.0
0.0
0.0
0.0
0.9665376948992985
0.9985028845471031
0.9430721536673252
0.9079642523645829
0.8256758505611275
0.6604353210160242
0.9713469829582326
0.21859799663894838
0.0
0.0
0.0
0.0
0.0
0.0
0.0
0.0
0.0
0.0
0.0
0.0
0.0
0.0
0.0
0.0
0.0
0.0
0.0
0.0
0.0
0.0
0.0
0.0
0.0
0.0
0.0
0.0
0.0
0.0
0.0
0.4015119002656451
0.9842767229424618
0.8261582621767649
0.8939142838377567
0.9949862412366294
0.8898367087350725
0.9124691870992082
0.9959989893892485
0.9084501105502374
0.9839937926521758
0.9992275554318749
0.9697724358744572
0.9533668025284924
0.934926461816124
0.8516088668283387
0.9165907347416162
0.8336831731860692
0.7605650994625105
0.6723449446306091
0.5896505033110446
0.8761901691054688
0.9332481344080574
0.9508024398582747
0.9579983270895196
0.9982224151432606
0.0
0.0
0.9130306792911355
0.7258959121071717
0.9879769273125389
0.8687405086704814
0.8953126271301296
0.9941273644973452
0.9821442067832228
0.9802582115585714
0.9646248283984633
0.9470341209933274
0.9242786879342859
0.8865277069256003
0.8713254968855146
0.5964300081174736
0.4503286233986983
0.13844549066443412
0.005415766983150523
0.7168024725440412
0.8666945745687916
0.9956786656902362
0.9327162680515365
0.9417218908568182
0.0
0.0
0.0
0.0
0.4432362279317037
0.7950798915151512
0.9920782384348845
0.8848724914757745
0.9800150354276139
0.9793184229872692
0.962252223218032
0.9433093826007284
0.9224177469784011
0.8933040918711075
0.8783079679590213
0.8010106079185852
0.6287715356141903
0.44420442228389817
0.41840923581837053
0.8438896574262178
0.9046140438794154
0.9330092676663869
0.945878457870966
0.9977273996357184
0.0
0.0
0.0
0.0529834809898623
0.7288784131079465
0.9928989749025773
0.9212137216632702
0.9275837232119373
0.9991696167649169
0.979309802456507
0.9569547300495718
0.9329708923417314
0.8991147853040871
0.8319988226975177
0.6605435416732347
0.4851039384445813
0.03605565166353921
0.0
0.0
0.1119791143855241
0.41095170605286213
0.9821545734519431
0.8351289858204777
0.8794943240792739
0.0
0.0
0.0
0.0
0.0
0.20396401935633804
0.9730335768481049
0.8104530342945381
0.9777975756920924
0.974505504423655
0.9304003867349511
0.8438474923987339
0.6077903392955746
0.21714354185977439
0.006664715312394541
0.0
0.0
0.0
0.0
0.0296472590780505
0.0054069090247234625
0.0
0.10542527757209044
0.7128029731942214
0.0
0.0
0.0
0.0
0.0
0.0
0.0
0.0
0.9953158997174535
0.9029919841245241
0.8703562439006354
0.7807008324775832
0.30407306592086375
0.0
0.0
0.0
0.0
0.0
0.0
0.0
0.0
0.0
0.0
0.0
0.0
0.0
0.0
0.0
0.0
0.0
0.0
0.0
0.0
0.0
0.0
0.0
0.0
0.0
0.0
0.0
0.0
0.0
0.0
0.0
0.0
0.0
0.0
0.0
0.0
0.0
0.0
0.0
0.0
0.0
0.0
0.0
0.9966815843693535
0.9063113308969198
0.09929050812882585
0.0
0.0
0.0
0.0
0.0
0.0
0.0
0.0
0.0
0.0
0.0
0.0
0.0
0.0
0.0
0.0
0.0
0.0
0.0
0.0
0.0
0.7645286865283065
0.7554154317092369
0.5694984067775041
0.0
0.0
0.0
0.0
0.0
0.0
0.0
0.0
0.0
0.03199809927161002
0.015842766720390616
0.10299060372695673
0.2840856339334438
0.0
0.0
0.0
0.0
0.0
0.0
0.0
0.0
0.9979594685605491
0.9548047554214353
0.8245049999200733
0.42627886959676214
0.012968152014661626
0.0
0.0
0.0
0.0
0.0
0.0
0.039931367433681864
0.6096385477107923
0.028776809168467525
0.024322410407305543
0.31380670537867933
0.0
0.0
0.0
0.0
0.0
0.0
0.0
0.0
0.9598551434783595
0.9976736257808794
0.7523705453041085
0.11926946654580337
0.0
0.0
0.0
0.0
0.0
0.0
0.0
0.0
0.016446208337370094
0.0
0.0
0.0
0.0
0.0
0.0
0.0
0.0
0.0
0.0
0.0
0.4726379426952202
0.346105432016901
0.11753706255727642
0.0
0.0
0.0
0.0
0.0
0.0
0.0
0.0
0.0
0.0
0.0
0.010476858525558536
0.0
0.0
0.0
0.0
0.0
0.0
0.0
0.0
0.0
0.9965355373479935
0.9263894340350304
0.8770529313220845
0.7810870749207832
0.47576576205428994
0.590006821212675
0.004414702838264406
0.0
0.0
0.0
0.0
0.0
0.0
0.0
0.0
0.0
0.0
0.0
0.0
0.0
0.0
0.0
0.0
0.0
0.0
0.0
0.0
0.0
0.0
0.0
0.0
0.0
0.0
0.0
0.0
0.0
0.0
0.0
0.0
0.0
0.0
0.0
0.0
0.0
0.0
0.0
0.0
0.0
0.9985935253771484
0.9605335876231604
0.836112696992142
0.5143303416103994
0.0
0.0
0.0
0.0
0.0
0.0
0.0
0.19245549548314386
0.8263868126965864
0.24392881695100688
0.7100593249715176
0.8379154497593129
0.0
0.0
0.0
0.0
0.0
0.0
0.0
0.0
0.9745010782537586
0.9986413924001664
0.9227581038314903
0.86875985554103
0.698424404625676
0.17093507573621017
0.005144118451658469
0.0
0.0
0.0
0.0
0.10316034203317923
0.046968965228550145
0.031419314760890195
0.9282963837887066
0.6365935527870987
0.0
0.0
0.0
0.0
0.0
0.0
0.0
0.0
0.9650475593003923
0.9503802834881924
0.7226163636206427
0.034260618542567706
0.0
0.0
0.0
0.0
0.0
0.0
0.0
0.011927617958599404
0.0353875726309117
0.0
0.0
0.0
0.0
0.0
0.0
0.0
0.0
0.0
0.0
0.0
0.9935948405302697
0.8816689062845379
0.04857918653619495
0.003803357968015737
0.0
0.0
0.0
0.0
0.0
0.0
0.0
0.0
0.0
0.0
0.0
0.0
0.0
0.0
0.0
0.0
0.0
0.0
0.0
0.0
0.7675538209771782
0.9834787275125146
0.05354231886691744
0.0
0.0
0.0
0.0
0.0
0.0
0.0
0.0
0.0
0.0
0.0
0.0
0.0
0.0
0.0
0.0
0.0
0.0
0.0
0.0
0.0
0.9421572325678992
0.9406132350525446
0.9954282905991843
0.8464785931886342
0.6723660181104231
0.31755890157247585
0.2996174244041045
0.21322760655103146
0.0
0.0
0.0
0.0
0.0
0.0
0.0
0.0
0.0
0.0
0.0
0.0
0.0
0.0
0.0
0.0
0.0
0.0
0.0
0.0
0.0
0.0
0.0
0.0
0.0
0.0
0.0
0.0
0.0
0.0
0.0
0.0
0.0
0.0
0.0
0.0
0.0
0.0
0.0
0.0
0.9944440865725345
0.8188793844662502
0.045562622022375675
0.0
0.0
0.0
0.0
0.0
0.0
0.0
0.0
0.0
0.0
0.0
0.0
0.0
0.0
0.0
0.0
0.0
0.0
0.0
0.0
0.0
0.44532639299281573
0.9322089725234065
0.058414902352686406
0.0
0.0
0.0
0.0
0.0
0.0
0.0
0.0
0.0
0.0
0.0
0.0
0.0
0.0
0.0
0.0
0.0
0.0
0.0
0.0
0.0
0.829102809968453
0.8447511127714881
0.030992862381787525
0.0
0.0
0.0
0.0
0.0
0.0
0.0
0.0
0.0
0.0
0.0
0.0
0.0
0.0
0.0
0.0
0.0
0.0
0.0
0.0
0.0
0.4142452938869309
0.0958938766597903
0.05623232754997501
0.0
0.0
0.0
0.0
0.0
0.0
0.0
0.0
0.0
0.0
0.0
0.0
0.0
0.0
0.0
0.0
0.0
0.0
0.0
0.0
0.0
0.9041068409889129
0.07991455206146225
0.044267668209306006
0.0
0.0
0.0
0.0
0.0
0.0
0.0
0.0
0.0
0.0
0.0
0.0
0.0
0.0
0.0
0.0
0.0
0.0
0.0
0.0
0.0
0.9519414711282854
0.4405697671890162
0.0
0.0
0.0
0.0
0.0
0.0
0.0
0.0
0.0
0.0
0.0
0.0
0.0
0.0
0.0
0.0
0.0
0.0
0.0
0.0
0.0
0.0
0.0
0.0
0.0
0.0
0.0
0.0
0.0
0.0
0.0
0.0
0.0
0.0
0.0
0.0
0.0
0.0
0.0
0.0
0.0
0.0
0.0
0.0
0.0
0.0
0.6426897871528825
0.5922269328377024
0.05454233487380195
0.0
0.0
0.0
0.0
0.0
0.0
0.0
0.0
0.0
0.0
0.0
0.0
0.0
0.0
0.0
0.0
0.0
0.0
0.0
0.0
0.0
0.5248168121194361
0.784030311661942
0.07394331466136829
0.0
0.0
0.0
0.0
0.0
0.0
0.0
0.0
0.02984106349498223
0.0685926663948032
0.0
0.40515633718953165
0.0
0.0
0.0
0.0
0.0
0.0
0.0
0.0
0.0
0.9463971876104496
0.9469773131228622
0.8570642905842774
0.7240504638285006
0.10365176681439892
0.17510433114220067
0.3752126787093558
0.009108548737406168
0.0
0.0
0.0
0.5659374949564804
0.8386924075609974
0.879591275696514
0.9955252780508156
0.9195369228675259
0.0
0.0
0.0
0.0
0.0
0.0
0.0
0.0
0.9717415508264837
0.9660789606225539
0.9008860122028197
0.7700444927811486
0.21224416355521425
0.0
0.0
0.0
0.0
0.0
0.0
0.1759279468775297
0.12570853833886164
0.46336575308718264
0.9923540440478535
0.8802331735325993
0.0
0.0
0.0
0.0
0.0
0.0
0.0
0.0
0.9665444829051164
0.9593216613413942
0.8386384725955689
0.46036757862578126
0.0
0.0
0.0
0.0
0.0
0.0
0.0
0.006329986997225923
0.0
0.0
0.0
0.0
0.0
0.0
0.0
0.0
0.0
0.0
0.0
0.0
0.9302819251891727
0.9231250591850183
0.866117671825743
0.987721771595448
0.5293769339558471
0.03091691894136734
0.0
0.0
0.0
0.0
0.0
0.0
0.0
0.0
0.0
0.0
0.0
0.0
0.0
0.0
0.0
0.0
0.0
0.0
0.0
0.0
0.0
0.0
0.0
0.0
0.0
0.0
0.0
0.0
0.0
0.0
0.0
0.0
0.0
0.0
0.0
0.0
0.0
0.0
0.0
0.0
0.0
0.0
0.49936010693325755
0.8924214898219229
0.054475980281325866
0.0
0.0
0.0
0.0
0.0
0.0
0.0
0.0
0.0
0.0
0.0
0.0
0.0
0.0
0.0
0.0
0.0
0.0
0.0
0.0
0.0
0.8421065359457476
0.14367428939104052
0.036773647595738396
0.0
0.0
0.0
0.0
0.0
0.0
0.0
0.0
0.0
0.0
0.0
0.0
0.0
0.0
0.0
0.0
0.0
0.0
0.0
0.0
0.0
0.8427673073368919
0.07815039347878837
0.031671898556456496
0.0
0.0
0.0
0.0
0.0
0.0
0.0
0.0
0.0
0.0
0.0
0.0
0.0
0.0
0.0
0.0
0.0
0.0
0.0
0.0
0.0
0.7653824227203323
0.1559577043913305
0.008888785647172718
0.0
0.0
0.0
0.0
0.0
0.0
0.0
0.0
0.0
0.0
0.0
0.0
0.0
0.0
0.0
0.0
0.0
0.0
0.0
0.0
0.0
0.37854175673761004
0.1896381763425904
0.07124448757045307
0.0
0.0
0.0
0.0
0.0
0.0
0.0
0.0
0.0
0.0
0.0
0.0
0.0
0.0
0.0
0.0
0.0
0.0
0.0
0.0
0.0
0.8550485256244549
0.8720861379781604
0.9748571794517558
0.021511855672682764
0.0
0.0
0.0
0.0
0.0
0.0
0.0
0.0
0.0
0.0
0.0
0.0
0.0
0.0
0.0
0.0
0.0
0.0
0.0
0.0
0.0
0.0
0.0
0.0
0.0
0.0
0.0
0.0
0.0
0.0
0.0
0.0
0.0
0.0
0.0
0.0
0.0
0.0
0.0
0.0
0.0
0.0
0.0
0.0
0.996774029835011
0.911978440230224
0.13443677253017441
0.0
0.0
0.0
0.0
0.0
0.0
0.0
0.0
0.0
0.0
0.0
0.0
0.0
0.0
0.0
0.0
0.0
0.0
0.0
0.0
0.0
0.589435278591894
0.6408751577987969
0.07336588916143769
0.0
0.0
0.0
0.0
0.0
0.0
0.0
0.0
0.0
0.0
0.0
0.0
0.0
0.0
0.0
0.0
0.0
0.0
0.0
0.0
0.0
0.19297951333285113
0.050900280763453896
0.39768597244753867
0.0
0.0
0.0
0.0
0.0
0.0
0.0
0.0
0.0
0.0
0.0
0.0
0.0
0.0
0.0
0.0
0.0
0.0
0.0
0.0
0.0
0.0
0.0
0.0
0.0
0.0
0.0
0.0
0.0
0.0
0.0
0.0
0.0
0.0
0.0
0.0
0.0
0.0
0.0
0.0
0.0
0.0
0.0
0.0
0.0
0.8030663691478348
0.0
0.0
0.0
0.0
0.0
0.0
0.0
0.0
0.0
0.0
0.0
0.0
0.0
0.0
0.0
0.0
0.0
0.0
0.0
0.0
0.0
0.0
0.0
0.366919566949867
0.4994138782594056
0.0
0.0
0.0
0.0
0.0
0.0
0.0
0.0
0.0
0.0
0.0
0.0
0.0
0.0
0.0
0.0
0.0
0.0
0.0
0.0
0.0
0.0
0.0
0.0
0.0
0.0
0.0
0.0
0.0
0.0
0.0
0.0
0.0
0.0
0.0
0.0
0.0
0.0
0.0
0.0
0.0
0.0
0.0
0.0
0.0
0.0
0.7023068733736846
0.360459763592257
0.05812829893367756
0.0
0.0
0.0
0.0
0.0
0.0
0.0
0.0
0.0
0.0
0.0
0.0
0.0
0.0
0.0
0.0
0.0
0.0
0.0
0.0
0.0
0.21647168796491167
0.08845504023856576
0.4182169771557758
0.0
0.0
0.0
0.0
0.0
0.0
0.0
0.0
0.0
0.0
0.0
0.0
0.0
0.0
0.0
0.0
0.0
0.0
0.0
0.0
0.0
0.7577343432159074
0.010917300365546743
0.0
0.0
0.0
0.0
0.0
0.0
0.0
0.0
0.0
0.0
0.0
0.0
0.0
0.0
0.0
0.0
0.0
0.0
0.0
0.0
0.0
0.0
0.07981860165750801
0.042541532615680604
0.0
0.0
0.0
0.0
0.0
0.0
0.0
0.0
0.0
0.0
0.0
0.0
0.0
0.0
0.0
0.0
0.0
0.0
0.0
0.0
0.0
0.0
0.67305555031233
0.06666913181259433
0.0
0.0
0.0
0.0
0.0
0.0
0.0
0.0
0.0
0.0
0.0
0.0
0.0
0.0
0.0
0.0
0.0
0.0
0.0
0.0
0.0
0.0
0.07647542159381998
0.0
0.0
0.0
0.0
0.0
0.0
0.0
0.0
0.0
0.0
0.0
0.0
0.0
0.0
0.0
0.0
0.0
0.0
0.0
0.0
0.0
0.0
0.0
0.0
0.0
0.0
0.0
0.0
0.0
0.0
0.0
0.0
0.0
0.0
0.0
0.0
0.0
0.0
0.0
0.0
0.0
0.0
0.0
0.0
0.0
0.0
0.0
0.8195568510541347
0.0807893574457171
0.014341363519573522
0.0
0.0
0.0
0.0
0.0
0.0
0.0
0.0
0.0
0.0
0.0
0.0
0.0
0.0
0.0
0.0
0.0
0.0
0.0
0.0
0.0
0.0
0.36086593955092605
0.0
0.0
0.0
0.0
0.0
0.0
0.0
0.0
0.0
0.0
0.0
0.0
0.0
0.0
0.0
0.0
0.0
0.0
0.0
0.0
0.0
0.0
0.0
0.0
0.0
0.0
0.0
0.0
0.0
0.0
0.0
0.0
0.0
0.0
0.0
0.0
0.0
0.0
0.0
0.0
0.0
0.0
0.0
0.0
0.0
0.0
0.21764989586017658
0.5830789176481153
0.03866846582022449
0.0
0.0
0.0
0.0
0.0
0.0
0.0
0.0
0.0
0.0
0.0
0.0
0.0
0.0
0.0
0.0
0.0
0.0
0.0
0.0
0.0
0.16885360043172254
0.10342393637269866
0.0
0.0
0.0
0.0
0.0
0.0
0.0
0.0
0.0
0.0
0.0
0.0
0.0
0.0
0.0
0.0
0.0
0.0
0.0
0.0
0.0
0.0
0.8689163374259135
0.1097574081303851
0.021118916610229355
0.0
0.0
0.0
0.0
0.0
0.0
0.0
0.0
0.0
0.0
0.0
0.0
0.0
0.0
0.0
0.0
0.0
0.0
0.0
0.0
0.0
0.0
0.0
0.0
0.0
0.0
0.0
0.0
0.0
0.0
0.0
0.0
0.0
0.0
0.0
0.0
0.0
0.0
0.0
0.0
0.0
0.0
0.0
0.0
0.0
0.0
0.0
0.0
0.0
0.0
0.0
0.0
0.0
0.0
0.0
0.0
0.0
0.0
0.0
0.0
0.0
0.0
0.0
0.0
0.0
0.0
0.0
0.0
0.0
0.0
0.0
0.0
0.0
0.0
0.0
0.0
0.0
0.0
0.0
0.0
0.0
0.0
0.0
0.0
0.0
0.0
0.0
0.0
0.0
0.0
0.0
0.0
0.0
0.07765613372902855
0.0
0.0
0.0
0.0
0.0
0.0
0.0
0.0
0.0
0.0
0.0
0.0
0.0
0.0
0.0
0.0
0.0
0.0
0.0
0.0
0.0
0.0
0.0
0.7069297592689117
0.0
0.0
0.0
0.0
0.0
0.0
0.0
0.0
0.0
0.0
0.0
0.0
0.0
0.0
0.0
0.0
0.0
0.0
0.0
0.0
0.0
0.0
0.0
0.0
0.0
0.0
0.0
0.0
0.0
0.0
0.0
0.0
0.0
0.0
0.0
0.0
0.0
0.0
0.0
0.0
0.0
0.0
0.0
0.0
0.0
0.0
0.0
0.04457116149932181
0.0
0.0
0.0
0.0
0.0
0.0
0.0
0.0
0.0
0.0
0.0
0.0
0.0
0.0
0.0
0.0
0.0
0.0
0.0
0.0
0.0
0.0
0.0
0.0
0.0
0.0
0.0
0.0
0.0
0.0
0.0
0.0
0.0
0.0
0.0
0.0
0.0
0.0
0.0
0.0
0.0
0.0
0.0
0.0
0.0
0.0
0.0
0.0423743424122036
0.0
0.0
0.0
0.0
0.0
0.0
0.0
0.0
0.0
0.0
0.0
0.0
0.0
0.0
0.0
0.0
0.0
0.0
0.0
0.0
0.0
0.0
0.0
0.0330712285893068
0.0
0.0
0.0
0.0
0.0
0.0
0.0
0.0
0.0
0.0
0.0
0.0
0.0
0.0
0.0
0.0
0.0
0.0
0.0
0.0
0.0
0.0
0.0
0.0
0.042779837670365674
0.0
0.0
0.0
0.0
0.0
0.0
0.0
0.0
0.0
0.0
0.0
0.0
0.0
0.0
0.0
0.0
0.0
0.0
0.0
0.0
0.0
0.0
0.8471855596910073
0.0
0.0
0.0
0.0
0.0
0.0
0.0
0.0
0.0
0.0
0.0
0.0
0.0
0.0
0.0
0.0
0.0
0.0
0.0
0.0
0.0
0.0
0.0
0.8049550528327473
0.0
0.0
0.0
0.0
0.0
0.0
0.0
0.0
0.0
0.0
0.0
0.0
0.0
0.0
0.0
0.0
0.0
0.0
0.0
0.0
0.0
0.0
0.0
0.0
0.0
0.0
0.0
0.0
0.0
0.0
0.0
0.0
0.0
0.0
0.0
0.0
0.0
0.0
0.0
0.0
0.0
0.0
0.0
0.0
0.0
0.0
0.0
0.0
0.0
0.0
0.0
0.0
0.0
0.0
0.0
0.0
0.0
0.0
0.0
0.0
0.0
0.0
0.0
0.0
0.0
0.0
0.0
0.0
0.0
0.0
0.0
0.0
0.0
0.0
0.0
0.0
0.0
0.0
0.0
0.0
0.0
0.0
0.0
0.0
0.0
0.0
0.0
0.0
0.0
0.0
0.0
0.0
0.0
0.0
0.0
0.851629301145402
0.013924466045792108
0.013777029621782452
0.0
0.0
0.0
0.0
0.0
0.0
0.0
0.0
0.0
0.0
0.0
0.0
0.0
0.0
0.0
0.0
0.0
0.0
0.0
0.0
0.0
0.0
0.0
0.0
0.0
0.0
0.0
0.0
0.0
0.0
0.0
0.0
0.0
0.0
0.0
0.0
0.0
0.0
0.0
0.0
0.0
0.0
0.0
0.0
0.0
0.5035291886704943
0.0
0.0
0.0
0.0
0.0
0.0
0.0
0.0
0.0
0.0
0.0
0.0
0.0
0.0
0.0
0.0
0.0
0.0
0.0
0.0
0.0
0.0
0.0
0.0
0.0
0.0
0.0
0.0
0.0
0.0
0.0
0.0
0.0
0.0
0.0
0.0
0.0
0.0
0.0
0.0
0.0
0.0
0.0
0.0
0.0
0.0
0.0
0.0
0.0
0.0
0.0
0.0
0.0
0.0
0.0
0.0
0.0
0.0
0.0
0.0
0.0
0.0
0.0
0.0
0.0
0.0
0.0
0.0
0.0
0.0
0.0
0.0
0.0
0.0
0.0
0.0
0.0
0.0
0.0
0.0
0.0
0.0
0.0
0.0
0.0
0.0
0.0
0.0
0.0
0.0
0.0
0.0
0.0
0.0
0.0
0.0
0.0
0.0
0.0
0.0
0.0
0.0
0.0
0.0
0.0
0.0
0.0
0.0
0.0
0.0
0.0
0.0
0.0
0.0
0.0
0.0
0.0
0.0
0.0
0.0
0.0
0.0
0.0
0.0
0.0
0.0
0.0
0.0
0.0
0.0
0.0
0.0
0.0
0.0
0.0
0.0
0.0
0.0
0.0
0.0
0.0
0.0
0.0
0.0
0.0
0.0
0.0
0.0
0.0
0.0
0.0
0.0
0.0
0.0
0.0
0.0
0.0
0.0
0.0
0.0
0.0
0.0
0.0
0.0
0.0
0.0
0.0
0.0
0.0
0.0
0.0
0.0
0.0
0.0
0.0
0.0
0.0
0.0
0.0
0.0
0.0
0.0
0.0
0.0
0.0
0.0
0.0
0.0
0.0
0.0
0.0
0.026810638611024284
0.0
0.0
0.0
0.0
0.0
0.0
0.0
0.0
0.0
0.0
0.0
0.0
0.0
0.0
0.0
0.0
0.0
0.0
0.0
0.0
0.0
0.0
0.0
0.14601249745881503
0.0
0.0
0.0
0.0
0.0
0.0
0.0
0.0
0.0
0.0
0.0
0.0
0.0
0.0
0.0
0.0
0.0
0.0
0.0
0.0
0.0
0.0
0.0
0.0
0.0
0.0
0.0
0.0
0.0
0.0
0.0
0.0
0.0
0.0
0.0
0.0
0.0
0.0
0.0
0.0
0.0
0.0
0.0
0.0
0.0
0.0
0.0
0.0
0.0
0.0
0.0
0.0
0.0
0.0
0.0
0.0
0.0
0.0
0.0
0.0
0.0
0.0
0.0
0.0
0.0
0.0
0.0
0.0
0.0
0.0
0.0
0.03193847575466034
0.0
0.0
0.0
0.0
0.0
0.0
0.0
0.0
0.0
0.0
0.0
0.0
0.0
0.0
0.0
0.0
0.0
0.0
0.0
0.0
0.0
0.0
0.0
0.0
0.0
0.0
0.0
0.0
0.0
0.0
0.0
0.0
0.0
0.0
0.0
0.0
0.0
0.0
0.0
0.0
0.0
0.0
0.0
0.0
0.0
0.0
0.0
0.0
0.0
0.0
0.0
0.0
0.0
0.0
0.0
0.0
0.0
0.0
0.0
0.0
0.0
0.0
0.0
0.0
0.0
0.0
0.0
0.0
0.0
0.0
0.0
0.0
0.0
0.0
0.0
0.0
0.0
0.0
0.0
0.0
0.0
0.0
0.0
0.0
0.0
0.0
0.0
0.0
0.0
0.0
0.0
0.0
0.0
0.0
0.0
0.0
0.0
0.0
0.0
0.0
0.0
0.0
0.0
0.0
0.0
0.0
0.0
0.0
0.0
0.0
0.0
0.0
0.0
0.0
0.0
0.0
0.0
0.0
0.0
0.0
0.0
0.0
0.0
0.0
0.0
0.0
0.0
0.0
0.0
0.0
0.0
0.0
0.0
0.0
0.0
0.0
0.0
0.0
0.0
0.0
0.0
0.0
0.0
0.0
0.0
0.0
0.0
0.0
0.0
0.0
0.0
0.0
0.0
0.0
0.0
0.0
0.0
0.0
0.0
0.0
0.0
0.0
0.0
0.0
0.0
0.0
0.0
0.0
0.0
0.0
0.0
0.0
0.0
0.0
0.0
0.0
0.0
0.0
0.0
0.0
0.0
0.0
0.0
0.0
0.0
0.0
0.0
0.0
0.0
0.0
0.0
0.0
0.0
0.0
0.0
0.0
0.0
0.0
0.0
0.0
0.0
0.0
0.0
0.0
0.0
0.0
0.0
0.0
0.0
0.0
0.0
0.0
0.0
0.0
0.0
0.0
0.0
0.0
0.0
0.0
0.0
0.0
0.0
0.0
0.0
0.0
0.0
0.0
0.0
0.0
0.0
0.0
0.0
0.0
0.0
0.0
0.0
0.0
0.0
0.0
0.0
0.0
0.0
0.0
0.0
0.0
0.0
0.0
0.0
0.0
0.0
0.0
0.0
0.0
0.0
0.0
0.0
0.0
0.0
0.0
0.0
0.0
0.0
0.0
0.0
0.0
0.0
0.0
0.0
0.0
0.0
0.0
0.0
0.0
0.0
0.0
0.0
0.0
0.0
0.0
0.0
0.0
0.0
0.0
0.0
0.0
0.0
0.0
0.0
0.0
0.0
0.0
0.0
0.0
0.0
0.0
0.0
0.0
0.0
0.0
0.0
0.0
0.0
0.0
0.0
0.0
0.0
0.0
0.0
0.0
0.0
0.0
0.0
0.0
0.0
0.0
0.0
0.0
0.0
0.0
0.0
0.0
0.0
0.0
0.0
0.0
0.0
0.0
0.0
0.0
0.0
0.0
0.0
0.0
0.0
0.0
0.0
0.0
0.0
0.0
0.0
0.0
0.0
0.0
0.0
0.0
0.0
0.0
0.0
0.0
0.0
0.0
0.0
0.0
0.0
0.0
0.0
0.0
0.0
0.0
0.0
0.0
0.0
0.0
0.0
0.0
0.0
0.0
0.0
0.0
0.0
0.0
0.0
0.0
0.0
0.0
0.0
0.0
0.0
0.0
0.0
0.0
0.0
0.0
0.0
0.0
0.0
0.0
0.0
0.0
0.0
0.0
0.0
0.0
0.0
0.0
0.0
0.0
0.0
0.0
0.0
0.0
0.0
0.0
0.0
0.0
0.0
0.0
0.0
0.0
0.0
0.0
0.0
0.0
0.0
0.0
0.0
0.0
0.0
0.0
0.0
0.0
0.0
0.0
0.0
0.0
0.0
0.0
0.0
0.0
0.0
0.0
0.0
0.0
0.0
0.0
0.0
0.0
0.0
0.0
0.0
0.0
0.0
0.0
0.0
0.0
0.0
0.0
0.0
0.0
0.0
0.0
0.0
0.0
0.0
0.0
0.0
0.0
0.0
0.0
0.0
0.0
0.0
0.0
0.0
0.0
0.0
0.0
0.0
0.0
0.0
0.0
0.0
0.0
0.0
0.0
0.0
0.0
0.0
0.0
0.0
0.0
0.0
0.0
0.0
0.0
0.0
0.0
0.0
0.0
0.0
0.0
0.0
0.0
0.0
0.0
0.0
0.0
0.0
0.0
0.0
0.0
0.0
0.0
0.0
0.0
0.0
0.0
0.0
0.0
0.0
0.0
0.0
0.0
0.0
0.0
0.0
0.0
0.0
0.0
0.0
0.0
0.0
0.0
0.0
0.0
0.0
0.0
0.0
0.0
0.0
0.0
0.0
0.0
0.0
0.0
0.0
0.0
0.0
0.0
0.0
0.0
0.0
0.0
0.0
0.0
0.0
0.0
0.0
0.0
0.0
0.0
0.0
0.0
0.0
0.0
0.0
0.0
0.0
0.0
0.0
0.0
0.0
0.0
0.0
0.0
0.0
0.0
0.0
0.0
0.0
0.0
0.0
0.0
0.0
0.0
0.0
0.0
0.0
0.0
0.0
0.0
0.0
0.0
0.0
0.0
0.0
0.0
0.0
0.0
0.0
0.0
0.0
0.0
0.0
0.0
0.0
0.0
0.0
0.0
0.0
0.0
0.0
0.0
0.0
0.0
0.0
0.0
0.0
0.0
0.0
0.0
0.0
0.0
0.0
0.0
0.0
0.0
0.0
0.0
0.0
0.0
0.0
0.0
0.0
0.0
0.0
0.0
0.0
0.0
0.0
0.0
0.0
0.0
0.0
0.0
0.0
0.0
0.0
0.0
0.0
0.0
0.0
0.0
0.0
0.0
0.0
0.0
0.0
0.0
0.0
0.0
0.0
0.0
0.0
0.0
0.0
0.0
0.0
0.0
0.0
0.0
0.0
0.0
0.0
0.0
0.0
0.0
0.0
0.0
0.0
0.0
0.0
0.0
0.0
0.0
0.0
0.0
0.0
0.0
0.0
0.0
0.0
0.0
0.0
0.0
0.0
0.0
0.0
0.0
0.0
0.0
0.0
0.0
0.0
0.0
0.0
0.0
0.0
0.0
0.0
0.0
0.0
0.0
0.0
0.0
0.0
0.0
0.0
0.0
0.0
0.0
0.0
0.0
0.0
0.0
0.0
0.0
0.0
0.0
0.0
0.0
0.0
0.0
0.0
0.0
0.0
0.0
0.0
0.0
0.0
0.0
0.0
0.0
0.0
0.0
0.0
0.0
0.0
0.0
0.0
0.0
0.0
0.0
0.0
0.0
0.0
0.0
0.0
0.0
0.0
0.0
0.0
0.0
0.0
0.0
0.0
0.0
0.0
0.0
0.0
0.0
0.0
0.0
0.0
0.0
0.0
0.0
0.0
0.0
0.0
0.0
0.0
0.0
0.0
0.0
0.0
0.0
0.0
0.0
0.0
0.0
0.0
0.0
0.0
0.0
0.0
0.0
0.0
0.0
0.0
0.0
0.0
0.0
0.0
0.0
0.0
0.0
0.0
0.0
0.0
0.0
0.0
0.0
0.0
0.0
0.0
0.0
0.0
0.0
0.0
0.0
0.0
0.0
0.0
0.0
0.0
0.0
0.0
0.0
0.0
0.0
0.0
0.0
0.0
0.0
0.0
0.0
0.0
0.0
0.0
0.0
0.0
0.0
0.0
0.0
0.0
0.0
0.0
0.0
0.0
0.0
0.0
0.0
0.0
0.0
0.0
0.0
0.0
0.0
0.0
0.0
0.0
0.0
0.0
0.0
0.0
0.0
0.0
0.0
0.0
0.0
0.0
0.0
0.0
0.0
0.0
0.0
0.0
0.0
0.0
0.0
0.0
0.0
0.0
0.0
0.0
0.0
0.0
0.0
0.0
0.0
0.0
0.0
0.0
0.0
0.0
0.0
0.0
0.0
0.0
0.0
0.0
0.0
0.0
0.0
0.0
0.0
0.0
0.0
0.0
0.0
0.0
0.0
0.0
0.0
0.0
0.0
0.0
0.0
0.0
0.0
0.0
0.0
0.0
0.0
0.0
0.0
0.0
0.0
0.0
0.0
0.0
0.0
0.0
0.0
0.0
0.0
0.0
0.0
0.0
0.0
0.0
0.0
0.0
0.0
0.0
0.0
0.0
0.0
0.0
0.0
0.0
0.0
0.0
0.0
0.0
0.0
0.0
0.0
0.0
0.0
0.0
0.0
0.0
0.0
0.0
0.0
0.0
0.0
0.0
0.0
0.0
0.0
0.0
0.0
0.0
0.0
0.0
0.0
0.0
0.0
0.0
0.0
0.0
0.0
0.0
0.0
0.0
0.0
0.0
0.0
0.0
0.0
0.0
0.0
0.0
0.0
0.0
0.0
0.0
0.0
0.0
0.0
0.0
0.0
0.0
0.0
0.0
0.0
0.0
0.0
0.0
0.0
0.0
0.0
0.0
0.0
0.0
0.0
0.0
0.0
0.0
0.0
0.0
0.0
0.0
0.0
0.0
0.0
0.0
0.0
0.0
0.0
0.0
0.0
0.0
0.0
0.0
0.0
0.0
0.0
0.0
0.0
0.0
0.0
0.0
0.0
0.0
0.0
0.0
0.0
0.0
0.0
0.0
0.0
0.0
0.0
0.0
0.0
0.0
0.0
0.0
0.0
0.0
0.6609151751230219
0.0
0.0
0.0
0.0
0.0
0.0
0.0
0.0
0.0
0.0
0.0
0.0
0.0
0.0
0.0
0.0
0.0
0.0
0.0
0.0
0.0
0.0
0.0
0.0
0.0
0.0
0.0
0.0
0.0
0.0
0.0
0.0
0.0
0.0
0.0
0.0
0.0
0.0
0.0
0.0
0.0
0.0
0.0
0.0
0.0
0.0
0.0
0.0
0.0
0.0
0.0
0.0
0.0
0.0
0.0
0.0
0.0
0.0
0.0
0.0
0.0
0.0
0.0
0.0
0.0
0.0
0.0
0.0
0.0
0.0
0.0
0.0
0.0
0.0
0.0
0.0
0.0
0.0
0.0
0.0
0.0
0.0
0.0
0.0
0.0
0.0
0.0
0.0
0.0
0.0
0.0
0.0
0.0
0.0
0.0
0.0
0.0
0.0
0.0
0.0
0.0
0.0
0.0
0.0
0.0
0.0
0.0
0.0
0.0
0.0
0.0
0.0
0.0
0.0
0.0
0.0
0.0
0.0
0.0
0.0
0.0
0.0
0.0
0.0
0.0
0.0
0.0
0.0
0.0
0.0
0.0
0.0
0.0
0.0
0.0
0.0
0.0
0.0
0.0
0.0
0.0
0.0
0.0
0.0
0.0
0.0
0.0
0.0
0.0
0.0
0.0
0.0
0.0
0.0
0.0
0.0
0.0
0.0
0.0
0.0
0.0
0.0
0.0
0.0
0.0
0.0
0.0
0.0
0.0
0.0
0.0
0.0
0.0
0.0
0.0
0.0
0.0
0.0
0.0
0.0
0.0
0.0
0.0
0.0
0.0
0.0
0.0
0.0
0.0
0.0
0.0
0.0
0.0
0.0
0.0
0.0
0.0
0.0
0.0
0.0
0.0
0.0
0.0
0.0
0.0
0.0
0.0
0.0
0.0
0.0
0.0
0.0
0.0
0.0
0.0
0.0
0.0
0.0
0.0
0.0
0.0
0.0
0.0
0.0
0.0
0.0
0.0
0.0
0.0
0.0
0.0
0.0
0.0
0.0
0.0
0.0
0.0
0.0
0.0
0.0
0.0
0.0
0.0
0.0
0.0
0.0
0.0
0.0
0.0
0.0
0.0
0.0
0.0
0.0
0.0
0.0
0.0
0.0
0.0
0.0
0.0
0.0
0.0
0.0
0.0
0.0
0.0
0.0
0.0
0.0
0.0
0.0
0.0
0.0
0.0
0.0
0.0
0.0
0.0
0.0
0.0
0.0
0.0
0.0
0.0
0.0
0.0
0.0
0.0
0.0
0.0
0.0
0.0
0.0
0.0
0.0
0.0
0.0
0.0
0.0
0.0
0.0
0.0
0.0
0.0
0.0
0.0
0.0
0.0
0.0
0.0
0.0
0.0
0.0
0.0
0.0
0.0
0.0
0.0
0.0
0.0
0.0
0.0
0.0
0.0
0.0
0.0
0.0
0.0
0.0
0.0
0.0
0.0
0.0
0.0
0.1347918875548792
0.028759541529920836
0.0
0.0
0.0
0.0
0.0
0.0
0.0
0.0
0.0
0.0
0.0
0.0
0.0
0.0
0.0
0.0
0.0
0.0
0.0
0.0
0.0
0.0
0.07649507854441298
0.24237871434358269
0.0
0.0
0.0
0.0
0.0
0.0
0.0
0.0
0.0
0.0
0.0
0.0
0.0
0.0
0.0
0.0
0.0
0.0
0.0
0.0
0.0
0.0
0.0
0.0
0.0
0.0
0.0
0.0
0.0
0.0
0.0
0.0
0.0
0.0
0.0
0.0
0.0
0.0
0.0
0.0
0.0
0.0
0.0
0.0
0.0
0.0
0.0
0.0
0.0
0.0
0.0
0.0
0.0
0.0
0.0
0.0
0.0
0.0
0.0
0.0
0.0
0.0
0.0
0.0
0.0
0.0
0.0
0.0
0.0
0.0
0.0
0.0
0.0
0.0
0.0
0.0
0.0
0.0
0.0
0.0
0.0
0.0
0.0
0.0
0.0
0.0
0.0
0.0
0.0
0.0
0.0
0.0
0.0
0.0
0.0
0.0
0.0
0.0
0.0
0.0
0.0
0.0
0.0
0.0
0.0
0.0
0.0
0.0
0.0
0.0
0.0
0.0
0.0
0.0
0.0
0.0
0.0
0.0
0.0
0.0
0.0
0.0
0.0
0.0
0.0
0.0
0.0
0.0
0.0
0.0
0.0
0.0
0.0
0.0
0.0
0.0
0.0
0.0
0.0
0.0
0.0
0.0
0.0
0.0
0.0
0.0
0.0
0.0
0.0
0.0
0.0
0.0
0.0
0.0
0.0
0.0
0.0
0.0
0.0
0.0
0.0
0.0
0.0
0.0
0.0
0.0
0.0
0.6064010187326094
0.0
0.0
0.0
0.0
0.0
0.0
0.0
0.0
0.0
0.0
0.0
0.0
0.0
0.0
0.0
0.0
0.0
0.0
0.0
0.0
0.0
0.0
0.0
0.01750596459296707
0.0
0.0
0.0
0.0
0.0
0.0
0.0
0.0
0.0
0.0
0.0
0.0
0.0
0.0
0.0
0.0
0.0
0.0
0.0
0.0
0.0
0.0
0.0
0.0
0.0
0.0
0.0
0.0
0.0
0.0
0.0
0.0
0.0
0.0
0.0
0.0
0.0
0.0
0.0
0.0
0.0
0.0
0.0
0.0
0.0
0.0
0.0
0.0
0.0
0.0
0.0
0.0
0.0
0.0
0.0
0.0
0.0
0.0
0.0
0.0
0.0
0.0
0.0
0.0
0.0
0.0
0.0
0.0
0.0
0.0
0.0
0.40349684697124727
0.0
0.0
0.0
0.0
0.0
0.0
0.0
0.0
0.0
0.0
0.0
0.0
0.0
0.0
0.0
0.0
0.0
0.0
0.0
0.0
0.0
0.0
0.14118516128491437
0.4853078822381887
0.0
0.0
0.0
0.0
0.0
0.0
0.0
0.0
0.0
0.0
0.0
0.0
0.0
0.0
0.0
0.0
0.0
0.0
0.0
0.0
0.0
0.0
0.0
0.0
0.0
0.0
0.0
0.0
0.0
0.0
0.0
0.0
0.0
0.0
0.0
0.0
0.0
0.0
0.0
0.0
0.0
0.0
0.0
0.0
0.0
0.0
0.143853798209161
0.5883687510427313
0.0
0.0
0.0
0.0
0.0
0.0
0.0
0.0
0.0
0.0
0.0
0.0
0.0
0.0
0.0
0.0
0.0
0.0
0.0
0.0
0.0
0.0
0.843954610275227
0.18037093814120014
0.006679491197257976
0.0
0.0
0.0
0.0
0.0
0.0
0.0
0.0
0.0
0.0
0.0
0.0
0.0
0.0
0.0
0.0
0.0
0.0
0.0
0.0
0.0
0.0
0.0
0.0
0.0
0.0
0.0
0.0
0.0
0.0
0.0
0.0
0.0
0.0
0.0
0.0
0.0
0.0
0.0
0.0
0.0
0.0
0.0
0.0
0.0
0.0
0.01125442472112549
0.0
0.0
0.0
0.0
0.0
0.0
0.0
0.0
0.0
0.0
0.0
0.0
0.0
0.0
0.0
0.0
0.0
0.0
0.0
0.0
0.0
0.0
0.0
0.4853819642094709
0.0
0.0
0.0
0.0
0.0
0.0
0.0
0.0
0.0
0.0
0.0
0.0
0.0
0.0
0.0
0.0
0.0
0.0
0.0
0.0
0.0
0.0
0.4813588076884872
0.026236878142484838
0.0
0.0
0.0
0.0
0.0
0.0
0.0
0.0
0.0
0.0
0.0
0.0
0.0
0.0
0.0
0.0
0.0
0.0
0.0
0.0
0.0
0.0
0.0
0.0
0.0
0.0
0.0
0.0
0.0
0.0
0.0
0.0
0.0
0.0
0.0
0.0
0.0
0.0
0.0
0.0
0.0
0.0
0.0
0.0
0.0
0.0
0.0
0.0
0.0
0.0
0.0
0.0
0.0
0.0
0.0
0.0
0.0
0.0
0.0
0.0
0.0
0.0
0.0
0.0
0.0
0.0
0.0
0.0
0.0
0.0
0.8078602373279256
0.13080831017364278
0.009481917909199809
0.0
0.0
0.0
0.0
0.0
0.0
0.0
0.0
0.0
0.0
0.0
0.0
0.0
0.0
0.0
0.0
0.0
0.0
0.0
0.0
0.0
0.0
0.0
0.0
0.0
0.0
0.0
0.0
0.0
0.0
0.0
0.0
0.0
0.0
0.0
0.0
0.0
0.0
0.0
0.0
0.0
0.0
0.0
0.0
0.0
0.14110645365515687
0.6008326046819928
0.015051087069618958
0.0
0.0
0.0
0.0
0.0
0.0
0.0
0.0
0.0
0.0
0.0
0.0
0.0
0.0
0.0
0.0
0.0
0.0
0.0
0.0
0.0
0.10905998518366014
0.562463424726529
0.0
0.0
0.0
0.0
0.0
0.0
0.0
0.0
0.0
0.0
0.0
0.0
0.0
0.0
0.0
0.0
0.0
0.0
0.0
0.0
0.0
0.0
0.11083810078913088
0.7032939668934811
0.0
0.0
0.0
0.0
0.0
0.0
0.0
0.0
0.0
0.0
0.0
0.0
0.0
0.0
0.0
0.0
0.0
0.0
0.0
0.0
0.0
0.0
0.0
0.05240095105055473
0.0
0.0
0.0
0.0
0.0
0.0
0.0
0.0
0.0
0.0
0.0
0.0
0.0
0.0
0.0
0.0
0.0
0.0
0.0
0.0
0.0
0.0
0.0
0.12886885834048079
0.0
0.0
0.0
0.0
0.0
0.0
0.0
0.0
0.0
0.0
0.0
0.0
0.0
0.0
0.0
0.0
0.0
0.0
0.0
0.0
0.0
0.0
0.0
0.381725922271224
0.0
0.0
0.0
0.0
0.0
0.0
0.0
0.0
0.0
0.0
0.0
0.0
0.0
0.0
0.0
0.0
0.0
0.0
0.0
0.0
0.0
0.0
0.0
0.0
0.0
0.0
0.0
0.0
0.0
0.0
0.0
0.0
0.0
0.0
0.0
0.0
0.0
0.0
0.0
0.0
0.0
0.0
0.0
0.0
0.0
0.0
0.1872901430702686
0.782590015272722
0.016412430910388486
0.0
0.0
0.0
0.0
0.0
0.0
0.0
0.0
0.0
0.0
0.0
0.0
0.0
0.0
0.0
0.0
0.0
0.0
0.0
0.0
0.0
0.06931612761059969
0.9595395940062118
0.0
0.0
0.0
0.0
0.0
0.0
0.0
0.0
0.0
0.0
0.0
0.0
0.0
0.0
0.0
0.0
0.0
0.0
0.0
0.0
0.0
0.0
0.7415137730314484
0.592797253798823
0.0
0.0
0.0
0.0
0.0
0.0
0.0
0.0
0.0
0.0
0.0
0.0
0.0
0.0
0.0
0.0
0.0
0.0
0.0
0.0
0.0
0.0
0.0
0.2337997485306832
0.0
0.0
0.0
0.0
0.0
0.0
0.0
0.0
0.0
0.0
0.0
0.0
0.0
0.0
0.0
0.0
0.0
0.0
0.0
0.0
0.0
0.0
0.0
0.25333225122427605
0.0
0.0
0.0
0.0
0.0
0.0
0.0
0.0
0.0
0.0
0.0
0.0
0.0
0.0
0.0
0.0
0.0
0.0
0.0
0.0
0.0
0.0
0.0
0.18139023090894146
0.0
0.0
0.0
0.0
0.0
0.0
0.0
0.0
0.0
0.0
0.0
0.0
0.0
0.0
0.0
0.0
0.0
0.0
0.0
0.0
0.0
0.0
0.0
0.0
0.0
0.0
0.0
0.0
0.0
0.0
0.0
0.0
0.0
0.0
0.0
0.0
0.0
0.0
0.0
0.0
0.0
0.0
0.0
0.0
0.0
0.0
0.19317955451630822
0.0846003024274965
0.016709491082920924
0.0
0.0
0.0
0.0
0.0
0.0
0.0
0.0
0.0
0.0
0.0
0.0
0.0
0.0
0.0
0.0
0.0
0.0
0.0
0.0
0.0
0.15167841629917297
0.5748874313432182
0.0
0.0
0.0
0.0
0.0
0.0
0.0
0.0
0.0
0.0
0.0
0.0
0.0
0.0
0.0
0.0
0.0
0.0
0.0
0.0
0.0
0.0
0.0
0.6328237486370999
0.10079883569242383
0.0
0.0
0.0
0.0
0.0
0.0
0.0
0.0
0.0
0.32968289367810955
0.2364029853443556
0.24519352700960645
0.8685142995327012
0.0
0.0
0.0
0.0
0.0
0.0
0.0
0.0
0.8457255962403673
0.8570596811602784
0.0
0.0
0.0
0.0
0.06750360987542268
0.0
0.0
0.0
0.0
0.36045591523456816
0.31270001344161463
0.26815110001130044
0.654416614486111
0.9871231880959053
0.0
0.0
0.0
0.0
0.0
0.0
0.0
0.0
0.9467034123644652
0.9347618695728833
0.40192141454496066
0.0
0.0
0.0
0.0
0.0
0.0
0.0
0.0
0.0
0.0
0.0
0.029355946100890744
0.0
0.0
0.0
0.0
0.0
0.0
0.0
0.0
0.0
0.8103304282800146
0.8727772942442072
0.6574496400423522
0.9486541231019591
0.048297427050423954
0.004777780231248532
0.0
0.0
0.0
0.0
0.0
0.0
0.0
0.0
0.0
0.0
0.0
0.0
0.0
0.0
0.0
0.0
0.0
0.0
0.0
0.0
0.0
0.0
0.0
0.0
0.0
0.0
0.0
0.0
0.0
0.0
0.0
0.0
0.0
0.0
0.0
0.0
0.0
0.0
0.0
0.0
0.0
0.0
0.0
0.0
0.0
0.0
0.0
0.0
0.0
0.0
0.0
0.0
0.0
0.0
0.0
0.0
0.0
0.0
0.0
0.0
0.0
0.0
0.0
0.0
0.0
0.0
0.9893517707615634
0.7660165567347109
0.07164707654323578
0.0046598449562231135
0.0
0.0
0.0
0.0
0.0
0.0
0.0
0.0
0.0
0.0
0.0
0.0
0.0
0.0
0.0
0.0
0.0
0.0
0.0
0.0
0.9406995851937837
0.4986380806129398
0.07398755328578778
0.0
0.0
0.0
0.0
0.0
0.0
0.0
0.0
0.0
0.0
0.0
0.0
0.0
0.0
0.0
0.0
0.0
0.0
0.0
0.0
0.0
0.09832441407744374
0.8332497847284559
0.08280181919468983
0.0
0.0
0.0
0.0
0.0
0.0
0.0
0.0
0.0
0.0
0.0
0.0
0.0
0.0
0.0
0.0
0.0
0.0
0.0
0.0
0.0
0.21554093141284597
0.9003355647773433
0.07734932068375239
0.0
0.0
0.0
0.0
0.0
0.0
0.0
0.0
0.0
0.0
0.0
0.0
0.0
0.0
0.0
0.0
0.0
0.0
0.0
0.0
0.0
0.23258361270735836
0.698997173305081
0.2201677258463997
0.010974962428734658
0.0
0.0
0.0
0.0
0.0
0.0
0.0
0.0
0.0
0.0
0.0
0.0
0.0
0.0
0.0
0.0
0.0
0.0
0.0
0.0
0.0
0.0
0.0
0.0
0.0
0.0
0.0
0.0
0.0
0.0
0.0
0.0
0.0
0.0
0.0
0.0
0.0
0.0
0.0
0.0
0.0
0.0
0.0
0.0
0.4176461166061199
0.5737235627228329
0.6522239299220856
0.0
0.0
0.0
0.0
0.0
0.0
0.0
0.0
0.0
0.0
0.0
0.0
0.0
0.0
0.0
0.0
0.0
0.0
0.0
0.0
0.0
0.6331550251626465
0.8338559377343114
0.0
0.0
0.0
0.0
0.0630035253141048
0.0
0.0
0.0
0.0
0.14495075493021053
0.8963066442243678
0.22138484788837287
0.47357050655200794
0.6999934569090644
0.0
0.0
0.0
0.0
0.0
0.0
0.0
0.0
0.9981989060279173
0.9581201184839757
0.8675366360437218
0.6002415450219127
0.07344332121515837
0.01600431741609765
0.0
0.0
0.0
0.0
0.0
0.052775609266140444
0.11750751249881808
0.893879790433742
0.6563362852471961
0.7416188564292356
0.0
0.0
0.0
0.0
0.0
0.0
0.0
0.0
0.9641290825276887
0.9982976437766384
0.8411363480210263
0.5773890200946975
0.15875304645279312
0.0
0.0
0.0
0.0
0.0
0.0
0.024793800634823907
0.023642723879876797
0.0
0.8711291882189548
0.41624744499538124
0.0
0.0
0.0
0.0
0.0
0.0
0.0
0.0
0.9473321050081946
0.9492790831362286
0.7280387651471552
0.25885186992503034
0.0
0.0
0.0
0.0
0.0
0.0
0.0
0.4446468709494873
0.21657504962245255
0.08759394703987167
0.2314458779537996
0.8470791913248684
0.0
0.0
0.0
0.0
0.0
0.0
0.0
0.0
0.9970469643095582
0.9399107217494842
0.8537430920220009
0.9825001053986019
0.5158697572309852
0.17704647327184123
0.15728019975823898
0.0
0.0
0.0
0.0
0.0
0.0
0.0
0.0
0.0
0.0
0.0
0.0
0.0
0.0
0.0
0.0
0.0
0.0
0.0
0.0
0.0
0.0
0.0
0.0
0.0
0.0
0.0
0.0
0.0
0.0
0.0
0.0
0.0
0.0
0.0
0.0
0.0
0.0
0.0
0.0
0.0
0.9964493021921976
0.9236318146915654
0.4160238362377461
0.019658755872013944
0.0
0.0
0.0
0.0
0.0
0.0
0.0
0.0
0.0
0.0
0.011368240164192463
0.0
0.0
0.0
0.0
0.0
0.0
0.0
0.0
0.0
0.8027611920377311
0.9930014451123063
0.09531105863724197
0.010953667198721732
0.0
0.0
0.0
0.0
0.0
0.0
0.0
0.0
0.0
0.0
0.0
0.0
0.0
0.0
0.0
0.0
0.0
0.0
0.0
0.0
0.6761647581945699
0.824882603850132
0.07761715193689654
0.005661800888315105
0.0
0.0
0.0
0.0
0.0
0.0
0.0
0.0
0.0
0.0
0.0
0.0
0.0
0.0
0.0
0.0
0.0
0.0
0.0
0.0
0.24003764866718044
0.9657108880352341
0.13024703015645006
0.0
0.0
0.0
0.0
0.0
0.0
0.0
0.0
0.0
0.022204063731240543
0.0
0.0
0.0
0.0
0.0
0.0
0.0
0.0
0.0
0.0
0.0
0.930648275822096
0.9406873820253836
0.6421399451953396
0.12309616298800585
0.0048129051481386985
0.0
0.0
0.0
0.0
0.0
0.0
0.0
0.3920417430681079
0.0
0.0
0.0
0.0
0.0
0.0
0.0
0.0
0.0
0.0
0.0
0.9435654778623722
0.9907703330373424
0.8792160455216884
0.7537757788113452
0.6098273068298671
0.9473126890994705
0.40970135194935475
0.06212804973574316
0.0
0.0
0.0
0.0
0.0
0.0
0.0
0.0
0.0
0.0
0.0
0.0
0.0
0.0
0.0
0.0
0.0
0.0
0.0
0.0
0.0
0.0
0.0
0.0
0.0
0.0
0.0
0.0
0.0
0.0
0.0
0.0
0.0
0.0
0.0
0.9029992087865035
0.4579770542924544
0.5503804888136041
0.9843319746750312
0.7604555960589694
0.9782012915114848
0.9989184711184709
0.9352362825978144
0.86303809248733
0.7944500726710482
0.6504931873450834
0.5813846467323527
0.027371567935147372
0.0
0.0
0.0
0.05142597913625658
0.4008250881226372
0.6040611353891725
0.7447860405549731
0.9889224995286306
0.0
0.0
0.0
0.0
0.0
0.0
0.038417296499042325
0.5378048883169606
0.9987764448323677
0.9706822580614389
0.9173230921565155
0.8007666941801841
0.5975099185268622
0.23936753322900078
0.06935843530318112
0.0
0.0
0.0
0.0
0.04668251155728091
0.18297737021012145
0.9694961616933244
0.704164240911076
0.7380271994519801
0.0
0.0
0.0
0.0
0.0
0.0
0.0
0.0
0.9520328889997962
0.9561097353718125
0.9907818221060021
0.5437851784591713
0.010565557044811522
0.0
0.0
0.0
0.0
0.0
0.0
0.0
0.023831436526441756
0.0
0.0
0.0
0.0
0.0
0.0
0.0
0.0
0.0
0.0
0.0
0.99618473594712
0.9322137712560075
0.5306419387506083
0.025262122116008028
0.0
0.0
0.0
0.005118076447504257
0.0
0.0
0.0
0.08421042371065099
0.21466226893270401
0.011568432072997051
0.8997491009407712
0.503495047546573
0.0
0.0
0.0
0.0
0.0
0.0
0.0
0.0
0.9497086256104356
0.9517607267945088
0.7931133153215043
0.4997167683728733
0.04983582747936177
0.0
0.0
0.0
0.0
0.0
0.0
0.031540608780877694
0.06878927249893503
0.0
0.0
0.3769230998312536
0.0
0.0
0.0
0.0
0.0
0.0
0.0
0.0
0.9594124183885667
0.9984716112911348
0.9483048783297934
0.9159767111743624
0.8723486140141969
0.9898669507512649
0.8158297837676085
0.74902568681409
0.6646681277354195
0.9709330077985897
0.5214023357701741
0.6240305091482519
0.0
0.0
0.0
0.0
0.0
0.0
0.0
0.0
0.0
0.0
0.0
0.0
0.9177728365289246
0.5321557651614973
0.3907815447470607
0.8316840622317225
0.0
0.0
0.0
0.0
0.0
0.0
0.0
0.0
0.0
0.0
0.0
0.0
0.0
0.0
0.0
0.0636532218928766
0.9011679990425516
0.33473855892897875
0.9627349659027076
0.48419126982195493
0.42053242902545696
0.9989897813526256
0.9690873387600928
0.889243298959717
0.7337348623648646
0.35557079514192125
0.0
0.0
0.0
0.0
0.0
0.0
0.06571196800214824
0.09890464813804531
0.0641452706523708
0.5800446835478454
0.9822628262696909
0.0
0.0
0.0
0.0
0.0
0.0
0.0
0.0
0.9610269838650026
0.9530501883587729
0.7773961594045525
0.41121358355726245
0.0
0.0
0.0
0.0
0.0
0.0
0.0
0.0204839144509882
0.05532372503722247
0.0
0.0
0.0
0.0
0.0
0.0
0.0
0.0
0.0
0.0
0.0
0.9296674203518623
0.9264131805466825
0.5695335646991778
0.013200923657850007
0.0
0.0
0.0
0.0
0.0
0.0
0.0
0.0
0.028124270305353003
0.0
0.08144997054595712
0.0
0.0
0.0
0.0
0.0
0.0
0.0
0.0
0.0
0.8913843193181241
0.9960801672531931
0.32658799529776805
0.02794141970631242
0.0
0.0
0.0
0.0
0.0
0.0
0.0
0.0
0.04043129683686357
0.0
0.0
0.0
0.0
0.0
0.0
0.0
0.0
0.0
0.0
0.0
0.9894267400324682
0.8237099621282584
0.08358978650372893
0.0057145004194493745
0.0
0.0
0.0
0.0
0.0
0.0
0.0
0.0
0.0619108243114033
0.04470992495688548
0.1139548713835879
0.0
0.0
0.0
0.0
0.0
0.0
0.0
0.0
0.0
0.0
0.0
0.0
0.0
0.0
0.0
0.0
0.0
0.0
0.0
0.0
0.0
0.0
0.0
0.0
0.0
0.0
0.3415229919306104
0.5929988625717019
0.9812607769576057
0.7576321679582049
0.8613404575852864
0.9933507353709137
0.8715572208872384
0.9040665238527401
0.9917100720664731
0.7433114452033311
0.9798579229357265
0.4885521899295078
0.11942635333360745
0.0
0.0
0.0
0.0
0.0
0.0
0.0
0.0
0.08698120900994151
0.9210616096864012
0.5708145951484414
0.9745292126860776
0.7505139852002727
0.8213888905676
0.9906862600956976
0.8497913055336918
0.8760106795635842
0.9947375269910873
0.9816903583913442
0.9761056131783429
0.9303359574130015
0.8553786035594585
0.7387386722415399
0.40399457362633173
0.047914373632051366
0.0
0.0
0.0
0.0
0.15969882889346412
0.2466277193646724
0.529734047970401
0.9762437331933038
0.7085546394033946
0.0
0.0
0.0
0.0
0.0
0.0
0.0
0.0
0.9591160865348076
0.9455860205045965
0.7175439820705896
0.25356137426876274
0.0
0.0
0.0
0.0
0.0
0.0
0.0
0.19600911060772722
0.31896558690811044
0.9550898507755999
0.7014381394907429
0.7810958194494997
0.0
0.0
0.0
0.0
0.0
0.0
0.0
0.0
0.9608961138043741
0.9567143277620918
0.9923925507810243
0.6214740798036625
0.2503685283987557
0.0
0.0
0.0
0.0
0.0
0.0
0.28535340343658694
0.363465419915239
0.9508763862785551
0.6917798304354956
0.8003742353440817
0.0
0.0
0.0
0.0
0.0
0.0
0.0
0.0
0.9590209106251558
0.9981483167356054
0.8728008714091966
0.42673507960138574
0.00651402833465102
0.0
0.008556661452784683
0.0
0.0
0.0
0.0
0.52420590320031
0.9903907960015756
0.8719183029020404
0.8966234363647315
0.9080662173836317
0.0
0.0
0.0
0.0
0.0
0.0
0.0
0.0
0.9736812609377109
0.9985484787414132
0.8772478135117748
0.7556482004611446
0.5072019709147899
0.05318157071209051
0.0
0.0
0.0
0.0
0.0
0.17428917124884163
0.9174456752303994
0.4771153321379335
0.5906178803757858
0.6831180227472944
0.0
0.0
0.0
0.0
0.0
0.0
0.0
0.0
0.9979090851323598
0.9553329877521438
0.9350097062969042
0.9317416820989055
0.9069905539992562
0.9966656442592567
0.9467623573303279
0.9406071784285633
0.9537288444283545
0.9979365635512604
0.9523430587473966
0.96005804703809
0.0
0.0
0.0
0.025165927651909198
0.9625793445429024
0.78000757083507
0.8335434489500899
0.9933044588686527
0.890607357694235
0.9955032186862729
0.9146363112685806
0.9243624515201596
0.996643167711761
0.9257975745080556
0.9227761052865073
0.996038554451017
0.9019551754763437
0.8864003266476611
0.9937089609463927
0.8711113555792481
0.864419996485155
0.9931788341408646
0.8782347941876667
0.9016119198182073
0.9957722704940887
0.9133746718658964
0.9963412363410628
0.926115669125833
0.9296600666469353
0.9970484313917092
0.9384086451095672
0.9397752595865269
0.9974244084263704
0.9439412754314316
0.9450464968535875
0.9976844287997427
0.9865205794229214
0.983310926286194
0.9675237682375678
0.9480352886511088
0.9276390813478969
0.9015164333339556
0.886355807535621
0.7739862833738352
0.6496772801003199
0.5711230809818045
0.5971953728497879
0.8685516389201995
0.9297710242894528
0.9426815635236284
0.9978164978008698
0.9566085610923774
0.0
0.0
0.0
0.3803016988361158
0.983000524478277
0.7980635218084676
0.8909829382552897
0.9947873495361821
0.9809696325143274
0.9786790600600069
0.9537610468918061
0.9194057378108739
0.8924390948025672
0.8574468264887426
0.8366088245026522
0.6538375443554567
0.5436500772902924
0.4115472036487456
0.4124562980852956
0.832437719931259
0.9069204033427192
0.93428407893678
0.9976708445585359
0.9550587175724067
0.0
0.0
0.23269649458328026
0.789526674606098
0.9935310989689418
0.8947784719509155
0.9292333321956193
0.996338918815032
0.982424176618118
0.9795014816695141
0.9586362439460118
0.9356511473392103
0.9137809925737104
0.8829422079813559
0.85756106249914
0.6779317616195053
0.534573659490478
0.340889544053528
0.34181059011110126
0.8220638594595698
0.9050085954749613
0.9319010620455688
0.9974975741854918
0.950389311373808
0.0
0.0
0.04888682910047314
0.6716291954935756
0.9867265035355574
0.8381035201033935
0.890944762863513
0.9954008001958751
0.9276817103356362
0.9112428453088617
0.9928832401455874
0.8441962560361795
0.9881164216306082
0.6675973034384325
0.5920007364583795
0.8968218680138486
0.0
0.0
0.6769530088423119
0.26885914163874935
0.5053377230956863
0.9658067954697199
0.5492128902209644
0.7373001597764687
0.9904269796470279
0.8316044565624544
0.8944820208550233
0.9959554348246874
0.8985121513254769
0.996100540190448
0.9295136239085896
0.930351790089812
0.9993433294868468
0.9815949764580831
0.9598018639371024
0.9304633082024881
0.9028709905734236
0.8636237716534931
0.7235098334316894
0.6361884954467779
0.40928672098015995
0.021086803980721335
0.009362561818179325
0.6978271477868108
0.9912268765824955
0.8599793720730132
0.8974993390354813
0.9224051194821876
0.0
0.0
0.0
0.8177248674207824
0.3887705037608253
0.5269581138165407
0.9829992579794411
0.8372124577645049
0.9791221558028403
0.9989825926929587
0.9649418655280684
0.9517944456886291
0.9400935818090406
0.9964849103166895
0.9263248956552419
0.9021208163414777
0.8631323753006308
0.8398649146041975
0.9900985016892578
0.8632745980015534
0.0
0.0
0.0
0.0
0.0
0.0
0.0
0.9058309465923541
0.36345004491538385
0.6129590112482589
0.98359212457749
0.784616816055555
0.8620709517886315
0.9909640152240945
0.7109154033570546
0.9787879138265185
0.49021387525476023
0.11165761527842401
0.0
0.0
0.0
0.0
0.0
0.0
0.0
0.0
0.06337082839716103
0.9206986708575688
0.45167854715922756
0.2862806642297678
0.7071919946787613
0.10454866573322809
0.6601485015937911
0.1468603282655486
0.3267216791237436
0.8898074917698388
0.9786689955786857
0.9725193507481581
0.9267342715923271
0.8605532515016048
0.6402475261049421
0.24647158228773622
0.11567942987020725
0.0
0.0
0.0
0.011188443494833979
0.39556511717006476
0.7354343575029163
0.815104805448877
0.898221687469018
0.9962157931211854
0.0
0.0
0.0
0.0
0.013434125929860216
0.9630158094905511
0.7008830624481343
0.7750552909093269
0.9990330565374013
0.9742246210498297
0.9241427328725154
0.8326733447649759
0.708276068749697
0.5211717225040028
0.4419152031984629
0.0
0.0
0.0
0.0
0.8334328308891622
0.5579126637028585
0.7287708870841944
0.8188168401505139
0.8419658074219429
0.0
0.0
0.0
0.0
0.0
0.0
0.0
0.15068999312185713
0.9987778271376934
0.9660267696129413
0.8649433481362061
0.7609901949696114
0.6047118700880451
0.2668604277160045
0.04733964855794837
0.0
0.0
0.0
0.0
0.14632746077646866
0.9215467821664729
0.5564592166547885
0.7596717960216242
0.8420008366747422
0.0
0.0
0.0
0.0
0.0
0.0
0.0
0.0
0.9719237891454302
0.9985635636030461
0.8978274553389378
0.8215492093017893
0.6995157658898852
0.3340482839247615
0.33802275082161726
0.0
0.0
0.0
0.0
0.22244230338761378
0.706554683371832
0.9906838199860073
0.8872872037069308
0.9205543782776902
0.0
0.0
0.0
0.0
0.9707356931859012
0.7949491043566814
0.9920998024716258
0.8869523991780212
0.9807187153227896
0.9795355629803985
0.9620727098302364
0.93641018934332
0.9014139010271187
0.8752492953837568
0.846011485364133
0.6058101398482543
0.37307926251499957
0.049314736103514376
0.1003722201165785
0.8161925921643185
0.906613261781264
0.9309395596390511
0.9974947463834439
0.9517277924508015
0.0
0.0
0.0
0.42785542249931546
0.9894908507080868
0.8706053874215186
0.8776529653339383
0.9964278277693324
0.981240815192044
0.9796143804945597
0.9690209819710045
0.9981142565780385
0.9468279289961684
0.9336521909156666
0.9267197343741591
0.8932365763657388
0.9919096260819561
0.8106733498076366
0.8450127273324404
0.914343238853631
0.0
0.0
0.0
0.0
0.0
0.17795891006087566
0.9348984517635512
0.6523129204344522
0.7302337575987732
0.9891339625759636
0.8674489201063406
0.9942402919374446
0.8980255791576569
0.8922426707734372
0.9895839270792555
0.7221906885185776
0.6334371848728483
0.8907896853622127
0.0
0.0
0.0
0.0
0.0
0.0
0.25783575867679265
0.40100248121320337
0.9716263524804821
0.6431352369426363
0.9780084468422129
0.7736572576986301
0.7810245252338133
0.9884335022979873
0.8497294995496036
0.8991868007181852
0.995739792973185
0.9300437322811117
0.9833369579625749
0.9798527360203938
0.9977721893489273
0.9054178954373576
0.7500852257225842
0.7659884741988585
0.6717292589249148
0.13950901102172455
0.0
0.0
0.011830767451359178
0.6159207533818885
0.7905375594832768
0.8534418635604674
0.9950985379088275
0.9322099057077545
0.0
0.0
0.0
0.0
0.0
0.48538793878691117
0.7673574880914706
0.9916282733809192
0.9780423944951778
0.9738138042064588
0.9179483167691957
0.8249223025289748
0.6866004324007355
0.4667915986394767
0.21773403367619573
0.0
0.0
0.0
0.0
0.2925540113108124
0.677549544320762
0.7375205826639254
0.825412922221672
0.9945684386783427
0.0
0.0
0.0
0.0
0.0
0.0
0.13002984103959508
0.5233176068935328
0.9988943102210336
0.9709873878590202
0.9072777599380281
0.8224443909572589
0.705922306282082
0.5141580007007033
0.36416608358775915
0.0
0.0
0.0
0.0
0.3557170504816145
0.9874612423681178
0.8371173292448156
0.8817878368280612
0.9129349952457095
0.0
0.0
0.0
0.0
0.0
0.0
0.9568514121122323
0.5529674851209523
0.9756586979485657
0.9987409513051421
0.9082822797986556
0.8252460671525805
0.6978835681374904
0.2942593083763299
0.21253317974507477
0.0
0.0
0.0
0.0
0.34694603537781515
0.6625036291004172
0.7239073559231256
0.991863936843141
0.8780211266405168
0.0
0.0
0.0
0.0
0.0
0.0
0.0
0.7740997700488069
0.9727504231386519
0.9681598903384614
0.886343124297036
0.7682867267381506
0.5621081262925588
0.10338008878761473
0.0
0.0
0.0
0.0
0.0
0.21276129978296243
0.6301095076397164
0.7084462006742817
0.7914930757066502
0.9925049941013548
0.0
0.0
0.0
0.0
0.0
0.0
0.17611221286392933
0.610644357057213
0.9988977532866753
0.974122778116145
0.9579436840938557
0.9353285387383222
0.9962861257070472
0.8948228388991781
0.8858803240229465
0.8197780448040826
0.7362098127999561
0.9793714469810464
0.762280045167057
0.8735038682182064
0.0
0.0
0.0
0.0
0.0
0.0
0.0
0.8891201337051067
0.5032336690595531
0.9843029641197266
0.7534136615238877
0.7909355464348273
0.9940773057769119
0.8459486099695147
0.7346149928958976
0.981129463700119
0.3088952728223797
0.0
0.0
0.0
0.0
0.0
0.0
0.0
0.0
0.0
0.18107077393829468
0.9445602208308901
0.5260752596580146
0.979984366019755
0.7213299726215197
0.7521469724698439
0.9900217938817094
0.8400743566811173
0.8408248070701063
0.9941201773751028
0.9820046129031325
0.9782266605870126
0.9438260525912077
0.8715310806442451
0.7924460567264149
0.6200353918111353
0.5516333547604952
0.0
0.008829595756263834
0.0
0.004314498332668585
0.9628083124439188
0.7916549270678243
0.8378617927467744
0.8996122934832506
0.9351212955168628
0.0
0.0
0.0
0.0
0.2074800678489395
0.5759180825338088
0.9821896248377406
0.8413750805808555
0.978573667397009
0.9989398791774521
0.9317677649851307
0.8564033237222844
0.768431279911354
0.5662111038016707
0.29606057391785107
0.0
0.0
0.0
0.00841165115087479
0.48451336679813145
0.7476964013712688
0.7872123681684742
0.9915234495853292
0.859091870171878
0.0
0.0
0.0
0.0
0.0
0.0
0.0
0.0
0.9704655506456745
0.9627499179421024
0.8433650217312145
0.6714088756016795
0.3188139454650042
0.0
0.5538235365782093
0.41594088479805685
0.0
0.0
0.0
0.719512371401271
0.8761712663751127
0.9059554352204586
0.9319844052539833
0.9974320847114526
0.0
0.0
0.0
0.08441135473676936
0.6246625210467087
0.9861877412452835
0.7928896128201272
0.8820356408039053
0.9991028574340811
0.9768729760069882
0.9463019858854848
0.9270710710313087
0.9115403092661578
0.8932039732621101
0.8092388423161796
0.8593460391756562
0.8367307548550429
0.8323265218009517
0.8371505904202579
0.9352640210299636
0.9576342162003262
0.9983688892094168
0.9671896590268705
0.9691143256038771
0.0
0.8692630326363853
0.7585458993874625
0.8713099011826131
0.9957686451993041
0.9263344000527552
0.9394231940675111
0.9976614354011655
0.9846790376336976
0.9827311244818723
0.9659519478587391
0.9474119059876525
0.9295299025932378
0.9118663817051595
0.9021204903887807
0.831007878123313
0.7533131261291404
0.6705932192881904
0.6929533517794734
0.8936669060916396
0.9382944102017065
0.9489789688189033
0.9572004098251989
0.9983057596859595
0.0
0.0
0.9833231236087432
0.8775864819924878
0.8988663929586248
0.9967803896471201
0.938892105318031
0.9407960872133667
0.9993137447979704
0.9834467250078801
0.9768986295785465
0.9700612986829983
0.9628280248173328
0.9980223371004312
0.9536018451281808
0.9432635452425739
0.9263578410475652
0.918776614544345
0.9971914625293036
0.9609193387840274
0.0
0.7355395218679555
0.5997376388511512
0.7308575890135653
0.9925894736796426
0.8966983342180408
0.8894025872345039
0.9958556551183401
0.9289269059543205
0.918981177364346
0.9968477627510902
0.9481052973648791
0.9428201233039389
0.997259806682129
0.9118796301110906
0.9916636816548092
0.8401221201200489
0.7779541092563935
0.9708611344771255
0.5671409005161664
0.36466103745418355
0.8628563912886962
0.5218473420579839
0.7058975944765341
0.9833325092495118
0.844197295853637
0.863723195853759
0.9924445932571322
0.9172492502968983
0.9235762384153644
0.9955178002398919
0.9449554220160687
0.9462315608715747
0.9967047859135761
0.9570906572034911
0.9578422847414961
0.9993999533722091
0.9847300608626783
0.9717490389419193
0.9558338659786049
0.9383871916724156
0.9150275463801365
0.9001959552045348
0.685132396207588
0.6738770661638017
0.5599252720679261
0.6434474120305842
0.8852778287119446
0.9413755748241369
0.9977467755479401
0.955858143932416
0.9601636903620768
0.0
0.0
0.6772800835348867
0.9900625868593766
0.8099383213377954
0.9003073610847067
0.9960350068740005
0.9199181050252019
0.983914191488026
0.9813233479397689
0.9599459320602213
0.9303888228755535
0.9098989868619326
0.8825915792683708
0.852938578167599
0.6486617945435021
0.40089015921584337
0.011549048269051057
0.058621853823208565
0.8145038651575204
0.8949843521769626
0.9216450195659743
0.9424996025719092
0.9978741057388544
0.0
0.0
0.910026987137211
0.6939203864088398
0.7332502215896296
0.9917611954169138
0.8841878824391074
0.8871799874575808
0.9991924940914206
0.9790795578312738
0.9544335729337545
0.9211181879025685
0.8923106171251608
0.8458634972884252
0.6966829076071177
0.6338340369174221
0.5182320361594551
0.40481046794627595
0.46466903961111194
0.8522957145712675
0.9154465086251966
0.9969000020867539
0.9441539444944805
0.9552251580291898
0.0
0.0
0.03240006404398009
0.39274664559082473
0.9659861126126148
0.7203043503612032
0.7582736285285199
0.9906209240894412
0.9799924501108519
0.9784766714931201
0.9619516796458477
0.9485331213186264
0.93628448280348
0.9223603695390599
0.9397327494960956
0.9182415160609186
0.8953927626758673
0.892993330209307
0.8148569984273152
0.9974370044198256
0.9569634596224809
0.9596612972759627
0.962550910547797
0.9638814812748366
0.0
0.0
0.03979504597874303
0.9681042960386044
0.7342481153400156
0.9914946379147154
0.8474354273644238
0.8519193858081067
0.9814654456768536
0.9990357444937246
0.9494449778891051
0.9047149578558027
0.8656727180504817
0.7292180952021718
0.8401577875326514
0.6292714077824233
0.4154775966558628
0.12387641152730082
0.3171028600167126
0.8114797748688092
0.8986850246643441
0.9243118073692433
0.9972446105548067
0.9450165227695185
0.0
0.0
0.0
0.0
0.0
0.21680908726374998
0.3912868518877106
0.9790923479883513
0.9776400660562264
0.9762197047794722
0.9690176102378798
0.9984339757313492
0.9615111918647342
0.9601352636783765
0.9646407827384801
0.9640202050838141
0.958902332607676
0.9982880987046452
0.9642120580739622
0.9687355455145162
0.0
0.0
0.262616388744461
0.981378403349146
0.788674337301957
0.8509158807253555
0.9946614109465545
0.8949744869434542
0.8990782670211088
0.9958663705753614
0.9187230548986561
0.9216855750291216
0.9966552199963854
0.9240523785408138
0.9133409160218878
0.9950951215664691
0.8443752706734872
0.8337299197406318
0.9909742918065078
0.7659727424900005
0.7751711742040402
0.9909759486433035
0.8241790842056242
0.8897258766274759
0.9959101616023438
0.9147824868837013
0.9962050062628238
0.9272830459330557
0.9297716442221372
0.9969247578150673
0.9380069189362734
0.9370411003586291
0.9972216004333793
0.9471519495889159
0.9470651934671841
0.9975447297106004
0.9518301604253653
0.9477900480063292
0.9963705384930982
0.8960574332534655
0.8571768373267062
0.9931322708375846
0.856279520001177
0.7339392280853386
0.977967323500029
0.5885629663839624
0.9748241281682307
0.8108493904998351
0.8637747052656063
0.9942495180849721
0.9071493712978594
0.9182780954233676
0.9961778587206236
0.9330886297955509
0.9380816287641883
0.9971193327818304
0.9491025884253209
0.9501241118562477
0.9974363282243848
0.9530868853037848
0.9865607616941507
0.999337616140372
0.9732778484756337
0.961481141898405
0.8892562050840981
0.9180129355250686
0.9033701918492079
0.8261156642826956
0.7501586391307812
0.6592295722401467
0.6868986612322594
0.8983293129848243
0.94069515940732
0.9465388792896964
0.9519164384123168
0.9980077078830204
0.0
0.0
0.846310058115954
0.6344681889444846
0.7222566485745711
0.9910171175527897
0.8802280725832471
0.8807188244910186
0.9992090660876259
0.9794902714198611
0.9605394496333147
0.9326893798915442
0.8868797725833708
0.8403668855795963
0.7020236925284339
0.6623205747282438
0.5139311397565716
0.39980484335031646
0.32740703149666184
0.8680422153947266
0.9325534700354421
0.9452557608607067
0.9977992101869264
0.9529801707382379
0.0
0.0
0.0
0.0
0.8418185901554757
0.5765700364195677
0.7903403940599417
0.9923991259823718
0.9803954814668167
0.9785888744187601
0.9526945429567503
0.9156695353714521
0.9201571591811937
0.9230666305128896
0.9398168170683556
0.8610188360544397
0.9105543417830472
0.9104035748693246
0.917642820052102
0.9561309825461175
0.9985392244569031
0.9694486121157563
0.9711502105104259
0.9729655929356853
0.0
0.7466553646209343
0.8792146414078241
0.9963684312278442
0.9402057055660933
0.9343341922427448
0.9977055396503016
0.9568133572767944
0.9850957491086076
0.9839560054382122
0.9986490646044061
0.912905700051322
0.9398701990700892
0.9302770979977252
0.9259568039461471
0.8850300814489099
0.8226603492385991
0.7737461523893053
0.7901580383942741
0.9232381255477878
0.9555306496259633
0.9589270934767762
0.9613129468568146
0.9984623881491113
0.0
0.44385363825158464
0.9834850825428691
0.8665326574734881
0.9065082285819797
0.9958867784982192
0.9460015561767963
0.9468617244170429
0.999308694487869
0.9835907806363925
0.9763050012733141
0.9679351581322573
0.9606806759655995
0.9980652793482265
0.9577701964070641
0.9519075314950194
0.9423703771039013
0.9321299482005083
0.9972749363364428
0.9598805920630201
0.0
0.3395828256288991
0.6306263021200063
0.7059030316828743
0.9874676416624067
0.8301088624624581
0.8492357610099477
0.9946671936235505
0.9247907305769896
0.9198975586151501
0.9969830335385594
0.9444900960717241
0.9332808373254282
0.9972148854972239
0.936520072346703
0.8996120906643651
0.9935877927048178
0.8848168201131623
0.8636913955326762
0.9915220531990869
0.8357085345673774
0.883415224760145
0.9955552901718079
0.9271333554446765
0.9204293895348004
0.9964333297161588
0.9461110578043024
0.9973578512663516
0.9408123791641015
0.9563914361520091
