0.9738284830004919
0.9844814565252606
0.9927218042906498
0.9929847404640193
0.9860545195380006
0.9347197669004841
0.8102508498753914
0.7916951379001241
0.7633233476454345
0.7072467581154194
0.6369978467638414
0.5892014950439616
0.5341112059100032
0.4667625693927385
0.40723788478073997
0.3566675102006708
0.38226353971612487
0.4819177000052057
0.5872183560327258
0.6527653875874333
0.7144720740697068
0.7864900187275301
0.8306786466933046
0.9116449120625915
0.972498827164333
0.9848460834767421
0.9933896931801921
0.9940448536298456
0.986410836245366
0.9203869042524533
0.7818423827703223
0.7462521762736997
0.6735195621912186
0.6049640893524908
0.5010159967640991
0.4491921431424133
0.43416292888796554
0.3938770041150612
0.34352309073013065
0.29221872655683456
0.32050760083331997
0.38397240945372535
0.38756836394418664
0.476513560938879
0.6224357863091708
0.6773837560383532
0.6958136390560138
0.815960433651454
0.9646979234417874
0.9854075213616684
0.9937800692293823
0.9942885383394618
0.9885768940422568
0.9463500216683443
0.8392206257996649
0.8117386912215827
0.7707267694612127
0.6965034195244542
0.6037224439556466
0.5405690197596869
0.4906918311006744
0.4264247404803622
0.3304853614029112
0.3196423917561446
0.4029679432480508
0.49506667200588195
0.6024493506169638
0.6815469944931962
0.7206780257303556
0.7910328707597599
0.8381676808798604
0.9135046139587882
0.9755724450812804
0.9860720457437057
0.9934670143300447
0.9942250250348004
0.9890176224752019
0.9491563794194013
0.8445085198302704
0.8137227221425535
0.7619597279557273
0.6945989706197916
0.626358622219591
0.5576849481826721
0.482096669223847
0.4240923413744692
0.34523454744772425
0.23615872246024996
0.2791238182779021
0.32103800585164755
0.5295545486080706
0.6537007314561132
0.7077401104555187
0.7873878383139334
0.8449628249887698
0.9175413750657706
0.9751189816861112
0.9864590465337968
0.9940051136937442
0.9941384727793297
0.9884343592125032
0.9461125218855226
0.8373395020955151
0.8023219318500758
0.753547011526779
0.7098653338839365
0.6368555416885682
0.5806827704392191
0.5667732216523422
0.47977684990427144
0.444547553270673
0.4167217385175462
0.505530648831136
0.4905619211404468
0.5387681640477314
0.6074606101990062
0.6871710328648928
0.7639327147898993
0.7922912303133691
0.8857594604863592
0.966447979535103
0.9813302086140954
0.9916189442351403
0.9919730963430544
0.9839784672433746
0.9249548994200094
0.7791703463190797
0.7478978205015923
0.7108767426986387
0.6294375689600654
0.5282137326460039
0.4941169996570266
0.4481753923983847
0.3572074986889341
0.3041466940898774
0.21572905061906525
0.24796863769629432
0.34474621206342804
0.5489480490903701
0.6639762024844309
0.7074609839102415
0.7756658391268496
0.835024535812481
0.914375726331796
0.9745253663648226
0.9858142707391397
0.9938084275611592
0.9941880666593534
0.9884286642960318
0.9463785913059228
0.8396966366879898
0.8053532193623216
0.7710521512612889
0.7135031959466794
0.6352290333789055
0.5794475369282337
0.5209922959517175
0.4602864045275563
0.4054817046689339
0.3580346058230945
0.3603941468433549
0.43958850581481407
0.5410097862591753
0.6060674907318611
0.6791486366256786
0.7757449632496185
0.8283335779322379
0.9075276407058431
0.9706525358021656
0.9834006158739877
0.9924354906964246
0.9930253844863447
0.9854629028041928
0.9258693814310044
0.7667461932876423
0.7314451783389476
0.7238309724942034
0.6965335190907244
0.6644945388339357
0.6803519493138
0.6914498646441006
0.6943330296512006
0.7386145290083829
0.7550391599288596
0.773571952463971
0.7370836600222261
0.7056280773876454
0.7327494549007496
0.7653861955539952
0.8150675326838279
0.8648850414087321
0.9269629045328428
0.9779444328575038
0.9849457222114235
0.9924876346035872
0.9924796691687646
0.984198185420561
0.9234284416738925
0.7741362829178741
0.7610746198401095
0.7771387493296011
0.792215767442856
0.7962888158140984
0.8233158974203287
0.8313854183273129
0.8260210656975954
0.8322651472639941
0.8068127366251993
0.778622487889535
0.7325058156047533
0.7019255133347565
0.7240269129525039
0.7571960603444253
0.7973816804476662
0.8484840445182048
0.9243271684948838
0.9775376294771397
0.9872607108652361
0.9942303038404683
0.9944347002127408
0.9877805417621255
0.9399805959739512
0.8251990889694694
0.8106245228428963
0.7986091773058879
0.757528718186326
0.6940703091592185
0.701352606015456
0.6967324104618046
0.6919294107905528
0.7492998386321496
0.7198557577074415
0.681306959047293
0.606903867441235
0.5862001878088273
0.6154861150368792
0.6534563232044045
0.7163061396277204
0.7700241670094258
0.8667328700867271
0.9578847206777297
0.9763306814515824
0.9885947676230709
0.9886081442153968
0.9772396184144273
0.8987916947322944
0.7200990697216878
0.7121900810082821
0.7716447922679263
0.8082331686636919
0.8347901189890495
0.8619892572550744
0.8732351586768877
0.8791492162878223
0.889024256538188
0.8646591572312087
0.8432173896847414
0.8060187816167742
0.7793234433278012
0.8056397936196915
0.8302894565165686
0.8701490863973432
0.8932300863871895
0.9420794365939033
0.9822500971612909
0.9894867694592708
0.994985978742646
0.9950138683620914
0.9894902964013402
0.9496305810995386
0.847188222638039
0.8259689908028414
0.8079271346522482
0.7930360014919129
0.775072331471069
0.7937283350368693
0.7874697662833731
0.7878404605462723
0.8163360012030264
0.7932307436973062
0.7765684780392417
0.7315278462460391
0.7299987444135924
0.7700351344501589
0.8013567594818259
0.8487202480744579
0.8811179297725344
0.9353467658027008
0.9810776071369315
0.9893177442463411
0.9952167198083435
0.9954662096735595
0.9903251965625792
0.9540429399280138
0.8639682387295716
0.8445916608114755
0.8197855415303716
0.7892979914595909
0.7566636673336878
0.759656057250295
0.7581480805331564
0.7603783388104837
0.7713992634187047
0.7446463572511811
0.7409567347703717
0.7131091226074413
0.7000719242069111
0.7505362772592251
0.8021622397493848
0.8501461898533763
0.8834619311400853
0.9206960863185051
0.9778729299190098
0.9891579685239044
0.994888036759047
0.9947667986598653
0.9891272696877017
0.9463397565920451
0.8331138508211888
0.8010042036366408
0.7805563147666936
0.7690532293997822
0.7493254372937496
0.761226490667428
0.7643896244700936
0.7548577960795982
0.760988797561683
0.7324029623885715
0.7162871558256487
0.6803103141184867
0.6504835930615991
0.6947191249268782
0.7659416439241783
0.8270377396328255
0.8668545382699192
0.9302937768744267
0.9793383229123824
0.9880622990539436
0.9942038361071659
0.9942191631524361
0.9879778782032614
0.9400252043507248
0.8135118472827513
0.8037463303761321
0.8094559991346952
0.8129801009224078
0.8194365815476212
0.8396852653875697
0.8432739119901933
0.829583640803679
0.8305369930909958
0.8155097484619115
0.8128733568078086
0.7853369530624686
0.7562820683216429
0.7678752547524358
0.7915323749493338
0.8307103205621851
0.8639710167418779
0.9280005042737117
0.9779960067789272
0.9877659940548541
0.9945375835241862
0.9947346010400948
0.9890561009816328
0.9476496640914124
0.8415688398670179
0.8184487338121768
0.8090663203906056
0.8048244346395887
0.7973586454441205
0.8158226701918051
0.8222614779716813
0.8263413072556294
0.8363066635217403
0.8233077653427351
0.8191040207692708
0.788565482246195
0.76933373374692
0.790895749236278
0.817291923922894
0.8534966733598939
0.8812675918063883
0.9367626513592838
0.9809903411794513
0.9892565121810862
0.9950184125409193
0.9951002329249622
0.989771688858009
0.9508899390018138
0.8473124587819777
0.825143048179533
0.8102803737280453
0.8045359621111796
0.7943556228405994
0.8035300667971437
0.8049895146270766
0.8036287158535638
0.8131568125324979
0.7974932162970801
0.7923573703317751
0.7644416472121055
0.7400792941137808
0.7607306881514609
0.7943092753000667
0.8409513372133448
0.8708280287561059
0.9281354725536544
0.9790687083616536
0.9887287929808352
0.9950700051680685
0.9955887979688602
0.991192092664412
0.9577494460149764
0.869704336931051
0.8533602484799863
0.8301823807184068
0.7985225333943399
0.7673290291876849
0.7790633645725371
0.7766178432753635
0.7676132644658538
0.7622981781391419
0.7291939718268399
0.722717246212312
0.6942195665363098
0.6932978070218665
0.7711144635999843
0.8172792395702159
0.8571927605901005
0.886568236975165
0.9396629237333975
0.9814712432620546
0.9896898898221641
0.9954972768124565
0.9955972533460431
0.9909302039622967
0.9555874117140626
0.8575345542739794
0.8397334451479662
0.8136139437214477
0.7726758661733152
0.7307361379146424
0.7471405679742372
0.766071922472284
0.7627821010847551
0.7612255465016101
0.7314236515967811
0.7177823045450216
0.6816775143368748
0.6780156957871271
0.7295421191107763
0.7695163531520635
0.8177983032966194
0.847081791983319
0.923327196557147
0.9789354939799052
0.9889403225768443
0.9949464871432513
0.9952765469005577
0.9903993213480502
0.9528624675572108
0.8600367832173573
0.8388186984511888
0.8047733578863977
0.7663791035230644
0.7259895796089632
0.7184474122920754
0.6986070334458963
0.6707513581890004
0.6444684355855732
0.5818009384742103
0.5774112558064087
0.6284926059240331
0.6735183448685682
0.7269615606584999
0.7572633354557091
0.822008219067279
0.8616352696187036
0.9274694601451973
0.978869005670973
0.9881503728494534
0.9949131970524614
0.994901118819593
0.9896833085053084
0.9536872075504151
0.8574952902505039
0.8281113803478114
0.7986971390078126
0.7577636500469443
0.7063311764580208
0.6999831364851563
0.6842967165107336
0.6470643341003779
0.6221306603814166
0.6447393879491518
0.647211883263247
0.6405245099646651
0.6566112456652679
0.7025570786565672
0.7427360371481582
0.7909957846110457
0.8253559080479604
0.9040430881466778
0.9712593227566602
0.9844394132057066
0.9929739916567002
0.9929508639704271
0.9858250315883879
0.9320663725361646
0.7911624498639238
0.7722918666262232
0.7565369327447602
0.7359827665623158
0.7227698637526587
0.7054101165427117
0.6770827090312137
0.6165566223843157
0.5766131607624827
0.528597669715591
0.5256631985748847
0.5058365909334436
0.5387699575928956
0.6264751991855718
0.7188498335211234
0.7950249793145998
0.8441051830025508
0.9184114796114449
0.9760297602904784
0.9866801883483967
0.9940164117271483
0.9943963293299258
0.9887892505737728
0.9476629695111851
0.8434492203530648
0.8151790362687883
0.770219168713491
0.7154474076856566
0.6546702382209326
0.634927710511515
0.6164594567538073
0.5927925803535365
0.5448967191913469
0.48989990676906303
0.4869376677571087
0.4697921922819708
0.5255701911674854
0.667438183067223
0.7365160659813987
0.7994598226873513
0.8445212554173712
0.9193281995003973
0.9749436503591992
0.9855104893900805
0.9932776881824111
0.9938116280948782
0.9877024771060098
0.9407984116877436
0.8206635982690432
0.7803475033756414
0.7246151957981013
0.6863250610197259
0.649008131626441
0.6178445407635329
0.5479816505185414
0.4114500812089569
0.5337402322565553
0.7217979454877311
0.7791659595759537
0.735259137614099
0.6906299735411267
0.718290294721344
0.7478920177533804
0.8030398812267547
0.8370065690524188
0.9118703817827757
0.9733207756646746
0.985570532050543
0.9937584646343092
0.9942171594565494
0.9884771977593644
0.9459207415167754
0.8380536937797477
0.8098263861039584
0.7801136465370295
0.7515280414283194
0.7136251566240983
0.7116437115908807
0.7050922246328648
0.6969417328923992
0.6829358688008749
0.6280592633659478
0.6241121727066975
0.6227473182687013
0.623260788292486
0.6793702651751168
0.747647375447133
0.8103151265300678
0.8374333196134683
0.9077592671698518
0.9750266897307597
0.9866655394879099
0.993792276963934
0.9940703511922453
0.987568626518688
0.9391591436280846
0.820533019149798
0.8013658025813923
0.7818098924817741
0.768980541846122
0.7609680491125094
0.7845507259682929
0.7909328135541446
0.7978095500151644
0.8244738901535401
0.8130311894109089
0.8088878101788924
0.7845210118742966
0.7849598343580233
0.8298162289834954
0.8356362499344492
0.8652107332629577
0.8857323348393502
0.9373515385938873
0.9806045960977372
0.9888192875603592
0.994903811720287
0.9950456973960025
0.9898571739403639
0.9490465344295995
0.8430223017921564
0.8352434513808339
0.8408263297308396
0.851699750590896
0.8541202738167357
0.8723026937138628
0.8791005664612132
0.8834628404852357
0.8984125955316717
0.8884519906827086
0.8806824817538735
0.8457566362030979
0.8197392896620527
0.8338962113813432
0.852239161566113
0.8790139076950932
0.897258902848513
0.9409695494216527
0.9810778574252446
0.9892021221033004
0.9950093495774266
0.9950824130436523
0.9896309189028765
0.9487952095682628
0.8465838526003067
0.8325001568605208
0.8161142775370801
0.7920440258051495
0.7610385450414021
0.7771374956300658
0.7890723522989344
0.8172419815239749
0.827814917511166
0.7843001146520694
0.7790395955534689
0.7554496655352764
0.7532471472957002
0.7872897505970693
0.8110657236093884
0.8491744697818243
0.8792283799716486
0.9368490696384497
0.9817056818585979
0.989798528126102
0.9954572744234699
0.9955542607065281
0.9910013270771205
0.9570038328087055
0.8640981588968946
0.8439846551600638
0.8270025750196264
0.8037239768920612
0.7755394321172419
0.7853548794818784
0.784606710378086
0.7808290271948783
0.7833436880730505
0.7532133253546267
0.7457184922039883
0.7135480933552322
0.722671608314242
0.7654929738649716
0.7910404331530511
0.824065179528448
0.8477878363583922
0.9162802437901562
0.9742282323914213
0.9853180886674756
0.9931984206695813
0.9934955922481634
0.9870180620835897
0.9392738303369845
0.8192276471592541
0.7934202595286606
0.780134482885158
0.7772783615845066
0.7732262139487419
0.79492995092409
0.8012730855064432
0.8007354744316
0.8087977624866881
0.7773607427158126
0.7747081530173416
0.7532356564816196
0.7454757103564151
0.780362589207849
0.8151178949995828
0.8535093736405165
0.8752766338345666
0.9294234242251818
0.9784935435491615
0.9878438316304737
0.9943525565399066
0.9945905489815935
0.9888704912417369
0.9466753243625428
0.8391733847244045
0.8195256537063214
0.8002390869726541
0.7849763331626168
0.774440056373015
0.7940679095478005
0.7907792567885389
0.7783917225111173
0.7751350241559775
0.7376850595832047
0.7352982810929629
0.6933309210136122
0.6809116099918398
0.71287214075701
0.7448977400602259
0.7922071837253143
0.8263455444535245
0.901873942475709
0.9688289918577251
0.981965442231081
0.9916029625732886
0.9917389728625928
0.9841342306573454
0.9323448828861572
0.8043378411173815
0.7808038307991411
0.7947300027907526
0.8112987220049802
0.8235033834778265
0.8559826726735168
0.8579109687171539
0.8407908384997187
0.8454777909686231
0.8347979592253689
0.8086043134027319
0.7849507876017411
0.7699623606184901
0.7709454184044914
0.7837904030897962
0.8248181523542635
0.859260827730283
0.920942425289217
0.975498162915448
0.9867921244766943
0.9940557271198641
0.9941814540018105
0.987838456193413
0.9432621849988273
0.8281377777463562
0.7937677663790674
0.7700475965598402
0.7467425323515119
0.7271846886911902
0.74398839143155
0.7472587968294028
0.7533355429857677
0.7609014145834968
0.7280201701901666
0.7181734022209082
0.7121541697055636
0.7028636799569055
0.7344511327447074
0.775685005830937
0.8303919166594848
0.8698711230174538
0.9355383202203605
0.982260378493568
0.9906810227306461
0.9958297990699785
0.9960128254812693
0.9919424346853902
0.960921759950566
0.8759928536243131
0.8480444837088926
0.8024912675694595
0.7701192447275526
0.7529386184337168
0.7721228458800201
0.7818279591138537
0.7754610248993398
0.8030234789368713
0.7975846164858423
0.7795985514609105
0.7536132161779476
0.7424035023830879
0.7756811187624506
0.8276063538519952
0.8735155520854554
0.9008855279794973
0.9468139719108412
0.9837979699409922
0.9910064667287529
0.9958913180652724
0.9960373426387717
0.9916395944239468
0.959055332580647
0.8692393088074333
0.8465756841765577
0.8403912462954638
0.8396052077934777
0.8281266169304826
0.8323197564594709
0.807130240571571
0.8011569656896047
0.8404535169182078
0.8366521650570503
0.8263431155886367
0.7889201808050327
0.7565912525455527
0.7665554005007404
0.7836825878833429
0.8243533570861131
0.8554070234266448
0.9193649214621995
0.9783534035543605
0.9891162286347304
0.9952201780550819
0.9953934322371242
0.9905925177297454
0.9553317918403861
0.8597089582020799
0.8281716749100773
0.7906566844882943
0.7437567844838145
0.6924825657928896
0.6704033312075017
0.6460070567083324
0.6385199469795939
0.6301634649089609
0.5675872764770395
0.5646185532937152
0.6167509317893747
0.6644471778547799
0.7453834454167281
0.7993208405225393
0.8379590293813
0.8732518173720853
0.9323672007007203
0.9802618635376539
0.9896630178789176
0.9953618943497915
0.9955621286690495
0.9909015751436949
0.9556632626846482
0.8623195621832237
0.8320153085568047
0.8069586068347157
0.7778601260199167
0.7337476331253661
0.7298534427569324
0.7058799081726378
0.6613671863056537
0.6566260093321754
0.5949598605159178
0.5780295337451643
0.5890920317815607
0.6245778080484972
0.6956178979470281
0.7497758251231965
0.8122134010261338
0.844220537670441
0.9063129159070741
0.9703104906983043
0.9828510828314676
0.9914335276365704
0.9909585751935059
0.9812331895759918
0.9113924959789383
0.7568805293270099
0.7417031618461968
0.7246886286391295
0.7052508309273554
0.69179887518588
0.7235940688640673
0.748070570208794
0.7768002366052587
0.8073848486246109
0.7986680956658817
0.7880605364078467
0.758689953365106
0.7486831532425074
0.7816429021590595
0.8066347097743469
0.8481845202981066
0.8794346238841704
0.9338952034952641
0.9787498162967724
0.9878580365378274
0.9946958524108922
0.9950918011237455
0.9901704805515298
0.952858778199848
0.8613115224033682
0.8369042333956663
0.8173168418106119
0.8034032136271881
0.7777445038238373
0.7934226421734836
0.7934132731155773
0.7870417171241055
0.7804514106773721
0.7481525804390775
0.7338385860201714
0.7265053164864058
0.7360832279830287
0.7947467188540469
0.8375631651766839
0.8710831032810148
0.9022802883627505
0.94848823732007
0.9839690255376538
0.9909887657366204
0.99595596400191
0.996090924827325
0.9918651820631482
0.9601253861907807
0.8700693488004024
0.8430271732791197
0.8037758677872103
0.7591053233947681
0.7247982593615591
0.7245348929718113
0.6960894900161797
0.665002364620402
0.6468176473431817
0.5655352896491032
0.5622003397999374
0.5922765458853063
0.6139431138629058
0.7103341449583589
0.7720077811006426
0.8368244310322517
0.8729753585865522
0.9351550964052772
0.9804888533542442
0.9889898598936254
0.9949921770430836
0.9950227483939483
0.9899822492580082
0.9541814346220586
0.8509313134728604
0.8083217386259695
0.7607762886730977
0.6883695604940931
0.6003638542318851
0.562275453046554
0.46081189288774826
0.3345238594408144
0.23072333696556904
0.16057093186423066
0.1530551391723636
0.21633227287024637
0.28522581869051683
0.40095933035427844
0.4905870350973558
0.6399294270668449
0.7129500741357846
0.8421675761100157
0.9511847436477662
0.9776725176542677
0.991537584251505
0.9917438141619161
0.9833801637699973
0.9239248692407407
0.7667941363583165
0.7103224867899358
0.6147939540020972
0.4381771562630458
0.2641214093411381
0.15953720533279664
0.029254385600559277
0.0
0.0
0.0
0.000521293557602971
0.06441849326817023
0.16824186730377955
0.364704783827444
0.47447156214154357
0.6220335631495924
0.7063512210999802
0.8339973038047688
0.9516144219554051
0.97274414745997
0.9871610837430949
0.9876292763245297
0.9759333368322347
0.894533600081669
0.7197631513955013
0.6753103709668579
0.5895512046142015
0.5260672816784911
0.22212224427459784
0.001665112844543025
0.0
0.0
0.0
0.0
0.0
0.002353366031103442
0.0019737981318520823
0.044555576019774924
0.16790667256683373
0.29552842486792197
0.47450393396765267
0.7179668588253472
0.9170670659556236
0.9597570159680952
0.9827670147865293
0.9838413893469147
0.9679521849169344
0.8614668723102459
0.6401166459080209
0.5665211167030691
0.5016329964470841
0.4114672717607955
0.31495196569690737
0.26332833169682707
0.23677997232520823
0.263829535353941
0.2868368432293777
0.3024039568978903
0.39317789905982586
0.46081472547552654
0.5016205428325873
0.5843193979552366
0.670885212469296
0.7586119790273131
0.82271975360129
0.9147852508038754
0.9776375856819559
0.9883964960633262
0.9948049442144826
0.995102606231532
0.9900424447613082
0.9524507875972319
0.8562918241456606
0.8408904195267008
0.8328697502145217
0.8296739017259465
0.8299720612596634
0.8507045651126777
0.8612371631809557
0.8807808389760774
0.8995110452617098
0.8912117391201474
0.8798491206042227
0.855822124113434
0.8405946459283757
0.8544523695949964
0.8727804177284643
0.9000130071563208
0.916999890785511
0.9549669151160337
0.9863965253018139
0.9922538326473614
0.9964401117377834
0.9965394700785419
0.9927920329494545
0.9650646997204416
0.888345878220187
0.8698289629833781
0.8596738957252819
0.856788385606098
0.8475359195548031
0.8558385804666341
0.862887561890422
0.8652764866492046
0.8644433709637972
0.8392886761500827
0.8310153982136204
0.8262167794256234
0.8273797875848472
0.8495253194770337
0.8746561401008578
0.9061714062908841
0.9233220547509242
0.9576148415472868
0.987097315390616
0.9927861685480496
0.9967712904114876
0.996843531926864
0.9934782394702248
0.9677674301079541
0.8951666567656452
0.8820103143584057
0.8696944245131364
0.8513093974012942
0.811816217685431
0.7910716008573033
0.7835720447338821
0.7938003607119695
0.804040816895426
0.7792376534888901
0.7616695297819016
0.7458096293481309
0.7412183325631934
0.7570272732192438
0.7857072213742333
0.8287442463239234
0.8604301832914512
0.9194404547427654
0.9739099603710022
0.9854167570444373
0.9934590123573891
0.9936648394336934
0.9871809672230282
0.9388653161663078
0.8178148510173009
0.7867135032655571
0.7712842293313473
0.7703767153886837
0.7703108933612404
0.7999947704798962
0.826468006551592
0.8433573924694612
0.8687474515219238
0.8645086506683416
0.853709041514165
0.8073581273042848
0.7742621078571985
0.7939479733488232
0.8105910241220136
0.836714933457901
0.8563634277808884
0.915161912206864
0.9724908060260232
0.9848745492896663
0.993341683750038
0.9935873859969994
0.9869634830545672
0.9390505774861472
0.8101867641419263
0.7900669516744688
0.7741115894646208
0.7447875887483792
0.7470490368357862
0.8029306217182017
0.8461298544981302
0.8723269407606639
0.8808766181586001
0.8656916015836168
0.8516598126525753
0.8186780900801354
0.7948187826679856
0.8196948448912071
0.8424376382757552
0.8770241487531965
0.9014547577968147
0.945873065600714
0.9827509521928142
0.9898857632717807
0.9955848366663878
0.9959338955502474
0.9915440844622256
0.9572011246038988
0.8628586570027276
0.8539150893985997
0.8560182279288938
0.8526004702251052
0.8453537728648903
0.8606653600265403
0.8646458190391931
0.8584874148606069
0.8481289360858841
0.8090715185008804
0.7854395379426881
0.7625085391889862
0.7536060334249163
0.8006832052783522
0.8310797119068708
0.8691027090746953
0.8944724035860678
0.9437701651769772
0.9822335330490796
0.9894553566169189
0.9952178665304466
0.9953946150826832
0.9912965504224217
0.9578789049374277
0.8648994938864561
0.8334177358479241
0.7956359205582427
0.7583953849626781
0.7167561036765849
0.7083925886985842
0.6712736851151887
0.6018018807726159
0.5796405229793989
0.5549923294985118
0.5706301447251406
0.594870742591139
0.6207572568409728
0.6782882556967071
0.7137582729731786
0.7635376408223477
0.8159741895647403
0.9036000316086927
0.9733846999653042
0.9857858688567144
0.9935913432492746
0.9940258388540079
0.9870090781819886
0.9388653681628097
0.8064382960565779
0.7602183478707227
0.73934737003109
0.6950373919873097
0.5680257829570919
0.4457208290055011
0.28786641266796376
0.11099350993508365
0.06588701043999759
0.11338208239351817
0.1945692960439177
0.31335159864764356
0.3721858003815422
0.47167324488361106
0.5575942702971769
0.6389893302685938
0.7511397298424596
0.8869327773855055
0.9669738969233187
0.9757896415050312
0.989754661360565
0.9912126181508798
0.9836887052476145
0.9325390363935155
0.7965872937845299
0.7022419985988004
0.5799313064320795
0.4820204080572038
0.36582922612751767
0.30835707291050235
0.19789101445204774
0.06400115139943943
0.0026646512019226935
0.0
0.0
0.007384432821242522
0.09806185016692223
0.2903340584264811
0.4889414115710106
0.5705811313615156
0.6979136661902805
0.8665737447621047
0.9622065069463869
0.9811811945047111
0.991424104882341
0.9919440870344296
0.9841842181406497
0.9295730950646931
0.7864285693368401
0.6966030520723762
0.5704239907503873
0.41405978438317764
0.25371078701278127
0.18531454124045607
0.09226418942510171
0.0012176725377290231
0.0
0.0
0.0
0.0009276881341314527
0.04412223509851202
0.22823364175220723
0.345056340689794
0.5524713281796628
0.6966213369519422
0.8291604949138421
0.9480278047748871
0.9743717961122106
0.9893498837541338
0.9904876597363845
0.9819008319337803
0.9197159813052357
0.7636989863507303
0.6891924176910252
0.5463330001725103
0.36491830687200055
0.2114539726088987
0.08890624000741602
0.0020396241248782205
0.0
0.0
0.0
0.0
0.0
0.0
0.017318741979584818
0.13241386810002465
0.3199587067663142
0.5085781602666414
0.7379415889190781
0.9242761494516267
0.9632941015716241
0.9847681862629594
0.9860847112312905
0.9713208873702006
0.8828783079815682
0.7001050732475822
0.6420779214838774
0.550947738490457
0.3453342716589846
0.08220366465425749
0.000425161703584159
0.0
0.0
0.0
0.0
0.0
0.0
0.0
0.06701009455054384
0.3103278043318525
0.47934705846541287
0.579537903815255
0.7619761433830752
0.932155948265739
0.9640295776330634
0.9843271588862792
0.9868602138831158
0.9743018716774967
0.8847934920107143
0.6897654435581458
0.6259412952224291
0.4554466573171993
0.29423149831121054
0.09284785057986468
0.0
0.0
0.0
0.0
0.0
0.0
0.0
0.0
0.012070310987784709
0.08164280021662225
0.27072332273417865
0.5495528455289738
0.762743283032691
0.9318396613846419
0.9630738496428506
0.9849888653539639
0.9876120740944878
0.9763967658870697
0.8965055628323069
0.7032125359485882
0.5775499552666372
0.37616168069269934
0.1511228688071352
0.013905666053305487
0.0
0.0
0.0
0.0
0.0
0.0
0.0
0.0
0.0
0.007061455218498806
0.06254219763687188
0.24774213983409582
0.6262737066211249
0.8791704431937998
0.9399913479845227
0.9769484144023598
0.9832571986166914
0.9695696191246543
0.8648300624701221
0.6105769297595371
0.4529521679620631
0.2171595106805729
0.06738941889731556
0.014526272065972576
0.0
0.0
0.0
0.0
0.0
0.0
0.0
0.0
0.0
0.009258305135961273
0.06749156426969326
0.22367882108285347
0.5389764216655345
0.854201871138732
0.9284998442334453
0.9706147675976804
0.9746995054197679
0.9572682872189057
0.8296465286939757
0.5568671433214133
0.49510331212022296
0.47417273775770014
0.4395378763214295
0.3361379634169584
0.1706835445663831
0.0020430465309898816
0.0
0.0
0.0
0.0
0.033064859330283074
0.22957644826036266
0.39933585858824694
0.45713161258166224
0.525279396489403
0.6474050177134187
0.796328795856159
0.9317498155102305
0.9631892606933382
0.9826915952877607
0.9846216457058761
0.9711263036550395
0.8834754436858046
0.6945672325295313
0.656634138055935
0.6202243201096374
0.5658531184686065
0.43011839565160476
0.2501428316308709
0.22725020255516837
0.12335755890085842
0.06166603681372958
0.09118264376554419
0.07325040034443875
0.12443854044893864
0.223060951676758
0.3524528511255376
0.4499324399008016
0.5520234250011712
0.6578545870645746
0.8332892170018977
0.9551296989170255
0.976053590278834
0.9900775915622626
0.9910495932409251
0.9831881020741281
0.9245663850832399
0.7648100294391462
0.6845840881209417
0.5949932373649722
0.5221946818206861
0.44175419703830604
0.3722373822182846
0.3227473000558429
0.2987620071646372
0.2665193708496396
0.1928765665120457
0.1558895784519173
0.13253459704950607
0.18062812595646313
0.32645007249498365
0.5005352583419554
0.6196941519632218
0.7348916886690339
0.8666398345817212
0.9612568685603899
0.9811231198786442
0.9923168123787939
0.9931027513614942
0.9864586065937471
0.9361759168800616
0.8056662640219042
0.7348785701763207
0.6520286604479505
0.563036817640933
0.43372989443910753
0.3810029013437723
0.3514488794901284
0.30859745365745517
0.26001834571809773
0.18342465079916362
0.1509196848405793
0.15990863612843043
0.2191484559415404
0.34887372762272084
0.46071135429325516
0.5779317714518463
0.68916681922859
0.8418173786832994
0.9523577488189627
0.9747175148049134
0.989808791326682
0.9911611273657354
0.9822566292902546
0.9160160757393389
0.7485595111846352
0.6757134130558957
0.6247513648198745
0.6061501728374561
0.5482714413767942
0.5437244409190375
0.5206728527635083
0.4706838466266374
0.4383751180850251
0.3901217377924392
0.34981201275422763
0.3589853532463494
0.4318366105784455
0.5403348133510761
0.6317855714083261
0.7276682488796788
0.7986558192238666
0.9007236952279748
0.9723246878324515
0.9849444841177035
0.9935320760880214
0.9941957171840345
0.9880041490824074
0.942689743374515
0.8232270088775373
0.7607026924951938
0.7012790779733855
0.6548013497894867
0.5999438709035815
0.5592190823645071
0.5104425751382285
0.4412339346727219
0.38196840695776113
0.3290685856554147
0.29912291472043556
0.3179228974859321
0.3988353230460582
0.5222711808661864
0.6335260717113778
0.7376309932989542
0.8012856637142213
0.9031582877678219
0.971716253380152
0.9849067028463917
0.9933924346282557
0.9937349591695033
0.9880105530478838
0.9447827319800519
0.8245183853395612
0.7894855495428343
0.7545125184244146
0.7218327288726532
0.6348437312486419
0.5865114809846557
0.5594264901054673
0.5487020341725954
0.4779784639535424
0.3199125079687448
0.2848520983706066
0.2698774836276764
0.2828639918961865
0.36095851569253373
0.5069831664727134
0.6231601548535667
0.6855404883913511
0.8175332597982279
0.9497842080652575
0.9736155557004694
0.9876165141257385
0.9881184769475627
0.9752397603147335
0.8688487445446285
0.6049776727903795
0.5642133795890025
0.5661464821578184
0.4944252370350594
0.3335554634937966
0.16496816093193853
0.042360562671778304
0.0
0.0
0.0
0.0
0.0
0.002742652958363077
0.047713968795555665
0.2566698616365522
0.44840673595773606
0.6252046032840888
0.8059207191794142
0.9493546464368168
0.9769551130169708
0.9900100074126257
0.9902078895754362
0.9801602996920802
0.9135982971425559
0.7466775911587535
0.6501923644859671
0.4907796445632982
0.2974757821973238
0.15215224301776295
0.03757524789269271
0.0
0.0
0.0
0.0
0.0
0.0
0.0
0.0
0.0002828315747961586
0.009806058045583195
0.04334340471908978
0.17937697354188095
0.5963312421713477
0.7534615467314002
0.809385128707764
0.8387438095446912
0.7131262915827239
0.25130165723419357
0.045482152809191094
0.007478865288050281
0.0
0.0
0.0
0.0
0.0
0.0
0.0
0.0
0.0
0.0
0.0
0.0
0.0
0.0
0.0
0.0
0.0
0.04017313755972232
0.17968654452907398
0.2606345565425704
0.3623604393862876
0.10865265717109382
0.004154315307552548
0.0
0.0
0.0
0.0
0.0
0.0
0.0
0.0
0.0
0.0005918664885050946
0.006816874620266903
0.08029105402118447
0.16306994541135564
0.22903939646045876
0.3230406212031167
0.4861697368003317
0.6856696333727541
0.935396193635764
0.9725792177304705
0.9747120198637831
0.9552061515189383
0.8198654663212065
0.5807344827517967
0.5753747860282696
0.5519945151009603
0.4394916590014112
0.271196770504045
0.18177784820390258
0.09283831863945827
0.006219670592429359
0.0
0.0
0.0
0.0
0.0
0.0
0.0
0.008272765860478185
0.13867908726980596
0.5280033916457516
0.8792152311583683
0.9376048925994647
0.976521146560822
0.9813949226153844
0.9637082821223251
0.8392922029118617
0.6143986627077253
0.5736600305839443
0.5058517930383493
0.38102701550954265
0.19687813425296727
0.07362352694172344
0.0014808696343384857
0.0
0.0
0.0
0.0
0.0
0.0
0.0
0.0
0.0
0.003953728187478593
0.06722718441349974
0.41533088484982605
0.7857257303055459
0.9190156155890454
0.9372499843962447
0.8990285769181858
0.647484529531976
0.339887226066824
0.3238834656416687
0.38019222059780233
0.3615782665151795
0.28920978687409116
0.18701303721487575
0.3850339150435675
0.4999585138069203
0.5606482600406845
0.4485696276580657
0.3300239744403866
0.2612129268353527
0.4327121018701526
0.5493729224190097
0.6279165750440078
0.7062117954596198
0.7672418148940194
0.8665895326577026
0.9552579234409131
0.9726483398744332
0.9868344189804681
0.9879614740929148
0.9776368400261016
0.9035324754917576
0.7357256597565544
0.7090009113540819
0.6641014571270627
0.621639556145155
0.5656954496516033
0.5231141602818837
0.45005540155138907
0.371233642344629
0.3384247183625506
0.24348715567955373
0.2028238285468369
0.15660758659837845
0.2003851671132363
0.29895754378374206
0.4284646208171444
0.5420934222220734
0.6338367159521574
0.8103919056976338
0.9384467930546401
0.965679205624861
0.9851329665974312
0.9868710873063934
0.9759384038107582
0.9007570984604579
0.7347571998451965
0.7016954613755354
0.6697691877766672
0.6366323562741195
0.5962690239041725
0.5893317153080713
0.5433234064518907
0.5660450671800841
0.5893678425321469
0.5971296490972537
0.6832154679241044
0.6696618659262595
0.6498725434324336
0.6861963622259328
0.7300951258579385
0.7837715199495152
0.8256380591690389
0.9074149982268298
0.9722156436504095
0.985111747238068
0.9931479435794099
0.9929752083192689
0.9857784947047629
0.931878658204129
0.7950100533370028
0.7713677494693079
0.7658249172621123
0.7512058371444728
0.7348597797239896
0.7407758563743494
0.7214727668016265
0.6935464009052067
0.7315971924658563
0.6981482637962526
0.6284276316881152
0.5123443811831822
0.48984089676649883
0.594827510832509
0.6649636008256885
0.7343271674994818
0.818713146407508
0.912526875650949
0.9740930748717622
0.9862188092769495
0.9936874273610787
0.9938665502947245
0.9876531724742813
0.9427532548976699
0.8251381483352003
0.8093738448609297
0.8135411593875312
0.8185283046542732
0.8082181020858875
0.808444453937519
0.7886066433896047
0.7654689012044661
0.7436612047375489
0.7109730590026678
0.7210060297842391
0.6891620720875182
0.6776977723604297
0.7239857523203063
0.7659869300870097
0.8184761512855783
0.854098667866322
0.9239026026727465
0.9775847433386706
0.9873064592718244
0.9940651576411871
0.9944144818353856
0.9891614179343411
0.952199578065391
0.8472518083631213
0.8274914681778722
0.8165672303462764
0.7903135927947544
0.7529907309822023
0.7425296776505008
0.7146784779317404
0.6844805494624396
0.6632898151056916
0.6091758925419606
0.5573337631336681
0.5228571900554464
0.5511199862375624
0.6364751573579649
0.6909665889409398
0.77654397400571
0.8427374860195994
0.9234250539374054
0.9778495169324609
0.9881442867339899
0.9945405248443946
0.995064362691604
0.9905609350205994
0.9543449926521346
0.8581559206626721
0.8394657416199922
0.8091810628043249
0.7774940741564724
0.7398552097366246
0.7150610025391734
0.6785124898906384
0.642176168891786
0.5900687361559411
0.44797109721364087
0.4160026975669039
0.3614898361181479
0.41658923544562393
0.5429683071875241
0.6246558413526563
0.7055666632127302
0.7743517014003711
0.8815078211268257
0.9646354968245457
0.9833788864076872
0.9930829984073271
0.9938496111599987
0.9891173769056841
0.9488512139099429
0.8472513958046123
0.8178864124196088
0.7825651708000766
0.7563498814829476
0.7183979839116696
0.7034520622047452
0.6666565914773813
0.6288863227597645
0.5760016775668488
0.47499208084895495
0.38892052098454233
0.26902674292753287
0.3096544523126341
0.4974950923942264
0.579612173073954
0.7058223631771137
0.808006403013928
0.9014094264599066
0.9720384153236555
0.985332830799695
0.9932030209585436
0.9936507502875866
0.9880152061774499
0.9473326124271747
0.841572264958706
0.8167114611937237
0.7803937226041218
0.7338824264941985
0.6507854413315711
0.5897265249319272
0.5198230511784978
0.4366427079461823
0.3582729667436874
0.2538387955220994
0.14113626909738897
0.05950325444649443
0.08784231968916963
0.1933816909133712
0.3474541052942173
0.6026021392953486
0.7459224828399282
0.8687032764170473
0.9611378660331523
0.9820256488662152
0.9924821246041646
0.9920635793405623
0.9846750869925862
0.9344195997398008
0.8229156134253546
0.7809388108257146
0.7168581475061196
0.6544769016308941
0.5618820663695416
0.46167769698299277
0.3295857231143306
0.23777329752022294
0.13982997428826105
0.023874497327930816
0.0
0.0
0.0
0.01570939246669718
0.12132880773824582
0.31829702772064383
0.5908368500056119
0.8107702838620336
0.9503263448354671
0.9769877447383178
0.9898918867769638
0.9907732985575683
0.9829552028617009
0.9275459827611239
0.8013520519400236
0.7461763048581288
0.6620252360726729
0.5552141403232632
0.4071118959532867
0.250824034659718
0.08740426031623358
0.0
0.0
0.0
0.0
0.0
0.0
0.0
0.0
0.0562443210372183
0.3389715429783461
0.6725461862673229
0.8958991770509465
0.9532028949702498
0.9826165114154606
0.9855134918117046
0.9735695133817609
0.887725644394833
0.7004735458803029
0.6573186797930078
0.5731953070730059
0.44863762406560376
0.23473480639961464
0.07253832119730876
0.0
0.0
0.0
0.0
0.0
0.0
0.0
0.0
0.0
0.0
0.0
0.0154247836308699
0.6094479763821267
0.9223546915293096
0.974218447067707
0.9777616754042502
0.9588506792382925
0.8284051848407584
0.5944804038166259
0.5597034847600293
0.5287475145395403
0.5261158601706541
0.4344361606650812
0.3167538402985174
0.11930665825215635
0.010482646258206683
0.0
0.0
0.0
0.0
0.0
0.0
0.05201901773789373
0.32232465355209783
0.5648370796754596
0.7627688329033301
0.9172244997480318
0.958870304421691
0.9830959393856545
0.9859687266696471
0.9766703483623043
0.9045139374134613
0.7467497444800794
0.6682058914229985
0.5796591252066493
0.49286226379684767
0.3160205365880923
0.15279068829325002
0.04194169285237184
0.0
0.0
0.0
0.0
0.0
0.0
0.0
0.0
0.008145699171501241
0.13596726420041452
0.5532671646956114
0.8728343439467615
0.9345306784780772
0.9737063107742644
0.9776610780763337
0.9562250967941706
0.8205870644229551
0.5746667572577076
0.513945977665793
0.4291188957201425
0.31006667722577563
0.14040611257741625
0.025698189345466027
0.0
0.0
0.0
0.0
0.0
0.0
0.0
0.00353915264259307
0.11915739334935467
0.3662882839688795
0.5821772074279224
0.7855471971396714
0.9366154112849258
0.968652821033197
0.9872254123973272
0.9892190358758818
0.9805967292255244
0.9150909120668326
0.7664790414945497
0.7220285579400977
0.694685207682791
0.6801721216513139
0.6527932430815847
0.6832630841110072
0.6499874485889039
0.6024978317596287
0.5817002936098122
0.4790590219036843
0.42061305100339896
0.3685649262716521
0.4029158905964174
0.4745052896362592
0.5379778446634311
0.6777424102940232
0.7670554620272028
0.8737661358895262
0.9613970180437671
0.9768354566882418
0.9892137226548227
0.9905336390074613
0.9821499941846068
0.9208354747911256
0.7798587897438021
0.7412355909026047
0.7120298268620168
0.674544128197548
0.623627112423165
0.5716725431974211
0.4965943287298717
0.44415261424721275
0.3690045375977082
0.2274419012276975
0.1182720036670648
0.05675613636708141
0.06936596475123052
0.22671475086500298
0.3988514451636278
0.5557912655868495
0.7031934561389925
0.8441446703496321
0.9503014197521029
0.9709187277573047
0.9870705900116505
0.9883372408078366
0.9775654470026629
0.8990498315323162
0.7321515647341572
0.6537180137619802
0.5464610821926791
0.4320697219679031
0.20416947990976825
0.03722357951275124
0.0
0.0
0.0
0.0
0.0
0.0
0.0
0.0
0.0
0.0
0.0
0.010730948480328231
0.07346882606744619
0.05397902206882245
0.0
0.0
0.0
0.0
0.0
0.0
0.0
0.0
0.0
0.0
0.0
0.0
0.0
0.0
0.0
0.0
0.0
0.0
0.0
0.0
0.0
0.0
0.0
0.0
0.11831810727166828
0.8256578769701873
0.8158676178962908
0.6530721293565774
0.48319305181559236
0.4695344643132605
0.46410883977531286
0.44309050408914463
0.37355810960907226
0.27732021318538896
0.1841769462354141
0.09504366196753355
0.0038678703988802316
0.0
0.0
0.0
0.0
0.0026976985224970184
0.027544405217945014
0.16929394063941303
0.4161598810670765
0.6838065517715507
0.8962719097475548
0.941677457940069
0.9719310121557949
0.9747993585473442
0.9538829446237432
0.8098177269857219
0.5460616491059045
0.4788185438309599
0.4080910306240483
0.3168708514857492
0.1630525748229151
0.07172248527287077
0.004578977991993154
0.0
0.0
0.0
0.0
0.0
0.0
0.0
0.0
0.0
0.0
0.14886277706854847
0.7649421576289006
0.9206091214575994
0.9707252537858274
0.9772873944452656
0.9617351001943113
0.8438066511074546
0.631526286645368
0.5502790034521124
0.3785476949760301
0.1737712132903205
0.02733697844878726
0.0
0.0
0.0
0.0
0.0
0.0
0.0
0.0
0.0
0.0
0.0
0.0
0.0
0.0
0.3589851080601399
0.9201695205164027
0.9619375392744245
0.9429001350677509
0.8047634012880663
0.5516963442936185
0.41641044679892436
0.21051242422375352
0.021686667146476307
0.0
0.0
0.0
0.0
0.0
0.0
0.0
0.0
0.0
0.0
0.0
0.0
0.0
0.0
0.28286707989503035
0.8710755315997333
0.9501844855561138
0.956642885169633
0.928853696334896
0.7645083204532559
0.4897202002530193
0.3855535473216492
0.18211910321150132
0.02698425335452667
0.0008106718263376264
0.0
0.0
0.0
0.0
0.0
0.0
0.0
0.0
0.1423303104490995
0.4093927246462929
0.5445706172596648
0.6311453175893459
0.792487427356764
0.9305994444658211
0.9663117461805407
0.985797948545257
0.9870277687214254
0.9767936307129051
0.9012100354822156
0.7268456813976788
0.6604786346929392
0.5852052230689714
0.4693227584503164
0.32178323902981487
0.22103485068787532
0.21425375493571258
0.07178583546084943
0.0
0.0
0.0
0.0
0.0
0.0
0.0
0.0
0.002400901079219608
0.34002695765867624
0.8050879636486423
0.9150606362492723
0.9628026683517255
0.9730079480932831
0.9566813642260686
0.8082391447506557
0.5269467993654099
0.4330724066781306
0.3069174148042478
0.13748225145955
0.022409665643290937
0.0
0.0
0.0
0.0
0.0
0.0
0.0
0.0
0.0
0.0
0.0
0.0
0.0
0.07155926461949952
0.6745675757379173
0.9438846078091245
0.9674605786174102
0.9500226323783735
0.811611965361427
0.5702340555557204
0.42159111675378536
0.158397967132829
0.007607003328161459
0.0
0.0
0.0
0.0
0.0
0.0
0.0
0.0
0.0
0.0
0.0
0.0
0.0
0.0
0.0
0.0
0.0
0.675999638292707
0.7127865093153739
0.4762982195378642
0.22794745634770835
0.09017692395923589
0.01218095056342117
0.0
0.0
0.0
0.0
0.0
0.0
0.0
0.0
0.0
0.0
0.0
0.0
0.0
0.0
0.0
0.0
0.0
0.0
0.706213996268537
0.7855469613104402
0.6172220996378432
0.3346274706143372
0.16469825929264875
0.016166641616081244
0.0
0.0
0.0
0.0
0.0
0.0
0.0
0.0
0.0
0.0
0.0
0.0
0.0
0.0
0.0
0.0
0.0
0.0
0.0
0.0
0.0
0.0
0.0
0.0
0.0
0.0
0.0
0.0
0.0
0.0
0.0
0.0
0.0
0.0
0.0
0.0
0.0
0.0
0.0
0.3435594530584122
0.7868982376757333
0.9333759963369498
0.9550893826319115
0.9390372705774529
0.7790174662813965
0.5129365968689062
0.4386512450219648
0.3593593834862817
0.2968264245721346
0.17674849938972537
0.1056706839978703
0.020817543770389996
0.0
0.0
0.0
0.0
0.0
0.0
0.0
0.0
0.05070128689905828
0.1560337685529885
0.4523325133072843
0.846094991100984
0.9225511506576505
0.9682862272897895
0.9767031329987704
0.9656998821201483
0.867953632638806
0.6263124688471986
0.5239472864207823
0.43125195401272437
0.2748835989985173
0.11754805135868579
0.0764276635552707
0.019845240191630097
0.0
0.0
0.0
0.0
0.0
0.0
0.0
0.0
0.0
0.0
0.007918584677467286
0.6680791978777066
0.9154776634545837
0.9692178804915184
0.9736934190861091
0.9557692129455883
0.8410924028531265
0.616117586152902
0.502429964360731
0.31247919983185996
0.06942353141132487
0.0
0.0
0.0
0.0
0.0
0.0
0.0
0.0
0.0
0.0
0.0
0.0
0.0
0.0
0.0
0.0
0.0
0.16822771885613277
0.7187751303015858
0.5623322749559674
0.34339274954884724
0.2527798412200235
0.16019812909274325
0.0717694270873785
0.003621292178923074
0.0
0.0
0.0
0.0
0.0
0.0
0.0
0.0
0.0
0.036743570962006665
0.10788303053111323
0.36075174324155646
0.684771112502603
0.9072469593143836
0.9579068977055698
0.9822446572807864
0.9860175364015658
0.9716656753325313
0.8579632159021013
0.6697847929800597
0.5758050715362586
0.45745482015020017
0.33624421960800294
0.17391657208471809
0.10122491719181731
0.031659289011084654
0.0
0.0
0.0
0.0
0.0
0.0
0.0
0.0
0.01860123101541852
0.12612980464767093
0.38539862609991177
0.8051505202201235
0.904143782294355
0.957950139693251
0.9655680957818016
0.9415264242263062
0.7759704429286847
0.48604984908563303
0.4235288666969321
0.37931998409284906
0.27238618965974715
0.1509595255660929
0.08371497656295972
0.009323924157393101
0.0
0.0
0.0
0.0
0.0
0.0
0.0
0.0
0.0
0.09215563655330418
0.6016537754175761
0.8669861589786756
0.9322776229146161
0.9722550824785973
0.9778096465883819
0.9626033708925269
0.8682029524108691
0.6507649358178728
0.5104233838951298
0.318237274921323
0.12533861610811375
0.008918539305095194
0.0
0.0
0.0
0.0
0.0
0.0
0.0
0.0
0.0
0.0
0.0
0.0
0.0
0.0
0.5273252371667398
0.8685355455201226
0.9405891978280525
0.9233999996267871
0.736644987609246
0.4777488622867147
0.3345937497736473
0.049269887682705744
0.0
0.0
0.0
0.0
0.0
0.0
0.0
0.0
0.0
0.0
0.0
0.0
0.0
0.0
0.0
0.0
0.0
0.0
0.0
0.0
0.0
0.0
0.0
0.0
0.0
0.0
0.0
0.0
0.0
0.0
0.0
0.0
0.0
0.0
0.0
0.0
0.0
0.0
0.0
0.0
0.0
0.0
0.0
0.0
0.0
0.0
0.0
0.0
0.0
0.0
0.0
0.0
0.0
0.0
0.0
0.0
0.0
0.0
0.0
0.0
0.0
0.0
0.0
0.0
0.0
0.0
0.0
0.0
0.0
0.0
0.0
0.0
0.0
0.0
0.0
0.0
0.0
0.0
0.0
0.0
0.0
0.0
0.0
0.0
0.0
0.0
0.0
0.0
0.0
0.0
0.0
0.0
0.0
0.0
0.0
0.0
0.0
0.0
0.0
0.0
0.0
0.0
0.0
0.0
0.0
0.0
0.0
0.0
0.0
0.0
0.0
0.0
0.0
0.0
0.0
0.0
0.0
0.0
0.0
0.0
0.0
0.0
0.0
0.0
0.0
0.0
0.0
0.0
0.0
0.0
0.0
0.0
0.0
0.0
0.0
0.0
0.0
0.0
0.0
0.5090949023128978
0.421403528994731
0.1973483217218097
0.12207014738899523
0.08594377441673115
0.0171221443241077
0.0
0.0
0.0
0.0
0.0
0.0
0.0
0.0
0.0
0.0
0.0
0.0
0.013317189263107156
0.46542584739555837
0.8795430238731189
0.9454273438984481
0.9767542874197673
0.9796227829527303
0.9658547209655783
0.8787260309597105
0.6503844648199766
0.4938317110352455
0.3278508907615165
0.1528245749246571
0.009385342878012501
0.0
0.0
0.0
0.0
0.0
0.0
0.0
0.0
0.0
0.0
0.0
0.0
0.0
0.0
0.019094403044294477
0.750987671979847
0.8734832830898236
0.8814841476085952
0.7004102344190625
0.32679340500985465
0.055896319274035024
0.0
0.0
0.0
0.0
0.0
0.0
0.0
0.0
0.0
0.0
0.0
0.0
0.0
0.0
0.0
0.0
0.0
0.0
0.0
0.0
0.0
0.0
0.0
0.0
0.0
0.0
0.0
0.0
0.0
0.0
0.0
0.0
0.0
0.0
0.0
0.0
0.0
0.0
0.0
0.0
0.0
0.0
0.0
0.0
0.0
0.0
0.0
0.0
0.0
0.0
0.0
0.0
0.0
0.0
0.0
0.0
0.0
0.0
0.0
0.0
0.0
0.0
0.0
0.0
0.0
0.0
0.0
0.0
0.0
0.0
0.0
0.0
0.0
0.0
0.0
0.0
0.0
0.0
0.0
0.0
0.0
0.0
0.0
0.0
0.0
0.0
0.0
0.0
0.0
0.0
0.0
0.0
0.0
0.0
0.0
0.0
0.0
0.0
0.0
0.0
0.0
0.0
0.0
0.0
0.0
0.0
0.0
0.0
0.0
0.0
0.0
0.0
0.0
0.0
0.0
0.0
0.0
0.0
0.0
0.0
0.0
0.0
0.0
0.0
0.0
0.0
0.0
0.0
0.0
0.0
0.0
0.0
0.0
0.0
0.0
0.0
0.0
0.0
0.0
0.0
0.0
0.0
0.0
0.0
0.0
0.0
0.0
0.0
0.0
0.0
0.0
0.0
0.0
0.0
0.0
0.0
0.0
0.0
0.0
0.0
0.0
0.0
0.0
0.0
0.0
0.0
0.0
0.0
0.0
0.0
0.0
0.0
0.0
0.0
0.0
0.0
0.0
0.0
0.0
0.0
0.0
0.0
0.0
0.0
0.0
0.0
0.0
0.0
0.0
0.0
0.0
0.0
0.0
0.0
0.0
0.0
0.0
0.0
0.0
0.0
0.0
0.0
0.0
0.0
0.0
0.0
0.0
0.0
0.0
0.0
0.0
0.0
0.0
0.0
0.0
0.0
0.0
0.0
0.0
0.0
0.0
0.0
0.0
0.0
0.0
0.0
0.0
0.0
0.0
0.0
0.0
0.0
0.0
0.0
0.0
0.0
0.0
0.0
0.0
0.0
0.0
0.0
0.0
0.0
0.0
0.0
0.0
0.0
0.0
0.0
0.0
0.0
0.0
0.0
0.0
0.0
0.0
0.0
0.0
0.0
0.0
0.0
0.0
0.0
0.0
0.0
0.0
0.0
0.0
0.0
0.0
0.0
0.0
0.0
0.0
0.0
0.0
0.0
0.0
0.0
0.0
0.0
0.0
0.0
0.0
0.0
0.0
0.0
0.0
0.0
0.0
0.0
0.0
0.0
0.0
0.0
0.0
0.0
0.0
0.0
0.0
0.0
0.0
0.0
0.0
0.2936862585855024
0.8753093149013792
0.9474134540235682
0.9373265028724113
0.792818255652165
0.5078508885071626
0.41515943849458087
0.3567370502870216
0.26472615796031246
0.18667296315049983
0.10179183732408244
0.12509904026231716
0.24690843073796617
0.38036140932571916
0.3100835174446964
0.16027412192822546
0.026573406201906284
0.021145371668534314
0.10852706539083744
0.26530163060681244
0.4200920590799343
0.5273131520973152
0.7185476722433642
0.8948877354040206
0.9433445916967184
0.9753017454351494
0.9779315469548179
0.9646038742578237
0.8685846955340109
0.636238635452684
0.5074400439111516
0.33381200360502944
0.1879919102932063
0.034016738777794396
0.0
0.0
0.0
0.0
0.0
0.0
0.0
0.0
0.0
0.0
0.0
0.0
0.0
0.39607510510391997
0.7807016393543905
0.9330554331093985
0.9560939166132991
0.9269576623280104
0.6638359664833532
0.32095718458706324
0.17247776662332695
0.010487651151726314
0.0
0.0
0.0
0.0
0.0
0.0
0.0
0.0
0.0
0.0
0.00018794410704205076
0.008817050962329834
0.14196080791427262
0.4314309607273119
0.6965180698939043
0.9073414165802723
0.9526265527808645
0.9775114450222067
0.980395254470667
0.9673834996787106
0.8742026750135412
0.6293447568149951
0.4923357734846515
0.37322545208170066
0.2552085190195921
0.12013528770149472
0.00930847886401334
0.0
0.0
0.0
0.0
0.0
0.0
0.0
0.0
0.0
0.0
0.0
0.0
0.0
0.0
0.0
0.0
0.3123283279575843
0.24323514744035205
0.15313010224094362
0.04326262641470149
0.0
0.0
0.0
0.0
0.0
0.0
0.0
0.0
0.0
0.0
0.0
0.0
0.0
0.0
0.0
0.0
0.0
0.0
0.0
0.0
0.032117048829228584
0.09184355766551662
0.0027373525622347676
0.0
0.0
0.0
0.0
0.0
0.0
0.0
0.0
0.0
0.0
0.0
0.0
0.0
0.0
0.0
0.0
0.0
0.0
0.0
0.0
0.0
0.0
0.0
0.0
0.0
0.0
0.0
0.0
0.0
0.0
0.0
0.0
0.0
0.0
0.0
0.0
0.0
0.0
0.0
0.0
0.0
0.0
0.0
0.0
0.0
0.0
0.0
0.0
0.0
0.0
0.0
0.0
0.0
0.0
0.0
0.0
0.0
0.0
0.0
0.0
0.0
0.0
0.0
0.0
0.0
0.0
0.0
0.0
0.0
0.0
0.0
0.0
0.0
0.0
0.0
0.0
0.0
0.0
0.0
0.0
0.0
0.0
0.0
0.0
0.0
0.0
0.0
0.0
0.0
0.0
0.0
0.0
0.0
0.0
0.0
0.0
0.0
0.0
0.0
0.0
0.0
0.0
0.0
0.0
0.0
0.0
0.0
0.0
0.0
0.0
0.0
0.0
0.0
0.0
0.0
0.0
0.0
0.0
0.0
0.0
0.0
0.0
0.0
0.0
0.0
0.0
0.0
0.0
0.0
0.0
0.0
0.0
0.0
0.0
0.0
0.0
0.0
0.0
0.0
0.0
0.0
0.0
0.0
0.0
0.0
0.0
0.0
0.0
0.0
0.0
0.0
0.0
0.0
0.0
0.0
0.0
0.0
0.0
0.0
0.0
0.0
0.0
0.0
0.0
0.0
0.0
0.0
0.0
0.0
0.0
0.0
0.0
0.0
0.0
0.0
0.0
0.0
0.0
0.0
0.0
0.0
0.0
0.0
0.0
0.0
0.0
0.0
0.0
0.0
0.0
0.0
0.0
0.0
0.0
0.0
0.0
0.0
0.0
0.0
0.0
0.0
0.0
0.0
0.0
0.0
0.0
0.0
0.0
0.0
0.0
0.0
0.0
0.0
0.0
0.0
0.0
0.0
0.0
0.0
0.0
0.0
0.0
0.0
0.0
0.0
0.0
0.0
0.0
0.0
0.0
0.0
0.0
0.0
0.0
0.0
0.0
0.0
0.0
0.0
0.0
0.0
0.0
0.0
0.0
0.0
0.0
0.0
0.0
0.0
0.0
0.0
0.0
0.0
0.0
0.0
0.0
0.0
0.0
0.0
0.0
0.0
0.0
0.0
0.0
0.0
0.0
0.0
0.0
0.0
0.0
0.0
0.0
0.0
0.0
0.0
0.0
0.0
0.0
0.0
0.0
0.0
0.0
0.0
0.0
0.0
0.0
0.0
0.0
0.0
0.0
0.0
0.0
0.0
0.0
0.0
0.0
0.0
0.0
0.0
0.0
0.0
0.0
0.0
0.0
0.0
0.0
0.0
0.0
0.0
0.0
0.0
0.0
0.0
0.0
0.0
0.0
0.0
0.0
0.0
0.0
0.0
0.0
0.0
0.0
0.0
0.0
0.0
0.0
0.0
0.0
0.0
0.0
0.0
0.0
0.0
0.0
0.0
0.0
0.0
0.0
0.0
0.0
0.0
0.0
0.0
0.0
0.0
0.0
0.0
0.0
0.0
0.0
0.0
0.0
0.0
0.0
0.0
0.400128505634372
0.32072338433608316
0.018789196062784664
0.0
0.0
0.0
0.0
0.0
0.0
0.0
0.0
0.0
0.0
0.0
0.0
0.0
0.0
0.0
0.0
0.0
0.0
0.0
0.0
0.0
0.0
0.0
0.0
0.0
0.0
0.0
0.0
0.0
0.0
0.0
0.0
0.0
0.0
0.0
0.0
0.0
0.0
0.0
0.0
0.0
0.0
0.0
0.0
0.0
0.0
0.0
0.0
0.0
0.0
0.0
0.0
0.0
0.0
0.0
0.0
0.0
0.0
0.0
0.0
0.0
0.0
0.0
0.0
0.0
0.0
0.0
0.0
0.0
0.0
0.0
0.0
0.0
0.0
0.0
0.0
0.0
0.0
0.0
0.0
0.0
0.0
0.0
0.0
0.0
0.0
0.0
0.0
0.0
0.0
0.0
0.0
0.0
0.0
0.0
0.0
0.0
0.0
0.0
0.0
0.0
0.0
0.0
0.0
0.0
0.0
0.0
0.0
0.0
0.0
0.0
0.0
0.0
0.0
0.0
0.0
0.0
0.0
0.0
0.0
0.0
0.0
0.0
0.0
0.0
0.0
0.0
0.0
0.0
0.0
0.0
0.0
0.0
0.0
0.0
0.0
0.0
0.0
0.0
0.0
0.0
0.0
0.0
0.0
0.0
0.0
0.0
0.0
0.0
0.0
0.0
0.0
0.0
0.0
0.0
0.0
0.0
0.0
0.0
0.0
0.0
0.0
0.0
0.0
0.0
0.6064326910420589
0.4534957619015798
0.09965032736315664
0.00732398291284294
0.0
0.0
0.0
0.0
0.0
0.0
0.0
0.0
0.0
0.0
0.0
0.0
0.0
0.0
0.0
0.0
0.0
0.0
0.0
0.0
0.0
0.002468055218572616
0.0
0.0
0.0
0.0
0.0
0.0
0.0
0.0
0.0
0.0
0.0
0.0
0.0
0.0
0.0
0.0
0.0
0.0
0.0
0.0
0.0
0.0
0.0
0.0
0.0
0.0
0.0
0.0
0.0
0.0
0.0
0.0
0.0
0.0
0.0
0.0
0.0
0.0
0.0
0.0
0.0
0.0
0.0
0.0
0.0
0.0
0.0
0.0
0.0
0.0
0.0
0.0
0.0
0.0
0.0
0.0
0.0
0.0
0.0
0.0
0.0
0.0
0.0
0.0
0.0
0.0
0.0
0.0
0.0
0.0
0.0
0.0
0.0
0.0
0.0
0.0
0.0
0.0
0.0
0.0
0.0
0.0
0.0
0.0
0.0
0.0
0.0
0.0
0.0
0.0
0.0
0.0
0.0
0.0
0.0
0.0
0.0
0.0
0.0
0.0
0.0
0.0
0.0
0.0
0.0
0.0
0.0
0.0
0.0
0.0
0.0
0.0
0.0
0.0
0.0
0.0
0.0
0.0
0.0
0.0
0.0
0.0
0.0
0.0
0.0
0.0
0.0
0.0
0.0
0.0
0.0
0.0
0.0
0.0
0.0
0.0
0.0
0.0
0.0
0.0
0.0
0.0
0.0
0.0
0.0
0.0
0.0
0.0
0.0
0.0
0.0
0.0
0.0
0.0
0.0
0.0
0.0
0.0
0.0
0.0
0.0
0.0
0.0
0.0
0.0
0.0
0.0
0.0
0.0
0.0
0.0
0.0
0.0
0.0
0.0
0.0
0.0
0.0
0.0
0.0
0.0
0.0
0.0
0.0
0.0
0.0
0.0
0.0
0.0
0.0
0.0
0.0
0.0
0.0
0.0
0.0
0.0
0.0
0.0
0.0
0.0
0.0
0.0
0.0
0.0
0.0
0.0
0.0
0.0
0.0
0.0
0.0
0.0
0.0
0.0
0.0
0.0
0.0
0.0
0.0
0.0
0.0
0.0
0.0
0.0
0.0
0.0
0.0
0.0
0.0
0.0
0.0
0.0
0.0
0.0
0.0
0.0
0.0
0.0
0.0
0.0
0.0
0.0
0.0
0.0
0.0
0.0
0.0
0.0
0.0
0.0
0.0
0.0
0.0
0.0
0.0
0.0
0.0
0.0
0.0
0.0
0.0
0.0
0.0
0.0
0.0
0.0
0.0
0.0
0.0
0.0
0.0
0.0
0.0
0.0
0.0
0.0
0.0
0.0
0.0
0.0
0.0
0.0
0.0
0.0
0.0
0.0
0.0
0.0
0.0
0.0
0.0
0.0
0.0
0.0
0.0
0.0
0.0
0.0
0.0
0.0
0.0
0.0
0.0
0.0
0.0
0.0
0.0
0.0
0.0
0.0
0.0
0.0
0.0
0.0
0.0
0.0
0.0
0.0
0.0
0.0
0.0
0.0
0.0
0.0
0.0
0.0
0.0
0.0
0.0
0.0
0.0
0.0
0.0
0.0
0.0
0.0
0.0
0.0
0.0
0.0
0.0
0.0
0.0
0.0
0.0
0.0
0.0
0.0
0.0
0.0
0.0
0.0
0.0
0.0
0.0
0.0
0.0
0.0
0.0
0.0
0.0
0.0
0.0
0.0
0.0
0.0
0.0
0.0
0.0
0.0
0.0
0.0
0.0
0.0
0.0
0.0
0.0
0.0
0.0
0.0
0.0
0.0
0.0
0.0
0.0
0.0
0.0
0.0
0.0
0.0
0.0
0.0
0.0
0.0
0.0
0.0
0.0
0.0
0.0
0.0
0.0
0.0
0.0
0.0
0.0
0.0
0.0
0.0
0.0
0.0
0.0
0.0
0.0
0.0
0.0
0.0
0.0
0.0
0.0
0.0
0.0
0.0
0.0
0.0
0.0
0.0
0.0
0.0
0.0
0.0
0.0
0.0
0.0
0.0
0.0
0.0
0.0
0.0
0.0
0.0
0.0
0.0
0.0
0.0
0.0
0.0
0.0
0.0
0.0
0.0
0.0
0.0
0.0
0.0
0.0
0.0
0.0
0.0
0.0
0.0
0.0
0.0
0.0
0.0
0.0
0.0
0.0
0.0
0.0
0.0
0.0
0.0
0.0
0.0
0.0
0.0
0.0
0.0
0.0
0.0
0.0
0.0
0.0
0.0
0.0
0.0
0.0
0.0
0.0
0.0
0.0
0.0
0.0
0.0
0.0
0.0
0.0
0.0
0.0
0.0
0.0
0.0
0.0
0.0
0.0
0.0
0.0
0.0
0.0
0.0
0.0
0.0
0.0
0.0
0.0
0.0
0.0
0.0
0.0
0.0
0.0
0.0
0.0
0.0
0.0
0.0
0.0
0.0
0.0
0.0
0.0
0.0
0.0
0.0
0.0
0.0
0.0
0.0
0.0
0.0
0.0
0.0
0.0
0.0
0.0
0.0
0.0
0.0
0.0
0.0
0.0
0.0
0.0
0.0
0.0
0.0
0.0
0.0
0.0
0.0
0.0
0.0
0.0
0.0
0.0
0.0
0.0
0.0
0.0
0.0
0.0
0.0
0.0
0.0
0.0
0.0
0.0
0.0
0.0
0.0
0.0
0.0
0.0
0.0
0.0
0.0
0.0
0.0
0.0
0.0
0.0
0.0
0.0
0.0
0.0
0.0
0.0
0.0
0.0
0.0
0.0
0.0
0.0
0.0
0.0
0.0
0.0
0.0
0.0
0.0
0.0
0.0
0.0
0.0
0.0
0.0
0.0
0.0
0.0
0.0
0.0
0.0
0.0
0.0
0.0
0.0
0.0
0.0
0.0
0.0
0.0
0.0
0.0
0.0
0.0
0.0
0.0
0.0
0.0
0.0
0.0
0.0
0.0
0.0
0.0
0.0
0.0
0.0
0.0
0.0
0.0
0.0
0.0
0.0
0.0
0.0
0.0
0.0
0.0
0.0
0.0
0.0
0.0
0.0
0.0
0.0
0.0
0.0
0.0
0.0
0.0
0.0
0.0
0.0
0.0
0.0
0.0
0.0
0.0
0.0
0.0
0.0
0.0
0.0
0.0
0.0
0.0
0.0
0.0
0.0
0.0
0.0
0.0
0.0
0.0
0.0
0.0
0.0
0.0
0.0
0.0
0.0
0.0
0.0
0.0
0.0
0.0
0.0
0.0
0.0
0.0
0.0
0.0
0.0
0.0
0.0
0.0
0.0
0.0
0.0
0.0
0.0
0.0
0.0
0.0
0.0
0.0
0.0
0.0
0.0
0.0
0.0
0.0
0.0
0.0
0.0
0.0
0.0
0.0
0.0
0.0
0.0
0.0
0.0
0.0
0.0
0.0
0.0
0.0
0.0
0.0
0.0
0.0
0.0
0.0
0.0
0.0
0.0
0.0
0.0
0.0
0.0
0.0
0.0
0.0
0.0
0.0
0.0
0.0
0.0
0.0
0.0
0.0
0.0
0.0
0.0
0.0
0.0
0.0
0.0
0.0
0.0
0.0
0.0
0.0
0.0
0.0
0.0
0.0
0.0
0.0
0.0
0.0
0.0
0.0
0.0
0.0
0.0
0.0
0.0
0.0
0.0
0.0
0.0
0.0
0.0
0.0
0.0
0.0
0.0
0.0
0.0
0.0
0.0
0.0
0.0
0.0
0.0
0.0
0.0
0.0
0.0
0.0
0.0
0.0
0.0
0.0
0.0
0.0
0.0
0.0
0.0
0.0
0.0
0.0
0.0
0.0
0.0
0.0
0.0
0.0
0.0
0.0
0.0
0.0
0.0
0.0
0.0
0.0
0.0
0.0
0.0
0.0
0.0
0.0
0.0
0.0
0.0
0.0
0.0
0.0
0.0
0.0
0.0
0.0
0.0
0.0
0.0
0.0
0.0
0.0
0.0
0.0
0.0
0.0
0.0
0.0
0.0
0.0
0.0
0.0
0.0
0.0
0.0
0.0
0.0
0.0
0.0
0.0
0.0
0.0
0.0
0.0
0.0
0.0
0.0
0.0
0.0
0.0
0.0
0.0
0.0
0.0
0.0
0.0
0.0
0.0
0.0
0.0
0.0
0.0
0.0
0.0
0.0
0.0
0.0
0.0
0.0
0.0
0.0
0.0
0.0
0.0
0.0
0.0
0.0
0.0
0.0
0.0
0.0
0.0
0.0
0.0
0.0
0.0
0.0
0.0
0.0
0.0
0.0
0.0
0.0
0.0
0.0
0.0
0.0
0.0
0.0
0.0
0.0
0.0
0.0
0.0
0.0
0.0
0.0
0.0
0.0
0.0
0.0
0.0
0.0
0.0
0.0
0.0
0.0
0.0
0.0
0.0
0.0
0.0
0.0
0.0
0.0
0.0
0.0
0.0
0.0
0.0
0.0
0.0
0.0
0.0
0.0
0.0
0.0
0.0
0.0
0.0
0.0
0.0
0.0
0.0
0.0
0.0
0.0
0.0
0.0
0.0
0.0
0.0
0.0
0.0
0.0
0.0
0.0
0.0
0.0
0.0
0.0
0.0
0.0
0.0
0.0
0.0
0.0
0.0
0.0
0.0
0.0
0.0
0.0
0.0
0.0
0.0
0.0
0.0
0.0
0.0
0.0
0.0
0.0
0.0
0.0
0.0
0.0
0.0
0.0
0.0
0.0
0.0
0.0
0.0
0.0
0.0
0.0
0.0
0.0
0.0
0.0
0.0
0.0
0.0
0.0
0.0
0.0
0.0
0.0
0.0
0.0
0.0
0.0
0.0
0.0
0.0
0.0
0.0
0.0
0.0
0.0
0.0
0.0
0.0
0.0
0.0
0.0
0.0
0.0
0.0
0.0
0.0
0.0
0.0
0.0
0.0
0.0
0.0
0.0
0.0
0.0
0.0
0.0
0.0
0.0
0.0
0.0
0.0
0.0
0.0
0.0
0.0
0.0
0.0
0.0
0.0
0.0
0.0
0.0
0.0
0.0
0.0
0.0
0.0
0.0
0.0
0.0
0.0
0.0
0.0
0.0
0.0
0.0
0.0
0.0
0.0
0.0
0.0
0.0
0.0
0.0
0.0
0.0
0.0
0.0
0.0
0.0
0.0
0.0
0.0
0.0
0.0
0.0
0.0
0.0
0.0
0.0
0.0
0.0
0.0
0.0
0.0
0.0
0.0
0.0
0.0
0.0
0.0
0.0
0.0
0.0
0.0
0.0
0.0
0.0
0.0
0.0
0.0
0.0
0.0
0.0
0.0
0.0
0.0
0.0
0.0
0.0
0.0
0.0
0.0
0.0
0.0
0.0
0.0
0.0
0.0
0.0
0.0
0.0
0.0
0.0
0.0
0.0
0.0
0.0
0.0
0.0
0.0
0.0
0.0
0.0
0.0
0.0
0.0
0.0
0.0
0.0
0.0
0.0
0.0
0.0
0.0
0.0
0.0
0.0
0.0
0.0
0.0
0.0
0.0
0.0
0.0
0.0
0.0
0.0
0.0
0.0
0.0
0.0
0.0
0.0
0.0
0.0
0.0
0.0
0.0
0.0
0.0
0.0
0.0
0.0
0.0
0.0
0.0
0.0
0.0
0.0
0.0
0.0
0.0
0.0
0.0
0.0
0.0
0.0
0.0
0.0
0.0
0.0
0.0
0.0
0.0
0.0
0.0
0.0
0.0
0.0
0.0
0.0
0.0
0.0
0.0
0.0
0.0
0.0
0.0
0.0
0.0
0.0
0.0
0.0
0.0
0.0
0.0
0.0
0.0
0.0
0.0
0.0
0.0
0.0
0.0
0.0
0.0
0.0
0.0
0.0
0.0
0.0
0.0
0.0
0.0
0.0
0.0
0.0
0.0
0.0
0.0
0.0
0.0
0.0
0.0
0.0
0.0
0.0
0.0
0.0
0.0
0.0
0.0
0.0
0.0
0.0
0.0
0.0
0.0
0.0
0.0
0.0
0.0
0.0
0.0
0.0
0.0
0.0
0.0
0.0
0.0
0.0
0.0
0.0
0.0
0.0
0.0
0.0
0.0
0.0
0.0
0.0
0.0
0.0
0.0
0.0
0.0
0.0
0.0
0.0
0.0
0.0
0.0
0.0
0.0
0.0
0.0
0.0
0.0
0.0
0.0
0.0
0.0
0.0
0.0
0.0
0.0
0.0
0.0
0.0
0.0
0.0
0.0
0.0
0.0
0.0
0.0
0.0
0.0
0.0
0.0
0.0
0.0
0.0
0.0
0.0
0.0
0.0
0.0
0.0
0.0
0.0
0.0
0.0
0.0
0.0
0.0
0.0
0.0
0.0
0.0
0.0
0.0
0.0
0.0
0.0
0.0
0.0
0.0
0.0
0.0
0.0
0.0
0.0
0.0
0.0
0.0
0.0
0.0
0.0
0.0
0.0
0.0
0.0
0.0
0.0
0.0
0.0
0.0
0.0
0.0
0.0
0.0
0.0
0.0
0.0
0.0
0.0
0.0
0.0
0.0
0.0
0.0
0.0
0.0
0.0
0.0
0.0
0.0
0.0
0.0
0.0
0.0
0.0
0.0
0.0
0.0
0.0
0.0
0.0
0.0
0.0
0.0
0.0
0.0
0.0
0.0
0.0
0.0
0.0
0.0
0.0
0.0
0.0
0.0
0.0
0.0
0.0
0.0
0.0
0.0
0.0
0.0
0.0
0.0
0.0
0.0
0.0
0.0
0.0
0.0
0.0
0.0
0.0
0.0
0.0
0.0
0.0
0.0
0.0
0.0
0.0
0.0
0.0
0.0
0.0
0.0
0.0
0.0
0.0
0.0
0.0
0.0
0.0
0.0
0.0
0.0
0.0
0.0
0.0
0.0
0.0
0.0
0.0
0.0
0.0
0.0
0.0
0.0
0.0
0.0
0.0
0.0
0.0
0.0
0.0
0.0
0.0
0.0
0.0
0.0
0.0
0.0
0.0
0.0
0.0
0.0
0.0
0.0
0.0
0.0
0.0
0.0
0.0
0.0
0.0
0.0
0.0
0.0
0.0
0.0
0.0
0.0
0.0
0.0
0.0
0.0
0.0
0.0
0.0
0.0
0.0
0.0
0.0
0.0
0.0
0.0
0.0
0.0
0.0
0.0
0.0
0.0
0.0
0.0
0.0
0.0
0.0
0.0
0.0
0.0
0.0
0.0
0.0
0.0
0.0
0.0
0.0
0.0
0.0
0.0
0.0
0.0
0.0
0.0
0.0
0.0
0.0
0.0
0.0
0.0
0.0
0.0
0.0
0.0
0.0
0.0
0.0
0.0
0.0
0.0
0.0
0.0
0.0
0.0
0.0
0.0
0.0
0.0
0.0
0.0
0.0
0.0
0.0
0.0
0.0
0.0
0.0
0.0
0.0
0.0
0.0
0.0
0.0
0.0
0.0
0.0
0.0
0.0
0.0
0.0
0.0
0.0
0.0
0.0
0.0
0.0
0.0
0.0
0.0
0.0
0.0
0.0
0.0
0.0
0.0
0.0
0.0
0.0
0.0
0.0
0.0
0.0
0.0
0.0
0.0
0.0
0.0
0.0
0.0
0.0
0.0
0.0
0.0
0.0
0.0
0.0
0.0
0.0
0.0
0.0
0.0
0.0
0.0
0.0
0.0
0.0
0.0
0.0
0.0
0.0
0.0
0.0
0.0
0.0
0.0
0.0
0.0
0.0
0.0
0.0
0.0
0.0
0.0
0.0
0.0
0.0
0.0
0.0
0.0
0.0
0.0
0.0
0.0
0.0
0.0
0.0
0.0
0.0
0.0
0.0
0.0
0.0
0.0
0.0
0.0
0.0
0.0
0.0
0.0
0.0
0.0
0.0
0.0
0.0
0.0
0.0
0.0
0.0
0.0
0.0
0.0
0.0
0.0
0.0
0.0
0.0
0.0
0.0
0.0
0.0
0.0
0.0
0.0
0.0
0.0
0.0
0.0
0.0
0.0
0.0
0.0
0.0
0.0
0.0
0.0
0.0
0.0
0.0
0.0
0.0
0.0
0.0
0.0
0.0
0.0
0.0
0.0
0.0
0.0
0.0
0.0
0.0
0.0
0.0
0.0
0.0
0.0
0.0
0.0
0.0
0.0
0.0
0.0
0.0
0.0
0.0
0.0
0.0
0.0
0.0
0.0
0.0
0.0
0.0
0.0
0.0
0.0
0.0
0.0
0.0
0.0
0.0
0.0
0.0
0.0
0.0
0.0
0.0
0.0
0.0
0.0
0.0
0.0
0.0
0.0
0.0
0.0
0.0
0.0
0.0
0.0
0.0
0.0
0.0
0.0
0.0
0.0
0.0
0.0
0.0
0.0
0.0
0.0
0.0
0.0
0.0
0.0
0.0
0.0
0.0
0.0
0.0
0.0
0.0
0.0
0.0
0.0
0.0
0.0
0.0
0.0
0.0
0.0
0.0
0.0
0.0
0.0
0.0
0.0
0.0
0.0
0.0
0.0
0.0
0.0
0.0
0.0
0.0
0.0
0.0
0.0
0.0
0.0
0.0
0.0
0.0
0.0
0.0
0.0
0.0
0.0
0.0
0.0
0.0
0.0
0.0
0.0
0.0
0.0
0.0
0.0
0.0
0.0
0.0
0.0
0.0
0.0
0.0
0.0
0.0
0.0
0.0
0.0
0.0
0.0
0.0
0.0
0.0
0.0
0.0
0.0
0.0
0.0
0.0
0.0
0.0
0.0
0.0
0.0
0.0
0.0
0.0
0.0
0.0
0.0
0.0
0.0
0.0
0.0
0.0
0.0
0.0
0.0
0.0
0.0
0.0
0.0
0.0
0.0
0.0
0.0
0.0
0.0
0.0
0.0
0.0
0.0
0.0
0.0
0.0
0.0
0.0
0.0
0.0
0.0
0.0
0.0
0.0
0.0
0.0
0.0
0.0
0.0
0.0
0.0
0.0
0.0
0.0
0.0
0.0
0.0
0.0
0.0
0.0
0.0
0.0
0.0
0.0
0.0
0.0
0.0
0.0
0.0
0.0
0.0
0.0
0.0
0.0
0.0
0.0
0.0
0.0
0.0
0.0
0.0
0.0
0.0
0.0
0.0
0.0
0.0
0.0
0.0
0.0
0.0
0.0
0.0
0.0
0.0
0.0
0.0
0.0
0.0
0.0
0.0
0.0
0.0
0.0
0.0
0.0
0.0
0.0
0.0
0.0
0.0
0.0
0.0
0.0
0.0
0.0
0.0
0.0
0.0
0.0
0.0
0.0
0.0
0.0
0.0
0.0
0.0
0.0
0.0
0.0
0.0
0.0
0.0
0.0
0.0
0.0
0.0
0.0
0.0
0.0
0.0
0.0
0.0
0.0
0.0
0.0
0.0
0.0
0.0
0.0
0.0
0.0
0.0
0.0
0.0
0.0
0.0
0.0
0.0
0.0
0.0
0.0
0.0
0.0
0.0
0.0
0.0
0.0
0.0
0.0
0.0
0.0
0.0
0.0
0.0
0.0
0.0
0.0
0.0
0.0
0.0
0.0
0.0
0.0
0.0
0.0
0.0
0.0
0.0
0.0
0.0
0.0
0.0
0.0
0.0
0.0
0.0
0.0
0.0
0.0
0.0
0.0
0.0
0.0
0.0
0.0
0.0
0.0
0.0
0.0
0.0
0.0
0.0
0.0
0.0
0.0
0.0
0.0
0.0
0.0
0.0
0.0
0.0
0.0
0.0
0.0
0.0
0.0
0.0
0.0
0.0
0.0
0.0
0.0
0.0
0.0
0.0
0.0
0.0
0.0
0.0
0.0
0.0
0.0
0.0
0.0
0.0
0.0
0.0
0.0
0.0
0.0
0.0
0.0
0.0
0.0
0.0
0.0
0.0
0.0
0.0
0.0
0.0
0.0
0.0
0.0
0.0
0.0
0.0
0.0
0.0
0.0
0.0
0.0
0.0
0.0
0.0
0.0
0.0
0.0
0.0
0.0
0.0
0.0
0.0
0.0
0.0
0.0
0.0
0.0
0.0
0.0
0.0
0.0
0.0
0.0
0.0
0.0
0.0
0.0
0.0
0.0
0.0
0.0
0.0
0.0
0.0
0.0
0.0
0.0
0.0
0.0
0.0
0.0
0.0
0.0
0.0
0.0
0.0
0.0
0.0
0.0
0.0
0.0
0.0
0.0
0.0
0.0
0.0
0.0
0.0
0.0
0.0
0.0
0.0
0.0
0.0
0.0
0.0
0.0
0.0
0.0
0.0
0.0
0.0
0.0
0.0
0.0
0.0
0.0
0.0
0.0
0.0
0.0
0.0
0.0
0.0
0.0
0.0
0.0
0.0
0.0
0.0
0.0
0.0
0.0
0.0
0.0
0.0
0.0
0.0
0.0
0.0
0.0
0.0
0.0
0.0
0.0
0.0
0.0
0.0
0.0
0.0
0.0
0.0
0.0
0.0
0.0
0.0
0.0
0.0
0.0
0.0
0.0
0.0
0.0
0.0
0.0
0.0
0.0
0.0
0.0
0.0
0.0
0.0
0.0
0.0
0.0
0.0
0.0
0.0
0.0
0.0
0.0
0.0
0.0
0.0
0.0
0.0
0.0
0.0
0.0
0.0
0.0
0.0
0.0
0.0
0.0
0.0
0.0
0.0
0.0
0.0
0.0
0.0
0.0
0.0
0.0
0.0
0.0
0.0
0.0
0.0
0.0
0.0
0.0
0.0
0.0
0.0
0.0
0.0
0.0
0.0
0.0
0.0
0.0
0.0
0.0
0.0
0.0
0.0
0.0
0.0
0.0
0.0
0.0
0.0
0.0
0.0
0.0
0.0
0.0
0.0
0.0
0.0
0.0
0.0
0.0
0.0
0.0
0.0
0.0
0.0
0.0
0.0
0.0
0.0
0.0
0.0
0.0
0.0
0.0
0.0
0.0
0.0
0.0
0.0
0.0
0.0
0.0
0.0
0.0
0.0
0.0
0.0
0.0
0.0
0.0
0.0
0.0
0.0
0.0
0.0
0.0
0.0
0.0
0.0
0.0
0.0
0.0
0.0
0.0
0.0
0.0
0.0
0.0
0.0
0.0
0.0
0.0
0.0
0.0
0.0
0.0
0.0
0.0
0.0
0.0
0.0
0.0
0.0
0.0
0.0
0.0
0.0
0.0
0.0
0.0
0.0
0.0
0.0
0.0
0.0
0.0
0.0
0.0
0.0
0.0
0.0
0.0
0.0
0.0
0.0
0.0
0.0
0.0
0.0
0.0
0.0
0.0
0.0
0.0
0.0
0.0
0.0
0.0
0.0
0.0
0.0
0.0
0.0
0.0
0.0
0.0
0.0
0.0
0.0
0.0
0.0
0.0
0.0
0.0
0.0
0.0
0.0
0.0
0.0
0.0
0.0
0.0
0.0
0.0
0.0
0.0
0.0
0.0
0.0
0.0
0.0
0.0
0.0
0.0
0.0
0.0
0.0
0.0
0.0
0.0
0.0
0.0
0.0
0.0
0.0
0.0
0.0
0.0
0.0
0.0
0.0
0.0
0.0
0.0
0.0
0.0
0.0
0.0
0.0
0.0
0.0
0.0
0.0
0.0
0.0
0.0
0.0
0.0
0.0
0.0
0.0
0.0
0.0
0.0
0.0
0.0
0.0
0.0
0.0
0.0
0.0
0.0
0.0
0.0
0.0
0.0
0.0
0.0
0.0
0.0
0.0
0.0
0.0
0.0
0.0
0.0
0.0
0.0
0.0
0.0
0.0
0.0
0.0
0.0
0.0
0.0
0.0
0.0
0.0
0.0
0.0
0.0
0.0
0.0
0.0
0.0
0.0
0.0
0.0
0.0
0.0
0.0
0.0
0.0
0.0
0.0
0.0
0.0
0.0
0.0
0.0
0.0
0.0
0.0
0.0
0.0
0.0
0.0
0.0
0.0
0.0
0.0
0.0
0.0
0.0
0.0
0.0
0.0
0.0
0.0
0.0
0.0
0.0
0.0
0.0
0.0
0.0
0.0
0.0
0.0
0.0
0.0
0.0
0.0
0.0
0.0
0.0
0.0
0.0
0.0
0.0
0.0
0.0
0.0
0.0
0.0
0.0
0.0
0.0
0.0
0.0
0.0
0.0
0.0
0.0
0.0
0.0
0.0
0.0
0.0
0.0
0.0
0.0
0.0
0.0
0.0
0.0
0.0
0.0
0.0
0.0
0.0
0.0
0.0
0.0
0.0
0.0
0.0
0.0
0.0
0.0
0.0
0.0
0.0
0.0
0.0
0.0
0.0
0.0
0.0
0.0
0.0
0.0
0.0
0.0
0.0
0.0
0.0
0.0
0.0
0.0
0.0
0.0
0.0
0.0
0.0
0.0
0.0
0.0
0.0
0.0
0.0
0.0
0.0
0.0
0.0
0.0
0.0
0.0
0.0
0.0
0.0
0.0
0.0
0.0
0.0
0.0
0.0
0.0
0.0
0.0
0.0
0.0
0.0
0.0
0.0
0.0
0.0
0.0
0.0
0.0
0.0
0.0
0.0
0.0
0.0
0.0
0.0
0.0
0.0
0.0
0.0
0.0
0.0
0.0
0.0
0.0
0.0
0.0
0.0
0.0
0.0
0.0
0.0
0.0
0.0
0.0
0.0
0.0
0.0
0.0
0.0
0.0
0.0
0.0
0.0
0.0
0.0
0.0
0.0
0.0
0.0
0.0
0.0
0.0
0.0
0.0
0.0
0.0
0.0
0.0
0.0
0.0
0.0
0.0
0.0
0.0
0.0
0.0
0.0
0.0
0.0
0.0
0.0
0.0
0.0
0.0
0.0
0.0
0.0
0.0
0.0
0.0
0.0
0.0
0.0
0.0
0.0
0.0
0.0
0.0
0.0
0.0
0.0
0.0
0.0
0.0
0.0
0.0
0.0
0.0
0.0
0.0
0.0
0.0
0.0
0.0
0.0
0.0
0.0
0.0
0.0
0.0
0.0
0.0
0.0
0.0
0.0
0.0
0.0
0.0
0.0
0.0
0.0
0.0
0.0
0.0
0.0
0.0
0.0
0.0
0.0
0.0
0.0
0.0
0.0
0.0
0.0
0.0
0.0
0.0
0.0
0.06570926304504979
0.6686103210381511
0.9166865953233877
0.9506325848286
0.9356888735443107
0.7975921844909329
0.5412765513329729
0.475254080697155
0.32876098446195245
0.13290360117618988
0.06057734651894011
0.005518178917204571
0.0
0.0
0.0
0.0
0.0
0.0
0.0
0.0
0.0
0.0
0.0
0.0
0.0
0.49553585698593977
0.8733630765995141
0.9152556135528328
0.8989993907181869
0.7224501387193171
0.43432641555738694
0.3208490847548508
0.13080728804253675
0.012182403906554416
0.0
0.0
0.0
0.0
0.0
0.0
0.0
0.0
0.0
0.0
0.0
0.0
0.0
0.0
0.0
0.0
0.0
0.0
0.0
0.0
0.0
0.0
0.0
0.0
0.0
0.0
0.0
0.0
0.0
0.0
0.0
0.0
0.0
0.0
0.0
0.0
0.0
0.0
0.0
0.0
0.5463660599356718
0.8457714139950352
0.862935660498536
0.6503745525403902
0.393119829271473
0.42405307179075397
0.4439919543835533
0.43754525746143896
0.3473272674041559
0.27557001074262133
0.13950436296812058
0.010323140480927395
0.0
0.002262028839061944
0.18217259806564862
0.17417335876949344
0.15355340825098976
0.2184784870428824
0.2780720602067793
0.3707561558781699
0.5023427116632304
0.7335489502159159
0.9180423033940499
0.9527830010151254
0.9763464439002435
0.9780313095899746
0.963223129680368
0.85667835174254
0.64749678692081
0.5986323995223326
0.5347099559860636
0.4836750774663555
0.3941604989676557
0.32247288052063316
0.2874554813163083
0.24451997355339072
0.11932652854459766
0.0038697407936833924
0.0
0.0
0.0
0.0
0.001516442680906556
0.06017593103271939
0.19293604138630427
0.4154396768482007
0.8121379562876565
0.9169145259157405
0.9654436094713416
0.9723091672638139
0.952066023873754
0.8181875526725509
0.5887854812170479
0.5458736087936956
0.45884235286542574
0.27577728488255226
0.15620495327241413
0.12379223948663037
0.037949686335485226
0.0
0.0
0.0
0.0
0.0
0.0
0.0
0.0
0.0
0.12398370686021963
0.3168882313870493
0.7771673524590393
0.921541608042174
0.965802750248599
0.9716030064189873
0.9631372915727942
0.846298258593676
0.5971863857774647
0.5500276359409118
0.3985243943046487
0.15424360125093212
0.04539993472648078
0.0
0.0
0.0
0.0
0.0
0.0
0.0
0.0
0.0
0.0
0.0
0.0
0.0
0.14114152201042843
0.5631345899135074
0.8790177207295129
0.9404632819492869
0.9276319519074574
0.7762074483996323
0.5073690129308115
0.416281001373642
0.21839426645809418
0.011220564913527905
0.0
0.0
0.0
0.0
0.0
0.0
0.0
0.0
0.0
0.0
0.0
0.0
0.0
0.0
0.0
0.0
0.20125075830868847
0.7101061369101459
0.8140664077662473
0.6060890704126789
0.33534347455309854
0.2030296793555443
0.027358273796752715
0.0
0.0
0.0
0.0
0.0
0.0
0.0
0.0
0.0
0.0
0.0
0.0
0.0
0.0
0.0
0.0
0.0
0.1461438354098246
0.6598992499924691
0.7876775723334734
0.5751788374783744
0.31731262345473904
0.21867745309446518
0.06159767559796075
0.0
0.0
0.0
0.0
0.0
0.0
0.0
0.0
0.0
0.0
0.0
0.0
0.0
0.0
0.0
0.0
0.0
0.0
0.5819785081355056
0.7696939335734663
0.5367606775191499
0.34594266460334694
0.286119320696197
0.05568305841228946
0.0
0.0
0.0
0.0
0.0
0.0
0.0
0.0
0.0
0.0
0.0
0.0
0.0
0.0
0.0
0.0
0.0
0.0
0.6221417795520955
0.748617210841761
0.5717761728292636
0.35127639091052926
0.27152511573635846
0.07993852229938872
0.0
0.0
0.0
0.0
0.0
0.0
0.0
0.0
0.0
0.0
0.0
0.0
0.0
0.0
0.0
0.0
0.0
0.0
0.0
0.0
0.0
0.0
0.0
0.0
0.0
0.0
0.0
0.0
0.0
0.0
0.0
0.0
0.0
0.0
0.0
0.0
0.0
0.0
0.0
0.0
0.1433356796797671
0.8243544204657339
0.9136722186023477
0.9016171914351696
0.7094985046203143
0.4555857159061872
0.42315997966881913
0.2734238744502233
0.02533185871854882
0.0
0.0
0.0
0.0
0.0
0.0
0.0
0.0
0.0
0.0
0.0
0.0
0.0
0.0
0.0
0.0
0.0
0.0
0.0
0.052217593378489344
0.12475326313283033
0.12575704237359908
0.024105155049531674
0.0
0.0
0.0
0.0
0.0
0.0
0.0
0.0
0.0
0.0
0.0
0.0
0.0
0.0
0.0
0.0
0.0
0.021038832460886624
0.7430057848397363
0.7742031317556294
0.5937913206419405
0.32860342995229525
0.2598010433062539
0.13350106635315348
0.025959386645164895
0.0
0.0
0.0
0.0
0.0
0.0
0.0
0.0
0.0
0.0
0.0
0.0
0.0
0.0
0.0
0.0
0.0
0.0
0.1207999722321389
0.2634217781957593
0.19084841017919607
0.2490197493322707
0.25483282489405423
0.21881749979669607
0.18635403690181457
0.18924900288114224
0.17616705550944678
0.16615619296412776
0.12971846161682404
0.103588062946535
0.08745399860988329
0.0903136543704252
0.12816792043442737
0.20428478038967504
0.3080782447249679
0.47233873854361996
0.5947887397414604
0.7566906318233731
0.9195595925212474
0.9541034170625033
0.9775236087664012
0.9791425289359855
0.9625323690908225
0.8550692584408833
0.6427917073583022
0.5947287436458543
0.5550199787452909
0.5042978718957338
0.4443145305224286
0.3812253754409949
0.33155469730128667
0.30247296613652197
0.2220623311080196
0.084303558535964
0.04165920005534151
0.005402053865321764
0.002885537967659888
0.01823305868599408
0.0668869141941555
0.16071019072692017
0.3381660294949967
0.6339223572314046
0.8847308606665552
0.957940906238481
0.985407879362681
0.9846316098844502
0.9753618512501497
0.9157075944609816
0.7762856006848344
0.7473882136085626
0.6813878756075906
0.5737857181171445
0.4741405404881544
0.4139749367700471
0.35096669705654904
0.2994561048309128
0.20164996393379342
0.09926017937203417
0.06170065799357271
0.05163022823504362
0.0817944976549061
0.24930997850373013
0.4112322479748294
0.5925996712105581
0.7167961656456743
0.8561786979444457
0.9549247652225453
0.9737275446408846
0.9877103534992511
0.989392153592322
0.9822406395300859
0.9300220493523126
0.8059305435812018
0.7731143839970178
0.7101344475467959
0.5971021991365929
0.45769584868782986
0.3951586221291853
0.27829479287197767
0.17549475842499954
0.06257932677386532
0.0
0.0
0.0
0.0
0.10414947708593517
0.3758458233194651
0.5748025892231348
0.6798642390468007
0.8394405275734144
0.9507813930328551
0.9736879740383036
0.9892416658054778
0.9895836820318761
0.9812608043672459
0.9248800944744687
0.7893440142850915
0.7399259853047768
0.6834265802605395
0.5428567119054218
0.31123588688703246
0.22400201790149307
0.1280497342806643
0.009717407065245732
0.0
0.0
0.0
0.0
0.0
0.0
0.019633763393975635
0.07086266118944985
0.2295897835269141
0.5853848489936754
0.8813354708291185
0.9519078935489304
0.981495454456129
0.9838664018182948
0.9736394466908778
0.9044116976694984
0.7417851450239291
0.682066547584387
0.5830170905492367
0.41638306850561724
0.232763866823494
0.1314893928279327
0.03879453942778087
0.0
0.0
0.0
0.0
0.0
0.0
0.0011936942565175888
0.11499710866624838
0.33670479997425296
0.5293480031333232
0.7314352840578511
0.920692004690988
0.9587482751120651
0.9796667321155259
0.9825950791916692
0.9721155539737094
0.8821834188216326
0.6917258207874694
0.6319198155007733
0.520813743742212
0.32303970362952705
0.16047434263674093
0.05363854525822354
0.0
0.0
0.0
0.0
0.0
0.0
0.0
0.0
0.0
0.0
0.04976538709570504
0.40969706517058746
0.826289095318385
0.9306380041145438
0.969908084918845
0.974522681394674
0.9550193393934223
0.8338152849615919
0.6129654430687799
0.5548787508899241
0.43150222276053474
0.22104887256295197
0.0516526770098637
0.0
0.0
0.0
0.0
0.0
0.0
0.0
0.0
0.0
0.0
0.0
0.0
0.0
0.0
0.012076780248667686
0.6519369580152079
0.892722341835838
0.8986280281933138
0.7075076336323305
0.44814021645143154
0.36799459164545695
0.3086592230278877
0.2561433580426997
0.1641498217252497
0.2045971681272407
0.2724238600146961
0.32908288950591685
0.3335418550058271
0.2085839048647012
0.03356120621173534
0.03624775367904441
0.16379564159647295
0.2372981201471156
0.26141818173357745
0.34103300120909025
0.47371148224014453
0.6777250194201531
0.8833166425624521
0.9303593623889631
0.9642827299710359
0.9657201171820811
0.9372628196670706
0.8017040672263139
0.5742070301481268
0.5400898994801221
0.408044273753243
0.1718348006377726
0.05735627193203365
0.0066335493150564626
0.0
0.0
0.0
0.0
0.0
0.0
0.0
0.0
0.0
0.005675198983214193
0.11652294190052054
0.31850808611498005
0.7273261233140318
0.8484422405526931
0.9568218851223429
0.9742461447097532
0.9524529762848152
0.795421384103005
0.5979710132100942
0.6265806702908998
0.5517046676365204
0.2775210646085972
0.007940876007045303
0.0
0.0
0.0
0.0
0.0
0.0
0.0
0.0
0.0
0.0
0.0053264699561723855
0.17755015870761462
0.35038820772453305
0.8032758028301537
0.9467007951108053
0.9746543723376935
0.9788550734827809
0.9697936256291491
0.8597994780469338
0.6501432118133548
0.6295223749892722
0.4488377973095801
0.1402789391439405
0.01634029194648973
0.0
0.0
0.0
0.0
0.0
0.0
0.0
0.0
0.0
0.0
0.00629518616423958
0.2106489846562526
0.5697771374667842
0.8716985908282621
0.9500545508271131
0.9815005976357839
0.9836299861674719
0.9712368128550001
0.8985365602891606
0.7320485145756147
0.6673552128066984
0.5478815883590527
0.2677948598311372
0.05546699664666693
0.0007317827073853791
0.0
0.0
0.0
0.0
0.0
0.0
0.0
0.0
0.001031299827737729
0.08410573775222152
0.4089505501635641
0.7108938392934747
0.9102120553884586
0.9279299658516611
0.9642704835976446
0.9834596523148391
0.9839063872541383
0.9723410267501207
0.8787171945770459
0.5632201347907232
0.263638044375802
0.11305387203111511
0.10273411632967011
0.127815707480687
0.13996813611732634
0.15303131634354136
0.17121078044158938
0.22243923856796097
0.24923488129269838
0.28855074661515406
0.2969096083024752
0.29309222683693986
0.3869535247191308
0.5109626856234483
0.5924673318951351
0.6806922926956852
0.8403836909822419
0.9511921573493582
0.9729084678372484
0.9868431831144057
0.9875686941260029
0.978040900898298
0.9091858609682887
0.7447262990512125
0.6943264847734009
0.6851796723700865
0.6884682532086741
0.6584296376942551
0.648110084505851
0.6296802786910887
0.5763269705976081
0.5455832506606195
0.5407269954317008
0.6197773009960097
0.6436981177762068
0.6338229451415454
0.7039651901159449
0.7758063125231963
0.8306695997155855
0.8671383131358698
0.9303089007333972
0.9742373298392037
0.9848749208295211
0.9934422054008479
0.9938110574061922
0.9881727163136109
0.943422186218298
0.8062424223288214
0.724857389184391
0.6503060842792562
0.5752157225081937
0.5083278801364232
0.47280200239653447
0.42623132467876274
0.410167389410664
0.42680129687298185
0.44837610658187016
0.5412481886695424
0.5712505467192048
0.5906930635678272
0.661205276343416
0.7351449398262
0.8252418237270877
0.8699112941422267
0.9348433500918565
0.9807909497742433
0.9883575856569611
0.994309584914994
0.9947978341839563
0.9903510185935004
0.958531122852195
0.8718634335435151
0.8148368316175502
0.7330101769223931
0.6553720659558665
0.5581381623448638
0.5291472586005117
0.48588816636861415
0.44395479576945984
0.41984262445537485
0.383972862918916
0.43897503620016465
0.48647724224877004
0.6108960371452087
0.710244674354379
0.7445202713003229
0.8086837295890785
0.8581180538753655
0.931916784896594
0.980045501952295
0.9881080795259319
0.9941293964747425
0.9946779335350918
0.990249364862064
0.9544439654296862
0.847356660925239
0.7757089765048467
0.6765201771491762
0.562501533629274
0.4002441856825122
0.31661640564963417
0.23463372331093207
0.17478704585889765
0.15411083035062587
0.15511816856308108
0.23069505219184494
0.2829862671945218
0.4331110653892008
0.5860268073251107
0.6849872332693528
0.7833959087626999
0.8182639071325778
0.8946551051692047
0.9676288241857933
0.9844190793221058
0.9929630314143918
0.9937685940045785
0.9888172382422183
0.9494458604849155
0.8426996069956733
0.7612157172897106
0.6345522615747837
0.4742899175246812
0.34948316058807755
0.30432848691894016
0.16218175419886477
0.02584478171952295
0.0
0.0
0.03496864755275236
0.16849576361494548
0.333077205773417
0.4899811348315681
0.6205660011173321
0.7149056190323743
0.7505989767194103
0.8901305133532117
0.9687619859717672
0.9814023680077333
0.991102413782966
0.9910730874706594
0.9834440512054651
0.9319834978673441
0.7882334062051194
0.6357249021323742
0.43250741712177565
0.2855579690331052
0.11882373694227798
0.004366722255418927
0.0
0.0
0.0
0.0
0.0
0.0
0.04665082691226696
0.2191699933109561
0.3845446333452647
0.5431144231012659
0.6823893170787892
0.8328493343457082
0.9538014223980229
0.9750540584013447
0.9883469330087657
0.9900313748447642
0.9842530251917476
0.9313457674432686
0.7849496763962939
0.6751992282247375
0.47973367119602717
0.2807166273825832
0.15279526822017117
0.07051810564882934
0.002765947345225798
0.0
0.0
0.0
0.0
0.0011389248725034516
0.11487580864237766
0.31402898758732234
0.47777124946779054
0.6268738897890385
0.736893049121757
0.8614696637645537
0.9593109942124037
0.9799245219468674
0.9911046095561726
0.9914995673890007
0.9841488076002008
0.9320114952015321
0.780092990154627
0.677585546956025
0.5130481623554818
0.3519629927643393
0.2518508801990654
0.13887233830653598
0.00771907280421303
0.0
0.0
0.0
0.0
0.0
0.009657860714283845
0.04427465613040331
0.213358039903269
0.46927644810906055
0.6421970894277641
0.7894157210354722
0.934623695432579
0.9633948176715372
0.9841165580958093
0.9872687426342004
0.9776843960029163
0.9060961955554174
0.722871514076236
0.6029117177473219
0.37783831680857277
0.153751111850135
0.09864153422151035
0.012584088213367909
0.0
0.0
0.0
0.0
0.0
0.0
0.012866606095964201
0.16790176743432864
0.3285851803282579
0.4855554571014781
0.6199209424802582
0.8029326614095468
0.9422440999518807
0.968157888175013
0.9864450947576124
0.9882576248298075
0.9790730950947265
0.9101122863301794
0.738647145545299
0.6203494468523472
0.4292621040609958
0.23446014748910365
0.09361323013256237
0.014762380934602864
0.0
0.0
0.0
0.0
0.0
0.0
0.0
0.07282781293318756
0.1662471810154434
0.1808555739006071
0.3506488728963605
0.6968546136285192
0.9095826650121942
0.953544028286067
0.9809177104050161
0.9836590778612166
0.9699202995187769
0.8695381112078994
0.6442069085879129
0.5975595755842364
0.5002177014792536
0.25680830648811026
0.05260902674695235
0.000220292565737157
0.0
0.0
0.0
0.0
0.0
0.0042660016255487735
0.03250527666225345
0.18684866840376238
0.33451308653621875
0.41750190061901415
0.46739104323673847
0.643271743885702
0.8799113251969315
0.9275642914349062
0.9736257164813191
0.9802673239684726
0.9640222701575684
0.8455352071796969
0.6065262269415489
0.583784214016588
0.5959531922461115
0.6219616344487187
0.6090023457173306
0.5924898328671658
0.530414787807933
0.5168941671080897
0.6008445861300036
0.5769217170662971
0.5680023206109883
0.5184779170259312
0.4897336859551057
0.5182119502281907
0.5500927377633883
0.6367317019330611
0.7184793379123784
0.85070683168774
0.9531584840194377
0.9738514122055107
0.9870082046057445
0.9885672430786321
0.978613503786752
0.905218669766008
0.7287697294310604
0.6276173352322759
0.5290647002681441
0.33687079497481254
0.22354428681818644
0.1610564635113326
0.05148758536243755
0.06625007609779279
0.1344517513790448
0.12415225911731513
0.17407457301858625
0.15129262536701396
0.18387670959120983
0.2725578544803988
0.36982754091747955
0.5031199151850816
0.6342962634346554
0.8065125939047039
0.9422549932332692
0.9690535502770691
0.9867478436363497
0.9883176848790641
0.9780384071580427
0.8983510924614779
0.6982632085016599
0.5952591322978315
0.4251757057729384
0.29824650488762694
0.2177789901206031
0.157531879834198
0.02685566955191219
0.0
0.0
0.0
0.008641142616632048
0.041007683118761865
0.1268243549728396
0.2668854158558106
0.39049717778858734
0.5538801463696845
0.6728412374804844
0.8229923064451357
0.9446468514649458
0.9671463602022656
0.9856234765249303
0.9875795235475407
0.9776625060598235
0.9025735679019313
0.7218658767544641
0.6543496777198996
0.5706964924558494
0.5252678565885831
0.43251036574234836
0.35772996314471256
0.30304391565542166
0.2127620138116656
0.0833028348036066
0.09050041303422897
0.21826399486771547
0.2361975420735106
0.26667355206841314
0.3132287053576884
0.25948019058663957
0.29873216386701074
0.45900314062392955
0.7313839257101904
0.9144817224755394
0.95533604998149
0.9809265144503646
0.9831006464998391
0.968715280761293
0.8755216111338491
0.6912356470342211
0.6339875797879034
0.5890198429376965
0.510307293560375
0.4031900559702855
0.3679542797554997
0.33098216126935703
0.31203607721203125
0.2948876770325343
0.2652276524500841
0.29716076273319814
0.19000344981597198
0.15786278507245377
0.27072515609269526
0.4137620587923809
0.5559501193109121
0.6795834905547256
0.8247230763555028
0.9476834027164063
0.9689228571270446
0.9848852564227141
0.9866624846656749
0.976341580580103
0.8974547372197538
0.7072010388514782
0.6365580656166783
0.5912039801735316
0.5418631295484747
0.4923510987273097
0.48317631504621605
0.44968831572008366
0.3930102123712102
0.40054167929812257
0.37757111169588164
0.42801319872716165
0.4814811333096833
0.504773391401719
0.5682773659736933
0.6762356837070939
0.7584934908652825
0.8108655490229427
0.8983083701882941
0.9680869636655898
0.9842465004091896
0.9928301484821347
0.9931674636451133
0.9868872526692737
0.9423396485224065
0.8142283121098779
0.7511255243477715
0.6679099933012634
0.5753749070695154
0.5044229675695434
0.4670191475873486
0.4386051444085535
0.41572759563034933
0.3835635333940776
0.379425865975611
0.4488710477875445
0.45021419624809567
0.520197837630225
0.6358730808276614
0.7111774004850211
0.7812264807448733
0.836507259921197
0.914250897557279
0.9722263219072608
0.984126702640958
0.9932947173938401
0.9936211557683629
0.9863890870371504
0.9341282362660747
0.8056722316238704
0.7538859776904684
0.665667023602879
0.5031721275113764
0.3081103906948233
0.29608318690670526
0.3176939652745334
0.3303668462786618
0.28408389612704077
0.335409371148784
0.4640581063043951
0.5446572338568352
0.5683164235128272
0.617488885956135
0.7120108468245645
0.7896717884380736
0.8301623638264819
0.9117762771232787
0.9753834878572397
0.9857240521299464
0.9920394861011198
0.9919127895722021
0.9851277207809936
0.9347945742118714
0.8230678586840234
0.7700641237703207
0.6840147782747802
0.6115543899574747
0.5358722886942661
0.49747855348577846
0.4600425807969933
0.40593231570418736
0.36462417668375263
0.3588422475457103
0.4910833932367428
0.5876771366530387
0.641701460101402
0.6914174378389206
0.7331238133812947
0.786570347360655
0.8507685265875934
0.9204887802387985
0.9763455374084188
0.9869547349786411
0.9938864251404393
0.9943321185820697
0.9895675267952664
0.9515671996301182
0.8490761238013506
0.8133318139944521
0.7600267391898483
0.7025550340435883
0.6443614206919425
0.6232618223198312
0.5944520700263978
0.5130522458247968
0.48787971615017833
0.4518107973675625
0.5605596258777674
0.6266462313763196
0.6761521434001632
0.7368767412577999
0.7811108521816269
0.8327812099017567
0.8753641921554305
0.9326880952986941
0.9791963812202188
0.988741471335488
0.9947089945734594
0.9948376490769353
0.9901847173565813
0.954234846485629
0.8562601899715985
0.8188129469505077
0.74541708039062
0.6384984835994084
0.5330132678371242
0.4742117358287431
0.441785573580466
0.39079502669052313
0.37228321440921863
0.40386210523397265
0.49233832026147567
0.5840362385806241
0.623092902210255
0.6861894544146219
0.7480034343672948
0.8107500445286329
0.8480495777016834
0.9179059069361675
0.9737363129854314
0.9840499186383971
0.9918471421291231
0.991810099418609
0.984731864005014
0.9319218482305733
0.767840195795584
0.6451269553251788
0.4372648362331645
0.20352268184089564
0.10530999928486581
0.10904031344717563
0.13980043016525967
0.21887588535846783
0.31093324115254356
0.35854016919636156
0.41138134310030355
0.4027209482652434
0.3990212133780348
0.4740563482200391
0.5661717471953659
0.6621454718588546
0.7245515169654413
0.8510328078431781
0.9560561428944054
0.9765890061219173
0.9886813400586375
0.98880557889302
0.9788097846342105
0.9087677645635521
0.7486117723295709
0.7056752115511794
0.6682088954111287
0.6231797662048338
0.5608290128118129
0.5272303317873064
0.48746427920758645
0.4476393520351415
0.4156086899861278
0.4070543438673235
0.48491299418004613
0.5182828869936124
0.5882003681546176
0.6887303897979807
0.7529359824733838
0.8158580618335005
0.8569963573963932
0.9248454526164385
0.9773683443091647
0.9874945150656649
0.994252621485581
0.9946786003040635
0.9898981718242513
0.9531153386072222
0.857216698386942
0.8187620439507017
0.7443596761487147
0.6872488524377763
0.6439973694870261
0.614773316466426
0.5637822786924149
0.5346591826186103
0.5012295789472375
0.4526788332983938
0.5685086803471414
0.650261468064256
0.6932881012132495
0.7447605556187558
0.8019717055089858
0.8471034673094934
0.8753430123676456
0.9368236001341051
0.9810337629690175
0.9886493049790853
0.9945254837869741
0.995301912366815
0.9898822646090845
0.9513611081766317
0.8416752381197719
0.8033540644527019
0.7944150986811389
0.7878798834291667
0.7533431528979281
0.7554131472737823
0.7629676200319772
0.7770554793320511
0.7904328766537275
0.7760560038855789
0.7972362833433948
0.7981344445426805
0.7975672941028189
0.8101947257652182
0.8236184951520475
0.8631355022430371
0.9003116394072188
0.9493952435913159
0.9842936608637429
0.9909844703884936
0.9957797418682814
0.9959977357017643
0.9919285665643154
0.9586967102935557
0.8658626846215122
0.8467771168746422
0.8200570730723412
0.7783886979418204
0.6906367391251859
0.6316767808155483
0.5490557840392652
0.48905665095031725
0.5089698180967861
0.5316632893266582
0.6441857849524631
0.704208209367844
0.7172017754123872
0.763881756191665
0.8084429466557272
0.8537033342975678
0.8787423926864119
0.9335006849535352
0.9799517722548332
0.9882939366502249
0.9945795730938432
0.9947299411329794
0.9899135274169979
0.9530909143916608
0.8592954862211688
0.8250300023990197
0.7663198309372597
0.7037238731190683
0.5615901508537232
0.35266431160645784
0.28306214721963807
0.24751835409165224
0.20198936967415426
0.2026781627364195
0.2895797663593959
0.4580335553832591
0.5825533273695808
0.6497156168059416
0.6962959329524873
0.7657052532474292
0.8185196888678882
0.901471905916643
0.9688173418098738
0.9787488104878362
0.9907208342095716
0.9927190159436993
0.9858430868086211
0.9356984711075286
0.8065223853113507
0.7534709630919519
0.6542972914079519
0.4581477322371647
0.21020526728248834
0.01952795180560876
0.0
0.0
0.0
0.0
0.0
0.0
0.0
0.049067457220470574
0.26111662384616985
0.4041717146980175
0.6071008762983151
0.8103050288573276
0.9416215811650162
0.9731307543828751
0.9901180701440845
0.9917827904113844
0.984013836385517
0.9271032944020219
0.7836032557958076
0.7339972999681657
0.636258314598123
0.4912684937030975
0.3824723696796906
0.3340330881814277
0.22133123497621798
0.05249836689609608
0.0
0.00020615501800253964
0.08260835281123648
0.27306619730875753
0.3882515423236112
0.5133900517353158
0.5627127220832765
0.6431400740424369
0.722584940013004
0.8782820409671953
0.9623331673369402
0.9792826733770307
0.9911446907765624
0.9916947634184067
0.9845223598388315
0.9268496690106478
0.7880440085296554
0.7321231188913045
0.5986496249615242
0.42788091550721896
0.3420261681615584
0.2775936984916115
0.19158285698216668
0.09944513341067258
0.06605564719864618
0.04368628344672486
0.15296015375848274
0.2771842940840919
0.33967674255037456
0.41872332060663336
0.5957716160652924
0.7102527757363789
0.7813857274109023
0.8843564087268986
0.967733034946939
0.9833765037303331
0.9925801536767417
0.9925810904702651
0.9851507918853627
0.9350612460804828
0.797457517958433
0.7424351762657697
0.6675760040536141
0.5402160385343893
0.38383210144262625
0.3137288726789622
0.25425323754463225
0.16954448745041203
0.09887913463707891
0.11615304370404246
0.1720331308793407
0.3046116804014115
0.4265934760740616
0.5170816209081505
0.5989630817703443
0.725723972180326
0.7821004542962221
0.87766988187821
0.9664735700284472
0.9827328154212233
0.9920227922940077
0.9929479467857675
0.9863541360963273
0.9352039164540661
0.8104991602743944
0.7540739153511223
0.659713307733022
0.5411789608172267
0.3934485576810335
0.3054043774656452
0.21862681763081493
0.1251728366412129
0.047140703428808294
0.034486635828042136
0.0726863119951167
0.2708608299329564
0.38974071291590157
0.49748457690170933
0.6211499212223633
0.7226847012732269
0.7820053017024068
0.8841477244545901
0.9672315944981021
0.9821293482980347
0.9922821953283166
0.9931462625464976
0.9869789394333606
0.9399857813729176
0.8211516997821757
0.7719551023711346
0.6914457990188999
0.6229615805176711
0.5067143851841047
0.4225960635927897
0.3973433698160639
0.4323143693749283
0.5014441336757168
0.5012183411860519
0.5195183164360612
0.5153032866147557
0.5419328859945024
0.6163325333435417
0.6741905545759889
0.7638944807167164
0.7872899302030194
0.8758769349154929
0.957541481900782
0.9756644802715797
0.9893825126143917
0.9909792947741118
0.9835584370716721
0.9285892584223716
0.8054773920524663
0.7780316931923436
0.759453615955377
0.7596822797265373
0.7600365527222112
0.7771961567660526
0.7862975453096219
0.7998798429176054
0.8200521153115077
0.8104383410065976
0.8157133507458583
0.7910467892490252
0.7731403524804774
0.8006968837700946
0.8295660026004937
0.8631161728514776
0.8878634182820693
0.9405797546957723
0.9821219787106282
0.9896111187743203
0.9952851685855524
0.9956355053703987
0.991493907331106
0.9612297387825877
0.885097661114964
0.8668806831143865
0.8479431074393952
0.8379331303044534
0.8179980988275157
0.8210284023125837
0.818595441621465
0.8121210248942
0.814922879309718
0.7916289492891779
0.8061938243868108
0.8122757343433472
0.8106779665646725
0.8378587006085242
0.8595235996299672
0.8892782408217543
0.9050654806393569
0.9457125243749088
0.9839740973899482
0.9914430953800597
0.9961137417305953
0.9963309142120002
0.9927868743981748
0.9661633080541887
0.8946757343611985
0.8691950223223545
0.830760300969786
0.7905071703167795
0.7439651482996327
0.727531838600241
0.6998047066799715
0.6721272458096982
0.6617293049112637
0.6163712501710641
0.7057944271336247
0.7426088682186284
0.7690526445249155
0.8067267003056596
0.8322183420407243
0.8830367351247841
0.9094213375808812
0.9466985127401685
0.9821209080940585
0.9899208735236912
0.9956277487190447
0.995790653742886
0.992168209162028
0.9619062342958196
0.8819336520456884
0.8612987533749183
0.8116947322836231
0.7612330801830168
0.7242127126852165
0.717499495523217
0.6917980242767764
0.6516019179794728
0.644496470655513
0.6221936032837602
0.6535739654914638
0.7253292260114574
0.7602549512292902
0.7931586498694437
0.8296913938250977
0.8739513738279219
0.9005557991879164
0.9488741461642676
0.9844935669668153
0.9909037962693744
0.9958091342039014
0.9960702091086062
0.992301469984703
0.962688130216791
0.8854861368970995
0.8573922739123345
0.8119309532261914
0.7707812819342618
0.7272194315819558
0.6824038608310011
0.6335186802395416
0.5928619603141179
0.5694966443433485
0.5403502702913817
0.6100690129121227
0.695127116244191
0.7267709346332302
0.7662173707760923
0.8098256362934446
0.8601994751936247
0.887510404236183
0.9408608596232818
0.982155680945776
0.9897654584818603
0.995283371529001
0.9953448763541243
0.9906013564853694
0.9545069345801213
0.8675849738494906
0.8423524422281714
0.7856869356252996
0.697519831001245
0.6403420828685892
0.6210745167724219
0.5536424022130791
0.48206984258763524
0.40595000350180527
0.34275139938926313
0.4413657688311602
0.6164814599288019
0.6771249387647372
0.7232544163687457
0.7795662162857944
0.8349307335419358
0.8733598542771769
0.9325459177042701
0.9794769017024462
0.9884068058215685
0.9944321174945642
0.9951002354421042
0.9907066745156324
0.9565635579299443
0.8649151939432301
0.828751875779124
0.7603392524936456
0.6877135400951552
0.5958124682152623
0.4898688629579784
0.34862442989593
0.2806456275604839
0.21541781089648987
0.15745601677667131
0.3006100576041235
0.5114477954252009
0.5675123628694079
0.6623407943048731
0.7487086156394409
0.8158735982933966
0.8528448213684758
0.9229245854868704
0.9778713233646809
0.9878603564908204
0.9946003311907132
0.9949176064010169
0.989728027566734
0.9521038023277258
0.851813791038109
0.8228655402299453
0.7756423550269191
0.7118366606725307
0.6086134288789312
0.5360686388984154
0.45910469021761474
0.41755474822920263
0.3768855733209605
0.31984453050295897
0.44377281062891444
0.5753133736760886
0.6515077154974702
0.7212713335209984
0.7677673089368627
0.8216776682927438
0.859539710642452
0.9275038307362781
0.9785293092577015
0.9885490662144475
0.9948270817406162
0.9951031854257901
0.9901981088629169
0.9538651784694964
0.8597591985558025
0.8298262177478719
0.7862422544269688
0.7397488724149429
0.6903921834371948
0.6884285232456404
0.69714079581301
0.6715354934496935
0.6003102168052973
0.5310652863323084
0.6138971471103858
0.6588098379105595
0.6782352093623945
0.7248085567601731
0.7706870085547716
0.8127861750134241
0.8493928067471695
0.9161291148058303
0.973868727504639
0.9857970719250284
0.993963032806147
0.9945282181152502
0.9890934084161612
0.9499853220054731
0.8535660042904835
0.8249826248718146
0.7709020874794001
0.711468657205374
0.6559728167751073
0.6152900160925703
0.5775939794386515
0.5295091593343796
0.47996474288959656
0.41339739274806675
0.509851510585724
0.5899290490392051
0.6380975274540548
0.680515228586183
0.7052245651430468
0.7573312560384792
0.8011893252622262
0.869651966359584
0.9508512546399112
0.9690858784837446
0.9847099070001848
0.9856275801481023
0.9747987011839491
0.8949629779932137
0.7225174347278401
0.7036047189408643
0.7146780806592695
0.7247406046937089
0.7191804968776232
0.7188934102167395
0.6869938915114808
0.6432295803750492
0.599245033749134
0.5464415853083205
0.6043432067976994
0.5983464424241876
0.6134614891481184
0.6645488798877263
0.7170128523615081
0.7685771633192428
0.8321691506589647
0.9145430156048974
0.9732821820275089
0.9834431614699977
0.9930790158081361
0.9933605282197947
0.9862456331700232
0.9381037877021283
0.8304458000852948
0.8127374181664442
0.7931313024388584
0.776011457534025
0.7256782870017747
0.7105683143945495
0.7054445340069296
0.718563303785587
0.7578031643892551
0.7552691573139743
0.767622328939396
0.7449127056257234
0.7178090959416248
0.7472354906898392
0.7835568210466882
0.8471982858965659
0.891122662129761
0.9455856468517801
0.9835770415526666
0.9904094384791163
0.9956967808432745
0.9958637813202454
0.9917633038325308
0.9630169429410275
0.884796122848426
0.8654898322854953
0.8310534744980745
0.7943832819482359
0.770106589749372
0.7837180488481973
0.7945274485019191
0.8084383918802505
0.8357052294979115
0.8268438546115157
0.8179312445843689
0.7717330413969313
0.7309542796048287
0.7491929438744329
0.7789818402793606
0.8195998011119655
0.8662478406577605
0.9346023526576063
0.9816633584125247
0.9899564931767374
0.9951927184420517
0.9951863304511456
0.9902343577357836
0.9541078591837211
0.8578307224499625
0.8444883408608783
0.8382659708727532
0.8353365302616971
0.8260226906436052
0.8355387261585178
0.8176934079979883
0.821258910115006
0.8445953899201821
0.8379793378270813
0.8319360003675482
0.7877873546569769
0.7632413014887328
0.7879687708136528
0.8084163618161622
0.8408168372748893
0.8695745887475168
0.9317836174961356
0.9781831078359011
0.9869660159214596
0.9942688905908659
0.9946113142410203
0.9896917909047132
0.9512407474841672
0.8480725577878191
0.8360414288898003
0.8002804528358091
0.7445736989061387
0.6920909202519073
0.6737663200709462
0.6472242554867716
0.6267271992954574
0.6090155822495477
0.6166503765483182
0.6712666087839508
0.6551746042601856
0.6744726006340084
0.7091135202307607
0.7290818378924644
0.7734793113312135
0.8163623939574148
0.9045222446394554
0.96853628085918
0.981987514497745
0.9917608552741808
0.9930383437301732
0.9855118484318841
0.928307681030252
0.7908353041984725
0.7926975190999686
0.8098282604960617
0.8193841629283785
0.8184382754481574
0.8247546680449097
0.8333457197000727
0.8440496774234726
0.850688607521428
0.8303359288730431
0.814614332102228
0.7685622086206108
0.7370029858467049
0.7503121835440045
0.7625727147180226
0.7988845773334747
0.832181378780761
0.9051192193733744
0.9708725568312631
0.9831138096541787
0.9923756430569305
0.9927847233934355
0.9855189891770697
0.9314798688079781
0.7956004917293388
0.7603736727000302
0.7335177259753763
0.7179996921288554
0.6974335089539042
0.6997062869620573
0.6994515335526572
0.6960837330101574
0.6959527292865614
0.6767319638294463
0.7172325768434997
0.7203631861156773
0.7613419398661729
0.8030582557414938
0.8178470356463882
0.8634303353974682
0.9005599452865982
0.9465937913527415
0.9826897274995714
0.990530600228334
0.9956473946539433
0.9956617020213755
0.9915906350864695
0.9606536014674921
0.8800794909938645
0.8627895392360363
0.8333960061231743
0.8101981412093088
0.7901676218432017
0.7912067202344956
0.7771480863914436
0.769039652742284
0.7813351320553172
0.7737444769890097
0.7924910966797672
0.7910127476210596
0.7962915014469368
0.8187808357731379
0.8432090101737866
0.873341674467661
0.8971009779424005
0.9455226458304936
0.9842394239500537
0.9909409940971999
0.9953974139389588
0.9950565289717387
0.9893618990362659
0.9499815470589422
0.8496685119274265
0.8381275162857916
0.8335837186060594
0.8325657210473015
0.8064819625579801
0.794116792630673
0.7801751215685665
0.783249114307538
0.7945427669028319
0.7791132521314357
0.7972453845100739
0.7879506517207672
0.7885648559109104
0.8209446300211052
0.8473110700550289
0.8855567720022453
0.9082820324671365
0.9505388516658333
0.9844412366804899
0.9912450867198402
0.9961381428673887
0.9963786214894497
0.9924949450595132
0.9632815489653702
0.8821814645852509
0.8680982798394079
0.853070785335549
0.8321171883863395
0.8164421322705528
0.8308611484852976
0.8392301729309402
0.8358678183190389
0.8353371155337823
0.8226539465207908
0.8232925740712206
0.7973210329362251
0.7930940591110502
0.824389914868316
0.8526149010134564
0.8853450642301576
0.9047204627319192
0.9458138887755593
0.9828955827956208
0.990438221029317
0.9955076546728766
0.9956051005623479
0.9911484910725988
0.9565022585258637
0.863738628978268
0.8472566331038861
0.8364475037855166
0.8274018772943236
0.8004779727767366
0.8009141985520644
0.7852257430559283
0.7732354684481996
0.7803975102733209
0.7566585782458656
0.7671351494597036
0.7385326298855525
0.7154530042483944
0.7582726492164094
0.8037905855720235
0.8520976201390669
0.8841085397829148
0.940002987191915
