0.9987536016196599
0.9986160273856769
0.8977696069530381
0.9987314885175407
0.9334884416146022
0.998195687549392
0.9378500295808909
0.9987963882982177
0.906281924433759
0.9987017274516826
0.9984926229549694
0.8782100107004813
0.9983045371836262
0.9038623402688869
0.8615834128835299
0.9981919731380617
0.907614674240644
0.9975252299738407
0.9984973333568397
0.9250995019027054
0.9980194588248541
0.9334367988180906
0.998731047614461
0.9059462588672531
0.9988153659181364
0.9359358893807977
0.9982306286826891
0.9384016501155442
0.9987995895513075
0.9086365052016129
0.9979961926187194
0.9735881115242785
0.9846098584135856
0.9490468108729175
0.9595729481047911
0.9523938147339589
0.8930588549983398
0.8997966371810895
0.9289976216624175
0.9333308122106494
0.9363976459909275
0.9389445124092027
0.9694115046643145
0.9697811838980988
0.9745953266580484
0.9793243407437766
0.6998142925936421
0.9976686286723256
0.9045494354834317
0.9975667452717702
0.9985349712919184
0.9270238167257617
0.9980538653015231
0.9349052307559419
0.8560615819782963
0.9870649042481455
0.969557717588883
0.959772939498078
0.9417802459580806
0.8932191938509776
0.8803246938063839
0.855029727842531
0.9085516661387076
0.926030261893685
0.9355576981243738
0.9434877605398797
0.9761868122654621
0.9592871779087396
0.98106218445317
0.9996807900211226
0.7255473779082624
0.9977073905886487
0.8980979034891124
0.9971962493667057
0.9135107791267998
0.9985612126380563
0.9053685775467938
0.9988665232709745
0.8682001125087404
0.9864880591767264
0.9674273431316625
0.9575976503729828
0.9386548152474417
0.8549162216172531
0.7677650724040059
0.6795386260979848
0.8339786526898381
0.9126806948509858
0.9003154011054963
0.9693137115933833
0.9522324898383765
0.9776831818273058
0.9796970494171993
0.9807969408515593
0.9943287865656185
0.8259612131666558
0.9980955406548202
0.914598669640632
0.9978014702608127
0.9292545000101796
0.9987101892351418
0.9064452105478784
0.9975580936293726
0.9874509885811121
0.973636701587932
0.9594682794426608
0.9715371845673926
0.9700863247571705
0.9381950763167639
0.948285032048399
0.9656544640703691
0.9681482740070901
0.9694790799121462
0.9718345014239606
0.9874865884316338
0.9885337699179066
0.9891321226048118
0.9893211558132161
0.8975338572263439
0.9987747253426464
0.9197458400648759
0.9990795679976839
0.9524888450871545
0.9987681117840985
0.9579655906445391
0.9992241815557024
0.9328251951782296
0.9903879642827541
0.9794543973291032
0.9764543293041718
0.9722571539732519
0.9521871598068256
0.9437133295800054
0.9322655390618123
0.9527524333729472
0.9569103688040004
0.9419236982829602
0.9806341279640914
0.9658650016788445
0.9833319306736632
0.9838547548694907
0.9838254396236225
0.9948570383872624
0.897624208451996
0.9983381129810961
0.8894526072509045
0.998697535658523
0.9372068611837037
0.9984058887470176
0.9472323657336565
0.9980887869483882
0.9895083871557895
0.9881935617193843
0.9859787041889552
0.9805475390742976
0.9639814805190489
0.9778210655066653
0.9756213100584351
0.9781034703230055
0.9802914664436249
0.9820601542718557
0.9839557989930237
0.7865018775379038
0.9981760965316169
0.9256273761894357
0.9981946713373827
0.9433739503769356
0.9990095872779176
0.9268829625967546
0.9991209913401934
0.9534144085081272
0.9987569649527707
0.9567490941594781
0.9991996019478206
0.9379536808438245
0.9992387102023987
0.9563041458903632
0.9987124368837339
0.9990644912891061
0.9425325744801382
0.9103357493000629
0.9987409906244155
0.9271947036697414
0.9979062302906434
0.9272921718033421
0.9986292221759976
0.9029397168286657
0.9988422083854097
0.998894349429459
0.9189434816148427
0.9990207691497066
0.9478584839132832
0.9985824600717089
0.9503227340349265
0.9990625718839802
0.928049754851102
0.9991093301979599
0.9500826206403852
0.9167795349290705
0.9878509311266641
0.9718686415289113
0.9664564720388644
0.9590530564739816
0.9234894244587086
0.8946306061974572
0.8302960446215307
0.850655976764789
0.8667668423551405
0.8811913050044086
0.8940831528678286
0.9062977907186077
0.9542287280073047
0.9615468308254467
0.999400276042417
0.4887833142301112
0.994659863062867
0.7330321175660836
0.9958413543119965
0.80611093495705
0.9947931745133906
0.8531822911618655
0.8514618541610568
0.9663872947715145
0.953325786097138
0.8215024688357813
0.5067282881562521
0.0
0.0
0.0
0.0
0.0
0.0
0.0
0.0
0.0
0.0
0.0
0.3325231716225309
0.0
0.0
0.0
0.0
0.4018192945874678
0.9913389353518166
0.6874043722778481
0.9959213426788669
0.24728685152789864
0.9663196562054783
0.8963338309231482
0.7448497610240931
0.2683522089288057
0.0
0.0
0.0
0.0
0.0
0.0
0.26624732246501
0.8241005345688998
0.9148454360328825
0.9426494021480304
0.9530354844506539
0.0
0.0
0.9910710907310615
0.6861251796171728
0.995709799608046
0.829520627108651
0.9954458409407588
0.8700691647236838
0.9733156217902603
0.9496812294998619
0.9217808637298243
0.8053018939527185
0.32406767957010774
0.0
0.0
0.0
0.0
0.0
0.0
0.0
0.44495966548557925
0.9074201070842226
0.9421116892973761
0.9990228182873568
0.0
0.0
0.0
0.9943074813660401
0.777330177274938
0.994066054442632
0.8462550611270845
0.8483047131337261
0.9625941987951768
0.9620824209596419
0.8808830125646098
0.6998123467754891
0.5558949139627057
0.219853079312685
0.0
0.0
0.0
0.0
0.0
0.17286694129807895
0.746729499460802
0.871837094627316
0.8628719150741484
0.9989642747879602
0.0
0.0
0.626999344583922
0.990155444849742
0.7672782315553683
0.9954078083000212
0.7678295010870133
0.9968413349008226
0.3188261305298978
0.9660439093255658
0.9486631920266009
0.8868849489617896
0.6405986859294872
0.0
0.0
0.0
0.0
0.0
0.40818696830781437
0.844126488555982
0.0
0.0
0.3797772713289687
0.9886251743365722
0.5707362579369231
0.9930986705091474
0.7443947217433794
0.9930744996889063
0.8156215094504374
0.9962252331699384
0.7753286370659495
0.9967804932007773
0.8350849742307035
0.9946609697705837
0.9961449171488687
0.7774252828548369
0.9900610818496696
0.6433735069002772
0.9685114846398124
0.10307788472618608
0.08526627416489535
0.7725912566935387
0.07230146532359868
0.947196532649294
0.9557582587720194
0.39241669342664176
0.9908362916198372
0.7390746953495871
0.9932961326340336
0.8313026035054405
0.9968018290906722
0.8085413396002594
0.9974896854428401
0.8778058592215711
0.9965579969006274
0.8939090237038453
0.9980554918070967
0.9973886788049968
0.9145155008936477
0.9982395788554174
0.8671279952813207
0.9981061815976509
0.8878301341275169
0.8250366146423282
0.9973696710318346
0.8648889588903468
0.9960517577484244
0.9975010312812912
0.8749304114798616
0.9964398250467463
0.8868753648695629
0.9977039977611251
0.8418647481836964
0.9978935059891476
0.8930546590507816
0.9970000895665965
0.9021699126441597
0.9980330231660831
0.8602854995631203
0.9981822908047735
0.7183463316299459
0.9821374775914663
0.9626089906934373
0.9602007190392452
0.9385790477122258
0.9551806439563779
0.929641894497002
0.901395948730679
0.9447420179183601
0.9426702943328382
0.9403058101642839
0.9418084606246463
0.9718825306206957
0.973158207705545
0.9745549556185094
0.9752095953835921
0.6534589671435512
0.9945807730790206
0.8653062425892806
0.9975535168706646
0.8413645762547233
0.9979234274038628
0.8950591150400734
0.997025438052433
0.7125071188714541
0.9785498984469042
0.9361721658002586
0.8120498549858907
0.06760883080295409
0.0
0.0
0.0
0.0
0.0
0.0
0.0
0.0
0.0
0.7028740195982381
0.91095682734825
0.0
0.0
0.7521724895794822
0.9957568844166604
0.782582296006082
0.9970146178674358
0.855599039652501
0.9956466691423929
0.5257515231750923
0.9639030551207485
0.8622757830387257
0.5248915351813597
0.0
0.0
0.0
0.0
0.0
0.26692098370390827
0.5410723820652563
0.7049268636874978
0.9292873518689999
0.9495360935520736
0.9564312164734639
0.9568175592990737
0.0
0.0
0.7656437989560858
0.9957422641721223
0.7722430894181995
0.9969184282412011
0.8511381073386791
0.9957527507199753
0.5577790630762065
0.9763309551794037
0.9372522686476656
0.8832934085220192
0.6568538502142314
0.03258929710485554
0.0
0.0
0.0
0.0
0.0
0.0
0.0
0.0
0.0
0.0
0.0
0.0
0.0
0.0
0.0
0.9925422967936031
0.6938015752845419
0.9902282870169852
0.26795933484823065
0.9526603253803454
0.9125891885586777
0.7284067716771151
0.0
0.0
0.0
0.0
0.0
0.0
0.0
0.0
0.0
0.0
0.0
0.0
0.0
0.0
0.0
0.0
0.0
0.0
0.0
0.0
0.21730490242297937
0.9417159967402737
0.9165457157504188
0.0
0.0
0.0
0.0
0.0
0.0
0.0
0.0
0.0
0.0
0.0
0.0
0.0
0.0
0.0
0.7695950076505629
0.4765024538491891
0.9939957957656418
0.7696298939313732
0.9931441398154905
0.7930556288202455
0.19351024244641968
0.8833564345701211
0.23529359003724296
0.0
0.0
0.0
0.0
0.0
0.0
0.0
0.0
0.0
0.0
0.0
0.0
0.14973271687849482
0.0
0.0
0.0
0.0
0.0
0.0
0.0
0.0
0.0
0.0
0.0
0.0
0.0
0.0
0.0
0.0
0.0
0.0
0.0
0.0
0.0
0.0
0.0
0.0
0.0
0.0
0.0
0.0
0.0
0.0
0.0
0.0
0.0
0.05260279103592581
0.0
0.0
0.0
0.0
0.0
0.0
0.0
0.0
0.0
0.0
0.0
0.0
0.0
0.9824881343429841
0.0
0.0
0.0
0.0
0.0
0.0
0.0
0.0
0.17672574771155294
0.837344600832504
0.368769903354311
0.0
0.0
0.0
0.0
0.0
0.0
0.0
0.0
0.0
0.0
0.0
0.0
0.0
0.0
0.0
0.0
0.0
0.0
0.0
0.0
0.0
0.0
0.8413513630650593
0.2311824549648119
0.0
0.0
0.0
0.0
0.0
0.0
0.0
0.0
0.0
0.0
0.0
0.0
0.0
0.0
0.0
0.0
0.0
0.0
0.0
0.0
0.45032817825060434
0.843015504568248
0.9482073041100754
0.9330641840092958
0.920389744233716
0.8262488024128289
0.8918771532030044
0.8861004084349999
0.7909607002506467
0.9177591936819602
0.9377091879446194
0.9480094372537472
0.9991895185721739
0.0
0.659210556353349
0.9930773664251208
0.8516713323353198
0.9976325315609732
0.8557121646286683
0.9982137047127665
0.912156194775836
0.9975644329216508
0.9163225023152289
0.9982938361261927
0.8747406789345691
0.9983689098717208
0.9137708245908157
0.9974128732638933
0.9980807651722491
0.8796424869131018
0.9957978657465055
0.8494972064614501
0.821984688018363
0.9939365361295561
0.8174346410039302
0.996082987843621
0.7690909164684958
0.9968447357183724
0.8555218900686388
0.9961780051374248
0.8922724338079728
0.9981309581377847
0.9975216962931905
0.9215372994378839
0.9985707375281836
0.8964182701678276
0.9986657838369416
0.9273943004341337
0.8949075835980554
0.9971258684310642
0.9821482429925832
0.9515972373079781
0.8737250219984352
0.6830581532672734
0.0221181981307508
0.0
0.0
0.0
0.0
0.0
0.2602503669779995
0.7325900035570638
0.932285943896092
0.9559382924929155
0.9651645890413915
0.0
0.7866534428187898
0.9969016825410902
0.8308948499346077
0.9979314902837597
0.8988190783331198
0.9971862989233662
0.9068376516536995
0.9914094792523043
0.9584630561543885
0.9396282565562837
0.8753569447300711
0.525056461120468
0.0
0.0
0.0
0.0
0.0
0.0
0.0
0.7874088508649988
0.9399606489529382
0.956878869527717
0.9593912183551101
0.0
0.0
0.6284076019182643
0.9948928726766747
0.9953285208695308
0.7451460602632427
0.9968063723124152
0.8615500195008529
0.4106622884073606
0.9745485699293922
0.9339512632249755
0.9065271802893475
0.8128548211884662
0.4919398438604694
0.07115871097234233
0.0
0.0
0.07424344263355985
0.5015437159672591
0.7853088962234497
0.952748527776478
0.9630565456374363
0.9371761680188054
0.9994465806206803
0.0
0.9932431805220853
0.7464688052482648
0.9968044139076112
0.8584954549948629
0.995914023341574
0.8709289619594542
0.9974638152090188
0.46794402360168563
0.9747645455737437
0.9381341922448536
0.9286121094784274
0.8913026475049114
0.9183251992882401
0.8330533943159896
0.8423511603270565
0.8739463894918855
0.8890768270663184
0.8482806591504722
0.9472874024764915
0.9322017693518366
0.9650693160526089
0.9666166458473733
0.9718360722145962
0.9853643991235963
0.8430608362114043
0.9962901843122205
0.8938062624674081
0.9981331091207515
0.8711565885994945
0.998327905242597
0.915934577524708
0.9938974636460296
0.9647910491185776
0.9552431465371228
0.9361812134040707
0.8875065932347039
0.6062274145725999
0.1436827623331416
0.0
0.0
0.0
0.0873100341037328
0.6538239325233159
0.9352794516679233
0.9499596028982962
0.9582210553579601
0.9628557781322947
0.0
0.0
0.995643517049206
0.8495428055593717
0.9960721272019663
0.8792442650005498
0.9976270840559177
0.8486796205801962
0.6905354281182334
0.9723898965143679
0.9408607328218891
0.8326208450914238
0.35766403112120937
0.0
0.0
0.0
0.0
0.0
0.0
0.34133460093516943
0.0
0.0
0.0
0.0
0.39363379005750504
0.9778578142712051
0.6147600923590425
0.9911360421314377
0.7146825981087099
0.996708892630141
0.8560303478384717
0.9960580293951053
0.8867885102703581
0.9977298910943543
0.9960065046327021
0.8401797737503145
0.9958997769901612
0.7330260113576528
0.9953988581008121
0.7795077445488
0.6929442328349448
0.9947595956351565
0.775094121829508
0.9934272857190767
0.9961855103528073
0.8411053811968078
0.9957764416486091
0.8740414317950357
0.9976101554752518
0.844153030989893
0.9980114198099214
0.9033476793296664
0.9973750945454581
0.9161776792013225
0.9984003756956895
0.8797439652768013
0.8093938417829337
0.9769443761736251
0.9151604676385183
0.6413001828534678
0.0
0.0
0.0
0.0
0.0
0.0
0.0
0.0
0.7580801177165044
0.8400316451009295
0.7830375995027946
0.998216398151673
0.0
0.0
0.5704392830224531
0.9932575653666087
0.745091993653071
0.9943973133650952
0.8511950032019007
0.9963241114460343
0.23733252322180604
0.9535710769196076
0.6430051782573569
0.0
0.0
0.0
0.0
0.0
0.0
0.0
0.0
0.0
0.0
0.0
0.0
0.0
0.0
0.0
0.0
0.0
0.9897519233226537
0.6772407002603823
0.9958133091510837
0.8293578579209694
0.957924793831667
0.9421571128012487
0.9177591075497016
0.8630634002785507
0.7151222804425252
0.4054708269700263
0.0
0.0
0.0
0.0
0.0
0.0
0.6158279715096217
0.8511680268610236
0.9281398387069785
0.9470990661719487
0.0
0.0
0.6712760073225699
0.9924636544622902
0.808380436035713
0.9953167850646072
0.693620035360179
0.9956565227520862
0.26630979266296795
0.9535319543781605
0.7749424530422093
0.41757124191317746
0.0
0.0
0.0
0.0
0.0
0.0
0.0
0.0
0.0
0.07984622614085231
0.5730588935718576
0.9927060814269768
0.0
0.0
0.0
0.0
0.0
0.0
0.0
0.0
0.0
0.43902200197032565
0.0
0.0
0.0
0.0
0.0
0.0
0.0
0.0
0.0
0.0
0.0
0.0
0.0
0.0
0.0
0.0
0.0
0.0
0.0
0.0
0.0
0.0
0.10600822660511958
0.9970303349890813
0.37339260781760125
0.0
0.0
0.0
0.0
0.0
0.0
0.0
0.0
0.0
0.0
0.0
0.0
0.0
0.0
0.0
0.0
0.0
0.0
0.0
0.0
0.0
0.0
0.2966254178853171
0.0
0.0
0.0
0.0
0.0
0.0
0.0
0.0
0.0
0.0
0.0
0.0
0.0
0.0
0.0
0.5092952854632377
0.9886438820542794
0.6184971889873249
0.9945612526637018
0.8000625589071451
0.9948312658778851
0.8601421011401784
0.974649786466628
0.9569199594032693
0.9543417788951214
0.9537838438638936
0.9514055064595044
0.9242566680808424
0.9218094074475907
0.9210109948674938
0.9437489761737125
0.9210143594823679
0.9440987257590536
0.9436715573726255
0.9736050686060442
0.9768713067811178
0.9792828724669969
0.9798153200479259
0.7401801315228093
0.9959054133856539
0.8920741489936542
0.9982385231555642
0.8892640986184571
0.9986992860204733
0.934847885547553
0.9982600297053935
0.8852683861394146
0.9879470755529325
0.9744076241708539
0.972585836955896
0.9573956315299559
0.9697589050337103
0.9388427613353327
0.9510903864322071
0.9666580313880485
0.9674598594485605
0.9676002832829915
0.9674889243529825
0.969482703319772
0.9850142054803465
0.9854861733965046
0.9858967509517336
0.9959325706030117
0.915139993748633
0.9986513700375428
0.9086731728191713
0.9989360453036863
0.9467115602570747
0.9985596476459724
0.9480035477108952
0.99806277655414
0.98848492887823
0.9747808560782034
0.959918280025281
0.9693984085532944
0.9522821039177174
0.9512746808855059
0.9501280773906194
0.965739988395489
0.9653877625593672
0.9484585364637189
0.9677588394455939
0.9850554148708989
0.9856412955415665
0.9868163449860521
0.9870964279018616
0.9970943272925907
0.9194319044267387
0.9980570578839272
0.9370587053583133
0.9988809771161224
0.9178948563276075
0.9990044821627976
0.9465032355843608
0.9017453642979556
0.9877506106984028
0.9654041526510339
0.9513225652376034
0.9248874045271595
0.8314157627141983
0.768332455632801
0.7161901997936667
0.6681001183143198
0.9327084020641137
0.9545655889003624
0.9592036931782552
0.9815564101703012
0.9804376784162644
0.959305903126109
0.9994373796203627
0.0
0.9964475816528269
0.8692416597631335
0.9944155679742376
0.8104262831463391
0.9953657405317987
0.7235575140275611
0.9956844009767206
0.23113932802547243
0.9493445126066721
0.8140054211076159
0.47729723366595384
0.15548428951150084
0.0
0.0
0.0
0.0
0.0
0.0
0.13418541911705478
0.03153518918015825
0.0
0.684905061429901
0.853606751703174
0.0
0.0
0.0
0.6528778066216735
0.9956357021281144
0.8358042726826748
0.9958606077453315
0.8809644604940949
0.4973136402817637
0.9995589425772482
0.9641080597703428
0.9042868772921618
0.9310958745576893
0.8956220401003067
0.7412734760068942
0.8262629144500203
0.8517784540772771
0.8773675109113841
0.913979169551782
0.9391543108437627
0.0
0.0
0.9860393404031698
0.7318682193375122
0.7752045964031866
0.9945726308414072
0.8583408803233935
0.997444109901767
0.9966367575952052
0.8965741435116231
0.9980855263072367
0.8655563656948423
0.9982167673690704
0.9037101081699048
0.9969541464758059
0.8860935313458432
0.9971019367043243
0.7607486961412351
0.9952300633329629
0.7263619622555739
0.5660239348608593
0.9883353335788561
0.9911844003166626
0.6552818582726047
0.9953571438997584
0.8130068974804807
0.9944698103594296
0.8466033638038489
0.9970538567168656
0.8182243411045987
0.9975991986406085
0.8804452939109321
0.9966318550343316
0.9978494418901765
0.8894420911795752
0.8474312384743803
0.9979515699107538
0.9979306068974786
0.8579506329539494
0.9980833816773066
0.8932731430604428
0.9967523488970256
0.8806773623624344
0.8565682174081323
0.994474192531995
0.7895758006540471
0.9957469986732697
0.9946950143892539
0.8419650829305146
0.9966706024024028
0.790744257911082
0.997172735400202
0.8660296638833366
0.996170558054647
0.8773562061833855
0.9974939025931338
0.8328847560113549
0.997769589480049
0.8894113089629544
0.9968548925816364
0.7187247623248625
0.9721564640491709
0.940302415994726
0.9166339918778164
0.7179949868830683
0.17077714316712783
0.0
0.0
0.0
0.0
0.0
0.11547837822847642
0.7291039649792393
0.9199840799805066
0.9449019376031565
0.9585219277628845
0.0
0.6160114712853129
0.9950937698798118
0.8212203076293307
0.9953702944783678
0.8660828998867984
0.9972121124543243
0.8052223297096152
0.9853663478239983
0.9094532932359939
0.818869879666766
0.7032333991007831
0.5215020007602567
0.047283641598396806
0.0
0.0
0.0
0.0
0.0
0.0
0.11647511931684683
0.6851071324958289
0.8714051893705693
0.9215362407925047
0.0
0.0
0.0
0.5709977732220878
0.9934431999533703
0.7562254418865119
0.9929616354845906
0.8002840873602586
0.2045740894124551
0.8858723222812864
0.18378002951853403
0.0
0.0
0.0
0.0
0.0
0.0
0.0
0.0
0.0
0.0
0.0
0.0
0.9921813188419163
0.0
0.0
0.0
0.0
0.0
0.9810677968275884
0.6813231079247343
0.990032920174207
0.2997012854994592
0.9529547755098677
0.7154974161306078
0.16407029967695727
0.0
0.0
0.0
0.0
0.0
0.0
0.0
0.0
0.0
0.0
0.31042303170708224
0.6813768120170531
0.0
0.0
0.0
0.0
0.0
0.6398513495989986
0.9918316046940037
0.8060149041383091
0.9437248033550315
0.9551502547158569
0.8167770659568498
0.0
0.0
0.0
0.0
0.0
0.0
0.0
0.0
0.0
0.0
0.0
0.0
0.0
0.0
0.0
0.0
0.0
0.9776570634382521
0.45204817835950456
0.986521456721198
0.5689943693569527
0.9855250484837155
0.6074620902989996
0.9464700063335875
0.07595355359096223
0.0
0.0
0.0
0.0
0.0
0.0
0.0
0.0
0.7978842284686684
0.2682855282775071
0.9850415449588867
0.5356705233369283
0.9847865439858922
0.6925074093779208
0.9929181758029872
0.6585885899141365
0.9949436644112213
0.7694962569376105
0.9927167929434194
0.8207561061913412
0.9629097436096586
0.9620827103609312
0.9056554751334909
0.8182302748408733
0.7193521719508107
0.4823108123033126
0.261739766380166
0.20393520737351545
0.24894820873447118
0.2311153277081108
0.5937847368954516
0.9264369989686844
0.9060525572428689
0.9574430442316337
0.9628911220482322
0.9646317585218002
0.0
0.7147834851035257
0.9952554774696525
0.7544916781622563
0.9965482598169966
0.8413547127924852
0.9954258170311259
0.859485623166574
0.36455214531880004
0.9684052939490947
0.9253237914662443
0.9128944571654902
0.8920816785612474
0.7907938789637013
0.7449546853470506
0.7245743234794261
0.7406194866460253
0.7339029889762564
0.6546804577504719
0.7449473400406803
0.9154753697472129
0.9274524787896946
0.9399209351481109
0.9466530029661928
0.0
0.0
0.6289109997684631
0.9950899931281857
0.8061116769656921
0.9950261032618346
0.8591726606381879
0.9973284430183218
0.4556790828937025
0.9779353953225629
0.9479888809195421
0.9360620429737844
0.8829369561904872
0.9059688902007171
0.8590245886027386
0.8101057532337191
0.9012490838310987
0.9120524927874498
0.9176612218949254
0.9272229703893193
0.9721039234209022
0.975975506377007
0.9571742271005884
0.9996084165052382
0.5962681464706077
0.9967774571974787
0.8300798620917331
0.9979545537451463
0.9054105450740538
0.9975574567960568
0.923520287122512
0.9985727863212457
0.7912784455720427
0.9841732479565439
0.96466022445504
0.9608792115607946
0.9368583000933344
0.9515363802152251
0.8951385102758037
0.9054662496872095
0.928464309250245
0.9260863526876244
0.9209733212497164
0.921569963918373
0.9401100437967432
0.9719686470430635
0.9750581203693651
0.9772003835356814
0.9909166046374132
0.7780233328782847
0.9974506760060525
0.8863713418357716
0.9969445632242624
0.904041737127782
0.9981783579130541
0.8672466819673874
0.993523822113784
0.9739989035942623
0.9131997716117645
0.6619523200030274
0.12457977892131887
0.0
0.0
0.0
0.0
0.0
0.0
0.0
0.0
0.8084169751359463
0.9065122347514986
0.9140395356306417
0.0
0.0
0.0
0.6190344199282747
0.9893414673398145
0.6651374959151816
0.9792228692276492
0.1748332333452758
0.8265883321825452
0.3494917582145044
0.0
0.0
0.0
0.0
0.0
0.0
0.0
0.0
0.0
0.0
0.0
0.0
0.0
0.0
0.0
0.6439292340670926
0.9921780222256454
0.6706343016165149
0.9954163939090921
0.8162930161620867
0.9948842922186221
0.852083741550937
0.9969735768934965
0.8032244845699101
0.9972056550206325
0.8572623230552737
0.9955899416394315
0.8588350366636882
0.9971497667196678
0.8235415135852875
0.9976199233163281
0.882192976195571
0.996727250879033
0.8969856188613293
0.997977642000277
0.8605623915600628
0.9982043007119733
0.9077355192989416
0.9974553341212956
0.9173391336317797
0.9984490612110433
0.8912720592733111
0.9986374460688935
0.9259311675272711
0.9978998174664515
0.9267956389829809
0.9959265664193063
0.982547516782928
0.9601226043187726
0.9318702684162423
0.9448312849022857
0.9071846368121053
0.8915348268950299
0.8698147802244384
0.9157665093743934
0.9303913791959426
0.9138976023797842
0.9752092674962575
0.9613221974513977
0.9831663423087426
0.9844052660861956
0.9845738125990094
0.9945982465773093
0.8955990241641552
0.9983647124035706
0.8929879158845793
0.9987262333358342
0.9354779184758816
0.9982792455339917
0.9404627778816511
0.9974683867715265
0.9723671917525707
0.9814189488865347
0.9209983448365711
0.8934474457180395
0.7799881152730836
0.7955853170530811
0.8069866458510544
0.8872469788331793
0.9040258629207661
0.8706939587907051
0.9565488065666162
0.9404682494120709
0.9733029186320984
0.9776646595252765
0.9807328243171646
0.9938102725188988
0.8215837215344375
0.9980126843264728
0.9087331350975487
0.9974333624719067
0.9072914323454211
0.9978832156151075
0.8370496884567267
0.9907331683670335
0.9337145957133337
0.9064124194321469
0.8679132349314601
0.7910511241795316
0.5913362691632826
0.4727494201366452
0.3146607431769947
0.3043987328651244
0.31438692180631
0.26795922793934235
0.6190706379935028
0.5962639874385146
0.7787854947106129
0.8429919564111554
0.8804202039667988
0.0
0.0
0.0
0.6398647551866371
0.995646529238167
0.839533212045432
0.9960702697936284
0.8832090116833544
0.48662182704378676
0.9749039642237423
0.9285764233899884
0.8709367193568778
0.6712207617101483
0.1596205690689783
0.0
0.0
0.0
0.0
0.0
0.0
0.0
0.0
0.7342444416237134
0.8987675739418908
0.0
0.0
0.0
0.6395282453143406
0.9904791986567747
0.7490379497731294
0.9935192391070652
0.6417315924156396
0.26258044903518984
0.9034457503843514
0.6435518285398493
0.23778488144609522
0.0
0.0
0.0
0.0
0.0
0.0
0.0
0.0
0.0
0.07924320593231589
0.7079440717795121
0.858604326758818
0.0
0.0
0.0
0.0
0.979015365671349
0.6661505249542563
0.9892404826127688
0.7367220081939998
0.134820114719747
0.9985718631181577
0.8313712859835654
0.28479306455140385
0.0
0.0
0.0
0.0
0.0
0.0
0.0
0.0
0.0
0.0
0.0
0.0
0.0
0.5800183214972484
0.9871132497607636
0.5301309885640846
0.992084680745154
0.7294897704462007
0.9929282485383011
0.80449411950225
0.9950150208233998
0.6778494818997343
0.991465314227071
0.23291152883971633
0.0
0.0
0.0
0.0
0.0
0.0
0.0
0.0
0.0
0.0
0.0
0.0
0.0
0.8046990574001659
0.0945665436948419
0.9527639056274962
0.19344982971931687
0.9377775728536779
0.3886997012012695
0.02681157323633643
0.2072938149115045
0.0
0.0
0.0
0.0
0.0
0.0
0.0
0.0
0.0
0.0
0.0
0.0
0.0
0.0
0.0
0.0
0.0
0.0
0.0
0.0
0.0
0.5420398966368357
0.22116180745245062
0.9614906044242483
0.9196646991141009
0.8959400551568076
0.7988083259442413
0.40989529093484683
0.0215317222485881
0.0
0.0
0.0
0.0
0.0
0.0
0.4925985359815334
0.8590751178093755
0.8910190829793028
0.0
0.0
0.0
0.0
0.0
0.0
0.9857390562419872
0.64974288290244
0.8238057119733062
0.7934139227722043
0.6232781118460661
0.3534821433467967
0.0
0.0
0.0
0.0
0.0
0.0
0.0
0.0
0.0
0.0
0.6687555980408807
0.8377710796568835
0.0
0.0
0.0
0.0
0.9835806884527727
0.7298980509101736
0.9911751286739415
0.7593710991778281
0.9133263562018856
0.9328601964576686
0.7676339564730765
0.5532248705937721
0.41605983806136426
0.0
0.0
0.0
0.0
0.0
0.0
0.0
0.0
0.0
0.5882089143312599
0.9967787783781676
0.0
0.0
0.0
0.0
0.0
0.0
0.0
0.0
0.2179519727814754
0.7819941053788299
0.019213251286055028
0.0
0.0
0.0
0.0
0.0
0.0
0.0
0.0
0.0
0.70003080129878
0.88297138398164
0.9407832222509345
0.9545623678498972
0.0
0.0
0.5317502589304396
0.9945670285572414
0.7307048431407785
0.9964423197473853
0.8412215304559528
0.9954965211831074
0.49931345096663854
0.9687965460461236
0.9614345227443792
0.9542170777516618
0.945535187325545
0.9326411778667003
0.8462474252163008
0.8920600468993947
0.8878313845432287
0.8898135680061234
0.8947610424736023
0.9060901364880304
0.0
0.0
0.9871854178128946
0.6835894272201116
0.8319391109542412
0.9973038548446562
0.8326366030525387
0.9977414721040261
0.9976324912306845
0.835537464807413
0.9977686916456349
0.88412774780202
0.996566409334123
0.8820826864848401
0.9973152225991406
0.7939600939405828
0.9960261561644591
0.7203042972344599
0.981181704089933
0.3122173838907459
0.7574272412626585
0.0
0.0
0.0
0.0
0.0
0.9668167357007652
0.5401356225071925
0.9939418143751882
0.794190213196462
0.9942672060141359
0.833728921130105
0.9964535333705306
0.9951298747438764
0.8584604327164489
0.8625255274866687
0.977330164541049
0.934163215600709
0.5043893102400224
0.0
0.0
0.0
0.0
0.0
0.0
0.0
0.0
0.0
0.0
0.0
0.0
0.0
0.0
0.0
0.0
0.0
0.0
0.0
0.47779417255839995
0.9800812578714397
0.18370694596153792
0.883616783441166
0.6284733370379025
0.2703422380112685
0.0
0.0
0.0
0.0
0.0
0.0
0.0
0.0
0.0
0.0
0.0
0.0
0.0
0.0
0.0
0.0
0.0
0.6394142034688363
0.9948129544671246
0.7909498789697812
0.9402652421040145
0.9359067590375716
0.9574418084378948
0.866921433282232
0.8927047141271889
0.8233768337577265
0.7594085389108343
0.6188432733791598
0.5834593988036324
0.4761514018328653
0.4226018895735159
0.4392934977820754
0.8002148739729695
0.9003129244765481
0.8928579742243987
0.9991401104717733
0.0
0.0
0.5571657801884864
0.9950387973514087
0.7481802270720246
0.9966347495488947
0.8447248254787595
0.9953453867467588
0.4896755468133055
0.9511022108948787
0.795745192268664
0.5505740161600793
0.0
0.0
0.0
0.0
0.0
0.0
0.0
0.0
0.0
0.0
0.454874889464632
0.7560974622497493
0.0
0.0
0.0
0.0
0.0
0.6153584028096821
0.9936137113508159
0.7337821965016604
0.907851584316509
0.9136503143459506
0.940045011325259
0.7700505363007949
0.6670566285221127
0.21035275521467162
0.0
0.0
0.0
0.0
0.0
0.0
0.0
0.0
0.677682542319229
0.8409309609871741
0.0
0.0
0.0
0.0
0.0
0.9875438153149029
0.7236307288651436
0.9938863252879643
0.16370731395204083
0.918025620953279
0.7860052492603573
0.2692498119708868
0.0
0.0
0.0
0.0
0.0
0.0
0.0
0.0
0.0
0.0
0.0
0.0
0.0
0.0
0.0
0.0
0.0
0.44276348646307756
0.9922007695482643
0.755642991172736
0.9927871514503113
0.7488037495508852
0.9881766024500692
0.15921890399032607
0.0
0.0
0.0
0.0
0.0
0.0
0.0
0.0
0.0
0.0
0.0
0.0
0.0
0.0
0.0
0.0
0.0
0.0
0.0
0.0
0.0
0.0
0.0
0.0
0.0
0.0
0.0
0.0
0.0
0.0
0.0
0.0
0.0
0.0
0.0
0.0
0.0
0.0
0.0
0.0
0.0
0.0
0.0
0.0
0.8002232908265597
0.7601817052981928
0.006529850355290105
0.0
0.0
0.0
0.0
0.0
0.0
0.0
0.0
0.0
0.0
0.0
0.17757357062188162
0.6859432538745567
0.0
0.0
0.0
0.0
0.0
0.0
0.9905571671940151
0.649390492283641
0.2747143071499174
0.9264295161710743
0.7059969921834471
0.23776449783542086
0.0
0.0
0.0
0.0
0.0
0.0
0.0
0.0
0.0
0.0
0.0
0.0
0.0
0.0
0.0
0.0
0.0
0.0
0.0
0.0
0.010900584904657411
0.0
0.0
0.0
0.0
0.0
0.0
0.0
0.0
0.0
0.0
0.0
0.0
0.0
0.0
0.0
0.0
0.0
0.0
0.0
0.0
0.0
0.0
0.0
0.0
0.0
0.0
0.0
0.0
0.0
0.0
0.0
0.0
0.0
0.0
0.0
0.0
0.0
0.0
0.9018401296027978
0.0
0.0
0.0
0.0
0.0
0.0
0.0
0.0
0.0667536064067929
0.8550000596309998
0.5960400285031142
0.0
0.0
0.0
0.0
0.0
0.0
0.0
0.0
0.0
0.0
0.0
0.0
0.0
0.0
0.0
0.0
0.0
0.0
0.0
0.0
0.0
0.0
0.0
0.0
0.0
0.0
0.0
0.0
0.0
0.0
0.0
0.0
0.0
0.0
0.0
0.140889852059831
0.9225193408463469
0.32546274633103045
0.9879273132328378
0.6867147382043274
0.9921062515100508
0.8115465716952952
0.9962723923254581
0.7768235963466085
0.9967562796762629
0.3114572446446522
0.9634751896534316
0.915435482177941
0.9090188802987035
0.8735748048279166
0.7629358769520296
0.7090641361116846
0.6084256250401432
0.6462609099449691
0.6141621512602243
0.6374211934333249
0.6279124151476321
0.8724396088601436
0.9161656563988615
0.9476415877508233
0.9519509053425681
0.0
0.9829106990706878
0.7869755792663546
0.9941591260610747
0.8466050048349331
0.997302959957127
0.828641468058435
0.9976950595537095
0.5089823720493917
0.9752281250895692
0.9318140591128892
0.8893148234539691
0.795481610893586
0.49178749373650943
0.4322453951911908
0.3862896334142729
0.06806289527754865
0.0394890427708754
0.034846093138580475
0.0
0.17083269202279322
0.684702161651736
0.8368675518339244
0.9222391408818754
0.0
0.0
0.0
0.5042490332660406
0.9941099589054712
0.7208539076400811
0.9960044929361844
0.8212376437270034
0.26569675853390046
0.9621223022291994
0.8252864983309178
0.4590558807697568
0.0
0.0
0.0
0.0
0.0
0.0
0.0
0.0
0.0
0.0
0.0
0.0
0.0
0.0
0.0
0.0
0.0
0.0
0.0
0.43219590586974677
0.8242675370446392
0.891682565269949
0.02051011546619775
0.0
0.0
0.0
0.0
0.0
0.0
0.0
0.0
0.0
0.0
0.0
0.0
0.0
0.0
0.0
0.0
0.0
0.0
0.0
0.0
0.0
0.0
0.2492827925646048
0.0
0.0
0.0
0.0
0.0
0.0
0.0
0.0
0.0
0.0
0.0
0.0
0.0
0.5396376420241286
0.0
0.0
0.0
0.0
0.0
0.0
0.6723984086615992
0.99487152962155
0.16726269580735095
0.9375023650509886
0.995067118700323
0.0
0.0
0.0
0.0
0.0
0.0
0.0
0.0
0.0
0.0
0.0
0.0
0.0
0.0
0.0
0.0
0.0
0.0
0.0
0.0
0.0
0.0
0.0
0.0
0.0
0.0
0.0
0.0
0.0
0.0
0.0
0.0
0.0
0.0
0.0
0.0
0.0
0.0
0.0
0.0
0.0
0.0
0.0
0.0
0.0
0.0
0.08198790219309891
0.0
0.0
0.0
0.0
0.0
0.0
0.0
0.0
0.0
0.0
0.0
0.0
0.0
0.0
0.0
0.0
0.0
0.0
0.0
0.0
0.0
0.0
0.11215607218899222
0.8966643142661709
0.7378289036797699
0.684845083476869
0.6666223452686502
0.47950680339360785
0.15779019866351052
0.0
0.0
0.0
0.0
0.0
0.0
0.0
0.0
0.0
0.0
0.0
0.0
0.0
0.0
0.0
0.0
0.0
0.0
0.7555129759276513
0.023331230088228943
0.0
0.0
0.0
0.0
0.0
0.0
0.0
0.0
0.0
0.0
0.0
0.0
0.0
0.0
0.0
0.0
0.0
0.0
0.0
0.0
0.0
0.2082791209631381
0.9373160175898217
0.8395247735414794
0.8388273170935507
0.8275878081510395
0.7919790210481572
0.6651095064622214
0.5205499627163753
0.22397391125192595
0.0
0.0
0.0
0.13629669801989858
0.5797918018118071
0.8048978555169393
0.9977709138276258
0.0
0.0
0.0
0.0
0.691439798516961
0.9961364805664471
0.8389037845517661
0.995818486015081
0.5509658045739783
0.9660115983908428
0.8910734138078529
0.80768028903093
0.6499109594196785
0.37254319795971536
0.23095518176263755
0.0
0.0
0.0
0.0
0.0
0.0
0.0
0.3825883575200717
0.8651999996727766
0.0
0.0
0.0
0.0
0.47155274951738974
0.9926440786109062
0.6617604376334449
0.7789808451588343
0.9338496709918128
0.9450888570709425
0.8259416965326651
0.28985246326501857
0.0
0.0
0.0
0.0
0.0
0.0
0.0
0.0
0.0
0.0
0.0
0.0
0.0
0.0
0.0
0.0
0.9767974953107506
0.6360160039406026
0.9922403767407619
0.6673620536637427
0.9953959815614507
0.9943741175315506
0.551209724623326
0.9584238550931029
0.0
0.0
0.0
0.0
0.0
0.0
0.0
0.0
0.0
0.0
0.0
0.0
0.0
0.0
0.0
0.0
0.0
0.0
0.0
0.14065834712268516
0.0
0.41593077393874345
0.0
0.0
0.0
0.0
0.0
0.0
0.0
0.0
0.0
0.0
0.0
0.0
0.0
0.0
0.0
0.0
0.0
0.0
0.0
0.0
0.0
0.0
0.5992740204037756
0.2999225154555038
0.0
0.0
0.0
0.0
0.0
0.0
0.0
0.0
0.0
0.0
0.0
0.0
0.0
0.0
0.0
0.0
0.0
0.0
0.0
0.0
0.0
0.0
0.0
0.0
0.0
0.0
0.0
0.0
0.0
0.0
0.0
0.0
0.0
0.0
0.0
0.0
0.0
0.0
0.0
0.0
0.0
0.0
0.0
0.0
0.0
0.0
0.0
0.22071080112382344
0.0
0.0
0.0
0.0
0.0
0.0
0.0
0.0
0.0
0.0
0.0
0.0
0.0
0.0
0.0
0.0
0.0
0.0
0.0
0.0
0.0
0.0
0.0
0.34803621719086025
0.0
0.0
0.0
0.0
0.0
0.0
0.0
0.0
0.0
0.0
0.0
0.0
0.0
0.0
0.0
0.0
0.0
0.0
0.0
0.0
0.0
0.0
0.1246510935054691
0.9947784148213826
0.02220903677403272
0.0
0.0
0.0
0.0
0.0
0.0
0.0
0.0
0.0
0.0
0.0
0.0
0.0
0.0
0.0
0.0
0.0
0.0
0.0
0.0
0.0
0.0
0.0
0.0
0.0
0.0
0.0
0.0
0.0
0.0
0.0
0.0
0.0
0.0
0.0
0.0
0.0
0.0
0.0
0.0
0.0
0.0
0.0
0.0
0.0
0.0
0.0
0.0
0.0
0.0
0.0
0.0
0.0
0.0
0.0
0.0
0.0
0.0
0.0
0.0
0.0
0.0
0.0
0.0
0.0
0.0
0.0
0.0
0.0
0.0
0.0
0.0
0.0
0.0
0.0
0.0
0.0
0.0
0.0
0.0
0.0
0.0
0.0
0.0
0.0
0.0
0.0
0.0
0.0
0.0
0.0
0.0
0.0
0.0
0.0
0.0
0.0
0.0
0.0
0.0
0.0
0.0
0.0
0.0
0.0
0.0
0.0
0.0
0.0
0.0
0.0
0.0
0.0
0.0
0.0
0.0
0.0
0.0
0.0
0.0
0.0
0.0
0.0
0.0
0.0
0.0
0.0
0.0
0.0
0.0
0.0
0.0
0.0
0.0
0.0
0.0
0.0
0.0
0.0
0.0
0.0
0.0
0.1847413928426118
0.0
0.0
0.0
0.0
0.0
0.0
0.0
0.0
0.0
0.0
0.0
0.0
0.0
0.0
0.0
0.0
0.0
0.0
0.0
0.0
0.0
0.0
0.0
0.9944290680842722
0.3936166623935632
0.0
0.0
0.0
0.0
0.0
0.0
0.0
0.0
0.0
0.0
0.0
0.0
0.0
0.0
0.0
0.0
0.0
0.0
0.3382856417024648
0.9741960008626555
0.9874051309736529
0.5352804815436718
0.9373603549790728
0.0
0.0
0.0
0.0
0.0
0.0
0.0
0.0
0.0
0.0
0.0
0.0
0.0
0.0
0.0
0.0
0.0
0.0
0.0
0.0
0.0
0.19225054390648294
0.4214729147383162
0.8978708385481254
0.7908380548796525
0.7788403505609863
0.708906405202102
0.47732010269132497
0.0317193408432362
0.0
0.0
0.0
0.0
0.0
0.0
0.0
0.0
0.10012186330977996
0.0
0.0
0.0
0.0
0.0
0.6031994190169373
0.9900129405221229
0.7596760648920837
0.9160849151274135
0.8883124529211166
0.21805451315374177
0.0
0.0
0.0
0.0
0.0
0.0
0.0
0.0
0.0
0.0
0.0
0.0
0.0
0.0
0.0
0.0
0.0
0.0
0.0
0.0
0.0
0.05343870065049212
0.794250251315839
0.20243932830949318
0.0
0.0
0.0
0.0
0.0
0.0
0.0
0.0
0.0
0.0
0.0
0.0
0.0
0.0
0.0
0.0
0.0
0.0
0.0
0.0
0.0
0.15057806783881814
0.5712244782564789
0.0
0.0
0.0
0.0
0.0
0.0
0.0
0.0
0.0
0.0
0.0
0.0
0.0
0.0
0.0
0.0
0.0
0.0
0.0
0.0
0.0
0.0
0.061006953199962424
0.2570125670395396
0.0
0.0
0.0
0.0
0.0
0.0
0.0
0.0
0.0
0.0
0.0
0.0
0.0
0.0
0.0
0.0
0.0
0.0
0.0
0.0
0.0
0.0
0.0
0.0
0.0
0.0
0.0
0.0
0.0
0.0
0.0
0.0
0.0
0.0
0.0
0.0
0.0
0.0
0.0
0.0
0.0
0.0
0.0
0.0
0.0
0.0
0.0
0.0
0.0
0.0
0.0
0.0
0.0
0.0
0.0
0.0
0.0
0.0
0.0
0.0
0.0
0.0
0.0
0.0
0.0
0.0
0.0
0.0
0.0
0.0
0.0
0.05945370363347482
0.0
0.0
0.0
0.0
0.0
0.0
0.0
0.0
0.0
0.0
0.0
0.0
0.0
0.0
0.0
0.0
0.0
0.0
0.0
0.0
0.0
0.0
0.17508378079716708
0.8920721566291625
0.4404945591988475
0.0
0.0
0.0
0.0
0.0
0.0
0.0
0.0
0.0
0.0
0.0
0.0
0.0
0.0
0.0
0.0
0.0
0.0
0.0
0.0
0.0
0.93272434023655
0.8521021055208827
0.48320090112581116
0.0
0.0
0.0
0.0
0.0
0.0
0.0
0.0
0.0
0.0
0.0
0.0
0.0
0.0
0.0
0.0
0.0
0.0
0.0
0.0
0.0
0.0
0.0
0.0
0.0
0.0
0.0
0.0
0.0
0.0
0.0
0.0
0.0
0.0
0.0
0.0
0.0
0.0
0.0
0.0
0.0
0.0
0.0
0.0
0.0
0.05259538944913395
0.34586800754427377
0.0
0.0
0.0
0.0
0.0
0.0
0.0
0.0
0.0
0.0
0.0
0.0
0.0
0.0
0.0
0.0
0.0
0.0
0.0
0.0
0.0
0.0
0.0
0.0
0.0
0.0
0.0
0.0
0.0
0.0
0.0
0.0
0.0
0.0
0.0
0.0
0.0
0.0
0.0
0.0
0.0
0.0
0.0
0.0
0.0
0.0
0.0
0.0
0.0
0.0
0.0
0.0
0.0
0.0
0.0
0.0
0.0
0.0
0.0
0.0
0.0
0.0
0.0
0.0
0.0
0.0
0.0
0.0
0.0
0.0
0.0
0.0
0.0
0.0
0.0
0.0
0.0
0.0
0.0
0.0
0.0
0.0
0.0
0.0
0.0
0.0
0.0
0.0
0.0
0.0
0.0
0.0
0.0
0.0
0.0
0.7846344130488675
0.22581954646635355
0.0
0.0
0.0
0.0
0.0
0.0
0.0
0.0
0.0
0.0
0.0
0.0
0.0
0.0
0.0
0.0
0.0
0.0
0.0
0.0
0.0
0.0
0.5496178626413186
0.0
0.0
0.0
0.0
0.0
0.0
0.0
0.0
0.0
0.0
0.0
0.0
0.0
0.0
0.0
0.0
0.0
0.0
0.0
0.0
0.0
0.0
0.0
0.0
0.0
0.0
0.0
0.0
0.0
0.0
0.0
0.0
0.0
0.0
0.0
0.0
0.0
0.0
0.0
0.0
0.0
0.0
0.0
0.0
0.0
0.0
0.0
0.0
0.0
0.0
0.0
0.0
0.0
0.0
0.0
0.0
0.0
0.0
0.0
0.0
0.0
0.0
0.0
0.0
0.0
0.0
0.0
0.0
0.0
0.0
0.0
0.0
0.0
0.0
0.0
0.0
0.0
0.0
0.0
0.0
0.0
0.0
0.0
0.0
0.0
0.0
0.0
0.0
0.0
0.0
0.0
0.0
0.0
0.0
0.0
0.0
0.0
0.0
0.0
0.0
0.0
0.0
0.0
0.0
0.0
0.0
0.0
0.0
0.0
0.0
0.0
0.0
0.0
0.0
0.0
0.0
0.0
0.0
0.0
0.0
0.0
0.0
0.0
0.0
0.0
0.0
0.0
0.0
0.0
0.0
0.0
0.0
0.0
0.0
0.0
0.0
0.0
0.0
0.0
0.0
0.0
0.0
0.0
0.0
0.0
0.0
0.0
0.0
0.0
0.0
0.0
0.0
0.0
0.0
0.0
0.0
0.0
0.0
0.0
0.0
0.0
0.0
0.0
0.0
0.0
0.0
0.0
0.0
0.0
0.0
0.0
0.0
0.0
0.0
0.0
0.0
0.0
0.0
0.0
0.0
0.0
0.0
0.0
0.0
0.0
0.0
0.0
0.0
0.0
0.0
0.0
0.0
0.0
0.0
0.0
0.0
0.0
0.0
0.0
0.0
0.0
0.0
0.0
0.0
0.0
0.0
0.0
0.0
0.0
0.0
0.0
0.0
0.0
0.0
0.0
0.0
0.0
0.0
0.0
0.0
0.0
0.0
0.0
0.0
0.0
0.0
0.0
0.0
0.0
0.0
0.0
0.0
0.0
0.0
0.0
0.0
0.0
0.0
0.0
0.0
0.0
0.0
0.0
0.0
0.0
0.0
0.0
0.0
0.0
0.0
0.0
0.0
0.0
0.0
0.0
0.0
0.0
0.0
0.0
0.0
0.0
0.0
0.0
0.0
0.0
0.0
0.0
0.0
0.0
0.0
0.0
0.0
0.0
0.0
0.0
0.0
0.0
0.0
0.0
0.0
0.0
0.0
0.0
0.0
0.0
0.0
0.0
0.0
0.0
0.0
0.0
0.0
0.0
0.0
0.0
0.0
0.0
0.0
0.0
0.0
0.0
0.0
0.0
0.0
0.0
0.0
0.0
0.0
0.0
0.0
0.0
0.0
0.0
0.0
0.0
0.0
0.0
0.0
0.0
0.0
0.0
0.0
0.0
0.0
0.0
0.0
0.0
0.0
0.0
0.0
0.0
0.0
0.0
0.0
0.0
0.0
0.0
0.0
0.0
0.0
0.0
0.0
0.0
0.0
0.0
0.0
0.0
0.0
0.0
0.0
0.0
0.0
0.0
0.0
0.0
0.0
0.0
0.0
0.0
0.0
0.0
0.0
0.0
0.0
0.0
0.0
0.0
0.0
0.0
0.0
0.0
0.0
0.0
0.0
0.0
0.0
0.0
0.0
0.0
0.0
0.0
0.0
0.0
0.0
0.0
0.0
0.0
0.0
0.0
0.0
0.0
0.0
0.0
0.0
0.0
0.0
0.0
0.0
0.0
0.0
0.0
0.0
0.0
0.0
0.0
0.0
0.0
0.0
0.0
0.0
0.0
0.0
0.0
0.0
0.0
0.0
0.0
0.0
0.0
0.0
0.0
0.0
0.0
0.0
0.0
0.0
0.0
0.0
0.0
0.0
0.0
0.0
0.0
0.0
0.0
0.0
0.0
0.0
0.0
0.0
0.0
0.0
0.0
0.0
0.0
0.0
0.0
0.0
0.0
0.0
0.0
0.0
0.0
0.0
0.0
0.0
0.0
0.0
0.0
0.0
0.0
0.0
0.0
0.0
0.0
0.0
0.0
0.0
0.0
0.0
0.0
0.0
0.0
0.0
0.0
0.0
0.0
0.0
0.0
0.0
0.0
0.0
0.0
0.0
0.0
0.0
0.0
0.0
0.0
0.0
0.0
0.0
0.0
0.0
0.0
0.0
0.0
0.0
0.0
0.0
0.0
0.0
0.0
0.0
0.0
0.0
0.0
0.0
0.0
0.0
0.0
0.0
0.0
0.0
0.0
0.0
0.0
0.0
0.0
0.0
0.0
0.0
0.0
0.0
0.0
0.0
0.0
0.0
0.0
0.0
0.0
0.0
0.0
0.0
0.0
0.0
0.0
0.0
0.0
0.0
0.0
0.0
0.0
0.0
0.0
0.0
0.0
0.0
0.0
0.0
0.0
0.0
0.0
0.0
0.0
0.0
0.0
0.0
0.0
0.0
0.0
0.0
0.0
0.0
0.0
0.0
0.0
0.0
0.0
0.0
0.0
0.0
0.0
0.0
0.0
0.0
0.0
0.0
0.0
0.0
0.0
0.0
0.0
0.0
0.0
0.0
0.0
0.0
0.0
0.0
0.0
0.0
0.0
0.0
0.0
0.0
0.0
0.0
0.0
0.0
0.0
0.0
0.0
0.0
0.0
0.0
0.0
0.0
0.0
0.0
0.0
0.0
0.0
0.0
0.0
0.0
0.0
0.0
0.0
0.0
0.0
0.0
0.0
0.0
0.0
0.0
0.0
0.0
0.0
0.0
0.0
0.0
0.0
0.0
0.0
0.0
0.0
0.0
0.0
0.0
0.0
0.0
0.0
0.0
0.0
0.0
0.0
0.0
0.0
0.0
0.0
0.0
0.0
0.0
0.0
0.0
0.0
0.0
0.0
0.0
0.0
0.0
0.0
0.0
0.0
0.0
0.0
0.0
0.0
0.0
0.0
0.0
0.0
0.0
0.0
0.0
0.0
0.0
0.0
0.0
0.0
0.0
0.0
0.0
0.0
0.0
0.0
0.0
0.0
0.0
0.0
0.0
0.0
0.0
0.0
0.0
0.0
0.0
0.0
0.0
0.0
0.0
0.0
0.0
0.0
0.0
0.0
0.0
0.0
0.0
0.0
0.0
0.0
0.0
0.0
0.0
0.0
0.0
0.0
0.0
0.0
0.0
0.0
0.0
0.0
0.0
0.0
0.0
0.0
0.0
0.0
0.0
0.0
0.0
0.0
0.0
0.0
0.0
0.0
0.0
0.0
0.0
0.0
0.0
0.0
0.0
0.0
0.0
0.0
0.0
0.0
0.0
0.0
0.0
0.0
0.0
0.0
0.0
0.0
0.0
0.0
0.0
0.0
0.0
0.0
0.0
0.0
0.0
0.0
0.0
0.0
0.0
0.0
0.0
0.0
0.0
0.0
0.0
0.0
0.0
0.0
0.0
0.0
0.0
0.0
0.0
0.0
0.0
0.0
0.0
0.0
0.0
0.0
0.0
0.0
0.0
0.0
0.0
0.0
0.0
0.0
0.0
0.0
0.0
0.0
0.0
0.0
0.0
0.0
0.0
0.0
0.0
0.0
0.0
0.0
0.0
0.0
0.0
0.0
0.0
0.0
0.0
0.0
0.0
0.0
0.0
0.0
0.0
0.0
0.0
0.0
0.0
0.0
0.0
0.0
0.0
0.0
0.0
0.0
0.0
0.0
0.0
0.0
0.0
0.0
0.0
0.0
0.0
0.0
0.0
0.0
0.0
0.0
0.0
0.0
0.0
0.0
0.0
0.0
0.0
0.0
0.0
0.0
0.0
0.0
0.0
0.0
0.0
0.0
0.0
0.0
0.0
0.0
0.0
0.0
0.0
0.0
0.0
0.0
0.0
0.0
0.0
0.0
0.0
0.0
0.0
0.0
0.0
0.0
0.0
0.0
0.0
0.0
0.0
0.0
0.0
0.0
0.0
0.0
0.0
0.0
0.0
0.0
0.0
0.0
0.0
0.0
0.0
0.0
0.0
0.0
0.0
0.0
0.0
0.0
0.0
0.0
0.0
0.0
0.0
0.0
0.0
0.0
0.0
0.0
0.0
0.0
0.0
0.0
0.0
0.0
0.0
0.0
0.0
0.0
0.0
0.0
0.0
0.0
0.0
0.0
0.0
0.0
0.0
0.0
0.0
0.0
0.0
0.0
0.0
0.0
0.0
0.0
0.0
0.0
0.0
0.0
0.0
0.0
0.0
0.0
0.0
0.0
0.0
0.0
0.0
0.0
0.0
0.0
0.0
0.0
0.0
0.0
0.0
0.0
0.0
0.0
0.0
0.0
0.0
0.0
0.0
0.0
0.0
0.0
0.0
0.0
0.0
0.0
0.0
0.0
0.0
0.0
0.0
0.0
0.0
0.0
0.0
0.0
0.0
0.0
0.0
0.0
0.0
0.0
0.0
0.0
0.0
0.0
0.0
0.0
0.0
0.0
0.0
0.0
0.0
0.0
0.0
0.0
0.0
0.0
0.0
0.0
0.0
0.0
0.0
0.0
0.0
0.0
0.0
0.0
0.0
0.0
0.0
0.0
0.0
0.0
0.0
0.0
0.0
0.0
0.0
0.0
0.0
0.0
0.0
0.0
0.0
0.0
0.0
0.0
0.0
0.0
0.0
0.0
0.0
0.0
0.0
0.0
0.0
0.0
0.0
0.0
0.0
0.0
0.0
0.0
0.0
0.0
0.0
0.0
0.0
0.0
0.0
0.0
0.0
0.0
0.0
0.0
0.0
0.0
0.0
0.0
0.0
0.0
0.0
0.0
0.0
0.0
0.0
0.0
0.0
0.0
0.0
0.0
0.0
0.0
0.0
0.0
0.0
0.0
0.0
0.0
0.0
0.0
0.0
0.0
0.0
0.0
0.0
0.0
0.0
0.0
0.0
0.0
0.0
0.0
0.0
0.0
0.0
0.0
0.0
0.0
0.0
0.0
0.0
0.0
0.0
0.0
0.0
0.0
0.0
0.0
0.0
0.0
0.0
0.0
0.0
0.0
0.0
0.0
0.0
0.0
0.0
0.0
0.0
0.0
0.0
0.0
0.0
0.0
0.0
0.0
0.0
0.0
0.0
0.0
0.0
0.0
0.0
0.0
0.0
0.0
0.0
0.0
0.0
0.0
0.0
0.0
0.0
0.0
0.0
0.0
0.0
0.0
0.0
0.0
0.0
0.0
0.0
0.0
0.0
0.0
0.0
0.0
0.0
0.0
0.0
0.0
0.0
0.0
0.0
0.0
0.0
0.0
0.0
0.0
0.0
0.0
0.0
0.0
0.0
0.0
0.0
0.0
0.0
0.0
0.0
0.0
0.0
0.0
0.0
0.0
0.0
0.0
0.0
0.0
0.0
0.0
0.0
0.0
0.0
0.0
0.0
0.0
0.0
0.0
0.0
0.0
0.0
0.0
0.0
0.0
0.0
0.0
0.0
0.0
0.0
0.0
0.0
0.0
0.0
0.0
0.0
0.0
0.0
0.0
0.0
0.0
0.0
0.0
0.0
0.0
0.0
0.0
0.0
0.0
0.0
0.0
0.0
0.0
0.0
0.0
0.0
0.0
0.0
0.0
0.0
0.0
0.0
0.0
0.0
0.0
0.0
0.0
0.0
0.0
0.0
0.0
0.0
0.0
0.0
0.0
0.0
0.0
0.0
0.0
0.0
0.0
0.0
0.0
0.0
0.0
0.0
0.0
0.0
0.0
0.0
0.0
0.0
0.0
0.0
0.0
0.0
0.0
0.0
0.0
0.0
0.0
0.0
0.0
0.0
0.0
0.0
0.0
0.0
0.0
0.0
0.0
0.0
0.0
0.0
0.0
0.0
0.0
0.0
0.0
0.0
0.0
0.0
0.0
0.0
0.0
0.0
0.0
0.0
0.0
0.0
0.0
0.0
0.0
0.0
0.0
0.0
0.0
0.0
0.0
0.0
0.0
0.0
0.0
0.0
0.0
0.0
0.0
0.0
0.0
0.0
0.0
0.0
0.0
0.0
0.0
0.0
0.0
0.0
0.0
0.0
0.0
0.0
0.0
0.0
0.0
0.0
0.0
0.0
0.0
0.0
0.0
0.0
0.0
0.0
0.0
0.0
0.0
0.0
0.0
0.0
0.0
0.0
0.0
0.0
0.0
0.0
0.0
0.0
0.0
0.0
0.0
0.0
0.0
0.0
0.0
0.0
0.0
0.0
0.0
0.0
0.0
0.0
0.0
0.0
0.0
0.0
0.0
0.0
0.0
0.0
0.0
0.0
0.0
0.0
0.0
0.0
0.0
0.0
0.0
0.0
0.0
0.0
0.0
0.0
0.0
0.0
0.0
0.0
0.0
0.0
0.0
0.0
0.0
0.0
0.0
0.0
0.0
0.0
0.0
0.0
0.0
0.0
0.0
0.0
0.0
0.0
0.0
0.0
0.0
0.0
0.0
0.0
0.0
0.0
0.0
0.0
0.0
0.0
0.0
0.0
0.0
0.0
0.0
0.0
0.0
0.0
0.0
0.0
0.0
0.0
0.0
0.0
0.0
0.0
0.0
0.0
0.0
0.0
0.0
0.0
0.0
0.0
0.0
0.0
0.0
0.0
0.0
0.0
0.0
0.0
0.0
0.0
0.0
0.0
0.0
0.0
0.0
0.0
0.0
0.0
0.0
0.0
0.0
0.0
0.0
0.0
0.0
0.0
0.0
0.0
0.0
0.0
0.0
0.0
0.0
0.0
0.0
0.0
0.0
0.0
0.0
0.0
0.0
0.0
0.0
0.0
0.0
0.0
0.0
0.0
0.0
0.0
0.0
0.0
0.0
0.0
0.0
0.0
0.0
0.0
0.0
0.0
0.0
0.0
0.0
0.0
0.0
0.0
0.0
0.0
0.0
0.0
0.0
0.0
0.0
0.0
0.0
0.0
0.0
0.0
0.0
0.0
0.0
0.0
0.0
0.0
0.0
0.0
0.0
0.0
0.0
0.0
0.0
0.0
0.0
0.0
0.0
0.0
0.0
0.0
0.0
0.0
0.0
0.0
0.0
0.0
0.0
0.0
0.0
0.0
0.0
0.0
0.0
0.0
0.0
0.0
0.0
0.0
0.0
0.0
0.0
0.0
0.0
0.0
0.0
0.0
0.0
0.0
0.0
0.0
0.0
0.0
0.0
0.0
0.0
0.0
0.0
0.0
0.0
0.0
0.0
0.0
0.0
0.0
0.0
0.0
0.0
0.0
0.0
0.0
0.0
0.0
0.0
0.0
0.0
0.0
0.0
0.0
0.0
0.0
0.0
0.0
0.0
0.0
0.0
0.0
0.0
0.0
0.0
0.0
0.0
0.0
0.0
0.0
0.0
0.0
0.0
0.0
0.0
0.0
0.0
0.0
0.0
0.0
0.0
0.0
0.0
0.0
0.0
0.0
0.0
0.0
0.0
0.0
0.0
0.0
0.0
0.0
0.0
0.0
0.0
0.0
0.0
0.0
0.0
0.0
0.0
0.0
0.0
0.0
0.0
0.0
0.0
0.0
0.0
0.0
0.0
0.0
0.0
0.0
0.0
0.0
0.0
0.0
0.0
0.0
0.0
0.0
0.0
0.0
0.0
0.0
0.0
0.0
0.0
0.0
0.0
0.0
0.0
0.0
0.0
0.0
0.0
0.0
0.0
0.0
0.0
0.0
0.0
0.0
0.0
0.0
0.0
0.0
0.0
0.0
0.0
0.0
0.0
0.0
0.0
0.0
0.0
0.0
0.0
0.0
0.0
0.0
0.0
0.0
0.0
0.0
0.0
0.0
0.0
0.0
0.0
0.0
0.0
0.0
0.0
0.0
0.0
0.0
0.0
0.0
0.0
0.0
0.0
0.0
0.0
0.0
0.0
0.0
0.0
0.0
0.0
0.0
0.0
0.0
0.0
0.0
0.0
0.0
0.0
0.0
0.0
0.0
0.0
0.0
0.0
0.0
0.0
0.0
0.0
0.0
0.0
0.0
0.0
0.0
0.0
0.0
0.0
0.0
0.0
0.0
0.0
0.0
0.0
0.0
0.0
0.0
0.0
0.0
0.0
0.0
0.0
0.0
0.0
0.0
0.0
0.0
0.0
0.0
0.0
0.0
0.0
0.0
0.0
0.0
0.0
0.0
0.0
0.0
0.0
0.0
0.0
0.0
0.0
0.0
0.0
0.0
0.0
0.0
0.0
0.0
0.0
0.0
0.0
0.0
0.0
0.0
0.0
0.0
0.0
0.0
0.0
0.0
0.0
0.0
0.0
0.0
0.0
0.0
0.0
0.0
0.0
0.0
0.0
0.0
0.0
0.0
0.0
0.0
0.0
0.0
0.0
0.0
0.0
0.0
0.0
0.0
0.0
0.0
0.0
0.0
0.0
0.0
0.0
0.0
0.0
0.0
0.0
0.0
0.0
0.0
0.0
0.0
0.0
0.0
0.0
0.0
0.0
0.0
0.0
0.0
0.0
0.0
0.0
0.0
0.0
0.0
0.0
0.0
0.0
0.0
0.0
0.0
0.0
0.0
0.0
0.0
0.0
0.0
0.0
0.0
0.0
0.0
0.0
0.0
0.0
0.0
0.0
0.0
0.0
0.0
0.0
0.0
0.0
0.0
0.0
0.0
0.0
0.0
0.0
0.0
0.0
0.0
0.0
0.0
0.0
0.0
0.0
0.0
0.0
0.0
0.0
0.0
0.0
0.0
0.0
0.0
0.0
0.0
0.0
0.0
0.0
0.0
0.0
0.0
0.0
0.0
0.0
0.0
0.0
0.0
0.0
0.0
0.0
0.0
0.0
0.0
0.0
0.0
0.0
0.0
0.0
0.0
0.0
0.0
0.0
0.0
0.0
0.0
0.0
0.0
0.0
0.0
0.0
0.0
0.0
0.0
0.0
0.0
0.0
0.0
0.0
0.0
0.0
0.0
0.0
0.0
0.0
0.0
0.0
0.0
0.0
0.0
0.0
0.0
0.0
0.0
0.0
0.0
0.0
0.0
0.0
0.0
0.0
0.0
0.0
0.0
0.0
0.0
0.0
0.0
0.0
0.0
0.0
0.0
0.0
0.0
0.0
0.0
0.0
0.0
0.0
0.0
0.0
0.0
0.0
0.0
0.0
0.0
0.0
0.0
0.0
0.0
0.0
0.0
0.0
0.0
0.0
0.0
0.0
0.0
0.0
0.0
0.0
0.0
0.0
0.0
0.0
0.0
0.0
0.0
0.0
0.0
0.0
0.0
0.0
0.0
0.0
0.0
0.0
0.0
0.0
0.0
0.0
0.0
0.0
0.0
0.0
0.0
0.0
0.0
0.0
0.0
0.0
0.0
0.0
0.0
0.0
0.0
0.0
0.0
0.0
0.0
0.0
0.0
0.0
0.0
0.0
0.0
0.0
0.0
0.0
0.0
0.0
0.0
0.0
0.0
0.0
0.0
0.0
0.0
0.0
0.0
0.0
0.0
0.0
0.0
0.0
0.0
0.0
0.0
0.0
0.0
0.0
0.0
0.0
0.0
0.0
0.0
0.0
0.0
0.0
0.0
0.0
0.0
0.0
0.0
0.0
0.0
0.0
0.0
0.0
0.0
0.0
0.0
0.0
0.0
0.0
0.0
0.0
0.0
0.0
0.0
0.0
0.0
0.0
0.0
0.0
0.0
0.0
0.0
0.0
0.0
0.0
0.0
0.0
0.0
0.0
0.0
0.0
0.0
0.0
0.0
0.0
0.0
0.0
0.0
0.0
0.0
0.0
0.0
0.0
0.0
0.0
0.0
0.0
0.0
0.0
0.0
0.0
0.0
0.0
0.0
0.0
0.0
0.0
0.0
0.0
0.0
0.0
0.0
0.0
0.0
0.0
0.0
0.0
0.0
0.0
0.0
0.0
0.0
0.0
0.0
0.0
0.0
0.0
0.0
0.0
0.0
0.0
0.0
0.0
0.0
0.0
0.0
0.0
0.0
0.0
0.0
0.0
0.0
0.0
0.0
0.0
0.0
0.0
0.0
0.0
0.0
0.0
0.0
0.0
0.0
0.0
0.0
0.0
0.0
0.0
0.0
0.0
0.0
0.0
0.0
0.0
0.0
0.0
0.0
0.0
0.0
0.0
0.0
0.0
0.0
0.0
0.0
0.0
0.0
0.0
0.0
0.0
0.0
0.0
0.0
0.0
0.0
0.0
0.0
0.0
0.0
0.0
0.0
0.0
0.0
0.0
0.0
0.0
0.0
0.0
0.0
0.0
0.0
0.0
0.0
0.0
0.0
0.0
0.0
0.0
0.0
0.0
0.0
0.0
0.0
0.0
0.0
0.0
0.0
0.0
0.0
0.0
0.0
0.0
0.0
0.0
0.0
0.0
0.0
0.0
0.0
0.0
0.0
0.0
0.0
0.0
0.0
0.0
0.0
0.0
0.0
0.0
0.0
0.0
0.0
0.0
0.0
0.0
0.0
0.0
0.0
0.0
0.0
0.0
0.0
0.0
0.0
0.0
0.0
0.0
0.0
0.0
0.0
0.0
0.0
0.0
0.0
0.0
0.0
0.0
0.0
0.0
0.0
0.0
0.0
0.0
0.0
0.0
0.0
0.0
0.0
0.0
0.0
0.0
0.0
0.0
0.0
0.0
0.0
0.0
0.0
0.0
0.0
0.0
0.0
0.0
0.0
0.0
0.0
0.0
0.0
0.0
0.0
0.0
0.0
0.0
0.0
0.0
0.0
0.0
0.0
0.0
0.0
0.0
0.0
0.0
0.0
0.0
0.0
0.0
0.0
0.0
0.0
0.0
0.0
0.0
0.0
0.0
0.0
0.0
0.0
0.0
0.0
0.0
0.0
0.0
0.0
0.0
0.0
0.0
0.0
0.0
0.0
0.0
0.0
0.0
0.0
0.0
0.0
0.0
0.0
0.0
0.0
0.0
0.0
0.0
0.0
0.0
0.0
0.0
0.0
0.0
0.0
0.0
0.0
0.0
0.0
0.0
0.0
0.0
0.0
0.0
0.0
0.0
0.0
0.0
0.0
0.0
0.0
0.0
0.0
0.0
0.0
0.0
0.0
0.0
0.0
0.0
0.0
0.0
0.0
0.0
0.0
0.0
0.0
0.0
0.0
0.0
0.0
0.0
0.0
0.0
0.0
0.0
0.0
0.0
0.0
0.0
0.0
0.0
0.0
0.0
0.0
0.0
0.0
0.0
0.0
0.0
0.0
0.0
0.0
0.0
0.0
0.0
0.0
0.0
0.0
0.0
0.0
0.0
0.0
0.0
0.0
0.0
0.0
0.0
0.0
0.0
0.0
0.0
0.0
0.0
0.0
0.0
0.0
0.0
0.0
0.0
0.0
0.0
0.0
0.0
0.0
0.0
0.0
0.0
0.0
0.0
0.0
0.0
0.0
0.0
0.0
0.0
0.0
0.0
0.0
0.0
0.0
0.0
0.0
0.0
0.0
0.0
0.0
0.0
0.0
0.0
0.0
0.0
0.0
0.0
0.0
0.0
0.0
0.0
0.0
0.0
0.0
0.0
0.0
0.0
0.0
0.0
0.0
0.0
0.0
0.0
0.0
0.0
0.0
0.0
0.0
0.0
0.0
0.0
0.0
0.0
0.0
0.0
0.0
0.0
0.0
0.0
0.0
0.0
0.0
0.0
0.0
0.0
0.0
0.0
0.0
0.0
0.0
0.0
0.0
0.0
0.0
0.0
0.0
0.0
0.0
0.0
0.0
0.0
0.0
0.0
0.0
0.0
0.0
0.0
0.0
0.0
0.0
0.0
0.0
0.0
0.0
0.0
0.0
0.0
0.0
0.0
0.0
0.0
0.0
0.0
0.0
0.0
0.0
0.0
0.0
0.0
0.0
0.0
0.0
0.0
0.0
0.0
0.0
0.0
0.0
0.0
0.0
0.0
0.0
0.0
0.0
0.0
0.0
0.0
0.0
0.0
0.0
0.0
0.0
0.0
0.0
0.0
0.0
0.0
0.0
0.0
0.0
0.0
0.0
0.0
0.0
0.0
0.0
0.0
0.0
0.0
0.0
0.0
0.0
0.0
0.0
0.0
0.0
0.0
0.0
0.0
0.0
0.0
0.0
0.0
0.0
0.0
0.0
0.0
0.0
0.0
0.0
0.0
0.0
0.0
0.0
0.0
0.0
0.0
0.0
0.0
0.0
0.0
0.0
0.0
0.0
0.0
0.0
0.0
0.0
0.0
0.0
0.0
0.0
0.0
0.0
0.0
0.0
0.0
0.0
0.0
0.0
0.0
0.0
0.0
0.0
0.0
0.0
0.0
0.0
0.0
0.0
0.0
0.0
0.0
0.0
0.0
0.0
0.0
0.0
0.0
0.0
0.0
0.0
0.0
0.0
0.0
0.0
0.0
0.0
0.0
0.0
0.0
0.0
0.0
0.0
0.0
0.0
0.0
0.0
0.0
0.0
0.0
0.0
0.0
0.0
0.0
0.0
0.0
0.0
0.0
0.0
0.0
0.0
0.0
0.0
0.0
0.0
0.0
0.0
0.0
0.0
0.0
0.0
0.0
0.0
0.0
0.0
0.0
0.0
0.0
0.0
0.0
0.0
0.0
0.0
0.0
0.0
0.0
0.0
0.0
0.0
0.0
0.0
0.0
0.0
0.0
0.0
0.0
0.0
0.0
0.0
0.0
0.0
0.0
0.0
0.0
0.0
0.0
0.0
0.0
0.0
0.0
0.0
0.0
0.0
0.0
0.0
0.0
0.0
0.0
0.0
0.0
0.0
0.0
0.0
0.0
0.0
0.0
0.0
0.0
0.0
0.0
0.0
0.0
0.0
0.0
0.0
0.0
0.0
0.0
0.0
0.0
0.0
0.0
0.0
0.0
0.0
0.0
0.0
0.0
0.0
0.0
0.0
0.0
0.0
0.0
0.0
0.0
0.0
0.0
0.0
0.0
0.0
0.0
0.0
0.0
0.0
0.0
0.0
0.0
0.0
0.0
0.0
0.0
0.0
0.0
0.0
0.0
0.0
0.0
0.0
0.0
0.0
0.0
0.0
0.0
0.0
0.0
0.0
0.0
0.0
0.0
0.0
0.0
0.0
0.0
0.0
0.0
0.0
0.0
0.0
0.0
0.0
0.0
0.0
0.0
0.0
0.0
0.0
0.0
0.0
0.0
0.0
0.0
0.0
0.0
0.0
0.0
0.0
0.0
0.0
0.0
0.0
0.0
0.0
0.0
0.0
0.0
0.0
0.0
0.0
0.0
0.0
0.0
0.0
0.0
0.0
0.0
0.0
0.0
0.0
0.0
0.0
0.0
0.0
0.0
0.0
0.0
0.0
0.0
0.0
0.0
0.0
0.0
0.0
0.0
0.0
0.0
0.0
0.0
0.0
0.0
0.0
0.0
0.0
0.0
0.0
0.010316004946321039
0.7451876724953164
0.0
0.0
0.0
0.0
0.0
0.0
0.0
0.0
0.0
0.0
0.0
0.0
0.0
0.0
0.0
0.0
0.0
0.0
0.0
0.0
0.0
0.0
0.0
0.35303056551157525
0.0
0.0
0.0
0.0
0.0
0.0
0.0
0.0
0.0
0.0
0.0
0.0
0.0
0.0
0.0
0.0
0.0
0.0
0.0
0.0
0.0
0.0
0.0
0.0
0.0
0.0
0.0
0.0
0.0
0.0
0.0
0.0
0.0
0.0
0.0
0.0
0.0
0.0
0.0
0.0
0.0
0.0
0.0
0.0
0.0
0.0
0.0
0.4569133982450364
0.0
0.0
0.0
0.0
0.0
0.0
0.0
0.0
0.0
0.0
0.0
0.0
0.0
0.0
0.0
0.0
0.0
0.0
0.0
0.0
0.0
0.0
0.0
0.0
0.0
0.0
0.0
0.0
0.0
0.0
0.0
0.0
0.0
0.0
0.0
0.0
0.0
0.0
0.0
0.0
0.0
0.0
0.0
0.0
0.0
0.0
0.0
0.0
0.0
0.0
0.0
0.0
0.0
0.0
0.0
0.0
0.0
0.0
0.0
0.0
0.0
0.0
0.0
0.0
0.0
0.0
0.0
0.0
0.0
0.0
0.0
0.0
0.0
0.0
0.0
0.0
0.0
0.0
0.0
0.0
0.0
0.0
0.0
0.0
0.0
0.0
0.0
0.0
0.0
0.0
0.0
0.0
0.0
0.0
0.10219745685968926
0.8876523877105558
0.587056750543477
0.0
0.0
0.0
0.0
0.0
0.0
0.0
0.0
0.0
0.0
0.0
0.0
0.0
0.0
0.0
0.0
0.0
0.0
0.0
0.0
0.0
0.0
0.7566036958592958
0.0
0.0
0.0
0.0
0.0
0.0
0.0
0.0
0.0
0.0
0.0
0.0
0.0
0.0
0.0
0.0
0.0
0.0
0.0
0.0
0.0
0.0
0.0
0.0
0.0
0.0
0.0
0.0
0.0
0.0
0.0
0.0
0.0
0.0
0.0
0.0
0.0
0.0
0.0
0.0
0.0
0.0
0.0
0.0
0.0
0.0
0.0
0.0
0.0
0.0
0.0
0.0
0.0
0.0
0.0
0.0
0.0
0.0
0.0
0.0
0.0
0.0
0.0
0.0
0.0
0.0
0.0
0.0
0.0
0.0
0.0
0.0
0.0
0.0
0.0
0.0
0.0
0.0
0.0
0.0
0.0
0.0
0.0
0.0
0.0
0.0
0.0
0.0
0.0
0.0
0.0
0.0
0.0
0.0
0.0
0.0
0.0
0.0
0.0
0.0
0.0
0.0
0.0
0.0
0.0
0.0
0.0
0.0
0.0
0.0
0.0
0.0
0.0
0.0
0.0
0.0
0.0
0.0
0.0
0.7568498191708704
0.10071467905973222
0.0
0.0
0.0
0.0
0.0
0.0
0.0
0.0
0.0
0.0
0.0
0.0
0.0
0.0
0.0
0.0
0.0
0.0
0.0
0.0
0.0
0.0
0.0
0.0
0.0
0.0
0.0
0.0
0.0
0.0
0.0
0.0
0.0
0.0
0.0
0.0
0.0
0.0
0.0
0.0
0.0
0.0
0.0
0.0
0.0
0.0
0.0
0.0
0.0
0.0
0.0
0.0
0.0
0.0
0.0
0.0
0.0
0.0
0.0
0.0
0.0
0.0
0.0
0.0
0.0
0.0
0.0
0.0
0.0
0.0
0.0
0.0
0.0
0.0
0.0
0.0
0.0
0.0
0.0
0.0
0.0
0.0
0.0
0.0
0.0
0.0
0.0
0.0
0.0
0.0
0.0
0.0
0.0
0.0
0.7641146854808941
0.679917993765825
0.41922617049962657
0.0
0.0
0.0
0.0
0.0
0.27922678280535823
0.9901537512807996
0.7954137272391631
0.0
0.0
0.0
0.0
0.0
0.9927903853988381
0.9931243786148838
0.6901050108116904
0.9956904079610099
0.81089869116924
0.9945369457654307
0.9264912554751777
0.8990344037049198
0.9952690925786157
0.8488797907171869
0.996680956687401
0.9948491174698411
0.8244982590291795
0.99516368066234
0.6600577423426184
0.9934547053149454
0.6755658977856648
0.9848272386631534
0.6432905248577665
0.9907526231354303
0.987852996447651
0.7198800071767382
0.9942543054785774
0.6988841673133616
0.9952969926388312
0.9957187117985107
0.7705739092358341
0.996948632759106
0.8568241129634591
0.9961011498314829
0.882121185470299
0.9976379672456389
0.9964707315155522
0.8717326223008299
0.996162276515875
0.6693075393823981
0.9895199906982676
0.9314075359907885
0.0
0.0
0.0
0.0
0.0
0.0
0.0
0.0
0.8606707247206653
0.3032854162529184
0.9782585800709261
0.630332584211202
0.9894643006163745
0.9878683380848091
0.7170053184896988
0.9925887352950763
0.6149904467389327
0.9557555254993859
0.7816221726619467
0.0
0.0
0.0
0.0
0.0
0.0
0.0
0.0
0.0
0.0
0.0
0.0
0.0
0.0
0.0
0.0
0.0
0.0
0.0
0.0
0.0
0.0
0.0
0.25409822604273496
0.0
0.0
0.0
0.0
0.0
0.0
0.0
0.0
0.0
0.0
0.0
0.0
0.06924559322154586
0.31965764532966107
0.0
0.0
0.0
0.0
0.0
0.0
0.5869728396514198
0.9928228065570088
0.11044981511893383
0.9253113427053907
0.7150924645600686
0.0
0.0
0.0
0.0
0.0
0.0
0.0
0.0
0.0
0.0
0.0
0.0
0.0
0.0
0.0
0.0
0.0
0.0
0.0
0.0
0.0
0.0
0.7036180121441012
0.007435427994568796
0.0
0.0
0.0
0.0
0.0
0.0
0.0
0.0
0.0
0.0
0.0
0.0
0.0
0.0
0.0
0.0
0.0
0.0
0.0
0.0
0.0
0.060851700978107784
0.9983245144859662
0.6429127659144654
0.0
0.0
0.0
0.0
0.0
0.0
0.0
0.0
0.0
0.0
0.0
0.0
0.0
0.0
0.0
0.0
0.0
0.0
0.0
0.0
0.0
0.0
0.0
0.0
0.0
0.0
0.0
0.0
0.0
0.0
0.0
0.0
0.0
0.0
0.0
0.0
0.0
0.0
0.0
0.0
0.0
0.0
0.0
0.0
0.0
0.02111759974191578
0.5981171370060993
0.0
0.0
0.0
0.0
0.0
0.0
0.0
0.0
0.0
0.0
0.0
0.0
0.0
0.0
0.0
0.0
0.0
0.0
0.0
0.0
0.0
0.0
0.0
0.6859419281681971
0.16239396560053324
0.0
0.0
0.0
0.0
0.0
0.0
0.0
0.0
0.0
0.0
0.0
0.0
0.982326809826342
0.0
0.0
0.0
0.0
0.0
0.0
0.9905995935637322
0.6367894329085046
0.9540674122206347
0.942309567266267
0.5765759798639152
0.0
0.0
0.0
0.0
0.0
0.0
0.0
0.0
0.0
0.0
0.0
0.0
0.0
0.0
0.0
0.0
0.0
0.0
0.0
0.0
0.0
0.0
0.15262979247156666
0.0
0.0
0.0
0.0
0.0
0.0
0.0
0.0
0.0
0.0
0.0
0.0
0.0
0.0
0.0
0.0
0.0
0.0
0.0
0.0
0.0
0.0
0.920388779005573
0.9412928075899664
0.8210920545223545
0.9015706962964566
0.8123933775126341
0.7895825711711997
0.619307088138361
0.5727906716074164
0.7593365521131324
0.5578052961687713
0.30657676963393876
0.5050913905735053
0.7899751351153986
0.845615197873975
0.8714826859400869
0.8947921123422334
0.0
0.0
0.0
0.0
0.9836729638906335
0.7436749785866188
0.9928916590595572
0.8212012319849631
0.9545844805770638
0.970023485032502
0.9571616386137016
0.925358566612371
0.8292014296340056
0.5049265217358386
0.0
0.0
0.0
0.0
0.0
0.0
0.0
0.0
0.0
0.0
0.0
0.0
0.0
0.0
0.0
0.0
0.917359211473615
0.47422094487372146
0.9518913032692211
0.8594737466719264
0.0
0.0
0.0
0.0
0.0
0.0
0.0
0.0
0.0
0.0
0.0
0.0
0.0
0.0
0.0
0.0
0.0
0.0
0.0
0.0
0.0
0.9245569307611294
0.0
0.8986757587554186
0.47700022469143477
0.0
0.0
0.0
0.0
0.0
0.0
0.0
0.0
0.0
0.0
0.0
0.0
0.0
0.0
0.0
0.0
0.0
0.0
0.0
0.0
0.0
0.06079151000793239
0.8044168061807483
0.5735042406223286
0.0
0.0
0.0
0.0
0.0
0.0
0.0
0.0
0.0
0.0
0.0
0.0
0.0
0.0
0.0
0.0
0.0
0.0
0.0
0.0
0.0
0.0
0.15560271521542693
0.0
0.0
0.0
0.0
0.0
0.0
0.0
0.0
0.0
0.0
0.0
0.0
0.0
0.0
0.0
0.0
0.0
0.0
0.0
0.0
0.0
0.0
0.0
0.0
0.0
0.0
0.0
0.0
0.0
0.0
0.0
0.0
0.0
0.0
0.0
0.0
0.0
0.0
0.0
0.0
0.0
0.0
0.0
0.0
0.0
0.0
0.0
0.7625250986855311
0.02322012115151926
0.0
0.0
0.0
0.0
0.0
0.0
0.0
0.0
0.0
0.0
0.0
0.0
0.0
0.0
0.0
0.0
0.0
0.0
0.0
0.0
0.0
0.0
0.0
0.0
0.0
0.0
0.0
0.0
0.0
0.0
0.0
0.0
0.0
0.0
0.0
0.0
0.0
0.0
0.0
0.0
0.0
0.0
0.0
0.0
0.0
0.0
0.0
0.0
0.0
0.0
0.0
0.0
0.0
0.0
0.0
0.0
0.0
0.0
0.0
0.0
0.0
0.0
0.0
0.0
0.0
0.0
0.0
0.0
0.0
0.0
0.0
0.0
0.0
0.0
0.0
0.0
0.0
0.0
0.0
0.0
0.0
0.0
0.0
0.0
0.0
0.0
0.0
0.0
0.0
0.0
0.0
0.0
0.0
0.0
0.0
0.0
0.0
0.0
0.0
0.0
0.0
0.0
0.0
0.0
0.0
0.0
0.0
0.0
0.0
0.0
0.0
0.0
0.0
0.0
0.0
0.0
0.0
0.054672274151663265
0.9979804763224968
0.6917482731541528
0.35990410705052855
0.0
0.0
0.0
0.0
0.0
0.0
0.0
0.0
0.0
0.0
0.0
0.0
0.0
0.0
0.0
0.0
0.0
0.0
0.0
0.0
0.8065843090023135
0.8273407148074837
0.6441689015645844
0.4653469401424567
0.0
0.0
0.0
0.0
0.0
0.0
0.0
0.0
0.16334179412861474
0.7946402875451977
0.9254665752514967
0.9454546652862139
0.0
0.0
0.0
0.0
0.9949169758898663
0.7761981424287179
0.9933161734294793
0.8115154796437996
0.9440538013385695
0.9467646256407874
0.8069637806227323
0.5505530600219264
0.0
0.0
0.0
0.0
0.0
0.0
0.0
0.0
0.0
0.0
0.0
0.0
0.0
0.0
0.0
0.0
0.0
0.0
0.0
0.0
0.7664445074963585
0.11258672958222012
0.0
0.0
0.0
0.0
0.0
0.0
0.0
0.0
0.0
0.0
0.0
0.0
0.0
0.0
0.0
0.0
0.0
0.0
0.0
0.0
0.0
0.0
0.0
0.0
0.46297587042418265
0.9918216103744378
0.9879527385912401
0.6940986350503054
0.9906603737641878
0.5594134779099356
0.9908537698201414
0.6301690980906969
0.9877872696805795
0.7416643710698476
0.9950534194619002
0.9943388000685119
0.8550965436617223
0.9973747976727733
0.8331668826874566
0.9978522615623496
0.896499400249465
0.9972261818359484
0.912572649406448
0.9983732832415929
0.9977215963202426
0.9252006055541024
0.9985271069947496
0.7893008228452395
0.9793149155624451
0.9463045835250331
0.9237163097977366
0.9289983051814031
0.5964662038659249
0.4113451173468469
0.0
0.0
0.0
0.04071694163751164
0.7172701461612447
0.9249135393484789
0.954291646344074
0.9643462803053889
0.9683873183597802
0.0
0.7847968580703242
0.9965046466983878
0.8102103751943028
0.9976913121751413
0.896755966095437
0.9973378794446722
0.9133996325364165
0.9924181580766578
0.9777721997617527
0.9279773139987296
0.7694551091433044
0.0684088257769538
0.0
0.0
0.0
0.0
0.0
0.0
0.0
0.0
0.7596567149947008
0.9036783901408998
0.998670441382318
0.0
0.0
0.0
0.0
0.9915745349902179
0.6756354649273513
0.9898004779562093
0.7268980914800094
0.8779188091689072
0.706573623250266
0.23450789925869817
0.0
0.0
0.0
0.0
0.0
0.0
0.0
0.0
0.0
0.0
0.0
0.0
0.6728523116249855
0.0
0.0
0.0
0.0
0.6136888754895139
0.9907109050447769
0.7917013339832559
0.9951773621097371
0.17339396470734536
0.87018604003542
0.3388588089301864
0.0
0.0
0.0
0.0
0.0
0.0
0.0
0.0
0.0
0.0
0.29922039160530284
0.6320001160901858
0.6768558194423743
0.0
0.0
0.0
0.0
0.0
0.0
0.0
0.0
0.8814244188282424
0.22218915462687974
0.0
0.0
0.0
0.0
0.0
0.0
0.0
0.0
0.0
0.0
0.0
0.0
0.0
0.0
0.0
0.0
0.0
0.0
0.0
0.0
0.0
0.0
0.0
0.0
0.0
0.0
0.0
0.0
0.0
0.0
0.0
0.0
0.0
0.0
0.0
0.0
0.0
0.0
0.0
0.0
0.0
0.0
0.0
0.0
0.0
0.0
0.0
0.0
0.0
0.0
0.0
0.0
0.0
0.0
0.0
0.0
0.0
0.0
0.0
0.0
0.0
0.0
0.0
0.0
0.0
0.0
0.0
0.0
0.0
0.0
0.0
0.0
0.0
0.0
0.0
0.0
0.0
0.0
0.0
0.0
0.0
0.0
0.0
0.0
0.5606636028132679
0.9961563270108664
0.0
0.0
0.0
0.0
0.6396822094696041
0.9914509640443013
0.7993100759758553
0.995667278185755
0.213981575393098
0.9479915321550761
0.7663787504309011
0.5457155029373942
0.0
0.0
0.0
0.0
0.0
0.0
0.0
0.0
0.0
0.5987505596462293
0.8580191583721044
0.9983228989087789
0.0
0.0
0.0
0.991543781953576
0.7042494387681286
0.995859132003101
0.815620238979198
0.9943150691914575
0.38767156153350646
0.9485373037190644
0.8861448585741848
0.6081761138873869
0.15371078416065215
0.0
0.0
0.0
0.0
0.0
0.0
0.0
0.0
0.0
0.0
0.94973433131969
0.0
0.0
0.0
0.0
0.0
0.0
0.0
0.0
0.1482737363223084
0.8807722742492976
0.8036058845908707
0.5979424184205577
0.5332177769445094
0.30155091576910037
0.10136543379216678
0.0
0.0
0.0
0.0
0.0
0.3245422237213569
0.6678499458451628
0.7837743549843766
0.9962789520723554
0.0
0.0
0.0
0.0
0.0
0.9846268972326214
0.9919458204128236
0.6989186005974
0.13244245368197402
0.959957669383288
0.9521337505553631
0.9039981082584932
0.900883604696088
0.8548135409035249
0.893285321381961
0.8383177559459234
0.8969622460548728
0.9058924565107952
0.9074780926331826
0.9529556045127188
0.9305481831769371
0.9662962260970668
0.9704319636655816
0.9995149056540102
0.0
0.9964579662623584
0.8699982555242906
0.9967847709289973
0.903249422021447
0.9981802652842428
0.8727683032419011
0.9983542025863964
0.7141780328176484
0.9996468757774477
0.9771877021874955
0.9733693156191596
0.9393112883430216
0.9648889230518641
0.96286317278822
0.9607094719318402
0.9644953779403592
0.9680558714975767
0.9706882315212169
0.9995277233132737
0.6478023658742603
0.9946228225052887
0.8748977305350105
0.8893462542567495
0.9971921189092671
0.9127460167261089
0.9983298082004958
0.9976178783389139
0.9209133386259509
0.9984827808246487
0.8905647861730832
0.9985802710162822
0.9200175879781631
0.9976081957873777
0.998256186740785
0.8878836771704706
0.9956482630143303
0.8108924011843831
0.9926269375523679
0.41461071966439084
0.9545063497840565
0.2579520951324459
0.9703287171061338
0.6035717241914136
0.9916299971560198
0.9911014914679434
0.7825725975941809
0.9951420482533105
0.7217425646883804
0.995523405423151
0.7658898086680177
0.9910936674291612
0.7644826524465812
0.9955552429121707
0.7704293622543584
0.9966322175989477
0.2944880239525962
0.8486036886425324
0.18773790200315768
0.0
0.0
0.0
0.0
0.0
0.0
0.0
0.0
0.0
0.0
0.7664214233373491
0.8846951061324728
0.8922918548537081
0.0
0.0
0.0
0.7216141285046517
0.9947709770767188
0.9936846376676188
0.8327717609760839
0.9962090126029164
0.24505388599793554
0.9170081198552281
0.6047066328036864
0.09193452054196678
0.0
0.0
0.0
0.0
0.0
0.0
0.0
0.15728384423195274
0.7661856412126327
0.8942493143418133
0.9259053084728485
0.9306379766542859
0.0
0.0
0.0
0.0
0.9900264973145676
0.7595398921115324
0.9948538772897638
0.7191179668329808
0.9680730076614283
0.9480597055493987
0.8458463035194234
0.7884138332350207
0.7289945213737854
0.5235289890784123
0.4513045956565985
0.04759885591042996
0.0
0.0
0.0
0.0
0.0
0.44871765347108383
0.7545967814301434
0.8746799730582714
0.0
0.0
0.0
0.9942370030551753
0.784538919458907
0.9943013919414551
0.8505662313661214
0.9970557082470352
0.8073010112550114
0.9972590785915363
0.9969688533208116
0.7807174590590795
0.9963602068303467
0.8033822197139953
0.9936919709005518
0.8115725866209619
0.9956744179958078
0.7433626586553419
0.9963198552233327
0.8344113194536531
0.9954338911908456
0.9973394438814694
0.8760193642693918
0.996595250655257
0.8945522465137774
0.9979269699293055
0.8534785291467205
0.998015918704323
0.8962022994295968
0.9970594570868946
0.9035052183804477
0.9980663175562665
0.6619854006865903
0.9774056751126184
0.967439612082839
0.8711692964396359
0.3585458828509483
0.0
0.0
0.0
0.0
0.0
0.0
0.0
0.0
0.6128036903122697
0.8169570538644525
0.8463914336062649
0.0
0.0
0.0
0.4924207665428387
0.9927379106531781
0.7654276474872448
0.9941186577674739
0.841251817053134
0.9612624096263752
0.9594733483978113
0.9157182327580672
0.6038498272519797
0.0
0.0
0.0
0.0
0.0
0.0
0.0
0.0
0.0
0.0
0.0
0.0
0.0
0.0
0.1901130397691327
0.9679782327692784
0.48329676435642926
0.9928367577421044
0.7652688802886783
0.9937239563819349
0.9963194514429198
0.8318469275825201
0.9943865005356459
0.7910304125663524
0.9925739885883346
0.48948433047542644
0.9712749506559972
0.05051675022820479
0.549395926115193
0.09359132433524761
0.8875074384030976
0.32359139006429477
0.9881223388829389
0.9915671810443499
0.6482905209449521
0.9948069505756092
0.7884929573113232
0.9943251095149273
0.8560486475501856
0.9975104329907147
0.8406501624004558
0.9978427872289872
0.8872979058574202
0.9965574918757052
0.6527008741872168
0.9592404007338927
0.7911854008923559
0.09526565633048892
0.0
0.0
0.0
0.0
0.0
0.0
0.0
0.0
0.0
0.5637030755465068
0.8660105639036692
0.928986624413217
0.0
0.9799498318839355
0.7229492136827732
0.9925329235904562
0.9962423095573159
0.8526162273319505
0.9961967925317402
0.8838120507546844
0.49631909707638106
0.9729270107812451
0.9623141073763652
0.892874335485953
0.8032921878889772
0.54871125946676
0.4114993522085899
0.16252327071329695
0.30000721308264944
0.6947799100952267
0.5648882824281571
0.8501415295900726
0.9129164567047401
0.922794884233689
0.9470994145227416
0.9614182185709051
0.0
0.9926104305818592
0.996460684142973
0.8578071320252165
0.9963802711024912
0.8923521606038947
0.9980095200492374
0.8628553679261356
0.7191479184382719
0.979788944936913
0.973007761950567
0.9220309384327596
0.8464739460142671
0.5470977623821308
0.13546121752304827
0.0
0.0
0.0
0.19684854515217923
0.7464155908803155
0.8973914761633449
0.9324533553542066
0.9508202188805988
0.9598419030210107
0.0
0.0
0.9951990596240247
0.8025170074468345
0.9951185507719539
0.8752248377017003
0.997915459404165
0.8606338073476303
0.68717928580092
0.9759318886982247
0.9648015296735145
0.8921959991147917
0.7721872081513053
0.45872591496604287
0.1098353319366753
0.0
0.0
0.0
0.28461491334347905
0.7618158197053732
0.9255187636827237
0.9574158895648475
0.9692155786133104
0.9744028769203326
0.0
0.9966135667334273
0.8850316331957615
0.9973334242409782
0.9211117470074927
0.9986570209316852
0.9982345171626715
0.9439552047501966
0.8891120023576815
0.989673234225328
0.988767098357852
0.9760229655845877
0.9617641492800629
0.9726715690264286
0.959419509712996
0.9594882782186487
0.9729433746255579
0.9735831297502715
0.9737132527409949
0.9864176043544933
0.9746650735103289
0.9872004146250238
0.9876738046540458
0.9997835510179292
0.8794989094221648
0.9985727661818404
0.9053376972224947
0.9988743360916814
0.9419791338184955
0.9984344662907219
0.9457578773342356
0.9989996375572364
0.902484013093589
0.9887912185489643
0.9997764383764052
0.9738177514869462
0.9857685586221651
0.9849766511772046
0.9842743722448695
0.9838692988065215
0.9838966984663654
0.9843955236371724
0.9847574022946673
0.9854570999663733
0.9960778528957679
0.9134376974465025
0.9985156186107235
0.8969228156881557
0.9340945895938347
0.9987889651820439
0.9095465292830652
0.99884659974327
0.998773365996364
0.9056161491618049
0.9987927212728139
0.9322851414485982
0.9980747630890209
0.927811716376753
0.9980363020217191
0.9945513700526761
0.6986065647757839
0.9694922483978373
0.03536661736201365
0.0
0.0
0.0
0.0
0.0
0.015264481797146696
0.9689513721701599
0.445581850647385
0.9597270210781561
0.5357695670453835
0.989659862598414
0.6235180529320957
0.995121833521357
0.9961462734335274
0.7472469557124137
0.9954365925964891
0.7804369220782919
0.20670135099056647
0.9499046915232144
0.8668624511376667
0.18089795510505255
0.0
0.0
0.0
0.0
0.0
0.0
0.08977525582662724
0.789361924513821
0.8320090777946824
0.9269025956411642
0.9427276159155635
0.9990747640965573
0.0
0.9897776255262161
0.6657817793151123
0.995584909015015
0.8040132272475016
0.9947210188202786
0.8475360679103602
0.9968534770713272
0.3442285530924501
0.9603583963059654
0.8075364276077286
0.23358252338087487
0.0
0.0
0.0
0.0
0.0
0.0
0.0
0.5466338404321589
0.9106089039234625
0.9296916383134162
0.9444750622817827
0.9522388564402585
0.0
0.5041192805078613
0.9942307020874792
0.7116737172857617
0.9959901096514127
0.8005834172169648
0.9942741221349278
0.8406725442774227
0.9631361704047119
0.9633145850525652
0.8868352825049566
0.7882491536362239
0.5471197459233357
0.0
0.0
0.0
0.0
0.0
0.0
0.4463600891371383
0.6201753594176
0.8490200635609256
0.907911845322836
0.9987630718091854
0.0
0.0
0.6696608566413179
0.9928398379597266
0.822826775059339
0.9964271374625207
0.7811798556595984
0.9970577885148981
0.37073323905139005
0.9684218769173426
0.8605514495107205
0.4695474022171714
0.0
0.0
0.0
0.0
0.0
0.0
0.0
0.38646698449163275
0.8542140738032665
0.9045003401684321
0.9244274266491288
0.9357400332954352
0.0
0.0
0.0
0.7556531914281873
0.9945878085973722
0.7349778680012679
0.9964965475936639
0.8376590967097743
0.31395571895142277
0.97051515808789
0.9530054698013882
0.8633048748348088
0.7461605966864194
0.7600534188138216
0.610212414331838
0.6285945424051356
0.8325642410840977
0.8507049415530938
0.844949934707869
0.8591597429413905
0.9471510084524293
0.9451155342476936
0.9473338781995112
0.9551508711628108
0.0
0.0
0.9909832110255692
0.789642308178234
0.9956420625090602
0.7609383975780803
0.9971148234516096
0.8769330347026667
0.9816667039382503
0.9795409640656444
0.9788555155551025
0.9783883861011614
0.9781723829114363
0.9573200683233847
0.9778558205527923
0.9784078338460009
0.9795926129039416
0.9802538211453814
0.981099040924376
0.9997055502244188
0.7957989591633919
0.9000282596416328
0.9983698052363662
0.8864092122179863
0.9985676998548424
0.9265316884445074
0.9979992236484843
0.9318907195242376
0.9987147182763817
0.9981685639723137
0.9377661278299348
0.9988127062395425
0.910497221365684
0.9988676091439807
0.9377554027051365
0.9982393675602916
0.9372399046262446
0.9987540445756004
0.902982982186781
0.9987005127865102
0.9285097178431707
0.9980660895812505
0.9363587391968975
0.9987968948002173
0.9105268780936945
0.9989073446341677
0.998953696519255
0.9224913884440479
0.9990432366464281
0.9490539773534638
0.9986259079839819
0.9514974189337585
0.9990987194673415
0.9316413480679605
0.9991604241822793
0.953345121154292
0.9985674010100856
0.9898131256842296
0.978198243172436
0.9772365540863599
0.9764563745634695
0.9624266249580222
0.9604653876515519
0.9604526481477116
0.9725725064706217
0.9733240596884599
0.9752057993023108
0.9775019137764587
0.9882534052323017
0.9879510641698844
0.9892225141620313
0.9895314932020729
0.9979073724003513
0.9334078110269811
0.9984002614608448
0.9476852268407214
0.9990482473619585
0.929978830321818
0.9991389353105196
0.9494397964127756
0.9983451978456526
0.9897193257067561
0.9760315840451093
0.9707530284385871
0.9651901415023649
0.9322758241653454
0.9149257743930483
0.9114483268982663
0.9450429933184035
0.9482457422174786
0.953350631610396
0.9618751269734636
0.9838855585052992
0.985416381257967
0.9869799055356294
0.9869572204298059
0.9964838077450874
0.919146583031757
0.9987110159531031
0.913003809469567
0.9989814311919898
0.9469582744626982
0.998589244225754
0.9528461862511776
0.9984353555374511
0.9889416781816619
0.974416815689911
0.9668644904516377
0.9562285453224983
0.902460476637711
0.857288997680672
0.8445859587069348
0.9003526164189436
0.9179663347574917
0.9397546605866293
0.9486500467215948
0.9782897624438669
0.9797345348248953
0.9813193527469045
0.9812235847270908
0.9937963092164461
0.8092771749053329
0.9977351208175413
0.8904856082637777
0.9969312396443187
0.8955881442725772
0.9977855015861478
0.8453879103087436
0.9920453522126632
0.973333377252859
0.9274175521756215
0.8917464803403273
0.7919563486783814
0.44828319461101196
0.02569642155996948
0.0
0.0
0.0
0.4446230209068553
0.7760033099088881
0.9371013382787761
0.9467462300989928
0.9556915834985209
0.9607550976788121
0.0
0.6883225764910097
0.9936816290123572
0.8286578195428854
0.9962608969470139
0.7884779531251243
0.9972529092351623
0.8746414028919892
0.9816860093710722
0.9781092831109103
0.9411760109460907
0.9138205460714203
0.7474829300255704
0.3565607265987455
0.0
0.0
0.0
0.0
0.0
0.0
0.35855903572063014
0.311820776868377
0.7938103319815237
0.9257052800458654
0.0
0.0
0.9910033868310302
0.82296629764418
0.9970318288608383
0.8257971565179234
0.9977678899571341
0.8985797157853391
0.9894051487951134
0.9792389560789599
0.9677607122712811
0.9473558922246836
0.7705424268953629
0.4625124294923484
0.0
0.0
0.0
0.0
0.0
0.7541338669181507
0.0
0.0
0.0
0.0
0.5845429876371409
0.9909985607823794
0.6721296201214162
0.9960754721862236
0.9967678743639127
0.815656310852026
0.9977567882246644
0.8930270244196687
0.996896855168267
0.8938723635739343
0.9975247166825054
0.7960355830446412
0.9957986738562252
0.6888652132548184
0.9820053108043583
0.5653847318549654
0.9934963248877183
0.7382158524488371
0.9960704692191962
0.8163558777289104
0.9941700930758338
0.9963094468945791
0.8330653825962885
0.9950258491006441
0.8515759382554374
0.9971025897036419
0.8154521711130427
0.997508131921456
0.8829972274347844
0.99685307421953
0.9033777875463096
0.9981745980684688
0.687708752847784
0.9780164444386157
0.9418114270986674
0.9157417402688317
0.8691608395283044
0.5165827421067009
0.0
0.0
0.0
0.0
0.0
0.0
0.0
0.0
0.0
0.0
0.0
0.4708870176226272
0.9936382842489407
0.6921179411443634
0.9956727319505182
0.8234916517512728
0.9954350604221496
0.8730893489534295
0.9798489937150086
0.9710020625116461
0.9230111606332012
0.8767239546251261
0.5578092604405228
0.34751214900341165
0.42037634755717634
0.5263255982411216
0.6308003957025408
0.6502101497905639
0.7593961458740262
0.8259821474817504
0.9287884340119638
0.9345728193174497
0.9436165104734878
0.9488786813740959
0.0
0.0
0.6255629885567258
0.9842501168183772
0.6138308036231941
0.9958819508830907
0.8514358580923929
0.9956504710935596
0.5214374415017743
0.9674665182078025
0.8460565525205898
0.4116567110613521
0.0
0.0
0.0
0.0
0.0
0.0
0.0
0.0
0.2744567171797909
0.5731745288963139
0.7999666790595384
0.8940802867438628
0.0
0.0
0.0
0.0
0.9934185038672841
0.7421051673934669
0.9929232137952385
0.8014309923443338
0.9342447461801721
0.9358496774654798
0.693855196951205
0.1803439129378048
0.0
0.0
0.0
0.0
0.0
0.0
0.0
0.0
0.0
0.0
0.3186699905558349
0.6297744865007031
0.0
0.0
0.0
0.0
0.0
0.0
0.0
0.9869101491514777
0.1040928204135421
0.9497686559832105
0.8001252508456539
0.40611603983405137
0.0
0.0
0.0
0.0
0.0
0.0
0.0
0.0
0.0
0.132951828343132
0.6278513972420674
0.7299854754153402
0.0
0.0
0.0
0.0
0.0
0.0
0.0
0.0
0.0
0.0
0.0
0.0
0.0
0.0
0.0
0.42281093596346264
0.8537770609550568
0.9084139396670855
0.924615206263125
0.9326888835674343
0.0
0.0
0.0
0.9915577508082124
0.6458846285933127
0.9904565807068308
0.7822871089755791
0.9960969134610432
0.7843133426133725
0.9970567298840243
0.9971947290938622
0.8149209299760726
0.9973855709504897
0.8699431824288992
0.9961277122046237
0.8670504475097376
0.9969259676276936
0.7856176309054305
0.9966221473859647
0.8181638393053754
0.9945689540580539
0.8407469042102119
0.99660196089873
0.7937139801836902
0.9971514994932924
0.8597436434911551
0.9960720150055273
0.8803619734466281
0.9975862263924232
0.8360084909239496
0.9977478679441388
0.9975874202077185
0.828622173617556
0.9976247936069076
0.8857905030449215
0.9968639958246444
0.8988185323567539
0.9979918385549701
0.8409224253413663
0.9970467478895889
0.9954586257826814
0.6444990276369019
0.5966837642077232
0.8678472195311582
0.0
0.0
0.0
0.7768257683392638
0.9794394248355115
0.6049297756927354
0.986323948367001
0.6928524307770292
0.9936166979700762
0.6155203973945168
0.9921608058153357
0.7510521779940819
0.9886701934182639
0.5699837261194053
0.9937990422254271
0.7375419193384551
0.9773459986044132
0.9181488982514456
0.9051880195039038
0.22832933604008956
0.0
0.0
0.0
0.0
0.0
0.0
0.04962582108569944
0.656400725689313
0.8986584342181136
0.8993470905778617
0.922797715072462
0.9474286852558252
0.0
0.5684006546136952
0.9913474042875945
0.8133847290307104
0.996575782819886
0.7995321920774163
0.9974347196255372
0.8800957464314505
0.983675056915274
0.977062795667417
0.9430336627758613
0.9287114557731971
0.877480078633055
0.8683831662273862
0.6979850753291417
0.5878122898110565
0.6575645208974794
0.820603786975517
0.8466311266144387
0.9593549956754479
0.942199711079799
0.9723954133065265
0.9757930700560772
0.9771517054724234
0.9855311205076004
0.8060550436020488
0.9942050699598646
0.8355422792194312
0.9971724844115363
0.830460374425399
0.9976361171204084
0.8772212654841982
0.9808888139573652
0.9717889049858238
0.9047310294894519
0.618238019906336
0.0
0.0
0.0
0.0
0.0
0.0
0.36254608993594073
0.8875617857806096
0.8995513011795666
0.9542296408268055
0.9593384218708814
0.9659081908234508
0.0
0.6899538970518996
0.9930054101624058
0.8222767358397086
0.9966358519636825
0.9957839337492871
0.8788580406512282
0.8812941208681637
0.9822024110868688
0.9672316774150138
0.8261869952596035
0.5706161683299592
0.20351092813211924
0.0
0.0
0.0
0.0
0.0
0.0
0.0
0.0
0.0
0.0
0.20415434566817667
0.0
0.0
0.0
0.0
0.0
0.0
0.0
0.0
0.8476053569810963
0.9024192832847319
0.6138110235889302
0.0
0.0
0.0
0.0
0.0
0.0
0.1807402487063655
0.797309481892681
0.8912137933861425
0.0
0.0
0.4604248191577546
0.992529941257688
0.6625298838373579
0.9955155918804259
0.8206499847164923
0.994781405746604
0.8458429728557986
0.9972480970722645
0.9966856336393214
0.8993913312351889
0.9760868818291203
0.8831884921466355
0.9979249035332001
0.8681525201141114
0.9938463209683345
0.6945905765506937
0.9891260268647024
0.6146219376766883
0.6394407167192181
0.9863708457067049
0.9890617753485796
0.7693612627931282
0.995640448025369
0.7548195310636577
0.9967657592778253
0.8636582749867763
0.9964785617629988
0.8882649867652503
