0.8527761034156991
0.0
0.0
0.0
0.0
0.8741379302583258
0.6200816891622701
0.49429340711920183
0.5179283660423131
0.3613617895918886
0.0699619504557141
0.0
0.0
0.0
0.0014197913806845849
0.0
0.0
0.05195321300620183
0.11682556606961564
0.15244251867211547
0.24337656149206177
0.31099034492588645
0.3976999010592462
0.7930661046028211
0.8446596214174877
0.0
0.0
0.0
0.0
0.8437322838226553
0.5608571898888619
0.3337620131069029
0.2300650636963775
0.11344546289758393
0.002435834180021568
0.0
0.0
0.0
0.0
0.001318551604920963
0.0
0.0
0.0
0.004659120414513299
0.13002955647911515
0.1399925825541283
0.14919893025252523
0.46291464469037413
0.8090703081123423
0.0
0.0
0.0
0.0
0.8939936504887466
0.6756990706755037
0.47158876089310175
0.46480349182600006
0.27216873035434214
0.036910997261217784
0.0
0.0
0.0
0.0
0.00088402761628245
0.0
0.024829030748709905
0.12345145388158628
0.1866110395680766
0.24469388495306058
0.3154957558926874
0.40281784022409894
0.7963582111589158
0.8613066911327582
0.0
0.0
0.0
0.0
0.8865775368006623
0.6822825611251763
0.47396431985833565
0.4300371910527526
0.2691919572842151
0.05713106780714098
0.0
0.0
0.0
0.0
0.0
0.0
0.0
0.07067949793077628
0.15369751609542548
0.22964537997161696
0.31239921172978086
0.42572843994877313
0.8095579570247805
0.8590448065460511
0.0
0.0
0.0
0.0
0.8806771515608054
0.6694752660073635
0.44911497291315267
0.4142613556649497
0.30970885265781134
0.07012869643088145
0.0
0.0
0.0
0.001490970627328659
0.0007610950277348765
0.015411199910189171
0.0
0.05270615914137153
0.09617140107721148
0.1867631031364093
0.2353080378688246
0.2639341824535516
0.7029767428110738
0.8104213193253692
0.0
0.0
0.0
0.0
0.8405120624198414
0.5691136250191206
0.3530696799545033
0.35080254889452456
0.1724999761524233
0.008684673660926253
0.0
0.0
0.0
0.0
0.0
0.0
0.000799966256108195
0.09265864398166945
0.18155504313223758
0.24090155887525158
0.29735576624315346
0.4060908657046166
0.8054782668351136
0.8586935533535932
0.0
0.0
0.0
0.0
0.8825934637136045
0.6803803761736352
0.5133460941548166
0.5215783787221204
0.31989441495200593
0.07285990669698632
0.0
0.0
0.0
0.0014964914112586293
0.0
0.0
0.024589264275309063
0.0738975865490168
0.11152899569252919
0.19002158938365213
0.284580190886377
0.3946987442482125
0.7429186806582305
0.8195859486791949
0.0
0.0
0.0
0.0
0.8443931423945971
0.5546301332701478
0.34474356213617996
0.3900721568917894
0.2650846822493973
0.0936679245193759
0.03132464645764012
0.0
0.0019199632906636143
0.085681981101516
0.1566147276129263
0.20767329705893714
0.20683497100381945
0.17992134652811298
0.20617935284272912
0.2844075551269572
0.3192074541087824
0.4088653591591992
0.7835163311412853
0.8421956027294614
0.0
0.0
0.0
0.0
0.8270846836361035
0.5366781917385064
0.3294772164516501
0.41125828402824294
0.4212478559454674
0.20962811679059531
0.13247884130639043
0.096570986229931
0.08878929762257001
0.18563910125477096
0.2296332475394563
0.2117646376624917
0.15054659077109112
0.15371399160928223
0.16192225445280775
0.2259406905290806
0.24237356106629457
0.37712068892155803
0.7813351213976256
0.8556339255424626
0.0
0.0
0.0
0.0
0.8743994749800237
0.6218141723466268
0.4313843129047893
0.46709072929923934
0.40428756335796073
0.13089964089480055
0.03846837789728023
0.0
0.0
0.09433726172472348
0.14911141262916658
0.13563569449800672
0.06608136796837187
0.0832643197461659
0.0876853975669723
0.13439684590076734
0.16038759490630547
0.22779161473480825
0.5817224634883879
0.7524521520148214
0.0
0.0
0.0
0.0
0.8033764616231485
0.4496493254260247
0.2478462408639658
0.4244710790632433
0.4688727995103316
0.3131779054158212
0.23012437877194625
0.2038124857416038
0.20728587918611183
0.3337595498510352
0.3780313900206142
0.3475918420493899
0.2730025977269937
0.2687184958913962
0.30887502468234046
0.39040389610055704
0.44807827000998335
0.5076041654722019
0.847229005043367
0.8682898909757745
0.0
0.0
0.0
0.0
0.8807341727877999
0.6730476706072243
0.48136115134043067
0.5198775588387043
0.49490576964884647
0.2537532043069341
0.15515877442880815
0.07473107904824618
0.0635506711580064
0.20149035900515008
0.23811513390525188
0.2360716821619656
0.1705313667381611
0.22550150344186623
0.2703796819006934
0.3519882435319787
0.4110106317926058
0.4887541768662707
0.8358896645723873
0.8788637348167837
0.0
0.0
0.0
0.0
0.8905038050031933
0.7059346177308387
0.5255442861313286
0.5470406130590706
0.4890734623461298
0.21465720757065176
0.08636791301189664
0.013904164087202284
0.008786819835007106
0.11626500030739952
0.179937943970706
0.21203976614572592
0.17212841624316286
0.1973245213265631
0.2508377831497981
0.37468611362034365
0.43524984001109973
0.513366039703601
0.7952787417063202
0.8635111679337235
0.0
0.0
0.0
0.0
0.8789515453371796
0.6620460062006792
0.4941398791413776
0.5551504042236016
0.46122719416700064
0.22187601811467636
0.12155442651099341
0.07938059990516759
0.05777621303027235
0.12758219707262178
0.1601795717636529
0.1861187094209554
0.18253540425619863
0.15680700770773648
0.18446929074261123
0.3178888586308117
0.386048315457108
0.4925559028464376
0.8065913830477491
0.8768664456534693
0.0
0.0
0.0
0.0
0.8693274663636232
0.6306366876296885
0.49554798654593646
0.5649391697119804
0.5425594582882155
0.2947071767101384
0.20833577447006918
0.19382552557084
0.17156660527056705
0.2635191271607813
0.3142243443123417
0.3259860308852604
0.3104900588057788
0.2738071452764751
0.2671741313302417
0.339891022588804
0.3664103999395486
0.4420482746340611
0.8146053379100762
0.8434732127443393
0.0
0.0
0.0
0.0
0.8764244984414586
0.6637849058299877
0.5081129294714247
0.5793525068161673
0.541354388218122
0.2707185869741847
0.18012117938067942
0.15246032151171124
0.14952674782416978
0.23389640510673376
0.2828292695907634
0.31187330274479763
0.28606699276382835
0.2796542810733913
0.30306028255407413
0.3898133372152016
0.41055619200622956
0.4821832217347722
0.834422617690114
0.8739419421177262
0.0
0.0
0.0
0.0
0.8936572732261682
0.6583363843066827
0.4670717367013898
0.5064432776268643
0.49407155931452007
0.2616832011478044
0.14169520379779205
0.07122487329368919
0.05316222006763847
0.1565545457294047
0.2270273650574284
0.25467010952161045
0.208198380991013
0.21501972950333165
0.22474966268866609
0.32246777968821194
0.38020157488409834
0.4440599063958859
0.8090447135488003
0.8642117135110713
0.0
0.0
0.0
0.0
0.8981421411232094
0.716477951869285
0.5449110813290005
0.5620676044989189
0.49618242537939283
0.23179051259030112
0.12300470795953021
0.046982431084932295
0.020606685833198475
0.09956011603769621
0.1659438210630777
0.19028021744022325
0.1522279405792487
0.18366106499081508
0.2967032229256783
0.40777982039304506
0.44512190691027437
0.5245896650926806
0.8377854680883048
0.8834165338719252
0.0
0.0
0.0
0.0
0.9057911191787936
0.6880064987132228
0.5229873738324583
0.5419472178058129
0.45637639386495965
0.17134976527922516
0.08351649444246363
0.04527144834436403
0.03464669050633915
0.12140010186424433
0.18154530799256227
0.18457260443343101
0.1368160267321779
0.16259756963994557
0.20899833179390753
0.298176097091629
0.3495294771052915
0.403214495773283
0.8109493943263819
0.8703022112135468
0.0
0.0
0.0
0.0
0.8899167756486566
0.7027189192185422
0.5175084013103207
0.5140349358473087
0.42976008833976187
0.15280272223259392
0.04181640778252665
0.0
0.0
0.0015234559550167945
0.003560679994617404
0.049284405190967925
0.09139078466934183
0.1733398924491717
0.22136355562241994
0.2767482493690688
0.359441039240047
0.45906282181048974
0.8097113293712184
0.8721924578775305
0.0
0.0
0.0
0.0
0.904282171451656
0.6959312854599667
0.5505746078080794
0.5781309383882256
0.4146111710539305
0.12881629992338683
0.03279845163140392
0.0
0.0
0.0015294285048555207
0.04761273555067868
0.09163368977288075
0.13098417769047402
0.14555396327214323
0.1707695868682392
0.24254025104888635
0.2819389902255077
0.35059869175636027
0.7356557791707893
0.8148908905285656
0.0
0.0
0.0
0.0
0.8662263179523513
0.5755621181370104
0.4262008734255812
0.47405732633840986
0.39913564777178123
0.14421010176938137
0.04873334627644343
0.0006311288083542508
0.0
0.0016625572467937088
0.0
0.02290314799477266
0.05518254404764187
0.0687341913444788
0.12190384410858082
0.23709610743075005
0.31461844321494636
0.4214944255825037
0.8092686099148382
0.8601882504596574
0.0
0.0
0.0
0.0
0.895090448804054
0.67057913437837
0.47403826305758395
0.4547425143400533
0.3372912415537437
0.09073161339914283
0.0014584152454640814
0.0
0.0
0.001401219943663124
0.0009392687657061265
0.012059818304026332
0.0
0.05571673251664468
0.17145877107482282
0.2709561784870758
0.3232498308015842
0.4274492392921082
0.7971378141054843
0.8582910649223782
0.0
0.0
0.0
0.0
0.8847877449612158
0.646146041116795
0.415026509268286
0.383409195511768
0.28105894422304156
0.08945655699705708
0.0
0.0
0.0
0.004097870681947978
0.15832219643270157
0.2561597323318189
0.200730495003821
0.17890423766040844
0.196240033351356
0.25725875101715007
0.31745880996313874
0.3795104929834177
0.7836957666609666
0.843475555062101
0.0
0.0
0.0
0.0
0.8793180071085753
0.6698964352637549
0.46756408593641413
0.4778599586559487
0.4139674042742804
0.14699988867981056
0.03917697221043042
0.0
0.0
0.0061999830136845865
0.052737284309458246
0.09504031122674157
0.09105671589478734
0.12507911112933834
0.15954513534676487
0.2728557020123396
0.3391280971191343
0.39121457540817256
0.753157706749656
0.8576396574996727
0.0
0.0
0.0
0.0
0.8805969317151695
0.6332170363639793
0.45666324097593913
0.4775399049930037
0.4343886549283368
0.20777405778187183
0.12091520757604005
0.0658821824102667
0.06357384823322593
0.190187571166159
0.2473820544125402
0.27002723293543424
0.25211935333497254
0.3095329853035102
0.3582580322556131
0.4210731301280451
0.44378645297313124
0.5054842468785237
0.8247718919964453
0.875115043496754
0.0
0.0
0.0
0.0
0.894681219476575
0.6723787631898756
0.4872051946821982
0.5696374051765959
0.5590255129219439
0.35005330111297445
0.250496253237719
0.2097841499222111
0.2085939638663393
0.3738614069630156
0.446109474079435
0.4399973238367221
0.3631113577178895
0.3531495370537224
0.36151497133196536
0.4402068120021156
0.4674383429093635
0.5157047742673313
0.8406870131297928
0.8715233305914883
0.0
0.0
0.0
0.0
0.8778502845203601
0.6714159286894501
0.5296071085639955
0.5885558706172636
0.4781154655202396
0.22627284168874529
0.1282280461042607
0.09624309124430311
0.12598118484084206
0.20740292267854646
0.1985633005491994
0.2204513451133505
0.22747840807173436
0.25701920545273477
0.30216173508942623
0.3634380290620915
0.394966834339574
0.4799263601138186
0.8209013388976316
0.8677451141598395
0.0
0.0
0.0
0.0
0.9075259782747302
0.6992826061994769
0.5628484191466924
0.6136142412026838
0.5443787304876144
0.25192340473799324
0.13950701939486762
0.09213850066333525
0.08849087927207734
0.15011175103881363
0.177836474492063
0.20391464851975177
0.19015813660582329
0.22498288171488645
0.27772983001181145
0.34325866013786094
0.3519905151549999
0.3928187326800703
0.779219068075237
0.8375242522111628
0.0
0.0
0.0
0.0
0.8737451074549458
0.6108535819324838
0.4085939297002453
0.4557944920222727
0.4468822257846745
0.22763595975792936
0.1353773342635525
0.07539549428763405
0.06116515492186038
0.16443124832832925
0.2075366248494626
0.23091889462700443
0.1989292941414386
0.24511250896405434
0.2854916973292119
0.38605213163706825
0.42518881481817183
0.4667990271179179
0.817336294597856
0.8621290710278885
0.0
0.0
0.0
0.0
0.8758227129751184
0.6599535831470291
0.46684496681255727
0.5027827399826775
0.46492398182643047
0.2468588865365285
0.14682422027680525
0.06324911708565138
0.028596103694525667
0.10441703083493813
0.160376998667072
0.18594013248101812
0.13180553205089907
0.14661818615292435
0.16305017472379546
0.21978342192747782
0.2531662804877184
0.3260267522810514
0.7081563934201033
0.8079858391712562
0.0
0.0
0.0
0.0
0.8667050128850308
0.5986037337081545
0.3877531764824314
0.4661289764684784
0.4846932380651723
0.2935148447422462
0.23318992173091158
0.1966447527603982
0.14936363879586678
0.22630403796083928
0.26885817436278225
0.23858579855642628
0.22772121495365508
0.26670857680343724
0.2374640689822609
0.2752932227007378
0.30990499036322444
0.401968882092207
0.7567574720461406
0.8354777661841275
0.0
0.0
0.0
0.0
0.8781387510027172
0.6281597875865348
0.39314079229954624
0.42728584571298955
0.355464497032729
0.14070853612632472
0.056335542397983523
0.0
0.0
0.071356292622073
0.12891815328547643
0.15826156866711633
0.1581679138459634
0.1725721038431696
0.19803299340040753
0.2929651241467965
0.36118857668608684
0.46756592157539956
0.8243908400359445
0.8868111224524874
0.0
0.0
0.0
0.0
0.9055438855202734
0.7286846685337252
0.5348289755060145
0.5070854202820645
0.443774178434441
0.20725193282206483
0.11077775200908217
0.06162378257585004
0.049502170876261214
0.17927542820285305
0.2438272731150213
0.2370987414694238
0.21407747688622486
0.24892543117779423
0.28865243167564575
0.4195443900779669
0.4777396784699833
0.5601489615775971
0.8528525635803772
0.8939225791559503
0.0
0.0
0.0
0.0
0.9120520386699987
0.7190640724070668
0.5631998018527992
0.6212042767084969
0.534072990983397
0.29335957983782124
0.17568625976987398
0.10044306611328153
0.09990542122746596
0.22157228570515142
0.2597233970748957
0.2734060365578004
0.24966833192723917
0.22026231655019898
0.21905368891147334
0.27411233513220745
0.3131082110936221
0.3864091067338916
0.7495059777473542
0.8422728152053751
0.0
0.0
0.0
0.0
0.9030762913328744
0.6883562374307167
0.5365551725185158
0.5311013604269953
0.41137524071196485
0.10844969668510523
0.008724883574405136
0.0
0.0
0.0016715101216107015
0.0
0.03323367159009982
0.12438691588300196
0.1720415739121375
0.269282220521087
0.37923814610585804
0.4038994850147126
0.49195380200160505
0.8363183260514258
0.877950228416376
0.0
0.0
0.0
0.0
0.9070838948521857
0.7083566483043584
0.49575109582595683
0.5021651197996293
0.42698332644883996
0.17104994502322818
0.06327614751423488
0.0
0.0
0.0011163478385999752
0.018639310037938575
0.046507092911661656
0.05315788404196644
0.11514628392264128
0.16189872273547617
0.25559681531545997
0.3284382410131129
0.4038654945519372
0.7380265139838844
0.8221152924490519
0.0
0.0
0.0
0.0
0.8236017102256271
0.5037349883636031
0.3037892304036489
0.29876282150454464
0.23613058516209554
0.10441208765260689
0.03924899809300411
0.0
0.01694014014226954
0.13726363437150255
0.20467904411674512
0.21506480048343146
0.1796042125988212
0.22456060502597916
0.2659408686319513
0.3389735135959442
0.39012132451997544
0.47014997414038945
0.8265172443553946
0.8603230935354668
0.0
0.0
0.0
0.0
0.88584631346348
0.6972609442805877
0.5047695363719046
0.5319678852331003
0.5080577846650999
0.2537617437617744
0.15647081338310048
0.0794443935444866
0.045844086922078614
0.12090685186100036
0.17768630601798857
0.20060044659284454
0.19948883255944116
0.2604010866465632
0.33791890995426244
0.4503757303710271
0.47895058262470774
0.5626853561577013
0.8730262253631015
0.8837446834342749
0.0
0.0
0.0
0.0
0.903128466674359
0.7164831895303009
0.5245333822254258
0.5063451225693635
0.400107858438412
0.13996236756151179
0.04036384010162515
0.0
0.0
0.001531570822142162
0.0007854341769574668
0.0367768186180072
0.06183187773127417
0.11409168245353123
0.20619029403045486
0.3137949393251175
0.4044694451222189
0.48770599589167857
0.8304651771233497
0.8802033785754452
0.0
0.0
0.0
0.0
0.8933579991203062
0.6866592167504776
0.4403764184466772
0.42798933037156106
0.2576634393117645
0.03999307103700218
0.0
0.0
0.0
0.0
0.0
0.0
0.0
0.0
0.0
0.043401473503565206
0.13264921062322652
0.1923227509496815
0.562132769043102
0.7372253294994118
0.0
0.0
0.0
0.0
0.8442694300393301
0.5627316988555758
0.3399621417720729
0.24600970278088166
0.014468831368753135
0.0
0.0
0.0
0.0
0.0
0.0
0.0
0.0
0.0
0.018441215075210293
0.08099851426808509
0.15206517660127936
0.22964557155543192
0.571136662020875
0.7743345356661285
0.0
0.0
0.0
0.0
0.8216827276341383
0.5038866186693567
0.30771711635517296
0.23043578420196725
0.12422610568306582
0.0
0.0
0.0
0.0
0.0
0.0
0.0
0.0004510050637481323
0.0
0.0
0.0014598229952999962
0.0
0.07401415317026465
0.4463787233281223
0.6404642796135307
0.0
0.0
0.0
0.0
0.7583508466100872
0.3940592348231935
0.14410521638519347
0.10175365630846597
0.012847631077865074
0.0
0.0
0.0
0.0
0.0015252764441655946
0.0011568017237729615
0.008953251867425004
0.018378287387607786
0.07078240231058036
0.11406495619223138
0.21877014383248403
0.29459419857094443
0.411666816622834
0.8013330060766314
0.8794882275694414
0.0
0.0
0.0
0.0
0.9076254148957421
0.7058975407164709
0.5393993894004553
0.5893066987849626
0.5808087734326088
0.3707631050368604
0.28298973028144836
0.2622125883129716
0.3013187335557294
0.45685207214528784
0.5131517729086963
0.4882386338003945
0.4436425466341089
0.43324498309840215
0.44259565473601425
0.5101727900965745
0.5374614256670994
0.5974453872802159
0.8684301425832048
0.9048659683575105
0.0
0.0
0.6081000010333488
0.8271604907490875
0.9106253452669618
0.7438920049109171
0.566520056943503
0.6217295397923583
0.6055310263914703
0.38319063668290776
0.27069284096289314
0.24707071986257137
0.24951797759920316
0.3406800269021372
0.3664129309023806
0.37722012952073547
0.37395354174082085
0.4175313072171713
0.43055499955129556
0.5252953233823368
0.5617537139326185
0.6237882500998564
0.8770265570847322
0.9094164820207411
0.0
0.0
0.7795464576696248
0.8177510653781415
0.9252991196765098
0.7492533428197536
0.5974049695827314
0.6303159040215432
0.5836599228941721
0.2945777175279951
0.10454958636685073
0.018115520638854347
0.023410833310894164
0.11864570638737973
0.18427037410326502
0.1927658105218215
0.18180307657133443
0.22309681772345194
0.22071464598808274
0.29808377385854884
0.34203351151608774
0.4111795422829455
0.7792503661773195
0.8283746975191723
0.0
0.0
0.0
0.0
0.8562763526290815
0.61388759441667
0.3875045577414952
0.40064289972985007
0.38967693216741256
0.188198656756686
0.11235985864379593
0.08720825914707077
0.10717872411585914
0.25438627744339043
0.35349811640971424
0.35750729359530464
0.2708469195047673
0.25703422677884735
0.2799772403288416
0.33342951627913664
0.3304560968962794
0.3751264368227642
0.7462637141195584
0.7920069692560536
0.0
0.0
0.0
0.0
0.8543111226913248
0.5938809844114517
0.4303417193534629
0.4883078309339612
0.32655881807373044
0.1549263869547922
0.123502053985876
0.1812991357329656
0.24542383005798488
0.3346702813348325
0.3681387063386716
0.3641274462181741
0.33242575468703195
0.3087031444402037
0.3508787457518496
0.4244303929150762
0.4625450118567049
0.5501055423829855
0.8274737125232287
0.8819315538258229
0.0
0.0
0.0
0.0
0.8947599625362886
0.6988854043778341
0.5790452920571388
0.642616898369828
0.6002576297400699
0.3121963329831762
0.21208040102228112
0.18059968866510812
0.15380012767558482
0.20223050579709698
0.1911460153448499
0.19250826440824015
0.2013069729864785
0.2087913115354142
0.294184261665499
0.3973578474995916
0.4357902647656869
0.5075207439935695
0.846774786851521
0.8751416777970565
0.0
0.0
0.0
0.0
0.8941221586318668
0.6985574547493182
0.5390930295041995
0.5291062727797496
0.428003563719546
0.12864992686420929
0.03325463302177577
0.0
0.0
0.001172944955863805
0.0
0.04364452756601958
0.10189632469167646
0.11932549599985541
0.14898698793833706
0.20411956048459734
0.2183771122599799
0.3188050787872187
0.7531880918570181
0.8406623178115183
0.0
0.0
0.0
0.0
0.8598253482811388
0.596990262638447
0.3357040803011376
0.3671236269363857
0.2784408436934303
0.04026675638630991
0.0
0.0
0.0
0.0
0.0
0.0
0.000453723452810472
0.0
0.020153872833606694
0.09417182419598796
0.12558706652072457
0.2363589818047145
0.6994204164002314
0.81962942803544
0.0
0.0
0.0
0.0
0.8698764479778754
0.5948464725410142
0.2661124400164653
0.11796340905060133
0.014494635523743691
0.0
0.0
0.0
0.0
0.0
0.0
0.0
0.0
0.0013365447726561438
0.005388057234751876
0.10259412748318246
0.11394015683489495
0.21997308162632478
0.7122807599657509
0.7981616715832573
0.0
0.0
0.0
0.0
0.858312145962173
0.6047975578053626
0.2805053668201093
0.1244594617369276
0.004719409327832682
0.0
0.0
0.0
0.0
0.0
0.0
0.0
0.0
0.0
0.003874226417631709
0.05747258606499494
0.14074872994140789
0.24815662069139702
0.6130953468184263
0.7733838077396995
0.0
0.0
0.0
0.0
0.8467595788025555
0.5807907171863702
0.29155328526385266
0.127694421741129
0.0
0.0
0.0
0.0
0.0
0.0
0.0
0.0
0.0
0.0
0.0007662832627093911
0.0014899848686487506
0.02772446047801071
0.12677213057868794
0.4900403037788054
0.6984485144510927
0.0
0.0
0.0
0.0
0.8005054663301815
0.5134702502803493
0.2900361547442713
0.22877953749801744
0.018047064582029898
0.0
0.0
0.0
0.0
0.0
0.0
0.0
0.0
0.0
0.0024820922267436026
0.031005334515946413
0.08505362360621242
0.14983824756645428
0.4726667942841185
0.7170306647249048
0.0
0.0
0.0
0.0
0.8190173337319683
0.4818266086588649
0.26330078531132156
0.11192076578081465
0.0
0.0
0.0
0.0
0.0
0.0
0.0
0.0
0.0
0.0
0.0
0.0013259037290498832
0.03017171678719095
0.1720341206198616
0.5774040772786919
0.7417137380626232
0.0
0.0
0.0
0.0
0.8212751347540124
0.5068503400482374
0.16298394251617646
0.02149013206657099
0.0
0.0
0.0
0.0
0.0
0.0
0.0
0.0
0.0
0.0
0.0011368296688064807
0.0015250704489772804
0.0
0.05912419579826562
0.4481361473100425
0.625156826747893
0.0
0.0
0.0
0.0
0.8094549498919813
0.38529387616900784
0.06756388518813337
0.0
0.0
0.0
0.0
0.0
0.0
0.0
0.0
0.0
0.0
0.0
0.0
0.003901384262581508
0.0
0.05033139363612734
0.3550963242535463
0.5945301149693956
0.0
0.0
0.0
0.0
0.7743458841832197
0.3312825227684269
0.12709414818991518
0.13796923581382936
0.0934848591133674
0.0020523613841417487
0.0
0.0
0.0
0.0
0.0
0.0
0.001171222761565481
0.0
0.016652237972085565
0.06352834703784054
0.07858944118966446
0.17916703344258533
0.5381713271416478
0.700927151577543
0.0
0.0
0.0
0.0
0.8123001547748256
0.47708710634816515
0.2512964404894687
0.24207527673432686
0.16751764832841334
0.010988014128912395
0.0
0.0
0.0
0.0
0.001013557919562521
0.0
0.0
0.0
0.0
0.022099006244839948
0.06863760111184397
0.16240720564511144
0.581261050156137
0.78361092206198
0.0
0.0
0.0
0.0
0.8507410334896957
0.5719232633403606
0.2741938867546648
0.17618081100415048
0.07939306675109238
0.0
0.0
0.0
0.0
0.0
0.0007862107588361668
0.0
0.0
0.0
0.0
0.08758756757049369
0.14076929638107435
0.2448108218498801
0.7132269292740222
0.8142043277702297
0.0
0.0
0.0
0.0
0.8825792866044011
0.6315505737605203
0.40995394756740977
0.3392015126310346
0.11931070599171267
0.0
0.0
0.0
0.0
0.0
0.0
0.0
0.0
0.0
0.0
0.03913071376584785
0.08901479195817419
0.18874708552421612
0.5629843041012652
0.7645780605076037
0.0
0.0
0.0
0.0
0.8458046575438756
0.5301654297117225
0.29495388653941323
0.26704051223989567
0.18655238820483225
0.03673271286962928
0.0
0.0
0.0
0.0015797437916350594
0.0
0.0
0.0055802128496127935
0.0158817887417089
0.07008385078184788
0.16084318324793398
0.2157754039708063
0.3371893316399898
0.7732167123094488
0.8486670467717069
0.0
0.0
0.0
0.0
0.8741481330867229
0.6510635005730828
0.38035043251694617
0.33692758061639283
0.23077964606234236
0.06662254426930174
0.0
0.0
0.0
0.0013283866714574031
0.0006411387468540082
0.0
0.0
0.010458137691405153
0.06313712588767795
0.1638743317030891
0.2385039361476833
0.33139190546588576
0.7798476142897227
0.8465100742509221
0.0
0.0
0.0
0.0
0.8913319527299628
0.6424023834438266
0.42653198197416486
0.4108841762019491
0.3189056666926805
0.08595767978941135
0.0
0.0
0.0
0.0009645367958281439
0.0
0.0
0.0
0.0
0.0
0.04618519718066029
0.10271456978774891
0.1577855752234564
0.49292774539415435
0.7223718640019096
0.0
0.0
0.0
0.0
0.7200481676643088
0.25404678438606537
0.0944201405010623
0.13238371720671652
0.05837340559525122
0.0
0.0
0.0
0.0
0.0
0.0
0.0
0.0
0.0009653642830690566
0.0
0.012442847066265503
0.05668573195251223
0.16454795823118432
0.5431522479292731
0.7654270895694865
0.0
0.0
0.0
0.0
0.8452270809947335
0.540007822350747
0.21918949628310588
0.0809735907772148
0.0
0.0
0.0
0.0
0.0
0.0
0.0
0.0
0.0
0.0
0.0
0.0012351579632285696
0.0
0.0012060226176163504
0.004946861245909187
0.3297115448719632
0.0
0.0
0.0
0.0
0.17110230667988904
0.0
0.0
0.0
0.0
0.0
0.0
0.0
0.0
0.0
0.0
0.0
0.0
0.0
0.0
0.0
0.0
0.0
0.01042416868427029
0.006134851145135108
0.0
0.0
0.0
0.0
0.2506103931890135
0.0
0.0
0.0
0.0
0.0
0.0
0.0
0.0
0.0
0.001088661363616436
0.0
0.0
0.0
0.0
0.000984834250455199
0.0
0.07923581668788264
0.35992552140718126
0.0
0.0
0.0
0.0
0.7371235410965723
0.3336093739750064
0.21532563874766444
0.23500976479489608
0.059959712560758986
0.0
0.0
0.0
0.0
0.0
0.0
0.0
0.0
0.0
0.0
0.0006402708081397796
0.0009537037867840065
0.0018476237646498212
0.3177058924871449
0.6122908955474956
0.0
0.0
0.0
0.0
0.7561944338952944
0.4078084018652486
0.17601667148766628
0.13038533670748428
0.019548883136172302
0.0
0.0
0.0
0.0
0.0
0.0
0.0
0.0
0.0
0.0
0.0
0.000929667271784001
0.0014995508054503935
0.005983530074646842
0.3530731542208697
0.0
0.0
0.0
0.0
0.5533062585562092
0.14957650560150823
0.01493730219279945
0.06374860751390413
0.03635202003387756
0.0
0.0
0.0013153868625634861
0.0
0.002024976535033699
0.004271941456431594
0.0
0.0
0.04494017379137485
0.10580213719243098
0.1909652842187202
0.23147540039751816
0.3181963511207726
0.7013024528503208
0.7945372761021327
0.0
0.0
0.0
0.0
0.8352945459474767
0.5258054318249377
0.3076062301542244
0.28281952851862646
0.19652802188281407
0.04959509258716542
0.0
0.0
0.0
0.001805629833941421
0.0011552982319819592
0.0
0.0
0.0
0.0
0.01922454552000792
0.06513223934536644
0.13991700503685195
0.5540592584832906
0.705755628000777
0.0
0.0
0.0
0.0
0.8272676153405037
0.5071664896075511
0.28694341998984346
0.27625056120335356
0.20400814593075528
0.0636311710058804
0.0
0.0
0.0
0.001731277351138122
0.06252636198872726
0.17128638671216084
0.15316741273549053
0.1620194709602347
0.17181453936341695
0.23904308280424968
0.2764692019591084
0.3597541603265586
0.7715878828569683
0.8391010053704367
0.0
0.0
0.0
0.0
0.8651389158450662
0.5774975676624986
0.37000809648674104
0.40516807434927676
0.34381484563418274
0.1471821914022293
0.061424728340467714
0.0
0.0
0.052234161171082094
0.09952228425542103
0.06740545388194788
0.0
0.005327959369385923
0.05913457555205325
0.1386444543392538
0.17524624024260044
0.31244500917064183
0.7477322123677944
0.838275949805495
0.0
0.0
0.0
0.0
0.8631909642140347
0.625743495928209
0.4773963698067773
0.5494039222888
0.4859901349986945
0.24468858377657093
0.12917308274692915
0.06949350111452744
0.044661558858876314
0.07528080269197451
0.10422598185585057
0.1550689469093793
0.16039728366154948
0.14537550846469766
0.17266079610077778
0.24728774937401685
0.2985819145676675
0.38311116963008296
0.7437640533136187
0.8643765614720252
0.0
0.0
0.0
0.0
0.8796604973862616
0.6555874705961366
0.5053516878221964
0.5611452056708164
0.4641870461567238
0.170337943927098
0.06506416936322192
0.004887406159620193
0.0
0.019335634150775723
0.04955983777841057
0.06435858775467984
0.07461334851587235
0.08333271904057114
0.12152417232800039
0.17989939568643815
0.24083051030654334
0.38172525258532203
0.8219601941444264
0.8442951633904414
0.0
0.0
0.0
0.0
0.8977798150149049
0.6790305425252552
0.48501029395975837
0.4866887855448746
0.411463993660963
0.15792171609294647
0.03992476118709469
0.0
0.0
0.001581316468202491
0.0011435172812461084
0.009203785194226065
0.0
0.016594898460954115
0.06958095333744556
0.14109681541181346
0.1697866189890534
0.23946775125517797
0.6464834253482445
0.7938417408234263
0.0
0.0
0.0
0.0
0.8773740214554301
0.6669190871255445
0.4494426523804419
0.44106204850266995
0.373591639118301
0.13447198200595747
0.03025083062345614
0.0
0.0
0.0014999588363905575
0.0013173158335336359
0.0
0.0
0.0
0.04101436866079458
0.10569908194450245
0.17733751885539045
0.3124744339951775
0.7482375505703955
0.8372684017562168
0.0
0.0
0.0
0.0
0.8879184954012891
0.6578349462830194
0.45004667729505077
0.44066377886645625
0.3262728453175981
0.08031989546368865
0.0
0.0
0.0
0.001314459956067331
0.0012065437267547283
0.0
0.0
0.0
0.0
0.003940058784413834
0.11040773664628876
0.23993658796882883
0.6622851207703423
0.7880098586274082
0.0
0.0
0.0
0.0
0.8683004720884124
0.6253688887035938
0.3927272017637745
0.3093655265694121
0.18711250369195567
0.027193344353473526
0.0
0.0
0.0
0.0
0.0
0.0
0.0
0.0
0.0
0.0009039106240055448
0.006619127052609715
0.14409505192034955
0.5777401733336862
0.7676253701866323
0.0
0.0
0.0
0.0
0.8634492430315536
0.6138409256329621
0.3393099846994692
0.23697352719452008
0.10060700189930827
0.0
0.0
0.0
0.0
0.0
0.0
0.0
0.0
0.0
0.0
0.0008568377228911616
0.0010593405719339839
0.06100084665143518
0.4614893250078011
0.6142322400180796
0.0
0.0
0.0
0.0
0.8145995873841108
0.4761971035358224
0.2820400588858489
0.22615489058195842
0.051228770978066274
0.0
0.0
0.0
0.0
0.0
0.0
0.0
0.0
0.0
0.0
0.0
0.0
0.001285718561919848
0.005830150734783476
0.38771062034147774
0.0
0.0
0.0
0.0
0.7288418905635032
0.3667060494709764
0.19764397350071466
0.20072007966770564
0.1620197387240023
0.015356234838800694
0.0
0.0
0.0
0.0
0.0
0.0
0.0
0.0
0.0
0.0015914111729998645
0.009294800178032732
0.11980539522760322
0.49991235377729876
0.6251529107095444
0.0
0.0
0.0
0.0
0.8366739338615542
0.5348490241588011
0.2405498027731015
0.1550191856677432
0.055171679512779834
0.0
0.0
0.0
0.0
0.0
0.0
0.0
0.0
0.0
0.0
0.0
0.002652225816682552
0.01116000304306985
0.34948187084118104
0.6007540080379772
0.0
0.0
0.0
0.0
0.7058218333651238
0.313707048715258
0.11312576023836218
0.05046220665135696
0.0
0.0
0.0
0.0
0.0
0.0
0.0
0.0
0.0
0.0
0.0
0.00350376328548052
0.05296357405868026
0.16988913998116006
0.5531785274557354
0.7463431105344509
0.0
0.0
0.0
0.0
0.8399553969986098
0.582548950933758
0.3393883322270969
0.3491530685689862
0.30177818763488967
0.12445906711076603
0.05707258459724538
0.0
0.0
0.0015556880491863392
0.0011687541326980192
0.0
0.0
0.0018724269473587777
0.01671123748804884
0.07750422646557817
0.16721777853052927
0.26311682397082725
0.6864155014437737
0.7951182973936517
0.0
0.0
0.0
0.0
0.8436059894605078
0.5462249562180379
0.3126695700724892
0.3075921516989721
0.22702406109129508
0.07278138017332499
0.0
0.0
0.0
0.0013413220337039928
0.0
0.0
0.0
0.0
0.0
0.004240954335127628
0.0690437919908969
0.19345383812470313
0.5696049837108431
0.7414439724417431
0.0
0.0
0.0
0.0
0.7835434885721482
0.4708071905447626
0.17921556239050185
0.08037860028009682
0.0008865562947017373
0.0
0.0
0.0
0.0
0.0
0.0
0.0
0.0
0.0
0.0
0.0
0.0
0.0
0.0
0.00985215381937118
0.0
0.0
0.0
0.0
0.0
0.0
0.0
0.0
0.0
0.0
0.0
0.0
0.0
0.0
0.0
0.0
0.0
0.0
0.0
0.0
0.0
0.0
0.005841023426274076
0.009245279389950893
0.0
0.0
0.0
0.0
0.5963260264253849
0.3300995049341167
0.18120263432939687
0.20737567570938772
0.13060195779890113
0.009888028709689658
0.0
0.0
0.0
0.0
0.0
0.0
0.0
0.0
0.0
0.0012852401976524799
0.0
0.044489352308789185
0.3893542309062941
0.5936880380818871
0.0
0.0
0.0
0.0
0.6936999690596712
0.26896665534777625
0.060796380678614925
0.011389075570285598
0.0
0.0
0.0
0.0
0.0
0.0
0.0
0.0
0.0
0.0
0.0
0.0
0.0
0.0030613035981647105
0.09755693865979385
0.5459637670504108
0.0
0.0
0.0
0.0
0.7716050304116313
0.4135976330613649
0.15020657600231768
0.031504631876672004
0.0
0.0
0.0
0.0
0.0
0.0
0.0
0.0
0.0
0.0
0.0
0.0
0.0
0.0
0.005711638178039938
0.20601412398699287
0.0
0.0
0.0
0.0
0.7225391924594541
0.341761218658895
0.06893300679224715
0.0
0.0
0.0
0.0
0.0
0.0
0.0
0.0
0.0
0.0
0.0
0.0
0.0
0.0
0.006126372695997387
0.006124030285646028
0.4763117468780588
0.0
0.0
0.0
0.0
0.6478432063584523
0.2652988574675642
0.03325648894945082
0.0
0.0
0.0
0.0
0.0
0.0
0.0
0.0
0.0003837246675470192
0.0
0.0009353440204760194
0.003000247910178876
0.0847839482253163
0.13199765136720665
0.19651713563152673
0.5915848600076243
0.7245127169296564
0.0
0.0
0.0
0.0
0.8321476485692243
0.5136184702528577
0.23185732525187738
0.18174101939762385
0.04075779418771267
0.0
0.0
0.0
0.0
0.0
0.0
0.0
0.0
0.0
0.0
0.0
0.0
0.003012568347044894
0.1435741559280244
0.5530498609374671
0.0
0.0
0.0
0.0
0.6757752540592432
0.2711323393730979
0.06340399419443656
0.0031282712701531353
0.0
0.0
0.0
0.0
0.0
0.0
0.0
0.0
0.0
0.0
0.0
0.0
0.0021289894027134194
0.0014407742758390312
0.006675718254857514
0.39563233744697357
0.0
0.0
0.0
0.0
0.7440026321023928
0.35568933208356973
0.09224125146414272
0.0
0.0
0.0
0.0
0.0
0.0
0.0
0.0
0.0
0.0
0.0
0.0
0.0
0.0
0.0
0.025224599900287383
0.18939693758948797
0.0
0.0
0.0
0.0
0.5203198252880953
0.12224164212700953
0.0
0.0
0.0
0.0
0.0
0.0
0.0
0.0
0.0
0.0
0.0
0.0
0.0
0.0
0.0
0.0
0.006599088542163467
0.00996343313085195
0.0
0.0
0.0
0.0
0.5881233722742184
0.18510587665015887
0.0
0.0
0.0
0.0
0.0
0.0
0.0
0.0
0.0
0.0
0.0
0.0
0.0
0.0
0.0
0.0
0.0
0.022197480489066296
0.0
0.0
0.0
0.0
0.018131546597372077
0.0
0.0
0.0
0.0
0.0
0.0
0.0
0.0
0.0
0.0
0.0
0.0
0.0
0.0
0.0
0.003459256548264566
0.0016723648556723305
0.1070461469225876
0.5606762592080884
0.0
0.0
0.0
0.0
0.6861482027350985
0.29840412012923306
0.08309964857738472
0.024360139426427035
0.0
0.0
0.0
0.0
0.0
0.0
0.0
0.0
0.0
0.0
0.0
0.0013808938948879656
0.00307203935520422
0.0011757184796754804
0.1739355132977665
0.576184916313801
0.0
0.0
0.0
0.0
0.7802045468237724
0.3839055995515317
0.10664172860581898
0.03154823858086634
0.0
0.0
0.0
0.0
0.0
0.0
0.0
0.0
0.0
0.0
0.0
0.0
0.0
0.0012596600112095944
0.006573152760492115
0.42566012546181303
0.0
0.0
0.0
0.0
0.7551861515979619
0.37388501153621595
0.12857694698040886
0.014619542883425029
0.0
0.0
0.0
0.0
0.0
0.0
0.0
0.0
0.0
0.0
0.0
0.0
0.0
0.0
0.0
0.023367217797127374
0.0
0.0
0.0
0.0
0.5899011457548533
0.2397715424880245
0.04763002983442813
0.0019750155169097755
0.0
0.0
0.0
0.0
0.0
0.0
0.0
0.0
0.0
0.0
0.0016639127675731223
0.000996398557538413
0.0
0.08548640312278245
0.4815147818170249
0.6625150887925151
0.0
0.0
0.0
0.0
0.7528217518658583
0.45078640875389814
0.15150609744797797
0.03766407243044217
0.0
0.0
0.0
0.0
0.0
0.0
0.0
0.0
0.0
0.0
0.0
0.0
0.0011222351748881045
0.0011378233951528413
0.027316451482833192
0.46100274181181833
0.0
0.0
0.0
0.0
0.6044520925973881
0.19701080256653938
0.013877987835717392
0.0
0.0
0.0
0.0
0.0
0.0
0.0
0.0
0.0
0.0
0.0
0.0
0.0
0.0006529321284831206
0.013361832796400784
0.41798372180828114
0.5869297362653485
0.0
0.0
0.0
0.0
0.7852477344419552
0.3990818208152805
0.08213344780225759
0.0
0.0
0.0
0.0
0.0
0.0
0.0
0.0
0.0
0.0
0.0
0.0
0.0
0.0007751952061020415
0.0014288090065544053
0.005494114172110831
0.3202996363315819
0.0
0.0
0.0
0.0
0.5886557634371232
0.2507141113125444
0.024107535835409432
0.0
0.0
0.0
0.0
0.0
0.0
0.0
0.0
0.0
0.0
0.0
0.0
0.0
0.0
0.0
0.0
0.005888501443496587
0.0
0.0
0.0
0.0
0.3460711366851545
0.0
0.0003604225291978433
0.0
0.0
0.0
0.0
0.0
0.0
0.0
0.0
0.0
0.0
0.0
0.0
0.0
0.0
0.0
0.0
0.0
0.0
0.0
0.0
0.0
0.0035589857392548828
0.0
0.0
0.0
0.0
0.0
0.0
0.0
0.0
0.0
0.0
0.0
0.0
0.0
0.0
0.0
0.0
0.0
0.0
0.011416269831682278
0.0
0.0
0.0
0.0
0.029837040438654146
0.0
0.0
0.0
0.0
0.0
0.0
0.0
0.0
0.0
0.0
0.0
0.0
0.0
0.0
0.0
0.0
0.0
0.0
0.0
0.0
0.0
0.0
0.0
0.01119638162527955
0.0
0.0
0.0
0.0
0.0
0.0
0.0
0.0
0.0
0.0
0.0
0.0
0.0
0.0
0.0
0.0
0.0
0.0
0.007378184886270076
0.0
0.0
0.0
0.0
0.313845067701884
0.0
0.0
0.0
0.0
0.0
0.0
0.0
0.0
0.0
0.0
0.0
0.0
0.0
0.0
0.0
0.0
0.0
0.0
0.01417965520916256
0.0
0.0
0.0
0.0
0.540884300460155
0.16010240747727508
0.0
0.0
0.0
0.0
0.0
0.0
0.0
0.0
0.0
0.0
0.0
0.0
0.0
0.0
0.0
0.013315297088924795
0.412535164772345
0.6775360885908324
0.0
0.0
0.0
0.0
0.8126448196693608
0.42110221254528474
0.07451741222486011
0.0
0.0
0.0
0.0
0.0
0.0
0.0
0.0
0.0
0.0
0.0
0.0
0.0
0.0
0.001984743485529007
0.0067620295775276664
0.06901305282148636
0.0
0.0
0.0
0.0
0.5715255247290764
0.14282109616222255
0.0
0.0
0.0
0.0
0.0
0.0
0.0
0.0
0.0
0.0
0.0
0.0
0.0
0.0
0.0
0.0
0.0
0.0
0.0
0.0
0.0
0.0
0.002983475913151513
0.0
0.0
0.0
0.0
0.0
0.0
0.0
0.0
0.0
0.0
0.0
0.0
0.0
0.0
0.0
0.0
0.0
0.0
0.0
0.0
0.0
0.0
0.0
0.007753649765691284
0.0
0.0
0.0
0.0
0.0
0.0
0.0
0.0
0.0
0.0
0.0
0.0
0.0
0.0
0.0
0.0
0.0
0.0
0.0
0.0
0.0
0.0
0.0
0.11071232630881818
0.0
0.0
0.0
0.0
0.0
0.0
0.0
0.0
0.0
0.0
0.0
0.0
0.0
0.0
0.0
0.0
0.0
0.0
0.0
0.0
0.0
0.0
0.0
0.06320093678652834
0.0
0.0
0.0
0.0
0.0
0.0
0.0
0.0
0.0
0.0
0.0
0.0
0.0
0.0
0.0
0.0
0.0
0.0
0.0
0.0
0.0
0.0
0.0
0.02422040838478722
0.0
0.0
0.0
0.0
0.0
0.0
0.0
0.0
0.0
0.0
0.0
0.0
0.0
0.0
0.0
0.0
0.0
0.0
0.0
0.0
0.0
0.0
0.0
0.004184613357878534
0.0
0.0
0.0
0.0
0.0
0.0
0.0
0.0
0.0
0.0
0.0
0.0
0.0
0.0
0.0
0.0
0.0
0.0
0.0
0.0
0.0
0.0
0.0
0.0
0.0
0.0
0.0
0.0
0.0
0.0
0.0
0.0
0.0
0.0
0.0
0.0
0.0
0.0
0.0
0.0
0.0
0.0
0.0
0.0
0.0
0.0
0.0
0.004495493364334888
0.0
0.0
0.0
0.0
0.0
0.0
0.0
0.0
0.0
0.0
0.0
0.0
0.0
0.0
0.0
0.0
0.0
0.0
0.0
0.0
0.0
0.0
0.0
0.002328469887777323
0.0
0.0
0.0
0.0
0.0
0.0
0.0
0.0
0.0
0.0
0.0
0.0
0.0
0.0
0.0
0.0
0.0
0.0
0.0
0.0
0.0
0.0
0.0
0.0
0.0
0.0
0.0
0.0
0.0
0.0
0.0
0.0
0.0
0.0
0.0
0.0
0.0
0.0
0.0
0.0
0.0
0.0
0.0
0.0
0.0
0.0
0.0
0.0
0.0
0.0
0.0
0.0
0.0
0.0
0.0
0.0
0.0
0.0
0.0
0.0
0.0
0.0
0.0
0.0
0.0
0.0
0.007354834005054196
0.0
0.0
0.0
0.0
0.21693064053674807
0.0
0.0
0.0
0.0
0.0
0.0
0.0
0.0
0.0
0.0
0.0
0.0
0.0
0.0
0.0
0.0
0.0051502498255592355
0.008630713273054093
0.4217830882229452
0.0
0.0
0.0
0.0
0.7261374214883449
0.29680595948067967
0.0661089836253006
0.01855020988662363
0.0
0.0
0.0
0.0
0.0
0.001268073884257437
0.0013557306414623028
0.0
0.0
0.0
0.0
0.0012675619413397541
0.0
0.019860245190997772
0.30931927983888546
0.5358638560655856
0.0
0.0
0.0
0.0
0.7396744086214724
0.32733610715603806
0.04197697988026387
0.0
0.0
0.0
0.0
0.0
0.0
0.0
0.0
0.0
0.0
0.0
0.0
0.0
0.0
0.0011135831179047906
0.03098860430404136
0.33869198359710534
0.0
0.0
0.0
0.0
0.4708403284051576
0.05677141385325319
0.0
0.0
0.0
0.0
0.0
0.0
0.0
0.0
0.0
0.0
0.0
0.0
0.0028102161222631613
0.0
0.0
0.08564194838048823
0.4439484451711347
0.6263586483347515
0.0
0.0
0.0
0.0
0.7593597568088841
0.348920088082082
0.07503014137921284
0.0034442365768282738
0.0
0.0
0.0
0.0
0.0
0.0
0.0
0.0
0.0
0.0
0.0
0.0
0.0
0.0
0.0
0.02646268483898967
0.0
0.0
0.0
0.0
0.3671730409458189
0.04302791313216537
0.0
0.0
0.0
0.0
0.0
0.0
0.0
0.0
0.0
0.0
0.0
0.0
0.0
0.0
0.0
0.0
0.0
0.007714588036777264
0.0
0.0
0.0
0.0
0.36167772785954466
0.0
0.0
0.0
0.0
0.0
0.0
0.0
0.0
0.0
0.0
0.0
0.0
0.0
0.0
0.0
0.0
0.0
0.0
0.0
0.0
0.0
0.0
0.0
0.07578936048221249
0.0
0.0
0.0
0.0
0.0
0.0
0.0
0.0
0.0
0.0
0.0
0.0
0.0
0.0
0.0
0.0
0.0
0.0
0.0
0.0
0.0
0.0
0.0
0.0
0.0
0.0
0.0
0.0
0.0
0.0
0.0
0.0
0.0
0.0
0.0
0.0
0.0
0.0
0.0
0.0
0.0
0.0
0.0
0.0
0.0
0.0
0.0
0.010661227729708487
0.0
0.0
0.0
0.0
0.0
0.0
0.0
0.0
0.0
0.0
0.0
0.0
0.0
0.0
0.0
0.0
0.0
0.0
0.0
0.0
0.0
0.0
0.0
0.05440397672377249
0.0
0.0
0.0
0.0
0.0
0.0
0.0
0.0
0.0
0.0
0.0
0.0
0.0
0.0
0.0
0.0
0.0
0.0
0.0
0.0
0.0
0.0
0.0
0.0
0.0
0.0
0.0
0.0
0.0
0.0
0.0
0.0
0.0
0.0
0.0
0.0
0.0
0.0
0.0
0.0
0.0
0.0
0.0
0.0
0.0
0.0
0.0
0.0
0.0
0.0
0.0
0.0
0.0
0.0
0.0
0.0
0.0
0.0
0.0
0.0
0.0
0.0
0.0
0.0
0.0
0.0
0.0
0.0
0.0
0.0
0.0
0.0
0.0
0.0
0.0
0.0
0.0
0.0
0.0
0.0
0.0
0.0
0.0
0.0
0.0
0.0
0.0
0.0
0.0
0.0
0.0
0.0
0.0
0.0
0.0
0.01074664419368064
0.0
0.0
0.0
0.0
0.0
0.0
0.0
0.0
0.0
0.0
0.0
0.0
0.0
0.0
0.0
0.0
0.0
0.0
0.0
0.0
0.0
0.0
0.0
0.2695762380637126
0.0
0.0
0.0
0.0
0.0
0.0
0.0
0.0
0.0
0.0
0.0
0.0
0.0
0.0
0.0
0.0
0.0
0.0
0.0
0.0
0.0
0.0
0.0
0.003897386905859729
0.0
0.0
0.0
0.0
0.0
0.0
0.0
0.0
0.0
0.0
0.0
0.0
0.0
0.0
0.0
0.0
0.0
0.0
0.0
0.0
0.0
0.0
0.0
0.0071787999680131345
0.0
0.0
0.0
0.0
0.0
0.0
0.0
0.0
0.0
0.0
0.0
0.0
0.0
0.0
0.0
0.0
0.0
0.0
0.0
0.0
0.0
0.0
0.0
0.0
0.0
0.0
0.0
0.0
0.0
0.0
0.0
0.0
0.0
0.0
0.0
0.0
0.0
0.0
0.0
0.0
0.0
0.0
0.0
0.0
0.0
0.0
0.0
0.04983866155110014
0.0
0.0
0.0
0.0
0.0
0.0
0.0
0.0
0.0
0.0
0.0
0.0
0.0
0.0
0.0
0.0
0.0
0.0
0.0062396074809374594
0.0
0.0
0.0
0.0
0.30055273313141406
0.0
0.0
0.0
0.0
0.0
0.0
0.0
0.0
0.0
0.0
0.0
0.0
0.0
0.0
0.0
0.0
0.0
0.0
0.029358599401141813
0.0
0.0
0.0
0.0
0.46587036147676675
0.005450029358349931
0.0
0.0
0.0
0.0
0.0
0.0
0.0
0.0
0.0
0.0
0.0
0.0
0.0
0.0
0.0
0.0
0.0
0.0
0.0
0.0
0.0
0.0
0.22796725564374612
0.0
0.0
0.0
0.0
0.0
0.0
0.0
0.0
0.0
0.0
0.0
0.0
0.0
0.0
0.0
0.0
0.0
0.0
0.0
0.0
0.0
0.0
0.0
0.006413527856967426
0.0
0.0
0.0
0.0
0.0
0.0
0.0
0.0
0.0
0.0
0.0
0.0
0.0
0.0
0.0
0.0
0.0
0.0
0.0
0.0
0.0
0.0
0.0
0.0032111063127918827
0.0
0.0
0.0
0.0
0.0
0.0
0.0
0.0
0.0
0.0
0.0
0.0
0.0
0.0
0.0
0.0
0.0
0.0
0.0
0.0
0.0
0.0
0.0
0.0
0.0
0.0
0.0
0.0
0.0
0.0
0.0
0.0
0.0
0.0
0.0
0.0
0.0
0.0
0.0
0.0
0.0
0.0
0.0
0.0
0.0
0.0
0.0
0.0
0.0
0.0
0.0
0.0
0.0
0.0
0.0
0.0
0.0
0.0
0.0
0.0
0.0
0.0
0.0
0.0
0.0
0.0
0.00680646056977535
0.0
0.0
0.0
0.0
0.36046104386094285
0.0
0.0
0.0
0.0
0.0
0.0
0.0
0.0
0.0
0.0
0.0
0.0
0.0
0.0
0.0
0.0
0.0
0.0
0.008132055581235772
0.0
0.0
0.0
0.0
0.5437970948233709
0.060448344546471036
0.0
0.0
0.0
0.0
0.0
0.0
0.0
0.0
0.0
0.0
0.0
0.0
0.0
0.0
0.0
0.0
0.0
0.007514662534517308
0.0
0.0
0.0
0.0
0.3856020825698099
0.0
0.0
0.0
0.0
0.0
0.0
0.0
0.0
0.0
0.0
0.0
0.0
0.0
0.0
0.0
0.0
0.0
0.0
0.008371746541864076
0.0
0.0
0.0
0.0
0.35478369036376756
0.0
0.0
0.0
0.0
0.0
0.0
0.0
0.0
0.0
0.0
0.0
0.0
0.0
0.0
0.0
0.0
0.0
0.0
0.0
0.0
0.0
0.0
0.0
0.0
0.0
0.0
0.0
0.0
0.0
0.0
0.0
0.0
0.0
0.0
0.0
0.0
0.0
0.0
0.0
0.0
0.0
0.0
0.0
0.0
0.0
0.0
0.0
0.0037869613346394725
0.0
0.0
0.0
0.0
0.0
0.0
0.0
0.0
0.0
0.0
0.0
0.0
0.0
0.0
0.0
0.0
0.0
0.0
0.0
0.0
0.0
0.0
0.0
0.0
0.0
0.0
0.0
0.0
0.0
0.0
0.0
0.0
0.0
0.0
0.0
0.0
0.0
0.0
0.0
0.0
0.0
0.0
0.0
0.0
0.0
0.0
0.0
0.0
0.0
0.0
0.0
0.0
0.0
0.0
0.0
0.0
0.0
0.0
0.0
0.0
0.0
0.0
0.0
0.0
0.0
0.0
0.0
0.0
0.0
0.0
0.0
0.0
0.0
0.0
0.0
0.0
0.0
0.0
0.0
0.0
0.0
0.0
0.0
0.0
0.0
0.0
0.0
0.0
0.0
0.0
0.0
0.0
0.0
0.0
0.0
0.0
0.0
0.0
0.0
0.0
0.0
0.0
0.0
0.0
0.0
0.0
0.0
0.0
0.0
0.0
0.0
0.0
0.0
0.0
0.0
0.0
0.0
0.0
0.0
0.0034237252575406068
0.0
0.0
0.0
0.0
0.0
0.0
0.0
0.0
0.0
0.0
0.0
0.0
0.0
0.0
0.0
0.0
0.0
0.0
0.0
0.0
0.0
0.0
0.0
0.0
0.0
0.0
0.0
0.0
0.0
0.0
0.0
0.0
0.0
0.0
0.0
0.0
0.0
0.0
0.0
0.0
0.0
0.0
0.0
0.0
0.0
0.0
0.0
0.0
0.0
0.0
0.0
0.0
0.0
0.0
0.0
0.0
0.0
0.0
0.0
0.0
0.0
0.0
0.0
0.0
0.0
0.0
0.0
0.0
0.0
0.0
0.0
0.0
0.0
0.0
0.0
0.0
0.0
0.0
0.0
0.0
0.0
0.0
0.0
0.0
0.0
0.0
0.0
0.0
0.0
0.0
0.0
0.0
0.0
0.0
0.0
0.0
0.0
0.0
0.0
0.0
0.0
0.0
0.0
0.0
0.0
0.0
0.0
0.0
0.0
0.0
0.0
0.0
0.0
0.0
0.0
0.0
0.0
0.0
0.0
0.0
0.0
0.0
0.0
0.0
0.0
0.0
0.0
0.0
0.0
0.0
0.0
0.0
0.0
0.0
0.0
0.0
0.0
0.0
0.0
0.0
0.0
0.0
0.0
0.0
0.0
0.0
0.0
0.0
0.0
0.0
0.0
0.0
0.0
0.0
0.0
0.0
0.0
0.0
0.0
0.0
0.0
0.0
0.0
0.0
0.0
0.0
0.0
0.0
0.0
0.0
0.0
0.0
0.0
0.0
0.0
0.0
0.0
0.0
0.0
0.0
0.0
0.0
0.0
0.0
0.0
0.0
0.0
0.0
0.0
0.0
0.0
0.0
0.0
0.0
0.0
0.0
0.0
0.0
0.0
0.0
0.0
0.0
0.0
0.0
0.0
0.0
0.0
0.0
0.0
0.0
0.0
0.0
0.0
0.0
0.0
0.0
0.0
0.0
0.0
0.0
0.0
0.0
0.0
0.0
0.0
0.0
0.0
0.0
0.0
0.0
0.0
0.0
0.0
0.0
0.0
0.0
0.0
0.0
0.0
0.0
0.0
0.0
0.0
0.0
0.0
0.0
0.0
0.0
0.0
0.0
0.0
0.0
0.0
0.0
0.0
0.0
0.0
0.0
0.0
0.0
0.0
0.0
0.0
0.0
0.0
0.0
0.0
0.0
0.0
0.0
0.0
0.0
0.0
0.0
0.0
0.0
0.0
0.0
0.0
0.0
0.0
0.0
0.0
0.0
0.0
0.0
0.0
0.0
0.0
0.0
0.0
0.0
0.0
0.0
0.0
0.0
0.0
0.0
0.0
0.0
0.0
0.0
0.0
0.0
0.0
0.0
0.0
0.0
0.0
0.0
0.0
0.0
0.0
0.0
0.0
0.0
0.0
0.0
0.0
0.0
0.0
0.0
0.0
0.0
0.0
0.0
0.0
0.0
0.0
0.0
0.0
0.0
0.0
0.0
0.0
0.0
0.0
0.0
0.0
0.0
0.0
0.0
0.0
0.0
0.0
0.0
0.0
0.0
0.0
0.0
0.0
0.0
0.0
0.0
0.0
0.0
0.0
0.0
0.0
0.0
0.0
0.0
0.0
0.0
0.0
0.0
0.0
0.0
0.0
0.0
0.0
0.0
0.0
0.0
0.0
0.0
0.0
0.0
0.0
0.0
0.0
0.0
0.0
0.0
0.0
0.0
0.0
0.0
0.0
0.0
0.0
0.0
0.0
0.0
0.0
0.0
0.0
0.0
0.0
0.0
0.0
0.0
0.0
0.0
0.0
0.0
0.0
0.0
0.0
0.0
0.0
0.0
0.0
0.0
0.0
0.0
0.0
0.0
0.0
0.0
0.0
0.0
0.0
0.0
0.0
0.0
0.0
0.0
0.0
0.0
0.0
0.0
0.0
0.0
0.0
0.0
0.0
0.0
0.0
0.0
0.0
0.0
0.0
0.0
0.0
0.0
0.0
0.0
0.0
0.0
0.0
0.0
0.0
0.0
0.0
0.0
0.0
0.0
0.0
0.0
0.0
0.0
0.0
0.0
0.0
0.0
0.0
0.0
0.0
0.0
0.0
0.0
0.0
0.0
0.0
0.0
0.0
0.0
0.0
0.0
0.0
0.0
0.0
0.0
0.0
0.0
0.0
0.0
0.0
0.0
0.0
0.0
0.0
0.0
0.0
0.0
0.0
0.0
0.0
0.0
0.0
0.0
0.0
0.0
0.0
0.0
0.0
0.0
0.0
0.0
0.0
0.0
0.0
0.0
0.0
0.0
0.0
0.0
0.0
0.0
0.0
0.0
0.0
0.0
0.0
0.0
0.0
0.0
0.0
0.0
0.0
0.0
0.0
0.0
0.0
0.0
0.0
0.0
0.0
0.0
0.0
0.0
0.0
0.0
0.0
0.0
0.0
0.0
0.0
0.0
0.0
0.0
0.0
0.0
0.0
0.0
0.0
0.0
0.0
0.0
0.0
0.0
0.0
0.0
0.0
0.0
0.0
0.0
0.0
0.0
0.0
0.0
0.0
0.0
0.0
0.0
0.0
0.0
0.0
0.0
0.0
0.0
0.0
0.0
0.0
0.0
0.0
0.0
0.0
0.0
0.0
0.0
0.0
0.0
0.0
0.0
0.0
0.0
0.0
0.0
0.0
0.0
0.0
0.0
0.0
0.0
0.0
0.0
0.0
0.0
0.0
0.0
0.0
0.0
0.0
0.0
0.0
0.0
0.0
0.0
0.0
0.0
0.0
0.0
0.0
0.0
0.0
0.0
0.0
0.0
0.0
0.0
0.0
0.0
0.0
0.0
0.0
0.0
0.0
0.0
0.0
0.0
0.0
0.0
0.0
0.0
0.0
0.0
0.0
0.0
0.0
0.0
0.0
0.0
0.0
0.0
0.0
0.0
0.0
0.0
0.0
0.0
0.0
0.0
0.0
0.0
0.0
0.0
0.0
0.0
0.0
0.0
0.0
0.0
0.0
0.0
0.0
0.0
0.0
0.0
0.0
0.0
0.0
0.0
0.0
0.0
0.0
0.0
0.0
0.0
0.0
0.0
0.0
0.0
0.0
0.0
0.0
0.0
0.0
0.0
0.0
0.0
0.0
0.0
0.0
0.0
0.0
0.0
0.0
0.0
0.0
0.0
0.0
0.0
0.0
0.0
0.0
0.0
0.0
0.0
0.0
0.0
0.0
0.0
0.0
0.0
0.0
0.0
0.0
0.0
0.0
0.0
0.0
0.0
0.0
0.0
0.0
0.0
0.0
0.0
0.0
0.0
0.0
0.0
0.0
0.0
0.0
0.0
0.0
0.0
0.0
0.0
0.0
0.0
0.0
0.0
0.0
0.0
0.0
0.0
0.0
0.0
0.0
0.0
0.0
0.0
0.0
0.0
0.0
0.0
0.0
0.0
0.0
0.0
0.0
0.0
0.0
0.0
0.0
0.0
0.0
0.0
0.0
0.0
0.0
0.0
0.0
0.0
0.0
0.0
0.0
0.0
0.0
0.0
0.0
0.0
0.0
0.0
0.0
0.0
0.0
0.0
0.0
0.0
0.0
0.0
0.0
0.0
0.0
0.0
0.0
0.0
0.0
0.0
0.0
0.002578045460606054
0.0
0.0
0.0
0.0
0.0
0.0
0.0
0.0
0.0
0.0
0.0
0.0
0.0
0.0
0.0
0.0
0.0
0.0
0.0
0.0
0.0
0.0
0.0
0.0
0.0
0.0
0.0
0.0
0.0
0.0
0.0
0.0
0.0
0.0
0.0
0.0
0.0
0.0
0.0
0.0
0.0
0.0
0.0
0.0
0.0
0.0
0.0
0.0
0.0
0.0
0.0
0.0
0.0
0.0
0.0
0.0
0.0
0.0
0.0
0.0
0.0
0.0
0.0
0.0
0.0
0.0
0.0
0.0
0.0
0.0
0.0
0.0
0.0
0.0
0.0
0.0
0.0
0.0
0.0
0.0
0.0
0.0
0.0
0.0
0.0
0.0
0.0
0.0
0.0
0.0
0.0
0.0
0.0
0.0
0.0
0.0
0.0
0.0
0.0
0.0
0.0
0.0
0.0
0.0
0.0
0.0
0.0
0.0
0.0
0.0
0.0
0.0
0.0
0.0
0.0
0.0
0.0
0.0
0.0
0.0
0.0
0.0
0.0
0.0
0.0
0.0
0.0
0.0
0.0
0.0
0.0
0.0
0.0
0.0
0.0
0.0
0.0
0.0
0.0
0.0
0.0
0.0
0.0
0.0
0.0
0.0
0.0
0.0
0.0
0.0
0.0
0.0
0.0
0.0
0.0
0.0
0.0
0.0
0.0
0.0
0.0
0.0
0.0
0.0
0.0
0.0
0.0
0.0
0.0
0.0
0.0
0.0
0.0
0.0
0.0
0.0
0.0
0.0
0.0
0.0
0.0
0.0
0.0
0.0
0.0
0.0
0.0
0.0
0.0
0.0
0.0
0.0
0.0
0.0
0.0
0.0
0.0
0.0
0.0
0.0
0.0
0.0
0.0
0.0
0.0
0.0
0.0
0.0
0.0
0.0
0.0
0.0
0.0
0.0
0.0
0.0
0.0
0.0
0.0
0.0
0.0
0.0
0.0
0.0
0.0
0.0
0.0
0.0
0.0
0.0
0.0
0.0
0.0
0.0
0.0
0.0
0.0
0.0
0.0
0.0
0.0
0.0
0.0
0.0
0.0
0.0
0.0
0.0
0.0
0.0
0.0
0.0
0.0
0.0
0.0
0.0
0.0
0.0
0.0
0.0
0.0
0.0
0.0
0.0
0.0
0.0
0.0
0.0
0.0
0.0
0.0
0.0
0.0
0.0
0.0
0.0
0.0
0.0
0.0
0.0
0.0
0.0
0.0
0.0
0.0
0.0
0.0
0.0
0.0
0.0
0.0
0.0
0.0
0.0
0.0
0.0
0.0
0.0
0.0
0.0
0.0
0.0
0.0
0.0
0.0
0.0
0.0
0.0
0.0
0.0
0.0
0.0
0.0
0.0
0.0
0.0
0.0
0.0
0.0
0.0
0.0
0.0
0.0
0.0
0.0
0.0
0.0
0.0
0.0
0.0
0.0
0.0
0.0
0.0
0.0
0.0
0.0
0.0
0.0
0.0
0.0
0.0
0.0
0.0
0.0
0.0
0.0
0.0
0.0
0.0
0.0
0.0
0.0
0.0
0.0
0.0
0.0
0.0
0.0
0.0
0.0
0.0
0.0
0.0
0.0
0.0
0.0
0.0
0.0
0.0
0.0
0.0
0.0
0.0
0.0
0.0
0.0
0.0
0.0
0.0
0.0
0.0
0.0
0.0
0.0
0.0
0.0
0.0
0.0
0.0
0.0
0.0
0.0
0.0
0.0
0.0
0.0
0.0
0.0
0.0
0.0
0.0
0.0
0.0
0.0
0.0
0.0
0.0
0.0
0.0
0.0
0.0
0.0
0.0
0.0
0.0
0.0
0.0
0.0
0.0
0.0
0.0
0.0
0.0
0.0
0.0
0.0
0.0
0.0
0.0
0.0
0.0
0.0
0.0
0.0
0.0
0.0
0.0
0.0
0.0
0.0
0.0
0.0
0.0
0.0
0.0
0.0
0.0
0.0
0.0
0.0
0.0
0.0
0.0
0.0
0.0
0.0
0.0
0.0
0.0
0.0
0.0
0.0
0.0
0.0
0.0
0.0
0.0
0.0
0.0
0.0
0.0
0.0
0.0
0.0
0.0
0.0
0.0
0.0
0.0
0.0
0.0
0.0
0.0
0.0
0.0
0.0
0.0
0.0
0.0
0.0
0.0
0.0
0.0
0.0
0.0
0.0
0.0
0.0
0.0
0.0
0.0
0.0
0.0
0.0
0.0
0.0
0.0
0.0
0.0
0.0
0.0
0.0
0.0
0.0
0.0
0.0
0.0
0.0
0.0
0.0
0.0
0.0
0.0
0.0
0.0
0.0
0.0
0.0
0.0
0.0
0.0
0.0
0.0
0.0
0.0
0.0
0.0
0.0
0.0
0.0
0.0
0.0
0.0
0.0
0.0
0.0
0.0
0.0
0.0
0.0
0.0
0.0
0.0
0.0
0.0
0.0
0.0
0.0
0.0
0.0
0.0
0.0
0.0
0.0
0.0
0.0
0.0
0.0
0.0
0.0
0.0
0.0
0.0
0.0
0.0
0.0
0.0
0.0
0.0
0.0
0.0
0.0
0.0
0.0
0.0
0.0
0.0
0.0
0.0
0.0
0.0
0.0
0.0
0.0
0.0
0.0
0.0
0.0
0.0
0.0
0.0
0.0
0.0
0.0
0.0
0.0
0.0
0.0
0.0
0.0
0.0
0.0
0.0
0.0
0.0
0.0
0.0
0.0
0.0
0.0
0.0
0.0
0.0035076136649802776
0.0
0.0
0.0
0.0
0.0
0.0
0.0
0.0
0.0
0.0
0.0
0.0
0.0
0.0
0.0
0.0
0.0
0.0
0.0
0.0
0.0
0.0
0.0
0.005441318330235718
0.0
0.0
0.0
0.0
0.0
0.0
0.0
0.0
0.0
0.0
0.0
0.0
0.0
0.0
0.0
0.0
0.0
0.0
0.0
0.0
0.0
0.0
0.0
0.02098619667052814
0.0
0.0
0.0
0.0
0.0
0.0
0.0
0.0
0.0
0.0
0.0
0.0
0.0
0.0
0.0
0.0
0.0
0.0
0.0
0.0
0.0
0.0
0.0
0.0
0.0
0.0
0.0
0.0
0.0
0.0
0.0
0.0
0.0
0.0
0.0
0.0
0.0
0.0
0.0
0.0
0.0
0.0
0.0
0.0
0.0
0.0
0.0
0.0
0.0
0.0
0.0
0.0
0.0
0.0
0.0
0.0
0.0
0.0
0.0
0.0
0.0
0.0
0.0
0.0
0.0
0.0
0.0
0.0
0.0
0.0
0.0
0.0
0.0
0.0
0.0
0.0
0.0
0.0
0.0
0.0
0.0
0.0
0.0
0.0
0.0
0.0
0.0
0.0
0.0
0.0
0.0
0.0
0.0
0.0
0.0
0.0
0.0
0.0
0.0
0.0
0.0
0.0
0.0
0.0
0.0
0.0
0.0
0.0
0.0
0.0
0.0
0.0
0.0
0.0
0.0
0.0
0.0
0.0
0.0
0.0
0.0
0.0
0.0
0.0
0.0
0.0
0.0
0.0
0.0
0.0
0.0
0.0
0.0
0.0
0.0
0.0
0.0
0.0
0.0
0.0
0.0
0.0
0.0
0.0
0.0
0.0
0.0
0.0
0.0
0.0
0.0
0.0
0.0
0.0
0.0
0.0
0.0
0.0
0.0
0.0
0.0
0.0
0.0
0.0
0.0
0.0
0.0
0.0
0.0
0.0
0.0
0.0
0.0
0.0
0.0
0.0
0.0
0.0
0.0
0.0
0.0
0.0
0.0
0.0
0.0
0.0
0.0
0.0
0.0
0.0
0.0
0.0033754008053136883
0.0
0.0
0.0
0.0
0.0
0.0
0.0
0.0
0.0
0.0
0.0
0.0
0.0
0.0
0.0
0.0
0.0
0.0
0.0
0.0
0.0
0.0
0.0
0.0
0.0
0.0
0.0
0.0
0.0
0.0
0.0
0.0
0.0
0.0
0.0
0.0
0.0
0.0
0.0
0.0
0.0
0.0
0.0
0.0
0.0
0.0
0.0
0.0
0.0
0.0
0.0
0.0
0.0
0.0
0.0
0.0
0.0
0.0
0.0
0.0
0.0
0.0
0.0
0.0
0.0
0.0
0.0
0.0
0.0
0.0
0.0
0.0
0.0
0.0
0.0
0.0
0.0
0.0
0.0
0.0
0.0
0.0
0.0
0.0
0.0
0.0
0.0
0.0
0.0
0.0
0.0
0.0
0.0
0.0
0.0
0.0
0.0
0.0
0.0
0.0
0.0
0.0
0.0
0.0
0.0
0.0
0.0
0.0
0.0
0.0
0.0
0.0
0.0
0.0
0.0
0.0
0.0
0.0
0.0
0.0
0.0
0.0
0.0
0.0
0.0
0.0
0.0
0.0
0.0
0.0
0.0
0.0
0.0
0.0
0.0
0.0
0.0
0.0
0.0
0.0
0.0
0.0
0.0
0.0
0.0
0.0
0.0
0.0
0.0
0.0
0.0
0.0
0.0
0.0
0.0
0.0
0.0
0.0
0.0
0.0
0.0
0.0
0.0
0.0
0.0
0.0
0.0
0.0
0.0
0.0
0.0
0.0
0.0
0.0
0.0
0.0
0.0
0.0
0.0
0.0
0.0
0.0
0.0
0.0
0.0
0.0
0.0
0.0
0.0
0.0
0.0
0.0
0.0
0.0
0.0
0.0
0.0
0.0
0.0
0.0
0.0
0.0
0.0
0.0
0.0
0.0
0.0
0.0
0.0
0.0
0.0
0.0
0.0
0.0
0.0
0.0
0.0
0.0
0.0
0.0
0.0
0.0
0.0
0.0
0.0
0.0
0.0
0.0
0.0
0.0
0.0
0.0
0.0
0.0
0.0
0.0
0.0
0.0
0.0
0.0
0.0
0.0
0.0
0.0
0.0
0.0
0.0
0.0
0.0
0.0
0.0
0.0
0.0
0.0
0.0
0.0
0.0
0.0
0.0
0.0
0.0
0.0
0.0
0.0031344589550591807
0.0
0.0
0.0
0.0
0.0
0.0
0.0
0.0
0.0
0.0
0.0
0.0
0.0
0.0
0.0
0.0
0.0
0.0
0.0
0.0
0.0
0.0
0.0
0.003922787526574486
0.0
0.0
0.0
0.0
0.0
0.0
0.0
0.0
0.0
0.0
0.0
0.0
0.0
0.0
0.0
0.0
0.0
0.0
0.0
0.0
0.0
0.0
0.0
0.011125258627180008
0.0
0.0
0.0
0.0
0.0
0.0
0.0
0.0
0.0
0.0
0.0
0.0
0.0
0.0
0.0
0.0
0.0
0.0
0.0
0.0
0.0
0.0
0.0
0.004180353273994251
0.0
0.0
0.0
0.0
0.0
0.0
0.0
0.0
0.0
0.0
0.0
0.0
0.0
0.0
0.0
0.0
0.0
0.0
0.0
0.0
0.0
0.0
0.0
0.002354838496033382
0.0
0.0
0.0
0.0
0.0
0.0
0.0
0.0
0.0
0.0
0.0
0.0
0.0
0.0
0.0
0.0
0.0
0.0
0.0
0.0
0.0
0.0
0.0
0.0
0.0
0.0
0.0
0.0
0.0
0.0
0.0
0.0
0.0
0.0
0.0
0.0
0.0
0.0
0.0
0.0
0.0
0.0
0.0
0.0
0.0
0.0
0.0
0.0073530847960824475
0.0
0.0
0.0
0.0
0.0
0.0
0.0
0.0
0.0
0.0
0.0
0.0
0.0
0.0
0.0
0.0
0.0
0.0
0.0
0.0
0.0
0.0
0.0
0.0
0.0
0.0
0.0
0.0
0.0
0.0
0.0
0.0
0.0
0.0
0.0
0.0
0.0
0.0
0.0
0.0
0.0
0.0
0.0
0.0
0.0
0.0
0.0
0.006792818021416803
0.0
0.0
0.0
0.0
0.0
0.0
0.0
0.0
0.0
0.0
0.0
0.0
0.0
0.0
0.0
0.0
0.0
0.0
0.0
0.0
0.0
0.0
0.0
0.1725683022194207
0.0
0.0
0.0
0.0
0.0
0.0
0.0
0.0
0.0
0.0
0.0
0.0
0.0
0.0
0.0
0.0
0.0
0.0
0.0
0.0
0.0
0.0
0.0
0.007199192577761032
0.0
0.0
0.0
0.0
0.0
0.0
0.0
0.0
0.0
0.0
0.0
0.0
0.0
0.0
0.0
0.0
0.0
0.0
0.0
0.0
0.0
0.0
0.0
0.0
0.0
0.0
0.0
0.0
0.0
0.0
0.0
0.0
0.0
0.0
0.0
0.0
0.0
0.0
0.0
0.0
0.0
0.0
0.0
0.0
0.0
0.0
0.0
0.007823985082204131
0.0
0.0
0.0
0.0
0.0
0.0
0.0
0.0
0.0
0.0
0.0
0.0
0.0
0.0
0.0
0.0
0.0
0.0
0.0
0.0
0.0
0.0
0.0
0.01162069676572564
0.0
0.0
0.0
0.0
0.0
0.0
0.0
0.0
0.0
0.0
0.0
0.0
0.0
0.0
0.0
0.0
0.0
0.0
0.0
0.0
0.0
0.0
0.0
0.00565753246860492
0.0
0.0
0.0
0.0
0.0
0.0
0.0
0.0
0.0
0.0
0.0
0.0
0.0
0.0
0.0
0.0
0.0
0.0
0.0
0.0
0.0
0.0
0.0
0.0052642259083961465
0.0
0.0
0.0
0.0
0.0
0.0
0.0
0.0
0.0
0.0
0.0
0.0
0.0
0.0
0.0
0.0
0.0
0.0
0.0
0.0
0.0
0.0
0.0
0.027030888955664443
0.0
0.0
0.0
0.0
0.0
0.0
0.0
0.0
0.0
0.0
0.0
0.0
0.0
0.0
0.0
0.0
0.0
0.0
0.0
0.0
0.0
0.0
0.0
0.0059836553837779825
0.0
0.0
0.0
0.0
0.0
0.0
0.0
0.0
0.0
0.0
0.0
0.0
0.0
0.0
0.0
0.0
0.0
0.0
0.0
0.0
0.0
0.0
0.0
0.004524453358895568
0.0
0.0
0.0
0.0
0.0
0.0
0.0
0.0
0.0
0.0
0.0
0.0
0.0
0.0
0.0
0.0
0.0
0.0
0.012982463397805887
0.0
0.0
0.0
0.0
0.026271469359467996
0.0
0.0
0.0
0.0
0.0
0.0
0.0
0.0
0.0
0.0
0.0
0.0
0.0
0.0
0.0
0.0
0.0
0.0
0.0
0.0
0.0
0.0
0.0
0.004358648633550913
0.0
0.0
0.0
0.0
0.0
0.0
0.0
0.0
0.0
0.0
0.0
0.0
0.0
0.0
0.0
0.0
0.0
0.0
0.0
0.0
0.0
0.0
0.0
0.004572416250302345
0.0
0.0
0.0
0.0
0.0
0.0
0.0
0.0
0.0
0.0
0.0
0.0
0.0
0.0
0.0
0.0
0.0
0.0
0.0
0.0
0.0
0.0
0.0
0.00792149993082374
0.0
0.0
0.0
0.0
0.0
0.0
0.0
0.0
0.0
0.0
0.0
0.0
0.0
0.0
0.0
0.0
0.0
0.0
0.0
0.0
0.0
0.0
0.0
0.0
0.0
0.0
0.0
0.0
0.0
0.0
0.0
0.0
0.0
0.0
0.0
0.0
0.0
0.0
0.0
0.0
0.0
0.0
0.0
0.0
0.0
0.0
0.0
0.033790945086243133
0.0
0.0
0.0
0.0
0.0
0.0
0.0
0.0
0.0
0.0
0.0
0.0
0.0
0.0
0.0
0.0
0.0
0.0
0.0
0.0
0.0
0.0
0.0
0.0066359588683143145
0.0
0.0
0.0
0.0
0.0
0.0
0.0
0.0
0.0
0.0
0.0
0.0
0.0
0.0
0.0
0.0
0.0
0.0
0.0
0.0
0.0
0.0
0.0
0.004267176087395104
0.0
0.0
0.0
0.0
0.0
0.0
0.0
0.0
0.0
0.0
0.0
0.0
0.0
0.0
0.0
0.0
0.0
0.0
0.0
0.0
0.0
0.0
0.0
0.0
0.0
0.0
0.0
0.0
0.0
0.0
0.0
0.0
0.0
0.0
0.0
0.0
0.0
0.0
0.0
0.0
0.0
0.0
0.0
0.0
0.0
0.0
0.0
0.01507071157213905
0.0
0.0
0.0
0.0
0.0
0.0
0.0
0.0
0.0
0.0
0.0
0.0
0.0
0.0
0.0
0.0
0.0
0.0
0.0
0.0
0.0
0.0
0.0
0.004391560138617743
0.0
0.0
0.0
0.0
0.0
0.0
0.0
0.0
0.0
0.0
0.0
0.0
0.0
0.0
0.0
0.0
0.0
0.0
0.0
0.0
0.0
0.0
0.0
0.005822912214904326
0.0
0.0
0.0
0.0
0.0
0.0
0.0
0.0
0.0
0.0
0.0
0.0
0.0
0.0
0.0
0.0
0.0
0.0
0.0
0.0
0.0
0.0
0.0
0.0
0.0
0.0
0.0
0.0
0.0
0.0
0.0
0.0
0.0
0.0
0.0
0.0
0.0
0.0
0.0
0.0
0.0
0.0
0.014286714699243015
0.0
0.0
0.0
0.0
0.2189199918010842
0.0
0.0
0.0
0.0
0.0
0.0
0.0
0.0
0.0
0.0
0.0
0.0
0.0
0.0
0.0
0.0
0.001242748052968758
0.006264399177577507
0.3247987848077223
0.0
0.0
0.0
0.0
0.6735150952912745
0.276882379483693
0.09331593433937943
0.01741420909634008
0.0
0.0
0.0
0.0
0.0
0.0
0.0
0.0
0.0
0.0
0.0
0.0
0.0
0.0016684092616274734
0.0
0.1059249425053551
0.0
0.0
0.0
0.0
0.570283112452612
0.1792515423208093
0.0034397383786767214
0.0
0.0
0.0
0.0
0.0
0.0
0.0
0.0
0.0
0.0
0.0
0.0
0.0
0.0
0.0
0.0
0.02322128188509455
0.0
0.0
0.0
0.0
0.005672803806804438
0.0
0.0
0.0
0.0
0.0
0.0
0.0
0.0
0.0
0.0
0.0
0.0
0.0
0.0
0.0
0.0
0.0011487613754312097
0.008143034701770125
0.25122686119762505
0.0
0.0
0.0
0.0
0.5789783500963929
0.20058758929257967
0.0755996799320065
0.09770627687090185
0.08033063217873876
0.0025543270834295544
0.0
0.0
0.0
0.0
0.0009864694408800413
0.001732866816153428
0.0
0.0
0.0
0.001004868022022174
0.0
0.0014736236498863102
0.303421929604228
0.6157221992383205
0.0
0.0
0.0
0.0
0.7129231664891915
0.31136424242150923
0.10971649638077965
0.04640950698880111
0.0
0.0
0.0
0.0
0.0
0.0
0.0
0.0
0.0
0.0
0.0
0.0
0.0
0.001342372475526572
0.005699918566792681
0.3835102597096007
0.0
0.0
0.0
0.0
0.5833097574716015
0.25514736382133946
0.06511497886148866
0.010836608478879194
0.0
0.0
0.0
0.0
0.0
0.0
0.0
0.0
0.0
0.0
0.0
0.0
0.0
0.003186274996273509
0.012432444837090396
0.48103789890558835
0.0
0.0
0.0
0.0
0.7127727519455007
0.2879254994754047
0.11942583124031655
0.02334445574799271
0.0
0.0
0.0
0.0
0.0
0.0
0.0
0.0
0.0
0.0
0.0
0.0
0.0
0.0030657090041940212
0.007029120407709047
0.36584097327580534
0.0
0.0
0.0
0.0
0.6015567530819497
0.25109220435062307
0.04065346356014428
0.0
0.0
0.0
0.0
0.0
0.0
0.0
0.0
0.0
0.0
0.0
0.0
0.0
0.0
0.0011581921388906114
0.005171890633900756
0.034389736613155024
0.0
0.0
0.0
0.0
0.5093531731915659
0.14097482639596812
0.0
0.0
0.0
0.0
0.0
0.0
0.0
0.0
0.0
0.0
0.0
0.0
0.0
0.0
0.0
0.0011613200186461144
0.006049434555653139
0.09508149625536229
0.0
0.0
0.0
0.0
0.508918727845718
0.14161258389246414
0.0
0.0
0.0
0.0
0.0
0.0
0.0
0.0
0.0
0.0
0.0
0.0
0.0
0.0
0.0
0.0
0.006072196926029745
0.011827146755908555
0.0
0.0
0.0
0.0
0.5369118200409708
0.18260467335142117
0.00912753658093458
0.0
0.0
0.0
0.0
0.0
0.0
0.0
0.0
0.0
0.0
0.0
0.0
0.0
0.0
0.0
0.005385461407715719
0.08168035767015021
0.0
0.0
0.0
0.0
0.5186489734399387
0.1791112510107196
0.003906828302294194
0.0
0.0
0.0
0.0
0.0
0.0
0.0
0.0
0.0
0.0
0.0
0.0
0.0
0.0
0.0
0.0
0.006505650351801438
0.0
0.0
0.0
0.0
0.0064723476576429625
0.0
0.0
0.0
0.0
0.0
0.0
0.0
0.0
0.0
0.0
0.0
0.0
0.0
0.0
0.0
0.0
0.0
0.007683429463044001
0.31559917229800377
0.0
0.0
0.0
0.0
0.5786200521705828
0.25817208273149994
0.09255566777611209
0.01770470469703767
0.0
0.0
0.0
0.0
0.0
0.0
0.0
0.0
0.0
0.0
0.0
0.0
0.0
0.0
0.0
0.009950184432398009
0.0
0.0
0.0
0.0
0.2590820448762754
0.06796816585719752
0.0
0.0
0.0
0.0
0.0
0.0
0.0
0.0
0.0
0.0
0.0
0.0
0.0
0.0
0.0
0.0
0.005935286789836822
0.014179926174838568
0.0
0.0
0.0
0.0
0.5658670700204007
0.16858562217300357
0.0
0.0
0.0
0.0
0.0
0.0
0.0
0.0
0.0
0.0
0.0
0.0
0.0
0.0
0.0
0.0
0.0
0.038740631989680765
0.0
0.0
0.0
0.0
0.4068875343599653
0.08636362860644803
0.0
0.0
0.0
0.0
0.0
0.0
0.0
0.0
0.0
0.0
0.0
0.0
0.0
0.0011934802132159699
0.017224529700251998
0.0913953469675074
0.4167144891403243
0.6429557079776624
0.0
0.0
0.0
0.0
0.7314726717820174
0.3259710698264631
0.12315208331586601
0.09836898590954764
0.020016678500797577
0.0
0.0
0.0
0.0
0.0
0.0
0.0
0.0
0.0
0.0
0.0011941249657178177
0.0
0.0017239730016341387
0.09070959513638498
0.4978362979526007
0.0
0.0
0.0
0.0
0.8153075462781316
0.5393003640747233
0.324183498573454
0.24446774487136344
0.07089530722818829
0.0
0.0
0.0
0.0
0.0
0.0
0.0
0.0
0.0
0.002578322877317756
0.014106682932056535
0.10169304494152095
0.20616028323464297
0.6133569292961646
0.7573712989283102
0.0
0.0
0.0
0.0
0.8311128044580853
0.5697400700515549
0.34473570253386526
0.2739374858069828
0.08383568772356816
0.0
0.0
0.0
0.0
0.0
0.0
0.0
0.0
0.0
0.0027850575155337716
0.01776678104110908
0.09320160041097506
0.16890355481861066
0.5760688647015555
0.7572712027908776
0.0
0.0
0.0
0.0
0.8340526360674683
0.536046823616893
0.31604323702629017
0.2792893166256044
0.05165714916720429
0.0
0.0
0.0
0.0
0.0
0.0
0.0
0.0
0.0
0.0006360216908247066
0.0009632939892696994
0.0
0.0016815418976657156
0.2370440781938809
0.5654647366123481
0.0
0.0
0.0
0.0
0.8129437336999837
0.4861212050079587
0.2507685381560966
0.1660706594484908
0.0
0.0
0.0
0.0
0.0
0.0
0.0
0.0
0.0
0.0
0.0008684281390599878
0.002256232754922297
0.0
0.07240872708069625
0.4017038149675442
0.6223380177289746
0.0
0.0
0.0
0.0
0.7640204407926785
0.36836243240387917
0.14407225827015255
0.04918419035978607
0.0
0.0
0.0
0.0
0.0
0.0
0.0
0.0
0.0
0.0
0.0
0.002189392886127145
0.0
0.0012657136055850527
0.19171213570726625
0.5435355734012277
0.0
0.0
0.0
0.0
0.6813464909132758
0.3150678488459333
0.11358938589845133
0.030340944057012917
0.0
0.0
0.0
0.0
0.0
0.0
0.0
0.0
0.0
0.0
0.0
0.0
0.0
0.0
0.00530172412586638
0.007240702758601007
0.0
0.0
0.0
0.0
0.5688022101208041
0.2282513410301356
0.026130237503036013
0.0
0.0
0.0
0.0
0.0
0.0
0.0016921155836281344
0.0012526332750498674
0.0
0.0
0.0
0.0
0.0009449064463732832
0.0
0.0014941019668944764
0.18481953895946945
0.5139140309649298
0.0
0.0
0.0
0.0
0.6223751077345953
0.256998004512322
0.08363008170114158
0.015417431619973533
0.0
0.0
0.0
0.0
0.0
0.0
0.0
0.0
0.0
0.0
0.0
0.0
0.003931671693674723
0.0014922029824559328
0.0049908429886324854
0.37004505883423416
0.0
0.0
0.0
0.0
0.6434508462715327
0.3097060205841656
0.18999027151181408
0.13670304626695787
0.0
0.0
0.0
0.0
0.0
0.0
0.0
0.0
0.0
0.0
0.0
0.005093721172364427
0.0
0.015239804662933431
0.0824021175260264
0.5169993864978069
0.0
0.0
0.0
0.0
0.7462689201550655
0.38657864958079646
0.22393910720688623
0.08365546306896328
0.0
0.0
0.0
0.0
0.0
0.0
0.0
0.0
0.0
0.0
0.0
0.0014079298010661729
0.0
0.03022657460251068
0.3673416137636043
0.5903375958549064
0.0
0.0
0.0
0.0
0.8301639573274867
0.5242827260970472
0.28115089939777055
0.16199389391687047
0.0
0.0
0.0
0.0
0.0
0.0
0.0
0.0
0.0
0.0
0.0005335498292954132
0.0021026783250570192
0.0
0.10751072219233399
0.5460741538634613
0.6615720004413507
0.7266264272888322
0.0
0.0
0.0
0.0
0.7963230558115778
0.2534280132411758
0.0
0.0
0.0
0.0
0.0
0.0
0.0
0.0
0.0010519618854140382
0.0
0.0
0.0
0.0
0.05784910472736845
0.08084477634201225
0.1612994884888334
0.58338112183604
0.7662828794934013
0.0
0.0
0.0
0.0
0.8025723795636592
0.4977535123643932
0.2486673267430069
0.2864991266094586
0.257268327128323
0.0980573058097715
0.006751633999616437
0.0
0.0
0.0016653496623663033
0.004666248685975271
0.08801747826640388
0.09600883354470403
0.11193484359729972
0.1679101658428099
0.30252324848707457
0.3434124512922086
0.4318169872346706
0.8070067730075726
0.845156903627374
0.0
0.0
0.0
0.0
0.8530756103816108
0.5518077624480733
0.22295761145657106
0.15922915938256454
0.06080283374576705
0.0
0.0
0.0
0.0
0.001125187929869006
0.0008422402084624054
0.0284744103119079
0.024059034710029178
0.06978705218048306
0.11482336405131432
0.2157177398338149
0.33239234653255717
0.4323268345877001
0.8177880299741085
0.8696565444444105
0.0
0.0
0.0
0.0
0.8980737718079257
0.689685242455557
0.4250730161537711
0.3057839925639776
0.12769841736446125
0.00348439690457196
0.0
0.0
0.0
0.001384589627990031
0.0006754816789727199
0.0
0.0023991091021991107
0.09307478902367276
0.17806065310382385
0.22419358541646495
0.28572922488451874
0.3996437694626927
0.8127167089497568
0.8662839186855275
0.0
0.0
0.0
0.0
0.8769969360357645
0.6371163347536478
0.32987741634303525
0.17220704750370838
0.02163700104790899
0.0
0.0
0.0
0.0
0.0
0.0
0.0
0.0
0.007246498068346664
0.061136871315022455
0.16448180969469664
0.252659032002846
0.29763510601820536
0.6817045697727508
0.7925121993562704
0.0
0.0
0.0
0.0
0.8822073614988256
0.6314779436096891
0.3541062633535497
0.17003976433055557
0.004864245824327145
0.0
0.0
0.0
0.0
0.0
0.0
0.0
0.0009748107082889887
0.005861784782406327
0.04035069277279518
0.14311237760012027
0.1870422221962051
0.22121919614041802
0.7083975061198644
0.8146299032286191
0.0
0.0
0.0
0.0
0.8524637361777673
0.5508790767234787
0.16740806234994715
0.0046064015706540696
0.0
0.0
0.0
0.0
0.0
0.0
0.0
0.0
0.0
0.003189602998115999
0.0
0.055545708077775396
0.10849381447336638
0.19763802981770018
0.6248402636439842
0.7708062142648185
0.0
0.0
0.0
0.0
0.8603976947399598
0.5589640315631432
0.21114280570000227
0.03549162627825194
0.0
0.0
0.0
0.0
0.0
0.0
0.0
0.0
0.0
0.0021742333927118047
0.005155475010293769
0.09241406411552974
0.15066164001090113
0.2410597471792051
0.6605801096379088
0.8157289102249597
0.0
0.0
0.0
0.0
0.8463323398007656
0.5541058074894233
0.21831835819099185
0.0575957762814352
0.0
0.0
0.0
0.0
0.0
0.0
0.0
0.0
0.0
0.0011686414411925348
0.0
0.006139949949298332
0.07061877648107406
0.17959403143955158
0.4974425900108544
0.7172241543835426
0.0
0.0
0.0
0.0
0.8262424649626918
0.46631234798897253
0.13660253267665373
0.011120520392147013
0.0
0.0
0.0
0.0
0.0
0.0
0.0
0.0
0.0
0.0
0.002589457424760474
0.022035625500732067
0.0760401840270197
0.1600551801053192
0.5281742546565061
0.7526079502329451
0.0
0.0
0.0
0.0
0.8147772499244033
0.5061350268629686
0.16391792593133558
0.01820270863598948
0.0
0.0
0.0
0.0
0.0
0.0
0.0
0.0
0.0
0.0
0.0
0.0010744707443411893
0.0
0.012513271885276211
0.38336300235543874
0.6075760600199482
0.0
0.0
0.0
0.0
0.7770969143354962
0.3599484100119649
0.1507499169854194
0.0807797389574379
0.0
0.0
0.0
0.0
0.0
0.0
0.0
0.0
0.0
0.0
0.0
0.0012417422683363418
0.0
0.009614166675447533
0.17253026674517785
0.5035887645071233
0.0
0.0
0.0
0.0
0.7361151091195026
0.32022222475880313
0.18036129203868165
0.23858262866948318
0.2027441067345842
0.08267096763949498
0.004622849439777752
0.0
0.0
0.0013949139826231393
0.005723768074051541
0.046400216797865254
0.053237324192421755
0.02559482460738737
0.03172582145537933
0.07022681591323253
0.10713362137246665
0.18493936038552777
0.5515974656550455
0.7307692127703674
0.0
0.0
0.0
0.0
0.7922239866053776
0.4686125925357421
0.19423075423133201
0.12277501000408798
0.0
0.0
0.0
0.0
0.0
0.0
0.0
0.00040801995027998987
0.0
0.0
0.0
0.009994856273597872
0.05559075156468978
0.14467389101181558
0.5306587453214944
0.708258391395461
0.0
0.0
0.0
0.0
0.8072786885850914
0.4270347113784118
0.12813232795594037
0.016474936609589652
0.0
0.0
0.0
0.0
0.0
0.0
0.0
0.0004483469250385446
0.0
0.0
0.0
0.0513245772126278
0.11944682559012647
0.19318253871464927
0.5882595624175031
0.7388766926671804
0.0
0.0
0.0
0.0
0.8229876840131193
0.48491894945697117
0.20242079443839717
0.14160642680718302
0.08971720516832031
0.00487610093209891
0.0
0.0
0.0
0.0
0.0
0.0012511094265249365
0.0
0.0
0.0
0.0
0.0
0.001516943088563349
0.3226312582784246
0.6048435511176488
0.0
0.0
0.0
0.0
0.7458455888276803
0.4226189835386796
0.1786902768397876
0.15146721768192092
0.054063306965513924
0.0
0.0
0.0
0.0
0.0
0.0007138579518645256
0.0
0.0
0.0
0.0
0.010302824054363861
0.05841371993811097
0.1582097212328574
0.5164281185742962
0.7224050219212652
0.0
0.0
0.0
0.0
0.8005753547303373
0.4332796094623637
0.20025346488796195
0.17827716061422233
0.07737074510595517
0.0
0.0
0.0
0.0
0.0016030710317311266
0.0
0.0008786095082796768
0.029614836177551198
0.03056953677108297
0.058794492802559946
0.17729101549803278
0.23280394332649607
0.3208182326397524
0.7361775725105785
0.8125325779060389
0.0
0.0
0.0
0.0
0.8650529673129446
0.6049404081920133
0.3284493639317133
0.21355724125178643
0.07327456933930993
0.0
0.0
0.0
0.0
0.0008190163052253525
0.0007696164391525053
0.008593943226550708
0.0
0.048100589242745954
0.12256890917225267
0.22277478209329815
0.27852583956844373
0.3905987403985277
0.7837547531777318
0.8347579758937752
0.0
0.0
0.0
0.0
0.8618477906088375
0.5861131119395231
0.3788468208507374
0.26496707543175363
0.020409004972728618
0.0
0.0
0.0
0.0
0.0015898235632640497
0.0007204120090319962
0.0
0.044284324990371625
0.057131598524124395
0.0838887261104555
0.20230995029326962
0.2652637438361667
0.3361351435117137
0.7368849743325986
0.8456040237916321
0.0
0.0
0.0
0.0
0.8426542690227617
0.619479777868065
0.4068779411453649
0.2910482265205295
0.09643299646801144
0.0
0.0
0.0
0.0
0.0
0.0
0.01819349038131533
0.10310217242264456
0.14040157635773803
0.16783291977397238
0.2383029755291472
0.26898789885804697
0.4136147659498464
0.7942696658686327
0.8534649594570821
0.0
0.0
0.0
0.0
0.8929278586025746
0.6653488919660884
0.4362427078793553
0.3820583704096992
0.23684136282936039
0.06487895987068514
0.0
0.0
0.0
0.0011279883339865948
0.0006039841972829225
0.027161595231413968
0.0618882951595565
0.14715979994024586
0.19320780943880916
0.2854677524813321
0.33652577350378565
0.450677663233097
0.8153414373179112
0.859552330064405
0.0
0.0
0.0
0.0
0.8817790188045205
0.667029764439536
0.4419799287612575
0.360886720158743
0.13058434179556655
0.0041247712013262
0.0
0.0
0.0
0.00135650981351136
0.0013673950735579228
0.00690726496511421
0.04527995649783978
0.11160757332339777
0.15069233373638766
0.2505460350563496
0.3061914293219205
0.38285195473356476
0.7799999484610245
0.8351546043667893
0.0
0.0
0.0
0.0
0.8380134362887368
0.4994048591687288
0.12368271701701802
0.005258703956884836
0.0
0.0
0.0
0.0
0.0
0.0
0.0011815600979948355
0.0
0.0
0.0
0.0
0.06505027983163958
0.11685748535833164
0.18054394359750608
0.5739230847224274
0.7387542986160089
0.0
0.0
0.0
0.0
0.811163634818899
0.47882688116516975
0.23574334475204933
0.21628994243112776
0.1276761399732685
0.009053487853204093
0.0
0.0
0.0
0.0015002371454281966
0.0011524699845179627
0.009960301384805305
0.00464012542699871
0.08468932660032569
0.16631903914104537
0.27940838516645683
0.3326352163534991
0.42071025729946615
0.8060213072221344
0.8588328236283234
0.0
0.0
0.0
0.0
0.8962659075356278
0.6830277310787088
0.4630384306862228
0.36539960792107623
0.2087686259132717
0.052923177411303285
0.0
0.0
0.0
0.001455703166843673
0.0006802716099402022
0.04516279976397969
0.09793498991744608
0.18688888265298553
0.24340441508947497
0.36025540969877434
0.40030630563495595
0.4688173379202292
0.838637688297617
0.8783468471344299
0.0
0.0
0.0
0.0
0.8917245890022547
0.6497183172455674
0.4518072703819186
0.4982295190020018
0.4075564735669625
0.14907004293086343
0.06319015925592368
0.0263088305078456
0.0359388548456005
0.10026467086776997
0.13553110226246956
0.204474186149154
0.2632922579451008
0.2986634410892932
0.2997845902052763
0.34123708300448263
0.3920929861554078
0.5171172232374901
0.8386017559674158
0.8839642771674222
0.0
0.0
0.0
0.0
0.8999353994913504
0.6696116068309151
0.5356661263332997
0.5466822358177346
0.4129150844526648
0.07949860274120209
0.0
0.0
0.0
0.0008053112555050775
0.0
0.05695106471199187
0.1573769234016897
0.17276301389639367
0.23192826529825375
0.34287728451551525
0.3946591943491733
0.4552831708295353
0.8108083525917363
0.860689488437361
0.0
0.0
0.0
0.0
0.8908990907371375
0.6709236920101936
0.44249795292984556
0.3900505010475391
0.23107859939727604
0.01311917401555615
0.0
0.0
0.0
0.0
0.0
0.0
0.010966002469989331
0.09019960465193211
0.12558769991947177
0.18669573360511077
0.22290474470465893
0.31402925294427464
0.7353857507434729
0.8122699057283871
0.0
0.0
0.0
0.0
0.8629653262846856
0.5780956361172196
0.331268894113001
0.18533685770545516
0.00414046196376737
0.0
0.0
0.0
0.0
0.0
0.0
0.0
0.0
0.0
0.002816561351833955
0.006633076564701779
0.013377936400080115
0.12878922882887264
0.5304384436565224
0.7409362726408069
0.0
0.0
0.0
0.0
0.8464541109544765
0.5807415261507171
0.33145430581764845
0.20551614093717283
0.025780337353063395
0.0
0.0
0.0
0.0
0.0
0.0
0.0010379282902967999
0.001747517942503669
0.021144831836987368
0.06970955293572259
0.11269037754356612
0.13974535510435313
0.21681700473923027
0.7199395498605698
0.8043990660674174
0.0
0.0
0.0
0.0
0.8598575877163945
0.5762681614813235
0.3250655483067579
0.13514507672537723
0.0
0.0
0.0
0.0
0.0
0.0
0.0
0.0013520575908339712
0.0011072922416694455
0.0
0.007691639698515384
0.1387205865823377
0.20834686060204907
0.29780543790089514
0.7312635293776515
0.8287038556912204
0.0
0.0
0.0
0.0
0.874089436047276
0.59075709808946
0.3463280719554883
0.2556535098732471
0.0603999285072624
0.0
0.0
0.0
0.0
0.0
0.0
0.0
0.0017074053323460072
0.024428949934734833
0.05734892489098622
0.1317388718449099
0.2225030140247507
0.28531338237845155
0.6768902591064978
0.8201813360821488
0.0
0.0
0.0
0.0
0.8590155038843449
0.6258640240787833
0.41013117155476053
0.2856540424738923
0.049665694906154315
0.0
0.0
0.0
0.0
0.0
0.0
0.0
0.005006090894261901
0.011985929378923637
0.05107340432144217
0.15885367039031353
0.21944162592912608
0.289932626555507
0.7008759974932738
0.8238309855223551
0.0
0.0
0.0
0.0
0.8831309899672851
0.6369976944715836
0.44603285338645277
0.36673304292560494
0.1645634544516425
0.007480138386046035
0.0
0.0
0.0
0.001288000230249675
0.0
0.0042306181580033875
0.0336981644423269
0.05478928030606785
0.1034054840198848
0.17829186444542186
0.24100009710215003
0.26344241982970207
0.6492671848057627
0.7441006307558584
0.0
0.0
0.0
0.0
0.8558829907133758
0.6010016052860567
0.38642090403341317
0.41998049910058305
0.40648668296082563
0.2024053925231601
0.09568000284868683
0.03792261623008272
0.05014991318541936
0.16553722806135115
0.25478720521965104
0.3062502103638418
0.2664388989637569
0.2786811282029762
0.31022772940944177
0.39575911972667244
0.42823193816569427
0.4981264268815348
0.8411024253309106
0.8785278797551075
0.0
0.0
0.0
0.0
0.9107622063063984
0.725175079596121
0.5664470321371016
0.585565065272712
0.5702866112654975
0.30951271873508385
0.17466665100325324
0.1003140167106365
0.05861964485427992
0.1449896329047893
0.20728661264555395
0.2830223382905641
0.3162306077387088
0.3603724967779239
0.39488821973993954
0.475014472873612
0.5020457075422431
0.5455923822115917
0.8359652349350343
0.8878652365496217
0.0
0.0
0.0
0.6078160266637248
0.9099911591182674
0.747049142368172
0.5559689606808554
0.5435417696262943
0.4400669848689951
0.14265463558395514
0.016887341977818878
0.0
0.0
0.0015808487130001506
0.0006473979546445849
0.13324912244920065
0.19343739580271807
0.2877981912442153
0.3393221689931988
0.4074363938766279
0.4969390592917513
0.572337152000958
0.8419266291598623
0.8904117255283682
0.0
0.0
0.0
0.0
0.9016809005311687
0.7246688036511149
0.5446881708024232
0.5008624913956689
0.36517837992518465
0.11339543214454635
0.009544570970682967
0.0
0.0
0.0016649904191940639
0.006629077235131869
0.08271631015711155
0.18079229050901222
0.28327315731464847
0.31813617884992135
0.4082323089323798
0.473477797374743
0.5500655411349005
0.8535210542227054
0.8947790953422928
0.0
0.0
0.0
0.0
0.9040964003888043
0.7341491732959983
0.5360646584357378
0.5099840982848161
0.40244849046077147
0.1205321510245965
0.0033569208060476143
0.0
0.0
0.0015999981351504625
0.0007384254429162663
0.05447539798128218
0.14120859649862447
0.23736559183129052
0.26905133478976145
0.37204962699327504
0.4332235301070962
0.5112269920261487
0.8492522517495917
0.882907778980954
0.0
0.0
0.0
0.0
0.8992624951220846
0.6973565085935407
0.5591723314534685
0.5147089145023043
0.20768117685657186
0.03518952854421044
0.0
0.0
0.0
0.0
0.0
0.0017097479101503704
0.11459695411980672
0.17779029123543383
0.21616561906086315
0.3226128326916096
0.37656102248554935
0.4856177620916409
0.8148929900076222
0.8577125959701319
0.0
0.0
0.0
0.0
0.8941070121431395
0.7036890736110226
0.5265174970657622
0.4678307890203444
0.2413170035512722
0.018267155896204014
0.0
0.0
0.0
0.0
0.0
0.0013960055754003978
0.0654345214801943
0.09002004599260505
0.15565592269030123
0.299176884627983
0.35491686069661427
0.438265563388452
0.8136198981789877
0.8683549141387826
0.0
0.0
0.0
0.0
0.8987006453109758
0.6827813363584625
0.4798939434203278
0.447373461730386
0.28078008099264806
0.028110148033412694
0.0
0.0
0.0
0.0
0.0005336794087732645
0.009236324510995111
0.05669188012299929
0.15601410134270502
0.2319857068847427
0.31520327603582443
0.3549104865517584
0.44640646824441926
0.8243931908857342
0.8710361425018583
0.0
0.0
0.0
0.0
0.9021312824939356
0.6898284792878483
0.48872780431626084
0.46337483543781094
0.34880211147056095
0.10946625115486987
0.018085764070175953
0.0
0.0
0.0013185172773383207
0.0009205485126273724
0.07002715167532556
0.10714513183941722
0.1617110385132243
0.1960273201812825
0.28563181134178683
0.3157355318903114
0.40124912059271417
0.7634874913927027
0.8398106569971144
0.0
0.0
0.0
0.0
0.8812968322869927
0.6844541861357011
0.47901375898006937
0.43574320720956505
0.28196901129044916
0.07452776396101453
0.0
0.0
0.0
0.0014592276891165368
0.0006738862652147103
0.030492821527678283
0.06246021215370892
0.1372214957710817
0.15844251162416464
0.20018497697612012
0.21468327170367807
0.28115807268172494
0.6185990932009395
0.7044981653241676
0.0
0.0
0.0
0.0
0.7796707455518544
0.4625385142037368
0.23917319682312596
0.3124196134562567
0.30807722981999774
0.14698198251654007
0.05504286994876545
0.0
0.0
0.001517180571428405
0.001426530971153533
0.07829418178189655
0.06600407200672369
0.11305719687215594
0.13881012722960184
0.20836902809805738
0.22511198747959157
0.37159213562657134
0.7900538017596394
0.8422651060554014
0.0
0.0
0.0
0.0
0.8613342770893477
0.6531270426374046
0.46632329702883735
0.4946521476833325
0.42668806552704286
0.14954534882443077
0.038223655073545026
0.0
0.0
0.07908219259210296
0.17560739101640005
0.21152398578878454
0.18146683071852085
0.17944723462164971
0.21637755207270293
0.3032917932789957
0.40719772237863705
0.5272650125150028
0.8478848578330218
0.8912924393377607
0.0
0.0
0.0
0.0
0.9071688309901496
0.7395688938599642
0.604486839969649
0.6129983149422362
0.4623346927802613
0.2148735335774757
0.11452892957187362
0.0936302772584359
0.10987680974238664
0.2075396151991045
0.24579278856800454
0.26499718673687406
0.22451635714285653
0.18522361169403379
0.20514392097542397
0.2819070536587763
0.31077933944702846
0.4421694580262112
0.8109507847095293
0.8654540364916784
0.0
0.0
0.0
0.0
0.8994146983516337
0.6793685213970353
0.5522888169167374
0.6016368425127424
0.5445163352354856
0.2758960453279152
0.16924188223384667
0.10829437655460421
0.11623076762228828
0.21398864087402625
0.2460935881903328
0.27724502923518285
0.23316500066535992
0.22610390056212445
0.26088800230016485
0.33422021418175524
0.34775799539512675
0.4219539233307007
0.8102448012805054
0.8500411036702032
0.0
0.0
0.0
0.0
0.8788460293962714
0.6627503501147493
0.5351456456518173
0.5326030085386217
0.3880686252809298
0.09505819913517319
0.005503687672010349
0.0
0.0
0.0010212488191074026
0.011765300380414238
0.10536891406675364
0.12901439626798233
0.14892893926283512
0.16927135366691523
0.20424844737800268
0.22093169480243788
0.30976536799815685
0.7483123092413481
0.8064947986049518
0.0
0.0
0.0
0.0
0.8535873616156162
0.5604391391032569
0.40435172261351204
0.5021775515744831
0.4910671521293091
0.2678470773493803
0.1447130232752576
0.09648982487382868
0.1170261595959298
0.21057532918237706
0.2537854175725942
0.24218483623406684
0.17876618690874344
0.18269168016178028
0.18379861581165557
0.22072407475587738
0.23601208150633132
0.2967461723517218
0.7123938330520978
0.8036253162525131
0.0
0.0
0.0
0.0
0.834526900569027
0.5534845046211193
0.3191205321004946
0.34233973883267843
0.2895481999673697
0.10858691963314678
0.013205740764271997
0.0
0.0
0.002739139906850196
0.060615276668241215
0.1560564724173713
0.16240203023667668
0.2886989054434365
0.3400571865348077
0.38929478932128664
0.442339362715261
0.553687035470945
0.8489217218792069
0.8852217701610522
0.0
0.0
0.0
0.0
0.9025817958122492
0.7299300253800791
0.5591570688483397
0.5634613788125241
0.5146014483561387
0.26210155105248123
0.11940377536458528
0.022191673357594196
0.0015581259575407373
0.09424705538494235
0.1892612577825501
0.26526833872621775
0.28194855525860985
0.3470842841078216
0.3654046954034311
0.4433958782996832
0.46851039858142857
0.5293871938765891
0.8598894753615336
0.894768895167517
0.0
0.0
0.0
0.0
0.892034259144087
0.6647486604502745
0.49096841524738444
0.5407418903303878
0.5134420457561162
0.2631064683119319
0.12050723588657515
0.038478354100437644
0.029858423060239097
0.1289139840176304
0.20599308757275053
0.26458171691262306
0.2713659281360482
0.32244997409346443
0.3685511854682481
0.4486996955629025
0.5037859169201343
0.5712929751808595
0.8572224528834866
0.8935304464340891
0.0
0.0
0.0
0.0
0.9173485761785474
0.7267415431351927
0.612723993850507
0.6511748941904424
0.5227353322155942
0.2782032097659077
0.180617167079538
0.15528673234085696
0.14334565634714147
0.20467194477779607
0.2588544728680383
0.29303159702868403
0.28415868084925316
0.30995223564437346
0.35394342063713485
0.446866291060586
0.4892678059441837
0.5486774342013772
0.8382897984185953
0.8700845929416792
0.0
0.0
0.0
0.0
0.9030178372033608
0.6961884942458422
0.5553606522741853
0.6030087262248419
0.5388808983711776
0.22900170719369584
0.11765721048226052
0.06691421294265866
0.05333686891618066
0.12382399412507245
0.16106652703205038
0.20157737032474496
0.19515796964718432
0.17536849789892767
0.23634042557368726
0.3545170409662295
0.40981679673125965
0.4944561125243053
0.8444972674000398
