0.0
0.0
0.0
0.0
0.0
0.0
0.0
0.0
0.0
0.0
0.0
0.0
0.0
0.0
0.0
0.0
0.0
0.0
0.0
0.0
0.0
0.0
0.0
0.0
0.0
0.0
0.0
0.0
0.0
0.0
0.8887457491904673
0.8766140370123763
0.08766674000610092
0.03498833851913459
0.0002885088354475236
0.0
0.0
0.0006943620903731358
0.0
0.0018173300625021881
0.008162546044456482
0.0
0.0
0.0
0.0
0.0
0.0
0.0
0.0
0.0
0.0
0.0
0.0
0.0
0.15269659676424155
0.0
0.0004400523345626599
0.0
0.0
0.0
0.0
3.5958631009992566e-05
0.000979307133027803
0.0024474678569465637
0.00906423071180959
0.007954788729434276
0.008840641235198241
0.00717190120499967
0.0
0.0
0.0
0.0
0.0
0.0
0.0
0.0
0.0
0.0
0.9859911052022213
0.9770497322928232
0.7576492469703049
0.530634203575435
0.32330925435218
0.020456134056953932
0.0
0.12576098266611163
0.10573349534358129
0.2230743608416069
0.6302501410998328
0.7520681890835654
0.7928121597479812
0.9190546134216464
0.9462362849810876
0.0
0.0
0.0
0.0
0.0
0.0
0.0
0.40842381313174714
0.28974617860165836
0.9935620320977496
0.979880517250149
0.7276745554822297
0.37034974155706174
0.10698572440515368
0.001003376666864769
0.0
0.0015815714267908851
0.00010528783673968764
0.003033080605517677
0.014171132519887494
0.03783092869400315
0.06520212201547611
0.20732347315053212
0.4075470350815228
0.0
0.0
0.0
0.0
0.0
0.0
0.0
0.0
0.0
0.9463263627614769
0.7646649910909442
0.09099121337199817
0.0002144791303321411
0.0002841861981971712
0.0
0.0
0.0008073239867367463
0.0
0.0021447148230037314
0.008060454421970984
0.0
0.0
0.0
0.0
0.0
0.0
0.0
0.0
0.0
0.0
0.0
0.0
0.0
0.0
0.0
0.0
0.0
0.0
0.0
0.0
0.0
0.0
0.0
0.0
0.0
0.0
0.0
0.0
0.0
0.0
0.0
0.0
0.277144387011083
0.5801427101694464
0.6160455523224952
0.3912104991521991
0.7298790096474311
0.7969635720923873
0.5536969719126132
0.6337205761863159
0.3927061819261054
0.0
0.0
0.0
0.0
0.0
0.0
0.0
0.0
0.0
0.0
0.0
0.3218694780957663
0.6949382221271355
0.8905972919145329
0.8500990016680435
0.8917669797145621
0.9419352648255823
0.9083773391051092
0.96442407755069
0.934775713455202
0.9964531195536545
0.9876891913000789
0.9061960913295833
0.7825692579684909
0.5387477599072525
0.23039742244783126
0.0643044231284621
0.197852323244182
0.15112558829412384
0.2530776262695677
0.5980267017057039
0.7842903085944188
0.8794395786000333
0.930449837467415
0.9503982127406799
0.0
0.0
0.0
0.0
0.0
0.0
0.2525758338895459
0.47127766102842666
0.5451181096702356
0.9943084703480858
0.9839283656147084
0.883504531284339
0.81366361349525
0.72247185073001
0.6425165185191374
0.6173747161861237
0.7113670929034714
0.7234412272487907
0.8522540239632073
0.9511209782672798
0.9698951872887704
0.9578461414610487
0.965141677933098
0.9719589539671292
0.028694996911061012
0.3479765570463219
0.8435015901780819
0.9026012341121376
0.9513071723173443
0.9302644548879988
0.9786963520219315
0.9589248505121588
0.9783836347049863
0.9938533083665997
0.9914743221413013
0.942348414734701
0.9217411194026187
0.8886556964967578
0.8655971100762392
0.8378248299383707
0.8735052609916837
0.8807253951816166
0.9081597409674887
0.9726352039302146
0.9781270010674152
0.980585880188702
0.9643619316190816
0.9736403855832866
0.0
0.6223650065479168
0.8632541958426413
0.9279802126924094
0.8963645390033274
0.9607203463210203
0.9293954638875392
0.963183991251134
0.9486402357813769
0.996296123842473
0.9880182547939714
0.9236499386111173
0.8929292007494632
0.8679323282017201
0.8450575096565391
0.8432861002958341
0.8841203979474893
0.8775303052736605
0.9163392062378873
0.9686721171456121
0.9723489910442816
0.9652812905275082
0.9687609996752584
0.9686937718313408
0.0
0.0
0.15577414850229857
0.1966165665616944
0.48409725028479955
0.4313368408403884
0.7977393782126371
0.8544908822197175
0.9377628820941222
0.9921241038748465
0.9879812028605675
0.9249910559528685
0.9053435158995465
0.8794856948394577
0.8649357819127172
0.8501132699673543
0.9046519296290522
0.923328773259734
0.9479302164507043
0.9849098432343651
0.9854912478737036
0.9860315660170017
0.9735246892027114
0.9801810543522722
0.14610741276378772
0.8436879364645198
0.8862156657580065
0.9568320891561888
0.9717430578766584
0.9453268954135361
0.9763579024577066
0.9826699183220609
0.9608631961059146
0.9811860335826341
0.9588552705509251
0.9572124288542
0.9302563539241905
0.753004560786164
0.7510635334720417
0.3486594014458705
0.0
0.0
0.0
0.0
0.0
0.0
0.0
0.0
0.7717189210310438
0.9179151620344256
0.8169920147844759
0.9389877103309
0.9089651866630907
0.9487713101605091
0.9708153779270624
0.9442174584049806
0.9679396622166567
0.9779679622477511
0.9160999501586051
0.9124634804335123
0.5466058482371889
0.0
0.0
0.0
0.0
0.0
0.0
0.0
0.0
0.0
0.0
0.0
0.0
0.0
0.0
0.0
0.0
0.0
0.400991363993334
0.7257832021898032
0.7891287069931171
0.8331921924324285
0.8381843218315342
0.23720432091990615
0.0
0.0
0.0
0.0
0.0
0.0
0.0
0.0
0.0
0.0
0.0
0.0
0.5593724610233571
0.6703671324435586
0.8710875791086791
0.944750304725176
0.8914256975335433
0.9697927398490813
0.9444094141180428
0.9673856431501276
0.9637887866133545
0.9967405534625235
0.9894517401330816
0.9258156751619673
0.8850642053677769
0.8553613885254441
0.8179740234999309
0.7783260576930449
0.8191923725938898
0.8469962874887164
0.8908697352610466
0.9820861981601915
0.9714058176198557
0.9643991548230338
0.9683780408448276
0.9683931025969986
0.0
0.0
0.1556724016642992
0.24005262600717384
0.28957783744059584
0.0
0.0
0.0
0.0
0.9896206937852287
0.9700443152664474
0.7971712860786243
0.6517288811169005
0.29358288793651893
0.006375664059777726
0.0
0.001699482220173291
0.0
0.0023435674423015413
0.005068479951920444
0.0
0.003958030939549237
0.0
0.0
0.0
0.0
0.0
0.0
0.0
0.0
0.0
0.0
0.0
0.7210993657977031
0.3338465182721814
0.0006271494051536006
0.0
0.0
0.0
0.0
0.0007141690588038256
0.0
0.0019892606612355135
0.008350735125714675
0.0
0.0
0.0
0.0
0.0
0.0
0.0
0.0
0.0
0.0
0.0
0.0
0.0
0.25826250075300544
0.0
0.0005536301403847291
0.0
0.0
0.0
0.0
0.0006235714091712547
0.0
0.002117931117224808
0.0077296656832636194
0.0
0.0
0.0
0.0
0.0
0.0
0.0
0.0
0.0
0.0
0.0
0.0
0.0
0.0
0.0
0.0
0.0
0.0
0.0
0.0
0.0
0.0
0.0
0.0
0.0
0.0
0.0
0.0
0.0
0.0
0.0
0.0
0.0
0.0
0.0
0.0
0.0
0.0
0.0
0.0
0.0
0.0
0.0
0.0
0.0
0.0
0.0
0.0
0.0
0.0
0.0
0.0
0.0
0.0
0.0
0.0
0.0
0.0
0.0
0.0
0.0
0.8888947765714317
0.806117940580956
0.3500830495178868
0.37122557563454317
0.3225956477878442
0.2123835077920861
0.1033268595865274
0.2640243355310549
0.2700650396183894
0.3642075669316609
0.6884152623665727
0.7960966423240358
0.8973188679735111
0.9537858338376789
0.9613401911380111
0.0
0.0
0.0
0.0
0.0
0.0
0.29714412569861215
0.33651443266305753
0.5477259460788477
0.9894116616274408
0.9842354456538759
0.8488453115453625
0.6207004175728533
0.3831681798132339
0.0343251354839924
0.0
0.020905191716942162
0.0
0.15360202257318137
0.5970092864762924
0.7047328815245645
0.6958725007491808
0.7559982400929395
0.7891197199242028
0.0
0.0
0.0
0.0
0.0
0.0
0.0
0.0
0.0
0.9671146314567386
0.9403263753904277
0.5245550078249199
0.3006435352639457
0.016752075802575695
0.00018879925757523522
0.0
0.000742007015947904
0.00016338283687933086
0.0023341486077498993
0.008958154744251124
0.00440093590929042
0.012718726815902755
0.14071192552125197
0.3931201386819347
0.0
0.0
0.0
0.0
0.0
0.0
0.0
0.0
0.0
0.9942090466773649
0.982162697546902
0.8413969303024902
0.6252693244506264
0.42106938153133916
0.07923259333893296
0.01060631786138365
0.1790548759608849
0.17629136080213267
0.2976821347592513
0.626604961702518
0.8391854171953894
0.7055921224154343
0.7679028192382659
0.8286111958834516
0.0
0.0
0.0
0.0
0.0
0.0
0.10772458024197319
0.46627349623979675
0.27610762138157596
0.9940084108629572
0.9810729699935425
0.7851005559103369
0.5390638860947634
0.2619392385707311
0.0014833434569887878
0.0
0.0006341990363620677
0.0
0.0018090788037897006
0.008351409903304342
0.0
0.0
0.19267073196745632
0.428641909316205
0.0
0.0
0.0
0.0
0.0
0.0
0.0
0.0
0.0
0.0
0.0
0.0
0.0
0.0
0.0
0.0
0.0
0.0
0.0
0.0
0.0
0.0
0.0
0.0
0.0
0.0
0.0
0.0
0.0
0.0
0.0
0.0
0.0
0.0
0.0
0.0
0.0
0.0
0.0
0.0
0.0
0.0
0.0
0.0
0.0
0.0
0.0
0.0
0.0
0.0
0.0
0.0
0.0
0.0
0.0
0.0
0.0
0.2590470520316731
0.07260246922997776
0.00046993757960048975
0.0
0.0
0.0
0.0
0.0007523612903344179
0.0009661555631917856
0.1151501265295153
0.6425584433988349
0.735627011165425
0.7903695425192042
0.6754931541932007
0.7520463780283482
0.0
0.0
0.0
0.0
0.0
0.0
0.0
0.0
0.0
0.9891388416055662
0.9790360459867873
0.869107936016498
0.7679725284519459
0.6792196492205098
0.5204361778533328
0.32156119400980543
0.3492447795177593
0.338531519267429
0.4752199496075685
0.764241847626338
0.809945404045452
0.9355075095915346
0.9442683765630513
0.9537334761257361
0.0
0.0
0.0
0.0
0.0
0.261528464146029
0.21781449157236002
0.6431442645681675
0.8330632341110488
0.9947416631897327
0.9870679401297716
0.9146897325180822
0.8762753593491012
0.817151077022229
0.7763837366328048
0.7427923022343075
0.804192408333156
0.7793894445779366
0.85374562923348
0.9439852759093709
0.9591710545717417
0.9499065484721042
0.9499431321287074
0.953886350311863
0.0
0.0
0.0
0.0
0.1529580563982542
0.2169679347728883
0.4844850598978184
0.8197769838435912
0.916296466751469
0.9901864941445141
0.986372210885307
0.9160437241369598
0.8963337726358062
0.8614090926103075
0.8438151153228949
0.8371363074480181
0.8794428098426977
0.8917627421625066
0.9231990064250267
0.9775223575560993
0.9784704146667742
0.9696729923669684
0.9694255486991219
0.9690155593738005
0.0
0.0
0.16253799168361183
0.27844755160803725
0.471283203114485
0.3021190821944044
0.6017144367294903
0.48183582885296256
0.6578164041247515
0.9896478852208846
0.9844276569101938
0.8931660876795005
0.8449984518284536
0.797877921791168
0.7388873769417252
0.6794304700929577
0.7141319888488488
0.6638065370882326
0.6990494565380806
0.8551057497133929
0.8870650008234793
0.9377690214893941
0.9261123259391676
0.9608576545882348
0.0
0.0
0.0
0.0
0.2949208441148491
0.25026006448522065
0.3663893956381427
0.7760597282028555
0.8951032203931565
0.9185679955149862
0.7191410377192711
0.5408211423812643
0.25809295981361197
0.0
0.0
0.0
0.0
0.0
0.0
0.0
0.0
0.0
0.0
0.0
0.0
0.0
0.0
0.0
0.0
0.0
0.0
0.0
0.0
0.0
0.0
0.0
0.0
0.0
0.0
0.0
0.0
0.0
0.0
0.0
0.0
0.0
0.0
0.0
0.0
0.0
0.0
0.0
0.0
0.3983594370943679
0.6174235339633968
0.6105897103323744
0.8580013813866918
0.9952912224289537
0.9844072313411673
0.8240221612687175
0.5873213931319066
0.35438038961945645
0.04968551943348417
0.006987223615300458
0.04257407786080383
0.0
0.0014797832488036777
0.16138354928727844
0.5696258811043158
0.6698920373561487
0.7192522454130494
0.7289262929122312
0.0
0.0
0.0
0.0
0.0
0.0
0.0
0.0
0.0
0.9614212009785967
0.9392802082195704
0.6081474374251246
0.4771215468066217
0.35242700901589824
0.07001973243193381
0.04611605987622667
0.2950080120025038
0.3942399415038672
0.5558978093399248
0.8053541617752941
0.859662057545721
0.893129403298951
0.8522346871772519
0.8964174851230345
0.0
0.0
0.0
0.0
0.0
0.0
0.0
0.0
0.0
0.978654449203233
0.9016004477456293
0.3532171183233648
0.25143467288176663
0.14450737240963354
0.0006987592667601724
0.0
0.0022047143600618237
0.1973709870069303
0.8380134014154991
0.97340211660463
0.9754809784486381
0.9606841628173536
0.9593549280025625
0.9621496198223985
0.0
0.0
0.0
0.12582764701485477
0.21807792299936496
0.2870370423397163
0.4841570831353209
0.3150200276621915
0.7945682724137052
0.9891685220635875
0.984616258117519
0.8972690086330251
0.8606853940677135
0.8269981574069908
0.783521197036857
0.7605470813609291
0.8289554214163168
0.8537829505941864
0.9036776321408325
0.9741600111308124
0.977058682056384
0.9803748553678924
0.9659435963699271
0.974415855373942
0.0
0.11474292972086579
0.3096388324034985
0.43807240907014194
0.6800020234510922
0.9186328832145111
0.8267983286241558
0.9444040382627649
0.9069105202490624
0.9958684509962236
0.987137459131337
0.9138019758618809
0.8824582526026781
0.8399109663376502
0.8165235539181963
0.7928585223143597
0.8422975121165981
0.8411280480540706
0.8966486139780446
0.9603987617014746
0.9650410460705772
0.9562171066033046
0.9617093307275906
0.965061641494334
0.0
0.0
0.1602505473558866
0.329965469837777
0.3778761635369815
0.8826804658741342
0.913519006074532
0.8796346076350777
0.9304278555379789
0.939940727802448
0.8143752220622568
0.6794144780429994
0.19278135812666758
0.0
0.0
0.0
0.0
0.0
0.0
0.0
0.0
0.0
0.0
0.0
0.0
0.0
0.0
0.0
0.0
0.5759980016618286
0.4314742629205744
0.5148627385541558
0.6370853745154416
0.4935393396884637
0.0
0.0
0.0
0.0
0.0
0.0
0.0
0.0
0.0
0.0
0.0
0.0
0.0
0.0
0.0
0.0
0.0
0.0
0.0
0.0
0.3388066512991069
0.5111674191062614
0.34538969943055176
0.9938788919784421
0.978945057731351
0.8312162436027264
0.7357718730957745
0.5947191976729438
0.35469743973569823
0.23475330995304527
0.4054561004083827
0.3474212367374593
0.42310088563477455
0.7229519753022656
0.7600873432640471
0.7246373082959598
0.7869991002312964
0.8241641372535755
0.0
0.0
0.0
0.0
0.0
0.0
0.0
0.0
0.0
0.9687016228764277
0.9665530629660258
0.5901860732538304
0.5049924794517732
0.3665467666942145
0.060837834621243855
0.004355433467853013
0.009349844602925558
0.000889486026520486
0.18639130649646515
0.5553468361112426
0.6401357806027099
0.6112106234644429
0.6565271958507364
0.6670221674976857
0.0
0.0
0.0
0.0
0.0
0.0
0.0
0.0
0.0
0.9456925281586257
0.8670433283966051
0.27501176181518994
0.13808754386937697
0.007915984148332542
0.0009319939616089635
0.0
0.0013415911055781706
0.0
0.0021452558048420463
0.008237740460294742
0.004820022483505925
0.00631945718732044
0.011587350113586628
0.21399988932432876
0.0
0.0
0.0
0.0
0.0
0.0
0.0
0.0
0.0
0.9908371460083618
0.9835904328415009
0.8857833072370004
0.8543574149021276
0.8233186745897567
0.8025480603424316
0.7653027040179019
0.829837692839138
0.852077878157488
0.8953871475767454
0.9690410195788656
0.986953002157103
0.9686040034600437
0.9708832675987235
0.9721095143639641
0.0
0.15793201225139875
0.4291995483208359
0.7916483805757012
0.9104188751218076
0.8796612074771364
0.9562597100770756
0.9172782599367939
0.9239160824412693
0.9963143176483157
0.9883504262873282
0.9219768950447661
0.8860328468070809
0.8294458190321999
0.792721100726817
0.7578617837776492
0.802480562474169
0.800611052430123
0.8344129709419876
0.9432553862730256
0.9539773767435358
0.9627431385899474
0.9562083046682889
0.9568283976810359
0.0
0.0
0.0
0.0
0.0
0.0
0.16765769562047717
0.31687867709402046
0.16345532429915402
0.4033483836030042
0.11916147498728823
0.0
0.0
0.0
0.0
0.0
0.0
0.0
0.0
0.0
0.0
0.0
0.0
0.0
0.0
0.0
0.0
0.0
0.0
0.0
0.0
0.0
0.0
0.0
0.0
0.0
0.0
0.0
0.0
0.0
0.0
0.0
0.0
0.0
0.0
0.0
0.0
0.0
0.0
0.0
0.0
0.0
0.0
0.0
0.0
0.0
0.0
0.0
0.0
0.0
0.0
0.0
0.0
0.0
0.0
0.0
0.0
0.0
0.0
0.0
0.0
0.0
0.0
0.0
0.0
0.0
0.0
0.0
0.0
0.0
0.0
0.667506564827349
0.29564126987137135
0.014535154310311063
0.0
0.0
1.2994575977692852e-05
6.605130320736495e-05
0.0014041046500733545
0.00012234993819948674
0.0024263265689575984
0.007566017142529329
0.0
0.006969392893966996
0.27458224195971875
0.340210217615903
0.0
0.0
0.0
0.0
0.0
0.0
0.0
0.0
0.0
0.9546948498480038
0.9214034151878494
0.46917749338138653
0.2663697029343022
0.02976919218428023
0.000908656103741805
0.00014118234624132885
0.0017132308893153263
0.0003755714862984201
0.002124799759466714
0.006189258249977007
0.001345437522297782
0.0
0.025068333296503518
0.0041026570124938246
0.0
0.0
0.0
0.0
0.0
0.0
0.0
0.0
0.0
0.9432470697624785
0.7892071393600607
0.17138774771207432
0.015862802623487226
0.0005760572265233273
0.0
9.425062183986088e-05
0.0016427544857753225
0.00032624263817631325
0.00285498474784368
0.006658613599548026
0.0014680521778008587
0.0027738269548326236
0.009481841336494589
0.010275011597964175
0.0
0.0
0.0
0.0
0.0
0.0
0.0
0.0
0.0
0.9671884682213342
0.938123845946836
0.48825049670030735
0.21903763006127572
0.00039552688362337797
0.0003207133041223485
0.00010418178835993717
0.0009395173473394597
0.00042857184943670363
0.002627858071485369
0.009204557817082602
0.0
0.0034126105159299177
0.0
0.026439188985526992
0.0
0.0
0.0
0.0
0.0
0.0
0.0
0.0
0.0
0.0
0.0
0.0
0.0
0.0
0.0
0.0
0.0
0.0
0.0
0.0
0.0
0.0
0.0
0.0
0.0
0.0
0.0
0.0
0.0
0.0
0.0
0.0
0.451284641918637
0.7020598826066018
0.0
0.0
0.0
0.0
0.0
0.0
0.0
0.0
0.0
0.0
0.0
0.0
0.0
0.0
0.0
0.0
0.0
0.0
0.0
0.5206561542028812
0.5402218475369509
0.5838340614227997
0.6976777612248678
0.9916675401266726
0.9901605052908227
0.7292305543353955
0.415541094741033
0.15114365529709328
0.0009218958625978222
0.0
0.0015777640128044285
0.0
0.0019381140985706992
0.014060002296914807
0.009078557188474858
0.04687017219607144
0.25222639128694635
0.4868843562526966
0.0
0.0
0.0
0.0
0.0
0.0
0.0
0.0
0.0
0.9809201227918178
0.9628855230389681
0.6251414908230873
0.3406452086749082
0.034841437931509144
0.0008510474646216406
4.290419571681203e-05
0.0008803467852396441
0.0003975496549409876
0.002514492021524313
0.007922385693414679
0.0
0.00355854498893701
0.0060100125631799145
0.00963185854504301
0.0
0.0
0.0
0.0
0.0
0.0
0.0
0.0
0.0
0.8239813824234841
0.5131843492312829
0.006136339812258654
0.0
0.0
0.0
0.0
0.0007089669528002987
0.0
0.0037923418219657228
0.011176157274229286
0.013286457007841486
0.01965975218425343
0.07661867396827474
0.14789217375771688
0.0
0.0
0.0
0.0
0.0
0.0
0.0
0.0
0.0
0.700484556748901
0.2600765815249691
0.0005210878666977182
0.0
0.0
0.0
0.0
0.0016704542510774364
0.001201280653387398
0.003425187025696496
0.30541006335924575
0.38370614191522057
0.27539335724083136
0.35592575250727165
0.42211570958692257
0.0
0.0
0.0
0.0
0.0
0.0
0.0
0.0
0.0
0.9418210517121012
0.9236758974977705
0.6896798023175326
0.6242151964035432
0.4483079988844354
0.09332638599831529
0.03488058962864786
0.2671297475326971
0.2705032604334259
0.449130922107395
0.6948323503687636
0.6661907021548878
0.658547017589746
0.7299918471455209
0.8639541628634597
0.0
0.0
0.0
0.0
0.0
0.0
0.0
0.0
0.0
0.0
0.0
0.0
0.0
0.0
0.0
0.0
0.0
0.0
0.0
0.0
0.0
0.0
0.0
0.0
0.0
0.0
0.0
0.0
0.0
0.0
0.0
0.0
0.0
0.0
0.0
0.0
0.0
0.0
0.0
0.0
0.0
0.0
0.0
0.0
0.0
0.0
0.0
0.0
0.0
0.0
0.0
0.0
0.0
0.0
0.0
0.0
0.0
0.9816368390813561
0.9794603502524397
0.5296844245353862
0.21747928814607362
0.011865350977735662
0.0
0.0
0.0006854440667944508
0.0
0.0016845143684475438
0.004485191307310023
0.0
0.012861886735208819
0.0023003050202065065
0.33635665063390824
0.0
0.0
0.0
0.0
0.0
0.0
0.0
0.0
0.0
0.9732470395049359
0.9478212878884401
0.5894692734298065
0.38790088930976346
0.1582147618608587
0.0009128638782562802
0.0
0.0006912265810793036
0.0
0.006436348376581762
0.008866139699935624
0.0
0.0
0.0
0.0
0.0
0.0
0.0
0.0
0.0
0.0
0.0
0.0
0.0
0.6559992271372886
0.15431826352187542
0.0006387146057848284
0.0
0.0
0.0
0.0
0.0035670398550951667
0.0012261023370826979
0.00010098956333478311
0.0072376593117740905
0.0
0.0060844619571510305
0.0034228745262282916
0.1399381162446
0.0
0.0
0.0
0.0
0.0
0.0
0.0
0.0
0.0
0.9734361253497772
0.9062272387668912
0.35732567875558313
0.16607582154962205
0.017710556507469312
0.0
0.0
0.0016048039791463574
0.0
0.0025610761120380956
0.004964982896895767
0.004310284318788706
0.27657110495314874
0.6374130280952022
0.8213923254257068
0.0
0.0
0.0
0.0
0.0
0.0
0.0
0.0
0.0
0.9949774517565707
0.9710217962038308
0.4700978821724623
0.09518460994261731
0.0005133999241282096
0.0
0.0
0.0014627425497301413
0.0
0.0026398458446001273
0.005790212000875473
0.0
0.0014504768690113809
0.010994814598730892
0.015823924922296603
0.0
0.0
0.0
0.0
0.0
0.0
0.0
0.0
0.0
0.0
0.0
0.0
0.0
0.0
0.0
0.0
0.0
0.0
0.0
0.0
0.0
0.0
0.0
0.0
0.0
0.0
0.0
0.0
0.0
0.0
0.0
0.0
0.0
0.0
0.0
0.0
0.0
0.0
0.0
0.0
0.0
0.0
0.0
0.0
0.0
0.0
0.0
0.0
0.0
0.0
0.0
0.0
0.0
0.0
0.0
0.0
0.9719413971599054
0.9669718785111875
0.7838553909581591
0.6016433282809226
0.27208075575040247
0.0
0.0
0.0019414147948564472
0.0
0.0
0.004744826777336059
0.0
0.0
0.12658317748100523
0.484046469716297
0.0
0.0
0.0
0.0
0.0
0.0
0.0
0.0
0.0
0.9940831827841577
0.9832219887895165
0.8782926073881618
0.8157232979693636
0.6704147397106988
0.4670741397886365
0.3402505148208543
0.46597150291936834
0.3981848709146647
0.44712442253903933
0.7256805214783025
0.7352074936884807
0.7651561754970038
0.8047613368170142
0.9028435847935241
0.0
0.0
0.0
0.0
0.0
0.0
0.45942260091399956
0.3699040024163095
0.5914980217497962
0.9900706336756018
0.9853076794319338
0.8815442043143098
0.6533605351167869
0.3846784874878232
0.024963144697812797
0.0
0.01575381253983689
0.0052582432049962146
0.10590696512709392
0.3766765788536221
0.5243555856407145
0.571272979970137
0.6768021844795022
0.7076736552486542
0.0
0.0
0.0
0.0
0.0
0.0
0.0
0.0
0.0
0.9518264822624959
0.9396962737519068
0.672012626611331
0.5994875416447165
0.47023789460381693
0.2013804915151365
0.14413288845876437
0.31968869690737195
0.34381101903778
0.5567803839598929
0.7982410304787838
0.8157986357454341
0.741352327390865
0.7644561845741027
0.7862040396476434
0.0
0.0
0.0
0.0
0.0
0.0
0.0
0.0
0.0
0.9620884523741552
0.9093232343886724
0.38769067322038936
0.2482035527034946
0.10220213107706555
0.0005191406598363279
0.0
0.056216087962324426
0.13122198652690054
0.31749374949636017
0.591989776797713
0.6577794664531427
0.6910132611893994
0.7267094430152017
0.7247366479145532
0.0
0.0
0.0
0.0
0.0
0.0
0.0
0.0
0.0
0.0
0.0
0.0
0.0
0.0
0.0
0.0
0.0
0.0
0.0
0.0
0.0
0.0
0.0
0.0
0.0
0.0
0.0
0.42925024473473633
0.6385158775308541
0.78313247253946
0.843035270173013
0.926961201550707
0.9525082646487083
0.9176970607062658
0.9098031195193388
0.8227683791001767
0.4121913776153611
0.0
0.0
0.0
0.0
0.0
0.0
0.0
0.0
0.0
0.0
0.0
0.0
0.0
0.0
0.0
0.0
0.0
0.0
0.0
0.0
0.9911540848472361
0.9898796581789053
0.7503160728890667
0.45719378416505063
0.18797715223215114
0.0007466844455553388
0.0
0.0007787572059268711
0.0
0.0
0.008602488769994329
0.0
0.0
0.008107714585667844
0.21074008617297427
0.0
0.0
0.0
0.0
0.0
0.0
0.0
0.0
0.0
0.9871202662411007
0.9689823119010543
0.6580732177649722
0.28009171063370575
0.053929407520693126
0.0
0.0
0.000725407860728575
0.0003426247638088079
0.0021723499955761294
0.005325891749547393
0.0
0.0
0.0
0.00949017747378432
0.0
0.0
0.0
0.0
0.0
0.0
0.0
0.0
0.0
0.9715699525590739
0.9188741143589534
0.40841342983055356
0.16653241473001792
0.007133381570817058
0.0
0.0
0.0008734618163860064
0.00027481140268557837
0.00240139672150425
0.008164872531612756
0.0
0.0
0.005356402433752785
0.13136559378744192
0.0
0.0
0.0
0.0
0.0
0.0
0.0
0.0
0.0
0.8325940417084323
0.5636226522171817
0.024319775307578926
0.0
0.0
0.0
0.0
0.0007227022371371941
0.0
0.0023372832450006672
0.0076303028041782555
0.0
0.0
0.0068459483112419525
0.01077172452292484
0.0
0.0
0.0
0.0
0.0
0.0
0.0
0.0
0.0
0.43962750815343954
0.14950541599348674
0.0006170556682629576
0.0
0.0
0.0
0.0
0.0012173642758936778
0.0003066896135132393
0.0031716309968412657
0.007347859931204971
0.0
0.0
0.0
0.0
0.0
0.0
0.0
0.0
0.0
0.0
0.0
0.0
0.0
0.0
0.0
0.0
0.0
0.0
0.0
0.0
0.0
0.0
0.0
0.0
0.0
0.0
0.0
0.0
0.0
0.0
0.0
0.0
0.0
0.0
0.0
0.0
0.0
0.0
0.0
0.0
0.0
0.0
0.0
0.0
0.0
0.0
0.0
0.000241527384140446
1.9608435526953744e-05
0.0
0.0
0.0
0.0
0.0
0.0
0.0
0.0
0.0
0.0
0.0
0.0
0.9147503817233519
0.7103172018210671
0.07992218591562221
0.0
0.00035944879162029097
4.043659871917941e-05
0.00039302477504927867
0.0014635871225334412
0.0003770817743576567
0.002941978069706855
0.006148622072613846
0.0017266178160851558
0.0
0.0027225958023928583
0.0
0.0
0.0
0.0
0.0
0.0
0.0
0.0
0.0
0.0
0.382901768835543
0.0
0.0005205083317337515
0.0
0.0
0.0
0.0
0.0008024419696204389
0.00015224750145262462
0.002863099524127535
0.004724741566631802
0.0
0.0
0.0
0.0
0.0
0.0
0.0
0.0
0.0
0.0
0.0
0.0
0.0
0.08192141110202132
0.0
0.0005776841669229789
0.0
0.0
0.0
0.00010270870105464681
0.0008245139035272978
0.0010580642438233181
0.13897906291418416
0.851951963772641
0.8590843985017629
0.8435065498081368
0.8629830654688839
0.8614396822255627
0.0
0.0
0.0
0.0
0.0
0.0
0.0
0.0
0.0
0.9791285856222769
0.9693059556973258
0.8411448376196453
0.7964405113736047
0.726616081131924
0.6378775566277397
0.5847848877381744
0.6839232745785727
0.7391054760665896
0.8219005188334252
0.9307818284983904
0.9303588259286849
0.879434187077082
0.8684815965573175
0.8493192530521486
0.0
0.0
0.0
0.0
0.0
0.0
0.0
0.0
0.0
0.9393674543094627
0.7965373534419918
0.04084810435991049
0.01494623880573206
0.00416797990475523
0.0008337650876794745
0.0
0.0016168543561094185
0.0
0.002086903082108137
0.007890735955410646
0.0021407251420956157
0.003283826831683771
0.0
0.0
0.0
0.0
0.0
0.0
0.0
0.0
0.0
0.0
0.0
0.0
0.0
0.0
0.0
0.0
0.0
0.0
0.0
0.0
0.0
0.0
0.0
0.0
0.0
0.0
0.0
0.0
0.0
0.0
0.0
0.0
0.0
0.0
0.0
0.0
0.0
0.0
0.0
0.0
0.0
0.0
0.0
0.0
0.0
0.0
0.0
0.0
0.0
0.0
0.0
0.0
0.0
0.0
0.0
0.0
0.0
0.0
0.0
0.9477740873881686
0.9532198677546471
0.4171952509945801
0.20982426100543722
0.039239124243520294
0.0
0.0
0.0006854786793600814
0.0
0.002003789657868267
0.013821272435128205
0.0
0.0
0.008747952889864895
0.1668348931355024
0.0
0.0
0.0
0.0
0.0
0.0
0.0
0.0
0.0
0.9407052009103747
0.8646739571629093
0.34671615469131123
0.0753352467916302
0.0003126586113768117
0.0
0.0
0.0014578639703882498
0.0
0.002188437530395139
0.007520005848751013
0.0029395156520423673
0.0010674299159329074
0.0
0.0
0.0
0.0
0.0
0.0
0.0
0.0
0.0
0.0
0.0
0.8326501211763759
0.585971861125677
0.001571613471560494
0.0003459420754027176
0.0
7.519224935244996e-05
0.0002183437301699367
0.00044482625753207043
0.0006081292720985193
0.002894232690546126
0.005919263890518428
0.004949468892994487
0.0005798039376408464
0.0
0.0
0.0
0.0
0.0
0.0
0.0
0.0
0.0
0.0
0.0
0.6142711471878961
0.11311776600376451
0.025825807938974453
0.13674501922803
0.1885814234120497
0.0
0.0
0.21248857085454123
0.274224008789297
0.4157406079943913
0.6919546341572704
0.728838176760643
0.6797617643865803
0.6953227084930362
0.8232446959665102
0.0
0.0
0.0
0.0
0.0
0.0
0.0
0.0
0.0
0.9945741611065704
0.9753783518612621
0.7492370540299369
0.5313665312072835
0.312175212015307
0.0
0.0
0.0801683203819824
0.04339833943408389
0.050656509310063394
0.004467996998808997
0.0
0.13436970007022347
0.36174697528275374
0.675307846117925
0.0
0.0
0.0
0.0
0.0
0.0
0.0
0.0
0.0
0.0
0.0
0.0
0.0
0.0
0.0
0.0
0.0
0.0
0.0
0.0
0.0
0.0
0.0
0.0
0.0
0.0
0.0
0.0
0.0
0.0
0.0
0.0
0.0
0.0
0.0
0.0
0.0
0.0
0.0
0.0
0.0
0.0
0.0
0.0
0.0
0.0
0.0
0.0
0.0
0.0
0.0
0.0
0.0
0.0
0.0
0.0
0.0
0.029775641250033087
0.0
0.0005396658511433954
0.0
0.0
0.0
0.0
0.0011993446256730077
0.0
0.00621928104542124
0.009667108427149292
0.0
0.00914369606142625
0.007106361404100796
0.09626976662112405
0.0
0.0
0.0
0.0
0.0
0.0
0.0
0.0
0.0
0.9314095027724537
0.8894089044154295
0.4097713375914992
0.2427892001213515
0.08402702518134457
0.0
0.0
0.00171283206087417
9.6453129005243e-05
0.0026635941321391642
0.014492097819006318
0.0
0.0
0.006751713266706183
0.29089925130932087
0.0
0.0
0.0
0.0
0.0
0.0
0.0
0.0
0.0
0.9780691969704565
0.9314930752895934
0.4631193719915305
0.19850441777315617
0.00630256647888256
0.0
0.0
0.0007989745760054268
0.0005362602970842509
0.003034270694276565
0.004539833459066751
0.0
0.0036108867376219065
0.021881623709040093
0.24976399952750755
0.0
0.0
0.0
0.0
0.0
0.0
0.0
0.0
0.0
0.9431609500158521
0.7879922040815612
0.20958127338832971
0.0970876859341062
0.0
0.0
0.0
0.000818567546966378
0.0
0.0026282982362576877
0.008307325205783518
0.0
0.0
0.0
0.002945411153343604
0.0
0.0
0.0
0.0
0.0
0.0
0.0
0.0
0.0
0.6571128322269671
0.07270546905137722
0.130755181858615
0.256340267357407
0.1868486339395788
0.0
0.0
0.0016146602561714534
0.00010802793635328573
0.00037284277559279086
0.013947580594062847
0.0024305770873590225
0.0
0.005192375890838438
0.008473364512432172
0.0
0.0
0.0
0.0
0.0
0.0
0.0
0.0
0.0
0.0
0.0
0.0
0.0
0.0
0.0
0.0
0.0
0.0
0.0
0.0
0.0
0.0
0.0
0.0
0.0
0.0
0.0
0.0
0.0
0.0
0.0
0.0
0.0
0.0
0.0
0.0
0.0
0.0
0.0
0.0
0.0
0.0
0.0
0.0
0.0
0.0
0.0
0.0
0.0
0.0
0.0
0.0
0.0
0.0
0.0
0.0
0.0
0.3094126780633303
0.0
0.0005025107510952812
0.0
0.0
0.0
9.600315968541328e-05
0.0004028688914193212
0.0004544485295112639
0.0025725558404272116
0.016180188572351456
0.0012836038719241396
0.00023522088156974208
0.0
0.0
0.0
0.0
0.0
0.0
0.0
0.0
0.0
0.0
0.0
0.6172966453501288
0.3765151719825781
0.05180879948845524
0.06745577918324816
0.013015930030083118
0.0
5.617798068770117e-05
0.0009866977793168564
0.0002101088750393351
0.0026762263134727346
0.004386698091578397
0.0
0.0
0.0
0.0
0.0
0.0
0.0
0.0
0.0
0.0
0.0
0.0
0.0
0.7588191218123586
0.045186319954131374
0.0005440974480457522
0.0
2.4386802248978623e-05
0.0
0.0
0.001496802958268639
0.00038903663435357785
0.0038586106242423164
0.007502097899070871
0.0
0.0
0.0
0.0
0.0
0.0
0.0
0.0
0.0
0.0
0.0
0.0
0.0
0.004569294573168014
0.0
0.000555860948243894
0.0
0.0
0.0
0.00024462506601546615
0.00047858455605073584
0.0003102950597690142
0.0026564328653001976
0.008503469947596081
0.0
0.0
0.0
0.0
0.0
0.0
0.0
0.0
0.0
0.0
0.0
0.0
0.0
0.3158075489761321
0.0
0.0008714311782876321
0.0
0.0
0.00023276267528268228
0.00027779899003424274
0.00034789352883850424
0.0002479379179994217
0.0004896177773804403
0.00925042286232517
0.0008994928602597801
0.0
0.0
0.0
0.0
0.0
0.0
0.0
0.0
0.0
0.0
0.0
0.0
0.0
0.0
0.0
0.0
0.0
0.0
0.0
0.0
0.0
0.0
0.0
0.0
0.0
0.0
0.0
0.0
0.0
0.0
0.0
0.0
0.0
0.0
0.0
0.0
0.0
0.0
0.0
0.0
0.0
0.0
0.0
0.0
0.0
0.0
0.0
0.0
0.0
0.0
0.0
0.0
0.0
0.0
0.0
0.0
0.0
0.0
0.0
0.0
0.0
0.0
0.0
0.0
0.0
0.0
0.0
0.00018267225487691495
0.0004380751960092754
0.0032789151466708884
0.008187114873033845
0.0
0.0
0.0
0.0
0.0
0.0
0.0
0.0
0.0
0.0
0.0
0.0
0.0
0.0
0.0
0.0
0.0
0.0
0.0
0.0
0.0
5.3873149510208546e-05
0.003233320865100959
0.004499122369269309
0.0
0.0
0.0
0.0
0.0
0.0
0.0
0.0
0.0
0.0
0.0
0.0
0.0
0.0
0.0
0.0
0.0
0.0
0.00018891317550501167
3.425231015179869e-05
0.0
0.0027104657525629434
0.010289932424491091
0.07103521498688879
0.33391365871234974
0.36649252930158327
0.2701365096417786
0.2869793105846081
0.0
0.0
0.0
0.0
0.0
0.0
0.0
0.0
0.0
0.7981869017027914
0.2309098748642295
0.000678522840991508
0.0
0.0
0.0
0.0
0.00024772208049275116
0.00034828611482582165
0.0023583228731951624
0.015845865976500693
0.0005862180537727614
0.0
0.0
0.0
0.0
0.0
0.0
0.0
0.0
0.0
0.0
0.0
0.0
0.951286644819579
0.7917051331720893
0.12062518867032515
0.0
0.0
0.0002327065874730744
0.0001441785431688329
0.0004793728393234258
0.00046386732997683955
0.0006962084909093036
0.0069471140799032445
0.00509730126070002
0.001111915276033133
0.0
0.0
0.0
0.0
0.0
0.0
0.0
0.0
0.0
0.0
0.0
0.0
0.0
0.0
0.0
0.0
0.0
0.0
0.0
0.00011830629668882034
0.0002943750799646501
0.00021626831646658076
0.0001216446491373696
0.0001062198642923411
0.0
0.0
0.0
0.0
0.0
0.0
0.0
0.0
0.0
0.0
0.0
0.0
0.0
0.0
0.0
0.0
0.0
0.0
0.0
0.0
0.00030732251091335373
0.00025787642255342745
3.8322948984608835e-05
0.0
0.03195241508338565
0.0
0.0
0.0
0.0
0.0
0.0
0.0
0.0
0.0
0.0
0.002981595386498488
0.0
0.0004059763819491814
0.0
6.595067304662106e-05
9.781650655718441e-05
6.0128050585093715e-05
6.420131705437248e-05
1.7137060664892203e-05
3.551880953878066e-05
0.0073063492612096825
0.0
0.0
0.0
0.0
0.0
0.0
0.0
0.0
0.0
0.0
0.0
0.0
0.0
0.005134319555745003
0.0
0.0
5.173572469306461e-05
0.0002084314345233478
0.000281837565829485
0.0002805612890213361
0.0004129254112626931
0.0005237638996913373
0.0025655393168796284
0.012668492519949358
0.000562425860510866
0.0
0.0
0.0
0.0
0.0
0.0
0.0
0.0
0.0
0.0
0.0
0.0
0.010762461519006337
0.0
0.0
0.0
0.0
0.0
0.0
0.0009876591140499658
0.0
0.002986895350481112
0.007743299615438997
0.0
0.0
0.0
0.0
0.0
0.0
0.0
0.0
0.0
0.0
0.0
0.0
0.0
0.0
0.0
0.0
0.0
0.0
0.0
0.0
0.0
0.0
0.004407001585988093
0.008143541357909134
0.0
0.0
0.0
0.0
0.0
0.0
0.0
0.0
0.0
0.0
0.0
0.0
0.0
0.44117110434717993
0.0
0.000549621477900262
0.0
0.0
0.0
3.0072255321788298e-05
0.00017125209544781992
0.00022245609829534636
0.0004308814657473796
0.006587858204176398
0.0
0.0
0.0
0.0
0.0
0.0
0.0
0.0
0.0
0.0
0.0
0.0
0.0
0.0
0.0
0.0
0.0
0.0
0.0
0.0
0.0
0.0
0.0
0.0
0.0
0.00010310192558528466
0.0
0.0
0.0
0.0
0.0
0.0
0.0
0.0
0.0
0.0
0.0
0.0
0.0
0.0
0.0
0.0
0.0
0.0
0.0
0.0
0.0
0.0
0.0
0.0
0.0
0.0
0.0
0.0
0.0
0.0
0.0
0.0
0.0
0.0
0.0
0.007433883336899393
0.0
0.0
0.0
6.458820141077362e-05
0.00016722235205295294
0.000271561629299069
0.00038399017649238284
0.00032048645833281423
0.000367702827078531
0.007568750999248536
0.0
0.0
0.0
0.0
0.0
0.0
0.0
0.0
0.0
0.0
0.0
0.0
0.0
0.0
0.0
0.0
0.0
0.0
0.0
0.0
0.0
0.0
0.0023453291728693436
0.008830261620523689
0.005675864748832705
0.003980514198270672
0.0
0.0
0.0
0.0
0.0
0.0
0.0
0.0
0.0
0.0
0.0
0.9420865504956736
0.7566687235643423
0.10010464101938109
0.0
0.0
0.0
0.00010528609145729552
0.0019365746612431906
0.0003927941517881378
0.0028075625136486054
0.01588528968096541
0.0007457551413007029
0.0
0.0
0.01649686425705494
0.0
0.0
0.0
0.0
0.0
0.0
0.0
0.0
0.0
0.9692581723774619
0.9471055671055709
0.17325898494998043
0.0
0.0
0.0
0.0
0.0
0.0
0.002449342010165405
0.013644185815417525
0.0
0.0
0.0
0.0
0.0
0.0
0.0
0.0
0.0
0.0
0.0
0.0
0.0
0.896017989951413
0.8227876378434356
0.006998887455889287
0.0004040395395577081
0.00010978558369065413
0.00025490751850286127
0.00026146445295912105
0.00036193370179368083
0.0003752251646113256
0.0006025951763249385
0.01580602259249379
0.001861610520661928
0.0009236498686401361
0.0
0.0
0.0
0.0
0.0
0.0
0.0
0.0
0.0
0.0
0.0
0.0
0.0
0.0
0.0
0.0
0.0
0.0
0.0
0.0
0.0
0.0
0.0
0.0
0.0
0.0
0.0
0.0
0.0
0.0
0.0
0.0
0.0
0.0
0.0
0.0
0.0
0.0
0.0
0.0
0.0
0.0
0.0
0.0
0.0
0.0
0.0
0.0
0.0
0.0
0.0
0.0
0.0
0.0
0.0
0.0
0.0
0.0
0.0
0.599454780198314
0.007271639973904143
0.0
0.0
6.25821295136175e-05
0.00027171430045481017
0.00029658125638885304
0.0015030676667777342
0.00047351321493709243
0.0036607433557481204
0.00932325585501943
0.0
0.0
0.0
0.0
0.0
0.0
0.0
0.0
0.0
0.0
0.0
0.0
0.0
0.17624801024368228
0.0
0.0006793137319240527
0.0
0.0
9.708630428683472e-06
6.275596584042457e-05
9.962171802681617e-05
6.209005112833157e-05
3.449769493806612e-05
0.009248945193895854
0.0005554872294356322
0.0
0.0
0.0
0.0
0.0
0.0
0.0
0.0
0.0
0.0
0.0
0.0
0.0075580249851103275
0.0
0.0
0.0
0.00011208145638906792
6.604861506045988e-05
8.803776545144634e-05
0.0
3.6362126704531614e-05
0.0001344406333116586
0.0002821702412952291
0.0016373831163989014
0.00021290150227665244
0.0
0.0
0.0
0.0
0.0
0.0
0.0
0.0
0.0
0.0
0.0
0.014118730393669274
0.0
0.0
0.0
2.3178265702072436e-05
3.10082703741359e-05
6.919856992520359e-05
0.0
0.0
0.0
0.0
0.0
0.0
0.0
0.0
0.0
0.0
0.0
0.0
0.0
0.0
0.0
0.0
0.0
0.02202811297275432
0.0
0.00012892579939636096
0.00032425619534207995
0.0003395516406792945
0.0003849309609087261
0.00038475927741500864
0.0005441918451664357
0.0005537017488354781
0.0008245792451958138
0.015377950379238177
0.004711861640573758
0.0014014786141490724
0.002422713987492366
0.003619242046831206
0.0
0.0
0.0
0.0
0.0
0.0
0.0
0.0
0.0
0.0
0.0
0.0
0.0
0.0
0.0
0.0
0.0
0.0
0.0
0.0
0.0
0.0
0.0
0.0
0.0
0.0
0.0
0.0
0.0
0.0
0.0
0.0
0.0
0.0
0.0
0.0
0.0
0.0
0.0
0.0
0.0
0.0
0.0
0.0
0.0
0.0
0.0
0.0
0.0
0.0
0.0
0.0
0.0
0.0
0.0
0.0
0.0
0.328393050806034
0.0
0.0008589819458515091
0.0
0.0
0.0
0.00010344637966773288
0.0003011646621566519
0.0005332124330582594
0.004009898639313002
0.007319007432451667
0.0
0.0
0.0
0.0
0.0
0.0
0.0
0.0
0.0
0.0
0.0
0.0
0.0
0.0
0.0
0.0
0.0
0.0
2.7467296132609567e-05
0.0001684997172302063
5.8415550088525426e-05
0.00017679871459308296
0.0004936118496971258
0.010137176530419307
0.0
0.0
0.0
0.0
0.0
0.0
0.0
0.0
0.0
0.0
0.0
0.0
0.0
0.009045760285363112
0.0
0.0
0.0
0.0
0.00010201031431974831
0.0003658180227574482
0.00043375754221420626
0.0005183666806642379
0.0006307252030642105
0.008268694361385373
0.0021742119188597423
0.0007206012362170578
0.0
0.0
0.0
0.0
0.0
0.0
0.0
0.0
0.0
0.0
0.0
0.002450133488981472
0.0
0.0
0.0
0.0
0.0
0.00021324974426339702
0.00018866827893531573
0.00022289175972875724
0.0006313323286013971
0.021176080839724144
0.0017589021701012657
0.001991959982189707
0.00032147126864866314
0.0
0.0
0.0
0.0
0.0
0.0
0.0
0.0
0.0
0.0
0.016987781157246303
0.0033174785211966284
0.0006361199238728621
0.0
0.0
7.936043264827009e-05
0.00010776703294392275
0.00015815923538524962
0.00012690393565237273
0.0002475965951098677
0.0006441670144198899
0.001228147295235142
0.0008798707584209922
0.000712312491827324
0.0
0.0
0.0
0.0
0.0
0.0
0.0
0.0
0.0
0.0
0.0
0.0
0.0
0.0
0.0
0.0
0.0
0.0
0.0
0.0
0.00021224086131175696
0.0001940761816971354
0.0001392578608164669
9.624685051720461e-05
0.0
0.0
0.0
0.0
0.0
0.0
0.0
0.0
0.0
0.0
0.0
0.0
0.0
0.0
0.0
0.0
0.0
0.0
8.536351493298216e-05
0.00037448161240381437
0.00016370294236336535
0.00039702186371011114
0.00048312634965536413
0.00017069105748851476
0.0
0.0
0.0
0.0
0.0
0.0
0.0
0.0
0.0
0.0
0.0
0.0
0.0
0.0
0.0
0.0
0.0
0.0
4.372702723284183e-05
0.00019760984712867847
0.0
0.0
0.0
0.0
0.0
0.0
0.0
0.0
0.0
0.0
0.0
0.0
0.0
0.0
0.003388035673234164
0.0
0.0
0.0
0.0
0.0
0.0
0.0
0.0
0.0
0.009101149699224001
0.0
0.0031911731038910284
0.0
0.0
0.0
0.0
0.0
0.0
0.0
0.0
0.0
0.0
0.0
0.010102468351361223
0.0024503731376743563
0.0005182062414249702
0.0
0.0
0.0
9.067024141316919e-06
8.125247242857463e-05
8.119758593550884e-05
0.0002203391203625652
0.013470676041118918
0.0006866643027167729
0.00027120747196736936
0.0
0.0
0.0
0.0
0.0
0.0
0.0
0.0
0.0
0.0
0.0
0.007888811010210058
0.0
0.0004765132872227539
0.0
0.0
5.6982859721149405e-05
9.15126213974144e-05
0.0001168207693102358
0.0
0.0
0.005241264385763236
0.00021032209480838877
0.0
0.0
0.0
0.0
0.0
0.0
0.0
0.0
0.0
0.0
0.0
0.0
0.0058904109700101265
0.0
0.0
0.0
2.029749593849993e-05
9.588805049491397e-05
8.755611941052349e-05
0.00015759306016406728
0.0001875529378003675
0.0003883821969788731
0.009805279175234397
0.0004139925615683123
0.000311663851739505
0.0
0.0
0.0
0.0
0.0
0.0
0.0
0.0
0.0
0.0
0.0
0.0
0.0
0.0
0.0
0.0
0.0
0.0
0.0
0.0
0.0
0.0
0.0
0.0
0.0
0.0
0.0
0.0
0.0
0.0
0.0
0.0
0.0
0.0
0.0
0.0
0.0
0.0
0.0
0.0
0.0
0.0
0.0
0.0
9.442785773494599e-05
0.00027916274438862833
0.000354402601661434
0.00024267064697788352
0.00030655627032658223
0.0
0.0
0.0
0.0
0.0
0.0
0.0
0.0
0.0
0.0
0.18506454826199512
0.00397156765925835
0.0006722051072484712
0.0
1.5442294244017276e-05
0.00014549681484584903
0.00016189254235558122
0.00012701500070972646
0.00020785836469727593
0.00048078748405220467
0.0019543207346140747
0.0007975903148990534
0.0019637342200641513
0.0012580577134867622
0.0
0.0
0.0
0.0
0.0
0.0
0.0
0.0
0.0
0.0
0.569178755907187
0.0032753501729278055
0.0008224454840525337
0.0
1.480190476602434e-05
0.0001611728756319902
0.0002270529162451676
0.00021410345690373126
0.0003545291919920692
0.0003542010415665439
0.006045781801257302
0.0012032758459089373
0.0010171507106590037
0.0008242803528578077
0.0
0.0
0.0
0.0
0.0
0.0
0.0
0.0
0.0
0.0
0.012716677653149107
0.007496077930725617
0.0006077508379085347
0.0
7.821771880811794e-05
9.490824088757537e-05
0.00024388924713203566
0.0002998813052786185
0.0002177364851327179
0.00012134374073962142
0.0013550373817877667
0.002794041766560627
0.0014106084583372584
0.0008748364276479159
0.0
0.0
0.0
0.0
0.0
0.0
0.0
0.0
0.0
0.0
0.013533896952795514
0.0037254954606970184
0.0005098105630350721
0.0
9.425331371362586e-05
0.00011124276964400463
0.00022364471235112373
0.0003045403046672879
0.0002975570182772978
0.00022740954261845525
0.005796556997326055
0.0011634788108491158
0.0013729085576269207
0.0004236114298862822
0.0
0.0
0.0
0.0
0.0
0.0
0.0
0.0
0.0
0.0
0.006626667885966053
0.0
0.0005195464441493711
0.0
8.929637120088174e-05
6.148438276271877e-05
5.4677519970828335e-05
7.901790170560463e-05
8.982796603860857e-05
0.00014186525034612471
0.0009424728917331993
0.0006947436995275668
0.0007037576821230357
0.00022657845383236712
0.0
0.0
0.0
0.0
0.0
0.0
0.0
0.0
0.0
0.0
0.0
0.0
0.0
0.0
0.0
0.0
0.0
0.0
0.0
0.00016254922773459128
0.0002632856227838595
0.0
0.06393500394729344
0.21872951804126078
0.0
0.0
0.0
0.0
0.0
0.0
0.0
0.0
0.0
0.0
0.0
0.0
0.0
0.0
0.0
0.0
0.0
0.0
0.0
6.281017688387165e-05
0.00011218511359110459
0.00018470859782317706
0.00012858173454722625
6.601722720965157e-05
0.00015914220137739336
0.0038760307281510134
0.0
0.0
0.0
0.0
0.0
0.0
0.0
0.0
0.0030398590734671918
0.0
0.0
0.0
0.00015746966809052825
5.0590303596515266e-05
3.495470348350679e-05
0.00012768180480067864
0.00018386931775304742
0.00010327612315642751
0.0
0.0006174018366538847
0.0016375296901104484
0.00043952246468151237
0.0
0.0
0.0
0.0
0.0
0.0
0.0
0.0
0.0
0.0
0.008671579334063453
0.0
0.0005249527513487573
0.0
3.65918553210612e-05
9.999163335659453e-05
0.00012668733322531608
0.00019933520021070758
6.337671599008363e-05
0.00010238832011216186
0.0
0.0
0.0004788614909866581
0.0010936407590129192
0.0003866345312103032
0.0
0.0
0.0
0.0
0.0
0.0
0.0
0.0
0.0
0.016464771533926167
0.0
0.00047289672110506677
0.0
0.00012404558386369492
9.2709363310312e-05
0.00016162828814961856
0.00015799032349013916
0.0001202354257312596
7.121992889718597e-05
0.0006787576204631365
0.0015559628874406213
0.0012807451782077077
0.0012058780052402655
9.939823289995018e-05
0.0
0.0
0.0
0.0
0.0
0.0
0.0
0.0
0.0
0.008426972487668717
0.0
0.0
0.0
0.0001015605711393185
0.0
8.872791768027752e-05
0.00011636972307313564
0.0
0.0
0.0
0.0008599719370807659
0.0006567820515939686
0.0002545860348106709
0.0
0.0
0.0
0.0
0.0
0.0
0.0
0.0
0.0
0.0
0.006146085718676164
0.0
0.0
0.0
0.0
2.0006727900938856e-05
8.363817768103312e-05
5.590802996415123e-05
2.9906673526714816e-05
0.00015600114927922016
0.006276254964581853
0.0005950857487327665
0.0
0.0
0.0
0.0
0.0
0.0
0.0
0.0
0.0
0.0
0.0
0.0
0.0
0.0
0.0
0.0
0.0
0.0
0.0
0.0
5.6430040027744737e-05
0.00012546541357505114
0.0
0.00031551548116096544
0.00010284248449321843
0.000295207592192323
0.0
0.0
0.0
0.0
0.0
0.0
0.0
0.0
0.0
0.0
0.0
0.0
0.0
0.0
0.008214201338193948
0.0
0.0
0.0
0.0
0.0
0.0
0.0
0.0
0.0
0.0
0.0
0.0
0.0
0.0
0.0
0.0
0.0
0.0
0.0
0.0021437415847613264
0.0
0.0
0.0
0.0
0.0
0.0
0.0001683860972231001
0.0
5.3379129243976034e-05
0.010758746267590772
0.0
0.0
0.0
0.0
0.0
0.0
0.0
0.0
0.0
0.0
0.0
0.0
0.0
0.004215094321115937
0.0
0.0
0.0
0.0
0.0
1.0954150685711922e-05
0.0002735935806104857
4.394763155901608e-05
0.00021793641414450082
0.009898269419338005
0.0
0.0
0.0
0.0
0.0
0.0
0.0
0.0
0.0
0.0
0.0
0.0
0.0
0.0
0.0
0.0
0.0
0.0
0.00015335100624932831
0.00013651263860262852
0.00018617412305944533
0.0003679970779547653
0.0006026472123952949
0.007150586080515927
0.0011760297337730678
0.00028714899081578373
0.0
0.0
0.0
0.0
0.0
0.0
0.0
0.0
0.0
0.0
0.0
0.01084789250134601
0.0
0.0004923291419401005
0.0
1.9395060870460385e-05
0.00011859517799243236
0.00012786457555548944
0.00037788394681675155
0.00014821502478506245
0.00017981286252010542
0.010504795808416841
0.0
0.0
0.0
0.0
0.0
0.0
0.0
0.0
0.0
0.0
0.0
0.0
0.0
0.0035631743786420605
0.0
0.0004738039912579098
0.0
0.0
0.0
3.1705965785017005e-05
2.1160423335886746e-05
4.6990503813890146e-05
0.00015869652427884503
0.0007326230810130921
0.0014245887396330432
0.0019708819516335483
0.0011902938550465217
0.00027340650410539026
0.0
0.0
0.0
0.0
0.0
0.0
0.0
0.0
0.0
0.0
0.0
0.0
0.0
0.0
0.0
0.0
0.0
9.332597991478373e-05
0.00026217512752485137
0.00023184238083142483
0.00023482870719588223
0.0003600252696287109
0.000400347791660215
0.00012772506250189027
0.0
0.0
0.0
0.0
0.0
0.0
0.0
0.0
0.0
0.0
0.0
0.0
0.0
0.0
0.0
0.0
0.0
0.0001902641525655909
0.00026000242951117967
0.00019311387409752938
0.00019439325813798677
0.0004330137167814909
0.0002264328246716646
3.884875045912002e-05
0.0
0.0
0.0
0.0
0.0
0.0
0.0
0.0
0.0
0.0
0.0
0.0
0.0
0.0
4.2244913710820896e-05
5.802296152325456e-05
0.0
0.0
0.0
0.004271093009762759
0.0008485591497751381
0.0
0.0
0.0
0.0
0.0
0.0
0.0
0.0
0.0
0.0
0.0
0.0
0.006154768893593944
0.0
0.0
0.0
0.0
2.5482972764140043e-05
0.00011231468871795567
8.092008482472032e-05
0.0003036150989409471
0.00044585115059203107
0.008968338394211111
0.0
0.0
0.0
0.0
0.0
0.0
0.0
0.0
0.0
0.0
0.0
0.0
0.0
0.005734467624976189
0.0
0.0
0.0
0.0
0.0
0.0
0.0
4.880249674174271e-05
0.0003336702376669787
0.004584278484733544
0.0
0.0
0.0
0.0
0.0
0.0
0.0
0.0
0.0
0.0
0.0
0.0
0.0
0.0074801150476488006
0.0
0.0
0.0
5.115348881373899e-05
7.06984299970838e-05
0.0
0.0
0.0
0.0
0.0
0.0002539993961676798
0.0
0.0
0.0
0.0
0.0
0.0
0.0
0.0
0.0
0.0
0.0
0.0
0.004009849939044379
0.0
0.0
5.569180324913277e-05
0.00017032080004343478
8.958637154129036e-05
0.0001573317018921464
4.754226297994159e-05
5.892850900067666e-05
0.0003509402679810921
0.00023483981676368629
0.0014573236687453726
0.0006349111446430977
0.0013669202756365322
9.669155120913737e-05
0.0
0.0
0.0
0.0
0.0
0.0
0.0
0.0
0.0
0.0
0.0
0.0
0.0
0.0
0.0
0.0
0.0
0.0
7.534514554025547e-05
0.00010699229145625822
0.00014473756232067386
0.25319815469256385
0.0
0.0
0.0
0.0
0.0
0.0
0.0
0.0
0.0
0.0
0.0
0.0
0.0
0.0
0.0
0.0
0.0
0.0
0.0
0.0
3.500799246220255e-05
0.0
0.0
0.0
0.0
0.0
0.0
0.0
0.0
0.0
0.0
0.0
0.0
0.0
0.0
0.004193052499051369
0.0
0.0
0.0
0.0
0.0
0.0
0.0
0.0
0.0002517361990685913
0.0011505131148270356
0.0
0.0
0.0
0.0
0.0
0.0
0.0
0.0
0.0
0.0
0.0
0.0
0.0
0.0
0.0
0.0
0.0
0.0
0.0
0.0
0.0
5.096151843473264e-05
0.0001999926392868183
0.00021282060229550447
0.00031081261293001305
0.00017034146925076424
0.0003110258878576023
0.0
0.0
0.0
0.0
0.0
0.0
0.0
0.0
0.0
0.0
0.005620214998087567
0.005976430387002337
0.0
0.0
0.0
0.0
0.0
0.0
0.00019457711091754642
0.001941173048281344
0.0004448046029424669
0.0
0.0
0.0
0.0
0.0
0.0
0.0
0.0
0.0
0.0
0.0
0.0
0.0
0.00442544047666544
0.01224532577817282
0.0
0.0
0.0
0.0
0.0
0.0
0.0
0.017214128754626398
0.0
0.0
0.006929355225076364
0.0
0.0033650351078131097
0.0
0.0
0.0
0.0
0.0
0.0
0.0
0.0
0.0
0.0
0.0022698027328518534
0.0
0.0
0.0
0.0
0.0
0.003025265987800388
0.0
0.00700188831186808
0.0
0.0
0.004576339525959501
0.0
0.003505287117898118
0.0
0.0
0.0
0.0
0.0
0.0
0.0
0.0
0.0
0.0
0.0
0.0
0.0
0.0
0.0
0.0
0.0
0.0
0.0
0.0
0.0
0.0
0.0
0.0
0.0
0.0
0.0
0.0
0.0
0.0
0.0
0.0
0.0
0.0
0.0
0.0
0.0
0.0
0.0
0.0
0.0
0.0
0.0
0.0
0.0
0.0
0.0
0.0
0.0
0.0
0.0
0.0
0.0
0.0
0.0
0.0
0.0
0.002445387275814577
0.008446052713942913
0.0
0.0
0.0
0.0
0.0
0.0017204156337167938
0.0
0.010126505068295205
0.0002991446761230334
0.0
0.0
0.0
0.0
0.0
0.0
0.0
0.0
0.0
0.0
0.0
0.0
0.0
0.0024994988261245223
0.008738138211568842
0.0
0.0
0.0
0.0
0.0
0.0
0.0
0.0
0.0
0.0
0.0
0.0
0.0
0.0
0.0
0.0
0.0
0.0
0.0
0.0
0.0
0.0
0.004518171307254623
0.004541897002946103
0.0
0.0
0.0
0.0
0.0
0.0
0.00029773767280753436
0.0007634599327352178
0.0021000038206894656
0.0
0.0
0.0
0.0
0.0
0.0
0.0
0.0
0.0
0.0
0.0
0.0
0.0
0.0
0.0033073130543284086
0.0
0.0
0.0
0.0
0.0
2.2559625069451963e-05
0.00014622378394659564
0.0008337850677455021
0.0019030266183693563
0.0012601222993893877
0.0
0.0
0.0
0.008910878411439291
0.0
0.0
0.0
0.0
0.0
0.0
0.0
0.0
0.0
0.004257017298898815
0.0
0.0
0.0
0.0
0.0
0.0019436859178548213
0.0
0.0
0.0
0.0
0.0
0.0
0.0
0.0
0.0
0.0
0.0
0.0
0.0
0.0
0.0
0.0
0.0
0.0
0.0
0.0
0.0
0.0
0.0
0.0
3.3668855095080684e-05
0.0004134655231683
0.00016721428658253426
0.0003600586677867721
0.00016269213736819178
0.0
0.0
0.0
0.0
0.0
0.0
0.0
0.0
0.0
0.0
0.0
0.0
0.0
0.0
0.0
0.0
0.0
0.0
0.0
4.616495699058288e-05
0.00011003486649313185
9.560036419376765e-05
0.0
0.0
0.0
0.0
0.0
0.0
0.0
0.0
0.0
0.0
0.0
0.0
0.0
0.004727045415682002
0.012168803363628636
0.0
0.0
0.0
0.0
0.0
0.0
0.00023362398823116454
0.000488082368719125
0.0011957104207953274
0.00047970607333712445
0.0
0.0
0.0
0.0
0.0
0.0
0.0
0.0
0.0
0.0
0.0
0.0
0.003429249252131736
0.01146166143835709
0.0
0.0
0.0
0.0
0.0
0.0
0.0
0.0
0.0
0.0
0.0
0.0
0.0
0.0
0.0
0.0
0.0
0.0
0.0
0.0
0.0
0.0
0.002593448523500649
0.0
0.0
0.0
0.0
0.0
0.0
0.00017086679860896296
0.0005627692098713706
0.0018620639816231503
0.001653110797896264
0.0013374080498736968
0.0
0.0
0.0
0.0
0.0
0.0
0.0
0.0
0.0
0.0
0.0
0.0
0.00259223238867087
0.0033295657816754284
0.0
0.0
0.0
0.0
0.0
0.0
0.0
0.0062548995502696835
0.010227089077246163
0.005091642172512519
0.006281214926655121
0.0
0.0014716446835029869
0.0
0.0
0.0
0.0
0.0
0.0
0.0
0.0
0.0
0.0
0.0
0.0
0.0
0.0
0.0
0.0
0.0021968815399745207
0.001408960596465971
0.004695467138572224
0.0
0.014559997989208468
0.004668766010718864
0.0
0.0018653194113136336
0.0
0.0
0.0
0.0
0.0
0.0
0.0
0.0
0.0
0.0
0.0
0.0
0.0
0.0
0.0
0.0
0.0
0.0
0.0001274347929639081
0.0002060075151198559
0.0002651755312689676
9.789799919596441e-05
0.0
0.0
0.0
0.0
0.0
0.0
0.0
0.0
0.0
0.0
0.0
0.0
0.0
0.0
0.0
0.0
0.0
0.0
0.0
0.0
0.00012774769643621772
0.0003538675630735243
0.0002935715086569622
0.000287187353099659
0.0
0.014380117871219024
0.0
0.0
0.0
0.0
0.0
0.0
0.0
0.0
0.0
0.0
0.007134588301147593
0.0
0.0
0.0
0.0
0.0
0.0
0.004386196859038067
0.011833113251499503
0.0
0.0
0.0
0.0
0.0
0.0
0.0
0.0
0.0
0.0
0.0
0.0
0.0
0.0
0.007021056621858753
0.0
0.0
0.0
0.0
0.0
0.0
0.0
0.0
0.00517639438457732
0.0011234056172399606
0.0
0.0
0.0
0.0
0.0
0.0
0.0
0.0
0.0
0.0
0.0
0.0
0.0
0.010388747798048105
0.0
0.0
0.0
0.0
0.0
0.0
0.0
0.0026158808046731863
0.004672647215622615
0.0
0.0
0.0
0.0
0.0
0.0
0.0
0.0
0.0
0.0
0.0
0.0
0.0
0.0
0.006518763687432643
0.0
0.0
0.0
0.0
0.0
0.0
0.0
0.0
0.005389672017489177
0.001483673425678526
0.0008908532455943784
0.0
0.0
0.0
0.0
0.0
0.0
0.0
0.0
0.0
0.0
0.0
0.0
0.008224600583885897
0.0
0.0
0.0
0.0
0.0
1.888505338411217e-05
0.00021525089012060578
0.00048558832904605734
0.0019352661491300095
0.0026793570013393733
0.0009758562402255015
0.0
0.0
0.0
0.0
0.0
0.0
0.0
0.0
0.0
0.0
0.0
0.0
0.0
0.0
0.0
0.0
0.0
0.0
0.0
3.6805141635187076e-05
0.0002994574944519745
0.00023526928923386475
0.0002457723107115886
0.00017804283078701218
0.0002198737106237698
0.0003418000650089962
0.0005007435842310676
0.0
0.0
0.0
0.0
0.0
0.0
0.0
0.0
0.0
0.0
0.0
0.0
0.0
0.0
0.0
0.0
4.188045343239108e-05
0.00012884490277476055
0.00024455592149850096
0.0003146292590983733
0.0004451731982276166
0.00020615389781959058
0.00046733067696334797
0.00020759275965805078
8.717585786898955e-05
0.0
0.0
0.0
0.0
0.0
0.0
0.0
0.0
0.0
0.003344440705266897
0.0
0.0
0.0
0.0
6.110223398951597e-05
0.00012080723351313533
0.0006250853760177246
0.0017752759633901216
0.0011037679304532332
0.001301139281213569
0.0
0.0
0.0
0.0
0.0
0.0
0.0
0.0
0.0
0.0
0.0
0.0
0.0
0.0036533306603125345
0.0
0.0
0.0
0.0
0.0
0.002330379289248737
0.0
0.0060753110124386585
0.0
0.0
0.0
0.0
0.0023417422756386265
0.0
0.0
0.0
0.0
0.0
0.0
0.0
0.0
0.0
0.009496983356719797
0.006278155703318679
0.0
0.0
0.0
0.0
0.0
0.002023182116801659
0.0
0.0049674037147880165
0.0
0.0
0.0
0.0
0.0
0.0
0.0
0.0
0.0
0.0
0.0
0.0
0.0
0.0
0.0
0.004534665398415014
0.0
0.0
0.0
0.0
0.0
0.0
0.0
0.0
0.0
0.0
0.0
0.0
0.0
0.0
0.0
0.0
0.0
0.0
0.0
0.0
0.0
0.0
0.0
0.0042554993749719895
0.0
0.0
0.0
0.0
0.0
0.0
0.0
0.0001718817085815524
0.0008174096020970162
0.0
0.0
0.0
0.0
0.0
0.0
0.0
0.0
0.0
0.0
0.0
0.0
0.0
0.0
0.0
0.0
0.0
0.0
0.0
0.0
0.0
5.388925590782802e-05
0.00018802870113714506
5.571867434486756e-05
0.00037427901574588765
0.000305768816468449
6.770076072038705e-05
8.942509076396846e-05
0.0
0.0
0.0
0.0
0.0
0.0
0.0
0.0
0.0
0.0
0.0
0.0
0.0
0.0
0.0
0.0
0.0
2.3490896343199127e-05
0.00014089313046876343
0.00026353894226210646
9.97769960821216e-05
0.00023211579509543288
0.0002749855465285337
0.0
0.0
0.0
0.0
0.0
0.0
0.0
0.0
0.0
0.0
0.0
0.008337327235941105
0.0
0.0
0.0
0.0
0.0
0.0
0.0
0.011610368593092182
0.0
0.0
0.0
0.0
0.0
0.0
0.0
0.0
0.0
0.0
0.0
0.0
0.0
0.0
0.004079391034977286
0.0
0.0
0.0
0.0
0.0
0.0
0.0019706832375809414
0.0
0.008986705608729759
0.0
0.0
0.0
0.0
0.008340562712817383
0.0
0.0
0.0
0.0
0.0
0.0
0.0
0.0
0.0
0.012707150466689477
0.808697063498619
0.042605966836085814
0.0
0.0
0.0
0.0
0.0023361103990603886
0.0
0.005987165254670415
0.001984284215428017
0.0006816377005777072
0.0
0.0
0.01048181519541721
0.0
0.0
0.0
0.0
0.0
0.0
0.0
0.0
0.0
0.023835051655131854
0.7026648003614374
0.03526127034232201
0.0
0.0
0.0
0.0
0.0023701873706414066
0.0003519060687054378
0.006723111330690006
0.007188791636409202
0.0
0.0
0.0
0.0186408923924245
0.0
0.0
0.0
0.0
0.0
0.0
0.0
0.0
0.0
0.023867319343657822
0.4294025430998271
0.0010659881280716548
0.0
0.0
0.0
0.0
0.0022518414489091604
0.0005091648633668637
0.0079192477195876
0.0033818672103783764
0.0027575295677269122
0.0
0.0
0.0029152274021298948
0.0
0.0
0.0
0.0
0.0
0.0
0.0
0.0
0.0
0.0
0.0
0.0
0.0
0.0
0.0
0.0
0.0
0.0
0.0
0.00037611900329996605
8.48958790792985e-05
0.00016206076959697537
0.0
0.0
0.0
0.0
0.0
0.0
0.0
0.0
0.0
0.0
0.0
0.0
0.0
0.0
0.03380957540821171
0.0
0.0
0.0
0.0
0.0
0.0005088039765461119
0.0004541802363732678
0.00020739706348184362
0.0005154606667096493
0.0
0.0
0.0
0.0
0.0
0.0
0.0
0.0
0.0
0.0
0.0
0.00853931176703933
0.0
0.0009438212221836049
0.0
0.0
0.0
0.0
0.002195080421579974
0.0
0.00924976491270508
0.0
0.0
0.0
0.0
0.0
0.0
0.0
0.0
0.0
0.0
0.0
0.0
0.0
0.0
0.0
0.0
0.0
0.0
0.0
0.0
0.0
0.0023546658095920723
0.0
0.010042161124616505
0.0
0.0
0.0
0.0
0.0
0.0
0.0
0.0
0.0
0.0
0.0
0.0
0.0
0.0
0.011284458483113097
0.004695258606961378
0.0009127690326621063
0.0
0.0
0.0
0.0
0.0021228164562782227
0.0014412219934312473
0.00462134125973291
0.0
0.0
0.0
0.0
0.0
0.0
0.0
0.0
0.0
0.0
0.0
0.0
0.0
0.0
0.007882025824392944
0.0
0.0
0.0
0.0
0.0
0.0
0.0
0.0
0.005703958066411727
0.0003260279197952822
0.0
0.0
0.0
0.0
0.0
0.0
0.0
0.0
0.0
0.0
0.0
0.0
0.0
0.005078324466841647
0.0
0.0
0.0
0.0
0.0
0.0
0.0021925003174048585
0.0
0.009949334406028462
0.0
0.0
0.0
0.0
0.0
0.0
0.0
0.0
0.0
0.0
0.0
0.0
0.0
0.0
0.0
0.0
0.0
0.0
0.0
0.0
0.0
0.0
6.439448957211566e-05
9.224954588195638e-05
0.0
0.0
0.0
0.0
0.0
0.0
0.0
0.0
0.0
0.0
0.0
0.0
0.0
0.0
0.0
0.0
0.0
0.0
0.0
0.0
0.0
3.1020845457451645e-05
0.00016448198343326642
9.513978720393376e-05
0.00041746217681760945
0.00027484141248084
0.0002821608097587322
0.0001772302722368852
0.0
0.0
0.0
0.0
0.0
0.0
0.0
0.0
0.0
0.0
0.005695446294488625
0.0
0.0
0.0
0.0
0.0
0.0
0.00018758933230040025
8.322320768326257e-05
0.0008462590381917633
0.0010812265052053452
0.0014537787139122993
0.0
0.0
0.0
0.0
0.0
0.0
0.0
0.0
0.0
0.0
0.0
0.0
0.007528319290364316
0.0
0.0
0.0
0.0
0.0
0.0
0.0017758330816727897
0.0
0.008358295868630131
0.0005829150613150172
0.0
0.0
0.0
0.0
0.0
0.0
0.0
0.0
0.0
0.0
0.0
0.0
0.0
0.0
0.009356101676009167
0.0
0.0
0.0
0.0
0.0
3.731804353978055e-05
0.00018897291984520633
0.0046028553112181375
0.0
0.0
0.0
0.0
0.0
0.0
0.0
0.0
0.0
0.0
0.0
0.0
0.0
0.0
0.006691944649412196
0.005541803029503483
0.0
0.0
0.0
0.0
0.0
0.0030934786352797465
0.0017619241632689233
0.004907303785277823
0.0
0.0
0.0
0.0
0.0
0.0
0.0
0.0
0.0
0.0
0.0
0.0
0.0
0.0
0.0
0.004261382056080725
0.0
0.0
0.0
0.0
0.0
0.0
0.0003025697724817533
0.0010629368850060127
0.011228017274470986
0.005414136103663709
0.0
0.0
0.0
0.0
0.0
0.0
0.0
0.0
0.0
0.0
0.0
0.0
0.0
0.0
0.0
0.0
0.0
0.0
0.0
6.902150662537383e-05
9.484357982727621e-05
0.0002093324540021282
0.0001752568827121152
0.0003399789781830942
0.0005156949307831126
0.00025845252550452905
0.0
0.0
0.0
0.0
0.0
0.0
0.0
0.0
0.0
0.0
0.0
0.0
0.0
0.0
0.0
0.0
0.0
6.789214947266728e-05
0.00014291868879225342
0.0001860805110222978
0.00025112631971771124
0.00013795859985850167
0.00025506840738881426
0.00037593917594536927
4.4852099387130474e-05
0.0
0.0
0.0
0.0
0.0
0.0
0.0
0.0
0.0
0.0025065601611703884
0.002949698669010857
0.0
0.0
0.0
0.0
0.0
0.00027862354207244897
0.0002084437621421457
0.0007072632723533939
0.0020417101385187143
0.000549344004970009
0.0
0.0
0.0
0.0
0.0
0.0
0.0
0.0
0.0
0.0
0.0
0.0
0.0
0.007295264116434907
0.0
0.0
0.0
0.0
0.0
0.0
0.0
0.0006713673223617181
0.0003972156492087063
0.0006158052385371335
0.0
0.0
0.0
0.0
0.0
0.0
0.0
0.0
0.0
0.0
0.0
0.0
0.0
0.005361216932441659
0.0
0.0
0.0
0.0
0.0
0.0
0.0
0.005482545304855279
0.0
0.0
0.0
0.0
0.0
0.0
0.0
0.0
0.0
0.0
0.0
0.0
0.0
0.0
0.002986104037513486
0.010409953579671862
0.0
0.0
0.0
0.0
0.0
0.00030829998017932334
0.00018547887027121755
0.0005640125744783508
0.0014617799001087359
0.0007009451969037443
0.0
0.0
0.0
0.0
0.0
0.0
0.0
0.0
0.0
0.0
0.0
0.0
0.005354026952311666
0.0
0.0
0.0
0.0
0.0
0.0
0.0018075645328494447
9.587560284232074e-05
0.011535615537327088
0.0009607225213803239
0.0
0.0
0.0
0.0
0.0
0.0
0.0
0.0
0.0
0.0
0.0
0.0
0.0
0.0
0.0
0.0
0.0
0.0
0.0
0.0
0.0
0.0
0.0
0.0
0.0
0.0
0.0
0.0
0.0
0.0
0.0
0.0
0.0
0.0
0.0
0.0
0.0
0.0
0.0
0.0
0.0
0.0
0.0
0.0
0.0
0.0
0.0
0.0
0.0
0.0
0.0
0.0
0.0
0.0
0.0
0.0
0.0
0.0
0.0
0.0
0.0
0.0
0.0
0.0
0.0
0.0
0.0
0.0
0.0
0.0
0.0
0.0
0.0
0.0
0.0
0.0
0.0
0.0
0.0
0.0
0.0
0.0
0.0
0.0
0.0
0.007014422994105944
0.0
0.0
0.0
0.0
0.0
0.0
0.0
0.0
0.002704741808424134
0.0073372723774842346
0.0
0.0
0.0
0.0
0.0
0.0
0.0
0.0
0.0
0.0
0.0
0.0
0.0
0.0
0.0
0.0
0.0
0.0
0.00010818864509903298
0.00023756068783484466
0.0004011793281132882
0.0003919053762850884
0.0005130080043152356
0.0048914386877845365
0.000952342942790554
0.0
0.0
0.0
0.0
0.0
0.0
0.0
0.0
0.0
0.0
0.0
0.0
0.006321767095555987
0.0
0.0
0.0
1.4654329347549267e-05
5.740391481982368e-05
0.00011134695708510759
9.53601304922944e-05
6.914547861810326e-05
0.00012793188877586968
0.014116973093264212
0.0009206210721823921
0.00013600441869251204
0.0
0.0
0.0
0.0
0.0
0.0
0.0
0.0
0.0
0.0
0.0
0.007990460725499296
0.0
0.0
0.0
0.0
0.0
0.0
0.0
3.309528341628424e-05
0.0001522637819471751
0.008682244117101487
0.0
0.0
0.0
0.0
0.0
0.0
0.0
0.0
0.0
0.0
0.0
0.0
0.0
0.0
0.0
0.0
0.0
0.0
0.0
0.0
0.0
0.0
0.0
0.0
0.0
0.0
0.0
0.0
0.0
0.0
0.0
0.0
0.0
0.0
0.0
0.0
0.0
0.0
0.0
0.0
0.0
0.0
0.0
0.0
0.0
0.00031266279529685274
0.00032753391262227926
0.0002526710315441297
0.00013334585703213506
0.0
0.0
0.0
0.0
0.0
0.0
0.0
0.0
0.0
0.0
0.0
0.0
0.01168360011710699
0.0032634620333341913
0.0006920398522698382
3.200246208274291e-05
0.00011737979652085683
0.00022121341571522998
0.00015633393888994751
0.0003515278218015879
0.0005428862216947801
0.0012943667414273955
0.01614157800106082
0.0018840482182155933
0.0015596156812216688
0.0019162179252931275
0.0015928356575106153
0.0
0.0
0.0
0.0
0.0
0.0
0.0
0.0
0.0
0.1267061231066216
0.006107883166272321
0.0007940683741017367
0.0
0.00017401395772502018
0.00021732008979070215
0.00016576661996400887
0.00029364953015280116
0.00036376268318090004
0.0011749942090629034
0.019118244771955104
0.0023658946170260426
0.0009231862847692029
0.0
0.0
0.0
0.0
0.0
0.0
0.0
0.0
0.0
0.0
0.0
0.08755903201686437
0.005765927420926405
0.000802401509133227
0.0
7.587312597464647e-05
0.0002097766902098141
0.0001960830341893021
0.00034319321451418755
0.00038032178358065217
0.0007183310814126636
0.013532971259718522
0.0028785876517927193
0.0007207387932397226
0.0
0.0
0.0
0.0
0.0
0.0
0.0
0.0
0.0
0.0
0.0
0.0050195029436535
0.0
0.0
0.0
0.0
0.0
0.0
0.0
0.0
0.0027272455950292937
0.012003212186116469
0.0
0.0
0.0
0.0
0.0
0.0
0.0
0.0
0.0
0.0
0.0
0.0
0.0
0.004703328972953187
0.0
0.0
0.0
0.0
0.0
0.0
0.0
0.0
0.0
5.2180279390699566e-05
0.0
0.0
0.0
0.0
0.0
0.0
0.0
0.0
0.0
0.0
0.0
0.0
0.0
0.0
0.0
0.0
0.0
0.0
0.0
0.0
0.0001585756069093432
0.0002846437379857552
9.584381777935976e-05
8.321618341128862e-05
0.00013922518680095191
0.0
0.0
0.005317452532366414
0.0
0.0
0.0
0.0
0.0
0.0
0.0
0.0
0.0
0.0
0.0
0.0
0.0
0.0
0.0
0.0
0.0
0.0
0.0
0.0
0.0
0.0
0.0
0.0
0.0
0.0
0.0
0.0
0.0
0.0
0.0
0.0
0.0
0.7389748593511665
0.38777838584742913
0.0008420423779240989
0.0
0.0001902110923238082
0.0004446999483928359
0.00030216142244761753
0.0005735137989948916
0.000678523038662718
0.0012445948447296611
0.010255351281253579
0.0037377690377844155
0.0010132035131709485
0.0026327365641850213
0.0008889155272922349
0.0
0.0
0.0
0.0
0.0
0.0
0.0
0.0
0.0
0.8193119337045603
0.07600441708250318
0.0009294558733064359
0.0
0.00016558755119945815
0.00016962318452046153
0.00033922309296669336
0.00048663585207302153
0.0005366373707636798
0.0011769748526186865
0.010399299978757692
0.003758617921108205
0.0013099184462263946
0.0
0.0
0.0
0.0
0.0
0.0
0.0
0.0
0.0
0.0
0.0
0.005713412960150915
0.0
0.000498430571240746
0.0
0.0
0.0
4.289887213191285e-05
0.00014463483933604434
0.000202380639382611
0.00010412011155182739
0.005628453098716672
0.0
0.0
0.0
0.0
0.0
0.0
0.0
0.0
0.0
0.0
0.0
0.0
0.0
0.00671841618549461
0.0
0.0
0.0
0.0
0.0
5.465102090148567e-05
0.0
0.0
0.0
0.005942550274083634
0.0005394630361626431
0.00029837734707112467
0.0
0.0
0.0
0.0
0.0
0.0
0.0
0.0
0.0
0.0
0.0
0.0032619411020097036
0.0
0.0
0.0
0.0
1.071797149319844e-05
4.022469175831274e-05
0.0
0.0
2.40455143413062e-05
0.015282412349082331
0.000686930526894979
0.0
0.0
0.0
0.0
0.0
0.0
0.0
0.0
0.0
0.0
0.0
0.0
0.0
0.0
0.0
0.0
0.0
0.0
0.0
0.00011802293373420004
0.0002087896903520791
9.862055744500815e-05
0.0002752605520512268
0.00017045586295224554
0.0001679537007999088
0.007360036420535707
0.0
0.0
0.0
0.0
0.0
0.0
0.0
0.0
0.0
0.0
0.0
0.0
0.0
0.0
0.0
0.0
6.0764078154341976e-05
0.0002232936180183865
0.00038299308570751187
8.889789080442881e-05
0.00029021780790691623
0.0005344085404843434
0.00015384574372631456
0.00024264347282591328
0.01938454377695127
0.0
0.0
0.0
0.0
0.0
0.0
0.0
0.0
0.0
0.0
0.0
0.0
0.0
0.0
9.602429637831416e-05
7.399614874790969e-05
0.00015811239028594779
0.0002149949937884742
0.0004281768694477367
0.00646902419733345
0.0038401065536233757
0.0016739101838422917
0.0
0.0
0.0
0.0
0.0
0.0
0.0
0.0
0.0
0.0
0.0
0.052783497502609265
0.0
0.0007419732844454562
0.0002309155490334674
0.00039486283425394474
0.0003186922975458271
0.00035144853872984136
0.0005138200823068281
0.0005328850848012383
0.0009019206084582454
0.009327857494195922
0.00390842248714785
0.0013751784659540814
0.0030157565481679365
0.0014302946562015377
0.0
0.0
0.0
0.0
0.0
0.0
0.0
0.0
0.0
0.6479320019760525
0.05559357989298917
0.0007837057749460607
0.00034428975358063334
0.0004331070950331154
0.0002425382452671695
0.0003315827417728279
0.00040416346134908147
0.0004478600063588733
0.0008089245413842749
0.006077638969502506
0.0019566571956193108
0.003936240838768969
0.0016282825750066673
0.0
0.0
0.0
0.0
0.0
0.0
0.0
0.0
0.0
0.0
0.45657551232961585
0.0
0.000889315458279368
0.00010990631894234275
0.00023765302638249338
0.0002850670732353251
0.00039755299526431217
0.00032117629711201094
0.00030472631048632384
0.000439388801703613
0.017317989334660812
0.002875562613010539
0.0015002385843215535
0.0
0.0
0.0
0.0
0.0
0.0
0.0
0.0
0.0
0.0
0.0
0.2896798892611484
0.0031919339957723206
0.000882042638060941
3.0066968520873764e-05
0.0001651088885665375
0.00022050179178256658
0.0003268938287273697
0.0006945172069967569
0.0006907966473539887
0.0013054888598938647
0.007720775167168936
0.0037181453785668545
0.003342996907710648
0.0023867608281249314
0.0
0.0
0.0
0.0
0.0
0.0
0.0
0.0
0.0
0.0
0.0
0.0
0.0
0.0
0.0
0.0
0.0001261494227836585
0.00013667927670754952
0.000636384704628965
0.00022213576503525995
4.674772635725321e-05
0.0
0.0
0.0
0.0
0.0
0.0
0.0
0.0
0.0
0.0
0.0
0.0
0.0
0.0
0.0
0.0
0.0
0.0
0.0
0.0
6.589859829364858e-05
0.0
0.0
0.0
0.0
0.0
0.0
0.0
0.0
0.0
0.0
0.0
0.0
0.0
0.0
0.0
0.0
0.9021150281532114
0.884295200230374
0.07505103041897097
0.0007368964324495681
0.0
0.0001635261343952711
0.00018822506114902113
0.0001910145312164199
0.00044616127781872174
0.0009957370497341946
0.008933430620010443
0.004149822505837409
0.001519446169993654
0.0
0.001899119530677154
0.0
0.0
0.0
0.0
0.0
0.0
0.0
0.0
0.0
0.8310812441732447
0.8116910108387061
0.04753012618471602
0.0
0.0
7.933169039919998e-05
0.00014034196379167854
0.0002819421554287388
0.00037087010911115433
0.003276078410493023
0.00995637109961874
0.003408935870104076
0.0006613286299631545
0.0
0.015788720061542184
0.0
0.0
0.0
0.0
0.0
0.0
0.0
0.0
0.0
0.9220184971399445
0.7749475692491251
0.11635271055243296
0.0
0.0
9.841885833165756e-05
0.00017750235007826768
0.00033226089606172717
0.0005846431731303638
0.002848989191045599
0.011963324607224823
0.0008596803432512592
0.0
0.0
0.0
0.0
0.0
0.0
0.0
0.0
0.0
0.0
0.0
0.0
0.6615641770868382
0.005440233184177284
0.0007765313819617341
0.0
0.0
3.0741693990659925e-05
0.00027381226474344804
0.00041491003588916284
0.0003529941548071547
0.0008713348021877525
0.009081945761795066
0.0012833715142696466
0.0
0.0
0.0
0.0
0.0
0.0
0.0
0.0
0.0
0.0
0.0
0.0
0.3292428725301296
0.0
0.0007277752805857073
0.0
0.0
0.00018010958282515665
0.00029427481525419924
0.00037876410139872147
0.00022283196479200906
0.0004793935084581404
0.008542818333868761
0.003515977207263537
0.0006388305969143853
0.0
0.0019938919272888865
0.0
0.0
0.0
0.0
0.0
0.0
0.0
0.0
0.0
0.0
0.0
0.0
0.0
0.0
0.0
0.0
1.5887841523349646e-05
0.00045154319588781817
0.0002675375066631998
0.00030211201576834073
0.00024389955765600655
0.0
0.0
0.0
0.0
0.0
0.0
0.0
0.0
0.0
0.0
0.0
0.0
0.0
0.0
0.0
0.0
0.0
0.0
0.0
0.0
0.0
0.00010630252668757275
0.0003052213703879984
0.0
0.0
0.0
0.0
0.0
0.0
0.0
0.0
0.0
0.0
0.0
0.0
0.0
0.0
0.0
0.0
0.0
0.0
0.0
0.0
0.0
0.0
6.693058181611587e-05
0.00027385418397168725
0.00014383894253572398
0.0
0.0
0.0
0.0
0.0
0.0
0.0
0.0
0.0
0.0
0.0
0.0
0.5476250908103281
0.03813351158243741
0.0006240682460304351
0.0
0.0
0.0
4.236960954254796e-05
5.0122477758726175e-05
0.0002908738994585352
0.000923105662059761
0.008866283118590654
0.0006177851806002213
0.0
0.0
0.0
0.0
0.0
0.0
0.0
0.0
0.0
0.0
0.0
0.0
0.8558550045696699
0.4822146098639124
0.0006073046920354755
0.000373565905600522
0.0
0.00018175164047742813
0.00023011253099262333
0.0003673349945768578
0.0005127542129721585
0.001113438717397946
0.020077011732217785
0.0024920440336852214
0.0005514125355169536
0.0
0.0
0.0
0.0
0.0
0.0
0.0
0.0
0.0
0.0
0.0
0.7993279713720671
0.5643736666704109
0.0005967137855097106
0.0
0.0
0.0
0.00010985160280123578
0.0002703734659604207
0.0005230454609154481
0.0009527593334156691
0.017630574280991844
0.001789147072157718
0.0
0.0
0.0
0.0
0.0
0.0
0.0
0.0
0.0
0.0
0.0
0.0
0.005389634324350167
0.0
0.0
0.0
0.0
2.4708461723566056e-05
0.0001441136628353328
0.0002284861974295866
0.00020561392113477853
0.0005417862494303344
0.011135065698707257
0.0033068170327396488
0.0
0.0
0.0
0.0
0.0
0.0
0.0
0.0
0.0
0.0
0.0
0.0
0.0
0.0
0.0
0.0
0.0
0.0
0.0
0.0
0.0
0.0
0.0
0.0
0.0
0.0
0.0
0.0
0.0
0.0
0.0
0.0
0.0
0.0
0.0
0.0
0.0
0.0
0.0
0.0
0.0
0.0
0.0
0.0
0.0
0.0
0.0
0.0
0.0
0.0
0.0
0.0
0.0
0.0
0.0
0.0
0.0
0.0
0.0
0.0
0.9936203505076463
0.9752020346647138
0.7184792168976991
0.35364491113549384
0.09298500423855366
0.0010149614838959925
0.0
0.0007424857177501884
0.0
0.002538897235100727
0.004372539944250222
0.0
0.24161073265644273
0.6005124325365894
0.7492659954438758
0.0
0.0
0.0
0.0
0.0
0.0
0.0
0.0
0.0
0.9878817465367679
0.9654649336535365
0.5996318912207447
0.16179739958739617
0.0003316136279198863
0.00010868818107275979
0.00011702487398376409
0.0017762562808524486
0.0004936681590237683
0.003016917788386172
0.0077290973371126875
0.0012455582774791195
0.000433262212175183
0.014926808373983101
0.38061893570421035
0.0
0.0
0.0
0.0
0.0
0.0
0.0
0.0
0.0
0.9579735869117373
0.9320165316687083
0.3771826219824556
0.027487180051270113
0.0007440099485102015
0.00022156668013636734
0.0002066133196865552
0.00035347698499145806
0.0003047436661953529
0.0007447180400486004
0.008090565201139916
0.0014407789383007986
0.002147071174313899
0.007828387347771748
0.03688886195028744
0.0
0.0
0.0
0.0
0.0
0.0
0.0
0.0
0.0
0.9317255928825757
0.8734458886594207
0.308000767771834
0.08232900421447359
0.0007511340814200956
0.0
9.615361922970191e-05
0.00032461749571706546
0.0003000361995947841
0.003254435095997722
0.00602641807850812
0.0
0.0
0.0
0.0
0.0
0.0
0.0
0.0
0.0
0.0
0.0
0.0
0.0
0.9370361946691911
0.827022887804331
0.24066437371071203
0.037209956637131364
0.0
0.0001549315878764506
0.00015508619591840696
0.0015437779480735937
0.0003950521162269564
0.0028644398161924273
0.0054990958891865125
0.0
0.0
0.003086785088198106
0.004994865045247926
0.0
0.0
0.0
0.0
0.0
0.0
0.0
0.0
0.0
0.0
0.0
0.0
0.0
0.0
0.0
0.0
0.0
0.0
0.00013782894661295298
0.00020651831639507514
0.0
0.0
0.0
0.0
0.0
0.0
0.0
0.0
0.0
0.0
0.0
0.0
0.0
0.0
0.0
0.0
0.0
0.0
0.0
0.0
0.0
0.0
0.0
0.0
0.0
0.0
0.0
0.0
0.0
0.0
0.0
0.0
0.0
0.0
0.0
0.0
0.0
0.37901007632784456
0.0
0.0007399000630865393
0.0
0.0
0.0
0.0
0.0002716766780438786
0.00044808145129396695
0.0035681720861004203
0.006213866686716944
0.0
0.0
0.006820379728863883
0.0033919550695196985
0.0
0.0
0.0
0.0
0.0
0.0
0.0
0.0
0.0
0.8176571336470563
0.45826459718641843
0.011400542510608739
0.0003567920106286545
0.0
5.609066724443615e-05
0.00016534897797528935
0.00023050104178245535
0.00031820240468600927
0.0027944762755096235
0.011707443991836212
0.0
0.0
0.0
0.006427878375996619
0.0
0.0
0.0
0.0
0.0
0.0
0.0
0.0
0.0
0.689180507669589
0.0007945609966072479
0.0
0.0
0.0
0.0
0.0
0.0007725039302635058
0.00037668580515652796
0.0025742774392889514
0.007273966136868528
0.0
0.0
0.0
0.004282538832082117
0.0
0.0
0.0
0.0
0.0
0.0
0.0
0.0
0.0
0.8705378933836966
0.8783106711343055
0.21567899892983508
0.02951159846975989
3.6142462042701564e-05
0.00020874630916857523
0.00030332623074091447
0.001314619517517215
0.0006270374091897626
0.004207353029133377
0.0083117468507467
0.0012882976780385139
0.006486504412627366
0.0
0.048311073951972566
0.0
0.0
0.0
0.0
0.0
0.0
0.0
0.0
0.0
0.927874279375554
0.7525549759380517
0.10869363270861
0.0
0.0006198557129095252
0.0
0.0
8.910257056958858e-05
0.00028394897874917585
0.0028125105074362283
0.00794356582243021
0.0
0.0
0.0
0.0
0.0
0.0
0.0
0.0
0.0
0.0
0.0
0.0
0.0
0.0
0.0
0.0
0.0
0.0
0.0
0.0
0.0
0.0
0.0
0.0
0.0
0.0
0.0
0.0
0.0
0.0
0.0
0.0
0.0
0.0
0.0
0.0
0.0
0.0
0.0
0.0
0.0
0.0
0.0
0.0
0.0
0.0
9.379300926329232e-05
0.00017825151765916302
5.6053225505407005e-05
0.0
0.0
0.0
0.0
0.0
0.0
0.0
0.0
0.0
0.0
0.0
0.0
0.0044456958928017175
0.0
0.0
0.0
0.0
0.0
0.0
0.0
0.0
0.0
0.0063796638123829194
0.0
0.0
0.0
0.0
0.0
0.0
0.0
0.0
0.0
0.0
0.0
0.0
0.0
0.0
0.0
0.0
0.0
0.0
0.0
0.0
0.0
0.0
0.005482057992264537
0.012261646922940846
0.0
0.0
0.0
0.0
0.0
0.0
0.0
0.0
0.0
0.0
0.0
0.0
0.0
0.9513862816367272
0.9247101854154612
0.518909933871903
0.21262454095831412
0.0006805768325112583
0.0
0.00011799956047142328
0.0015533980786987503
0.0002979387387438939
0.0032471186189881934
0.008868650875938432
0.0
0.0
0.0
0.0078025612414916075
0.0
0.0
0.0
0.0
0.0
0.0
0.0
0.0
0.0
0.8449811673337095
0.8141834898450757
0.10839976743447581
0.006861890158015321
0.0
0.00030871527323067755
0.0
0.0015368916826440434
0.0003827436452492253
0.002603913656843488
0.009100596036732389
0.0
0.0
0.0
0.0
0.0
0.0
0.0
0.0
0.0
0.0
0.0
0.0
0.0
0.450483313520277
0.0
0.0006215334488486779
0.0
0.0
7.796626545077686e-05
0.0003217933036674344
0.0003371370685961274
0.0002510290705301151
0.0029546645204932926
0.007645511393823162
0.0
0.0
0.0
0.0
0.0
0.0
0.0
0.0
0.0
0.0
0.0
0.0
0.0
0.0
0.0
0.0
0.0
0.0
0.0
0.0
0.0
0.0
0.0
0.0
0.0
0.0
0.0
0.0
0.0
0.0
0.0
0.0
0.0
0.0
0.0
0.0
0.0
0.0
0.0
0.0
0.0
0.0
0.0
0.0
0.0
0.0
0.0
0.0
0.0
0.0
0.0
0.0
0.0
0.0
0.0
0.0
0.0
0.0
0.0
0.0
0.493681934344927
0.39930153942986696
0.9952303200145517
0.9696242362341317
0.6312276778389576
0.37307221762504517
0.14451133575472663
0.0
0.0
0.0008456492336070982
0.0
0.0028734603452570447
0.019208213821208565
0.3209792901632279
0.492232444324857
0.6055154006104952
0.7294441116248709
0.0
0.0
0.0
0.0
0.0
0.0
0.0
0.0
0.0
0.9559444598018936
0.8289552457134461
0.31996580296961447
0.1399964377440433
0.0
0.0009659863106576971
0.00012119642306137772
0.001139522208287452
0.00044614601679216924
0.0035644880069207506
0.009711453630679177
0.004529198361677298
0.14762144171282443
0.4954053738055208
0.6669335228066227
0.0
0.0
0.0
0.0
0.0
0.0
0.0
0.0
0.0
0.9653494688824349
0.9421346249952708
0.6774558861052676
0.5843975512189401
0.5063637926838894
0.31173856487462515
0.15015864201469095
0.3935317055502954
0.4435380836905366
0.6776823035371908
0.8460055322403532
0.8642854980188024
0.8171359520298048
0.8216162990591678
0.8897038936008974
0.0
0.0
0.0
0.0
0.0
0.0
0.0
0.0
0.0
0.9760504575973683
0.9528193283201772
0.696279577755621
0.5660460636945248
0.43533952549503646
0.15393691369451812
0.04818613260799264
0.31161730796561565
0.2789995971789187
0.4274323215009074
0.8272428336500541
0.787384582713875
0.8949121934322547
0.9157723918073788
0.9558203417848743
0.0
0.0
0.0
0.0
0.0
0.0
0.0
0.0
0.0
0.9948126314450326
0.9776447041955865
0.6838544162120666
0.3610955060899069
0.12118575851936576
0.0
0.0
0.0007740111491752313
0.0
0.0008765118097794028
0.008451636866963165
0.47603641283315157
0.7578751338109142
0.8151311998297174
0.8858549400566514
0.0
0.0
0.0
0.0
0.0
0.0
0.0
0.0
0.0
0.0
0.0
0.0
0.0
0.0
0.0
0.0
0.0
0.0
0.0
0.0
0.0
0.0
0.0
0.0
0.0
0.0
0.0
0.0
0.0
0.0
0.0
0.0
0.0
0.0
0.0
0.0
0.0
0.0
0.0
0.0
0.0
0.0
0.0
0.0
0.0
0.0
0.0
0.0
0.0
0.0
0.0
0.0
0.0
0.0
0.0
0.0
0.0
0.9781115007548659
0.9748396330978355
0.45179891481356454
0.10078309999316204
0.0
0.000131166618185232
0.00023456796982927202
0.0007711901902640852
0.00011347743738533144
0.002289961596846383
0.00824872246207908
0.0
0.12434298714910534
0.18987339815466173
0.5869427301762531
0.0
0.0
0.0
0.0
0.0
0.0
0.0
0.0
0.0
0.9898676410398436
0.9545641993998932
0.4657586579232294
0.12418697301701695
0.0
0.0004544392871990948
0.00016577844796646852
0.0010418828589276367
0.00044426409358076286
0.0027554525325472635
0.008982054723712465
0.0
0.04171965297520943
0.2535015648250707
0.30509628136070116
0.0
0.0
0.0
0.0
0.0
0.0
0.0
0.0
0.0
0.9569705297873697
0.9480969353384804
0.2804113112124293
0.016773257367592765
0.0005838824299898953
0.0
0.0
0.0009298472315940843
0.0003114557154002516
0.0029010587173079433
0.009119430635398293
0.0
0.0053722989026391684
0.003239611098303381
0.0032826328486060432
0.0
0.0
0.0
0.0
0.0
0.0
0.0
0.0
0.0
0.6743863563222814
0.21523015008785937
0.0005946975646271013
0.0
0.0
0.0
5.9343687798554247e-05
0.001865188791166182
0.00014380812390373855
0.00266030911468418
0.01679906321821167
0.0
0.006523985651762901
0.016219380866943307
0.08955769094656184
0.0
0.0
0.0
0.0
0.0
0.0
0.0
0.0
0.0
0.9514427551287971
0.7740927064304631
0.12807239667275608
0.08100226263418125
0.0
1.8814358157120918e-05
9.359554956294593e-05
0.0010379843673083964
0.0003525332282676723
0.002796510173191939
0.009199439895527888
0.010515623691128717
0.058068279063829546
0.0030173066718349175
0.13525823109111706
0.0
0.0
0.0
0.0
0.0
0.0
0.0
0.0
0.0
0.0
0.0
0.0
0.0
0.0
0.0
0.0
0.0
0.0
0.0
0.0
0.0
0.0
0.0
0.0
0.0
0.0
0.0
0.0
0.0
0.0
0.0
0.0
0.0
0.0
0.0
0.0
0.0
0.0
0.0
0.0
0.0
0.0
0.0
0.0
0.0
0.0
0.0
0.0
0.0
0.0
0.0
0.0
0.0
0.0
0.0
0.0
0.0
0.45168267891528124
0.0
0.0008610485157269261
0.0
0.0
9.440250205803356e-05
0.00014235917285411196
0.00018612049934279548
0.0002573399979852425
0.002786937028441265
0.008425249566700531
0.0
0.0
0.0
0.0
0.0
0.0
0.0
0.0
0.0
0.0
0.0
0.0
0.0
0.7344125200645142
0.150321029602278
0.0007372066005844425
0.0
3.9616563388053645e-05
0.0001924942400717235
0.00019357400138885102
0.00042223029205156414
0.0005156275849184955
0.0028376873036018344
0.015298156957683096
0.0
0.0
0.0
0.0
0.0
0.0
0.0
0.0
0.0
0.0
0.0
0.0
0.0
0.2972776349584874
0.0
0.0007003636207051708
0.0
0.0
0.0
0.0
0.0
0.0017015566328831373
0.003960608700268557
0.019306951662367743
0.013463296640860063
0.010328729610891334
0.0
0.0
0.0
0.0
0.0
0.0
0.0
0.0
0.0
0.0
0.0
0.0
0.0
0.0
0.0
0.0
0.0
0.0
0.0
0.0
0.0
0.0
0.0
0.0
0.0
0.0
0.0
0.0
0.0
0.0
0.0
0.0
0.0
0.0
0.0
0.9947469032803538
0.9725234907950845
0.5760384511581702
0.21582719960809285
0.007129850510763448
0.0
0.0
0.0014600886490270632
0.0
0.002076946140624939
0.008064562970674989
0.012407222060322425
0.003546682242044255
0.0
0.0
0.0
0.0
0.0
0.0
0.0
0.0
0.0
0.0
0.0
0.0
0.0
0.0
0.0
0.0
0.0
0.0
0.0
0.0
0.0
0.0
0.0
0.0
0.0
0.0
0.0
0.0
0.0
0.0
0.0
0.0
0.0
0.0
0.0
0.0
0.0
0.0
0.0
0.0
0.0
0.0
0.0
0.0
0.0
0.0
0.0
0.0
0.0
0.0
0.0
0.0
0.0
0.0
0.0
0.0
0.0
0.0
0.0
0.0
0.0
0.0004125838950382793
0.0
0.0
0.0
0.0
0.0
0.0
0.0023529144755849
0.007700698935287267
0.0
0.0
0.0
0.0
0.0
0.0
0.0
0.0
0.0
0.0
0.0
0.0
0.0
0.7688787584900251
0.8434789606799453
0.30469419968651623
0.28149222141572466
0.15449931986954085
0.0
0.0
0.0006233022967150196
0.0
0.0026880784182123025
0.1080591353350388
0.559411301260596
0.7032342534759888
0.6827112904839652
0.7243733563424726
0.0
0.0
0.0
0.0
0.0
0.0
0.0
0.0
0.0
0.9867378466171078
0.9603727683708816
0.7007532296117222
0.510347531554718
0.31775477678575076
0.002919333112604896
0.0
0.02143268125598583
0.021486487256244358
0.22613492059609178
0.5962912230577473
0.780690928022812
0.8123422880038405
0.9109057214610515
0.9460919314204932
0.0
0.0
0.0
0.0
0.0
0.0
0.4000080822387492
0.32348391531689413
0.6552964845265898
0.9902730093888333
0.9842527433366233
0.8724694208848276
0.6822391137585805
0.4270038174953408
0.09420796737715659
0.01629383586694532
0.20696703548472958
0.1782623402184462
0.3617981882425142
0.6970089173716537
0.7658021086520456
0.740382495180764
0.8041066820751847
0.8452503129245259
0.0
0.0
0.0
0.0
0.0
0.0
0.0
0.0
0.0
0.9674437204703495
0.9339090812920893
0.47767784486434417
0.1901143345137887
0.008149710698496366
0.0008069331891960386
0.0
0.001441999625860719
0.00014208480872738384
0.0026035640351044055
0.008356137843704866
0.002804076576381572
0.0031627052335871674
0.0034007545817225466
0.0
0.0
0.0
0.0
0.0
0.0
0.0
0.0
0.0
0.0
0.0
0.0
0.0
0.0
0.0
0.0
0.0
0.0
0.0
0.0
0.0
0.0
0.0
0.0
0.0
0.0
0.0
0.0
0.0
0.0
0.0
0.0
0.0
0.0
0.0
0.0
0.0
0.0
0.0
0.0
0.0
0.0
0.0
0.0
0.0
0.0
0.0
0.0
0.0
0.0
0.0
0.0
0.0
0.33780626196305175
0.6361614803665111
0.5399061864142184
0.8729078947305147
0.9151188449097551
0.9960445137441598
0.9871029849033712
0.9152955292803262
0.8840546779266268
0.8215223382429124
0.7249310301772105
0.5975776606524063
0.5981502520616356
0.5568544181458454
0.6804079269001799
0.9230422214638219
0.9660261591568164
0.9569779373718468
0.9581687968837609
0.9632193339875752
0.0
0.0
0.09484289152657227
0.20473625025531167
0.3120196967895959
0.34242754036912554
0.8665294759925374
0.8204975018618544
0.9202372556224294
0.990714801201944
0.9849120934939489
0.8027765238456624
0.47684987342362467
0.19006528783433255
0.0007841169625184946
0.0
0.001628478257660939
0.0
0.0020489294892279872
0.018400945055284335
0.36808068414953615
0.623060790367057
0.6067695837802014
0.6542707075877293
0.0
0.0
0.0
0.0
0.0
0.0
0.0
0.0
0.0
0.8240886807848328
0.343336851963013
0.0007758533248895226
0.0
0.0
0.0
0.0
0.0008728868171578948
0.0
0.002159326667109479
0.007134552304749936
0.0
0.0
0.1486222056091485
0.5064032724137805
0.0
0.0
0.0
0.0
0.0
0.0
0.0
0.0
0.0
0.9673394210717382
0.9026516363865197
0.5035275671414849
0.4634556075310201
0.4044366896788763
0.27822034246986954
0.29719635100774405
0.5435722466514684
0.6158084829819437
0.7422348643261818
0.9622667373509461
0.9486147253002416
0.9299245703177603
0.937596960784908
0.9418856403372579
0.0
0.0
0.0
0.0
0.0
0.4602023093622577
0.35493202888963093
0.6950016824209947
0.7952003093813851
0.9954690941944644
0.9866333745216999
0.9147738792277376
0.8896814408393396
0.8564369900150759
0.8131777764241475
0.798629831302147
0.8497138259771975
0.8839942680118107
0.9295862444573811
0.9898271116728311
0.9819254159385572
0.9759152512294086
0.977068581693887
0.9759636027923239
0.0
0.3387088963391922
0.4417793464634448
0.8087970527173435
0.924883886184127
0.8645105042571983
0.943498412723268
0.9611372614005754
0.9222320242743636
0.9647674701770677
0.9231131154137168
0.8425596484400177
0.7135399976182123
0.535446817872526
0.515731121060002
0.0
0.0
0.0
0.0
0.0
0.0
0.0
0.49546484132740976
0.829758566314519
0.9508794320755047
0.959064545499894
0.9541740685476806
0.9743555477883244
0.9733964023860422
0.967741068798379
0.9792501033194637
0.9773925578027067
0.9721252122555222
0.9824802208139679
0.9694994066414124
0.9320017518086623
0.8698165838495615
0.5169766934534386
0.48809158777322287
0.0
0.0
0.0
0.0
0.0
0.0
0.0
0.0
0.28109301464907704
0.8016001064430852
0.9216784315637374
0.8540406210291873
0.9203650123933851
0.9032328027113904
0.9522360018482556
0.9270045126292771
0.9692018740700725
0.928196766434951
0.9963915188809498
0.9869001096987653
0.9057211726867329
0.853648810118454
0.7479158801675361
0.682835991510214
0.6259587670773801
0.6564494017468159
0.6070824613942214
0.6977522358772101
0.932167666090718
0.9733930786482006
0.9734119903260958
0.9642118138000375
0.9681952607916745
0.0
0.16791963222852674
0.24544715880869342
0.7950156386917735
0.9012239997522261
0.8726745790584194
0.9490756871259183
0.909904279806248
0.9587750883316045
0.9930019276666289
0.9880775516083844
0.9158434587961372
0.8033622065740418
0.5640393403093715
0.2817018232016464
0.20053302350135718
0.36227382416635384
0.3553101316803235
0.5180387851322192
0.7881247598681408
0.8783110614432456
0.888815172925808
0.905564680536604
0.9191833548916855
0.0
0.0
0.0
0.0
0.0
0.0
0.0
0.0
0.0
0.9911115523541176
0.9696527564217333
0.7782964799168981
0.6336580463082584
0.41519304637788856
0.1752763064303048
0.08559223189518143
0.3073290197126787
0.33905513624718026
0.5918136107377505
0.820642192457296
0.8365831455399628
0.7728124815196622
0.775447947245256
0.7928464685814528
0.0
0.0
0.0
0.0
0.0
0.0
0.0
0.0
0.0
0.9869395589552878
0.9611992261487738
0.7742715887981654
0.7324447356793189
0.6805012112597355
0.6129764050001737
0.5481034979475523
0.6348485968010674
0.7676013660549673
0.8915869577632023
0.9640118889591254
0.9691083850024772
0.9564728033591744
0.9564027529643024
0.9571118871654165
0.0
0.0
0.0
0.0
0.0
0.0
0.0
0.0
0.0
0.9807419425281375
0.9712690247708267
0.8155481057066677
0.7391008395629113
0.6357044382810612
0.4604501056671966
0.288169405348819
0.4357273547596143
0.4445409937072425
0.6421813129817299
0.8014735899228652
0.8160973264308782
0.760243026385229
0.7542293216879302
0.740436934539975
0.0
0.0
0.0
0.0
0.0
0.0
0.0
0.0
0.0
0.0
0.0
0.0
0.0
0.0
0.0
0.0
0.0
0.0
0.0
0.0
0.0
0.0
0.0
0.0
0.0
0.0
0.0
0.0
0.0
0.0
0.0
0.0
0.0
0.0
0.0
0.0
0.0
0.0
0.0
0.0
0.0
0.0
0.0
0.0
0.0
0.0
0.0
0.0
0.0
0.0
0.0
0.0
0.0
0.0
0.0
0.10450018287639999
0.27315208434317345
0.9934343898039301
0.9758029629500685
0.7154281763834549
0.37929551861958294
0.05706157966036573
0.0015924340419799215
0.0
0.001417660393462796
0.0
0.0020627697771801413
0.007263105221252651
0.004352496998508712
0.003299020771730609
0.0
0.0
0.0
0.0
0.0
0.0
0.0
0.0
0.0
0.0
0.0
0.7432905577039927
0.26563083063876025
0.0005818196937603498
0.0
0.0
0.0
0.0
0.0008306063761614626
0.00032532406870661905
0.0025487352764090605
0.00889223191141765
0.0
0.0
0.0
0.004065518765397276
0.0
0.0
0.0
0.0
0.0
0.0
0.0
0.0
0.0
0.287017284770259
0.024942586428434024
0.0005452656600861078
0.0
0.0
0.0
0.0
0.0007955041385586175
0.0009261317052810692
0.002320840964742321
0.008144755307570186
0.0
0.0037714977923900637
0.0
0.0
0.0
0.0
0.0
0.0
0.0
0.0
0.0
0.0
0.0
0.9821577653051334
0.9777842088152924
0.8120348956089494
0.6068248568413085
0.42787016304885084
0.08216971379418768
0.01985662035809553
0.2586417368762063
0.25830013501752375
0.49500155815325025
0.8036552846296237
0.9508814335584024
0.959413836871614
0.9528020764720319
0.9570586175130928
0.0
0.0
0.0
0.31355156415269475
0.2844313420046296
0.8534499827253939
0.845610835587875
0.9285365329714147
0.860070584128823
0.995736128643244
0.9874864923178857
0.9011490165784016
0.7067999713095879
0.4192094439103872
0.11899786249716886
0.023531664038430457
0.13595553617735529
0.12867116175987775
0.3409562935441022
0.7178728057983159
0.7933546341501907
0.8578283826490534
0.9164463734733436
0.9357703830539307
0.0
0.0
0.0
0.0
0.0
0.0
0.0
0.0
0.0
0.4112449178089997
0.10559392485080478
0.0
0.0
0.0
0.0
0.0
0.0
0.0
0.0
0.0
0.0
0.0
0.0
0.0
0.0
0.0
0.0
0.0
0.0
0.0
0.0
0.0
0.0
0.0
0.0
0.0
0.0
0.0
0.0
0.0
0.0
0.0
0.0
0.0
0.0
0.0
0.0
0.0
0.0
0.3043428075155506
0.2518295710917968
0.8507469837077302
0.8938957917433473
0.8585161378265531
0.9415394505460565
0.8923297361688257
0.9491639190395924
0.9651738375655523
0.8475607582123834
0.6428039520390669
0.27207568772765983
0.0
0.0
0.0
0.0
0.0
0.0
0.0
0.0
0.0
0.0
0.0
0.0
0.0
0.0
0.0
0.0
0.0
0.0
0.0
0.0
0.9818297977628074
0.9571836949874174
0.5558439096323998
0.3524993666417996
0.06274350342416327
0.001029015255166333
0.0
0.0007846751101161603
0.0008486214599820985
0.003930392590051885
0.03836951636508894
0.25651901404210276
0.5482670061526314
0.5721568591088072
0.6354941691501504
0.0
0.0
0.0
0.0
0.0
0.0
0.0
0.0
0.0
0.9803507230783449
0.9712796795368972
0.8044509963595203
0.6837388422307324
0.5125353739079475
0.308089487686306
0.1973552734796954
0.3270501470907635
0.31630405584469745
0.4250338766707589
0.7619219658098255
0.8126259196709532
0.8020832962597132
0.9035978229940068
0.9487385902561409
0.0
0.0
0.0
0.0
0.0
0.0
0.2980969129161246
0.6104169458265667
0.49543516249133807
0.9950159039304305
0.9836985148385936
0.8397605657318679
0.6436523456625564
0.4441357696890917
0.12702224713351862
0.005445245435356974
0.0037385632366945315
0.006944258534677762
0.2221177286028354
0.621752393211316
0.7018853733307026
0.6628149205837724
0.6815442504123894
0.72841337877449
0.0
0.0
0.0
0.0
0.0
0.0
0.0
0.0
0.0
0.9317922364641315
0.8646885189769092
0.3093004386418102
0.16792599856682708
0.06253148020387647
0.005358494292508601
0.0036361061188410265
0.004683630408183575
0.0027097168457859114
0.0028433400414051868
0.00677982027069195
0.2456167162752919
0.28410212690114295
0.17214357228781682
0.07950062577738039
0.0
0.0
0.0
0.0
0.0
0.0
0.0
0.0
0.0
0.0
0.0
0.0
0.0
0.0
0.0
0.0
0.0
0.0
0.0
0.0
0.0
0.0
0.0
0.0
0.0
0.0
0.0
0.0
0.0
0.0
0.0
0.0
0.0
0.0
0.0
0.0
0.0
0.0
0.0
0.0
0.0
0.0
0.0
0.0
0.0
0.5896757505140293
0.47209994508538317
0.5690236401128926
0.9120347987530235
0.8933897704564956
0.9432333625885471
