0.0
0.0
0.0
0.0
3.0433183266923123e-05
5.93358547062317e-05
7.745517109623802e-05
0.00011985989105583162
0.0019952928928639382
0.001374844167083936
0.0010302810444362436
0.000822751473687612
0.0005415842935320963
0.00042314694295200733
0.00032918714701864383
0.00023962919014898962
0.0001911694232235149
0.0006242619279685048
0.0007150840745617032
0.0
0.0
0.0
0.0
0.0
0.0
0.0
0.0
0.0
0.0
0.0
0.000762031712129398
0.00025102650440036116
6.363990540911905e-05
1.2501067410666428e-05
0.0
0.0
0.0
0.0
0.0
0.0
0.0
0.0
0.0
0.0
0.0
0.0
0.0
0.0
0.0
0.0
0.0
0.0
0.0
0.0
0.0
0.0
0.0
0.0
0.0
0.0
0.0
0.0
0.0
0.0
0.0
0.0
0.0
0.0
0.0
0.0
0.0
0.0
0.0
0.0
0.0
0.0
0.0
0.0
0.001266851558118618
0.0010684532735960879
0.0007019435108789366
0.00019221464874062414
5.220848997931384e-05
2.6289492136979266e-05
4.902233724716893e-06
0.0
0.0
0.0
0.0
0.0
2.656014411217846e-05
0.00013170633586465487
0.0003838280256337866
0.0
0.0
0.0
0.0
0.0
3.0222192639464408e-05
7.457344370617378e-05
9.51369892943727e-05
6.772425154172319e-05
0.002224370115771844
0.0015140066451689914
0.0009004821108847122
0.00019400804265415342
5.992509896719245e-05
1.4465896854103923e-05
0.0
0.0
0.0
0.0
0.0
0.0
0.0
0.0
0.0
0.0
0.0
0.0
0.0
0.0
0.0
0.0
0.0
0.0
0.0004947920453050634
0.00016148175120055182
2.8169408859074913e-05
0.0
0.0
0.0
0.0
0.0
0.0
0.0
0.0
0.0
0.0
0.0
0.0
0.0
0.0
0.0
0.0
0.0
0.0
0.0
0.0
0.0
0.0
0.0
0.0012078071785945992
0.0010631850649341307
0.0009887263221293081
0.0009562169271028586
0.0008341081247627273
0.000797875131410391
0.000737865518286261
0.0007212134147682353
0.0007289446457689422
0.0014379220129875647
0.001621601094763174
0.0
0.0
0.0
6.053623903640526e-06
3.0043433510937038e-05
4.873742370511241e-05
0.00011192461980557756
0.0001509162563639554
0.0001263575515733666
0.0002179154531217709
0.0002304121652021601
0.0026123090137279694
0.0020113597387866507
0.0016789073806945097
0.001275445222622851
0.0009778258513138364
0.0006584539933039572
0.0005017262164588759
0.0003183046933553662
0.00017291876196903072
0.00011382963348768775
0.00012089245792407627
0.00028787126841780505
0.0006450136409615846
0.000843044048669166
0.0010540492234831001
0.0
6.656285743728004e-05
0.00013217180951686654
0.0001770919470308955
0.00026528785265241824
0.000314741148224374
0.0004826671466239566
0.0005937702262140028
0.0005113540133245166
0.003109702471444073
0.0024094067837830448
0.001824609515771924
0.001005880425610681
0.0005512937808930674
0.0002052014969947143
0.00011102986342534677
7.292651258067002e-05
4.8337261593051076e-05
2.8817115084647275e-05
2.510004815788477e-05
6.138587006475693e-05
0.00016133824254631977
0.00045239407488927464
0.0006596268194960515
0.0
0.0
0.0
3.0104913825020522e-05
4.414352701387218e-05
0.00012333647467876481
0.00016699415997763252
0.0001700777179156301
0.0003453294539067554
0.002594311663810701
0.001835167793677156
0.0014883319025011247
0.0010801397032003234
0.0008370401241384049
0.0006007897866571255
0.00048078431779882794
0.0003651017563388037
0.00029361021487708
0.0002548329051762109
0.00033122278970075986
0.0005585620532791543
0.0008996905600651108
0.0012680528562933238
0.0015615510512906154
5.442489960654882e-05
0.00028494767339989804
0.0005529982603805696
0.0006862533831352235
0.0008637325714385801
0.0010890303610650287
0.0010561126109951942
0.0011834733378858322
0.0014389483683694383
0.003881744636396938
0.0036204709473054934
0.003169878908034498
0.0026346104604786248
0.002375173216022888
0.002025775112292897
0.0017854915930809849
0.0015997350724832986
0.0014381393757313928
0.0012487559693117728
0.001264092845928337
0.0013684255748321462
0.0014842767041087182
0.001579356514507437
0.0016425456286728016
5.923144382297173e-05
0.0002708424043143907
0.00029773778766273247
0.00035300535148767993
0.000515884091682701
0.0006100672127930253
0.0005999323743571703
0.0006844888776949207
0.0007447750196118944
0.0031448834943784416
0.0025396441033375575
0.0022199290405266582
0.0018216527459095821
0.0016773571685036726
0.001616148447031153
0.0015808248954704222
0.0014585346515546866
0.0012976731896014028
0.001145828001569082
0.0010927129451581822
0.0011013251749829043
0.0012326312822512036
0.0013359977781403636
0.0013634134451922387
4.0835811338898604e-05
0.0001751498397081352
0.00020064560153201333
0.0003209755201960939
0.00030236210263471223
0.00043539603640151614
0.0005716210638651905
0.0005238223633204656
0.0006648307259000025
0.0032195427386424677
0.0026196042510551166
0.002391805668948344
0.0020930550670119064
0.0019185991207338368
0.0017455951602229607
0.0017390019958151291
0.001824333717596132
0.001879767309902683
0.0018882959826497523
0.0018585127032604751
0.001929115109704505
0.0022114381812460048
0.0023659736586802167
0.002427074817526301
0.002566003656444395
0.00036433992468462567
0.0007832255542620519
0.0006787673139770121
0.0012116513101413525
0.0011764702511977544
0.0008761046523584784
0.0014421287709570592
0.0013794180367966175
0.001003484892861494
0.0015726971341762856
0.003788203145410833
0.0030562580529842416
0.002468475456417418
0.0020916952523276256
0.0015890895132949128
0.0012608174667183177
0.0010399293919121028
0.0008714130452817754
0.0008287934055082067
0.0016024113172669763
0.0018881455108594911
0.0
8.986197154829979e-05
0.00016554131921760692
0.0001716969228602527
0.00028120020189654164
0.00040007824112673116
0.000428529456234068
0.0005776706978631478
0.0007226669428993196
0.0006775021931789136
0.0007773281159632175
0.0008438354594982389
0.0006795409746645076
0.002853922800537783
0.001835480972305068
0.0010449147123917128
0.0005580767569060303
0.00019581058665716044
0.00012374955405132807
9.138703191448429e-05
7.196962783888081e-05
6.283582460843005e-05
0.0001456098818502613
0.00038136634912962404
0.0
0.0
0.0
0.0
0.0
0.0
5.008527039403997e-05
7.485861614534733e-05
8.325132965830645e-05
0.00018308215639932656
0.00021246005593323808
0.002606472015824974
0.0019736076796110042
0.0013910665719949957
0.0006113520951920632
0.00018955570452837647
8.13001629605506e-05
6.42277825955724e-05
5.307147210297612e-05
4.8930738600712554e-05
4.7260867704030384e-05
9.088524085597524e-05
0.0002721117297523954
0.0006704938174964677
0.0009390648639541244
0.0010888498958930523
0.0
4.4647437537370384e-05
0.00016086585587746926
0.0002107630619525528
0.00035839571284289155
0.0005107759539481839
0.0006152536259664759
0.0006777493565691839
0.0007629489693106777
0.00339950388888225
0.0027917622578191043
0.0023527683812016188
0.0018430175471706237
0.0016377976246331404
0.001371887478242039
0.001145089179234413
0.0010030974978952236
0.0009007151742314421
0.0008472901007799235
0.0008717959650976486
0.0009148579329526337
0.0010327766746211992
0.0011671545370291337
0.001202379207254355
0.0
5.535762903830676e-05
0.0001486461834490903
0.00014879915306861418
0.00012549399405035276
0.00015820404396261472
0.0001416435927855626
0.00011981293723303625
0.00015376079950930681
0.0021228129920470213
0.0014582674564313418
0.0011571685578934687
0.000649045454104411
0.00020061077054594827
6.858384861749835e-05
2.37321523362995e-05
2.777679419877308e-06
0.0
0.0
0.0
0.0
0.0
0.0
0.0
0.0
0.0
0.0
0.0
0.0
0.0
0.0
0.0
0.0
4.991291426785012e-05
5.506045778292595e-06
0.0
0.0
0.0
0.0
0.0
0.0
0.0
0.0
0.0
0.0
0.0
0.0
0.0
0.0
0.0
0.0
0.0
0.0
0.0
0.0
0.0
0.0
0.0
0.0
0.0
0.0
0.0
0.0
0.0
0.0
0.0
0.0
0.0
0.0
0.0
0.0
0.0
0.0
0.0
0.0
0.0
0.0
0.0
0.0
0.0
0.0
0.0
0.0
0.0
0.0
0.0
0.0
0.0
0.0
0.0
0.0
0.0
0.0
0.0
0.0
0.0
0.0
0.0
0.0
0.0
0.0
0.0
0.0
0.0
0.0
0.0
0.0
0.0
0.0
0.0
0.0
0.0
0.0
0.0
0.0
0.0
0.0
0.0
0.0
0.0
0.0
0.0
0.0
0.0
0.0
0.0
0.0
0.0
0.0
0.0001965863363251707
0.00013588445562792803
4.7767020915833646e-05
1.3431700848411982e-05
1.4335645045835264e-05
1.8615214557673027e-05
8.113836924450817e-06
0.0
0.0
0.0
0.0
0.0
3.0085843518258424e-05
0.000230845577127829
0.0004861341961559856
0.0
0.0
0.0
0.0
0.0
8.073963896133965e-05
0.00014266246315618192
0.00012812956129419292
0.0002339325148579413
0.002556625594296255
0.0018598578271214355
0.0012655981449395328
0.0005704987536517531
0.00023126081642211555
7.608528131989376e-05
4.0749241092207395e-05
9.413998865790485e-06
0.0
0.0
0.0
6.104962843935393e-06
3.346429583034705e-05
5.712386178205441e-05
7.072897103249133e-05
0.0
0.0
0.0
0.0
0.0
0.0
0.0
0.0
0.0
0.0014156064219314757
0.0008493421443861803
0.0004934329768995965
8.762111638477571e-05
1.5239224180617835e-05
0.0
0.0
0.0
0.0
0.0
0.0
0.0
0.0
0.0
0.0
0.0
0.0
0.0
0.0
0.0
0.0
0.0
0.0
0.0
0.0019852514884817155
0.0015700404071659468
0.0010858776057677505
0.0004950458438363329
0.000176541341258454
6.696321852183393e-05
4.114607351367993e-05
2.008768829056055e-05
4.405176820441936e-06
0.0
0.0
4.6632888764240575e-06
2.7842489457204322e-05
5.2783930103619394e-05
0.00011913035461887052
0.0
0.0
0.0
0.0
0.0
6.160500172577284e-05
9.597901507262714e-05
0.00011678395406619323
0.00018042183111076224
0.0023700372865109783
0.0016258986757669855
0.0011581359581958244
0.0005080339394781962
0.00010869500161531563
5.398834777392785e-05
2.0489583554529443e-05
3.734823727242543e-07
0.0
0.0
0.0
0.0
0.0
0.0
2.5599329154230564e-06
1.9769726420878274e-05
0.0
0.0
0.0
0.0
0.0
0.0
0.0
0.0
0.0
0.0
0.0005777430967361718
0.00014544253861739035
1.0677615234350884e-05
0.0
0.0
0.0
0.0
0.0
0.0
0.0
0.0
0.0
0.0
0.0
0.0
0.0
0.0
0.0
0.0
0.0
0.0
0.0
4.5212064739916566e-05
1.112066664463894e-05
0.0
0.0
0.0
0.0
0.0
0.0
0.0
0.0
0.0
0.0
0.0
0.0
0.0
0.0
0.0
0.0
0.0
0.0
0.0
0.0
0.0
0.0
0.0
0.0
0.0
0.0
0.0
0.0
0.0
0.0
0.0
0.0
0.0
0.0
0.0
1.0517742159897353e-05
4.504622424874994e-05
0.0
0.0
0.0
0.0
0.0
0.0
0.0
0.0
0.0
0.0017093259849600413
0.0013146464676687113
0.0011428106786306295
0.0007902015625482367
0.0005844733403033755
0.00031462225266003127
0.00011750810538411586
6.396360034233769e-05
4.24134084882901e-05
3.535052422546754e-05
3.7733235175459476e-05
5.223172221013383e-05
0.00019376498013642224
0.0005914545003218584
0.000767422599576689
0.0
0.0
1.849192319852077e-05
6.672673512756459e-05
9.408066417942915e-05
0.00018536290791854032
0.00019439525734418417
0.00031300523854510483
0.0005606469237187934
0.002917667205083146
0.002400005109073351
0.0021137189011197588
0.0016503347666358254
0.0013841383501267885
0.0011164319807397518
0.000889228879743831
0.0006822976555693267
0.0005061067213491297
0.00035706754342641056
0.00036089223810409284
0.0004946746796681689
0.0006804738002647666
0.000804426017003739
0.0009156573902991163
0.0
0.0
5.6072559454520316e-05
7.288088541411752e-05
9.850048454828016e-05
0.00017488035547721248
0.00021274832006530308
0.0003062189462383159
0.00046187741194310503
0.00285879311498387
0.0023117628150032075
0.0020720440633144417
0.001753637653207224
0.001658510447730511
0.0015490300822102825
0.0014824022630539984
0.0013736130657861902
0.0013205801109556822
0.0012806173420640817
0.0012775693157179974
0.0013086108051075884
0.0013988873255678907
0.0014463844906506746
0.0014744943712110764
7.27326262122998e-05
0.0001658890810115756
0.00026912285992790395
0.00030462309826384965
0.0002918353717899094
0.00046364219268563416
0.0004200599731467539
0.0003839911870260683
0.0004770715730415965
0.002732664714392413
0.002185254293440313
0.0019431903314205518
0.0015621426334560722
0.0012628384419584558
0.001043919962699064
0.0008820293839565439
0.0006534808069577749
0.00036415297940072455
0.00018378577984537535
0.00013065513207383137
0.00017105598158188384
0.00062120711943913
0.0008894435293135804
0.0010778581714585996
0.0013105145145203558
0.0
5.3225845083135414e-05
0.00017923990665168996
0.00020437664002046865
0.0001979473783054144
0.0003941385812923486
0.0004908656428623079
0.0005257008297253473
0.0005925771503850153
0.000605306682432091
0.00273892604726638
0.0019315579539767205
0.0012411575113269121
0.0006857179098819044
0.00022518353223748586
0.00010359074934546971
7.752874943341767e-05
6.999207075838292e-05
8.309830425417114e-05
0.00046672124469230274
0.0006968687512012768
0.0
0.0
0.0
0.0
0.0
0.0
0.0
0.0
0.0
0.0
0.0
0.0015058835013432097
0.0009967302811917098
0.0006601758874688704
0.00016351588076366264
5.759568350230939e-05
8.297649603727316e-06
0.0
5.285214574017212e-06
2.3262830171115023e-05
2.8379838364461465e-05
2.4636186744584595e-05
2.7091517854777054e-05
5.453542982715393e-05
0.00014679113922299003
0.00030820749769490646
0.0
0.0
0.0
0.0
4.1478785717532884e-05
0.00013348790036479368
0.00017604518249926708
0.00015166398330583938
0.00035646940562980036
0.0025726827407334344
0.0018403408779627114
0.0012374590093919338
0.0005544878427336272
0.00022007387676224022
9.456887348168986e-05
6.155065539578882e-05
1.933002317430266e-05
0.0
0.0
0.0
0.0
2.17545307255397e-05
4.513030393296102e-05
5.37303335212753e-05
0.0
0.0
0.0
0.0
0.0
0.0
0.0
0.0
0.0
0.001258545171302885
0.0008152671369715391
0.0005640186283438812
0.0002182785829100422
9.234869262705303e-05
6.266488064546354e-05
5.0964063059994376e-05
4.6354589696417575e-05
4.624559249595204e-05
4.601539615761876e-05
5.039897399811678e-05
6.705705479747915e-05
9.732268547589262e-05
0.00023770555767763305
0.00034126220078963134
0.0
0.0
0.0
0.0
0.0
0.0
0.0
0.0
0.0
0.0009320639199863446
0.0005375339748554651
0.0002530644072058842
6.666884749315785e-05
3.785465257784112e-05
6.2452499309074395e-06
0.0
0.0
5.3249183413554845e-06
0.00010003375514337213
0.00028477993550544896
0.0004871779174533154
0.0006895059608286421
0.0008414070922613382
0.0009650769864997111
0.0
1.6885345098611754e-05
7.85222068196955e-05
0.00015589735820448599
0.00016270089290828084
0.00016483125898092543
0.00024173316947392822
0.00022182278390039828
0.00020609553813482302
0.00259174331828845
0.0019490534758894078
0.001684710134118013
0.00132947917309069
0.0012681004900482395
0.0011334790645646199
0.0011165052903089475
0.00112069689456406
0.0011214294835544616
0.001140387375551477
0.0011561665538182453
0.0012282280769159973
0.0014115051038521517
0.0015383610642176655
0.0016207367857919504
9.02614394265874e-05
0.0001882469950500889
0.00031157836963067423
0.00036875444885330847
0.00047379770071400915
0.0005783215848387844
0.00067626745061604
0.0006475672481012228
0.0007092858866545864
0.0032193069481699283
0.002610441896091006
0.002324761032825906
0.0019773397064040987
0.0017302628226277023
0.001565828428562789
0.001468169452505178
0.0012696276952005013
0.0010514099400332042
0.0008787700855432115
0.0007743451560670241
0.0008212687208276755
0.001154450321990128
0.0013497015435882588
0.0014451799648215748
0.0016371766222607615
7.799751480584054e-05
0.0001492313012631978
0.00031166187459151994
0.0004303408642665936
0.00047024164243017865
0.0006576492404185256
0.0005817799300840213
0.0006127695857448993
0.0007830314567165443
0.0006172875416199114
0.002849214475214551
0.0019827205823551774
0.0014689363534593238
0.0011506285053700393
0.000703975314269712
0.0005226190430657592
0.0004309316985474036
0.00039263399435628376
0.00040862048826450657
0.000996245026728134
0.0012529010303487498
0.0
0.0
0.0
0.0
6.974884174531892e-05
8.445645816104005e-05
9.721866563393639e-05
0.00013254136784567795
0.00011795876086772334
0.00013173126559440484
0.00016668484631534612
0.002288044451959543
0.0016733163435762508
0.0013587179402870068
0.0009353453121480374
0.0007309695219936591
0.000542006465599854
0.0003888242815499255
0.00028210404705342255
0.00026142838973322856
0.00016941659168460046
0.00017288229939806216
0.0002684383598263169
0.00045100701511225586
0.0006494323596174565
0.0006459421711188365
0.0
0.0
0.0
0.0
1.3384133760524903e-05
6.333327962719687e-05
8.256952278975759e-05
7.408196133649493e-05
9.68003401801061e-05
0.0020437646201760503
0.0014571567946557896
0.0011332324408745776
0.0007121410677139823
0.0005153364953528705
0.00025243409734958185
0.00013782498829437135
0.00010031363334965729
5.4769103082897196e-05
3.2558715129690866e-05
2.9666982844441748e-05
3.250962612221379e-05
5.547045933631196e-05
0.00010124616588178444
0.00020929944623876992
0.0
0.0
0.0
0.0
0.0
0.0
0.0
0.0
0.0
0.0013706806321562882
0.0008619031348777353
0.000633459413921041
0.0003214536526570106
0.00013969716905352255
6.307711012988844e-05
2.8183899424509027e-05
1.3103853399288536e-06
0.0
0.0
0.0
0.0
0.0
3.948127131631313e-06
1.645759569903535e-05
0.0
0.0
0.0
0.0
0.0
0.0
0.0
0.0
0.0
0.0007039208969807161
0.00037168251057727433
0.00011352157678745403
1.5452736834059036e-05
0.0
0.0
0.0
0.0
0.0
0.0
0.0
0.0
0.0
0.0
0.0
0.0
0.0
0.0
0.0
0.0
0.0
0.0
0.0
2.0187802135687094e-05
0.0020520022170559065
0.0015698297214403372
0.0013984593409585339
0.0012309805169200226
0.0012366207057403237
0.0011102786751221248
0.0010178738422264428
0.001019338057865522
0.000985747495064874
0.0009477857410885729
0.0010538188066819044
0.0011800970530436194
0.0013394402758374593
0.0014902613673844901
0.0015733577426249926
8.034468436985666e-05
0.00020899395827320255
0.00041043066622975446
0.000531284589289293
0.0005086739283185364
0.0008149750108606993
0.0007826780276632906
0.0006759597738639562
0.0010226486188344812
0.0034052782704112896
0.0028472011454889513
0.002491505021842341
0.002005112569115708
0.0016273286696018617
0.0013397414830354597
0.0011384803425863652
0.0008788315112101505
0.0006664731756512924
0.0005136610663054465
0.00046106907276526965
0.0005547869144833218
0.0008669352247564718
0.0010769230824526953
0.0011987123800513205
0.0013510826005956136
0.0
4.463526728021054e-05
0.00011480054405748587
0.00014590273106857314
0.00014803103769123882
0.00019622564776823183
0.00019844725564295524
0.00018579474789922064
0.0002260584043327135
0.0002135831042892248
0.0023988974806110823
0.0017250342369514657
0.0013473671068881987
0.0011594653292830532
0.0008846201243423806
0.0007506956320260576
0.0006473447398604801
0.0005870176095318489
0.0005557938983788936
0.0010698388279484531
0.0011768073201833401
0.0
0.0
0.0
0.0
0.0
0.0
0.0
0.0
0.0
0.0
0.0
0.0
0.0
0.0008114064322594775
0.00030899257421922085
6.211896703966965e-05
1.7492128005473823e-05
0.0
0.0
0.0
0.0
0.0
0.0
0.0
0.0
0.0
0.0
0.0
0.0
0.0
0.0
0.0
0.0
0.0
0.0
0.0003317458846977387
7.980443450871508e-05
1.6543819466286746e-05
0.0
0.0
0.0
0.0
0.0
0.0
0.0
0.0
0.0
0.0
0.0
0.0
0.0
0.0
0.0
0.0
0.0
0.0
0.0
0.0
0.0
1.8693265505914024e-06
0.0
0.0
0.0
0.0
0.0
0.0
0.0
0.0
0.0
0.0
0.0
0.0
0.0
0.0
0.0
0.0
0.0
0.0
0.0
0.0
0.0
0.0
0.0
0.0009609220118215848
0.0005612792934098207
0.00024988682539445114
1.1547357341156055e-05
0.0
0.0
0.0
0.0
0.0
0.0
0.0
0.0
0.0
0.0
0.0
0.0
0.0
0.0
0.0
0.0
0.0
0.0
0.0
0.0
0.00022554677249164473
7.875477165987747e-05
3.566397959839374e-06
0.0
0.0
0.0
0.0
0.0
0.0
0.0
0.0
0.0
0.0
0.0
0.0
0.0
0.0
0.0
0.0
0.0
0.0
0.0
0.0
0.0
0.0010064616523690123
0.0006710246473189137
0.0004024765196222724
3.349317484704043e-05
0.0
0.0
0.0
0.0
0.0
0.0
0.0
0.0
0.0
0.0
0.0
0.0
0.0
0.0
0.0
0.0
0.0
0.0
0.0
0.0
0.0
0.0
0.0017035124781793667
0.0007090867435255458
0.00022587888866124121
6.322318000692964e-05
8.101380168707108e-06
0.0
0.0
0.0
0.0
0.0
4.02586056338995e-05
0.0
0.0
0.0
0.0
0.0
0.0
0.0
0.0
0.0
5.6752469285696906e-05
9.75273980989128e-05
0.0023780093348631007
0.0017543437788139786
0.0012960381545991833
0.0007872382679707906
0.0005515272869615008
0.0002589677129257491
8.770384030710494e-05
5.359542886420895e-05
2.5423936517227846e-05
6.494867698910641e-06
3.5056121706536285e-06
1.7069341798030724e-05
5.537805041084732e-05
0.0002504127876954571
0.0003877667901168848
0.0
0.0
0.0
0.0
0.0
6.960200970870066e-05
0.00011901580109004286
0.00010370759792242221
0.0001915487346290504
0.002386039606030986
0.001586793464598838
0.0009477643829633339
0.0002686741087913948
7.531998466781574e-05
2.27579592231976e-05
0.0
0.0
0.0
0.0
0.0
0.0
0.0
0.0
0.0
0.0
0.0
0.0
0.0
0.0
0.0
0.0
0.0
0.0
0.0017023335888315771
0.0010496561822213567
0.0005970021438031937
0.00010058154500564607
1.1304330326129441e-05
0.0
0.0
0.0
0.0
0.0
0.0
0.0
0.0
0.0
0.0
0.0
0.0
0.0
0.0
0.0
0.0
0.0
0.0
0.0
6.223038384878585e-05
3.3500273819130823e-06
0.0
0.0
0.0
0.0
0.0
0.0
0.0
0.0
0.0
0.0
0.0
0.0
0.0
0.0
0.0
0.0
0.0
0.0
0.0
0.0
0.0
0.0
3.192894471235034e-06
0.0
0.0
0.0
0.0
0.0
0.0
0.0
0.0
0.0
0.0
0.0
0.0
0.0
0.0
0.0
0.0
0.0
0.0
0.0
0.0
0.0
0.0
0.0
0.0007203357242819679
0.0006335448188032403
0.0005931770209730268
0.0003475646552966791
9.47900787399285e-05
3.5222633659766215e-05
2.5076309279563923e-05
1.2804978781095274e-05
1.076622866206632e-06
0.0
0.0
0.0
7.525168080113954e-06
5.6093935177785945e-05
0.00025272105131305967
0.0006338553975371571
0.0
0.0
0.0
0.0
0.0
1.1999657737917774e-05
3.545747322710817e-05
7.231168693080197e-05
9.576739406336551e-05
9.889200418669625e-05
0.0020160173213126594
0.0012808892052352083
0.0008216785818320377
0.0005800839084547584
0.0001994449427668457
7.801484288571778e-05
5.2435629010643256e-05
2.5991667509303056e-05
1.607369932060497e-05
0.0001469022383791408
0.0005527943213718194
0.0
0.0
0.0
0.0
0.0
0.0
0.0
0.0
0.0
0.0
1.1193850503460483e-05
0.001974761939081262
0.001277496375594652
0.0007371280724996458
0.00014812889714092058
4.3008795592018825e-05
5.49244869012217e-06
0.0
0.0
0.0
0.0
0.0
0.0
0.0
0.0
0.0
0.0
0.0
0.0
0.0
0.0
0.0
0.0
0.0
0.0
0.001367808446476961
0.0008694982365408364
0.0004068861313416953
4.0811380293683506e-05
1.455711525714375e-06
0.0
0.0
0.0
0.0
0.0
0.0
0.0
0.0
0.0
0.0
0.0
0.0
0.0
0.0
0.0
0.0
0.0
0.0
0.0
0.001121053268441126
0.0006955445186438063
0.00040967955608091865
6.05186647218068e-05
1.060914720942911e-05
0.0
0.0
0.0
0.0
0.0
0.0
0.0
0.0
0.0
0.0
0.0
0.0
0.0
0.0
0.0
0.0
0.0
0.0
0.0
0.0
0.0
0.0
0.0
0.0
0.0
0.0
0.0
0.0
0.0
0.0
0.0
0.0
0.0
0.0
0.0
0.0
0.0
0.0
0.0
0.0
0.0
0.0
0.0
0.0007364637362650098
0.0005012977167515063
0.00019387953978357989
7.839180785176948e-06
0.0
0.0
0.0
0.0
0.0
0.0
0.0
0.0
0.0
0.0
3.986040650034586e-06
0.0
0.0
0.0
0.0
0.0
0.0
0.0
0.0
0.0
0.0020201516764875244
0.0012384655494451044
0.0004953368135000068
4.8952018018751017e-05
1.3760430375155932e-06
0.0
0.0
0.0
0.0
0.0
0.0
0.0
0.0
0.0
0.0
0.0
0.0
0.0
0.0
0.0
0.0
0.0
0.0
0.0
0.0
0.00010202180660902558
2.005377093400686e-06
0.0
0.0
0.0
0.0
0.0
0.0
0.0
0.0
0.0
0.0
0.0
0.0
0.0
0.0
0.0
0.0
0.0
0.0
0.0
0.0
0.0
0.0
0.0
0.0
0.0
0.0
0.0
0.0
0.0
0.0
0.0
0.0
0.0
0.0
0.0
0.0
0.0
0.0
0.0
0.0
0.0
0.0
0.0
0.0
0.0011820662667062513
0.0008879090063580779
0.0006807924229281857
0.00020852134516404213
3.9315006970476515e-05
7.166152051641799e-06
0.0
0.0
0.0
0.0
0.0
0.0
0.0
0.0
0.0
0.0
0.0
0.0
0.0
0.0
0.0
0.0
0.0
0.0
0.002145140856121208
0.0016779177185699459
0.0013449218919690943
0.0009027345479398536
0.0006080207382906575
0.00027721103586488016
0.00011315220944955703
7.615776654408394e-05
5.2083153153442954e-05
2.5890663564390285e-05
1.578377062519061e-05
1.2692021631520058e-05
2.613339707179326e-05
6.0006209749373565e-05
0.00021706424265212137
0.0
0.0
0.0
0.0
4.162144000279931e-05
0.00013510523690112933
0.0001556837992831848
0.0001782493457052232
0.0003105332469843708
0.0026650710324769115
0.002011666918203693
0.0014015853223787247
0.0006764180487907211
0.00028397591470787125
9.822570249479906e-05
5.6137317814643825e-05
1.8253427099016082e-05
1.495897432596614e-06
0.0
0.0
0.0
0.0
1.7172455647580763e-05
3.4315601249892185e-05
0.0
0.0
0.0
0.0
0.0
0.0
0.0
0.0
0.0
0.0010755297636074034
0.0007235784613695335
0.0005695295586213704
0.00027895461679730175
0.00014713211578562196
8.428382917164624e-05
6.836898099900815e-05
4.4211148847747374e-05
3.7391052278098634e-05
4.6625727160221985e-05
4.816851623358386e-05
6.056168372849033e-05
8.744181190269678e-05
0.00011888523285486245
0.00015932867391956097
0.0
0.0
0.0
0.0
0.0
0.0
0.0
0.0
0.0
0.0010615326832351536
0.0006295002569709668
0.00040589299642529116
0.00010718757260434996
4.040547846557458e-05
2.247152728963371e-05
7.398959016079748e-06
8.82659558323656e-07
0.0
0.0
0.0
0.0
2.7251242380008497e-05
6.880202801662545e-05
7.838624255784798e-05
0.00019669220660741314
0.0
0.0
0.0
0.0
0.0
0.0
2.7571768737177922e-05
2.659374758410063e-05
4.533083839790584e-05
0.00011116367385566896
0.002040230669136111
0.001543719774125973
0.0013083676673221502
0.0011887332617182393
0.0009370267113687001
0.0008257607436604578
0.0006494126230571918
0.0005150699101977236
0.0004529778386428968
0.0009705578225810221
0.0010870709612943597
0.0
0.0
0.0
1.6166498090602835e-05
8.786384410374203e-05
0.00011702743973588536
0.00021148723182427658
0.0002235293173450381
0.00030159062690038405
0.00042771471642460084
0.0005046587731662584
0.0029068186493674208
0.0022751578839520065
0.00174972307330999
0.001069317841807457
0.00068587671912449
0.0003787934727602578
0.0001830077243221403
0.00010009626254374931
6.299805901467265e-05
2.302543590295828e-05
6.114560324100157e-06
4.99493950332227e-07
1.7230745203202913e-06
3.6458742977969515e-05
7.868678730398267e-05
0.0
0.0
0.0
0.0
0.0
0.0
0.0
0.0
1.503797450467608e-05
0.0019522686730825281
0.001410159966091518
0.000901946170720343
0.00026196920935748
7.480643717491903e-05
2.3510234057490918e-05
0.0
0.0
0.0
0.0
0.0
0.0
0.0
0.0
0.0
0.0
0.0
0.0
0.0
0.0
0.0
0.0
0.0
0.0
0.0013717304455276014
0.001005002877296028
0.0005548860858668965
5.4480309098027725e-05
7.098521617096066e-06
0.0
0.0
0.0
0.0
0.0
0.0
0.0
0.0
0.0
0.0
0.0
0.0
0.0
0.0
0.0
0.0
0.0
0.0
0.0
0.0007766664761398088
0.0005260372037162907
0.00015560261616726965
2.428592746911523e-06
0.0
0.0
0.0
0.0
0.0
0.0
0.0
0.0
0.0
0.0
0.0
0.0
0.0
0.0
0.0
0.0
0.0
0.0
0.0
0.0
2.7260501080049567e-05
0.0
0.0
0.0
0.0
0.0
0.0
0.0
0.0
0.0
0.0
0.0
0.0
0.0
0.0
0.0
0.0
0.0
0.0
0.0
0.0
0.0
0.0
0.0
0.0
0.0
0.0
0.0
0.0
0.0
0.0
0.0
0.0
0.0
0.0
0.0
0.0
0.0
0.0
0.0
0.0
0.0
0.0
0.0
0.0
0.0
0.0
0.0
0.0
0.0
0.0
0.0
0.0
0.0
0.0
0.0
0.0
0.0
0.0
0.0
0.0
0.0
0.0
0.0
0.0
0.0
0.0
0.0
0.0
0.0
0.0
0.0
0.0
0.0
0.0
0.0
0.0
0.0
0.0
0.0
0.0
0.0
0.0
0.0
0.0
0.0
0.0
0.0
0.0
0.0
0.0
0.0
0.0
0.0
0.0
0.0
1.708937560015528e-05
0.0
0.0
0.0
0.0
0.0
0.0
0.0
0.0
0.0
0.0
0.0
0.0
0.0
0.0
0.0
0.0
0.0
0.0
0.0
0.0
0.0
0.0
0.0
0.0
0.0
0.0
0.0
0.0
0.0
0.0
0.0
0.0
0.0
0.0
0.0
0.0
0.0
0.0
0.0
0.0
0.0
0.0
0.0
0.0
0.0
0.0
0.0
0.0
0.0
0.0
0.0
0.0
0.0
0.0
0.0
0.0
0.0
0.0
0.0
0.0
1.0186626311235141e-05
4.151849061927265e-05
0.0
0.0
0.0
0.0
0.0
0.0
0.0
0.0
0.0
0.001479267475893413
0.0010390748272403653
0.0008960301412475115
0.0006495247005218938
0.0005568419144417009
0.00042121688974817875
0.00034218476996676476
0.00030362338060190475
0.0002913925912063219
0.0002516297319785529
0.00027224138157846484
0.000289406075287764
0.00029859132363282054
0.00034593695278438576
0.00035812942804229594
0.0
0.0
0.0
0.0
0.0
0.0
0.0
0.0
0.0
0.0006443924912125699
0.0002246682545391771
8.58712002945298e-05
2.041823546213387e-05
0.0
0.0
0.0
0.0
0.0
0.0
0.0
0.0
0.0
0.0
0.0
0.0
0.0
0.0
0.0
0.0
0.0
0.0
0.0
0.0
0.0
0.0
8.303299006211622e-06
0.0
0.0
0.0
0.0
0.0
0.0
0.0
0.0
0.0
0.0
0.0
0.0
0.0
0.0
0.0
0.0
0.0
0.0
0.0
0.0
0.0
0.0
0.0
0.0
0.0
0.0
0.0
0.0
0.0
0.0
0.0
0.0
0.0
0.0
0.0
0.0
0.0
0.0
0.0
0.0
0.0
0.0
0.0
0.0
0.0
0.0004997832473170549
0.0003343456902376677
6.921737635596064e-05
0.0
0.0
0.0
0.0
0.0
0.0
0.0
0.0
0.0
0.0
0.0
0.0
0.0
0.0
0.0
0.0
0.0
0.0
0.0
0.0
0.0
0.0004900310551496876
0.00024622178103099945
3.062640016667661e-05
0.0
0.0
0.0
0.0
0.0
0.0
0.0
0.0
0.0
0.0
0.0
0.0
0.0
0.0
0.0
0.0
0.0
0.0
0.0
0.0
0.0
4.3717565900273995e-06
0.0
0.0
0.0
0.0
0.0
0.0
0.0
0.0
0.0
0.0
0.0
0.0
0.0
0.0
0.0
0.0
0.0
0.0
0.0
0.0
0.0
0.0
0.0
0.0
0.0
0.0
0.0
0.0
0.0
0.0
0.0
0.0
0.0
0.0
0.0
0.0
0.0
0.0
0.0
0.0
0.0
0.0
0.0
0.0
0.0
0.0
0.0
0.0016588160367532806
0.0012024431280327809
0.0008573067183251455
0.00036030093074109534
7.439769939232827e-05
2.3349600967933603e-05
1.443670464697009e-06
0.0
0.0
0.0
0.0
0.0
0.0
0.0
0.0
3.2185960652430574e-05
0.0
0.0
0.0
0.0
0.0
0.0
0.0
0.0
0.0
0.0
0.0009874170262763034
0.0005547640447598681
0.00017248220324658436
4.3852548928336e-05
2.7743121173957754e-06
0.0
0.0
0.0
0.0
0.0
0.0
0.0
0.0
0.0
0.0
0.0
0.0
0.0
0.0
0.0
0.0
0.0
3.5877208747666636e-05
3.9225644231829665e-06
0.0
0.0
0.0
0.0
0.0
0.0
0.0
0.0
0.0
0.0
0.0
0.0
0.0
0.0
0.0
0.0
0.0
0.0
0.0
0.0
0.0
0.0
0.0
0.0
0.0
0.0
0.0
0.0
0.0
0.0
0.0
0.0
0.0
0.0
0.0
0.0
0.0
0.0
0.0
0.0
0.0
0.0
0.0
0.0
0.0
0.0
0.0006570351416635195
0.00042484763298796007
0.00014468336954283538
5.987529133140357e-06
0.0
0.0
0.0
0.0
0.0
0.0
0.0
0.0
0.0
0.0
0.0
0.0
0.0
0.0
0.0
0.0
0.0
0.0
0.0
0.0
0.0008119186335672482
0.0005263091895675275
0.00017743111423097687
3.4568287805574835e-06
0.0
0.0
0.0
0.0
0.0
0.0
0.0
0.0
0.0
0.0
0.0
0.0
0.0
0.0
0.0
0.0
0.0
0.0
0.0
0.0
0.0001959203025838726
5.0492151257564474e-05
2.3640875788328833e-06
0.0
0.0
0.0
0.0
0.0
0.0
0.0
0.0
0.0
0.0
0.0
0.0
0.0
0.0
0.0
0.0
0.0
0.0
0.0
0.0
0.0
0.0
0.0
1.2896381275077872e-06
0.0
0.0
0.0
0.0
0.0
0.0
0.0
0.0
0.0
0.0
0.0
0.0
0.0
0.0
0.0
0.0
0.0
0.0
0.0
0.0
0.0
0.0
0.0
0.00021660309619338884
0.0
0.0
0.0
0.0
0.0
0.0
0.0
0.0
0.0
0.0
0.0
0.0
0.0
0.0
0.0
0.0
0.0
0.0
0.0
0.0
0.0
0.0
0.0
0.0
0.0
0.0
0.0
0.0
0.0
0.0
0.0
0.0
0.0
0.0
0.0
0.0
0.0
0.0
0.0
0.0
0.0
0.0
0.0
0.0
0.0
0.0
0.0
0.0
0.0
0.0
0.0
0.0
0.0
0.0
0.0
0.0
0.0
0.0
0.0
0.0
0.0
0.0
0.0
0.0
0.0
0.0
0.0
0.0
0.0
0.0
0.0
0.0
0.0
0.0
0.0
0.0
0.0
0.0
0.0
0.0
0.0
0.0
0.0
0.0
0.0
0.0
0.0
0.0
0.0
0.0
0.0
0.0
0.0
0.0
0.0
0.0
0.0
0.0
0.0
0.0
0.0
0.0
0.0
0.0
0.0
0.0
0.0
0.0
0.0
0.0
0.0
0.0
0.0
0.0
0.0
0.0
0.0
0.0
0.0
0.0
0.0
0.0
0.0
0.0
0.0
0.0
0.0
0.0
0.0
0.0
0.0
0.0
0.0
0.0
0.0
0.0
0.0
0.0
0.0
0.0
0.0
0.0
0.0
0.0
0.0
0.0
0.0
0.0
0.0
0.0
0.0
0.0
0.0
0.0
0.0
0.0
0.0
0.0
0.0
0.0
0.0
0.0
0.0
0.0
0.0
0.0
0.0
0.0
0.0
0.0
0.0
0.0
0.0
0.0
0.0
0.0
0.0
0.0
0.0
0.0
0.0
0.0
0.0
0.0
0.0
0.0
0.0
0.0
0.0
0.0
0.0
0.0
0.0
0.0
0.0
0.0
0.0
0.0
0.0
0.0
0.0
0.0
0.0
0.0
0.0
0.0
0.0
0.0
0.0
0.0
0.0
0.0
0.0
0.0
0.0
0.0
0.0
0.0
0.0
0.0
0.0
0.0
0.0
0.0
0.0
0.0
0.0
0.0
0.0
0.0
0.0
0.0
0.0
0.0
0.0
0.0
0.0
0.0
0.0
0.0
0.0
0.0
0.0
0.0
0.0
0.0
0.0
0.0
0.0
0.0
0.0
0.0
0.0
0.0
0.0
0.0
0.0
0.0
0.0
0.0
0.0
0.0
0.0
0.0
0.0
0.0
0.0
0.0
0.0
0.0
0.0
0.0
0.0
0.0
0.0
0.0
0.0
0.0
0.0
0.0
0.0
0.0
0.0
0.0
0.0
1.717090696626973e-06
0.0
0.0
0.0
0.0
0.0
0.0
0.0
0.0
0.0
0.0
0.0
0.0
0.0
0.0
0.0
0.0
0.0
0.0
0.0
0.0
0.0
0.0
0.0
0.0003177804835411713
0.0001172587125148191
1.845384935520624e-06
0.0
0.0
0.0
0.0
0.0
0.0
0.0
0.0
0.0
0.0
0.0
0.0
0.0
0.0
0.0
0.0
0.0
0.0
0.0
0.0
0.0
0.0
0.0
0.0
0.0
0.0
0.0
0.0
0.0
0.0
0.0
0.0
0.0
0.0
0.0
0.0
0.0
0.0
0.0
0.0
0.0
0.0
0.0
0.0
0.0
0.0
0.0
0.0
0.0
0.0
0.0
0.0
0.0
0.0
0.0
0.0
0.0
0.0
0.0
0.0
0.0
0.0
0.0
0.0
0.0
0.0
0.0
0.0
0.0
0.0
0.0
0.0
0.0
0.0
0.0
0.0
0.0
0.0
0.0
0.0
0.0
0.0
0.0
0.0
0.0
0.0
0.0
0.0
0.0
0.0
0.0
0.0
0.0
0.0
0.0
0.0
0.0
0.0
0.0
0.0
0.0
0.0
0.0
0.0
0.0
0.0
0.0
0.0
0.0
0.0
0.0
0.0
0.0
0.0
0.0
0.0
0.0
0.0
0.0
0.0
0.0
0.0
0.0
0.0
0.0
0.0
0.0
0.0
0.0
0.0
0.0
0.0
0.0
0.0
0.0
0.0
0.0
0.0
0.0
0.0
0.0
0.0
0.0
0.0
0.0
0.0
0.0
0.0
0.0
0.0
0.0
0.0
0.0
0.0
0.0
0.0
0.0
0.0
0.0
0.0
0.0
0.0
0.0
0.0
0.0
0.0
0.0
0.0
0.0
0.0
0.0
0.0
0.0
0.0
0.0
0.0
0.0
0.0
0.0
0.0
0.0
0.0
0.0
0.0
0.0
0.0
0.0
0.0
0.0
0.0
0.0
0.0
0.0
0.0
0.0
0.0
0.0
0.0
0.0
0.0
0.0
0.0
0.0
0.0
0.0
0.0
0.0
0.0
0.0
0.0
0.0
0.0
0.0
0.0
0.0
0.0
0.0
0.0
0.0
0.0
0.0
0.0
0.0
0.0
0.0
0.0
0.0
0.0
0.0
0.0
0.0
0.0
0.0
0.0
0.0
0.0
0.0
0.0
0.0
0.0
0.0
0.0
0.0
0.0
0.0
0.0
0.0
0.0
0.0
0.0
0.0
0.0
0.0
0.0
0.0
0.0
0.0
0.0
0.0
0.0
0.0
0.0
0.0
0.0
0.0
0.0
0.0
0.0
0.0
0.0
0.0
0.0
0.0
0.0
0.0
0.0
0.0
0.0
0.0
0.0
0.0
0.0
0.0
0.0
0.0
0.00017050800641141254
2.5059741239581167e-05
1.2178603805782038e-07
0.0
0.0
0.0
0.0
0.0
0.0
0.0
0.0
0.0
0.0
0.0
0.0
0.0
0.0
0.0
0.0
0.0
0.0
0.0
0.0
0.0
0.0007418093267082065
0.00030948603626872054
9.007298898516564e-06
0.0
0.0
0.0
0.0
0.0
0.0
0.0
0.0
0.0
0.0
0.0
0.0
0.0
0.0
0.0
0.0
0.0
0.0
0.0
0.0
0.0
0.00012605967043594578
8.346664175180741e-06
0.0
0.0
0.0
0.0
0.0
0.0
0.0
0.0
0.0
0.0
0.0
0.0
0.0
0.0
0.0
0.0
0.0
0.0
0.0
0.0
0.0
0.0
0.0
0.0
0.0
0.0
0.0
0.0
0.0
0.0
0.0
0.0
0.0
0.0
0.0
0.0
0.0
0.0
0.0
0.0
0.0
0.0
0.0
0.0
0.0
0.0
0.0
0.0
0.0
0.0
0.0
0.0
0.0
0.0
0.0
0.0
0.0
0.0
0.0
0.0
0.0
0.0
0.0
0.0
0.0
0.0
0.0
0.0
0.0
0.0
0.0
0.0
0.0
0.0
0.0
0.0
0.0
0.0
0.0
0.0
0.0
0.0
0.0
0.0
0.0
0.0
0.0
0.0
0.0
0.0
0.0
0.0
0.0
0.0
0.0
0.0
0.0
0.0
0.0
0.0
0.0
0.0
0.0
0.0
0.0
0.0
0.0
0.0
0.0
0.0
0.0
0.0
0.0
0.0
0.0
0.0
0.0
0.0
0.0
0.0
0.0
0.0
0.0
0.0
0.0
0.0
0.0
0.0
0.0
0.0
0.0
0.0
0.0
0.0
0.0
0.0
0.0
0.0
0.0
0.0
0.0
0.0
0.0
0.0
0.0
0.0
0.0
0.0
0.0
0.0
0.0
0.0
0.0
0.0
0.0
0.0
0.0
0.0
0.0
0.0
0.0
0.0
0.0
0.0
0.0
0.0
0.0
0.0
0.0
0.0
0.0
0.0
0.0
0.0
0.0
0.0
0.0
0.0
0.0
0.0
0.0
0.0
0.0
0.0
0.0
0.0
0.0
0.0
0.0
0.0
0.0
0.0
1.508063675853016e-05
0.0
0.0
0.0
0.0
0.0
0.0
0.0
0.0
0.0
0.0
0.0
0.0
0.0
0.0
0.0
0.0
0.0
0.0
0.0
0.0
0.0
1.206858424058882e-06
0.0
0.0
0.0
0.0
0.0
0.0
0.0
0.0
0.0
0.0
0.0
0.0
0.0
0.0
0.0
0.0
0.0
0.0
0.0
0.0
0.0
0.0
0.0
0.0
0.0
0.0
0.0
0.0
0.0
0.0
0.0
0.0
0.0
0.0
0.0
0.0
0.0
0.0
0.0
0.0
0.0
0.0
0.0
0.0
0.0
0.0
0.0
0.0
0.0
0.0
0.0
0.0
0.0
0.0
0.0
0.0
0.0
0.0
0.0
0.0
0.0
0.0
0.0
0.0
0.0
0.0
0.0
0.0
0.0
0.0
0.0
0.0
0.0
0.0
0.0
0.0
0.0
0.0
0.0
0.0
0.0
0.0
0.0
0.0
0.0
0.0
0.0
0.0
0.0
0.0
0.0
0.0
0.0
0.0
0.0
0.0
0.0
0.0
0.0
0.0
0.0
0.0
0.0
0.0
0.0
0.0
0.0
0.0
0.0
0.0
0.0
0.0
0.0
0.0
0.0
0.0
0.0
0.0
0.0
0.0
0.0
0.0
0.0
0.0
0.0
0.0
0.0
0.0
0.0
0.0
0.0
0.0
0.0
0.0
0.0
0.0
0.0
0.0
0.0
0.0
0.0
0.0
0.0
0.0
0.0
0.0
0.0
0.0
0.0
0.0
0.0
0.0
0.0
0.0
0.0
0.0
0.0
0.0
0.0
0.0
0.0
0.0
0.0
0.0
0.0
0.0
0.0
0.0
0.0
0.0
0.0
0.0
0.0
0.0
0.0
0.0
0.0
0.0
0.0
0.0
0.0
0.0
0.0
0.0
0.0
0.0
0.0
0.0
0.0
0.0
0.0
0.0
0.0
0.0
0.0
0.0
0.0
0.0
0.0
0.0
0.0
0.0
0.0
0.0
0.0
0.0
0.0
0.0
0.0
0.0
0.0
0.0
0.0
0.0
0.0
0.0
0.0
0.0
0.0
0.0
0.0
0.0
0.0
0.0
0.0
0.0
0.0
0.0
0.0
0.0
0.0
0.0
0.0
0.0
0.0
0.0
0.0
0.0
0.0
0.0
0.0
0.0
0.0
0.0
0.0
0.0
0.0
0.0
0.0
0.0
0.0
0.0
0.0
0.0
0.0
0.0
0.0
0.0
0.0
0.0
0.0
0.0
0.0
0.0
0.0
0.0
0.0
0.0
0.0
0.0
0.0
0.0
0.0
0.0
0.0
0.0
0.0
0.0
0.0
0.0
0.0
0.0
0.0
0.0
0.0
0.0
0.0
0.0
0.0
0.0
0.0
0.0
0.0
0.0
0.0
0.0
0.0
0.0
0.0
0.0
0.0
0.0
0.0
0.0
0.0
0.0
0.0
0.0
0.0
0.0
0.0
0.0
0.0
0.0
0.0
0.0
0.0
0.0
0.0
0.0
0.0
0.0
0.0
0.0
0.0
0.0
0.0
0.0
0.0
0.0
0.0
0.0
0.0
0.0
0.0
0.0
0.0
0.0
0.0
0.0
0.0
0.0
0.0
0.0
0.0
0.0
0.0
0.0
0.0
0.0
0.0
0.0
0.0
0.0
0.0
0.0
0.0
0.0
0.0
0.0
0.0
0.0
0.0
0.0
0.0
0.0
0.0
0.0
0.0
0.0
0.0
0.0
0.0
0.0
0.0
0.0
0.0
0.0
0.0
0.0
0.0
0.0
0.0
0.0
0.0
0.0
0.0
0.0
0.0
0.0
0.0
0.0
0.0
0.0
0.0
0.0
0.0
0.0
0.0
0.0
0.0
0.0
0.0
0.0
0.0
0.0
0.0
0.0
0.0
0.0
0.0
0.0
0.0
0.0
0.0
0.0
0.0
0.0
0.0
0.0
0.0
0.0
0.0
0.0
0.0
0.0
0.0
0.0
0.0
0.0
0.0
0.0
0.0
0.0
0.0
0.0
0.0
0.0
0.0
0.0
0.0
0.0
0.0
0.0
0.0
0.0
0.0
0.0
0.0
0.0
0.0
0.0
0.0
0.0
0.0
0.0
0.0
0.0
0.0
0.0
0.0
0.0
0.0
0.0
0.0
0.0
0.0
0.0
0.0
0.0
0.0
0.0
0.0
0.0
0.0
0.0
0.0
0.0
0.0
0.0
0.0
0.0
0.0
0.0
0.0
0.0
0.0
0.0
0.0
0.0
0.0
0.0
0.0
0.0
0.0
0.0
0.0
0.0
0.0
0.0
0.0
0.0
0.0
0.0
0.0
0.0
0.0
0.0
0.0
0.0
0.0
0.0
0.0
0.0
0.0
0.0
0.0
0.0
0.0
0.0
0.0
0.0
0.0
0.0
0.0
0.0
0.0
0.0
0.0
0.0
0.0
0.0
0.0
0.0
0.0
0.0
0.0
0.0
0.0
0.0
0.0
0.0
0.0
0.0
0.0
0.0
0.0
0.0
0.0
0.0
0.0
0.0
0.0
0.0
0.0
0.0
0.0
0.0
0.0
0.0
0.0
0.0
0.0
0.0
0.0
0.0
0.0
0.0
0.0
0.0
0.0
0.0
0.0
0.0
0.0
0.0
0.0
0.0
0.0
0.0
0.0
0.0
0.0
0.0
0.0
0.0
0.0
0.0
0.0
0.0
0.0
0.0
0.0
0.0
0.0
0.0
0.0
0.0
0.0
0.0
0.0
0.0
0.0
0.0
0.0
0.0
0.0
0.0
0.0
0.0
0.0
0.0
0.0
0.0
0.0
0.0
0.0
0.0
0.0
0.0
0.0
0.0
0.0
0.0
0.0
0.0
0.0
0.0
0.0
0.0
0.0
0.0
0.0
0.0
0.0
0.0
0.0
0.0
0.0
0.0
0.0
0.0
0.0
0.0
0.0
0.0
0.0
0.0
0.0
0.0
0.0
0.0
0.0
0.0
0.0
0.0
0.0
0.0
0.0
0.0
0.0
0.0
0.0
0.0
0.0
0.0
0.0
0.0
0.0
0.0
0.0
0.0
0.0
0.0
0.0
0.0
0.0
0.0
0.0
0.0
0.0
0.0
0.0
0.0
0.0
0.0
0.0
0.0
0.0
0.0
0.0
0.0
0.0
0.0
0.0
0.0
0.0
0.0
0.0
0.0
0.0
0.0
0.0
0.0
0.0
0.0
0.0
0.0
0.0
0.0
0.0
0.0
0.0
0.0
0.0
0.0
0.0
0.0
0.0
0.0
0.0
0.0
0.0
0.0
0.0
0.0
0.0
0.0
0.0
0.0
0.0
0.0
0.0
0.0
0.0
0.0
0.0
0.0
0.0
0.0
0.0
0.0
0.0
0.0
0.0
0.0
0.0
0.0
0.0
0.0
0.0
0.0
0.0
0.0
0.0
0.0
0.0
0.0
0.0
0.0
0.0
0.0
0.0
0.0
0.0
0.0
0.0
0.0
0.0
0.0
0.0
0.0
0.0
0.0
0.0
0.0
0.0
0.0
0.0
0.0
0.0
0.0
0.0
0.0
0.0
0.0
0.0
0.0
0.0
0.0
0.0
0.0
0.0
0.0
0.0
0.0
0.0
0.0
0.0
0.0
0.0
0.0
0.0
0.0
0.0
0.0
0.0
0.0
0.0
0.0
0.0
0.0
0.0
0.0
0.0
0.0
0.0
0.0
0.0
0.0
0.0
0.0
0.0
0.0
0.0
0.0
0.0
0.0
0.0
0.0
0.0
0.0
0.0
0.0
0.0
0.0
0.0
0.0
0.0
0.0
0.0
0.0
0.0
0.0
0.0
0.0
0.0
0.0
0.0
0.0
0.0
0.0
0.0
0.0
0.0
0.0
0.0
0.0
0.0
0.0
0.0
0.0
0.0
0.0
0.0
0.0
0.0
0.0
0.0
0.0
0.0
0.0
0.0
0.0
0.0
0.0
0.0
0.0
0.0
0.0
0.0
0.0
0.0
0.0
0.0
0.0
0.0
0.0
0.0
0.0
0.0
0.0
0.0
0.0
0.0
0.0
0.0
0.0
0.0
0.0
0.0
0.0
0.0
0.0
0.0
0.0
0.0
0.0
0.0
0.0
0.0
0.0
0.0
0.0
0.0
0.0
0.0
0.0
0.0
0.0
0.0
0.0
0.0
0.0
0.0
0.0
0.0
0.0
0.0
0.0
0.0
0.0
0.0
0.0
0.0
0.0
0.0
0.0
0.0
0.0
0.0
0.0
0.0
0.0
0.0
0.0
0.0
0.0
0.0
0.0
0.0
0.0
0.0
0.0
0.0
0.0
0.0
0.0
0.0
0.0
0.0
0.0
0.0
0.0
0.0
0.0
0.0
0.0
0.0
0.0
0.0
0.0
0.0
0.0
0.0
0.0
0.0
0.0
0.0
0.0
0.0
0.0
0.0
0.0
0.0
0.0
0.0
0.0
0.0
0.0
0.0
0.0
0.0
0.0
0.0
0.0
0.0
0.0
0.0
0.0
0.0
0.0
0.0
0.0
0.0
0.0
0.0
0.0
0.0
0.0
0.0
0.0
0.0
0.0
0.0
0.0
0.0
0.0
0.0
0.0
0.0
0.0
0.0
0.0
0.0
0.0
0.0
0.0
0.0
0.0
0.0
0.0
0.0
0.0
0.0
0.0
0.0
0.0
0.0
0.0
0.0
0.0
0.0
0.0
0.0
0.0
0.0
0.0
0.0
0.0
0.0
0.0
0.0
0.0
0.0
0.0
0.0
0.0
0.0
0.0
0.0
0.0
0.0
0.0
0.0
0.0
0.0
0.0
0.0
0.0
0.0
0.0
0.0
0.0
0.0
0.0
0.0
0.0
0.0
0.0
0.0
0.0
0.0
0.0
0.0
0.0
0.0
0.0
0.0
0.0
0.0
0.0
0.0
0.0
0.0
0.0
0.0
0.0
0.0
0.0
0.0
0.0
0.0
0.0
0.0
0.0
0.0
0.0
0.0
0.0
0.0
0.0
0.0
0.0
0.0
0.0
0.0
0.0
0.0
0.0
0.0
0.0
0.0
0.0
0.0
0.0
0.0
0.0
0.0
0.0
0.0
0.0
0.0
0.0
0.0
0.0
0.0
0.0
0.0
0.0
0.0
0.0
0.0
0.0
0.0
0.0
0.0
0.0
0.0
0.0
0.0
0.0
0.0
0.0
0.0
0.0
0.0
0.0
0.0
0.0
0.0
0.0
0.0
0.0
0.0
0.0
0.0
0.0
0.0
0.0
0.0
0.0
0.0
0.0
0.0
0.0
0.0
0.0
0.0
0.0
0.0
0.0
0.0
0.0
0.0
0.0
0.0
0.0
0.0
0.0
0.0
0.0
0.0
0.0
0.0
0.0
0.0
0.0
0.0
0.0
0.0
0.0
0.0
0.0
0.0
0.0
0.0
0.0
0.0
0.0
0.0
0.0
0.0
0.0
0.0
0.0
0.0
0.0
0.0
0.0
0.0
0.0
0.0
0.0
0.0
0.0
0.0
0.0
0.0
0.0
0.0
0.0
0.0
0.0
0.0
0.0
0.0
0.0
0.0
0.0
0.0
0.0
0.0
0.0
0.0
0.0
0.0
0.0
0.0
0.0
0.0
0.0
0.0
0.0
0.0
0.0
0.0
0.0
0.0
0.0
0.0
0.0
0.0
0.0
0.0
0.0
0.0
0.0
0.0
0.0
0.0
0.0
0.0
0.0
0.0
0.0
0.0
0.0
0.0
0.0
0.0
0.0
0.0
0.0
0.0
0.0
0.0
0.0
0.0
0.0
0.0
0.0
0.0
0.0
0.0
0.0
0.0
0.0
0.0
0.0
0.0
0.0
0.0
0.0
0.0
0.0
0.0
0.0
0.0
0.0
0.0
0.0
0.0
0.0
0.0
0.0
0.0
0.0
0.0
0.0
0.0
0.0
0.0
0.0
0.0
0.0
0.0
0.0
0.0
0.0
0.0
0.0
0.0
0.0
0.0
0.0
0.0
0.0
0.0
0.0
0.0
0.0
0.0
0.0
0.0
0.0
0.0
0.0
0.0
0.0
0.0
0.0
0.0
0.0
0.0
0.0
0.0
0.0
0.0
0.0
0.0
0.0
0.0
0.0
0.0
0.0
0.0
0.0
0.0
0.0
0.0
0.0
0.0
0.0
0.0
0.0
0.0
0.0
0.0
0.0
0.0
0.0
0.0
0.0
0.0
0.0
0.0
0.0
0.0
0.0
0.0
0.0
0.0
0.0
0.0
0.0
0.0
0.0
0.0
0.0
0.0
0.0
0.0
0.0
0.0
0.0
0.0
0.0
0.0
0.0
0.0
0.0
0.0
0.0
0.0
0.0
0.0
0.0
0.0
0.0
0.0
0.0
0.0
0.0
0.0
0.0
0.0
0.0
0.0
0.0
0.0
0.0
0.0
0.0
0.0
0.0
0.0
0.0
0.0
0.0
0.0
0.0
0.0
0.0
0.0
0.0
0.0
0.0
0.0
0.0
0.0
0.0
0.0
0.0
0.0
0.0
0.0
0.0
0.0
0.0
0.0
0.0
0.0
0.0
0.0
0.0
0.0
0.0
0.0
0.0
0.0
0.0
0.0
0.0
0.0
0.0
0.0
0.0
0.0
0.0
0.0
0.0
0.0
0.0
0.0
0.0
0.0
0.0
0.0
0.0
0.0
0.0
0.0
0.0
0.0
0.0
0.0
0.0
0.0
0.0
0.0
0.0
0.0
0.0
0.0
0.0
0.0
0.0
0.0
0.0
0.0
0.0
0.0
0.0
0.0
0.0
0.0
0.0
0.0
0.0
0.0
0.0
0.0
0.0
0.0
0.0
0.0
0.0
0.0
0.0
0.0
0.0
0.0
0.0
0.0
0.0
0.0
0.0
0.0
0.0
0.0
0.0
0.0
0.0
0.0
0.0
0.0
0.0
0.0
0.0
0.0
0.0
0.0
0.0
0.0
0.0
0.0
0.0
0.0
0.0
0.0
0.0
0.0
0.0
0.0
0.0
0.0
0.0
0.0
0.0
0.0
0.0
0.0
0.0
0.0
0.0
0.0
0.0
0.0
0.0
0.0
0.0
0.0
0.0
0.0
0.0
0.0
0.0
0.0
0.0
0.0
0.0
0.0
0.0
0.0
0.0
0.0
0.0
0.0
0.0
0.0
0.0
0.0
0.0
0.0
0.0
0.0
0.0
0.0
0.0
0.0
0.0
0.0
0.0
0.0
0.0
0.0
0.0
0.0
0.0
0.0
0.0
0.0
0.0
0.0
0.0
0.0
0.0
0.0
0.0
0.0
0.0
0.0
0.0
0.0
0.0
0.0
0.0
0.0
0.0
0.0
0.0
0.0
0.0
0.0
0.0
0.0
0.0
0.0
0.0
0.0
0.0
0.0
0.0
0.0
0.0
0.0
0.0
0.0
0.0
0.0
0.0
0.0
0.0
0.0
0.0
0.0
0.0
0.0
0.0
0.0
0.0
0.0
0.0
0.0
0.0
0.0
0.0
0.0
0.0
0.0
0.0
0.0
0.0
0.0
0.0
0.0
0.0
0.0
0.0
0.0
0.0
0.0
0.0
0.0
0.0
0.0
0.0
0.0
0.0
0.0
0.0
0.0
0.0
0.0
0.0
0.0
0.0
0.0
0.0
0.0
0.0
0.0
0.0
0.0
0.0
0.0
0.0
0.0
0.0
0.0
0.0
0.0
0.0
0.0
0.0
0.0
0.0
0.0
0.0
0.0
0.0
0.0
0.0
0.0
0.0
0.0
0.0
0.0
0.0
0.0
0.0
0.0
0.0
0.0
0.0
0.0
0.0
0.0
0.0
0.0
0.0
0.0
0.0
0.0
0.0
0.0
0.0
0.0
0.0
0.0
0.0
0.0
0.0
0.0
0.0
0.0
0.0
0.0
0.0
0.0
0.0
0.0
0.0
0.0
0.0
0.0
0.0
0.0
0.0
0.0
0.0
0.0
0.0
0.0
0.0
0.0
0.0
0.0
0.0
0.0
0.0
0.0
0.0
0.0
0.0
0.0
0.0
0.0
0.0
0.0
0.0
0.0
0.0
0.0
0.0
0.0
0.0
0.0
0.0
0.0
0.0
0.0
0.0
0.0
0.0
0.0
0.0
0.0
0.0
0.0
0.0
0.0
0.0
0.0
0.0
0.0
0.0
0.0
0.0
0.0
0.0
0.0
0.0
0.0
0.0
0.0
0.0
0.0
0.0
0.0
0.0
0.0
0.0
0.0
0.0
0.0
0.0
0.0
0.0
0.0
0.0
0.0
0.0
0.0
0.0
0.0
0.0
0.0
0.0
0.0
0.0
0.0
0.0
0.0
0.0
0.0
0.0
0.0
0.0
0.0
0.0
0.0
0.0
0.0
0.0
0.0
0.0
0.0
0.0
0.0
0.0
0.0
0.0
0.0
0.0
0.0
0.0
0.0
0.0
0.0
0.0
0.0
0.0
0.0
0.0
0.0
0.0
0.0
0.0
0.0
0.0
0.0
0.0
0.0
0.0
0.0
0.0
0.0
0.0
0.0
0.0
0.0
0.0
0.0
0.0
0.0
0.0
0.0
0.0
0.0
0.0
0.0
0.0
0.0
0.0
0.0
0.0
0.0
0.0
0.0
0.0
0.0
0.0
0.0
0.0
0.0
0.0
0.0
0.0
0.0
0.0
0.0
0.0
0.0
0.0
0.0
0.0
0.0
0.0
0.0
0.0
0.0
0.0
0.0
0.0
0.0
0.0
0.0
0.0
0.0
0.0
0.0
0.0
0.0
0.0
0.0
0.0
0.0
0.0
0.0
0.0
0.0
0.0
0.0
0.0
0.0
0.0
0.0
0.0
0.0
0.0
0.0
0.0
0.0
0.0
0.0
0.0
0.0
0.0
0.0
0.0
0.0
0.0
0.0
0.0
0.0
0.0
0.0
0.0
0.0
0.0
0.0
0.0
0.0
0.0
0.0
0.0
0.0
0.0
0.0
0.0
0.0
0.0
0.0
0.0
0.0
0.0
0.0
0.0
0.0
0.0
0.0
0.0
0.0
0.0
0.0
0.0
0.0
0.0
0.0
0.0
0.0
0.0
0.0
0.0
0.0
0.0
0.0
0.0
0.0
0.0
0.0
0.0
0.0
0.0
0.0
0.0
0.0
0.0
0.0
0.0
0.0
0.0
0.0
0.0
0.0
0.0
0.0
0.0
0.0
0.0
0.0
0.0
0.0
0.0
0.0
0.0
0.0
0.0
0.0
0.0
0.0
0.0
0.0
0.0
0.0
0.0
0.0
0.0
0.0
0.0
0.0
0.0
0.0
0.0
0.0
0.0
0.0
0.0
0.0
0.0
0.0
0.0
0.0
0.0
0.0
0.0
0.0
0.0
0.0
0.0
0.0
0.0
0.0
0.0
0.0
0.0
0.0
0.0
0.0
0.0
0.0
0.0
0.0
0.0
0.0
0.0
0.0
0.0
0.0
0.0
0.0
0.0
0.0
0.0
0.0
0.0
0.0
0.0
0.0
0.0
0.0
0.0
0.0
0.0
0.0
0.0
0.0
0.0
0.0
0.0
0.0
0.0
0.0
0.0
0.0
0.0
0.0
0.0
0.0
0.0
0.0
0.0
0.0
0.0
0.0
0.0
0.0
0.0
0.0
0.0
0.0
0.0
0.0
0.0
0.0
0.0
0.0
0.0
0.0
0.0
0.0
0.0
0.0
0.0
0.0
0.0
0.0
0.0
0.0
0.0
0.0
0.0
0.0
0.0
0.0
0.0
0.0
0.0
0.0
0.0
0.0
0.0
0.0
0.0
0.0
0.0
0.0
0.0
0.0
0.0
0.0
0.0
0.0
0.0
0.0
0.0
0.0
0.0
0.0
0.0
0.0
0.0
0.0
0.0
0.0
0.0
0.0
0.0
0.0
0.0
0.0
0.0
0.0
0.0
0.0
0.0
0.0
0.0
0.0
0.0
0.0
0.0
0.0
0.0
0.0
0.0
0.0
0.0
0.0
0.0
0.0
0.0
0.0
0.0
0.0
0.0
0.0
0.0
0.0
0.0
0.0
0.0
0.0
0.0
0.0
0.0
0.0
0.0
0.0
0.0
0.0
0.0
0.0
0.0
0.0
0.0
0.0
0.0
0.0
0.0
0.0
0.0
0.0
0.0
0.0
0.0
0.0
0.0
0.0
0.0
0.0
0.0
0.0
0.0
0.0
0.0
0.0
0.0
0.0
0.0
0.0
0.0
0.0
0.0
0.0
0.0
0.0
0.0
0.0
0.0
0.0
0.0
0.0
0.0
0.0
0.0
0.0
0.0
0.0
0.0
0.0
0.0
0.0
0.0
0.0
0.0
0.0
0.0
0.0
0.0
0.0
0.0
0.0
0.0
0.0
0.0
0.0
0.0
0.0
0.0
0.0
0.0
0.0
0.0
0.0
0.0
0.0
0.0
0.0
0.0
0.0
0.0
0.0
0.0
0.0
0.0
0.0
0.0
0.0
0.0
0.0
0.0
0.0
0.0
0.0
0.0
0.0
0.0
0.0
0.0
0.0
0.0
0.0
0.0
0.0
0.0
0.0
0.0
0.0
0.0
0.0
0.0
0.0
0.0
0.0
0.0
0.0
0.0
0.0
0.0
0.0
0.0
0.0
0.0
0.0
0.0
0.0
0.0
0.0
0.0
0.0
0.0
0.0
0.0
0.0
0.0
0.0
0.0
0.0
0.0
0.0
0.0
0.0
0.0
0.0
0.0
0.0
0.0
0.0
0.0
0.0
0.0
0.0
0.0
0.0
0.0
0.0
0.0
0.0
0.0
0.0
0.0
0.0
0.0
0.0
0.0
0.0
0.0
0.0
0.0
0.0
0.0
0.0
0.0
0.0
0.0
0.0
0.0
0.0
0.0
0.0
0.0
0.0
0.0
0.0
0.0
0.0
0.0
0.0
0.0
0.0
0.0
0.0
0.0
0.0
0.0
0.0
0.0
0.0
0.0
0.0
0.0
0.0
0.0
0.0
0.0
0.0
0.0
0.0
0.0
0.0
0.0
0.0
0.0
0.0
0.0
0.0
0.0
0.0
0.0
0.0
0.0
0.0
0.0
0.0
0.0
0.0
0.0
0.0
0.0
0.0
0.0
0.0
0.0
0.0
0.0
0.0
0.0
0.0
0.0
0.0
0.0
0.0
0.0
0.0
0.0
0.0
0.0
0.0
0.0
0.0
0.0
0.0
0.0
0.0
0.0
0.0
0.0
0.0
0.0
0.0
0.0
0.0
0.0
0.0
0.0
0.0
0.0
0.0
0.0
0.0
0.0
0.0
0.0
0.0
0.0
0.0
0.0
0.0
0.0
0.0
0.0
0.0
0.0
0.0
0.0
0.0
0.0
0.0
0.0
0.0
0.0
0.0
0.0
0.0
0.0
0.0
0.0
0.0
0.0
0.0
0.0
0.0
0.0
0.0
0.0
0.0
0.0
0.0
0.0
0.0
0.0
0.0
0.0
0.0
0.0
0.0
0.0
0.0
0.0
0.0
0.0
0.0
0.0
0.0
0.0
0.0
0.0
0.0
0.0
0.0
0.0
0.0
0.0
0.0
0.0
0.0
0.0
0.0
0.0
0.0
0.0
0.0
0.0
0.0
0.0
0.0
0.0
0.0
0.0
0.0
0.0
0.0
0.0
0.0
0.0
0.0
0.0
0.0
0.0
0.0
0.0
0.0
0.0
0.0
0.0
0.0
0.0
0.0
0.0
0.0
0.0
0.0
0.0
0.0
0.0
0.0
0.0
0.0
0.0
0.0
0.0
0.0
0.0
0.0
0.0
0.0
0.0
0.0
0.0
0.0
0.0
0.0
0.0
0.0
0.0
0.0
0.0
0.0
0.0
0.0
0.0
0.0
0.0
0.0
0.0
0.0
0.0
0.0
0.0
0.0
0.0
0.0
0.0
0.0
0.0
0.0
0.0
0.0
0.0
0.0
0.0
0.0
0.0
0.0
0.0
0.0
0.0
0.0
0.0
0.0
0.0
0.0
0.0
0.0
0.0
0.0
0.0
0.0
0.0
0.0
0.0
0.0
0.0
0.0
0.0
0.0
0.0
0.0
0.0
0.0
0.0
0.0
0.0
0.0
0.0
0.0
0.0
0.0
0.0
0.0
0.0
0.0
0.0
0.0
0.0
0.0
0.0
0.0
0.0
0.0
0.0
0.0
0.0
0.0
0.0
0.0
0.0
0.0
0.0
0.0
0.0
0.0
0.0
0.0
0.0
0.0
0.0
0.0
0.0
0.0
0.0
0.0
0.0
0.0
0.0
0.0
0.0
0.0
0.0
0.0
0.0
0.0
0.0
0.0
0.0
0.0
0.0
0.0
0.0
0.0
0.0
0.0
0.0
0.0
0.0
0.0
0.0
0.0
0.0
0.0
0.0
0.0
0.0
0.0
0.0
0.0
0.0
0.0
0.0
0.0
0.0
0.0
0.0
0.0
0.0
0.0
0.0
0.0
0.0
0.0
0.0
0.0
0.0
0.0
0.0
0.0
0.0
0.0
0.0
0.0
0.0
0.0
0.0
0.0
0.0
0.0
0.0
0.0
0.0
0.0
0.0
0.0
0.0
0.0
0.0
0.0
0.0
0.0
0.0
0.0
0.0
0.0
0.0
0.0
0.0
0.0
0.0
0.0
0.0
0.0
0.0
0.0
0.0
0.0
0.0
0.0
0.0
0.0
0.0
0.0
0.0
0.0
0.0
0.0
0.0
0.0
0.0
0.0
0.0
0.0
0.0
0.0
0.0
0.0
0.0
0.0
0.0
0.0
0.0
0.0
0.0
0.0
0.0
0.0
0.0
0.0
0.0
0.0
0.0
0.0
0.0
0.0
0.0
0.0
0.0
0.0
0.0
0.0
0.0
0.0
0.0
0.0
0.0
0.0
0.0
0.0
0.0
0.0
0.0
0.0
0.0
0.0
0.0
0.0
0.0
0.0
0.0
0.0
0.0
0.0
0.0
0.0
0.0
0.0
0.0
0.0
0.0
0.0
0.0
0.0
0.0
0.0
0.0
0.0
0.0
0.0
0.0
0.0
0.0
0.0
0.0
0.0
0.0
0.0
0.0
0.0
0.0
0.0
0.0
0.0
0.0
0.0
0.0
0.0
0.0
0.0
0.0
0.0
0.0
0.0
0.0
0.0
0.0
0.0
0.0
0.0
0.0
0.0
0.0
0.0
0.0
0.0
0.0
0.0
0.0
0.0
0.0
0.0
0.0
0.0
0.0
0.0
0.0
0.0
0.0
0.0
0.0
0.0
0.0
0.0
0.0
0.0
0.0
0.0
0.0
0.0
0.0
0.0
0.0
0.0
0.0
0.0
0.0
0.0
0.0
0.0
0.0
0.0
0.0
0.0
0.0
0.0
0.0
0.0
0.0
0.0
0.0
0.0
0.0
0.0
0.0
0.0
0.0
0.0
0.0
0.0
0.0
0.0
0.0
0.0
0.0
0.0
0.0
0.0
0.0
0.0
0.0
0.0
0.0
0.0
0.0
0.0
0.0
0.0
0.0
0.0
0.0
0.0
0.0
0.0
0.0
0.0
0.0
0.0
0.0
0.0
0.0
0.0
0.0
0.0
0.0
0.0
0.0
0.0
0.0
0.0
0.0
0.0
0.0
0.0
0.0
0.0
0.0
0.0
0.0
0.0
0.0
0.0
0.0
0.0
0.0
0.0
0.0
0.0
0.0
0.0
0.0
0.0
0.0
0.0
0.0
0.0
0.0
0.0
0.0
0.0
0.0
0.0
0.0
0.0
0.0
0.0
0.0
0.0
0.0
0.0
0.0
0.0
0.0
0.0
0.0
0.0
0.0
0.0
0.0
0.0
0.0
0.0
0.0
0.0
0.0
0.0
0.0
0.0
0.0
0.0
0.0
0.0
0.0
0.0
0.0
0.0
0.0
0.0
0.0
0.0
0.0
0.0
0.0
0.0
0.0
0.0
0.0
0.0
0.0
0.0
0.0
0.0
0.0
0.0
0.0
0.0
0.0
0.0
0.0
0.0
0.0
0.0
0.0
0.0
0.0
0.0
0.0
0.0
0.0
0.0
0.0
0.0
0.0
0.0
0.0
0.0
0.0
0.0
0.0
0.0
0.0
0.0
0.0
0.0
0.0
0.0
0.0
0.0
0.0
0.0
0.0
0.0
0.0
0.0
0.0
0.0
0.0
0.0
0.0
0.0
0.0
0.0
1.6037296900966832e-06
0.0
0.0
0.0
0.0
0.0
0.0
0.0
0.0
0.0
0.0
0.0
0.0
0.0
0.0
0.0
0.0
0.0
0.0
0.0
0.0
0.0
0.0
0.0
3.6724567454015034e-05
4.390483774759492e-07
0.0
0.0
0.0
0.0
0.0
0.0
0.0
0.0
0.0
0.0
0.0
0.0
0.0
0.0
0.0
0.0
0.0
0.0
0.0
0.0
0.0
0.0
0.0
0.0
0.0
0.0
0.0
0.0
0.0
0.0
0.0
0.0
0.0
0.0
0.0
0.0
0.0
0.0
0.0
0.0
0.0
0.0
0.0
0.0
0.0
0.0
2.20123772578965e-06
0.0
0.0
0.0
0.0
0.0
0.0
0.0
0.0
0.0
0.0
0.0
0.0
0.0
0.0
0.0
0.0
0.0
0.0
0.0
0.0
0.0
0.0
0.0
0.0
0.0
0.0
0.0
0.0
0.0
0.0
0.0
0.0
0.0
0.0
0.0
0.0
0.0
0.0
0.0
0.0
0.0
0.0
0.0
0.0
0.0
0.0
0.0
0.0
0.0
0.0
0.0
0.0
0.0
0.0
0.0
0.0
0.0
0.0
0.0
0.0
0.0
0.0
0.0
0.0
0.0
0.0
0.0
0.0
0.0
0.0
0.0
0.0
0.0
0.0
0.0
0.0
0.0
0.0
0.0
0.0
0.0
0.0
0.0
0.0
0.0
0.0
0.0
0.0
0.0
0.0
0.0
0.0
0.0
0.0
0.0
0.0
0.0
0.0
0.0
0.0
0.0
0.0
0.0
0.0
0.0
0.0
0.0
0.0
0.0
0.0
0.0
0.0
0.0
0.0
0.0
0.0
0.0
0.0
0.0
0.0
0.0
0.0
0.0
0.0
0.0
0.0
0.0
0.0
0.0
0.0
0.0
0.0
0.0
0.0
0.0
0.0
0.0
0.0
0.0
0.0
0.0
0.0
0.0
0.0
0.0
0.0
0.0
0.0
0.0
0.0
0.0
0.0
0.0
0.0
0.0
0.0
0.0
0.0
0.0
0.0
0.0
0.0
0.0
0.0
0.0
0.0
0.0
0.0
0.0
0.0
0.0
0.0
0.0
0.0
0.0
0.0
0.0
0.0
0.0
0.0
0.0
0.0
0.0
0.0
0.0
0.0
0.0
0.0
0.0
0.0
0.0
0.0
0.0
0.0
0.0
0.0
0.0
0.0
0.0
0.0
0.0
0.0
0.0
0.0
0.0
0.0
0.0
0.0
0.0
0.0
0.0
0.0
0.0
0.0
0.0
0.0
0.0
0.0
0.0
0.0
0.0
0.0
0.0
0.0
0.0
0.0
0.0
0.0
0.0
0.0
0.0
0.0
0.0
0.0
0.0
0.0
0.0
0.0
0.0
0.0
0.0
0.0
0.0
0.0
0.0
0.0
0.0
0.0
0.0
0.0
0.0
0.0
0.0
0.0
0.0
0.0
0.0
0.0
0.0
0.0
0.0
0.0
0.0
5.782723868879589e-05
2.9590833319175345e-05
9.01904292728977e-06
0.0
0.0
0.0
0.0
0.0
0.0
0.0
0.0
0.0
0.0
0.0
0.0
0.0
0.0
0.0
0.0
0.0
0.0
0.0
0.0
0.0
0.001301998277699751
0.0009362805703395931
0.00047181436289187815
4.335042313304616e-05
1.160914610578743e-06
0.0
0.0
0.0
0.0
0.0
0.0
0.0
0.0
0.0
0.0
0.0
0.0
0.0
0.0
0.0
0.0
0.0
0.0
0.0
0.0012345847167995248
0.0008468937515292012
0.00030404081161233647
1.1971145783307502e-05
0.0
0.0
0.0
0.0
0.0
0.0
0.0
0.0
0.0
0.0
0.0
0.0
0.0
0.0
0.0
0.0
0.0
0.0
0.0
0.0
0.0007010275678107157
0.0004403145138145662
5.148610904775067e-05
0.0
0.0
0.0
0.0
0.0
0.0
0.0
0.0
0.0
0.0
0.0
0.0
0.0
0.0
0.0
0.0
0.0
0.0
0.0
0.0
0.0
0.00036257546023020054
0.00018539655675684923
7.440630638729226e-06
0.0
0.0
0.0
0.0
0.0
0.0
0.0
0.0
0.0
0.0
0.0
0.0
0.0
0.0
0.0
0.0
0.0
0.0
0.0
0.0
0.0
0.00011917248243755036
8.822942735587513e-05
1.0494291698002874e-06
0.0
0.0
0.0
0.0
0.0
0.0
0.0
0.0
0.0
0.0
0.0
0.0
0.0
0.0
0.0
0.0
0.0
0.0
0.0
0.0
0.0
0.0
0.0
4.862900488702756e-06
0.0
0.0
0.0
0.0
0.0
0.0
0.0
0.0
0.0
0.0
0.0
0.0
0.0
0.0
0.0
0.0
0.0
0.0
0.0
0.0
0.0
0.0003807115035036424
0.0001822174953659312
9.173572746941854e-06
0.0
0.0
0.0
0.0
0.0
0.0
0.0
0.0
0.0
0.0
0.0
0.0
0.0
0.0
0.0
0.0
0.0
0.0
0.0
0.0
0.0
0.0
0.0
0.0
0.0
0.0
0.0
0.0
0.0
0.0
0.0
0.0
0.0
0.0
0.0
0.0
0.0
0.0
0.0
0.0
0.0
0.0
0.0
0.0
0.0
0.0
0.0
0.0
0.0
0.0
0.0
0.0
0.0
0.0
0.0
0.0
0.0
0.0
0.0
0.0
0.0
0.0
0.0
0.0
0.0
0.0
0.0
0.0
0.0
0.0
0.0
0.0
0.0
0.0
0.0
0.0
0.0
0.0
0.0
0.0
0.0
0.0
0.0
0.0
0.0
0.0
0.0
0.0
0.0
0.0
0.0
0.0
0.0
4.3186923019671325e-05
1.3736579744677688e-05
0.0
0.0
0.0
0.0
0.0
0.0
0.0
0.0
0.0
0.0
0.0
0.0
0.0
0.0
0.0
0.0
0.0
0.0
0.0
0.0
0.0
0.0
3.2355463759403144e-05
5.631933787023176e-07
0.0
0.0
0.0
0.0
0.0
0.0
0.0
0.0
0.0
0.0
0.0
0.0
0.0
0.0
0.0
0.0
0.0
0.0
0.0
0.0
0.0
0.0
0.0
0.0
0.0
0.0
0.0
0.0
0.0
0.0
0.0
0.0
0.0
0.0
0.0
0.0
0.0
0.0
0.0
0.0
0.0
0.0
0.0
0.0
0.0
0.0
0.0
0.0
0.0
0.0
0.0
0.0
0.0
0.0
0.0
0.0
0.0
0.0
0.0
0.0
0.0
0.0
0.0
0.0
0.0
0.0
0.0
0.0
0.0
0.0
0.0
0.0
0.0
0.0
0.0
0.0
0.0
0.0
0.0
0.0
0.0
0.0
0.0
0.0
0.0
0.0
0.0
0.0
0.0
0.0
0.0
0.0
0.0
0.0
0.0
0.0
0.0
0.0
0.0
0.0
0.0
0.0
0.0
0.0
0.0
0.0
0.0
0.0
0.0
0.0
0.0
0.0
0.0
0.0
0.0
0.0
0.0
0.0
0.0006719931801217283
0.00045050228111221763
0.00016903957785739646
1.5007948707675244e-06
0.0
0.0
0.0
0.0
0.0
0.0
0.0
0.0
0.0
0.0
0.0
0.0
0.0
0.0
0.0
0.0
0.0
0.0
0.0
0.0
1.2052228686832187e-05
0.0
0.0
0.0
0.0
0.0
0.0
0.0
0.0
0.0
0.0
0.0
0.0
0.0
0.0
0.0
0.0
0.0
0.0
0.0
0.0
0.0
0.0
0.0
0.0
0.0
0.0
0.0
0.0
0.0
0.0
0.0
0.0
0.0
0.0
0.0
0.0
0.0
0.0
0.0
0.0
0.0
0.0
0.0
0.0
0.0
0.0
0.0
0.0
0.0
0.0
0.0
0.0
0.0
0.0
0.0
0.0
0.0
0.0
4.571278663972242e-05
0.00031146234791518243
0.0
0.0
0.0
0.0
0.0
0.0
0.0
0.0
0.0
0.0
1.610127674556451e-05
7.501061894862319e-05
0.0021376370216927565
0.001454045628074202
0.000994044837297389
0.00045666317311832133
0.000144046992093083
6.23774188246268e-05
3.182778898202368e-05
5.333183470446777e-06
0.0
0.0
0.0
1.0513451719419599e-07
3.838795338012028e-05
7.340825321433806e-05
0.00017756383464769075
0.0
0.0
0.0
0.0
0.0
0.0
1.5143274258147646e-05
4.585852165069259e-05
4.514996293277495e-05
0.0020361334685987673
0.0012090986642192998
0.0006380289028858179
0.00012655918361991142
5.3535466855975396e-05
1.2371613406701608e-05
0.0
0.0
0.0
0.0
0.0
0.0
0.0
0.0
0.0
0.0
0.0
0.0
0.0
0.0
0.0
0.0
0.0
0.0
0.0005069670909753194
0.0002414746155044319
5.977969707198787e-05
6.812435708314581e-06
0.0
0.0
0.0
0.0
0.0
0.0
0.0
0.0
0.0
0.0
0.0
0.0
0.0
0.0
0.0
0.0
0.0
0.0
0.0
0.0
0.0008776530777295043
0.0005815518494794553
0.0004156460307949326
0.0001396648148446268
0.00010804627711394959
7.811737368610596e-05
5.506429058045799e-05
4.957412415783585e-05
5.338586680915112e-05
5.696050090849271e-05
6.28914825999678e-05
7.1340751340085e-05
9.235893110894475e-05
0.0001189313968948575
0.0001546601603085214
0.0
0.0
0.0
0.0
0.0
0.0
0.0
0.0
0.0
0.001365229335054884
0.0008961107592584366
0.0006530247288132667
0.0003113875417094857
0.00016511608951862302
9.738132960058353e-05
6.32563678434438e-05
4.506698469035099e-05
2.6714214833865746e-05
1.2228846165208624e-05
1.1099313596608184e-05
3.1977116947203226e-05
0.00010679098350983706
0.00019234229913068062
0.00037272235304017275
0.0
0.0
0.0
0.0
0.0
0.0
1.53779235992663e-05
8.327205901053509e-05
0.00014419150145066094
0.0022761081727804204
0.0014963512247913925
0.0009087742635466008
0.000226715336691323
5.73337359903384e-05
1.6229247811284307e-05
0.0
0.0
0.0
0.0
0.0
0.0
6.370888879239825e-06
5.6490259157298516e-05
0.00018675737706295406
0.0004680700474594754
0.0
0.0
0.0
0.0
0.0
0.0
0.0
2.7149383484556993e-05
5.554340052243388e-05
3.204643623933318e-05
0.0014231988646515805
0.00048109449444353716
8.201041826396948e-05
2.778135252372808e-05
0.0
0.0
0.0
0.0
0.0
0.0
0.0
0.0
0.0
0.0
0.0
0.0
0.0
0.0
0.0
0.0
0.0
0.0
0.0017657683230952255
0.001078606503209621
0.00045839486122482587
4.4755382728697273e-05
9.803050706202642e-07
0.0
0.0
0.0
0.0
0.0
0.0
0.0
0.0
0.0
0.0
0.0
0.0
0.0
0.0
0.0
0.0
0.0
0.0
0.0
0.0014229218834444465
0.0008167718095518998
0.00029167593119572006
1.898790072685448e-05
0.0
0.0
0.0
0.0
0.0
0.0
0.0
0.0
0.0
0.0
0.0
0.0
0.0
0.0
0.0
0.0
0.0
0.0
0.0
0.0
0.0014006074246677134
0.0008043585350829429
0.00028789706869771615
1.988120337212904e-05
0.0
0.0
0.0
0.0
0.0
0.0
0.0
0.0
0.0
0.0
0.0
0.0
0.0
0.0
0.0
0.0
0.0
0.0
0.0
0.0
0.0008018311801517215
0.000459334146594049
6.786928785622761e-05
0.0
0.0
0.0
0.0
0.0
0.0
0.0
0.0
0.0
0.0
0.0
0.0
0.0
0.0
0.0
0.0
0.0
0.0
0.0
0.0
0.0
1.2692198747420317e-06
0.0
0.0
0.0
0.0
0.0
0.0
0.0
0.0
0.0
0.0
0.0
0.0
0.0
0.0
0.0
0.0
0.0
0.0
0.0
0.0
0.0
0.0
0.0
0.0002063175562712048
5.85083717760335e-05
3.518772647633868e-06
0.0
0.0
0.0
0.0
0.0
0.0
0.0
0.0
0.0
0.0
0.0
0.0
0.0
0.0
0.0
0.0
0.0
0.0
0.0
0.0
0.0
0.0
0.0
0.00028485319619714377
9.261991345530207e-06
0.0
0.0
0.0
0.0
0.0
0.0
0.0
0.0
0.0
0.0
0.0
0.0
0.0
0.0
0.0
0.0
0.0
0.0
0.0
0.0
2.385963566351554e-05
0.0
0.0
0.0
0.0
0.0
0.0
0.0
0.0
0.0
0.0
0.0
0.0
0.0
0.0
0.0
0.0
0.0
0.0
0.0
0.0
0.0
0.0
0.0
0.0
0.0
0.0
0.0
0.0
0.0
0.0
0.0
0.0
0.0
0.0
0.0
0.0
0.0
0.0
0.0
0.0
0.0
0.0
0.0
0.0
0.0
0.0
0.0
0.0
0.0
0.0
0.0
0.0
0.0
0.0
0.0
0.0
0.0
0.0
0.0
0.0
0.0
0.0
0.0
0.0
0.0
0.0
0.0
0.0
0.0
0.0
0.0
0.0
0.0
0.0
0.0
0.0
0.0
0.0
0.0
0.0
0.0
0.0
0.0
0.0
0.0
0.0
0.0
0.0
0.0
0.0
0.0
0.0
0.0
0.0
0.0
1.1293432144735549e-05
1.1477170327521936e-07
0.0
0.0
0.0
0.0
0.0
0.0
0.0
0.0
0.0
0.0
0.0
0.0
0.0
0.0
0.0
0.0
0.0
0.0
0.0
0.0
0.0
0.0
0.0018055232140754887
0.0011907359569517098
0.0005501281487757982
4.755068476650168e-05
1.5750263585153495e-06
0.0
0.0
0.0
0.0
0.0
0.0
0.0
0.0
0.0
0.0
0.0
0.0
0.0
0.0
0.0
0.0
0.0
0.0
0.0
0.0
0.0
0.0
0.0
0.0
0.0
0.0
0.0
0.0
0.0
0.0
0.0
0.0
0.0
0.0
0.0
0.0
0.0
0.0
0.0
0.0
0.0
0.0
0.0
0.0
0.0
0.0
0.0
0.0
0.0
0.0
0.0
0.0
0.0
0.0
0.0
0.0
0.0
0.0
0.0
0.0
0.0
0.0
0.0
0.0
0.0
0.0
0.0
0.0
0.0
0.0
0.0
0.0
0.0
0.0
0.0
0.0
0.0
0.0
0.0
0.0
0.0
0.0
0.0
0.0
0.0
0.0
0.0
0.0
0.0
0.0
0.0
6.8921928444037515e-06
8.16395351890155e-06
1.4982905384086291e-06
0.0
0.0
0.0
0.0
0.0
0.0
0.0
0.0
0.0
0.0
0.0
0.0
0.0
0.0
0.0
0.0
0.0
0.0
0.0
0.0
0.0
0.0013469780733097645
0.0008824982856557278
0.0005694724483830641
0.00014327338580452577
5.151131875708716e-05
1.8281235363732657e-05
9.048198185969702e-08
0.0
0.0
0.0
0.0
1.8762302377077314e-06
3.0231024814727204e-05
8.062983208586277e-05
0.0002954038430271064
0.0
0.0
0.0
0.0
0.0
4.560486719418284e-05
0.00013242156057420996
0.00016762555844503975
0.0001734822955874503
0.002553371457407041
0.0018401163960951085
0.001333354615683118
0.0006129855939332968
0.00021271609358961615
8.895167415611182e-05
5.963108066074687e-05
3.535178244899713e-05
1.4810745576292085e-05
3.5992061385236267e-06
7.301530277968539e-06
2.2840079355557876e-05
4.564342452992931e-05
6.64452856092432e-05
9.638981700281742e-05
0.0
0.0
0.0
0.0
0.0
0.0
0.0
0.0
0.0
0.001450405744217323
0.000855866616715166
0.0004628739573913946
7.668394484499055e-05
1.7572782317521887e-05
0.0
0.0
0.0
0.0
0.0
0.0
0.0
0.0
0.0
0.0
0.0
0.0
0.0
0.0
0.0
0.0
0.0
0.0
0.0
0.0
0.0
0.0
0.0
0.0
0.0
0.0
0.0
0.0
0.0
0.0
0.0
0.0
0.0
0.0
0.0
0.0
0.0
0.0
0.0
0.0
0.0
0.0
0.0
0.0
0.0
0.0
0.0
0.0
0.0
2.060551936995293e-06
3.690105697152032e-05
0.00012029048826527614
0.00018936113635969963
0.0002717834689172595
0.00038950991110960195
0.0005713289353505412
0.0007556360570757832
0.0008257860417073956
0.0
0.0
7.263820824291059e-06
4.424564239575659e-05
9.416097252732207e-05
0.00012030013918573893
0.00018809167903152362
0.0002472373082254522
0.00035415159571674024
0.0027892988189677876
0.0021504483142988653
0.0018863698580441732
0.0015256188869946859
0.0012476735417489586
0.0008752487361606294
0.0005809976802850842
0.00030474244272111096
0.00014696016892590513
0.00012009205139023801
0.0002227094625171236
0.0005535852296520954
0.0008469773868616484
0.0010809585811004311
0.001233494061893623
0.0
9.868949970451083e-05
0.00015339354989666454
0.00016361668599210316
0.0002303370514232628
0.0003063452597445454
0.0004012340013338922
0.0004372866289914435
0.000535649272245559
0.0028499693058175166
0.002049369265942937
0.0012414104378150918
0.0004082092634828085
0.00012937468901517656
7.204228293062345e-05
3.360092032564635e-05
4.7374087245255895e-06
0.0
0.0
0.0
0.0
8.502148245378595e-06
2.4751394564034434e-05
3.830986541470653e-05
0.0
0.0
0.0
0.0
0.0
0.0
0.0
0.0
0.0
0.000126632893056939
2.605822866885398e-05
1.8885328086478052e-07
0.0
0.0
0.0
0.0
0.0
0.0
0.0
0.0
0.0
0.0
0.0
0.0
0.0
0.0
0.0
0.0
0.0
0.0
0.0
0.0
0.0
0.0008684071272587528
0.0005446264177669396
0.0004135698833207438
0.0001713967780177265
0.0001049190420022593
9.033859941263563e-05
8.54359451085189e-05
8.552967472032443e-05
8.418991730794909e-05
8.342526933781656e-05
0.00012362436447051526
0.0002043714337459687
0.00035327741857024155
0.0005043052918986972
0.0006033933272073664
0.0
0.0
0.0
2.4074341953570254e-05
8.946352735365221e-05
0.00010868589070733109
0.00017356992032043197
0.0002448104725061642
0.00022753715726554736
0.0027695435091634555
0.0022389415094805744
0.002073828260579476
0.0017674470133112227
0.0015332405816537813
0.0013944405321511132
0.0013523431507151404
0.0013513958155492367
0.0014088852419481158
0.0014537137784858905
0.0014466601788394734
0.0014896184761563314
0.0017835336352314973
0.0019494417936792095
0.001962984916317983
0.002077299115585907
0.00013813898434863014
0.0003662728670562677
0.00045812680599206334
0.00048132337776235105
0.000730073950401482
0.0006660564655759937
0.0007033930783005658
0.0009397927819862232
0.0008378729954619832
0.0008450181665978374
0.003239456808581113
0.0024803139286868384
0.0019550851049913087
0.0016781797651685964
0.0013560345245504295
0.001182452200629024
0.0010606233697668423
0.0010335790929833027
0.0011374510800784856
0.002128707478024393
0.0024676648548995254
9.88557750232602e-05
0.0003230605525082342
0.0005672326107368154
0.0005251558365030181
0.0007944431270778353
0.0009120482111626039
0.0007477952413865162
0.0010705084861215095
0.0011554345386524582
0.0009213240472272737
0.0012617545313108028
0.0038338370029366753
0.0031512193953784602
0.002459146281488309
0.0017368108406950263
0.0011226403245727038
0.0008600675660895306
0.0007765427475983813
0.000587841673909661
0.0005627446102396222
0.0005273378862588657
0.0005488190104184343
0.0006832783009035023
0.0009006948804832234
0.0010759721011668374
0.001228810710808425
2.0800596907951395e-05
9.197226459970087e-05
0.0001364493332891384
0.0002003050823966878
0.00021211921044897387
0.0003591697997563115
0.0006052261349293782
0.0005092087811347253
0.0004503361721918375
0.0029051941643200747
0.0021978223488401914
0.0017860349200152837
0.0012724529071365049
0.0010011354363858407
0.0008203870915704195
0.0006897442912439029
0.0004245565683561166
0.00023082545917199411
0.00014579880203953203
0.00031445954587024197
0.0006950940528417798
0.0010184379037578226
0.001211388516439038
0.001401875977547529
5.1370507935539574e-05
0.00018945653344130592
0.0003086445437485807
0.0005149221893060525
0.0005517681564282636
0.0005886398047700802
0.0007510704696347383
0.0007215879428756785
0.0007458972384668084
0.0034187583630612244
0.002693980510641207
0.0019719593953434525
0.0011502337190074344
0.0006607301195331108
0.00029398194457082744
0.00016688105283014937
0.00012052452423143681
9.460914923157838e-05
7.751579459690202e-05
8.472289011774699e-05
0.00011030317882956418
0.00026649691943157527
0.00041792499630899144
0.0005333892777940427
0.0
0.0
0.0
0.0
5.230389232575967e-05
6.576135826778776e-05
6.331683727845391e-05
0.00012782560960337746
0.0001031332062879508
0.002028894401556425
0.0013279006304798345
0.0009987863117633202
0.0005259470791575216
0.0002602622051011759
0.00013007666758158468
9.773169169460259e-05
7.355880101303108e-05
6.05796400278261e-05
6.878792360277861e-05
7.962099431639457e-05
7.991219949774384e-05
9.229254518735371e-05
0.00010666817138441216
0.00019039793456157946
0.0
0.0
0.0
0.0
0.0
0.0
0.0
0.0
0.0
0.0015034661839170075
0.001046260926172215
0.0008471315286476098
0.0005713233790367008
0.000495515003553119
0.0003781675903183915
0.0002888680654716722
0.00018506754160473683
0.00030284148211940926
0.0003761560171405348
0.0004577188865540779
0.0005834968915734095
0.0007219660864434065
0.0008312221295091716
0.0009014808130983154
0.0
0.0
0.0
2.4150932797721017e-05
7.63249351575921e-05
9.076071232620798e-05
0.00012046188632108377
9.137764403181406e-05
9.594894026159189e-05
0.0020576593496105552
0.0014758224783939827
0.0012493674768427557
0.0008849991063521132
0.0006030931526006319
0.00037222068425422407
0.0001990023470629402
0.00012864071240870214
0.00011478518291715886
0.00010707323570411033
8.884515733963665e-05
8.366871332474085e-05
0.0001426046249853694
0.0002537188228252426
0.0002438450820696982
0.00041477489952004647
0.0
0.0
0.0
0.0
0.0
0.0
0.0
0.0
0.0
0.0
0.0009623596258390698
0.000336384032390443
5.305991413071758e-05
1.2287457239713959e-05
0.0
0.0
0.0
0.0
0.0
1.2539543831492832e-06
4.3473987351230155e-05
0.0
0.0
0.0
0.0
0.0
0.0
0.0
0.0
0.0
0.0
0.0
0.0018137168241818072
0.001290944899495012
0.0009192453999555867
0.00041739817743554003
0.00017252799391187374
7.000662984929325e-05
4.033999197251039e-05
1.8299387679865517e-05
2.6523478511305244e-06
0.0
9.391002448181076e-06
6.35854040010088e-05
0.00019494765610221537
0.0004646142080147561
0.0005763973845486688
0.0
0.0
0.0
0.0
0.0
2.5360972062487748e-05
2.3755846047561655e-05
2.5295445932078645e-05
4.5760078763224095e-05
0.0019755915829511197
0.0013362606512015273
0.0008064170906751907
0.00015634162065448505
3.842546310359171e-05
1.7761142364094993e-06
0.0
0.0
0.0
0.0
0.0
0.0
0.0
0.0
0.0
0.0
0.0
0.0
0.0
0.0
0.0
0.0
0.0
0.0
5.797844857214116e-06
0.0
0.0
0.0
0.0
0.0
0.0
0.0
0.0
0.0
0.0
0.0
0.0
0.0
0.0
0.0
0.0
0.0
0.0
0.0
0.0
0.0
0.0
0.0
0.0
0.0
0.0
0.0
0.0
0.0
0.0
0.0
0.0
0.0
0.0
0.0
0.0
0.0
0.0
0.0
0.0
0.0
0.0
0.0
0.0
0.0
0.0
0.0
0.0014223810385468017
0.001088324798530599
0.000793711694212725
0.000303609821144624
8.98575355973117e-05
3.4960409362670854e-05
2.0454512545383022e-05
9.376122781931913e-06
7.878382263190335e-08
1.0525041455754638e-06
1.8297343586119792e-05
8.337836523852447e-05
0.00040708360897796406
0.0007238613547290386
0.0009378554206519754
0.0
2.2805641093560264e-05
8.104544919560014e-05
0.00011652769539585045
0.0002301932935828681
0.0003806626921463561
0.00042255743857779675
0.0005086799750618907
0.0006889959224312914
0.0030968754355747306
0.0024714333644799266
0.0018097654921960208
0.0009223686136459814
0.0003364189941584962
0.00012518695113558496
8.577149283560488e-05
5.373419595003523e-05
3.347730489031193e-05
2.480888991730039e-05
3.5902236487775024e-05
5.7335303281001555e-05
0.0001901445837012468
0.0005459908335085699
0.0007093197192719872
0.0009585696811565945
0.0
0.0
0.0
0.0
0.0
4.715088966950466e-05
5.632077237723266e-05
8.332425347543631e-05
0.0001389991405816647
8.560329961231083e-05
0.0018516033706816243
0.0011241097475595495
0.0006171304739768305
0.00019724563473254528
5.7073796796458234e-05
2.142438103063474e-05
3.4180354607906587e-06
0.0
0.0
4.9175145924582614e-05
0.00015346996000724104
0.0
0.0
0.0
0.0
0.0
0.0
0.0
0.0
0.0
0.0
0.0
0.0016146542920953658
0.0011094509826295724
0.0008096102184091603
0.0003833049257939723
0.00021323649719413046
8.026268026986676e-05
5.6650963108651744e-05
3.406530987640083e-05
1.4952753012764061e-05
1.3252098704297935e-05
2.3263448066980234e-05
7.489170331151311e-05
0.00039617864321312427
0.0007471794251401293
0.0009641944432372257
0.0
2.425133742364414e-05
8.350296635000807e-05
0.00012103631090179435
0.00023546969452605562
0.00034970704494262465
0.00043532915217491
0.0005362598019762136
0.0005132488017596674
0.0005966855438620167
0.0004890264778861923
0.002406295193495256
0.0013836001392291196
0.0007120942793819718
0.00033376740630626994
0.00010148731393098509
6.835419359023075e-05
4.146776368075736e-05
3.193095721052576e-05
4.342344816345886e-05
0.00018515741665365746
0.0005405564029640275
0.0
0.0
0.0
0.0
0.0
0.0
0.0
0.0
0.0
0.0
0.0
0.0015906239287510312
0.0009590196387685264
0.0005755670359625109
0.0001284436862785132
4.3489058348969045e-05
5.483814288474102e-06
0.0
0.0
0.0
0.0
0.0
0.0
0.0
0.0
9.072124317358862e-06
0.0
0.0
0.0
0.0
0.0
0.0
0.0
0.0
0.0
0.0014196740055544936
0.0010280952526992382
0.0008111816679542158
0.0004317733045832595
0.00023096264324997613
0.00010564841561900764
7.534297297165158e-05
4.571856148842736e-05
2.9646838816112185e-05
1.6936262385134648e-05
2.807225602837742e-05
4.352454813260911e-05
7.045234851336442e-05
0.00023476312062471063
0.0005396708933653815
0.0
0.0
0.0
0.0
8.19677435375048e-05
0.0001193979178264378
0.00012467852304861576
0.00020740217892726678
0.0002051357053968046
0.002575266098996604
0.0018004362427272431
0.0012752466588526008
0.0006417908967315509
0.0003618061095030524
0.00011144204256012996
5.84832830630951e-05
1.9145573656057366e-05
5.7266073018442696e-06
2.7910879195145494e-06
1.1147707182848834e-05
2.0218472170963985e-05
3.246944153187866e-05
3.88320893723414e-05
6.785248508192195e-05
0.0
0.0
0.0
0.0
0.0
0.0
0.0
0.0
0.0
0.0008638725480274832
0.0004602530985223083
0.00023353639313277493
4.95816446387523e-05
1.0212102475768673e-05
0.0
0.0
0.0
0.0
0.0
0.0
0.0
0.0
0.0
0.0
0.0
0.0
0.0
0.0
0.0
0.0
0.0
0.0
0.0
0.0
0.0
0.00017841296857714763
3.1492001969658204e-05
3.2453539869716235e-06
0.0
0.0
0.0
0.0
0.0
0.0
0.0
0.0
0.0
0.0
0.0
0.0
0.0
0.0
0.0
0.0
0.0
0.0
0.0
0.0014419272167256563
0.0012895463202380174
0.0011903298388390943
0.0007956393453209254
0.0006350371397434342
0.00047956548955342297
0.0005138831091620937
0.0006171101950622332
0.0006673361805334317
0.0006618205598666907
0.0007307439779370893
0.0008513402135677636
0.0010221838416223708
0.0011785524363671497
0.0012637243355585746
2.1472785005499427e-05
0.000150207327491331
0.00022758690518433902
