0.0007445894297782738
0.0007980496268872444
0.000575890939150412
0.0008940752513054842
0.0008011491762661999
0.0005581958781276628
0.0008728723499163301
0.0008112039801853975
0.0005395532018807911
0.0006925887034242273
0.00043326145876941005
0.00021084397704758864
0.0001940730770692294
2.7662641286129973e-05
0.0
0.0
8.890540207448647e-06
0.00016590711877878452
0.00029811052526144944
0.00027315422228921813
0.0004861476765975312
0.0005253525480399247
0.0004204787714615989
0.0007385376759044638
0.0007501574636796863
0.0005529710661715077
0.0009070750879882436
0.0008477131709839232
0.0005968319386519917
0.000980383062954448
0.0013280514832244698
0.0012001424659703358
0.0009122506841894359
0.0005799289124460756
0.000363580672610523
0.00017290186767194643
7.560383963564638e-05
5.750915002586453e-05
4.159717237474432e-05
4.685109090522638e-05
6.603707023453216e-05
5.583551873163982e-05
0.00022898358979126708
0.00023990892448643228
0.0004765929604424489
0.0004858805552668822
0.0003754399837305456
0.0006412633852869587
0.0006234212578995654
0.00047435728758202635
0.0007923556741918845
0.0007585324567880088
0.0005568266601010982
0.0009089075062888261
0.0012359175966126252
0.0011180600228995602
0.0009286674370058494
0.0006768621628417664
0.00044831143515444005
0.00026559286927061414
0.00011298168676716355
6.250332747060767e-05
6.704957925277476e-05
7.271615992403312e-05
8.133820444176307e-05
6.222995998797734e-05
0.0001957142127149034
0.00023181364180257518
0.00019833842293013023
0.00039116355169079427
0.0003996176404575048
0.00030976112924298917
0.0005377076746523538
0.0004953710192432123
0.00034409575937881975
0.0005271250429809862
0.00048026605164026425
0.00034640233581097136
0.0008078722378540556
0.0006870617808228505
0.0005954074463081086
0.0005053143662785115
0.00034780060889175407
0.00013793130704985442
7.151944807764441e-05
4.2876217620577985e-05
3.7184898301846166e-05
3.325857058829797e-05
3.784947965401859e-05
0.0
0.0
4.3632749092366436e-05
0.00012950571745542737
0.00012392885608599385
0.0002603740893390852
0.00028191366278530104
0.0002185253982824819
0.0003838495094360837
0.0003901865306723035
0.00028698398989405625
0.00046219368631362297
0.0004315922957682845
0.0006197183726778047
0.00054776255017539
0.0004904864502778362
0.0004567800671325813
0.00043832538408472685
0.00031346738112964396
0.00020346655920385216
0.0001021622149453557
0.00010094851102526167
0.00012329324403154794
0.00013730911088250428
0.00015075678023740826
0.00021546566820115673
0.0001833762097826395
0.00030356419632303057
0.0002715819311971502
0.00022390995810914476
0.0004320187004355044
0.0004387935063342027
0.00031576139719916816
0.0005144213732645029
0.000516961384750413
0.0003789758348156292
0.000613178388674618
0.0008884096428241558
0.0008052229104447863
0.0007125813652529159
0.0005974921342666856
0.0004084141354088865
0.00020292917409846142
8.957878771993605e-05
5.722071563386868e-05
3.946268555939708e-05
3.4508705137078165e-05
5.0336699593051195e-05
0.0
0.000193534614208388
0.0002818096358878626
0.0002467761851248206
0.0004445381367747965
0.00044592366929319425
0.0003553627165442147
0.0006305065154282336
0.000605532640089058
0.0004428232119954551
0.0007204227696534074
0.0006795386177764239
0.0004971953728947294
0.0008071551370946124
0.00108366980839416
0.0009375240704448813
0.0007292706873187233
0.0005431996707069927
0.00035258741367235485
0.00021968524242752752
0.00011575214492349173
9.459206757788994e-05
9.136315878455915e-05
0.0
6.771491574252622e-05
0.00022433959457234993
0.0002839524363695823
0.00023737674811853066
0.000431452946796565
0.00047759427080146905
0.00037854236066708923
0.0006599859139166014
0.0006633990927546491
0.000493727451350525
0.0008178122477712344
0.00077630568931779
0.0005468718798361464
0.0008742527653223636
0.0008230882474151609
0.0005318785195631463
0.0006969283973249812
0.0004737523832772524
0.0002282759427140629
0.00024301799191403257
0.0001371626590920297
6.766458690073295e-05
0.0
7.400612515710428e-05
0.00018939602088506949
0.0002568239639122731
0.00024106312738716312
0.0004297787390693058
0.0004321660068069019
0.00037508648765319545
0.0006169736396166517
0.0005681692945417179
0.0004696459763418841
0.0007273848806925569
0.0006890943069882279
0.000572858278541525
0.0008748775968978671
0.0011950460365235372
0.0010808054359407323
0.0009078558453540791
0.0006760477690529991
0.00047183538085086087
0.00027979751789180646
0.00012841710976382197
5.676640435923143e-05
3.877205128851974e-05
3.5649075233267814e-05
4.653591552501435e-05
0.0
0.0001551010102750939
0.00026098032620249987
0.0002365567393419786
0.00048365282381108337
0.0005010198116717191
0.000366786968271223
0.0006050851331276379
0.0006100300015408658
0.0004662521396354267
0.0007784872246957896
0.0007563659936667811
0.0005451565369673172
0.0012319675346082496
0.0010641867847580343
0.0008908208545711268
0.0006364920185678747
0.000379983852632039
0.00014053960369270302
6.159081065328893e-05
2.811711378986292e-05
1.0590436101851502e-05
8.393272980448378e-06
1.9106784802177804e-05
0.0
0.0
0.00010470298631904148
0.0001575928563304147
0.00031347514404937385
0.0003399228463952132
0.00030157765026997895
0.0005140627270515838
0.0004974452913260154
0.0003990962270163912
0.0006042355684360978
0.000553557781403185
0.00042555647302147464
0.0008614600577100006
0.0006761006498160503
0.0005610985366373728
0.00042899429022561945
0.0003252438978808628
0.00018770270904321017
9.139321634836045e-05
7.09280756924689e-05
6.337980210717066e-05
5.9346297459525806e-05
6.326679812947001e-05
0.0
9.032264075215055e-05
0.00025014158880001526
0.0003082648945666777
0.0002588164721573706
0.00047795919005590946
0.0005164141562606048
0.0004124621345330646
0.0007172540870120892
0.0006847165728016696
0.0005081651513960675
0.0008396763629903563
0.0008158848997486662
0.0011805068731198468
0.001060781648634431
0.0008173589911046959
0.0005150991574866126
0.0002595681947016514
7.449999048944409e-05
4.149521673235309e-05
1.1309165154358649e-05
0.0
0.0
3.0682902489856146e-07
0.0
0.0
3.871152594170891e-05
0.00017796022734757185
0.0001895124432468817
0.00037498133534172626
0.0004211003334781071
0.00038050857716509447
0.0006169328599391823
0.0005865601812470872
0.0004995592183027127
0.000796193286733185
0.0007474187195065984
0.0011132354531011562
0.0008699930468983906
0.0006261766848850714
0.00041292012445847716
0.00018124159773588407
5.940340725486543e-05
3.915874088798582e-05
1.1088341198216906e-05
0.0
1.3842064413677554e-06
1.550288484214244e-05
0.0
0.0
8.966820462992058e-05
0.0002507683680934763
0.0003022424362926033
0.00028313208228034737
0.0005080932739940546
0.0005228622940374472
0.00044672008031377533
0.0007075186092137184
0.0006832869050560954
0.0005511367526064117
0.0008481427895474227
0.000790197180697128
0.0011519014222333055
0.0009457941045604943
0.0006114496473615322
0.00028232672390882525
9.808615322079386e-05
8.079506899821505e-05
5.926078717199428e-05
3.9600350550603784e-05
3.185731256882682e-05
0.0
0.0
0.0
0.0
0.00016615181782974047
0.00023002403735390575
0.0002239252518297618
0.0004101883727793737
0.0004373317721908018
0.00034581833150748885
0.0005409506115648748
0.0005831856413550969
0.0004227944181334815
0.0005425467430062928
0.0005520208203315982
0.0004021011991467969
0.0005563329066199028
0.0004653110329339339
0.0002682583818192949
0.00028141900549582546
0.0001507327328232485
1.697686336057914e-05
9.800395550952387e-06
1.3690352033648874e-05
1.4440842976962654e-05
0.00012350694372547538
0.00016960155255413246
0.00015736988250938252
0.00027366329010808886
0.00030820264380446367
0.0002407624765200266
0.0003644194453743803
0.00042058371195461964
0.0003271361728190553
0.00047618634621111514
0.0004770190956184712
0.0003587559600570121
0.000506086363819754
0.0005023388577309009
0.000370219067160792
0.0005028695667350276
0.0004060721639179081
0.00024177344177899046
0.0002436762801687292
4.160927630799318e-05
0.0
0.0
0.0
0.0
5.608504815316069e-05
0.00017584251875970574
0.00016674883789614216
0.0003341666604469845
0.00033761677163304555
0.00024240106237620197
0.00039967593664622
0.00041758818301820176
0.0003216567584109718
0.0005392778530187698
0.0005407862997451313
0.0003996723140228455
0.0006304944655295036
0.0008569111444074467
0.0007292169850491701
0.0006104650038815193
0.0004732561578507767
0.00030200302299513554
0.00012928078755261856
8.659338373323344e-05
5.581836002919093e-05
3.711324684127987e-05
3.664376453603519e-05
5.853499702217269e-05
0.0
8.274458503358827e-05
0.00037400837173755567
0.00047607153496602157
0.00033334653335177896
0.0005444916562979881
0.0005288612561170333
0.0003803623849519571
0.0005734359109656918
0.0005268801943355238
0.0003898456330020395
0.0006194370276191241
0.0005880310265836795
0.0008702422049192052
0.0007705568736621702
0.0007277197809019751
0.0006982630852056267
0.0006116886963638543
0.0005379074501548419
0.0004581917293320415
0.0004211115920475709
0.00043513853014338547
0.00044915006498912605
0.00048688053988874057
0.0004009122330128505
0.00048184778347187574
0.0003926575802945137
0.00061460330638593
0.0005901713308855616
0.0004885352348052153
0.0007643640582809391
0.000734874385227265
0.000607916581786157
0.0009598372880380986
0.0009137117305832359
0.0007256361645064804
0.0010565609125182457
0.001404253003115814
0.001382735506582122
0.001141868520809405
0.0008439510452697107
0.000634470215273287
0.0005216381827438487
0.0004435583459753482
0.00034475931546800034
0.00027428328350429676
0.00022259841326661498
0.00026527996100058417
0.0003196361714858606
0.0004694921912779121
0.0003633725528383219
0.0006107028789908212
0.0006024089190653599
0.00046460777579694174
0.0008103262996145051
0.0008053157665129134
0.0006039305684015169
0.001003299540778777
0.0009405417309235308
0.0007361289793534144
0.00128725144355374
0.001817072239170464
0.0017385871114496384
0.0012720376427795663
0.0008828860643356762
0.0006655908634809545
0.0004992335906633442
0.00040405448435577705
0.0002759704090225348
0.000168846732962754
0.00011138240960513442
0.00015968536906945172
0.00027412900086786754
0.00045947729891968855
0.00038108514862102844
0.0006605903138185846
0.0006603848337289718
0.0005055980474178153
0.0008430717628121158
0.000815307757043061
0.0006078275648985286
0.0010081612461295265
0.00097593849404729
0.0007312282103619913
0.0011983383509465196
0.0012438472194994036
0.0016742742136050355
0.0014571546618320067
0.001072186977437266
0.0008414590249904357
0.0006913438738304109
0.0005726389902193096
0.0004862137250692069
0.00038520426294682034
0.00033305990230949337
0.00023037522174058377
0.00032507227783586844
0.0003098900883816015
0.0005189871973276722
0.0005076173043956349
0.00036731811007793017
0.0005345664125938878
0.0005840401922783027
0.00046787692924598625
0.0006888995681701375
0.0006878110394059438
0.0004993881007591714
0.0006881214565348954
0.0006531749302785464
0.00047534017443815775
0.0006896192800783398
0.0006026966682600007
0.00036761960268534333
0.0004414359030099685
0.0003159113423860821
0.0001749254872011061
0.00017680362108424868
3.087045156993999e-05
0.0
3.9617942226096316e-05
0.00014414908564023665
0.00020444430553512118
0.0004162206670760442
0.00043582381816714255
0.0003761821299824672
0.0005606333349463715
0.000534616315798925
0.0004565645034883605
0.0007281391591045621
0.0007341529535564495
0.0006312230996861188
0.0009653979186342944
0.0008870443077771966
0.0013235892641449637
0.0012296306770959605
0.0010003415785029683
0.0007088276824758693
0.0004854640310744848
0.00031643907179006923
0.00017912178592245786
6.658681739663332e-05
5.054405115642296e-05
4.42742560711621e-05
5.3962419001152956e-05
4.062813828375054e-05
0.00019961333648782059
0.000205568404932568
0.00043586097804199217
0.00047878424758327273
0.000371574620626338
0.0006351348706840412
0.0006398905388261693
0.0004785726495064903
0.0007945541956569097
0.0008013145871656027
0.0005879435829676191
0.0009466328593764539
0.0013035718288223405
0.0011844333991995553
0.0009316570133038543
0.0006975918241186707
0.0004479845109848537
0.00022660380311290363
7.556959830650007e-05
3.053417323503536e-05
9.425877586466061e-06
3.8392619784192e-06
1.086654159421445e-05
0.0
0.0
8.071385350042941e-05
0.00012715347529212051
0.00026183209123497507
0.00030004185220460026
0.00030005138319917873
0.0005187915357689397
0.000490041425433679
0.0004473516543987051
0.0007721133032869267
0.0007275159045921541
0.0005349715698235487
0.0010951354033342535
0.0009638339327388419
0.0006990665017723241
0.0003387058783153423
0.000143129595956496
6.937978082849296e-05
5.302878141229174e-05
2.4768405564589484e-05
5.8441678465636915e-06
0.0
2.8694352216245764e-06
0.0
0.0
6.694926626159213e-05
0.00021393856737164527
0.00023472926579879837
0.0004285630490191991
0.0004401266313105122
0.00038944036531526357
0.0006403470872667515
0.000624477586619104
0.0005197405086217965
0.000791674326948438
0.0007282198321249656
0.001063567585180163
0.0009500471360200692
0.0006671788582152072
0.0003095940106121735
9.36126766807998e-05
4.592044155049224e-05
1.3405608742233131e-05
0.0
0.0
0.0
0.0
0.0
0.0
0.0
0.0
0.0
0.0
0.0
0.0
0.0
0.0
0.0
0.0
0.0
0.0001838623976556663
0.00013408763559707843
9.37573700097916e-05
5.423558410304299e-05
1.980507286857594e-05
9.074309149134848e-07
0.0
0.0
0.0
0.0
0.0
0.0
0.0
0.0
0.0
0.0
0.0
0.0
0.0
0.0
5.113464470021271e-05
0.00015374303632047624
0.00013660252894274647
0.00017382409702020783
0.00012304009667946368
0.00021526122290667832
0.00014354618148097178
0.00010127348575066855
5.994328061438238e-05
2.974180307361352e-05
1.709124112595304e-05
8.770037046557583e-06
0.0
0.0
0.0
0.0
0.0
0.0
0.0
0.0
0.0
0.0
4.948097493163401e-05
0.00011065272236014037
0.0001393302264487712
0.00023480468386598527
0.00024038358713250355
0.00019648963209789567
0.00029868629228262664
0.00030344766468006347
0.00016138628277115503
7.484347864337381e-05
0.0
0.0
0.0
0.0
0.0
0.0
0.0
0.0
0.0
0.0
0.0
0.0
0.0
4.31614218322937e-06
7.869759968755418e-05
0.00015431894944962466
0.00022825671070139463
0.0002128879856366799
0.00036727277365737935
0.0003934462915611213
0.0005799019418093738
0.0004937376554127489
0.00035549724421357187
0.00015423607217745217
6.69386291745234e-05
3.316992032375248e-05
1.5860551760864405e-05
0.0
0.0
0.0
0.0
0.0
0.0
0.0
0.0
8.5330776683999e-05
0.00021074233762620345
0.0002451473875835346
0.00024882111275804626
0.0004417056098042009
0.000417830170637164
0.0003628431614081575
0.0006001914256681372
0.0005821275592122252
0.0009233537709876738
0.0008249748284832628
0.0006254219071829679
0.0003861736080754132
0.00013546304873209348
6.10471069549051e-05
5.239716537983634e-05
3.038045948749313e-05
1.0374718378656967e-05
1.3763460490133494e-05
2.4765505642014086e-05
0.0
0.0
9.435609743072641e-05
0.000158724422804225
0.0003127616585907841
0.00031598061031334895
0.0002825580173980396
0.00045420582646929687
0.00042930020589698834
0.00038179298029759076
0.0006749569127500545
0.0006793947465844984
0.0005719615705078278
0.0013605702606342101
0.0012310115529602977
0.0009814485546388084
0.000710767356796
0.0004697265147922607
0.00023444006774749307
8.274642172611808e-05
4.7107252103960905e-05
3.1999016521511315e-05
2.3445181511226368e-05
2.781494615244224e-05
0.0
0.0
0.00014919765489978425
0.0002349659989400521
0.0002321258872254164
0.00044132011288316216
0.0004804789425945405
0.00046376636185795127
0.000889253343559041
0.0008208245064801254
0.0005573368661357052
0.0009365852760467595
0.000948248509072022
0.0014044435780623352
0.001343432974384873
0.0010788581610540785
0.0007413543573869901
0.0004432365137048577
0.0002312042795937558
9.403550506008431e-05
5.0751322133950403e-05
3.341257049980181e-05
1.7766647238238424e-05
1.5923440795168368e-05
0.0
0.0
4.799078680550218e-05
0.00016873696168333063
0.00019390990450200273
0.0004314184312075568
0.000536979629877366
0.0005074787135601356
0.0008362082527686402
0.0007726061644793839
0.0006466053683570883
0.001000989403390992
0.000893849506489975
0.0013253402712578679
0.0012409730043758218
0.0010022290079833862
0.0006442035619001299
0.00037129016269222105
0.00019973411946564825
8.507192507060933e-05
5.320861155087828e-05
5.042940993699923e-05
4.252717839856111e-05
5.3428154037139486e-05
0.0
7.50279207843915e-05
0.0002313380643091198
0.00036900145882736763
0.0002972337641648
0.0004880512686337891
0.000470592083610857
0.0003884937877502799
0.0006408733434649814
0.0006218394981609247
0.0004716210062807815
0.0006865322991063647
0.0006746405430916546
0.0005355874998906138
0.0011944066456832509
0.0009345926659370996
0.0006506907124223536
0.0004413268313177095
0.0002560619310147365
0.00015863605404141493
0.00012338628979385397
0.00012490160871869865
0.00012502590141058256
5.473454591388017e-05
9.168883938396042e-05
0.00011246208203522582
0.00024072895423907733
0.0002585296667266389
0.0001978679844050526
0.00033809661923912024
0.0003303015005129186
0.00023726782470046454
0.00036581033649121515
0.00036731829459902323
0.00034215348322751994
0.0006102972256843156
0.0006341201585300666
0.0005052001394882086
0.0008146211828553315
0.0006367011732006495
0.00032140734452124346
0.0003595539913766244
0.0001621603833876324
3.730749508854056e-05
1.5485437467261152e-05
0.0
0.0
0.0
0.0
0.00010634765153760156
0.00025929694769948346
0.0002163861807316373
0.0002132318719583316
0.0004282813386824838
0.00041051745090030787
0.00033364117900097347
0.0006898255461709571
0.000711422142121036
0.0005112901511064915
0.0007984570742162825
0.0007597575186051754
0.0012112106228244583
0.0010653079404873396
0.0007814613119673613
0.0004967748827064812
0.00017682516770496136
6.415992837167993e-05
4.678261624414265e-05
2.3135758535457507e-05
9.772710932989413e-06
4.947045105741164e-06
1.1636804908767703e-05
0.0
0.0
0.0
0.0
0.00016974375474184644
0.00035567612844562943
0.0003506371394101657
0.0005848215832912775
0.000632666712826728
0.0004937404484748854
0.0007190378308570386
0.0007310962193431296
0.0005640822471270197
0.0012201061048831335
0.0010390693992789585
0.0007343127054638621
0.0003457451369235803
0.00011981936592680203
7.435833915826589e-05
5.762780372429782e-05
3.117134501965573e-05
1.4089865105202615e-05
4.258721534856274e-06
8.90274147885122e-06
0.0
0.0
0.0
0.0
0.0
4.710438178779252e-05
9.843793218806415e-05
0.000111884348843
0.0001645946847862922
0.00040585590144597407
0.0004695973882960152
0.0003623808420473294
0.0005069211865671612
0.0007141549298178431
0.0007048528160886454
0.0004788099887742882
0.00018961077861723256
7.378621986373207e-05
3.8199668517065034e-05
1.3787815916378118e-05
0.0
0.0
0.0
0.0
0.0
0.0
0.0
0.0
9.744682385918266e-05
0.00019491940866608206
0.00036953726307327125
0.00039753914238202753
0.0003571196127979311
0.0006169290352133796
0.0006522559953845694
0.000506820713979309
0.000755733176956748
0.001084822935497522
0.000950140321711095
0.0006857495252353227
0.00034784705801655947
0.0001074220533252055
5.068967590240512e-05
2.6018993147642475e-05
3.409882719670835e-06
1.1193782930577113e-06
1.4056652790084262e-06
3.981977881124277e-06
0.0
0.0
0.0
0.0
0.0
6.580237943258415e-05
0.0002398253601972213
0.0002304799224044512
0.0004270584412707094
0.00046700280167278854
0.0003830648598094029
0.0006265760124512102
0.0005377424301413246
0.0008185013317304491
0.000716256113841233
0.0005059881813974686
0.00022519422286022977
7.198433901945003e-05
4.5211705486401894e-05
3.2188317623343084e-05
1.632971623557758e-05
3.96395579338898e-06
0.0
2.1127736921084835e-06
0.0
0.0
0.0
0.0
0.0
0.00014917232490766565
0.0002667318924245063
0.00025405670528665043
0.00045171753762890166
0.0005710691546599091
0.00048129283737993007
0.0007249447255374427
0.0007590101982542943
0.0005877310062388158
0.0011856232238261408
0.0007971743701933027
0.0004617043564697495
0.00022942043970120078
9.945972943944283e-05
7.927005419534533e-05
5.92063748408494e-05
4.669548087672183e-05
3.857933234583249e-05
0.0
0.0
0.0
0.0
9.822882177684728e-05
0.0001946169067068674
0.0003980960669920652
0.0004606942412591641
0.0003775573081510254
0.0006364489722599514
0.0006382982812588271
0.0004734156216226381
0.0007746703880789074
0.0007996362350467559
0.0005647188565716772
0.0008362865128215282
0.0005765541303115705
0.00024305965914507972
0.00013133708070951094
0.0
0.0
0.0
0.0
0.0
0.0
0.0
0.0
0.0
9.134443480639733e-06
0.00022793511270584308
0.0003122187555934694
0.000259657949315463
0.0005102623949859817
0.000632947944663685
0.000478672290607107
0.0007351554782251814
0.0007647231953162152
0.0005570529695900797
0.0011708510696400868
0.0009069271372199636
0.00055534544067735
0.00021872364515346585
9.663209394556524e-05
5.856908992063425e-05
4.257082959259545e-05
2.2057556824843774e-05
5.5993130589392025e-06
1.0857744318439618e-06
8.23495457700619e-06
0.0
0.0
0.0
0.0
0.0
0.0
0.0
0.0
0.00017372902291285037
0.00019026590457508157
0.00016282051659848956
0.0003570165599631869
0.00038678476291093716
0.0006321120330697398
0.0005562966494100166
0.0004688655902413906
0.0004286734777377802
0.0003527915774045853
0.00020122021308392545
0.00010019016356320164
7.068110543751908e-05
5.0878897982698545e-05
4.306499528962527e-05
4.719671790480274e-05
0.0
5.326900527321106e-05
0.00014355191801737743
0.0001428668192770846
0.0002474749936614304
0.000260303971901046
0.00026581087354303636
0.0005245371802368199
0.0005098938542449069
0.00039669919831261804
0.0005806376050575463
0.000544276970257569
0.00039842857161434206
0.0009068085088195885
0.00082686374418767
0.0006803921660827456
0.0005037150512798247
0.00041789701246487844
0.0004827062811043485
0.0005606948133042839
0.0003560308048946918
0.00026146854620371875
0.00020169521966395573
0.00016714593068079098
0.00020445828240799475
0.00032564085333856824
0.00029270847408633196
0.0005027211959948595
0.0005636862639236915
0.00047877264686491897
0.0007259133447495645
0.0007413717816787827
0.0005802374413048595
0.0008542498579224986
0.0008721632178134155
0.0006664587300455326
0.0009613793642862995
0.001362299801953972
0.001241418474419254
0.0010071890417331488
0.00066515679278129
0.0004338077767091084
0.0002891939072942095
0.0001226735644851102
6.012957027555063e-05
4.415259764515714e-05
3.63157576107647e-05
3.7888872174328955e-05
0.0
0.0
6.831237040109516e-05
9.958668026044326e-05
0.00011322317869219788
0.00017674005625310492
0.00021742791912464604
0.00030866101635195414
0.0006650063073169744
0.0006314933115537114
0.0004537055801761758
0.0006859877685997039
0.0006663780428428831
0.0009663458098251285
0.0009292957724949386
0.0007765229604242953
0.0005683720857697086
0.00042246674152101693
0.0002911580499816747
0.0002265056474868294
0.000142797673142098
7.126192490528416e-05
6.001017375569055e-05
6.679961780147618e-05
7.223881556918811e-05
0.00023210862165829227
0.000337865790682816
0.0003316923027674893
0.0006175298404195189
0.0006485715309251088
0.0005627552368676153
0.0008925601217791189
0.0008223595209258808
0.000670645111027333
0.0010001885069087328
0.000891327722201842
0.0007150776808442184
0.0010561400842184498
0.0014465816252031496
0.0011790867610010495
0.0008492040139365587
0.0006046581115972942
0.00040840497262836914
0.000264239549145618
0.00015946577477499724
0.00010210249683217945
9.491279643104134e-05
0.0
7.369958306920278e-05
0.000127516657812892
0.0002757477296014286
0.00037167243302690245
0.00037885197654426313
0.0006618684630907448
0.0007266698064499992
0.0005935380347490964
0.000905995269922721
0.0008933452644343612
0.0006644206707554262
0.0009820355073924627
0.0010907941176932906
0.0009700945706012533
0.0011366100228211349
0.0008569109683000977
0.00046365166248396865
0.00046893566909843824
0.0002786900022254794
0.0001408605258368232
8.884005111278582e-05
0.0
0.0
0.0
0.0
7.257879176968056e-05
0.00012294758848557327
0.00033600102193913594
0.00044003985644450996
0.00039299832296317674
0.0007088448777562886
0.0007121023050337519
0.0005429977977747099
0.0008857103868738826
0.0008404874754462622
0.0006127976006084573
0.0009984306919522108
0.0009525321133286788
0.0006366266764206909
0.000814961896858798
0.0005088423526326492
0.0002483494258122253
0.00025835892231075087
4.0802033772541485e-05
0.0
0.0
0.0
0.0
0.0
0.0
7.185198951961815e-05
0.0002228630416596248
0.00022434352696409216
0.0003941108737244495
0.0004346941310719054
0.0003427656133363265
0.0005226738900146154
0.0005262668301800661
0.00040229431770902644
0.0006074315091739511
0.0006106139991768601
0.0008903570011463139
0.000796595626300438
0.0005813282569560148
0.0003271955730596915
0.00013078523619891315
7.280792612311255e-05
6.399537014710856e-05
6.736672566169252e-05
8.645834223156673e-05
0.00012382675000288527
0.0002033923835410962
0.00023648650757609625
0.0003661523657822877
0.0003373523615218297
0.0005619726396788356
0.0006032264828626893
0.000489752183867325
0.0007395624366123556
0.0007548414260389332
0.0005973594019955602
0.0009065340259055584
0.0009108626885198533
0.0006767486397230661
0.0009855198639068567
0.0013952068995657138
0.0012448766862782593
0.00099159650063622
0.0007496506966903978
0.0005715798171698601
0.0004303699480551425
0.00033882454992849537
0.00021575284550346638
0.00012942497497917365
7.217334567746579e-05
6.938096357016501e-05
9.835367293165338e-05
0.00027871777095570514
0.00039348014308836866
0.00039342200519384496
0.0006769131030072844
0.0007488919610242325
0.0006346493823553941
0.0009755038475397099
0.0009908058212227044
0.0007697372549595968
0.001204381620595921
0.0013189673449549512
0.0010760924253075082
0.002023545524403888
0.0019198941127519969
0.0013104896354356956
0.0008150202896341606
0.0005224454159157085
0.00029622115974597756
0.00012599631721390653
5.712409536132448e-05
3.6071214511953015e-05
2.732447747456629e-05
2.7320714492375518e-05
0.0
0.0
8.266278631699328e-05
0.00029374410751600643
0.0004058195462829874
0.000396702824643312
0.0006640322060868987
0.0006420266687135253
0.0005445622310541619
0.0008333540492127285
0.0007689767244626265
0.0006584993117411922
0.0010026831231203324
0.001322311274156468
0.0011349249786961949
0.0007508509950892292
0.00038604282548632916
0.00012958187299089047
4.757430875122932e-05
2.1438895774073895e-05
6.11005041528607e-07
0.0
0.0
0.0
0.0
0.0
0.0
0.0
0.0
0.00011646710587954504
0.00017133834861395952
0.0003889064414610871
0.0004652710671671651
0.0003980478386610688
0.0007223660969651498
0.0006689640161068953
0.00048645028719259965
0.0008572925676282973
0.0010495849308330791
0.0006360845754625664
0.00026122122795647326
0.0001100208369228692
7.810302122996683e-05
5.954857738444941e-05
3.9765117829440835e-05
2.0698587145791738e-05
1.1947713173993882e-05
0.0
0.0
0.0
0.0
0.0
0.0
9.520884247871043e-05
0.00013486542487486315
0.00030723436344959516
0.00042745644147545065
0.00037746702448500423
0.0006433285407071284
0.0006606287548239858
0.0004870818246977489
0.0007674295492506448
0.0006693170878980275
0.00033114840716688487
0.0002702194438890744
3.0268158941702728e-05
0.0
0.0
0.0
0.0
0.0
0.0
0.0
0.0
0.0
0.0
5.66646123996214e-06
0.00013078460985922576
0.00024778187908958366
0.0002867200512696216
0.00026063467535610723
0.0004571771730866181
0.0005667915935628444
0.00047715489491692386
0.0006849135485810144
0.0009504563210462846
0.0007789144780532679
0.0003884285376094339
0.00011103670621437669
7.139362628539888e-05
3.8489618714763095e-05
1.2795458801667473e-05
0.0
0.0
0.0
0.0
0.0
0.0
0.0
0.0
0.0
0.0
0.0
0.0001080302822290727
0.0002841081133767187
0.00028747554908028025
0.00023315944334996124
0.0004428163205196028
0.00046374662325436155
0.0007179854932462478
0.0005761853792063338
0.0002441545432401945
7.449269357338464e-05
3.170927850757294e-05
2.2394716379623e-06
0.0
0.0
0.0
0.0
0.0
0.0
0.0
0.0
0.0
0.0
0.0
0.0
0.0
0.0
0.0
0.0
4.372751768290029e-06
0.00011902380220559801
0.0003684536199121524
0.00023539671883881453
0.00010253549165198871
4.643222921457707e-05
2.985180807631908e-06
0.0
0.0
0.0
0.0
0.0
0.0
0.0
0.0
0.0
0.0
0.0
0.0
0.0
0.0
0.0
0.0
0.0
0.0
0.0
0.0001259697816389787
9.000959730221843e-05
5.965848903941825e-05
5.00092154747059e-05
5.2535993680246624e-05
3.693637413587696e-05
9.866057623329716e-06
0.0
0.0
0.0
0.0
0.0
0.0
0.0
0.0
0.0
0.0
0.0
0.0
0.0
0.0
0.0001350081630107968
0.0001454821250882158
0.00024847636835193974
0.00042646515171656076
0.00031079447115343255
0.00012448440921071965
7.819747532244099e-05
5.399678466525603e-05
2.6800853622488868e-05
7.177922999744796e-06
0.0
0.0
0.0
0.0
0.0
0.0
0.0
0.0
0.0
6.213459488432267e-05
0.00019542657561362863
0.00019422714233788965
0.00035798803366050055
0.0003491252342843556
0.00029278241299297944
0.0005370617834738772
0.0005441931100508212
0.000435614195490937
0.0009505501855290564
0.0006072801072999292
0.00033184547811467485
0.0001408587372820982
9.437776137125548e-05
8.654797923110986e-05
6.816853734264099e-05
5.4776531388843774e-05
4.5725438902242716e-05
0.0
0.0
0.0
0.0
0.0
0.00022171686561203531
0.0003404715163808259
0.0003058733561354756
0.0005313594772638026
0.0005058227735127036
0.00039052702157852374
0.0007280561744696652
0.0007720654219970068
0.0005950616085217324
0.0009715052037020339
0.0008036717534160581
0.0004363672420637463
0.00043580004104664386
0.00017010235129114666
0.0
0.0
0.0
0.0
0.0
0.0
0.0
0.0
0.0
0.0
0.0
0.00010154326926352966
0.00035049955564403306
0.00035325882855279035
0.0003337437178705523
0.0006129868177364295
0.0005950063597733167
0.0004950084555248272
0.0008029380222756374
0.0011014704010095446
0.0008730213369948229
0.0004784083554779172
0.00012066875540244211
5.283775082771257e-05
1.7944572601894658e-05
1.2613424325429802e-06
0.0
0.0
0.0
0.0
0.0
0.0
0.0
0.0
0.0
0.0
0.0
0.0
0.0
0.0
0.0
0.0
0.0
0.00017168886624836343
0.00018146808682565634
0.0001010799687714279
5.9020433510662725e-05
3.204445062340496e-05
9.270963451538923e-06
3.8615746726187504e-07
0.0
0.0
0.0
0.0
0.0
0.0
0.0
0.0
0.0
0.0
0.0
0.00018172160711171794
0.00020030849497039795
0.00014713847963620337
0.00021656501911499583
0.0002283514346844637
0.00016924828769137885
0.0003974106512073726
0.00036641369848793064
0.0003294781212236403
0.0002955179899972741
0.0002879748093927812
0.00026363761955721277
0.00022359910701647353
0.00011938131334588949
0.00011171765796466316
0.00026200149879803514
0.00029522678211885915
0.000252966937918224
0.00033710101216070644
0.00027385041972737375
0.00042487991310754104
0.00041794726752212696
0.00031707121396494715
0.0004743052588577503
0.0004894155503477083
0.0003715984816718799
0.0005506859404103023
0.0005563270742271344
0.00041967927827407826
0.0006388522798887878
0.0009699070214434788
0.0009279761734727642
0.0008159946815475409
0.0006615818337234896
0.0006469007975505417
0.0005370789769366949
0.00028381355379471365
0.00012141942017128759
7.201791710986464e-05
0.00022883677217699707
0.0005301388632498325
0.0003993650158036629
0.0003900823018300303
0.00032798075799335473
0.0005232271519819129
0.0005184272163625311
0.0004318498817977521
0.0007151386725972426
0.0006831911911507648
0.0005532725789912544
0.0008480860612635625
0.0007976924653133105
0.0006463186605852941
0.0009614975182078024
0.0013228032108543665
0.0011208666688715
0.0008142785388780743
0.0004938242552423484
0.0003100025598086396
0.00017459915268751237
8.421367424732418e-05
5.5706759693989545e-05
3.981103351126026e-05
2.79599288731207e-05
2.6250724323003605e-05
0.0
0.0
0.0
7.563965531449334e-05
0.00010610729919435475
0.00022216095387222096
0.000269982777596468
0.0002792212647238622
0.0005197732693380363
0.00046776592624450967
0.00039101730220738847
0.0006682520639680488
0.0006306692208009762
0.0005026067501887087
0.0009456896056650723
0.0005556647757341002
0.0002556879051407882
0.00010822593367478998
7.759757319899937e-05
6.0734097006139624e-05
4.0826816426291676e-05
2.5662119617475358e-05
1.69974841337604e-05
0.0
0.0
0.0
0.0
0.0
0.0
0.0
0.0
4.647218533706417e-05
0.00016874340294331674
0.00014620522883781464
0.00025397979651138017
0.0002905572229642752
0.0002474762702209672
0.00047550350305090297
0.0003972066560678856
0.00017065343250255216
7.63560747332688e-05
0.0
0.0
0.0
0.0
0.0
0.0
0.0
0.0
0.0
0.0
0.0
0.0
0.0
0.0
5.214576735788761e-06
0.00010217868857877668
0.00019741102113035727
0.00020397548029637817
0.00018019026839223294
0.0005195360154563452
0.0005486586004723954
0.0004048871488228981
0.00012398349074287752
5.643417858838827e-05
1.7314916195025853e-05
4.1569350431782295e-07
0.0
0.0
0.0
0.0
0.0
0.0
0.0
0.0
0.0
0.0
0.0
0.0
0.0
0.0
0.00010986512347020617
0.00018933389939003082
0.00021949766607196609
0.000547528528180638
0.00035546646659265414
0.000176393250355492
7.523346415805156e-05
3.1279239573848095e-05
1.9825337221470993e-06
0.0
0.0
0.0
0.0
0.0
0.0
0.0
0.0
0.0
0.0
0.0
0.0
0.0
0.0
0.0
3.498593562663705e-05
0.0001090044095812017
0.00010648046001419328
0.00041545660175426754
0.00037118597109928774
0.00017369117853246622
7.061810742319235e-05
2.002938868033718e-05
0.0
0.0
0.0
0.0
0.0
0.0
0.0
0.0
0.0
0.0
0.0
0.0
0.0
0.0
0.0
0.0
0.0
0.0
9.225338938262865e-05
0.0003008080467272931
0.0002876598859620234
0.0001410444495136462
5.300385796785295e-05
7.360830490483455e-06
0.0
0.0
0.0
0.0
0.0
0.0
0.0
0.0
0.0
0.0
0.0
0.0
0.0
0.0
0.0
0.0
0.0
0.0
0.0
0.00017333610334635186
0.00011973604596917326
8.435358469353163e-05
2.6583900176582668e-05
0.0
0.0
0.0
0.0
0.0
0.0
0.0
0.0
0.0
0.0
0.0
0.0
0.0
0.0
0.0
0.0
0.0
0.0
0.0
0.0
0.0
0.00015256383415842794
0.00011838300977032247
7.529964151528629e-05
2.835213263344463e-05
7.703732351890728e-07
0.0
0.0
0.0
0.0
0.0
0.0
0.0
0.0
0.0
0.0
0.0
0.0
0.0
0.0
0.0
0.0
0.0
0.0
0.0
5.002654457531913e-06
3.1942616486682737e-06
0.0
0.0
0.0
0.0
0.0
0.0
0.0
0.0
0.0
0.0
0.0
0.0
0.0
0.0
0.0
0.0
0.0
0.0
0.0
0.0
0.0
0.00018920464003507295
0.00015270356495465743
0.00015846170076166697
0.00012569353955840608
9.590253630903251e-05
7.137087109664347e-05
5.546519392581876e-05
3.521345125138586e-05
2.0875047630330096e-05
7.157664024310383e-06
4.717973113943471e-06
0.0
0.0
0.0
0.0
0.0
0.0
0.0
0.0
0.0
0.0
0.0
0.0
0.0
0.00019433891825340385
0.0001325212066258365
0.0001017178111095542
6.967591950224821e-05
4.037654821359526e-05
1.534934174272447e-05
3.6693882098435566e-06
0.0
0.0
0.0
0.0
0.0
0.0
0.0
0.0
0.0
0.0
0.0
0.0
0.0
0.0
0.0
7.376457621788388e-05
9.367789688501626e-05
0.00034247024628788754
0.0002643612908659091
0.00012853746104354342
7.738932098263042e-05
4.413979091710048e-05
1.3970979611833538e-05
8.244279578027804e-07
0.0
0.0
0.0
0.0
0.0
0.0
0.0
0.0
0.0
0.0
0.0
0.0
0.0
0.0
0.00016297942988973682
0.0001993408645575161
0.00017584099211809652
0.0004927569038837009
0.00037624124920699703
0.0001889928980429424
8.407233555234777e-05
4.9048680304890345e-05
1.8537047160136475e-05
1.2003533617735858e-06
0.0
0.0
0.0
0.0
0.0
0.0
0.0
0.0
0.0
0.0
0.0
0.0
0.0
0.0
0.0
8.878631814159838e-05
0.00023009843208352055
0.00039200383241732337
0.00035741948564338655
0.00018869321098517993
8.00831821875322e-05
4.106538391141306e-05
1.0601877750498996e-05
6.83718426016949e-08
0.0
0.0
0.0
0.0
0.0
0.0
0.0
0.0
0.0
0.0
0.0
0.0
0.0
0.0
0.00011411375284697355
0.0001521148939420062
0.0001508502913543279
0.00034806545739989313
0.00048532684395153833
0.0003234677232170345
0.0001335069238970256
7.920017648240166e-05
4.214342045970104e-05
2.5918451046544364e-05
8.068371723772626e-06
0.0
0.0
0.0
0.0
0.0
0.0
0.0
0.0
0.0
0.0
0.0
0.0
0.0
0.0
0.0
6.855485377194509e-05
8.692121732556328e-05
8.71091629886504e-05
7.352770256735565e-05
0.0
0.0
0.0
0.0
0.0
0.0
0.0
0.0
0.0
0.0
0.0
0.0
0.0
0.0
0.0
0.0
0.0
0.0
9.200140407514522e-06
0.00014116748534904512
0.00022608782861001267
0.00040981423240633
0.00036642767480593076
0.0001936202572033341
8.310521204522782e-05
4.152555016573186e-05
1.1825892438440692e-05
8.362004184428588e-07
0.0
0.0
0.0
0.0
0.0
0.0
0.0
0.0
0.0
0.0
0.0
0.0
0.0
0.0
0.0
6.137959766453449e-05
0.00018429859828174815
0.0003442655801048335
0.0003021537023177611
0.00015371353962713018
8.018050833671694e-05
3.9580198543006834e-05
6.113268520281356e-06
0.0
0.0
0.0
0.0
0.0
0.0
0.0
0.0
0.0
0.0
0.0
0.0
0.0
0.0
0.0
0.0
0.0
6.999206518604592e-05
0.00019114267762410485
0.00014333798687003938
9.848571062911586e-05
5.25152095686837e-05
1.4382613001050794e-05
0.0
0.0
0.0
0.0
0.0
0.0
0.0
0.0
0.0
0.0
0.0
0.0
0.0
0.0
0.0
0.0
0.0
0.0
0.0
0.0001717728728969507
0.00012234961467112352
7.546952285106696e-05
3.341140943683791e-05
3.0690444560468516e-06
0.0
0.0
0.0
0.0
0.0
0.0
0.0
0.0
0.0
0.0
0.0
0.0
0.0
0.0
0.0
0.0
0.0
0.0
0.0
8.253626976144193e-05
6.838844532071995e-05
5.025207058376336e-05
2.1821402817969295e-05
1.9871781638078173e-06
0.0
0.0
0.0
0.0
0.0
0.0
0.0
0.0
0.0
0.0
0.0
0.0
0.0
0.0
0.0
0.0
0.0
0.0
0.0
7.477108143084165e-05
0.00018876258338987035
0.00012084736459222451
7.591553133822848e-05
3.428821174516398e-05
2.384635802326411e-06
0.0
0.0
0.0
0.0
0.0
0.0
0.0
0.0
0.0
0.0
0.0
0.0
0.0
0.0
0.0
0.0
0.0
0.0
0.0
0.0
0.0
0.0
0.0
0.0
0.0
0.0
0.0
0.0
0.0
0.0
0.0
0.0
0.0
0.0
0.0
0.0
0.0
0.0
0.0
0.0
0.0
0.0
0.0001157972878234555
7.209311502940544e-05
3.819434865994268e-05
6.431941106082827e-06
0.0
0.0
0.0
0.0
0.0
0.0
0.0
0.0
0.0
0.0
0.0
0.0
0.0
0.0
0.0
0.0
0.0
0.0
0.0
0.0
0.00014961687194623685
0.000104472474009897
7.040097520230758e-05
3.1469688545779786e-05
1.700413597644108e-06
0.0
0.0
0.0
0.0
0.0
0.0
0.0
0.0
0.0
0.0
0.0
0.0
0.0
0.0
0.0
0.0
5.7238734969577226e-05
0.00015613064841786024
0.00014285236540760988
0.0003316708830794159
0.00012959395749355127
8.03184034193489e-05
3.6186410851917546e-05
3.263985417312247e-06
0.0
0.0
0.0
0.0
0.0
0.0
0.0
0.0
0.0
0.0
0.0
0.0
0.0
0.0
0.0
0.0
0.00015889157317391817
0.00023159940514536157
0.0002157609655152993
0.0005166173702436008
0.0002759581611520397
0.00011785829832262932
6.736981118169031e-05
2.1776553853797328e-05
0.0
0.0
0.0
0.0
0.0
0.0
0.0
0.0
0.0
0.0
0.0
0.0
0.0
0.0
0.0
0.0
0.0
7.985530598249874e-05
0.00013059009870025764
0.000334919139290141
0.0001276357435638749
7.828275882168964e-05
3.408747750078113e-05
2.4332107399133505e-06
0.0
0.0
0.0
0.0
0.0
0.0
0.0
0.0
0.0
0.0
0.0
0.0
0.0
0.0
0.0
0.0
0.0
0.0
0.0
0.0
0.00016270907450906128
0.00011095691470174233
7.127014898122722e-05
3.198360063208625e-05
2.155978938823211e-06
0.0
0.0
0.0
0.0
0.0
0.0
0.0
0.0
0.0
0.0
0.0
0.0
0.0
0.0
0.0
0.0
4.508751366770754e-05
0.00016531079977744902
0.00011826126707572869
6.947421712431693e-05
0.0
0.0
0.0
0.0
0.0
0.0
0.0
0.0
0.0
0.0
0.0
0.0
0.0
0.0
0.0
0.0
0.0
0.0
0.0
0.0
0.0001118409782575879
0.0001543374414155639
0.0003723340025588708
0.0001592208984612223
9.409705013603834e-05
5.208771261084935e-05
1.2815651207629144e-05
0.0
0.0
0.0
0.0
0.0
0.0
0.0
0.0
0.0
0.0
0.0
0.0
0.0
0.0
0.0
0.0
0.0
0.0
0.0
0.00021031771904656482
0.00011389967297504697
7.328715553356967e-05
3.400151518075987e-05
3.758943719386395e-06
0.0
0.0
0.0
0.0
0.0
0.0
0.0
0.0
0.0
0.0
0.0
0.0
0.0
0.0
0.0
4.444012191527237e-05
0.0001884865706966926
0.00018761396329540047
0.0003897355908847494
0.00046184832088965366
0.00022552949863068747
0.00010052937903982236
5.5885901627687215e-05
1.5024809705146428e-05
0.0
0.0
0.0
0.0
0.0
0.0
0.0
0.0
0.0
0.0
0.0
0.0
0.0
0.0
0.0
0.0
0.0
0.0
0.00013270780625173814
0.0003682969950036942
0.00013326857272523537
7.838393673654215e-05
3.473369735711186e-05
3.3627912072031983e-06
0.0
0.0
0.0
0.0
0.0
0.0
0.0
0.0
0.0
0.0
0.0
0.0
0.0
0.0
0.0
0.0
0.0
5.958368566027314e-05
0.00015968230985630193
0.0002765518302027144
0.00012784362176998382
8.348370192532873e-05
3.620515081437019e-05
1.121309143888196e-06
0.0
0.0
0.0
0.0
0.0
0.0
0.0
0.0
0.0
0.0
0.0
0.0
0.0
0.0
0.0
0.0
0.0
0.0
0.0
0.0
1.7179212602613133e-05
5.11291849308836e-07
0.0
0.0
0.0
0.0
0.0
0.0
0.0
0.0
0.0
0.0
0.0
0.0
0.0
0.0
0.0
0.0
0.0
0.0
0.0
0.0
0.0
0.0
0.0
0.0
0.0
0.0
0.0
0.0
0.0
0.0
0.0
0.0
0.0
0.0
0.0
0.0
0.0
0.0
0.0
0.0
0.0
0.0
0.0
0.0
0.0
0.00011890685969538006
7.168606404865928e-05
3.59756946855139e-05
4.922643947357009e-06
0.0
0.0
0.0
0.0
0.0
0.0
0.0
0.0
0.0
0.0
0.0
0.0
0.0
0.0
0.0
0.0
0.0
0.0
0.0
0.0
7.826576018753141e-05
4.139321402161907e-05
1.1484403445560253e-05
0.0
0.0
0.0
0.0
0.0
0.0
0.0
0.0
0.0
0.0
0.0
0.0
0.0
0.0
0.0
0.0
0.0
0.0
0.0
0.0
0.0
0.000202621557094737
0.0001251582864005954
9.570032856020112e-05
6.846579980027418e-05
4.5604785731466184e-05
2.584711996739837e-05
1.3788268014197093e-05
1.220605253847859e-07
0.0
0.0
0.0
0.0
0.0
0.0
0.0
0.0
0.0
0.0
0.0
0.0
0.0
5.010622382624083e-05
0.00014597194674968985
0.0001480336174063708
0.0003801208107673772
0.00016390033773588602
0.00010495605940305462
7.419762273602043e-05
5.021077072112508e-05
2.8022343623312764e-05
1.585700865153546e-05
2.5063321169075676e-07
0.0
0.0
0.0
0.0
0.0
0.0
0.0
0.0
0.0
0.0
0.0
0.0001103423842711749
0.0003007400961842219
0.000335492907036604
0.00025920804892562714
0.0004369734062956122
0.0005266924055874678
0.0003307923170481235
0.00015369804526757925
8.363997781676021e-05
4.865496990254251e-05
1.359575362468406e-05
0.0
0.0
0.0
0.0
0.0
0.0
0.0
0.0
0.0
0.0
0.0
0.0
0.0
6.356690863935718e-05
0.0001948118151660523
0.00020818448991244775
0.0004651924351986953
0.0005147791065115596
0.0003639354936938274
0.0005539489748225373
0.00022428192196907395
0.00011929923940177606
8.197855650861504e-05
4.6954844896157314e-05
2.845757664640306e-05
7.677899902002142e-06
0.0
0.0
0.0
0.0
0.0
0.0
0.0
0.0
0.0
0.0
0.0
0.0
0.00016277067724205352
0.00024749554414531363
0.0002244137461807233
0.0004377164934109018
0.0003397900698519045
0.00014323814430399222
4.808518652405189e-05
0.0
0.0
0.0
0.0
0.0
0.0
0.0
0.0
0.0
0.0
0.0
0.0
0.0
0.0
0.0
0.0
0.0
0.0
0.0
0.00010573176644399114
0.00026757629137255233
0.00037383537269568534
0.00017328803091950847
9.853306381183639e-05
5.35343828708371e-05
1.0889671386003701e-05
0.0
0.0
0.0
0.0
0.0
0.0
0.0
0.0
0.0
0.0
0.0
0.0
0.0
0.0
0.0
0.0
0.0
0.0
0.0
0.00018974429423866752
9.779851867130695e-05
4.675253149772183e-05
7.246988418436792e-06
0.0
0.0
0.0
0.0
0.0
0.0
0.0
0.0
0.0
0.0
0.0
0.0
0.0
0.0
0.0
0.0
0.0
0.0
0.0
0.0
0.00016872347087957615
9.555764781415016e-05
4.752943003135422e-05
7.634652161070735e-06
0.0
0.0
0.0
0.0
0.0
0.0
0.0
0.0
0.0
0.0
0.0
0.0
0.0
0.0
0.0
0.0
0.0
0.0
0.0
0.0
0.00012917236179355607
7.629604945924379e-05
3.684295628360851e-05
4.368435954971794e-06
0.0
0.0
0.0
0.0
0.0
0.0
0.0
0.0
0.0
0.0
0.0
0.0
0.0
0.0
0.0
0.0
0.0
0.0
0.0
0.0
0.0001425382065326076
8.154923621730504e-05
3.523269334924612e-05
2.310040232279173e-06
0.0
0.0
0.0
0.0
0.0
0.0
0.0
0.0
0.0
0.0
0.0
0.0
0.0
0.0
0.0
0.0
0.0
0.0
0.0
0.0
0.0
8.527785955845824e-05
5.060245896620389e-05
1.8262054857841775e-05
0.0
0.0
0.0
0.0
0.0
0.0
0.0
0.0
0.0
0.0
0.0
0.0
0.0
0.0
0.0
0.0
0.0
0.0
0.0
0.0
0.0
0.0
0.0
0.0
0.0
0.0
0.0
0.0
0.0
0.0
0.0
0.0
0.0
0.0
0.0
0.0
0.0
0.0
0.0
0.0
0.0
0.0
0.0
0.0
7.231201432566672e-05
2.4962103218433816e-05
0.0
0.0
0.0
0.0
0.0
0.0
0.0
0.0
0.0
0.0
0.0
0.0
0.0
0.0
0.0
0.0
0.0
0.0
0.0
0.0
0.0
0.0
1.3734524319368993e-06
0.0
0.0
0.0
0.0
0.0
0.0
0.0
0.0
0.0
0.0
0.0
0.0
0.0
0.0
0.0
0.0
0.0
0.0
0.0
0.0
0.0
0.0
0.0
2.5612487443268706e-05
6.410228285650674e-07
0.0
0.0
0.0
0.0
0.0
0.0
0.0
0.0
0.0
0.0
0.0
0.0
0.0
0.0
0.0
0.0
0.0
0.0
0.0
0.0
0.0
0.0
1.664985281072877e-05
0.0
0.0
0.0
0.0
0.0
0.0
0.0
0.0
0.0
0.0
0.0
0.0
0.0
0.0
0.0
0.0
0.0
0.0
0.0
0.0
0.0
0.0
0.0
1.4206994877134658e-05
0.0
0.0
0.0
0.0
0.0
0.0
0.0
0.0
0.0
0.0
0.0
0.0
0.0
0.0
0.0
0.0
0.0
0.0
0.0
0.0
0.0
0.0
0.0
0.0
6.125119364789301e-05
2.508055717979231e-05
2.0813352443593802e-06
0.0
0.0
0.0
0.0
0.0
0.0
0.0
0.0
0.0
0.0
0.0
0.0
0.0
0.0
0.0
0.0
0.0
0.0
0.0
0.0
0.0
0.0
0.0
0.0
0.0
0.0
0.0
0.0
0.0
0.0
0.0
0.0
0.0
0.0
0.0
0.0
0.0
0.0
0.0
0.0
0.0
0.0
0.0
0.0
9.692737258503805e-05
3.998900160960427e-05
2.0353730587639482e-06
0.0
0.0
0.0
0.0
0.0
0.0
0.0
0.0
0.0
0.0
0.0
0.0
0.0
0.0
0.0
0.0
0.0
0.0
0.0
0.0
0.0
5.7179594530323196e-05
1.7978103440374636e-05
0.0
0.0
0.0
0.0
0.0
0.0
0.0
0.0
0.0
0.0
0.0
0.0
0.0
0.0
0.0
0.0
0.0
0.0
0.0
0.0
0.0
0.0
2.325121055177031e-05
3.2568536947459254e-07
0.0
0.0
0.0
0.0
0.0
0.0
0.0
0.0
0.0
0.0
0.0
0.0
0.0
0.0
0.0
0.0
0.0
0.0
0.0
0.0
0.0
0.0
6.615282338211952e-05
2.061675399355082e-05
0.0
0.0
0.0
0.0
0.0
0.0
0.0
0.0
0.0
0.0
0.0
0.0
0.0
0.0
0.0
0.0
0.0
0.0
0.0
0.0
0.0
0.0
7.141002298132285e-05
3.173985700428932e-05
2.7688803478792865e-06
0.0
0.0
0.0
0.0
0.0
0.0
0.0
0.0
0.0
0.0
0.0
0.0
0.0
0.0
0.0
0.0
0.0
0.0
0.0
0.0
0.0
0.0
0.00013033385585866153
7.785660544913781e-05
4.6048492270939314e-05
2.1948527402899294e-05
1.943774942887081e-06
0.0
0.0
0.0
0.0
0.0
0.0
0.0
0.0
0.0
0.0
0.0
0.0
0.0
0.0
0.0
0.0
0.0
0.0
0.0
0.0
0.0
0.0
0.0
0.0
0.0
0.0
0.0
0.0
0.0
0.0
0.0
0.0
0.0
0.0
0.0
0.0
0.0
0.0
0.0
0.0
0.0
0.0
0.0001363099134740531
7.006599374573375e-05
2.2131301062535272e-05
0.0
0.0
0.0
0.0
0.0
0.0
0.0
0.0
0.0
0.0
0.0
0.0
0.0
0.0
0.0
0.0
0.0
0.0
0.0
0.0
0.0
0.00013330617533505087
6.455321790767468e-05
1.5772217905515867e-05
0.0
0.0
0.0
0.0
0.0
0.0
0.0
0.0
0.0
0.0
0.0
0.0
0.0
0.0
0.0
0.0
0.0
0.0
0.0
0.0
0.0
5.900098054776257e-05
1.9761675255031076e-05
0.0
0.0
0.0
0.0
0.0
0.0
0.0
0.0
0.0
0.0
0.0
0.0
0.0
0.0
0.0
0.0
0.0
0.0
0.0
0.0
0.0
0.0
0.00010090581964225981
3.6604771075639554e-05
2.1399060341897557e-07
0.0
0.0
0.0
0.0
0.0
0.0
0.0
0.0
0.0
0.0
0.0
0.0
0.0
0.0
0.0
0.0
0.0
0.0
0.0
0.0
0.0
3.850954019508194e-05
1.282347257301698e-06
0.0
0.0
0.0
0.0
0.0
0.0
0.0
0.0
0.0
0.0
0.0
0.0
0.0
0.0
0.0
0.0
0.0
0.0
0.0
0.0
0.0
0.0
0.0
1.7805654289002231e-06
0.0
0.0
0.0
0.0
0.0
0.0
0.0
0.0
0.0
0.0
0.0
0.0
0.0
0.0
0.0
0.0
0.0
0.0
0.0
0.0
0.0
0.0
0.0
0.0
0.0
0.0
0.0
0.0
0.0
0.0
0.0
0.0
0.0
0.0
0.0
0.0
0.0
0.0
0.0
0.0
0.0
0.0
0.0
0.0
0.0
0.0
0.0
0.0
0.0
0.0
0.0
0.0
0.0
0.0
0.0
0.0
0.0
0.0
0.0
0.0
0.0
0.0
0.0
0.0
0.0
0.0
0.0
0.0
0.0
0.0
3.085837813327053e-05
2.823360883826863e-06
0.0
0.0
0.0
0.0
0.0
0.0
0.0
0.0
0.0
0.0
0.0
0.0
0.0
0.0
0.0
0.0
0.0
0.0
0.0
0.0
0.0
0.0
9.039777305424487e-05
3.4455655434405326e-05
7.282417863978953e-07
0.0
0.0
0.0
0.0
0.0
0.0
0.0
0.0
0.0
0.0
0.0
0.0
0.0
0.0
0.0
0.0
0.0
0.0
0.0
0.0
0.0
8.266630821365758e-05
2.2465212865832036e-05
0.0
0.0
0.0
0.0
0.0
0.0
0.0
0.0
0.0
0.0
0.0
0.0
0.0
0.0
0.0
0.0
0.0
0.0
0.0
0.0
0.0
0.0
4.849114960759231e-05
3.309569379279674e-06
0.0
0.0
0.0
0.0
0.0
0.0
0.0
0.0
0.0
0.0
0.0
0.0
0.0
0.0
0.0
0.0
0.0
0.0
0.0
0.0
0.0
0.0
0.0
1.9517508151737896e-06
0.0
0.0
0.0
0.0
0.0
0.0
0.0
0.0
0.0
0.0
0.0
0.0
0.0
0.0
0.0
0.0
0.0
0.0
0.0
0.0
0.0
0.0
0.0
0.0
0.0
0.0
0.0
0.0
0.0
0.0
0.0
0.0
0.0
0.0
0.0
0.0
0.0
0.0
0.0
0.0
0.0
0.0
0.0
0.0
0.0
0.0
0.0
0.0
0.0
0.0
0.0
0.0
0.0
0.0
0.0
0.0
0.0
0.0
0.0
0.0
0.0
0.0
0.0
0.0
0.0
0.0
0.0
0.0
0.0
0.0
0.0
0.0
0.0
0.0
0.0
0.0
0.0
0.0
0.0
0.0
0.0
0.0
0.0
0.0
0.0
0.0
0.0
0.0
0.0
0.0
0.0
0.0
0.0
0.0
0.0
0.0
0.0
0.0
0.0
0.0
0.0
0.0
0.0
0.0
0.0
0.0
0.0
0.0
0.0
0.0
0.0
0.0
0.0
0.0
0.0
0.0
0.0
0.0
0.0
0.0
0.0
0.0
0.0
0.0
0.0
0.0
0.0
0.0
0.0
0.0
0.0
0.0
0.0
0.0
0.0
0.0
0.0
0.0
0.0
0.0
0.0
0.0
0.0
0.0
0.0
0.0
0.0
0.0
0.0
0.0
0.0
0.0
0.0
0.0
0.0
0.0
0.0
0.0
0.0
0.0
0.0
0.0
0.0
0.0
0.0
0.0
0.0
1.064212815590813e-06
0.0
0.0
0.0
0.0
0.0
0.0
0.0
0.0
0.0
0.0
0.0
0.0
0.0
0.0
0.0
0.0
0.0
0.0
0.0
0.0
0.0
0.0
0.0
0.0
0.0
0.0
0.0
0.0
0.0
0.0
0.0
0.0
0.0
0.0
0.0
0.0
0.0
0.0
0.0
0.0
0.0
0.0
0.0
0.0
0.0
0.0
0.0
0.0
0.0
0.0
0.0
0.0
0.0
0.0
0.0
0.0
0.0
0.0
0.0
0.0
0.0
0.0
0.0
0.0
0.0
0.0
0.0
0.0
0.0
0.0
0.0
0.0
0.0
0.0
0.0
0.0
0.0
0.0
0.0
0.0
0.0
0.0
0.0
0.0
0.0
0.0
0.0
0.0
0.0
0.0
0.0
0.0
0.0
0.0
0.0
0.0
0.0
0.0
0.0
0.0
0.0
0.0
0.0
0.0
0.0
0.0
0.0
0.0
0.0
0.0
0.0
0.0
0.0
0.0
0.0
0.0
0.0
0.0
0.0
0.0
0.0
0.0
0.0
0.0
0.0
0.0
0.0
0.0
0.0
0.0
0.0
0.0
0.0
0.0
0.0
0.0
0.0
0.0
0.0
0.0
0.0
0.0
0.0
0.0
0.0
0.0
0.0
0.0
0.0
0.0
0.0
0.0
0.0
0.0
0.0
0.0
0.0
0.0
0.0
0.0
0.0
0.0
0.0
0.0
0.0
0.0
0.0
0.0
0.0
0.0
0.0
0.0
0.0
0.0
0.0
0.0
0.0
0.0
0.0
0.0
0.0
0.0
0.0
0.0
0.0
0.0
0.0
0.0
0.0
0.0
0.0
0.0
0.0
0.0
0.0
0.0
0.0
0.0
0.0
0.0
0.0
0.0
0.0
0.0
0.0
0.0
0.0
0.0
0.0
0.0
0.0
0.0
0.0
0.0
0.0
0.0
0.0
0.0
0.0
0.0
0.0
0.0
0.0
0.0
0.0
0.0
0.0
0.0
0.0
0.0
0.0
0.0
0.0
0.0
0.0
0.0
0.0
0.0
0.0
0.0
0.0
0.0
0.0
0.0
0.0
0.0
0.0
0.0
0.0
0.0
0.0
0.0
0.0
0.0
0.0
0.0
0.0
0.0
0.0
0.0
0.0
0.0
1.1475104863440298e-06
0.0
0.0
0.0
0.0
0.0
0.0
0.0
0.0
0.0
0.0
0.0
0.0
0.0
0.0
0.0
0.0
0.0
0.0
0.0
0.0
0.0
0.0
0.0
0.0
0.0
0.0
0.0
0.0
0.0
0.0
0.0
0.0
0.0
0.0
0.0
0.0
0.0
0.0
0.0
0.0
0.0
0.0
0.0
0.0
0.0
0.0
0.0
2.6914306416222985e-05
4.087576275992664e-07
0.0
0.0
0.0
0.0
0.0
0.0
0.0
0.0
0.0
0.0
0.0
0.0
0.0
0.0
0.0
0.0
0.0
0.0
0.0
0.0
0.0
0.0
0.0
0.0
0.0
0.0
0.0
0.0
0.0
0.0
0.0
0.0
0.0
0.0
0.0
0.0
0.0
0.0
0.0
0.0
0.0
0.0
0.0
0.0
0.0
0.0
0.0
0.0
0.0
0.0
0.0
0.0
0.0
0.0
0.0
0.0
0.0
0.0
0.0
0.0
0.0
0.0
0.0
0.0
0.0
0.0
0.0
0.0
0.0
0.0
0.0
0.0
0.0
0.0
0.0
0.0
0.0
0.0
0.0
0.0
0.0
0.0
0.0
0.0
0.0
0.0
0.0
0.0
0.0
0.0
0.0
0.0
0.0
0.0
0.0
0.0
0.0
0.0
0.0
0.0
0.0
0.0
0.0
0.0
0.0
0.0
0.0
0.0
0.0
0.0
0.0
0.0
0.0
0.0
0.0
0.0
0.0
0.0
0.0
0.0
0.0
0.0
0.0
0.0
0.0
0.0
0.0
0.0
0.0
0.0
0.0
0.0
0.0
0.0
0.0
0.0
0.0
0.0
0.0
0.0
0.0
0.0
0.0
0.0
0.0
0.0
0.0
0.0
0.0
0.0
0.0
0.0
0.0
0.0
0.0
0.0
0.0
0.0
0.0
0.0
0.0
0.0
0.0
0.0
0.0
0.0
0.0
0.0
0.0
0.0
0.0
0.0
0.0
0.0
0.0
0.0
0.0
0.0
0.0
0.0
0.0
0.0
0.0
0.0
0.0
0.0
0.0
0.0
0.0
0.0
0.0
0.0
0.0
0.0
0.0
0.0
0.0
0.0
0.0
0.0
0.0
0.0
0.0
0.0
0.0
0.0
0.0
0.0
0.0
0.0
0.0
0.0
0.0
0.0
0.0
0.0
0.0
0.0
0.0
0.0
0.0
0.0
0.0
0.0
0.0
0.0
0.0
0.0
0.0
0.0
0.0
0.0
0.0
0.0
0.0
0.0
0.0
0.0
0.0
0.0
0.0
0.0
0.0
0.0
0.0
0.0
0.0
0.0
0.0
0.0
0.0
0.0
0.0
0.0
0.0
0.0
0.0
0.0
0.0
0.0
0.0
0.0
0.0
0.0
0.0
0.0
0.0
0.0
0.0
0.0
0.0
0.0
0.0
0.0
0.0
0.0
0.0
0.0
0.0
0.0
0.0
0.0
0.0
0.0
0.0
0.0
0.0
0.0
0.0
0.0
0.0
0.0
0.0
0.0
0.0
0.0
0.0
0.0
0.0
0.0
0.0
0.0
0.0
0.0
0.0
0.0
0.0
0.0
0.0
0.0
0.0
0.0
0.0
0.0
0.0
0.0
0.0
0.0
0.0
0.0
0.0
0.0
0.0
0.0
0.0
0.0
0.0
0.0
0.0
0.0
0.0
0.0
0.0
0.0
0.0
0.0
0.0
0.0
0.0
0.0
0.0
0.0
0.0
0.0
0.0
0.0
0.0
0.0
0.0
0.0
0.0
0.0
0.0
0.0
0.0
0.0
0.0
0.0
0.0
0.0
0.0
0.0
0.0
0.0
0.0
0.0
0.0
0.0
0.0
0.0
0.0
0.0
0.0
0.0
0.0
0.0
0.0
0.0
0.0
0.0
0.0
0.0
0.0
0.0
0.0
0.0
0.0
0.0
0.0
0.0
0.0
0.0
0.0
0.0
0.0
0.0
0.0
0.0
0.0
0.0
0.0
0.0
0.0
0.0
0.0
0.0
0.0
0.0
0.0
0.0
0.0
0.0
0.0
0.0
0.0
0.0
0.0
0.0
0.0
0.0
0.0
0.0
0.0
0.0
0.0
0.0
0.0
0.0
0.0
0.0
0.0
0.0
0.0
0.0
0.0
0.0
0.0
0.0
0.0
0.0
0.0
0.0
0.0
0.0
0.0
0.0
0.0
0.0
0.0
0.0
0.0
0.0
0.0
0.0
0.0
0.0
0.0
0.0
0.0
0.0
0.0
0.0
0.0
0.0
0.0
0.0
0.0
0.0
0.0
0.0
0.0
0.0
0.0
0.0
0.0
0.0
0.0
0.0
0.0
0.0
0.0
0.0
0.0
0.0
0.0
0.0
0.0
0.0
0.0
0.0
0.0
0.0
0.0
0.0
0.0
0.0
0.0
0.0
0.0
0.0
0.0
0.0
0.0
0.0
0.0
0.0
0.0
0.0
0.0
0.0
0.0
0.0
0.0
0.0
0.0
0.0
0.0
0.0
0.0
0.0
0.0
0.0
0.0
0.0
0.0
0.0
0.0
0.0
0.0
0.0
0.0
0.0
0.0
0.0
0.0
0.0
0.0
0.0
0.0
0.0
0.0
0.0
0.0
0.0
0.0
0.0
0.0
0.0
0.0
0.0
0.0
0.0
0.0
0.0
0.0
0.0
0.0
0.0
0.0
0.0
0.0
0.0
0.0
0.0
0.0
0.0
0.0
0.0
0.0
0.0
0.0
0.0
0.0
0.0
0.0
0.0
0.0
0.0
0.0
0.0
0.0
0.0
0.0
0.0
0.0
0.0
0.0
0.0
0.0
0.0
0.0
0.0
0.0
0.0
0.0
0.0
0.0
0.0
0.0
0.0
0.0
0.0
0.0
0.0
0.0
0.0
0.0
0.0
0.0
0.0
0.0
0.0
0.0
0.0
0.0
0.0
0.0
0.0
0.0
0.0
0.0
0.0
0.0
0.0
0.0
0.0
0.0
0.0
0.0
0.0
0.0
0.0
0.0
0.0
0.0
0.0
0.0
0.0
0.0
0.0
0.0
0.0
0.0
0.0
0.0
0.0
0.0
0.0
0.0
0.0
0.0
0.0
0.0
0.0
0.0
0.0
0.0
0.0
0.0
0.0
0.0
0.0
0.0
0.0
0.0
0.0
0.0
0.0
0.0
0.0
0.0
0.0
0.0
0.0
0.0
0.0
0.0
0.0
0.0
0.0
0.0
0.0
0.0
0.0
0.0
0.0
0.0
0.0
0.0
0.0
0.0
0.0
0.0
0.0
0.0
0.0
0.0
0.0
0.0
0.0
0.0
0.0
0.0
0.0
0.0
0.0
0.0
0.0
0.0
0.0
0.0
0.0
0.0
0.0
0.0
0.0
0.0
0.0
0.0
0.0
0.0
0.0
0.0
0.0
0.0
0.0
0.0
0.0
0.0
0.0
0.0
0.0
0.0
0.0
0.0
0.0
0.0
0.0
0.0
0.0
0.0
0.0
0.0
0.0
0.0
0.0
0.0
0.0
0.0
0.0
0.0
0.0
0.0
0.0
0.0
0.0
0.0
0.0
0.0
0.0
0.0
0.0
0.0
0.0
0.0
0.0
0.0
0.0
0.0
0.0
0.0
0.0
0.0
0.0
0.0
0.0
0.0
0.0
0.0
0.0
0.0
0.0
0.0
0.0
0.0
0.0
0.0
0.0
0.0
0.0
0.0
0.0
0.0
0.0
0.0
0.0
0.0
0.0
0.0
0.0
0.0
0.0
0.0
0.0
0.0
0.0
0.0
0.0
0.0
0.0
0.0
0.0
0.0
0.0
0.0
0.0
0.0
0.0
0.0
0.0
0.0
0.0
0.0
0.0
0.0
0.0
0.0
0.0
0.0
0.0
0.0
0.0
0.0
0.0
0.0
0.0
0.0
0.0
0.0
0.0
0.0
0.0
0.0
0.0
0.0
0.0
0.0
0.0
0.0
0.0
0.0
0.0
0.0
0.0
0.0
0.0
0.0
0.0
0.0
0.0
0.0
0.0
0.0
0.0
0.0
0.0
0.0
0.0
0.0
0.0
0.0
0.0
0.0
0.0
0.0
0.0
0.0
0.0
0.0
0.0
0.0
0.0
0.0
0.0
0.0
0.0
0.0
0.0
0.0
0.0
0.0
0.0
0.0
0.0
0.0
0.0
0.0
0.0
0.0
0.0
0.0
0.0
0.0
0.0
0.0
0.0
0.0
0.0
0.0
0.0
0.0
0.0
0.0
0.0
0.0
0.0
0.0
0.0
0.0
0.0
0.0
0.0
0.0
0.0
0.0
0.0
0.0
0.0
0.0
0.0
0.0
0.0
0.0
0.0
0.0
0.0
0.0
0.0
0.0
0.0
0.0
0.0
0.0
0.0
0.0
0.0
0.0
0.0
0.0
0.0
0.0
0.0
0.0
0.0
0.0
0.0
0.0
0.0
0.0
0.0
0.0
0.0
0.0
0.0
0.0
0.0
0.0
0.0
0.0
0.0
0.0
0.0
0.0
0.0
0.0
0.0
0.0
0.0
0.0
0.0
0.0
0.0
0.0
0.0
0.0
0.0
0.0
0.0
0.0
0.0
0.0
0.0
0.0
0.0
0.0
0.0
0.0
0.0
0.0
0.0
0.0
0.0
0.0
0.0
0.0
0.0
0.0
0.0
0.0
0.0
0.0
0.0
0.0
0.0
0.0
0.0
0.0
0.0
0.0
0.0
0.0
0.0
0.0
0.0
0.0
0.0
0.0
0.0
0.0
0.0
0.0
0.0
0.0
0.0
0.0
0.0
0.0
0.0
0.0
0.0
0.0
0.0
0.0
0.0
0.0
0.0
0.0
0.0
0.0
0.0
0.0
0.0
0.0
0.0
0.0
0.0
0.0
0.0
0.0
0.0
0.0
0.0
0.0
0.0
0.0
0.0
0.0
0.0
0.0
0.0
0.0
0.0
0.0
0.0
0.0
0.0
0.0
0.0
0.0
0.0
0.0
0.0
0.0
0.0
0.0
0.0
0.0
0.0
0.0
0.0
0.0
0.0
0.0
0.0
0.0
0.0
0.0
0.0
0.0
0.0
0.0
0.0
0.0
0.0
0.0
0.0
0.0
0.0
0.0
0.0
0.0
0.0
0.0
0.0
0.0
0.0
0.0
0.0
0.0
0.0
0.0
0.0
0.0
0.0
0.0
0.0
0.0
0.0
0.0
0.0
0.0
0.0
0.0
0.0
0.0
0.0
0.0
0.0
0.0
0.0
0.0
0.0
0.0
0.0
0.0
0.0
0.0
0.0
0.0
0.0
0.0
0.0
0.0
0.0
0.0
0.0
0.0
0.0
0.0
0.0
0.0
0.0
0.0
0.0
0.0
0.0
0.0
0.0
0.0
0.0
0.0
0.0
0.0
0.0
0.0
0.0
0.0
0.0
0.0
0.0
0.0
0.0
0.0
0.0
0.0
0.0
0.0
0.0
0.0
0.0
0.0
0.0
0.0
0.0
0.0
0.0
0.0
0.0
0.0
0.0
0.0
0.0
0.0
0.0
0.0
0.0
0.0
0.0
0.0
0.0
0.0
0.0
0.0
0.0
0.0
0.0
0.0
0.0
0.0
0.0
0.0
0.0
0.0
0.0
0.0
0.0
0.0
0.0
0.0
0.0
0.0
0.0
0.0
0.0
0.0
0.0
0.0
0.0
0.0
0.0
0.0
0.0
0.0
0.0
0.0
0.0
0.0
0.0
0.0
0.0
0.0
0.0
0.0
0.0
0.0
0.0
0.0
0.0
0.0
0.0
0.0
0.0
0.0
0.0
0.0
0.0
0.0
0.0
0.0
0.0
0.0
0.0
0.0
0.0
0.0
0.0
0.0
0.0
0.0
0.0
0.0
0.0
0.0
0.0
0.0
0.0
0.0
0.0
0.0
0.0
0.0
0.0
0.0
0.0
0.0
0.0
0.0
0.0
0.0
0.0
0.0
0.0
0.0
0.0
0.0
0.0
0.0
0.0
0.0
0.0
0.0
0.0
0.0
0.0
0.0
0.0
0.0
0.0
0.0
0.0
0.0
0.0
0.0
0.0
0.0
0.0
0.0
0.0
0.0
0.0
0.0
0.0
0.0
0.0
0.0
0.0
0.0
0.0
0.0
0.0
0.0
0.0
0.0
0.0
0.0
0.0
0.0
0.0
0.0
0.0
0.0
0.0
0.0
0.0
0.0
0.0
0.0
0.0
0.0
0.0
0.0
0.0
0.0
0.0
0.0
0.0
0.0
0.0
0.0
0.0
0.0
0.0
0.0
0.0
0.0
0.0
0.0
0.0
0.0
0.0
0.0
0.0
0.0
0.0
0.0
0.0
0.0
0.0
0.0
0.0
0.0
0.0
0.0
0.0
0.0
0.0
0.0
0.0
0.0
0.0
0.0
0.0
0.0
0.0
0.0
0.0
0.0
0.0
0.0
0.0
0.0
0.0
0.0
0.0
0.0
0.0
0.0
0.0
0.0
0.0
0.0
0.0
0.0
0.0
0.0
0.0
0.0
0.0
0.0
0.0
0.0
0.0
0.0
0.0
0.0
0.0
0.0
0.0
0.0
0.0
0.0
0.0
0.0
0.0
0.0
0.0
0.0
0.0
0.0
0.0
0.0
0.0
0.0
0.0
0.0
0.0
0.0
0.0
0.0
0.0
0.0
0.0
0.0
0.0
0.0
0.0
0.0
0.0
0.0
0.0
0.0
0.0
0.0
0.0
0.0
0.0
0.0
0.0
0.0
0.0
0.0
0.0
0.0
0.0
0.0
0.0
0.0
0.0
0.0
0.0
0.0
0.0
0.0
0.0
0.0
0.0
0.0
0.0
0.0
0.0
0.0
0.0
0.0
0.0
0.0
0.0
0.0
0.0
0.0
0.0
0.0
0.0
0.0
0.0
0.0
0.0
0.0
0.0
0.0
0.0
0.0
0.0
0.0
0.0
0.0
0.0
0.0
0.0
0.0
0.0
0.0
0.0
0.0
0.0
0.0
0.0
0.0
0.0
0.0
0.0
0.0
0.0
0.0
0.0
0.0
0.0
0.0
0.0
0.0
0.0
0.0
0.0
0.0
0.0
0.0
0.0
0.0
0.0
0.0
0.0
0.0
0.0
0.0
0.0
0.0
0.0
0.0
0.0
0.0
0.0
0.0
0.0
0.0
0.0
0.0
0.0
0.0
0.0
0.0
0.0
0.0
0.0
0.0
0.0
0.0
0.0
0.0
0.0
0.0
0.0
0.0
0.0
0.0
0.0
0.0
0.0
0.0
0.0
0.0
0.0
0.0
0.0
0.0
0.0
0.0
0.0
0.0
0.0
0.0
0.0
0.0
0.0
0.0
0.0
0.0
0.0
0.0
0.0
0.0
0.0
0.0
0.0
0.0
0.0
0.0
0.0
0.0
0.0
0.0
0.0
0.0
0.0
0.0
0.0
0.0
0.0
0.0
0.0
0.0
0.0
0.0
0.0
0.0
0.0
0.0
0.0
0.0
0.0
0.0
0.0
0.0
0.0
0.0
0.0
0.0
0.0
0.0
0.0
0.0
0.0
0.0
0.0
0.0
0.0
0.0
0.0
0.0
0.0
0.0
0.0
0.0
0.0
0.0
0.0
0.0
0.0
0.0
0.0
0.0
0.0
0.0
0.0
0.0
0.0
0.0
0.0
0.0
0.0
0.0
0.0
0.0
0.0
0.0
0.0
0.0
0.0
0.0
0.0
0.0
0.0
0.0
0.0
0.0
0.0
0.0
0.0
0.0
0.0
0.0
0.0
0.0
0.0
0.0
0.0
0.0
0.0
0.0
0.0
0.0
0.0
0.0
0.0
0.0
0.0
0.0
0.0
0.0
0.0
0.0
0.0
0.0
0.0
0.0
0.0
0.0
0.0
0.0
0.0
0.0
0.0
0.0
0.0
0.0
0.0
0.0
0.0
0.0
0.0
0.0
0.0
0.0
0.0
0.0
0.0
0.0
0.0
0.0
0.0
0.0
0.0
0.0
0.0
0.0
0.0
0.0
0.0
0.0
0.0
0.0
0.0
0.0
0.0
0.0
0.0
0.0
0.0
0.0
0.0
0.0
0.0
0.0
0.0
0.0
0.0
0.0
0.0
0.0
0.0
0.0
0.0
0.0
0.0
0.0
0.0
0.0
0.0
0.0
0.0
0.0
0.0
0.0
0.0
0.0
0.0
0.0
0.0
0.0
0.0
0.0
0.0
0.0
0.0
0.0
0.0
0.0
0.0
0.0
0.0
0.0
0.0
0.0
0.0
0.0
0.0
0.0
0.0
0.0
0.0
0.0
0.0
0.0
0.0
0.0
0.0
0.0
0.0
0.0
0.0
0.0
0.0
0.0
0.0
0.0
0.0
0.0
0.0
0.0
0.0
0.0
0.0
0.0
0.0
0.0
0.0
0.0
0.0
0.0
0.0
0.0
0.0
0.0
0.0
0.0
0.0
0.0
0.0
0.0
0.0
0.0
0.0
0.0
0.0
0.0
0.0
0.0
0.0
0.0
0.0
0.0
0.0
0.0
0.0
0.0
0.0
0.0
0.0
0.0
0.0
0.0
0.0
0.0
0.0
0.0
0.0
0.0
0.0
0.0
0.0
0.0
0.0
0.0
0.0
0.0
0.0
0.0
0.0
0.0
0.0
0.0
0.0
0.0
0.0
0.0
0.0
0.0
0.0
0.0
0.0
0.0
0.0
0.0
0.0
0.0
0.0
0.0
0.0
0.0
0.0
0.0
0.0
0.0
0.0
0.0
0.0
0.0
0.0
0.0
0.0
0.0
0.0
0.0
0.0
0.0
0.0
0.0
0.0
0.0
0.0
0.0
0.0
0.0
0.0
0.0
0.0
0.0
0.0
0.0
0.0
0.0
0.0
0.0
0.0
0.0
0.0
0.0
0.0
0.0
0.0
0.0
0.0
0.0
0.0
0.0
0.0
0.0
0.0
0.0
0.0
0.0
0.0
0.0
0.0
0.0
0.0
0.0
0.0
0.0
0.0
0.0
0.0
0.0
0.0
0.0
0.0
0.0
0.0
0.0
0.0
0.0
0.0
0.0
0.0
0.0
0.0
0.0
0.0
0.0
0.0
0.0
0.0
0.0
0.0
0.0
0.0
0.0
0.0
0.0
0.0
0.0
0.0
0.0
0.0
0.0
0.0
0.0
0.0
0.0
0.0
0.0
0.0
0.0
0.0
0.0
0.0
0.0
0.0
0.0
0.0
0.0
0.0
0.0
0.0
0.0
0.0
0.0
0.0
0.0
0.0
0.0
0.0
0.0
0.0
0.0
0.0
0.0
0.0
0.0
0.0
0.0
0.0
0.0
0.0
0.0
0.0
0.0
0.0
0.0
0.0
0.0
0.0
0.0
0.0
0.0
0.0
0.0
0.0
0.0
0.0
0.0
0.0
0.0
0.0
0.0
0.0
0.0
0.0
0.0
0.0
0.0
0.0
0.0
0.0
0.0
0.0
0.0
0.0
0.0
0.0
0.0
0.0
0.0
0.0
0.0
0.0
0.0
0.0
0.0
0.0
0.0
0.0
0.0
0.0
0.0
0.0
0.0
0.0
0.0
0.0
0.0
0.0
0.0
0.0
0.0
0.0
0.0
0.0
0.0
0.0
0.0
0.0
0.0
0.0
0.0
0.0
0.0
0.0
0.0
0.0
0.0
0.0
0.0
0.0
0.0
0.0
0.0
0.0
0.0
0.0
0.0
0.0
0.0
0.0
0.0
0.0
0.0
0.0
0.0
0.0
0.0
0.0
0.0
0.0
0.0
0.0
0.0
0.0
0.0
0.0
0.0
0.0
0.0
0.0
0.0
0.0
0.0
0.0
0.0
0.0
0.0
0.0
0.0
0.0
0.0
0.0
0.0
0.0
0.0
0.0
0.0
0.0
0.0
0.0
0.0
0.0
0.0
0.0
0.0
0.0
0.0
0.0
0.0
0.0
0.0
0.0
0.0
0.0
0.0
0.0
0.0
0.0
0.0
0.0
0.0
0.0
0.0
0.0
0.0
0.0
0.0
0.0
0.0
0.0
0.0
0.0
0.0
0.0
0.0
0.0
0.0
0.0
0.0
0.0
0.0
0.0
0.0
0.0
0.0
0.0
0.0
0.0
0.0
0.0
0.0
0.0
0.0
0.0
0.0
0.0
0.0
0.0
0.0
0.0
0.0
0.0
0.0
0.0
0.0
0.0
0.0
0.0
0.0
0.0
0.0
0.0
0.0
0.0
0.0
0.0
0.0
0.0
0.0
0.0
0.0
0.0
0.0
0.0
0.0
0.0
0.0
0.0
0.0
0.0
0.0
0.0
0.0
0.0
0.0
0.0
0.0
0.0
0.0
0.0
0.0
0.0
0.0
0.0
0.0
0.0
0.0
0.0
0.0
0.0
0.0
0.0
0.0
0.0
0.0
0.0
0.0
0.0
0.0
0.0
0.0
0.0
0.0
0.0
0.0
0.0
0.0
0.0
0.0
0.0
0.0
0.0
0.0
0.0
0.0
0.0
0.0
0.0
0.0
0.0
0.0
0.0
0.0
0.0
0.0
0.0
0.0
0.0
0.0
0.0
0.0
0.0
0.0
0.0
0.0
0.0
0.0
0.0
1.5388477209365426e-07
0.0
0.0
0.0
0.0
0.0
0.0
0.0
0.0
0.0
0.0
0.0
0.0
0.0
0.0
0.0
0.0
0.0
0.0
0.0
0.0
0.0
0.0
0.0
0.0
0.0
0.0
0.0
0.0
0.0
0.0
0.0
0.0
0.0
0.0
0.0
0.0
0.0
0.0
0.0
0.0
0.0
0.0
0.0
0.0
0.0
0.0
0.0
0.0
0.0
0.0
0.0
0.0
0.0
0.0
0.0
0.0
0.0
0.0
0.0
0.0
0.0
0.0
0.0
0.0
0.0
0.0
0.0
0.0
0.0
0.0
0.0
0.0
0.0
0.0
0.0
0.0
0.0
0.0
0.0
0.0
0.0
0.0
0.0
0.0
0.0
0.0
0.0
0.0
0.0
0.0
0.0
0.0
0.0
0.0
0.0
0.0
0.0
0.0
0.0
0.0
0.0
0.0
0.0
0.0
0.0
0.0
0.0
0.0
0.0
0.0
0.0
0.0
0.0
0.0
0.0
0.0
0.0
0.0
0.0
0.0
0.0
0.0
0.0
0.0
0.0
0.0
0.0
0.0
0.0
0.0
0.0
0.0
0.0
0.0
0.0
0.0
0.0
0.0
0.0
0.0
0.0
0.0
0.0
0.0
0.0
0.0
0.0
0.0
0.0
0.0
0.0
0.0
0.0
0.0
0.0
0.0
0.0
0.0
0.0
0.0
0.0
0.0
0.0
0.0
0.0
0.0
0.0
0.0
0.0
0.0
0.0
0.0
0.0
0.0
0.0
0.0
0.0
0.0
0.0
0.0
0.0
0.0
0.0
0.0
0.0
0.0
0.0
0.0
0.0
0.0
0.0
0.0
0.0
0.0
0.0
0.0
0.0
0.0
0.0
0.0
0.0
0.0
0.0
0.0
0.0
0.0
0.0
0.0
0.0
0.0
0.0
0.0
0.0
0.0
0.0
0.0
0.0
0.0
0.0
0.0
0.0
0.0
0.0
0.0
0.0
0.0
0.0
0.0
0.0
0.0
0.0
0.0
0.0
0.0
0.0
0.0
0.0
0.0
0.0
5.79029525559069e-05
1.819886594709606e-05
0.0
0.0
0.0
0.0
0.0
0.0
0.0
0.0
0.0
0.0
0.0
0.0
0.0
0.0
0.0
0.0
0.0
0.0
0.0
0.0
0.0
0.0
0.0
0.0
0.0
0.0
0.0
0.0
0.0
0.0
0.0
0.0
0.0
0.0
0.0
0.0
0.0
0.0
0.0
0.0
0.0
0.0
0.0
0.0
0.0
0.0
5.160156602983502e-05
2.3170709132909677e-05
9.033318629991602e-07
0.0
0.0
0.0
0.0
0.0
0.0
0.0
0.0
0.0
0.0
0.0
0.0
0.0
0.0
0.0
0.0
0.0
0.0
0.0
0.0
0.0
7.797780981062968e-05
3.996920167599881e-05
9.518569190069071e-06
0.0
0.0
0.0
0.0
0.0
0.0
0.0
0.0
0.0
0.0
0.0
0.0
0.0
0.0
0.0
0.0
0.0
0.0
0.0
0.0
0.0
5.308999560685217e-05
1.9276791448411084e-05
0.0
0.0
0.0
0.0
0.0
0.0
0.0
0.0
0.0
0.0
0.0
0.0
0.0
0.0
0.0
0.0
0.0
0.0
0.0
0.0
0.0
0.0
0.0
2.606334272627227e-05
6.187440941780618e-06
0.0
0.0
0.0
0.0
0.0
0.0
0.0
0.0
0.0
0.0
0.0
0.0
0.0
0.0
0.0
0.0
0.0
0.0
0.0
0.0
0.0
0.0
0.0
0.0
0.0
0.0
0.0
0.0
0.0
0.0
0.0
0.0
0.0
0.0
0.0
0.0
0.0
0.0
0.0
0.0
0.0
0.0
0.0
0.0
0.0
0.0
0.0
0.0
0.0
0.0
0.0
0.0
0.0
0.0
0.0
0.0
0.0
0.0
0.0
0.0
0.0
0.0
0.0
0.0
0.0
0.0
0.0
0.0
0.0
3.7791281938374636e-05
6.927260716550348e-06
0.0
0.0
0.0
0.0
0.0
0.0
0.0
0.0
0.0
0.0
0.0
0.0
0.0
0.0
0.0
0.0
0.0
0.0
0.0
0.0
0.0
0.0
4.6184170068803424e-05
2.012353842588212e-05
3.6237191189534154e-07
0.0
0.0
0.0
0.0
0.0
0.0
0.0
0.0
0.0
0.0
0.0
0.0
0.0
0.0
0.0
0.0
0.0
0.0
0.0
0.0
0.0
3.355005069111579e-05
5.43265294783394e-06
0.0
0.0
0.0
0.0
0.0
0.0
0.0
0.0
0.0
0.0
0.0
0.0
0.0
0.0
0.0
0.0
0.0
0.0
0.0
0.0
0.0
0.0
4.774694435606485e-05
1.524313729516687e-05
0.0
0.0
0.0
0.0
0.0
0.0
0.0
0.0
0.0
0.0
0.0
0.0
0.0
0.0
0.0
0.0
0.0
0.0
0.0
0.0
0.0
0.0
0.0
6.0290813379143636e-06
0.0
0.0
0.0
0.0
0.0
0.0
0.0
0.0
0.0
0.0
0.0
0.0
0.0
0.0
0.0
0.0
0.0
0.0
0.0
0.0
0.0
0.0
0.0
0.0
0.0
0.0
0.0
0.0
0.0
0.0
0.0
0.0
0.0
0.0
0.0
0.0
0.0
0.0
0.0
0.0
0.0
0.0
0.0
0.0
0.0
0.0
0.00011044206940595324
6.82188498768486e-05
3.6736113395886304e-05
5.527391896151795e-06
0.0
0.0
0.0
0.0
0.0
0.0
0.0
0.0
0.0
0.0
0.0
0.0
0.0
0.0
0.0
0.0
0.0
0.0
0.0
0.0
0.0001676290081323403
9.286483311649258e-05
5.0606925741938086e-05
8.68326356583932e-06
0.0
0.0
0.0
0.0
0.0
0.0
0.0
0.0
0.0
0.0
0.0
0.0
0.0
0.0
0.0
0.0
0.0
0.0
0.0
0.0
0.00016579105022721641
9.687247745690025e-05
5.525469395272116e-05
9.209439652794452e-06
0.0
0.0
0.0
0.0
0.0
0.0
0.0
0.0
0.0
0.0
0.0
0.0
0.0
0.0
0.0
0.0
0.0
0.0
0.0
0.0
0.00010139609350768211
6.671018982962837e-05
4.752806251084706e-05
2.110788642382886e-05
8.509393740343085e-07
0.0
0.0
0.0
0.0
0.0
0.0
0.0
0.0
0.0
0.0
0.0
0.0
0.0
0.0
0.0
0.0
0.0
0.0
0.0
0.00014201682417996076
9.353347624501245e-05
6.091750678090043e-05
2.05373365247774e-05
0.0
0.0
0.0
0.0
0.0
0.0
0.0
0.0
0.0
0.0
0.0
0.0
0.0
0.0
0.0
0.0
0.0
0.0
0.0
0.0
0.0
0.00014488245536795083
9.90516531315779e-05
5.718845360114423e-05
1.2909508531994714e-05
0.0
0.0
0.0
0.0
0.0
0.0
0.0
0.0
0.0
0.0
0.0
0.0
0.0
0.0
0.0
0.0
0.0
0.0
0.0
0.0
0.0
0.0
0.0
0.0
0.0
0.0
0.0
0.0
0.0
0.0
0.0
0.0
0.0
0.0
0.0
0.0
0.0
0.0
0.0
0.0
0.0
0.0
0.0
0.000170805736121681
0.00010720983649965681
7.302550412546944e-05
2.814303043911891e-05
0.0
0.0
0.0
0.0
0.0
0.0
0.0
0.0
0.0
0.0
0.0
0.0
0.0
0.0
0.0
0.0
0.0
0.0
0.0
0.0
0.00013664303606736916
8.308768546562397e-05
4.456137614207039e-05
5.2727810507787056e-06
0.0
0.0
0.0
0.0
0.0
0.0
0.0
0.0
0.0
0.0
0.0
0.0
0.0
0.0
0.0
0.0
0.0
0.0
0.0
0.0
8.7989951810547e-05
4.667341514298215e-05
1.423357194244743e-05
0.0
0.0
0.0
0.0
0.0
0.0
0.0
0.0
0.0
0.0
0.0
0.0
0.0
0.0
0.0
0.0
0.0
0.0
0.0
0.0
0.0
0.00010219201862416764
5.921129669374779e-05
2.6712386798790593e-05
5.640849844164087e-07
0.0
0.0
0.0
0.0
0.0
0.0
0.0
0.0
0.0
0.0
0.0
0.0
0.0
0.0
0.0
0.0
0.0
0.0
0.0
0.0
0.00012778596375056958
7.944906615691562e-05
4.527520736671212e-05
6.683627054523695e-06
0.0
0.0
0.0
0.0
0.0
0.0
0.0
0.0
0.0
0.0
0.0
0.0
0.0
0.0
0.0
0.0
0.0
0.0
0.0
0.0
0.0
8.290770727050713e-05
6.0515172607319875e-05
2.506504739787358e-05
0.0
0.0
0.0
0.0
0.0
0.0
0.0
0.0
0.0
0.0
0.0
0.0
0.0
0.0
0.0
0.0
0.0
0.0
0.0
0.0
0.0
0.0
0.0
0.0
0.0
0.0
0.0
0.0
0.0
0.0
0.0
0.0
0.0
0.0
0.0
0.0
0.0
0.0
0.0
0.0
0.0
0.0
0.0
0.0
8.769351020295736e-05
5.179254551352326e-05
2.6895305485172676e-05
2.54959482426121e-06
0.0
0.0
0.0
0.0
0.0
0.0
0.0
0.0
0.0
0.0
0.0
0.0
0.0
0.0
0.0
0.0
0.0
0.0
0.0
0.0
0.00013544856645775061
8.547956286780408e-05
4.9318174025277036e-05
1.0586666882074755e-05
0.0
0.0
0.0
0.0
0.0
0.0
0.0
0.0
0.0
0.0
0.0
0.0
0.0
0.0
0.0
0.0
0.0
0.0
0.0
0.0
0.00019979832097288475
0.00020653551231867784
0.00015821703355258266
6.411862310360819e-05
2.186363860924572e-05
0.0
0.0
0.0
0.0
0.0
0.0
0.0
0.0
0.0
0.0
0.0
0.0
0.0
0.0
0.0
0.0
0.000163909674738399
0.00021323202236072072
0.00020473402828190067
0.0004818146422321985
0.00032962009382022647
0.00021037393035098278
7.292108244424627e-05
2.8851281818019386e-05
5.134833644696504e-07
0.0
0.0
0.0
0.0
0.0
0.0
0.0
0.0
0.0
0.0
0.0
0.0
0.0
0.0
0.0
0.0
8.030228665758498e-05
0.00011998530301045475
0.00030661310644804093
0.00014412984732100167
8.516113456981373e-05
4.130645863418261e-05
6.048363411767394e-06
0.0
0.0
0.0
0.0
0.0
0.0
0.0
0.0
0.0
0.0
0.0
0.0
0.0
0.0
0.0
0.0
7.124399872070243e-05
0.00012009540854284732
0.00013781641879167056
0.00023609877543105678
0.00033852337543288354
0.0002643519819477456
0.00011736805372263203
6.24190000929161e-05
1.807978753817315e-05
8.362992311978136e-07
0.0
0.0
0.0
0.0
0.0
0.0
0.0
0.0
0.0
0.0
0.0
0.0
0.0
0.0
0.0
0.0
0.0
5.299102983653095e-05
5.411455293371492e-05
4.677963608653586e-05
0.0
0.0
0.0
0.0
0.0
0.0
0.0
0.0
0.0
0.0
0.0
0.0
0.0
0.0
0.0
0.0
0.0
0.0
0.0
0.0
0.0
0.0
0.00010945666674760097
7.330314555034406e-05
3.7349921062470886e-05
3.581900885555753e-06
0.0
0.0
0.0
0.0
0.0
0.0
0.0
0.0
0.0
0.0
0.0
0.0
0.0
0.0
0.0
0.0
0.0
0.0
0.0
0.0
0.00014061894491728834
8.332259589719808e-05
3.180953085751225e-05
1.390876564146996e-07
0.0
0.0
0.0
0.0
0.0
0.0
0.0
0.0
0.0
0.0
0.0
0.0
0.0
0.0
0.0
0.0
0.0
6.255921213347068e-05
7.63403316911906e-05
8.287673444687732e-05
0.00020118684599473082
0.00011256173727687652
5.939568367792167e-05
9.146926920523694e-06
0.0
0.0
0.0
0.0
0.0
0.0
0.0
0.0
0.0
0.0
0.0
0.0
0.0
0.0
0.0
0.0
0.00013450914480452503
0.00014872229319902786
0.00013886426636658094
0.0002313311421276501
0.000318037996910881
0.00021980338121476735
7.907433703204489e-05
1.907891948653593e-05
0.0
0.0
0.0
0.0
0.0
0.0
0.0
0.0
0.0
0.0
0.0
0.0
0.0
0.0
0.0
9.789334745179086e-05
0.0002354648105249146
0.00027144162655805645
0.0002629720263037978
0.0004314835461801568
0.0005318429500690755
0.0004010137322811492
0.00016177867442554905
4.8399031356707306e-05
6.1270541751207535e-06
0.0
0.0
0.0
0.0
0.0
0.0
0.0
0.0
0.0
0.0
0.0
0.0
0.0
0.0
0.0001453395270715532
0.0001871260826498298
0.0001843003451032472
0.0003391872401192396
0.000317204035079464
0.0002652511541021252
0.0003830226087978165
0.0001619122193686599
0.0
0.0
0.0
0.0
0.0
0.0
0.0
0.0
0.0
0.0
0.0
0.0
0.0
0.0
0.0
0.0
0.0
0.0
0.000134946372528024
0.00017952066648693334
0.00014495505500398647
0.000184832848482154
0.00011703114910309368
1.122695439688909e-06
0.0
0.0
0.0
0.0
0.0
0.0
0.0
0.0
0.0
0.0
0.0
0.0
0.0
0.0
0.0
0.0
0.0
0.0
0.0
0.0
6.207500529635735e-05
0.00017793364463162162
0.00010941882386626606
4.8745392157693046e-05
1.297421357569186e-06
0.0
0.0
0.0
0.0
0.0
0.0
0.0
0.0
0.0
0.0
0.0
0.0
0.0
0.0
0.0
0.0
0.0
0.00011992439686858982
0.00014184658433326816
0.00011974711059755239
0.00031693351306146347
0.00019906807986467892
7.713932879434834e-05
1.814622623646311e-05
0.0
0.0
0.0
0.0
0.0
0.0
0.0
0.0
0.0
0.0
0.0
0.0
0.0
0.0
0.0
0.0
0.00016184924258858574
0.00017969690754955314
0.0001516520875933549
0.0002762381726362455
0.0003804666847722346
0.00029293003480790667
0.00010577751054858057
3.417873721826318e-05
9.534937506998442e-07
0.0
0.0
0.0
0.0
0.0
0.0
0.0
0.0
0.0
0.0
0.0
0.0
0.0
0.0
4.7514774839378605e-05
0.00014897134900925644
0.00015693499711948657
0.0003002114146632635
0.00027048152041933516
0.0004015750606913039
0.0002745249178107841
0.0001151235550833205
6.172054357682037e-05
2.601951248646586e-05
6.019870945397509e-07
0.0
0.0
0.0
0.0
0.0
0.0
0.0
0.0
0.0
0.0
0.0
0.0
0.0
0.0
0.00016791743233534744
0.00018142053806074446
0.0001696751362861764
0.00028415355859725974
0.00037339326966655625
0.000277758760172573
0.00010012655881194477
3.217698611378695e-05
1.7250222974213554e-07
0.0
0.0
0.0
0.0
0.0
0.0
0.0
0.0
0.0
0.0
0.0
0.0
0.0
0.0
8.278784324446908e-05
0.00013532497819370497
0.000283916730724383
0.0003045591610791045
0.00025792969241900874
0.00034360904903751166
0.0003554740962346911
0.00013991888016500002
6.26174688000602e-05
1.3697618827191929e-05
0.0
0.0
0.0
0.0
0.0
0.0
0.0
0.0
0.0
0.0
0.0
0.0
0.0
0.0
0.0
4.480809553859624e-05
9.872265848073846e-05
0.00016445238977098005
0.00014536201713006994
0.0002408156586695898
0.00022049837137567117
8.2879453254674e-05
0.0
0.0
0.0
0.0
0.0
0.0
0.0
0.0
0.0
0.0
0.0
0.0
0.0
0.0
0.0
0.0
0.0
8.030671778048036e-05
0.0001345802157196668
0.00014207494574674547
0.00011542559638595952
0.00033073845096336595
0.00022339455583284055
9.396636529313561e-05
4.128440216234573e-05
6.020500251603356e-06
0.0
0.0
0.0
0.0
0.0
0.0
0.0
0.0
0.0
0.0
0.0
0.0
0.0
8.067995148022442e-05
0.00018229412665110968
0.00019129036086622118
0.00014816490268862586
0.00025616578959305146
0.00021524542034433424
0.00032126548113257887
0.0002177535265124517
0.00010038092898631539
5.94322020311567e-05
2.863051045728046e-05
4.334641988206675e-06
0.0
0.0
0.0
0.0
0.0
0.0
0.0
0.0
0.0
0.0
0.0
0.0
0.0
0.0
0.0
3.566583579997337e-05
1.7324473520881762e-05
5.953854509228339e-05
0.0002089961122508992
0.00012356399942617532
8.865216402819624e-05
5.951238571408287e-05
3.4159212697136165e-05
1.4379268458914191e-05
3.0776424411685063e-06
0.0
0.0
0.0
0.0
0.0
0.0
0.0
0.0
0.0
0.0
6.65764079171261e-05
9.305895241649649e-05
0.00011413683307307907
0.00020466150219748924
0.00018142228212538698
0.00014944778549195567
0.00023046587966075557
0.00020057561737439123
0.00015722773086559826
0.00018939498715369435
6.912037609823493e-05
1.0101083497260001e-05
0.0
0.0
0.0
0.0
0.0
0.0
0.0
0.0
0.0
0.0
7.83786895347788e-05
0.0001867257928501891
0.00021448965005941152
0.00018375850241230678
0.00034869078108464127
0.0003417091743146624
0.00026773560851957486
0.00046646347814782236
0.00043698427536125476
0.0006525076093085298
0.0005524205639769726
0.00033402164531123375
9.863741112988931e-05
4.266924989897916e-05
1.4041904973400664e-05
1.864840453985411e-06
0.0
0.0
0.0
0.0
0.0
0.0
0.0
0.0
5.135512347033731e-05
0.00016826200403266377
0.00017891109601618943
0.00032216965059451215
0.00030423812890599295
0.0002728265988078286
0.0004551848923277828
0.0004281559893107487
0.0003642406276466534
0.0005643158619828478
0.0007086030404605358
0.00047990479573945053
0.00019471354467122688
7.87318079926882e-05
4.7798797294586233e-05
3.416044576064472e-05
1.4184377794042976e-05
2.978520439007632e-06
2.5101262722371874e-06
0.0
0.0
0.0
0.0
0.0
0.0
7.51391674726292e-05
0.00018219128242032845
0.00021213369562660537
0.0002078926533459668
0.0003509415907564994
0.00030440677209093276
0.0002458400814006378
0.00035691150153781287
0.0002880134677455498
0.00020944807830815642
0.0002113802281806112
2.6134903518020567e-05
0.0
0.0
0.0
0.0
0.0
0.0
0.0
0.0
0.0
0.0
0.0
0.0
0.0
0.0
0.0
0.0
0.0
0.0
0.0
0.0
0.00016837778985427486
0.00011688976936692135
8.421008797413135e-05
5.3551789273144186e-05
2.9900246169116492e-05
1.4260879475972384e-05
7.812411350121607e-06
0.0
0.0
0.0
0.0
0.0
0.0
0.0
0.0
0.0
0.0
6.188252769563173e-05
7.200999979852779e-05
8.92489793156016e-05
0.0001450081686278425
0.00018638000354194738
0.00018745425471849755
0.00034190703167120333
0.0004989726871629718
0.0004486632924477662
0.0003301672956596841
0.0001893675775835593
8.329098002922402e-05
4.8923042563176805e-05
2.61203241221365e-05
7.716307451110147e-07
0.0
0.0
5.370482330643005e-06
0.0
0.0
0.0
0.0
0.0
0.00010386800318347405
0.00014854228467151608
0.0002851085236887257
0.0002830978299865901
0.00026111684843280414
0.00044414271224705974
0.0004227157688357368
0.0003700947429541004
0.0008309649981206257
0.0006935315281438933
0.0005300688119071966
0.00034153402226548996
0.0001988621416968365
0.00010018411223775807
6.346053368203291e-05
4.513707181622416e-05
3.8648470043191435e-05
4.0878598132521835e-05
5.3181248212567956e-05
5.792320482922632e-05
0.0002169431244649567
0.0002876460462401545
0.00026024523664452086
0.0004416260830919265
0.00045071044938263516
0.00036942359201417343
0.0006023643574566221
0.0006166397095756645
0.0004863857696058979
0.0007402986777221821
0.000727521964742709
0.0005506308722568903
0.0011472994189391027
0.0009305208373970439
0.0006900745901155157
0.0004244456035720493
0.0002139755860872614
7.594140219362804e-05
5.378002324754462e-05
3.181259596142016e-05
2.2231735537758326e-05
2.903006781170134e-05
4.344046219136729e-05
3.475479037489011e-05
0.0001864548127710149
0.00022545504605843745
0.0004422083249192428
0.0004177322477426658
0.0003494450035791841
0.0005323205591291294
0.00043437606260659644
0.000339076293601071
0.0005142220885010442
0.0004639129423103408
0.0003926719480809392
0.0005897573955883364
0.0008130247910458261
0.0006686193844264351
0.00041039701819380606
0.0001653991613804329
5.993956429717658e-05
2.77795850708942e-05
1.303409871830896e-05
0.0
0.0
0.0
0.0
0.0
0.0
0.0
5.702685312092338e-05
0.0001309213027678238
0.00014975039666789374
0.0003308588929984443
0.00034829610555554786
0.00030856042348102947
0.0005262083071872644
0.0005219300460363182
0.0004204454464295264
0.0006415730642758897
0.0006183389844608782
0.000936409638638616
0.0007146387939907064
0.00041285823815516193
0.00019272887395119427
8.903346375085716e-05
7.161014254545847e-05
5.458521505764629e-05
3.8608477996890306e-05
2.9544332704524477e-05
0.0
0.0
0.0
0.0
0.0001357187241421411
0.00020748938920910558
0.0002130913396722647
0.0003672014471982303
0.0003972095617524476
0.00036560984949879745
0.0006051225170392498
0.0005424771565417868
0.00044501925288051606
0.0007430345098693153
0.0006968094563084217
0.0005133894418122796
0.0005525490830605565
0.0002824731046020932
0.00010446843842480749
0.0
0.0
0.0
0.0
0.0
0.0
0.0
0.0
3.627207649806126e-05
0.00013675160345786146
0.00011633759702477922
0.00018434343962354631
0.000195104678870491
0.00019837314978108785
0.000442553272470651
0.0005051417873508382
0.00039891359520154217
0.0006943938235060162
0.0006738752000228554
0.0009087804704119379
0.0007042758101679893
0.00035973417886753863
9.558628046719586e-05
5.244353690846982e-05
2.5453646493545467e-05
9.76193938712411e-06
0.0
0.0
0.0
0.0
0.0
0.0
0.0
0.0
7.760677084653188e-05
0.00011030176782203778
0.00026920483860968733
0.00032787884084236024
0.00031816654218550487
0.0005634591926055385
0.0005369360875079477
0.00045560071436733586
0.0007165758673920227
0.000933781687854436
0.00080097921187197
0.0005077918144435317
0.00016514599592894164
5.795568584450705e-05
2.5428897362702295e-05
9.92382133931258e-06
0.0
0.0
0.0
9.35294815339457e-06
0.0
0.0
0.0
9.637533111039111e-05
0.00015303778541239963
0.00029106045158359435
0.00031536768716792623
0.00030033018664474737
0.0005181080671741359
0.0004964343153887788
0.00043618131321197876
0.0006920063478159407
0.0006215781080679675
0.0009526487544910999
0.0008519406245692134
0.0006084776465932777
0.00029643114799420196
7.815716806536568e-05
3.0743424504782e-05
6.859709968097997e-06
0.0
0.0
0.0
0.0
0.0
0.0
0.0
0.0
6.719920230841921e-05
0.00015759128285203078
0.0001272454595448306
0.000252377344594838
0.0002400386942720517
0.00018099729419802793
0.00044547635699304346
0.0005660149238165942
0.00038798882462494843
0.0007859414074575525
0.000621397635710666
0.00038769925611677094
0.00011461890620419837
5.0210251627540834e-05
2.3335231632402328e-05
8.27899549321847e-06
0.0
0.0
0.0
0.0
0.0
0.0
0.0
4.228987485057011e-05
0.00014995252245109513
0.0001620347985013403
0.0003521930815976131
0.0003763089742818442
0.00030544818902217795
0.0005566839861604043
0.0005485439837755413
0.0004082212333805858
0.0006358895066161128
0.0008261392344581718
0.0007138515520676037
0.000490253172566349
0.00016635669333264346
4.561875173698348e-05
7.377246819066659e-06
0.0
0.0
0.0
0.0
0.0
0.0
0.0
0.0
0.0
4.4168180692808326e-05
0.00012826372929666133
0.00016477782129651028
0.00034378563147898384
0.00033188787692086356
0.00031708627830419735
0.0005751526441407664
0.0005059208052202699
0.0004113445209649597
0.0006622860469790273
0.0008724464078325269
0.0006259150014695858
0.0003188792161842042
0.00010677753625406748
5.968075192405739e-05
3.569985910682115e-05
1.1752141075336233e-05
0.0
0.0
0.0
0.0
0.0
0.0
0.0
7.641768224486473e-05
0.00012298943013030005
0.00021647687452735893
0.00026698263127942747
0.0002510594337926146
0.0004293031999909154
0.0004697090647371403
0.0003708773142123162
0.000510780197928083
0.0005003076955190916
0.0003888262706851672
0.00047071240428348806
0.000256600812083427
3.5312051359807605e-05
0.0
0.0
0.0
0.0
0.0
0.0
0.0
0.0
0.0
0.0
6.411783847248679e-05
9.150157042042642e-05
0.00021573340846252936
0.0002277320373904575
0.00018980300932302466
0.00036400141289938485
0.00037718638996176
0.0002912396890203314
0.0005215896398396124
0.0007687893762490633
0.0006182577514224622
0.00037465104646414475
0.00012012785665004556
5.47711453231019e-05
2.4961998566843346e-05
1.0195672579502539e-05
0.0
0.0
0.0
0.0
0.0
0.0
0.0
0.0
0.0
0.0
0.0
0.0
0.0
5.926855888803205e-05
9.452771710681002e-05
0.00010143301317170753
0.0001604228789489738
0.00023962822118524018
0.00014933821433408073
0.0001082540626772831
8.323305020009734e-05
5.493259569213703e-05
2.7904866794262657e-05
1.9110346430230028e-05
2.6304476643600715e-06
9.584846945839607e-06
2.0295130550680158e-05
2.04711104121627e-05
0.0
0.0
0.0
3.891616713201782e-05
1.588276659649378e-05
3.7684478863285756e-05
5.692724155830189e-05
8.456765681264556e-05
0.00013794782521275943
9.474768858989064e-05
0.0001401025456564417
0.0001999809862579697
0.00017574493688152036
0.00042785486346218833
0.0003045924297522181
0.00014093124441461245
6.514075352014869e-05
3.0599297583898654e-05
6.0043852613241835e-06
0.0
0.0
0.0
0.0
0.0
0.0
0.0
0.0
0.0
0.0
0.0
0.0
0.0
0.0
7.181970072148279e-05
0.00011853994798349055
0.00025155226876901897
0.0002853023802032945
0.0004720040602431906
0.0003697558746845799
0.00019214116110033376
7.928534904585671e-05
4.645496004502971e-05
3.316968079009853e-05
1.955516099268841e-05
6.193052482708461e-07
0.0
0.0
5.73689500712336e-06
0.0
0.0
0.0
0.0
0.0001449533892433666
0.00016654130847181992
0.0001624849002110553
0.0002951446633604516
0.00030371481615702164
0.00028014798766929326
0.00044529557738867795
0.00041282579778516824
0.00032678031071111226
0.0006888930854901419
0.0005416416658702253
0.0003987050531759111
0.00024015122955794963
0.00012041293440532513
8.437568722413199e-05
8.266312271913476e-05
0.00010559377976117097
0.00019158276745785205
0.000226790142331656
0.00025656583308713876
0.00023792409803668398
0.0003061385259372223
0.00023257803264254142
0.0003741173342946927
0.0003811453359692252
0.00029054906854401896
0.00042200337248207996
0.000391384157578449
0.0002865842966406275
0.0004207918356568299
0.0004089283171328634
0.00029952077760367373
0.00043308167556244624
0.0004207416925183049
0.0006296141512323594
0.0005184292145166233
0.00040951493890042424
0.00034225596226766515
0.0002553746828143879
0.00018938571440196006
0.00010745653927354224
9.575876474955452e-05
0.00010499720353882476
6.40567743134987e-05
0.00011030151002094289
0.00026623507498363505
0.00032609262262258147
0.00030738611266513627
0.0004930622423726278
0.0004758715935666469
0.00040022658443737117
0.0006360578633903068
0.0005984622687746511
0.0004815580866097872
0.0007627718399212485
0.0007301960077722982
0.0005995162863314005
0.0008831580511907722
0.0007503464703468703
0.0005252991504654705
0.0006253945158491864
0.00043355232549965286
0.0002861592844869727
0.00034158936128108767
0.00023292447634152408
0.00013114476222062335
0.00017567257573361598
0.00018068603757765455
0.000207744966835411
0.0004138845558261973
0.00042109536735981875
0.000371649397283652
0.0005892078804441415
0.0005720524859973984
0.00048641217892352924
0.0007558437490556087
0.0007067269988881558
0.0005902727060156425
0.0009161396101306155
0.000853314664896039
0.0006787731952520145
0.0013901079581251535
0.0011935702221765113
0.0009760983283051618
0.0006965484779095217
0.0005088242328714067
0.0003882795664522916
0.0002985086424817205
0.00017936386631598925
0.00010018467259277386
7.799325510527785e-05
0.00011586289020088764
0.00019592115210588485
0.00033538716352568364
0.0002894552064612941
0.00047613512598997543
0.0005289345430873678
0.00044206642205726
0.0007148544218787029
0.0007283714839481874
0.000565078304300411
0.000860923381606863
0.0008442253738837498
0.000625027637362522
0.000917203412027085
0.0012739288028388934
0.0011385379314168894
0.0009022633391506232
0.0006559022565345779
0.0004579907018623735
0.00024277898179507135
0.00010326638500548142
5.3501220852169406e-05
3.985942847997537e-05
3.573180659699632e-05
4.5115666856039346e-05
0.0
0.00013774985777526244
0.00014141102122362584
0.00011365272689792506
0.00020744116801342806
0.0002348216608724287
0.00020645319694089312
0.00030735970018650605
0.00025263966989944676
0.0002084738355145702
0.0003464885095555309
0.000350002281072407
0.00031016024401554033
0.0006563751430514826
0.0004718013887476992
0.0003624055395712792
0.0003524547972163094
0.0004134216486573887
0.00048724264690958583
0.0005893238319263489
0.0006090599566859699
0.000635985841754662
0.0006588794331881183
0.0006548396750107302
0.00047683324523316604
0.0006139083887317697
0.00048466328462380703
0.0007313353124764476
0.0007069140748357508
0.0005028915430878971
0.000691042426882004
0.0006702622551679514
0.0005035858323803071
0.0007516848610795447
0.0007964742049702606
0.0006289710617510968
0.0009426670368149477
0.0013597241865217701
0.001262953949381948
0.0011108310125766889
0.0009727101953034618
0.0008645443094650725
0.0007489130121944827
0.0006894670591264802
0.0007240139641637321
0.0007735026990646505
0.0006476289735334236
0.0007587776417082171
0.0006494807526289847
0.0007039811096464662
0.0005367707617487647
0.0008424955750383792
0.0008673060777799643
0.0006490409926900242
0.000948590533795675
0.0009625215847999486
0.0007117147506404667
0.0010384284889116266
0.0010914700861271104
0.0008369217138732893
0.0011437396611373024
0.0015801614872467638
0.00147717125424729
0.001224408034835178
0.0009997935678316748
0.0008492798751138744
0.0007462149073761678
0.0007025751382818959
0.0006399044291159905
0.0005678811007197173
0.0005148138479291487
0.000571014775753736
0.0005400225346222649
0.000740933036217051
0.0006090105048871512
0.0009560891712928775
0.0009745704757056328
0.0007928232873913881
0.001231251487550131
0.0014250197587114249
0.0012191447556066054
0.0015354943612088346
0.0016025285759291436
0.0012710410034006859
0.0015471610105807659
0.0016146033633182017
0.0020968645972166415
0.0020968645972166415
0.001804916407334221
0.001285510653233803
0.0010656100778299348
0.0009601734648448629
0.0008582988314330383
0.0007601865253369373
0.000697187676110723
0.00047908387692650547
0.0006285100283450238
0.0005246872321477549
0.0008031783156018146
0.0008479730328917541
0.0006666847821088016
0.0009455994309215814
0.0009156747163796367
0.0006779412616184444
0.0010740348192165938
0.0013177331928333864
0.001108742205433035
0.0014070149083303582
0.001489194300643029
0.001153232432561256
0.0013804430489443948
0.0012491942207044182
0.0006599127618842557
0.0007068675616629703
0.0005434132411111478
0.00033831221288325357
0.0004071652684580736
0.00028877544241400117
0.00016416569436016165
0.0002689066552313225
0.00036993277756308527
0.0003290479841424358
0.0005990331305144975
0.0006441145025791889
0.0004991382834979995
0.0008302360028377249
0.000803709807570063
0.0005960724559875428
0.0009985514123556996
0.000991621493112495
0.000748816312332267
0.001217066627874122
0.0013221463452741547
0.0010094096360392002
0.0013526298331338648
0.0010841301033705489
0.0005843341230789969
0.0007309682625407122
0.0005453907822838433
0.0003354210604735715
0.00044333873665312645
0.0003105013335534506
0.0001843112688239893
0.0003069735349041123
0.00038583401159804804
0.000359012696989513
0.0006764551818823834
0.0006782836049251841
0.0005133774044955227
0.0008803492346881344
0.0008793706135302061
0.0006399979523201787
0.001044430773157341
0.0010545513991257255
0.0008204854625822802
0.0013221327268889528
0.0014067885746021798
0.001892236733380481
0.0016705475857706179
0.0011674189428069748
0.0008501724797339675
0.0006475765233813015
0.00047578576654489575
0.0003400055469099108
0.00017594914773208373
7.705776071809018e-05
5.7160193256995606e-05
9.904201140795209e-05
0.0002153859821794896
0.00037713450085611824
0.0003561925281102378
0.0006072757271928563
0.0006399803318079228
0.0005343246525897323
0.0008304588743281295
0.0008323457451767196
0.0006374926110483624
0.0009565965200474131
0.0009925857657855444
0.0007570666173382529
0.0011656867027141848
0.001676131576857137
0.0013181064870534313
0.0010539727044152998
0.0007853959749127771
0.0005643322993209766
0.000399682019638682
0.0002771104937650938
0.00012043697282233645
5.7294003494411104e-05
4.63722646922623e-05
5.671569266646832e-05
3.545498200793588e-05
0.00019960344405105685
0.0001982158051402601
0.0003275835668576777
0.0003309101271754911
0.0002468250350318904
0.0004123455907108268
0.0005407314823596682
0.00044954632754971234
0.0006718397532903995
0.0006616950756387267
0.0004958628773639594
0.0007263592283073488
0.0010212436049554612
0.0009234782002810317
0.0008236046314484864
0.0007408073012189813
0.0007050177238399348
0.000582078299260153
0.0005452459370501704
0.00047614286123539635
0.0004507551463192179
0.0004379454207235351
0.0004907585254138138
0.00042693283382327186
0.00045593935606698513
0.00035799087441533954
0.0005623753109111111
0.0005072577843178912
0.00040966007177734335
0.0006466802536339723
0.0005694245412103282
0.00043930139082939447
0.0006761279868234859
0.000616099727826548
0.00047384960864861977
0.0006884686699890778
0.0008901791394826938
0.000785685569016513
0.0007056633959391795
0.0005925005822078381
0.0005369807810363083
0.0004489560822204964
0.0002569673744029925
0.00012663108999872694
7.443021069032268e-05
7.754604148745653e-05
0.00013396109049092022
0.00017583890312936645
0.00025176172602535965
0.00022491101541907195
0.0004008416122259201
0.0004354104061870301
0.00038163323995119296
0.0005954484696041677
0.0005679272038553234
0.0004900052440957464
0.0007969011168570573
0.0007815415760702128
0.0006474596706994361
0.00098124039259496
0.0009187366591921165
0.0013825701733176478
0.0011885877297673354
0.0009103096753952956
0.0006965048663330701
0.0005189084791050897
0.0003601806691531715
0.00023535497439952123
0.0001270150536035644
8.549015144813219e-05
0.0
7.048790834179717e-05
0.00023126586277424636
0.00029744422281105016
0.000277430131862037
0.0004800463161195327
0.0004846557139409277
0.00041552002822333974
0.000672305313238909
0.0006500963921080142
0.000537903073894711
0.0008287609253001813
0.0007763483001575513
0.0006214447455038887
0.0009137587873451055
0.0008154949129857265
0.0005547707819946994
0.0006187835138433355
0.00039412797183646154
0.00021217967073903813
0.00018644276079746804
2.3911707296968632e-05
0.0
0.0
0.0
0.0
5.890572857327347e-05
0.00019797760126662943
0.00018495928528100973
0.0003513277339048191
0.00037460227728256955
0.0002948596212680774
