0.0
0.0
0.0
0.0
2.0643343368322486e-05
2.5337022921162216e-05
5.2821640782565275e-05
7.38762965200754e-05
0.0020579785651584385
0.0014061482807903774
0.0010082559718527701
0.0007655502168062929
0.0004741007976580401
0.0003446730996100102
0.0002477904046206982
0.00017875233549398013
0.00015639478173829665
0.0005696957636923174
0.0006915707016449715
0.0
0.0
0.0
0.0
0.0
0.0
0.0
0.0
0.0
0.0
0.0
0.0007514206454399946
0.00026565889696698625
2.072777907606404e-05
0.0
0.0
0.0
0.0
0.0
0.0
0.0
0.0
0.0
0.0
0.0
0.0
0.0
0.0
0.0
0.0
0.0
0.0
0.0
0.0
0.0
0.0
0.0
0.0
0.0
0.0
0.0
0.0
0.0
0.0
0.0
0.0
0.0
0.0
0.0
0.0
0.0
0.0
0.0
0.0
0.0
0.0
0.0
0.0
0.0
0.0015464467299555846
0.0012921211729989028
0.0008560672951522968
0.00023389752411562845
1.3850759842779179e-05
0.0
0.0
0.0
0.0
0.0
0.0
0.0
7.262574963056326e-06
0.0002458548244955898
0.0005627017921696381
0.0
0.0
0.0
1.0376208490101236e-05
3.5115630425630785e-05
6.228550649620342e-05
0.00016975454451521792
0.00022508744971533732
0.0002470479505569091
0.002429993034321123
0.0017219475894969167
0.0009888351913534443
0.00015068564347547016
0.0
0.0
0.0
0.0
0.0
0.0
0.0
0.0
0.0
0.0
0.0
0.0
0.0
0.0
0.0
0.0
0.0
0.0
0.0
0.0
0.0006397557839450105
0.00029624003967470116
3.219949680181104e-05
0.0
0.0
0.0
0.0
0.0
0.0
0.0
0.0
0.0
0.0
0.0
0.0
0.0
0.0
0.0
0.0
0.0
0.0
0.0
0.0
0.0
0.0
0.0
0.001376035873918351
0.0012284033727017942
0.0011352743467626374
0.0010759037349389372
0.0009344303879056209
0.0008816456842287693
0.0008120262120618752
0.0007928111738658224
0.0008081040911882125
0.0015004136885720387
0.00170122927993846
0.0
0.0
1.2783035741406285e-05
2.550746437195238e-05
2.9071498212366077e-05
5.523372435179297e-05
8.098424964382769e-05
0.00015068524327607708
0.00025705957378989924
0.0003078870063430201
0.0003444014998869509
0.0026737320959410835
0.0020908034075857894
0.001708256022218679
0.0012461504023514147
0.0008863717897317427
0.00048587136703854585
0.0002727914382967597
0.00011120608130466929
2.9986474280308106e-05
1.1077019979523416e-05
3.3776736746822116e-05
0.00020574081948887435
0.0005574579301380979
0.0008298384890312744
0.0010754938865236165
0.0
3.0793042323312506e-05
8.98696717183167e-05
0.00025611117257825995
0.00039245877178744807
0.00043874108392291726
0.0005485785533914053
0.0006330715533479864
0.0006428052854898514
0.0031367370938998494
0.00246989117805644
0.001774503001461298
0.0008520078572497648
0.00031332790830006533
1.858333864915108e-05
0.0
0.0
0.0
0.0
0.0
0.0
0.00010977463428460787
0.0004326308987588871
0.0006938966321808344
0.0
0.0
0.0
1.390206143039339e-05
4.504005347537711e-05
0.00011912213886808851
0.00023470529240671688
0.00043179721713269836
0.0004465040353725964
0.002710443688211496
0.0019664019750635243
0.0015457738873710146
0.0010461297608091891
0.0007109367394782734
0.0003996267382257837
0.0002459909472206565
0.00014289872512580977
9.73627822009355e-05
9.856708016010278e-05
0.0002054888792836759
0.0004634751657765978
0.000890859823781701
0.001323922423556372
0.0016468436229012489
4.708328554466845e-05
0.0003580080643412298
0.0006628077328623821
0.0008981226763358341
0.0009629725575100808
0.0011338375235518338
0.001264633901614543
0.0012681730097606266
0.0014374539278062105
0.003637089098906325
0.003607306351011231
0.0031874761147306233
0.002481945777203668
0.0021415828413191753
0.0017448721884380906
0.0014796377241096967
0.0013049465329569127
0.0011631715776182616
0.000970032825829448
0.0010228982895559486
0.0012064157030993341
0.0013882814078304741
0.0015223345421887069
0.0016048342241071834
2.514488186705888e-05
0.00016456852369099926
0.000396987494241885
0.0004564651764790197
0.0005458102710794089
0.0006130016597376352
0.0006381702176994511
0.0007032673067105113
0.000693409734342414
0.003069262418676036
0.002472307049529734
0.0021165852952734505
0.00168992555236249
0.0014996115591732237
0.0014165464239366144
0.0013923154509561636
0.0012747031815302653
0.0010850820393101287
0.0008822777053263408
0.0008068499084032246
0.0008276375955948838
0.0010112954054595255
0.0011602116337984534
0.0011982878577017305
0.0
1.8226949133878993e-05
7.538127647654431e-05
0.00017001398828724474
0.0002987229814805796
0.00037333797646285313
0.0004259747352495963
0.0005135460776956791
0.0006143975872107621
0.003076495450205696
0.0025524233372030258
0.002301737623157196
0.0019850468157761093
0.0017909169614577472
0.0015731392176704928
0.001540562911584892
0.0016400593791927817
0.0017085542856494621
0.0017211549870483841
0.001667817188611795
0.001705438137698997
0.001986975132382204
0.002152808190640181
0.0022242050513154553
0.002364412042466708
0.00022728811584128605
0.0005848604243601124
0.000835592251810707
0.000902079715932181
0.0009738048804638718
0.0011344166437985718
0.0011190060741678024
0.0011754039679601337
0.0013410554877980308
0.0012238836536596959
0.0034922772367797107
0.00271864577719901
0.0020390156966913816
0.0016243478361897647
0.0011409768689214974
0.0008440189149161192
0.0006509629957819965
0.000506783178703477
0.0005068273445474128
0.0013437606874705027
0.0017245478473844548
0.0
1.791962546739153e-05
5.034264796218581e-05
0.00023166193698580828
0.0003189555088746872
0.0003654608917191747
0.0005420348914423645
0.0005816108933694303
0.0006405894750759185
0.0008273304619627775
0.0007777417367857812
0.0007476960536811198
0.0008198889783939355
0.002736808035225671
0.0017054820515346172
0.0008345412034982955
0.00028800638992255984
3.3554045069382213e-06
0.0
0.0
0.0
0.0
3.74298484381766e-05
0.0002678988857926034
0.0
0.0
0.0
0.0
0.0
0.0
2.681637825710262e-05
5.3765287797066124e-05
0.00010077864698555011
0.00025365068775355486
0.00034840088642525753
0.0026992232117775067
0.0020809548266605077
0.0014021396759457206
0.0005168445636594875
5.626472749549471e-05
0.0
0.0
0.0
0.0
0.0
4.998964360570085e-06
0.00020409610358413592
0.0006548478977144418
0.001016544896680859
0.001202371882311662
0.0
4.2721709540106336e-05
0.00020778346956852972
0.0003573202346086648
0.0005831584741812654
0.0006849320476897743
0.0006475080776739546
0.0008630594450854379
0.0009485065441206117
0.0034693324401330826
0.002913508146530877
0.0023451003432543383
0.0017226556575885453
0.0014814828782835896
0.0012226047083380817
0.0009981587123304796
0.0008583994691739201
0.0007598831681610307
0.0007125163933010714
0.0007570524143093429
0.0008284540467386683
0.0010028988988159064
0.0011733822484597516
0.0012023220547367683
0.0
1.5319833356816104e-05
2.1235596520623657e-05
4.684286544079178e-05
5.951144345339015e-05
2.2025245022527485e-05
5.606679925985551e-05
5.094568425936349e-05
1.9415004360185694e-05
0.0020493529447793966
0.0013861090897543556
0.0010424638553164804
0.0005065935559442224
7.03850321749213e-05
0.0
0.0
0.0
0.0
0.0
0.0
0.0
0.0
0.0
0.0
0.0
0.0
0.0
0.0
0.0
0.0
0.0
0.0
0.0
1.34614993045063e-05
0.0
0.0
0.0
0.0
0.0
0.0
0.0
0.0
0.0
0.0
0.0
0.0
0.0
0.0
0.0
0.0
0.0
0.0
0.0
0.0
0.0
0.0
0.0
0.0
0.0
0.0
0.0
0.0
0.0
0.0
0.0
0.0
0.0
0.0
0.0
0.0
0.0
0.0
0.0
0.0
0.0
0.0
0.0
0.0
0.0
0.0
0.0
0.0
0.0
0.0
0.0
0.0
0.0
0.0
0.0
0.0
0.0
0.0
0.0
0.0
0.0
0.0
0.0
0.0
0.0
0.0
0.0
0.0
0.0
0.0
0.0
0.0
0.0
0.0
0.0
0.0
0.0
0.0
0.0
0.0
0.0
0.0
0.0
0.0
0.0
0.0
0.0
0.0
0.0
0.0
0.0
0.0
0.0
0.0
0.0
0.0004043108938423357
0.000310964732570159
0.00019449046907649254
4.998456613866872e-05
2.5206424473471802e-05
5.7136112344651826e-06
0.0
0.0
0.0
0.0
0.0
0.0
6.422318071759108e-05
0.0003874453185738203
0.0006665639698651281
0.0
0.0
6.824366882116362e-06
2.4990186144600642e-05
4.558509430998812e-05
0.00015760850602331805
0.0002930875077032212
0.00039049896636047865
0.00045358186115908983
0.0027563535885469647
0.0020607202599655125
0.0013437140064415
0.0005300331451258036
0.00011006239808023839
0.0
0.0
0.0
0.0
0.0
0.0
0.0
0.0
3.4180523365674835e-05
0.00013372919918503307
0.0
0.0
0.0
0.0
0.0
0.0
0.0
0.0
0.0
0.0015916037426328996
0.0009972962401448946
0.0005769899905434134
6.326650330537193e-05
0.0
0.0
0.0
0.0
0.0
0.0
0.0
0.0
0.0
0.0
0.0
0.0
0.0
0.0
0.0
0.0
0.0
0.0
0.0
1.4282033121867058e-05
0.0022256522654778717
0.0017862552645001078
0.0011933345038415558
0.0004959435817110903
9.658585249631343e-05
0.0
0.0
0.0
0.0
0.0
0.0
0.0
0.0
4.330313874467282e-05
0.0002426837216571854
0.0
0.0
0.0
1.024458842015121e-05
3.241913220703336e-05
5.376504865209216e-05
0.00024336837211962108
0.00033875330635041554
0.0003349897862365767
0.002605078882190087
0.0018366788165694015
0.0012508972031133334
0.0005057481653515332
4.074657841507314e-05
0.0
0.0
0.0
0.0
0.0
0.0
0.0
0.0
0.0
0.0
2.8445277331605205e-06
0.0
0.0
0.0
0.0
0.0
0.0
0.0
0.0
0.0
0.0
0.0006414220214365836
0.0001922474391434812
0.0
0.0
0.0
0.0
0.0
0.0
0.0
0.0
0.0
0.0
0.0
0.0
0.0
0.0
0.0
0.0
0.0
0.0
0.0
0.0
9.981243741117644e-05
5.222165583821488e-05
0.0
0.0
0.0
0.0
0.0
0.0
0.0
0.0
0.0
0.0
0.0
0.0
0.0
0.0
0.0
0.0
0.0
0.0
0.0
0.0
0.0
0.0
0.0
0.0
0.0
0.0
0.0
0.0
0.0
0.0
0.0
0.0
0.0
0.0
2.134016563608284e-06
2.8314892622884066e-05
9.8920989225163e-05
0.0
0.0
0.0
0.0
0.0
0.0
0.0
0.0
0.0
0.0018267628302335726
0.0014326582868134723
0.001212140232969127
0.0007918799851528016
0.0005046152584248049
0.00018454805431994116
1.6754340413349265e-05
0.0
0.0
0.0
0.0
1.1907176994991769e-06
0.00018377266115459444
0.0006125516489950665
0.0008543006699377018
0.0
0.0
3.2637014721172855e-05
6.973009747560324e-05
0.00011647012733914592
0.0003248691472910669
0.0003982772600501556
0.00042750793199592015
0.0006789066194654751
0.0030363563501580675
0.002538198374971788
0.0021649726890599
0.001603935643657939
0.0012558897390022852
0.000921341505791775
0.0006520904447538111
0.0004301762291391229
0.00027078092640962775
0.000174489502102482
0.00022133219164474822
0.00038717133077138506
0.0006414071414176708
0.0008264405407402977
0.0009604712188792297
0.0
0.0
1.761795477945228e-05
4.659767191278071e-05
8.826340486759662e-05
0.00017041776934532892
0.00038696777973435645
0.0004529124475339766
0.0004948530976210763
0.002918917678468082
0.002359704772826021
0.002091252331610535
0.0017509916752319454
0.0016048560160489107
0.0014618441611035549
0.0013944496133197445
0.0012775571473427473
0.0012099647590656586
0.0011582565525886002
0.001128470496603082
0.001128696900441012
0.001220077837399826
0.0012834194159311672
0.0013168710120602545
0.0
4.553943067832964e-05
0.00011729634240279885
0.0001943077478237495
0.00033395273323383096
0.00035897733414477263
0.0003128308714954898
0.0003727748200888491
0.0003717566942630816
0.0025631885377902655
0.0020501844700480413
0.0017759107471906513
0.0013626864422290111
0.001043385360624833
0.0008007762588658292
0.0006207634828527318
0.0003747188343445475
0.00012120573111167764
1.4673052548301071e-05
5.990948485975259e-06
5.33890522237836e-05
0.00043057354934282596
0.0008039986893345162
0.0010522871459178222
0.001321072927742731
0.0
1.858661452031486e-05
0.00010514451714291552
0.00026070103183598053
0.00031809256622868375
0.00045966822037327897
0.0005331529417270386
0.0005570081409931206
0.0006866582930426047
0.0006138862791456058
0.002727536564594729
0.0018514438398598283
0.001056684954841282
0.0004401264396993087
2.2117740708233303e-05
0.0
0.0
0.0
1.38511972466785e-06
0.0003139454971905619
0.0006451753393589942
0.0
0.0
0.0
0.0
0.0
0.0
0.0
0.0
0.0
0.0
0.0
0.0015838981615624813
0.0010788617844720285
0.0006977987368271759
0.00013382326748323018
0.0
0.0
0.0
0.0
0.0
0.0
0.0
0.0
1.52541948328045e-05
0.00018603394372812467
0.0003322189083544318
0.0
0.0
0.0
1.411577325425881e-05
3.421485433657955e-05
8.835075822918292e-05
0.00022247118548606622
0.0003372165573002418
0.0004253792593543443
0.002704774172818784
0.0019444305547708035
0.0012326283177923221
0.0004534040562161344
7.611558833140006e-05
0.0
0.0
0.0
0.0
0.0
0.0
0.0
0.0
4.630825118907893e-06
4.33922103471872e-05
0.0
0.0
0.0
0.0
0.0
0.0
0.0
0.0
0.0
0.001423987515270053
0.0009606100936184119
0.0006594249031211584
0.00026499385162845725
9.947406469841856e-05
5.847723086234488e-06
0.0
0.0
0.0
5.873126831947746e-07
8.729480117416543e-06
5.4452580273584e-05
0.0001588995879219235
0.00031273779625948743
0.0004198646471451644
0.0
0.0
0.0
0.0
0.0
0.0
0.0
0.0
0.0
0.0009276104149460485
0.0005497621570306741
0.0002481768609123978
7.219840950125588e-06
0.0
0.0
0.0
0.0
0.0
5.210390777992257e-05
0.0003096031644796555
0.0005028695483439936
0.0007277722367936023
0.0009038135691263904
0.0010252007511103317
0.0
0.0
2.9161811812199628e-05
3.765415796088948e-05
7.263946209843147e-05
0.0001586316993349072
0.00021318060664409747
0.00025898992586131963
0.0003164611932476525
0.00251406685153591
0.0019341938674614812
0.0016402810401780791
0.0012606999330666226
0.0011787690140127934
0.0010036203658898885
0.0009236244693430326
0.0008893486081129227
0.0008881155054050339
0.0009611528729430103
0.0010202924927007616
0.0010954049017430055
0.0013098519793620662
0.0014672917048822
0.0015450960129600971
1.5082049707494857e-05
5.187546962910373e-05
0.00022504307979114493
0.00033387853164879337
0.00042695933319332154
0.0005730656997885622
0.0005542390682705264
0.0006099651744645867
0.0007374451747195401
0.00304112960247717
0.0024953971999499653
0.0021674360043741924
0.0017773605453729254
0.001498473739980843
0.0013091515719888926
0.0011927187866860663
0.0009913086347983027
0.0007492580600680541
0.0005522488635172101
0.0004821456629606896
0.0006070206501519285
0.0010225709120789872
0.0012708382912195414
0.0014002242779541131
0.0016081965522277294
1.680627773123383e-05
9.802711018730272e-05
0.0003263308365892922
0.0004258879478906181
0.0005329073207492554
0.0006154315767832777
0.0006054835693777537
0.0006645333283313355
0.0007189664668471669
0.0006291891239770622
0.0027445903308280996
0.0018008000745469454
0.0012379416666349254
0.0009124861239504142
0.0004966816676362061
0.00033265813295171474
0.0002552260145480006
0.00023906779263748083
0.0002813467053554197
0.0008913202952023739
0.0011886495490098874
0.0
0.0
0.0
0.0
2.31593661919807e-05
2.9191110873845907e-05
5.814527103469724e-05
7.783294020258284e-05
6.926926829008178e-05
0.00011734438929652144
0.00018318816862474552
0.0023177847487722346
0.0017152172419841064
0.00134762273814431
0.0008774216195806894
0.0006319283207945458
0.00040617199447318814
0.00025315868928795003
0.00016483743771149493
0.00015116586192242087
9.772434629537913e-05
0.00012092968471199317
0.00021845738566356063
0.0003911039628980026
0.000628009536888614
0.0006533830883946208
0.0
0.0
0.0
0.0
1.3837565253736397e-05
2.6548979589375874e-05
2.6774613438580933e-05
2.785208788363717e-05
4.769206323627896e-05
0.0021010212892636276
0.001510303737399198
0.00113351283759052
0.0006654351761686404
0.00042163174640175367
0.00016826786572501923
7.060980311981363e-05
1.3381872294099588e-05
0.0
0.0
0.0
0.0
7.812830817376599e-06
0.00012322964675005657
0.0002334426521719248
0.0
0.0
0.0
0.0
0.0
0.0
0.0
0.0
0.0
0.0014133631552553478
0.0009194806844295551
0.0006557901566468014
0.0003029510888044361
0.00011684400062386766
2.5924039645986536e-06
0.0
0.0
0.0
0.0
0.0
0.0
0.0
0.0
1.3601047745943915e-06
0.0
0.0
0.0
0.0
0.0
0.0
0.0
0.0
0.0
0.0007336899587697424
0.0004188020998991617
0.00014420337016376233
0.0
0.0
0.0
0.0
0.0
0.0
0.0
0.0
0.0
0.0
0.0
0.0
0.0
0.0
0.0
0.0
0.0
0.0
0.0
1.631875104430773e-05
3.604135425984718e-05
0.0022826348380383947
0.001778471470945955
0.0015464144846904688
0.0013222887476060342
0.001293713100368862
0.0011154762041469962
0.0009480872634107508
0.0008990306717214955
0.0008496756029439367
0.0008101219697710097
0.0009274215393048426
0.0010773826499940915
0.0012697252367743887
0.0014445370837243648
0.001540909335910483
2.3929571930162305e-05
0.0001466310338152999
0.00041637882049262384
0.0004973038872034168
0.0006555041779127018
0.0007382816111035832
0.0007319179846563024
0.0008671549220888662
0.0009013108570006432
0.0033557363588435163
0.0028100943022423006
0.0023820304985424806
0.001809926151014403
0.0013701315854167597
0.0010527127414124912
0.0008326585102410192
0.0005627960288114165
0.0003429491735289222
0.0002340255879212008
0.00022878722597840625
0.0003528012998585738
0.0007365503217343768
0.001019995412828586
0.0011791125052779139
0.001354054991924338
0.0
1.736045193866614e-05
2.9893386902976298e-05
8.713377551548162e-05
0.00010630492743906798
0.00021421770453842738
0.00027529755517171684
0.00025596304747236675
0.0003054866209180908
0.00031565537017330593
0.002321708029364039
0.0016717391628799148
0.0012457345500399542
0.0010240302109251313
0.0007494941515413994
0.0006184470648337916
0.0005193027774578197
0.0004689284753457451
0.000457868669210099
0.000980538213941901
0.0011218451527511704
0.0
0.0
0.0
0.0
0.0
0.0
0.0
0.0
0.0
0.0
0.0
0.0
0.0
0.0007512369553696148
0.00026000134319765887
5.254805839755217e-06
0.0
0.0
0.0
0.0
0.0
0.0
0.0
0.0
0.0
0.0
0.0
0.0
0.0
0.0
0.0
0.0
0.0
0.0
0.0
0.0005009855809025842
0.0002192213892494228
3.682555879940175e-05
0.0
0.0
0.0
0.0
0.0
0.0
0.0
0.0
0.0
0.0
0.0
0.0
0.0
0.0
0.0
0.0
0.0
0.0
0.0
0.0
0.0
3.374819894341269e-05
2.4502238730330563e-06
0.0
0.0
0.0
0.0
0.0
0.0
0.0
0.0
0.0
0.0
0.0
0.0
0.0
0.0
0.0
0.0
0.0
0.0
0.0
0.0
0.0
0.0
0.001316755786493152
0.0008336511885094756
0.00046177215789220126
3.751481493142234e-05
0.0
0.0
0.0
0.0
0.0
0.0
0.0
0.0
0.0
0.0
0.0
0.0
0.0
0.0
0.0
0.0
0.0
0.0
0.0
0.0
0.0004982006536112756
0.000289381977888075
5.99515582794931e-05
0.0
0.0
0.0
0.0
0.0
0.0
0.0
0.0
0.0
0.0
0.0
0.0
0.0
0.0
0.0
0.0
0.0
0.0
0.0
0.0
0.0
0.0013413355294254643
0.0009249182206890501
0.0005683216569553512
5.1389448706131196e-05
0.0
0.0
0.0
0.0
0.0
0.0
0.0
0.0
0.0
0.0
0.0
0.0
0.0
0.0
0.0
0.0
0.0
0.0
0.0
2.5682361631584046e-05
5.329889787364133e-05
6.287806604141157e-05
0.001936342688571856
0.0008363814282572429
0.0002146766703888601
1.7428004395608514e-05
0.0
0.0
0.0
0.0
0.0
0.0
4.322437321884766e-05
0.0
0.0
0.0
0.0
0.0
0.0
8.2607042773171e-06
3.1339316946094904e-05
7.657154060841819e-05
0.00020277620652339715
0.00028785205024710667
0.0026557587943737007
0.0020091749718106964
0.0014307660390854345
0.0008133317905784713
0.0004967289347589497
0.00015735992528074212
4.611682064159485e-06
0.0
0.0
0.0
0.0
0.0
2.2430508562847542e-05
0.00035537056005592355
0.0005186741882760776
0.0
0.0
0.0
7.160743059335363e-06
3.06279495102714e-05
7.407727707651698e-05
0.00020434871869981475
0.00026505783342013354
0.0003276827075961554
0.002571305953478659
0.0017544586508579747
0.0010066872406483047
0.00022626151131009518
0.0
0.0
0.0
0.0
0.0
0.0
0.0
0.0
0.0
0.0
0.0
0.0
0.0
0.0
0.0
0.0
0.0
0.0
7.4618369576407935e-06
2.240347745654105e-05
0.0019636492981165133
0.0012687093315626183
0.0007169531623162958
0.00010727304260793373
0.0
0.0
0.0
0.0
0.0
0.0
0.0
0.0
0.0
0.0
0.0
0.0
0.0
0.0
0.0
0.0
0.0
0.0
0.0
0.0
0.00020534358313068973
4.1160309269497225e-05
0.0
0.0
0.0
0.0
0.0
0.0
0.0
0.0
0.0
0.0
0.0
0.0
0.0
0.0
0.0
0.0
0.0
0.0
0.0
0.0
0.0
0.0
5.184552080732501e-05
5.641495205609506e-08
0.0
0.0
0.0
0.0
0.0
0.0
0.0
0.0
0.0
0.0
0.0
0.0
0.0
0.0
0.0
0.0
0.0
0.0
0.0
0.0
0.0
0.0
0.0007949769955618352
0.0007292284855573716
0.0006789962707221671
0.00041033597964931974
0.0001309910207087863
4.446708512038942e-06
0.0
0.0
0.0
0.0
0.0
0.0
4.0115498002607e-06
9.683115695514359e-05
0.0003404547091770857
0.0007350370653305145
0.0
0.0
0.0
0.0
1.4609202903684347e-05
3.076532854951362e-05
3.329715579598758e-05
6.16118940898697e-05
8.248356532810147e-05
6.497331866480807e-05
0.002124038829207785
0.0013231123835505396
0.0007898308040721893
0.0005049101748229039
0.0001336413990630639
2.2674395593138766e-05
4.069552904944249e-07
0.0
0.0
0.0001113048230073456
0.0005337102236116463
0.0
0.0
0.0
0.0
0.0
0.0
0.0
0.0
1.0792738903998616e-05
2.2333187170026065e-05
2.578171610038101e-05
0.0021107032639475004
0.0013977326951325924
0.0007611095026643637
9.999115526848046e-05
0.0
0.0
0.0
0.0
0.0
0.0
0.0
0.0
0.0
0.0
0.0
0.0
0.0
0.0
0.0
0.0
0.0
0.0
0.0
0.0
0.0016365362439852119
0.0010752000639373354
0.0005134415893745304
1.763122051119582e-05
0.0
0.0
0.0
0.0
0.0
0.0
0.0
0.0
0.0
0.0
0.0
0.0
0.0
0.0
0.0
0.0
0.0
0.0
0.0
0.0
0.0014396450212277078
0.0009367765036393667
0.0005838622194851706
0.00012214942286095589
1.0549529307355695e-06
0.0
0.0
0.0
0.0
0.0
0.0
0.0
0.0
0.0
0.0
0.0
0.0
0.0
0.0
0.0
0.0
0.0
0.0
0.0
0.0
0.0
0.0
0.0
0.0
0.0
0.0
0.0
0.0
0.0
0.0
0.0
0.0
0.0
0.0
0.0
0.0
0.0
0.0
0.0
0.0
0.0
0.0
0.0
0.000954438095224706
0.0006665518558891432
0.00029937377952315286
0.0
0.0
0.0
0.0
0.0
0.0
0.0
0.0
0.0
0.0
0.0
3.2480771574548435e-05
0.0
0.0
0.0
0.0
0.0
0.0
2.4717192422412853e-05
3.2152512301842685e-05
6.95243577805357e-05
0.0023337734837357094
0.0014955757391797333
0.0006237948466237153
1.1918644770398361e-05
0.0
0.0
0.0
0.0
0.0
0.0
0.0
0.0
0.0
0.0
0.0
0.0
0.0
0.0
0.0
0.0
0.0
0.0
0.0
0.0
0.0
0.00028534727435409915
6.9253577123412e-06
0.0
0.0
0.0
0.0
0.0
0.0
0.0
0.0
0.0
0.0
0.0
0.0
0.0
0.0
0.0
0.0
0.0
0.0
0.0
0.0
1.6845335442808959e-06
5.519493163492152e-06
0.0
0.0
0.0
0.0
0.0
0.0
0.0
0.0
0.0
0.0
0.0
0.0
0.0
0.0
0.0
0.0
0.0
0.0
0.0
0.0
0.0
0.0
0.001535206044730836
0.0011658023819966633
0.0008975654906128939
0.00035320276871955264
4.5257325813729834e-05
0.0
0.0
0.0
0.0
0.0
0.0
0.0
0.0
0.0
0.0
0.0
0.0
0.0
0.0
0.0
0.0
1.5053441568810374e-05
3.142332283843947e-05
0.00010692073918451073
0.0024660365152767306
0.0019779087064723355
0.001547783528415337
0.0010024928175120151
0.0006313527326766261
0.0002460171418209471
6.107188735505002e-05
2.0877537334761027e-07
0.0
0.0
0.0
0.0
0.0
6.788562462978192e-05
0.00034216194313916253
0.0
0.0
0.0
2.1524508263112254e-05
5.280826332066086e-05
0.00023663806817239853
0.00033606659693040765
0.00041067410174841235
0.0005326073549158773
0.0028754368632759094
0.0022285316680887893
0.0015310620666126754
0.00069370054197711
0.00021744382578424993
3.1441802325720566e-06
0.0
0.0
0.0
0.0
0.0
0.0
0.0
0.0
5.322743516801106e-06
0.0
0.0
0.0
0.0
0.0
0.0
0.0
0.0
0.0
0.0012643788511249743
0.0009098985399488823
0.0007211904932931159
0.0004011038381430309
0.00024749519878531636
6.296105854266866e-05
1.9492511728697085e-05
4.873074155009475e-06
1.0009862851149808e-06
2.4957686220950835e-06
2.9065397653031046e-06
9.43549728168508e-06
2.5480857913839623e-05
9.534739802765788e-05
0.00016700301337755098
0.0
0.0
0.0
0.0
0.0
0.0
0.0
0.0
0.0
0.0009986233432213861
0.0006112610386236842
0.00037477065633057747
4.249629642882728e-05
0.0
0.0
0.0
0.0
0.0
0.0
0.0
0.0
2.713911500821878e-06
3.897988150801618e-05
7.076512212032514e-05
0.00023425155043702164
0.0
0.0
0.0
0.0
0.0
0.0
0.0
1.7189546924704328e-05
2.174867546202455e-05
1.9475223498408693e-05
0.0020890697445232575
0.0015513732365460642
0.0012644650331255164
0.0011108279843318053
0.0008401162398795945
0.0007042909135715164
0.0005141513263394694
0.00037703299796696554
0.0003215652460454337
0.000840195453127668
0.0010058408166522654
0.0
0.0
0.0
1.5166952116890897e-05
5.6607691423723176e-05
0.00012226992187614196
0.00027858113648314246
0.0003857730736048047
0.00043499326358400423
0.0005226566100114447
0.0005689877712749896
0.002999306742083812
0.002379388188889739
0.0017819351321420379
0.0010085692751166475
0.0005478199491987816
0.0001998337677073626
3.643118299789527e-05
0.0
0.0
0.0
0.0
0.0
0.0
8.923948612968267e-07
7.759404577127886e-05
0.0
0.0
0.0
0.0
0.0
0.0
0.0
2.150555128482506e-05
2.843915454971719e-05
0.0021487929036128907
0.0015926247536487861
0.001014220471544405
0.00028498732085814946
9.950285407852958e-06
0.0
0.0
0.0
0.0
0.0
0.0
0.0
0.0
0.0
0.0
0.0
0.0
0.0
0.0
0.0
0.0
0.0
0.0
0.0
0.0016393267198053765
0.001231520931556887
0.000718081847318277
7.809003787898748e-05
0.0
0.0
0.0
0.0
0.0
0.0
0.0
0.0
0.0
0.0
0.0
0.0
0.0
0.0
0.0
0.0
0.0
0.0
0.0
0.0
0.0010550815263312126
0.0007544780579349456
0.0003397772418242305
1.7756259086600682e-06
0.0
0.0
0.0
0.0
0.0
0.0
0.0
0.0
0.0
0.0
0.0
0.0
0.0
0.0
0.0
0.0
0.0
0.0
0.0
0.0
0.00015304648997915948
3.5534286794178984e-05
0.0
0.0
0.0
0.0
0.0
0.0
0.0
0.0
0.0
0.0
0.0
0.0
0.0
0.0
0.0
0.0
0.0
0.0
0.0
0.0
0.0
0.0
0.0
0.0
0.0
0.0
0.0
0.0
0.0
0.0
0.0
0.0
0.0
0.0
0.0
0.0
0.0
0.0
0.0
0.0
0.0
0.0
0.0
0.0
0.0
0.0
0.0
0.0
0.0
0.0
0.0
0.0
0.0
0.0
0.0
0.0
0.0
0.0
0.0
0.0
0.0
0.0
0.0
0.0
0.0
0.0
0.0
0.0
0.0
0.0
0.0
0.0
0.0
0.0
0.0
0.0
0.0
0.0
0.0
0.0
0.0
0.0
0.0
0.0
0.0
0.0
0.0
0.0
0.0
0.0
0.0
0.0
0.0
0.0
0.000365298067533288
0.00019125193318970309
1.1476174680889367e-05
0.0
0.0
0.0
0.0
0.0
0.0
0.0
0.0
0.0
0.0
0.0
0.0
0.0
0.0
0.0
0.0
0.0
0.0
0.0
0.0
0.0
0.0
0.0
0.0
0.0
0.0
0.0
0.0
0.0
0.0
0.0
0.0
0.0
0.0
0.0
0.0
0.0
0.0
0.0
0.0
0.0
0.0
0.0
0.0
0.0
0.0
0.0
0.0
0.0
0.0
0.0
0.0
0.0
0.0
0.0
0.0
2.9860939660817826e-07
2.1502977205305443e-05
0.00011247177594227181
0.0001846759217717354
0.0
0.0
0.0
0.0
0.0
0.0
0.0
0.0
0.0
0.0016059151395265779
0.0011805083167739203
0.0010113335075714067
0.0007102799141473924
0.0005832734760335381
0.0004399564570243945
0.0003573606150572033
0.0003092934345917916
0.00028618388861109364
0.0002473269349102455
0.0002590340638908489
0.00026927948651451046
0.00026833280763725756
0.00031234843348092504
0.00031406533685421323
0.0
0.0
0.0
0.0
0.0
0.0
0.0
0.0
0.0
0.0005467743693745366
0.00017880113696765762
1.0429136416922691e-05
0.0
0.0
0.0
0.0
0.0
0.0
0.0
0.0
0.0
0.0
0.0
0.0
0.0
0.0
0.0
0.0
0.0
0.0
0.0
0.0
0.0
0.0
0.0
7.693418942352222e-06
0.0
0.0
0.0
0.0
0.0
0.0
0.0
0.0
0.0
0.0
0.0
0.0
0.0
0.0
0.0
0.0
0.0
0.0
0.0
0.0
0.0
0.0
0.0
0.0
0.0
0.0
0.0
0.0
0.0
0.0
0.0
0.0
0.0
0.0
0.0
0.0
0.0
0.0
0.0
0.0
0.0
0.0
0.0
0.0
0.0
0.0008555787908372455
0.0006194178427457356
0.00029190686915876686
8.227878434821646e-07
0.0
0.0
0.0
0.0
0.0
0.0
0.0
0.0
0.0
0.0
0.0
0.0
0.0
0.0
0.0
0.0
0.0
0.0
0.0
0.0
0.0008212165558624013
0.0005101322527025669
0.00018114843632787995
0.0
0.0
0.0
0.0
0.0
0.0
0.0
0.0
0.0
0.0
0.0
0.0
0.0
0.0
0.0
0.0
0.0
0.0
0.0
0.0
0.0
0.00020957377096781079
4.134208900848761e-05
0.0
0.0
0.0
0.0
0.0
0.0
0.0
0.0
0.0
0.0
0.0
0.0
0.0
0.0
0.0
0.0
0.0
0.0
0.0
0.0
0.0
0.0
0.0
0.0
0.0
0.0
0.0
0.0
0.0
0.0
0.0
0.0
0.0
0.0
0.0
0.0
1.0734592914467565e-05
0.0
0.0
0.0
0.0
0.0
0.0
0.0
0.0
0.0
0.0019109720514895099
0.0014165663593632479
0.00099655437032425
0.00043396128875872663
5.395346654900167e-05
0.0
0.0
0.0
0.0
0.0
0.0
0.0
0.0
0.0
1.1568461964932584e-06
0.0001248459716002591
0.0
0.0
0.0
0.0
0.0
0.0
0.0
0.0
0.0
0.0
0.0011978460370549802
0.0007051627165374159
0.00025543673500966885
3.4339102077269513e-05
0.0
0.0
0.0
0.0
0.0
0.0
0.0
0.0
0.0
0.0
0.0
0.0
0.0
0.0
0.0
0.0
0.0
0.0
0.00010569678175910703
2.163615628206644e-05
0.0
0.0
0.0
0.0
0.0
0.0
0.0
0.0
0.0
0.0
0.0
0.0
0.0
0.0
0.0
0.0
0.0
0.0
0.0
0.0
0.0
0.0
0.0
0.0
0.0
0.0
0.0
0.0
0.0
0.0
0.0
0.0
0.0
0.0
0.0
0.0
0.0
0.0
0.0
0.0
0.0
0.0
0.0
0.0
0.0
0.0
0.000855434299062128
0.0006003672486813147
0.00028706518057036734
4.029729980446306e-06
0.0
0.0
0.0
0.0
0.0
0.0
0.0
0.0
0.0
0.0
0.0
0.0
0.0
0.0
0.0
0.0
0.0
0.0
0.0
0.0
0.0011105375651358626
0.0007710638568018234
0.0003763525932049191
3.7903732722036684e-06
0.0
0.0
0.0
0.0
0.0
0.0
0.0
0.0
0.0
0.0
0.0
0.0
0.0
0.0
0.0
0.0
0.0
0.0
0.0
0.0
0.0004535061890540703
0.0002495545942168642
3.276987198019059e-05
0.0
0.0
0.0
0.0
0.0
0.0
0.0
0.0
0.0
0.0
0.0
0.0
0.0
0.0
0.0
0.0
0.0
0.0
0.0
0.0
0.0
0.0
0.0
3.773430724606824e-06
0.0
0.0
0.0
0.0
0.0
0.0
0.0
0.0
0.0
0.0
0.0
0.0
0.0
0.0
0.0
0.0
0.0
0.0
0.0
0.0
0.0
0.0
0.0
0.00042740163258659405
6.468530063613068e-06
0.0
0.0
0.0
0.0
0.0
0.0
0.0
0.0
0.0
0.0
0.0
0.0
0.0
0.0
0.0
0.0
0.0
0.0
0.0
0.0
8.750942789108126e-05
5.226483385482453e-06
0.0
0.0
0.0
0.0
0.0
0.0
0.0
0.0
0.0
0.0
0.0
0.0
0.0
0.0
0.0
0.0
0.0
0.0
0.0
0.0
0.0
0.0
0.0
0.0
0.0
0.0
0.0
0.0
0.0
0.0
0.0
0.0
0.0
0.0
0.0
0.0
0.0
0.0
0.0
0.0
0.0
0.0
0.0
0.0
0.0
0.0
2.1239206197012493e-06
1.7763546927425517e-06
0.0
0.0
0.0
0.0
0.0
0.0
0.0
0.0
0.0
0.0
0.0
0.0
0.0
0.0
0.0
0.0
0.0
0.0
0.0
0.0
0.0
0.0
3.89307560774475e-06
0.0
0.0
0.0
0.0
0.0
0.0
0.0
0.0
0.0
0.0
0.0
0.0
0.0
0.0
0.0
0.0
0.0
0.0
0.0
0.0
0.0
0.0
0.0
0.0
0.0
0.0
0.0
0.0
0.0
0.0
0.0
0.0
0.0
0.0
0.0
0.0
0.0
0.0
0.0
0.0
0.0
0.0
0.0
0.0
0.0
0.0
0.0
0.0
0.0
0.0
0.0
0.0
0.0
0.0
0.0
0.0
0.0
0.0
0.0
0.0
0.0
0.0
0.0
0.0
0.0
0.0
0.0
0.0
0.0
0.0
0.0
0.0
0.0
0.0
0.0
0.0
0.0
0.0
0.0
0.0
0.0
0.0
0.0
0.0
0.0
0.0
0.0
0.0
0.0
0.0
0.0
0.0
0.0
0.0
0.0
0.0
0.0
0.0
0.0
0.0
0.0
0.0
0.0
0.0
0.0
0.0
0.0
0.0
0.0
0.0
0.0
0.0
0.0
0.0
0.0
0.0
0.0
0.0
0.0
0.0
0.0
0.0
0.0
0.0
0.0
0.0
0.0
0.0
0.0
0.0
0.0
0.0
0.0
0.0
0.0
0.0
0.0
0.0
0.0
0.0
0.0
0.0
0.0
0.0
0.0
0.0
0.0
0.0
0.0
0.0
0.0
0.0
0.0
0.0
0.0
0.0
0.0
0.0
0.0
0.0
0.0
0.0
0.0
0.0
0.0
0.0
0.0
0.0
0.0
0.0
0.0
0.0
0.0
0.0
0.0
0.0
0.0
0.0
0.0
0.0
0.0
0.0
0.0
0.0
0.0
0.0
0.0
0.0
0.0
0.0
0.0
6.49109915789071e-06
0.0
0.0
0.0
0.0
0.0
0.0
0.0
0.0
0.0
0.0
0.0
0.0
0.0
0.0
0.0
0.0
0.0
0.0
0.0
0.0
0.0
0.0
0.0
0.0006186502644025907
0.00035072165838204026
4.772461524216535e-05
0.0
0.0
0.0
0.0
0.0
0.0
0.0
0.0
0.0
0.0
0.0
0.0
0.0
0.0
0.0
0.0
0.0
0.0
0.0
0.0
0.0
0.0
0.0
0.0
0.0
0.0
0.0
0.0
0.0
0.0
0.0
0.0
0.0
0.0
0.0
0.0
0.0
0.0
0.0
0.0
0.0
0.0
0.0
0.0
0.0
0.0
0.0
0.0
0.0
0.0
0.0
0.0
0.0
0.0
0.0
0.0
0.0
0.0
0.0
0.0
0.0
0.0
0.0
0.0
0.0
0.0
0.0
0.0
0.0
0.0
0.0
0.0
0.0
0.0
0.0
0.0
0.0
0.0
0.0
0.0
0.0
0.0
0.0
0.0
0.0
0.0
0.0
0.0
0.0
0.0
0.0
0.0
0.0
0.0
0.0
0.0
0.0
0.0
0.0
0.0
0.0
0.0
0.0
0.0
0.0
0.0
0.0
0.0
0.0
0.0
0.0
0.0
0.0
0.0
0.0
0.0
0.0
0.0
0.0
0.0
0.0
0.0
0.0
0.0
0.0
0.0
0.0
0.0
0.0
0.0
0.0
0.0
0.0
0.0
0.0
0.0
0.0
0.0
0.0
0.0
0.0
0.0
0.0
0.0
0.0
0.0
0.0
0.0
0.0
0.0
0.0
0.0
0.0
0.0
0.0
0.0
0.0
0.0
0.0
0.0
0.0
0.0
0.0
0.0
0.0
0.0
0.0
0.0
0.0
0.0
0.0
0.0
0.0
0.0
0.0
0.0
0.0
0.0
0.0
0.0
0.0
0.0
0.0
0.0
0.0
0.0
0.0
0.0
0.0
0.0
0.0
0.0
0.0
0.0
0.0
0.0
0.0
0.0
0.0
0.0
0.0
0.0
0.0
0.0
0.0
0.0
0.0
0.0
0.0
0.0
0.0
0.0
0.0
0.0
0.0
0.0
0.0
0.0
0.0
0.0
0.0
0.0
0.0
0.0
0.0
0.0
0.0
0.0
0.0
0.0
0.0
0.0
0.0
0.0
0.0
0.0
0.0
0.0
0.0
0.0
0.0
0.0
0.0
0.0
0.0
0.0
0.0
0.0
0.0
0.0
0.0
0.0
0.0
0.0
0.0
0.0
0.0
0.0
0.0
0.0
0.0
0.0
0.0
0.0
0.0
0.0
0.0
0.0
0.0
0.0
0.0
0.0
0.0
0.0
0.0
0.0
0.0
0.0
0.0
0.0
0.0
0.0
0.0
0.0
0.0
0.00043175137621225153
0.0001916834894318108
1.869463656963664e-06
0.0
0.0
0.0
0.0
0.0
0.0
0.0
0.0
0.0
0.0
0.0
0.0
0.0
0.0
0.0
0.0
0.0
0.0
0.0
0.0
0.0
0.001100564434976424
0.0005845576638392478
6.655824309338105e-05
0.0
0.0
0.0
0.0
0.0
0.0
0.0
0.0
0.0
0.0
0.0
0.0
0.0
0.0
0.0
0.0
0.0
0.0
0.0
0.0
0.0
0.0005184596710944866
0.00019766439319774456
0.0
0.0
0.0
0.0
0.0
0.0
0.0
0.0
0.0
0.0
0.0
0.0
0.0
0.0
0.0
0.0
0.0
0.0
0.0
0.0
0.0
0.0
0.0
0.0
0.0
0.0
0.0
0.0
0.0
0.0
0.0
0.0
0.0
0.0
0.0
0.0
0.0
0.0
0.0
0.0
0.0
0.0
0.0
0.0
0.0
0.0
0.0
0.0
0.0
0.0
0.0
0.0
0.0
0.0
0.0
0.0
0.0
0.0
0.0
0.0
0.0
0.0
0.0
0.0
0.0
0.0
0.0
0.0
0.0
0.0
1.8132605872232929e-06
0.0
0.0
0.0
0.0
0.0
0.0
0.0
0.0
0.0
0.0
0.0
0.0
0.0
0.0
0.0
0.0
0.0
0.0
0.0
0.0
0.0
0.0
0.0
0.0
0.0
0.0
0.0
0.0
0.0
0.0
0.0
0.0
0.0
0.0
0.0
0.0
0.0
0.0
0.0
0.0
0.0
0.0
0.0
0.0
0.0
0.0
0.0
0.0
0.0
0.0
0.0
0.0
0.0
0.0
0.0
0.0
0.0
0.0
0.0
0.0
0.0
0.0
0.0
0.0
0.0
0.0
0.0
0.0
0.0
0.0
0.0
0.0
0.0
0.0
0.0
0.0
0.0
0.0
0.0
0.0
0.0
0.0
0.0
0.0
0.0
0.0
0.0
0.0
0.0
0.0
0.0
0.0
0.0
0.0
0.0
0.0
0.0
0.0
0.0
0.0
0.0
0.0
0.0
0.0
0.0
0.0
0.0
0.0
0.0
0.0
0.0
0.0
0.0
0.0
0.0
0.0
0.0
0.0
0.0
0.0
0.0
0.00020392452199247135
0.0
0.0
0.0
0.0
0.0
0.0
0.0
0.0
0.0
0.0
0.0
0.0
0.0
0.0
0.0
0.0
0.0
0.0
0.0
0.0
0.0
0.00017176503796400986
1.768461863274284e-05
0.0
0.0
0.0
0.0
0.0
0.0
0.0
0.0
0.0
0.0
0.0
0.0
0.0
0.0
0.0
0.0
0.0
0.0
0.0
0.0
0.0
0.0
0.0
0.0
0.0
0.0
0.0
0.0
0.0
0.0
0.0
0.0
0.0
0.0
0.0
0.0
0.0
0.0
0.0
0.0
0.0
0.0
0.0
0.0
0.0
0.0
0.0
0.0
0.0
0.0
0.0
0.0
0.0
0.0
0.0
0.0
0.0
0.0
0.0
0.0
0.0
0.0
0.0
0.0
0.0
0.0
0.0
0.0
0.0
0.0
0.0
0.0
0.0
0.0
0.0
0.0
0.0
0.0
0.0
0.0
0.0
0.0
0.0
0.0
0.0
0.0
0.0
0.0
0.0
0.0
0.0
0.0
0.0
0.0
0.0
0.0
0.0
0.0
0.0
0.0
0.0
0.0
0.0
0.0
0.0
0.0
0.0
0.0
0.0
0.0
0.0
0.0
0.0
0.0
0.0
0.0
0.0
0.0
0.0
0.0
0.0
0.0
0.0
0.0
0.0
0.0
0.0
0.0
0.0
0.0
0.0
0.0
0.0
0.0
0.0
0.0
0.0
0.0
0.0
0.0
0.0
0.0
0.0
0.0
0.0
0.0
0.0
0.0
0.0
0.0
0.0
0.0
0.0
0.0
0.0
0.0
0.0
0.0
0.0
0.0
0.0
0.0
0.0
0.0
0.0
0.0
0.0
0.0
0.0
0.0
0.0
0.0
0.0
0.0
0.0
0.0
0.0
0.0
0.0
0.0
0.0
0.0
0.0
0.0
0.0
0.0
0.0
0.0
0.0
0.0
0.0
0.0
0.0
0.0
0.0
0.0
0.0
0.0
0.0
0.0
0.0
0.0
0.0
0.0
0.0
0.0
0.0
0.0
0.0
0.0
0.0
0.0
0.0
0.0
0.0
0.0
0.0
0.0
0.0
0.0
0.0
0.0
0.0
0.0
0.0
0.0
0.0
0.0
0.0
0.0
0.0
0.0
0.0
0.0
0.0
0.0
0.0
0.0
0.0
0.0
0.0
0.0
0.0
0.0
0.0
0.0
0.0
0.0
0.0
0.0
0.0
0.0
0.0
0.0
0.0
0.0
0.0
0.0
0.0
0.0
0.0
0.0
0.0
0.0
0.0
0.0
0.0
0.0
0.0
0.0
0.0
0.0
0.0
0.0
0.0
0.0
0.0
0.0
0.0
0.0
0.0
0.0
0.0
0.0
0.0
0.0
0.0
0.0
0.0
0.0
0.0
0.0
0.0
0.0
0.0
0.0
0.0
0.0
0.0
0.0
0.0
0.0
0.0
0.0
0.0
0.0
0.0
0.0
0.0
0.0
0.0
0.0
0.0
0.0
0.0
0.0
0.0
0.0
0.0
0.0
0.0
0.0
0.0
0.0
0.0
0.0
0.0
0.0
0.0
0.0
0.0
0.0
0.0
0.0
0.0
0.0
0.0
0.0
0.0
0.0
0.0
0.0
0.0
0.0
0.0
0.0
0.0
0.0
0.0
0.0
0.0
0.0
0.0
0.0
0.0
0.0
0.0
0.0
0.0
0.0
0.0
0.0
0.0
0.0
0.0
0.0
0.0
0.0
0.0
0.0
0.0
0.0
0.0
0.0
0.0
0.0
0.0
0.0
0.0
0.0
0.0
0.0
0.0
0.0
0.0
0.0
0.0
0.0
0.0
0.0
0.0
0.0
0.0
0.0
0.0
0.0
0.0
0.0
0.0
0.0
0.0
0.0
0.0
0.0
0.0
0.0
0.0
0.0
0.0
0.0
0.0
0.0
0.0
0.0
0.0
0.0
0.0
0.0
0.0
0.0
0.0
0.0
0.0
0.0
0.0
0.0
0.0
0.0
0.0
0.0
0.0
0.0
0.0
0.0
0.0
0.0
0.0
0.0
0.0
0.0
0.0
0.0
0.0
0.0
0.0
0.0
0.0
0.0
0.0
0.0
0.0
0.0
0.0
0.0
0.0
0.0
0.0
0.0
0.0
0.0
0.0
0.0
0.0
0.0
0.0
0.0
0.0
0.0
0.0
0.0
0.0
0.0
0.0
0.0
0.0
0.0
0.0
0.0
0.0
0.0
0.0
0.0
0.0
0.0
0.0
0.0
0.0
0.0
0.0
0.0
0.0
0.0
0.0
0.0
0.0
0.0
0.0
0.0
0.0
0.0
0.0
0.0
0.0
0.0
0.0
0.0
0.0
0.0
0.0
0.0
0.0
0.0
0.0
0.0
0.0
0.0
0.0
0.0
0.0
0.0
0.0
0.0
0.0
0.0
0.0
0.0
0.0
0.0
0.0
0.0
0.0
0.0
0.0
0.0
0.0
0.0
0.0
0.0
0.0
0.0
0.0
0.0
0.0
0.0
0.0
0.0
0.0
0.0
0.0
0.0
0.0
0.0
0.0
0.0
0.0
0.0
0.0
0.0
0.0
0.0
0.0
0.0
0.0
0.0
0.0
0.0
0.0
0.0
0.0
0.0
0.0
0.0
0.0
0.0
0.0
0.0
0.0
0.0
0.0
0.0
0.0
0.0
0.0
0.0
0.0
0.0
0.0
0.0
0.0
0.0
0.0
0.0
0.0
0.0
0.0
0.0
0.0
0.0
0.0
0.0
0.0
0.0
0.0
0.0
0.0
0.0
0.0
0.0
0.0
0.0
0.0
0.0
0.0
0.0
0.0
0.0
0.0
0.0
0.0
0.0
0.0
0.0
0.0
0.0
0.0
0.0
0.0
0.0
0.0
0.0
0.0
0.0
0.0
0.0
0.0
0.0
0.0
0.0
0.0
0.0
0.0
0.0
0.0
0.0
0.0
0.0
0.0
0.0
0.0
0.0
0.0
0.0
0.0
0.0
0.0
0.0
0.0
0.0
0.0
0.0
0.0
0.0
0.0
0.0
0.0
0.0
0.0
0.0
0.0
0.0
0.0
0.0
0.0
0.0
0.0
0.0
0.0
0.0
0.0
0.0
0.0
0.0
0.0
0.0
0.0
0.0
0.0
0.0
0.0
0.0
0.0
0.0
0.0
0.0
0.0
0.0
0.0
0.0
0.0
0.0
0.0
0.0
0.0
0.0
0.0
0.0
0.0
0.0
0.0
0.0
0.0
0.0
0.0
0.0
0.0
0.0
0.0
0.0
0.0
0.0
0.0
0.0
0.0
0.0
0.0
0.0
0.0
0.0
0.0
0.0
0.0
0.0
0.0
0.0
0.0
0.0
0.0
0.0
0.0
0.0
0.0
0.0
0.0
0.0
0.0
0.0
0.0
0.0
0.0
0.0
0.0
0.0
0.0
0.0
0.0
0.0
0.0
0.0
0.0
0.0
0.0
0.0
0.0
0.0
0.0
0.0
0.0
0.0
0.0
0.0
0.0
0.0
0.0
0.0
0.0
0.0
0.0
0.0
0.0
0.0
0.0
0.0
0.0
0.0
0.0
0.0
0.0
0.0
0.0
0.0
0.0
0.0
0.0
0.0
0.0
0.0
0.0
0.0
0.0
0.0
0.0
0.0
0.0
0.0
0.0
0.0
0.0
0.0
0.0
0.0
0.0
0.0
0.0
0.0
0.0
0.0
0.0
0.0
0.0
0.0
0.0
0.0
0.0
0.0
0.0
0.0
0.0
0.0
0.0
0.0
0.0
0.0
0.0
0.0
0.0
0.0
0.0
0.0
0.0
0.0
0.0
0.0
0.0
0.0
0.0
0.0
0.0
0.0
0.0
0.0
0.0
0.0
0.0
0.0
0.0
0.0
0.0
0.0
0.0
0.0
0.0
0.0
0.0
0.0
0.0
0.0
0.0
0.0
0.0
0.0
0.0
0.0
0.0
0.0
0.0
0.0
0.0
0.0
0.0
0.0
0.0
0.0
0.0
0.0
0.0
0.0
0.0
0.0
0.0
0.0
0.0
0.0
0.0
0.0
0.0
0.0
0.0
0.0
0.0
0.0
0.0
0.0
0.0
0.0
0.0
0.0
0.0
0.0
0.0
0.0
0.0
0.0
0.0
0.0
0.0
0.0
0.0
0.0
0.0
0.0
0.0
0.0
0.0
0.0
0.0
0.0
0.0
0.0
0.0
0.0
0.0
0.0
0.0
0.0
0.0
0.0
0.0
0.0
0.0
0.0
0.0
0.0
0.0
0.0
0.0
0.0
0.0
0.0
0.0
0.0
0.0
0.0
0.0
0.0
0.0
0.0
0.0
0.0
0.0
0.0
0.0
0.0
0.0
0.0
0.0
0.0
0.0
0.0
0.0
0.0
0.0
0.0
0.0
0.0
0.0
0.0
0.0
0.0
0.0
0.0
0.0
0.0
0.0
0.0
0.0
0.0
0.0
0.0
0.0
0.0
0.0
0.0
0.0
0.0
0.0
0.0
0.0
0.0
0.0
0.0
0.0
0.0
0.0
0.0
0.0
0.0
0.0
0.0
0.0
0.0
0.0
0.0
0.0
0.0
0.0
0.0
0.0
0.0
0.0
0.0
0.0
0.0
0.0
0.0
0.0
0.0
0.0
0.0
0.0
0.0
0.0
0.0
0.0
0.0
0.0
0.0
0.0
0.0
0.0
0.0
0.0
0.0
0.0
0.0
0.0
0.0
0.0
0.0
0.0
0.0
0.0
0.0
0.0
0.0
0.0
0.0
0.0
0.0
0.0
0.0
0.0
0.0
0.0
0.0
0.0
0.0
0.0
0.0
0.0
0.0
0.0
0.0
0.0
0.0
0.0
0.0
0.0
0.0
0.0
0.0
0.0
0.0
0.0
0.0
0.0
0.0
0.0
0.0
0.0
0.0
0.0
0.0
0.0
0.0
0.0
0.0
0.0
0.0
0.0
0.0
0.0
0.0
0.0
0.0
0.0
0.0
0.0
0.0
0.0
0.0
0.0
0.0
0.0
0.0
0.0
0.0
0.0
0.0
0.0
0.0
0.0
0.0
0.0
0.0
0.0
0.0
0.0
0.0
0.0
0.0
0.0
0.0
0.0
0.0
0.0
0.0
0.0
0.0
0.0
0.0
0.0
0.0
0.0
0.0
0.0
0.0
0.0
0.0
0.0
0.0
0.0
0.0
0.0
0.0
0.0
0.0
0.0
0.0
0.0
0.0
0.0
0.0
0.0
0.0
0.0
0.0
0.0
0.0
0.0
0.0
0.0
0.0
0.0
0.0
0.0
0.0
0.0
0.0
0.0
0.0
0.0
0.0
0.0
0.0
0.0
0.0
0.0
0.0
0.0
0.0
0.0
0.0
0.0
0.0
0.0
0.0
0.0
0.0
0.0
0.0
0.0
0.0
0.0
0.0
0.0
0.0
0.0
0.0
0.0
0.0
0.0
0.0
0.0
0.0
0.0
0.0
0.0
0.0
0.0
0.0
0.0
0.0
0.0
0.0
0.0
0.0
0.0
0.0
0.0
0.0
0.0
0.0
0.0
0.0
0.0
0.0
0.0
0.0
0.0
0.0
0.0
0.0
0.0
0.0
0.0
0.0
0.0
0.0
0.0
0.0
0.0
0.0
0.0
0.0
0.0
0.0
0.0
0.0
0.0
0.0
0.0
0.0
0.0
0.0
0.0
0.0
0.0
0.0
0.0
0.0
0.0
0.0
0.0
0.0
0.0
0.0
0.0
0.0
0.0
0.0
0.0
0.0
0.0
0.0
0.0
0.0
0.0
0.0
0.0
0.0
0.0
0.0
0.0
0.0
0.0
0.0
0.0
0.0
0.0
0.0
0.0
0.0
0.0
0.0
0.0
0.0
0.0
0.0
0.0
0.0
0.0
0.0
0.0
0.0
0.0
0.0
0.0
0.0
0.0
0.0
0.0
0.0
0.0
0.0
0.0
0.0
0.0
0.0
0.0
0.0
0.0
0.0
0.0
0.0
0.0
0.0
0.0
0.0
0.0
0.0
0.0
0.0
0.0
0.0
0.0
0.0
0.0
0.0
0.0
0.0
0.0
0.0
0.0
0.0
0.0
0.0
0.0
0.0
0.0
0.0
0.0
0.0
0.0
0.0
0.0
0.0
0.0
0.0
0.0
0.0
0.0
0.0
0.0
0.0
0.0
0.0
0.0
0.0
0.0
0.0
0.0
0.0
0.0
0.0
0.0
0.0
0.0
0.0
0.0
0.0
0.0
0.0
0.0
0.0
0.0
0.0
0.0
0.0
0.0
0.0
0.0
0.0
0.0
0.0
0.0
0.0
0.0
0.0
0.0
0.0
0.0
0.0
0.0
0.0
0.0
0.0
0.0
0.0
0.0
0.0
0.0
0.0
0.0
0.0
0.0
0.0
0.0
0.0
0.0
0.0
0.0
0.0
0.0
0.0
0.0
0.0
0.0
0.0
0.0
0.0
0.0
0.0
0.0
0.0
0.0
0.0
0.0
0.0
0.0
0.0
0.0
0.0
0.0
0.0
0.0
0.0
0.0
0.0
0.0
0.0
0.0
0.0
0.0
0.0
0.0
0.0
0.0
0.0
0.0
0.0
0.0
0.0
0.0
0.0
0.0
0.0
0.0
0.0
0.0
0.0
0.0
0.0
0.0
0.0
0.0
0.0
0.0
0.0
0.0
0.0
0.0
0.0
0.0
0.0
0.0
0.0
0.0
0.0
0.0
0.0
0.0
0.0
0.0
0.0
0.0
0.0
0.0
0.0
0.0
0.0
0.0
0.0
0.0
0.0
0.0
0.0
0.0
0.0
0.0
0.0
0.0
0.0
0.0
0.0
0.0
0.0
0.0
0.0
0.0
0.0
0.0
0.0
0.0
0.0
0.0
0.0
0.0
0.0
0.0
0.0
0.0
0.0
0.0
0.0
0.0
0.0
0.0
0.0
0.0
0.0
0.0
0.0
0.0
0.0
0.0
0.0
0.0
0.0
0.0
0.0
0.0
0.0
0.0
0.0
0.0
0.0
0.0
0.0
0.0
0.0
0.0
0.0
0.0
0.0
0.0
0.0
0.0
0.0
0.0
0.0
0.0
0.0
0.0
0.0
0.0
0.0
0.0
0.0
0.0
0.0
0.0
0.0
0.0
0.0
0.0
0.0
0.0
0.0
0.0
0.0
0.0
0.0
0.0
0.0
0.0
0.0
0.0
0.0
0.0
0.0
0.0
0.0
0.0
0.0
0.0
0.0
0.0
0.0
0.0
0.0
0.0
0.0
0.0
0.0
0.0
0.0
0.0
0.0
0.0
0.0
0.0
0.0
0.0
0.0
0.0
0.0
0.0
0.0
0.0
0.0
0.0
0.0
0.0
0.0
0.0
0.0
0.0
0.0
0.0
0.0
0.0
0.0
0.0
0.0
0.0
0.0
0.0
0.0
0.0
0.0
0.0
0.0
0.0
0.0
0.0
0.0
0.0
0.0
0.0
0.0
0.0
0.0
0.0
0.0
0.0
0.0
0.0
0.0
0.0
0.0
0.0
0.0
0.0
0.0
0.0
0.0
0.0
0.0
0.0
0.0
0.0
0.0
0.0
0.0
0.0
0.0
0.0
0.0
0.0
0.0
0.0
0.0
0.0
0.0
0.0
0.0
0.0
0.0
0.0
0.0
0.0
0.0
0.0
0.0
0.0
0.0
0.0
0.0
0.0
0.0
0.0
0.0
0.0
0.0
0.0
0.0
0.0
0.0
0.0
0.0
0.0
0.0
0.0
0.0
0.0
0.0
0.0
0.0
0.0
0.0
0.0
0.0
0.0
0.0
0.0
0.0
0.0
0.0
0.0
0.0
0.0
0.0
0.0
0.0
0.0
0.0
0.0
0.0
0.0
0.0
0.0
0.0
0.0
0.0
0.0
0.0
0.0
0.0
0.0
0.0
0.0
0.0
0.0
0.0
0.0
0.0
0.0
0.0
0.0
0.0
0.0
0.0
0.0
0.0
0.0
0.0
0.0
0.0
0.0
0.0
0.0
0.0
0.0
0.0
0.0
0.0
0.0
0.0
0.0
0.0
0.0
0.0
0.0
0.0
0.0
0.0
0.0
0.0
0.0
0.0
0.0
0.0
0.0
0.0
0.0
0.0
0.0
0.0
0.0
0.0
0.0
0.0
0.0
0.0
0.0
0.0
0.0
0.0
0.0
0.0
0.0
0.0
0.0
0.0
0.0
0.0
0.0
0.0
0.0
0.0
0.0
0.0
0.0
0.0
0.0
0.0
0.0
0.0
0.0
0.0
0.0
0.0
0.0
0.0
0.0
0.0
0.0
0.0
0.0
0.0
0.0
0.0
0.0
0.0
0.0
0.0
0.0
0.0
0.0
0.0
0.0
0.0
0.0
0.0
0.0
0.0
0.0
0.0
0.0
0.0
0.0
0.0
0.0
0.0
0.0
0.0
0.0
0.0
0.0
0.0
0.0
0.0
0.0
0.0
0.0
0.0
0.0
0.0
0.0
0.0
0.0
0.0
0.0
0.0
0.0
0.0
0.0
0.0
0.0
0.0
0.0
0.0
0.0
0.0
0.0
0.0
0.0
0.0
2.4361578619146435e-06
0.0
0.0
0.0
0.0
0.0
0.0
0.0
0.0
0.0
0.0
0.0
0.0
0.0
0.0
0.0
0.0
0.0
0.0
0.0
0.0
0.0
0.0
0.0
4.7878391038067305e-06
0.0
0.0
0.0
0.0
0.0
0.0
0.0
0.0
0.0
0.0
0.0
0.0
0.0
0.0
0.0
0.0
0.0
0.0
0.0
0.0
0.0
0.0
0.0
0.0
0.0
0.0
0.0
0.0
0.0
0.0
0.0
0.0
0.0
0.0
0.0
0.0
0.0
0.0
0.0
0.0
0.0
0.0
0.0
0.0
0.0
0.0
0.0
0.0
0.0
0.0
0.0
0.0
0.0
0.0
0.0
0.0
0.0
0.0
0.0
0.0
0.0
0.0
0.0
0.0
0.0
0.0
0.0
0.0
0.0
0.0
0.0
0.0
0.0
0.0
0.0
0.0
0.0
0.0
0.0
0.0
0.0
0.0
0.0
0.0
0.0
0.0
0.0
0.0
0.0
0.0
0.0
0.0
0.0
0.0
0.0
0.0
0.0
0.0
0.0
0.0
0.0
0.0
0.0
0.0
0.0
0.0
0.0
0.0
0.0
0.0
0.0
0.0
0.0
0.0
0.0
0.0
0.0
0.0
0.0
0.0
0.0
0.0
0.0
0.0
0.0
0.0
0.0
0.0
0.0
0.0
0.0
0.0
0.0
0.0
0.0
0.0
0.0
0.0
0.0
0.0
0.0
0.0
0.0
0.0
0.0
0.0
0.0
0.0
0.0
0.0
0.0
0.0
0.0
0.0
0.0
0.0
0.0
0.0
0.0
0.0
0.0
0.0
0.0
0.0
0.0
0.0
0.0
0.0
0.0
0.0
0.0
0.0
0.0
0.0
0.0
0.0
0.0
0.0
0.0
0.0
0.0
0.0
0.0
0.0
0.0
0.0
0.0
0.0
0.0
0.0
0.0
0.0
0.0
0.0
0.0
0.0
0.0
0.0
0.0
0.0
0.0
0.0
0.0
0.0
0.0
0.0
0.0
0.0
0.0
0.0
0.0
0.0
0.0
0.0
0.0
0.0
0.0
0.0
0.0
0.0
0.0
0.0
0.0
0.0
0.0
0.0
0.0
0.0
0.0
0.0
0.0
0.0
0.0
0.0
0.0
0.0
0.0
0.0
0.0
0.0
0.0
0.0
0.0
0.0
0.0
0.0
0.0
0.0
0.0
0.0
0.0
0.0
0.0
0.0
0.0
0.0
0.0
0.0
0.0
0.0
0.0
0.0
0.0
0.0
0.0
0.0
0.0
0.0
0.0
0.0
0.0
0.0
0.0
0.0
0.0
0.0
0.0
0.0
0.0
0.0
0.0
0.0
0.0
0.0
0.0
0.0
0.0
0.0
0.0
0.0
0.0
0.0
0.0
0.0
0.0
0.0
0.0
0.0
0.0
0.0
0.0
0.0
0.0
0.0
0.0
0.0
0.0
0.0
0.0
0.0
0.0
0.0
0.0
0.0
0.0
0.0
0.0
0.0
0.0
0.0
0.0
0.0
0.0
0.0
0.0
0.0
0.0
0.0
0.0
0.0
0.0
0.0
0.0
0.0
0.0
0.0
0.0
0.0
0.0
0.0
0.0
0.0
0.0
0.0
0.0
0.0
0.0
0.0
0.0
0.0
0.0
0.0
0.0
0.0
0.0
0.0
0.0
0.0
0.0
0.0
0.0
0.0
0.0
0.0
0.0
0.0
0.0
0.0
0.0
0.0
0.0
0.0
0.0
0.0
0.0
0.0
0.0
0.0
0.0
0.0
0.0
0.0
0.0
0.0
0.0
0.0
0.0
0.0
0.0
0.0
0.0
0.0
0.0
0.0
0.0
0.0
0.0
0.0
0.0
0.0
0.0
0.0
0.0
0.0
0.0
0.0
0.0
0.0
0.0
0.0
0.0
0.0
0.0
0.0
0.0
0.0
0.0
0.0
0.0
0.0
0.0
0.0
0.0
0.0
0.0
0.0
0.0
0.0
0.0
0.0
0.0
0.0
0.0
0.0
0.0
0.0
0.0
0.0
0.0
0.0
0.0
0.0
0.0
0.0
0.0
0.0
0.0
0.0
0.0
0.0
0.0
0.0
0.0
0.0
0.0
0.0
0.0
0.0
0.0
0.0
0.0
0.0
0.0
0.0
0.0
0.0
0.0
0.0
0.0
0.0
0.0
0.0
0.0
0.0
0.0
0.0
0.0
0.0
0.0
0.0
0.0
0.0
0.0
0.0
0.0
0.0
0.0
0.0
0.0
0.0
0.0
0.0
0.0
0.0
0.0
0.0
0.0
0.0
0.0
0.0
0.0
0.0
0.0
0.0
0.0
0.0
0.0
0.0
0.0
0.0
0.0
0.0
0.0
0.0
0.0
0.0
0.0
0.0
0.0
0.0
0.0
0.0
0.0
0.0
0.0
0.0
0.0
0.0
0.0
0.0
0.0
0.0
0.0
0.0
0.0
0.0
0.0
0.0
0.0
0.0
0.0
0.0
0.0
0.0
0.0
0.0
0.0
0.0
0.0
0.0
0.0
0.0
0.0
0.0
0.0
0.0
0.0
0.0
0.0
0.0
0.0
0.0
0.0
0.0
0.0
0.0
0.0
0.0
0.0
0.0
0.0
0.0
0.0
0.0
0.0
0.0
0.0
0.0
0.0
0.0
0.0
0.0
0.0
0.0
0.0
0.0
0.0
0.0
0.0
0.0
0.0
0.0
0.0
0.0
0.0
0.0
0.0
0.0
0.0
0.0
0.0
0.0
0.0
0.0
0.0
0.0
0.0
0.0
0.0
0.0
0.0
0.0
0.0
0.0
0.0
0.0
0.0
0.0
0.0
0.0
0.0
0.0
0.0
0.0
0.0
0.0
0.0
0.0
0.0
0.0
0.0
0.0
0.0
0.0
0.0
0.0
0.0
0.0
0.0
0.0
0.0
0.0
0.0
0.0
0.0
0.0
0.0
0.0
0.0
0.0
0.0
0.0
0.0
0.0
0.0
0.0
0.0
0.0
0.0
0.0
0.0
0.0
0.0
0.0
0.0
0.0
0.0
0.0
0.0
0.0
0.0
0.0
0.0
0.0
0.0
0.0
0.0
0.0
0.0
0.0
0.0
0.0
0.0
0.0
0.0
0.0
0.0
0.0
0.0
0.0
0.0
0.0
0.0
0.0
0.0
0.0
0.0
0.0
0.0
0.0
0.0
0.0
0.0
0.0
0.0
0.0
0.0
0.0
0.0
0.0
0.0
0.0
0.0
0.0
0.0
0.0
0.0
0.0
0.0
0.0
0.0
0.0
0.0
0.0
0.0
0.0
0.0
0.0
0.0
0.0
0.0
0.0
0.0
0.0
0.0
0.0
0.0
0.0
0.0
0.0
0.0
0.0
0.0
0.0
0.0
0.0
0.0
0.0
0.0
0.0
0.0
0.0
0.0
0.0
0.0
0.0
0.0
0.0
0.0
0.0
0.0
0.0
0.0
0.0
0.0
0.0
0.0
0.0
0.0
0.0
0.0
0.0
0.0
0.0
0.0
0.0
0.0
0.0
0.0
0.0
0.0
0.0
0.0
0.0
0.0
0.0
0.0
0.0
0.0
0.0
0.0
0.0
0.0
0.0
0.0
0.0
0.0
0.0
0.0
0.0
0.0
0.0
0.0
0.0
0.0
0.0
0.0
0.0
0.0
0.0
0.0
0.0
0.0
0.0
0.0
0.0
0.0
0.0
0.0
0.0
0.0
0.0
0.0
0.0
0.0
0.0
0.0
0.0
0.0
0.0
0.0
0.0
0.0
0.0
0.0
0.0
0.0
0.0
0.0
0.0
0.0
0.0
0.0
0.0
0.0
0.0
0.0
0.0
0.0
0.0
0.0
0.0
0.0
0.0
0.0
0.0
0.0
0.0
0.0
0.0
0.0
0.0
0.0
0.0
0.0
0.0
0.0
0.0
0.0
0.0
0.0
0.0
0.0
0.0
0.0
0.0
0.0
0.0
0.0
0.0
0.0
0.0
0.0
0.0
0.0
0.0
0.0
0.0
0.0
0.0
0.0
0.0
0.0
0.0
0.0
0.0
0.0
0.0
0.0
0.0
0.0
0.0
0.0
0.0
0.0
0.0
0.0
0.0
0.0
0.0
0.0
0.0
0.0
0.0
0.0
0.0
0.0
0.0
0.0
0.0
0.0
0.0
0.0
0.0
0.0
0.0
0.0
0.0
0.0
0.0
0.0
0.0
0.0
0.0
0.0
1.8805381647365258e-05
6.772194665818664e-07
0.0
0.0
0.0
0.0
0.0
0.0
0.0
0.0
0.0
0.0
0.0
0.0
0.0
0.0
0.0
0.0
0.0
0.0
0.0
0.0
0.0
0.0
8.673867816564574e-06
0.0
0.0
0.0
0.0
0.0
0.0
0.0
0.0
0.0
0.0
0.0
0.0
0.0
0.0
0.0
0.0
0.0
0.0
0.0
0.0
0.0
0.0
0.0
0.0
0.0
0.0
0.0
0.0
0.0
0.0
0.0
0.0
0.0
0.0
0.0
0.0
0.0
0.0
0.0
0.0
0.0
0.0
0.0
0.0
0.0
0.0
0.0
0.0
0.0
0.0
0.0
0.0
0.0
0.0
0.0
0.0
0.0
0.0
0.0
0.0
0.0
0.0
0.0
0.0
0.0
0.0
0.0
0.0
0.0
0.0
0.0
0.0
0.0
0.0
0.0
0.0
0.0
0.0
0.0
0.0
0.0
0.0
0.0
0.0
0.0
0.0
0.0
0.0
0.0
0.0
0.0
0.0
0.0
0.0
0.0
0.0
0.0
0.0
0.0
0.0
0.0
0.0
0.0
0.0
0.0
0.0
0.0
0.0
0.0
0.0
0.0
0.0
0.0
0.0
0.0
0.0
0.0
0.0
0.0
0.0
0.0
0.0
0.0
0.0
0.0
0.0
0.0
0.0
0.0
0.0
0.0
0.0
0.0
0.0
0.0
0.0
0.0
0.0
0.0
0.0
0.0
0.0
0.0
0.0
0.0
0.0
0.0
0.0
0.0
0.0
0.0
0.0
0.0
0.0
0.0
0.0
0.0
0.0
0.0
0.0
0.0
0.0
0.0
0.0
0.0
0.0
0.0
0.0
0.0
0.0
0.0
0.0
0.0
0.0
0.0
0.0
0.0
0.0
0.0
0.0
0.0
0.0
0.0
0.0
0.0
0.0
0.0
0.0
0.0
0.0
0.0
1.8553033191230732e-07
0.0
0.0
0.0
0.0
0.0
0.0
0.0
0.0
0.0
0.0
0.0
0.0
0.0
0.0
0.0
0.0
0.0
0.0
0.0
0.0
0.0
0.0
0.0
0.0
0.0
0.0
0.0
0.0
0.0
0.0
0.0
0.0
0.0
0.0
0.0
0.0
0.0
0.0
0.0
0.0
0.0
0.0
0.0
0.0
0.0
0.0
0.0
0.0
0.0
0.0
0.0
0.0
0.0
0.0
0.0
0.0
0.0
0.0
0.0
0.0
0.0
0.0
0.0
0.0
0.0
0.0
0.0
0.0
0.0
0.0
0.0
0.0
0.0
0.0
0.0
0.0
0.0
0.0
0.0
0.0
0.0
0.0
0.0
0.0
0.0
0.0
0.0
0.0
0.0
0.0
0.0
0.0
0.0
0.0
0.0
0.0004347696084350235
0.00031938122509688946
2.4339457316491417e-05
0.0
0.0
0.0
0.0
0.0
0.0
0.0
0.0
0.0
0.0
0.0
0.0
0.0
0.0
0.0
0.0
0.0
0.0
0.0
0.0
0.0
0.00048354908312323193
0.0002647055425170567
6.23549316458229e-06
0.0
0.0
0.0
0.0
0.0
0.0
0.0
0.0
0.0
0.0
0.0
0.0
0.0
0.0
0.0
0.0
0.0
0.0
0.0
0.0
0.0
0.00017713493220739623
6.505126364702303e-05
0.0
0.0
0.0
0.0
0.0
0.0
0.0
0.0
0.0
0.0
0.0
0.0
0.0
0.0
0.0
0.0
0.0
0.0
0.0
0.0
0.0
0.0
0.0002697500565363841
0.00016480148910829836
3.0313333895411422e-06
0.0
0.0
0.0
0.0
0.0
0.0
0.0
0.0
0.0
0.0
0.0
0.0
0.0
0.0
0.0
0.0
0.0
0.0
0.0
0.0
0.0
0.0
0.0
0.0
0.0
0.0
0.0
0.0
0.0
0.0
0.0
0.0
0.0
0.0
0.0
0.0
0.0
0.0
0.0
0.0
0.0
0.0
0.0
0.0
0.0
0.0
0.0
0.0
0.0
0.0
0.0
0.0
0.0
0.0
0.0
0.0
0.0
0.0
0.0
0.0
0.0
0.0
0.0
0.0
0.0
0.0
0.0
0.0
0.0
0.0
0.0
9.053470566244834e-05
0.0
0.0
0.0
0.0
0.0
0.0
0.0
0.0
0.0
0.0
0.0
0.0
0.0
0.0
0.0
0.0
0.0
0.0
0.0
0.0
0.0
0.0
0.0
1.7997349916961215e-05
0.0
0.0
0.0
0.0
0.0
0.0
0.0
0.0
0.0
0.0
0.0
0.0
0.0
0.0
0.0
0.0
0.0
0.0
0.0
0.0
0.0
3.9531501998517826e-05
2.125913228849072e-06
0.0
0.0
0.0
0.0
0.0
0.0
0.0
0.0
0.0
0.0
0.0
0.0
0.0
0.0
0.0
0.0
0.0
0.0
0.0
0.0
0.0
0.0
1.5695236130882494e-08
0.0
0.0
0.0
0.0
0.0
0.0
0.0
0.0
0.0
0.0
0.0
0.0
0.0
0.0
0.0
0.0
0.0
0.0
0.0
0.0
0.0
0.0
0.0
2.572054713667213e-05
3.5291363977351166e-06
0.0
0.0
0.0
0.0
0.0
0.0
0.0
0.0
0.0
0.0
0.0
0.0
0.0
0.0
0.0
0.0
0.0
0.0
0.0
0.0
0.0
0.0
9.000984507983955e-05
9.41867093475735e-06
0.0
0.0
0.0
0.0
0.0
0.0
0.0
0.0
0.0
0.0
0.0
0.0
0.0
0.0
0.0
0.0
0.0
0.0
0.0
0.0
0.0
0.0
0.0
0.0
0.0
0.0
0.0
0.0
0.0
0.0
0.0
0.0
0.0
0.0
0.0
0.0
0.0
0.0
0.0
0.0
0.0
0.0
0.0
0.0
0.0
0.0
0.0
0.0
0.0
0.0
0.0
0.0
0.0
0.0
0.0
0.0
0.0
0.0
0.0
0.0
0.0
0.0
0.0
0.0
0.0
0.0
0.0
0.0
0.0
0.0
0.0003297936049650726
0.00020205825641436966
5.9161792626968236e-05
6.294004226657784e-07
0.0
0.0
0.0
0.0
0.0
0.0
0.0
0.0
0.0
0.0
0.0
0.0
0.0
0.0
0.0
0.0
0.0
0.0
0.0
0.0
0.0015786205500723754
0.0011693135468819817
0.0006544293028779114
5.192151614974636e-05
0.0
0.0
0.0
0.0
0.0
0.0
0.0
0.0
0.0
0.0
0.0
0.0
0.0
0.0
0.0
0.0
0.0
0.0
0.0
0.0
0.0015447953096501014
0.001094144100660725
0.00048656043331576736
7.612871695363479e-07
0.0
0.0
0.0
0.0
0.0
0.0
0.0
0.0
0.0
0.0
0.0
0.0
0.0
0.0
0.0
0.0
0.0
0.0
0.0
0.0
0.0010606351670666024
0.000735322990147306
0.0001834461433915853
0.0
0.0
0.0
0.0
0.0
0.0
0.0
0.0
0.0
0.0
0.0
0.0
0.0
0.0
0.0
0.0
0.0
0.0
0.0
0.0
0.0
0.0007567833245781078
0.0004958547702077139
9.70324454262309e-05
0.0
0.0
0.0
0.0
0.0
0.0
0.0
0.0
0.0
0.0
0.0
0.0
0.0
0.0
0.0
0.0
0.0
0.0
0.0
0.0
0.0
0.000457536568032627
0.00036057428846557294
7.611488723886493e-05
0.0
0.0
0.0
0.0
0.0
0.0
0.0
0.0
0.0
0.0
0.0
0.0
0.0
0.0
0.0
0.0
0.0
0.0
0.0
0.0
0.0
0.0
0.0
0.00011726493761646394
1.0216491070139162e-06
0.0
0.0
0.0
0.0
0.0
0.0
0.0
0.0
0.0
0.0
0.0
0.0
0.0
0.0
0.0
0.0
0.0
0.0
0.0
0.0
0.0007225116510656071
0.0004590667466546727
0.0001057715129978441
0.0
0.0
0.0
0.0
0.0
0.0
0.0
0.0
0.0
0.0
0.0
0.0
0.0
0.0
0.0
0.0
0.0
0.0
0.0
0.0
0.0
0.0
0.0
0.0
0.0
0.0
0.0
0.0
0.0
0.0
0.0
0.0
0.0
0.0
0.0
0.0
0.0
0.0
0.0
0.0
0.0
0.0
0.0
0.0
0.0
9.403765907515047e-06
1.3123682442016882e-06
0.0
0.0
0.0
0.0
0.0
0.0
0.0
0.0
0.0
0.0
0.0
0.0
0.0
0.0
0.0
0.0
0.0
0.0
0.0
0.0
0.0
0.0
0.0
0.0
0.0
0.0
0.0
0.0
0.0
0.0
0.0
0.0
0.0
0.0
0.0
0.0
0.0
0.0
0.0
0.0
0.0
0.0
0.0
0.0
0.0
0.0
0.00032134260393437323
0.00020233307855920514
1.8113735137271818e-05
0.0
0.0
0.0
0.0
0.0
0.0
0.0
0.0
0.0
0.0
0.0
0.0
0.0
0.0
0.0
0.0
0.0
0.0
0.0
0.0
0.0
0.00033731805458579674
0.00016827121788712032
9.00056219912468e-06
0.0
0.0
0.0
0.0
0.0
0.0
0.0
0.0
0.0
0.0
0.0
0.0
0.0
0.0
0.0
0.0
0.0
0.0
0.0
0.0
0.0
0.0
0.0
0.0
0.0
0.0
0.0
0.0
0.0
0.0
0.0
0.0
0.0
0.0
0.0
0.0
0.0
0.0
0.0
0.0
0.0
0.0
0.0
0.0
0.0
0.0
0.0
0.0
0.0
0.0
0.0
0.0
0.0
0.0
0.0
0.0
0.0
0.0
0.0
0.0
0.0
0.0
0.0
0.0
0.0
0.0
0.0
0.0
0.0
0.0
0.0
0.0
0.0
0.0
0.0
0.0
0.0
0.0
0.0
0.0
0.0
0.0
0.0
0.0
0.0
0.0
0.0
0.0
0.0
0.0
0.0
0.0
0.0
0.0
0.0
0.0
0.0
0.0
0.0
0.0
0.0
0.0
0.0
0.0
0.0
0.0
0.0
0.0
0.0
0.0
0.0
0.0
0.0
0.0
0.0
0.0
0.0
0.000862450490963255
0.0006318853039649529
0.0003201767988246874
1.7343458894596494e-06
0.0
0.0
0.0
0.0
0.0
0.0
0.0
0.0
0.0
0.0
0.0
0.0
0.0
0.0
0.0
0.0
0.0
0.0
0.0
0.0
0.00023438141726672278
0.00010513713395817822
3.1421582805491315e-06
0.0
0.0
0.0
0.0
0.0
0.0
0.0
0.0
0.0
0.0
0.0
0.0
0.0
0.0
0.0
0.0
0.0
0.0
0.0
0.0
0.0
0.0
0.0
0.0
0.0
0.0
0.0
0.0
0.0
0.0
0.0
0.0
0.0
0.0
0.0
0.0
0.0
0.0
0.0
0.0
0.0
0.0
0.0
0.0
0.0
0.0
0.0
0.0
0.0
0.0
0.0
0.0
5.849530297237511e-06
1.3109982468428944e-05
6.136001493138312e-06
0.0
0.00011261708600447967
0.00043581752664223017
0.0
0.0
0.0
0.0
0.0
0.0
0.0
0.0
0.0
1.2401651800890671e-05
2.724736941730472e-05
5.765256385672736e-05
0.0023087362494441923
0.0015680175861753386
0.0010047110546399127
0.0003769856538408251
4.093526221565053e-05
0.0
0.0
0.0
0.0
0.0
0.0
0.0
3.153401396486938e-06
0.00011172445983631378
0.0003059183311905108
0.0
0.0
0.0
0.0
7.471494545292453e-06
2.440407193134911e-05
2.2163840997423493e-05
6.944735156267149e-05
8.207109672438547e-05
0.002236823003735254
0.001364359985301707
0.0006756759065413689
6.0940874643800666e-05
0.0
0.0
0.0
0.0
0.0
0.0
0.0
0.0
0.0
0.0
0.0
0.0
0.0
0.0
0.0
0.0
0.0
0.0
0.0
0.0
0.0006623174160740402
0.0003762535641850373
0.0001320984929750615
0.0
0.0
0.0
0.0
0.0
0.0
0.0
0.0
0.0
0.0
0.0
0.0
0.0
0.0
0.0
0.0
0.0
0.0
0.0
0.0
0.0
0.0011196637954849408
0.0007866929635707274
0.0005955299770988636
0.0002804939541158203
0.0001895632068371026
7.20851182854373e-05
1.2536507036433764e-05
1.0984192419093288e-06
1.7147425117204746e-06
7.362293859537149e-06
1.4078915609663108e-05
2.8841765066145684e-05
7.667613251009689e-05
0.00013910271684143652
0.00020771854010214174
0.0
0.0
0.0
0.0
0.0
0.0
0.0
0.0
0.0
0.001341309689833705
0.0008920515397287746
0.0006227479188939875
0.00025509483203810804
0.00011379653446405825
8.030008041893832e-06
0.0
0.0
0.0
0.0
0.0
0.0
7.341089453760937e-05
0.00022528689339960492
0.0003903658320610069
0.0
0.0
0.0
0.0
0.0
0.0
1.4326567748433199e-05
3.486306432489361e-05
7.131446573434963e-05
0.002402497910636033
0.0015701313458164638
0.0008756451278990534
0.0001277910165144645
0.0
0.0
0.0
0.0
0.0
0.0
0.0
0.0
0.0
6.97570578219304e-05
0.0003267933636811836
0.0006461926136570068
0.0
0.0
0.0
0.0
7.866886087948794e-06
2.5734349423155556e-05
2.1474840558057584e-05
6.468988821271546e-05
8.221540017523091e-05
3.311773522192601e-05
0.0015257431521615804
0.0004680560202701122
4.20787111390554e-06
0.0
0.0
0.0
0.0
0.0
0.0
0.0
0.0
0.0
0.0
0.0
0.0
0.0
0.0
0.0
0.0
0.0
1.1459664762671081e-05
1.551542672023997e-05
0.00205567254491885
0.001283184387152426
0.0005403969162914878
3.9588582056320655e-06
0.0
0.0
0.0
0.0
0.0
0.0
0.0
0.0
0.0
0.0
1.473554794605648e-07
0.0
0.0
0.0
0.0
0.0
0.0
0.0
0.0
0.0
0.001726157729547656
0.0010257778511796119
0.0003693910347127549
0.0
0.0
0.0
0.0
0.0
0.0
0.0
0.0
0.0
0.0
0.0
0.0
0.0
0.0
0.0
0.0
0.0
0.0
0.0
0.0
0.0
0.0017405193638025316
0.001034709605076412
0.0003866559191132068
0.0
0.0
0.0
0.0
0.0
0.0
0.0
0.0
0.0
0.0
0.0
0.0
0.0
0.0
0.0
0.0
0.0
0.0
0.0
0.0
0.0
0.0010857084371560998
0.0006750053251181527
0.00015642278673803691
0.0
0.0
0.0
0.0
0.0
0.0
0.0
0.0
0.0
0.0
0.0
0.0
0.0
0.0
0.0
0.0
0.0
0.0
0.0
0.0
0.0
1.4156672878578764e-05
0.0
0.0
0.0
0.0
0.0
0.0
0.0
0.0
0.0
0.0
0.0
0.0
0.0
0.0
0.0
0.0
0.0
0.0
0.0
0.0
0.0
0.0
0.0
0.0004849070424104216
0.00026652022741412195
3.0358306253851102e-05
0.0
0.0
0.0
0.0
0.0
0.0
0.0
0.0
0.0
0.0
0.0
0.0
0.0
0.0
0.0
0.0
0.0
0.0
0.0
0.0
0.0
0.0
0.0
0.00046282372758383314
2.9304937596511673e-05
0.0
0.0
0.0
0.0
0.0
0.0
0.0
0.0
0.0
0.0
0.0
0.0
0.0
0.0
0.0
0.0
0.0
0.0
0.0
0.0
0.00016940852410094533
6.425456008664547e-06
0.0
0.0
0.0
0.0
0.0
0.0
0.0
0.0
0.0
0.0
0.0
0.0
0.0
0.0
0.0
0.0
0.0
0.0
0.0
0.0
0.0
0.0
0.0
0.0
0.0
0.0
0.0
0.0
0.0
0.0
0.0
0.0
0.0
0.0
0.0
0.0
0.0
0.0
0.0
0.0
0.0
0.0
0.0
0.0
0.0
0.0
1.3513945410630875e-06
0.0
0.0
0.0
0.0
0.0
0.0
0.0
0.0
0.0
0.0
0.0
0.0
0.0
0.0
0.0
0.0
0.0
0.0
0.0
0.0
0.0
0.0
0.0
0.0
0.0
0.0
0.0
0.0
0.0
0.0
0.0
0.0
0.0
0.0
0.0
0.0
0.0
0.0
0.0
0.0
0.0
0.0
0.0
0.0
0.0
0.0
0.0
9.866126850095638e-05
2.057749937539714e-05
0.0
0.0
0.0
0.0
0.0
0.0
0.0
0.0
0.0
0.0
0.0
1.3810880162141817e-06
4.822668176056829e-05
0.0
0.0
0.0
0.0
0.0
0.0
0.0
0.0
2.3178339390220897e-05
0.00208003447050419
0.0014058363883652132
0.0006508612114644432
1.8751797415575215e-05
0.0
0.0
0.0
0.0
0.0
0.0
0.0
0.0
0.0
0.0
0.0
0.0
0.0
0.0
0.0
0.0
0.0
0.0
0.0
0.0
0.0
0.0
0.0
0.0
0.0
0.0
0.0
0.0
0.0
0.0
0.0
0.0
0.0
0.0
0.0
0.0
0.0
0.0
0.0
0.0
0.0
0.0
0.0
0.0
0.0
0.0
0.0
0.0
0.0
0.0
0.0
0.0
0.0
0.0
0.0
0.0
0.0
0.0
0.0
0.0
0.0
0.0
0.0
0.0
0.0
0.0
0.0
0.0
0.0
0.0
0.0
0.0
0.0
0.0
0.0
0.0
0.0
0.0
0.0
0.0
0.0
0.0
0.0
0.0
0.0
0.0
0.0
0.0
0.0
0.0
0.0
0.0
0.00017922512453273794
0.00017855633048808104
9.089673370761882e-05
1.0269327006300783e-06
0.0
0.0
0.0
0.0
0.0
0.0
0.0
0.0
0.0
0.0
9.260547423288253e-06
0.0
0.0
0.0
0.0
0.0
0.0
0.0
0.0
0.0
0.0015969090724525373
0.0010740877312683777
0.0006852377486179145
0.00018654840710912604
1.0418552630444016e-05
0.0
0.0
0.0
0.0
0.0
0.0
0.0
6.705564843747161e-06
0.0001618577799654997
0.00043203491854872653
0.0
0.0
0.0
1.9897715798939123e-05
2.3255440814766247e-05
8.420221912568811e-05
0.00013008451289017666
0.000300250203769439
0.00042842010919045035
0.00269360446595361
0.002017254845325179
0.001409919327294947
0.0005866008850966894
0.00011982191286564701
0.0
0.0
0.0
0.0
0.0
0.0
0.0
2.7148788627860803e-06
6.0100438911435304e-05
0.00018555102281920545
0.0
0.0
0.0
0.0
0.0
0.0
0.0
0.0
0.0
0.001578859001651582
0.000975828407086977
0.0005259248436313887
2.918920379711195e-05
0.0
0.0
0.0
0.0
0.0
0.0
0.0
0.0
0.0
0.0
0.0
0.0
0.0
0.0
0.0
0.0
0.0
0.0
0.0
0.0
0.0
0.0
0.0
0.0
0.0
0.0
0.0
0.0
0.0
0.0
0.0
0.0
0.0
0.0
0.0
0.0
0.0
0.0
0.0
0.0
0.0
0.0
0.0
0.0
0.0
0.0
0.0
0.0
0.0
0.0
1.3489145255447321e-05
0.0001546202113731047
0.0003248456428576141
0.0003696365183001414
0.000404395300354584
0.0004897337036847902
0.0006653426893027051
0.000853925059697573
0.0009217238757066458
0.0
0.0
1.544982147411026e-05
2.069039036474794e-05
5.988032821235345e-05
7.33095381939043e-05
0.0002221819534599065
0.0004043334794070178
0.0004615615519573101
0.002877288267694043
0.0022605801603321407
0.0019422380364596337
0.0015053574322241175
0.001116723998143505
0.0006382769407490875
0.00028036388646365996
5.7665345008104365e-05
6.03653703818064e-06
0.0
6.392990430415551e-05
0.0003538298598392776
0.0007194327277337751
0.0010384792111672004
0.001229756829496817
0.0
3.846557044975618e-05
9.272201584028564e-05
0.00019537202552346013
0.00032389634696574775
0.0003923232424254662
0.0004717012561987211
0.0005356909762025925
0.0005276779676714558
0.0029059574903529182
0.0020693357069785402
0.001143943621538456
0.00022133198426495625
0.0
0.0
0.0
0.0
0.0
0.0
0.0
0.0
0.0
0.0
8.810000272246862e-07
0.0
0.0
0.0
0.0
0.0
0.0
0.0
0.0
0.0
0.00014400809964722926
7.648095656498584e-07
0.0
0.0
0.0
0.0
0.0
0.0
0.0
0.0
0.0
0.0
0.0
0.0
0.0
0.0
0.0
0.0
0.0
0.0
0.0
0.0
0.0
0.0
0.0009654037039607425
0.000644200010798725
0.00048211674512628206
0.0002073259206459467
0.00012863992250302528
6.079893743163066e-05
4.257820567549117e-05
4.061110170327461e-05
3.8818949005402874e-05
3.465573455993539e-05
0.00012906088993530268
0.00026754282932276563
0.00039413730961125116
0.0005606732798397683
0.0006656593514640697
0.0
0.0
0.0
7.278865971510933e-06
2.608034263402469e-05
3.7182293922073194e-05
0.00010225431294389023
0.000238853093030926
0.00038237145729295535
0.0027473503507871285
0.002284843022195678
0.002087361622817687
0.0017520600821740032
0.001458910663757871
0.0012369973839670603
0.0011463417422398372
0.0011261108066328192
0.0012279329552852133
0.001330154134603818
0.0013300278568379024
0.0013539584088500315
0.0016733850680921332
0.001841473544600491
0.0018437725263216584
0.001953533235351375
4.9022566710071813e-05
0.00024180070102942033
0.0004101922954897316
0.00046136288554066726
0.0005582687905633293
0.0006752784654688222
0.0006863984881469775
0.0007524173979325436
0.0008786062957167665
0.0007986562221018992
0.0029945070272232393
0.0021926713940485267
0.001607656638195733
0.001301418421822755
0.0009960838550400056
0.0008470287842287392
0.0007407794910060982
0.0007341250425058882
0.0008901863243205194
0.0019404383728516366
0.002356405122979127
4.349550967414072e-05
0.00034392654756166256
0.000555523427112551
0.0006797509355317819
0.0007586125069435741
0.0009092836370384139
0.0009568418241698779
0.0009902914540032247
0.0011346627204257523
0.0011667694599981696
0.0011461405439009947
0.0036166404745029837
0.0031966624144834878
0.0023326371607105597
0.0014888252850043257
0.0008043614878134756
0.0005030097748927548
0.00040265193974070557
0.00024701025206413
0.00027063133296537106
0.00030390673826829855
0.00038437344022278897
0.0005649516449831064
0.0008318085619798964
0.0010425802795271638
0.00120983558816055
0.0
3.112562854268171e-05
7.815508203661494e-05
0.00012897608952772407
0.00031166779822795586
0.0004257677419037163
0.0005815164011934269
0.0005873316552291373
0.0005207958272326217
0.002896660175832763
0.002209176953063227
0.0017423101397666739
0.00117709441153055
0.000859686965124258
0.0006378399296700243
0.0004893364790294759
0.00023343652658819986
6.177832276034371e-05
1.7388056013344418e-05
0.0001590894757331389
0.0005161434659988683
0.0009272097221305211
0.0011814908407508462
0.0014002863221963973
1.3786966463312608e-05
0.00015804718627822836
0.00042461414625273667
0.00049996319727884
0.0006517526553118387
0.0007189018522179428
0.0006946350450319938
0.0008199056439601139
0.0008884828101352374
0.00338424826684474
0.002709524770294804
0.0018700355799926849
0.0009512619631519956
0.0004006690878112135
5.9015395578498916e-05
0.0
0.0
0.0
0.0
0.0
3.1020564321366584e-05
0.00021888604425211744
0.0003928306051919322
0.0005418363488817236
0.0
0.0
0.0
0.0
1.660450177306491e-05
3.6999751837205864e-05
6.361934683579476e-05
8.37272132613235e-05
8.862557456477595e-05
0.002131085812183396
0.0014135508627459619
0.0010244408871454744
0.0004983936467025871
0.00020338932985026654
5.4722764070317225e-05
6.085537458311034e-06
0.0
0.0
9.974773196498525e-07
1.0540735719664147e-05
3.111429928385186e-05
7.402636781212608e-05
0.00013567791182453348
0.00020614562649473868
0.0
0.0
0.0
0.0
0.0
0.0
0.0
0.0
0.0
0.0015156898293332446
0.0010841800601202013
0.0008551645946246891
0.000536387765136795
0.0004217532439223401
0.00029006693102303103
0.00021224097583473364
0.00013447153953731464
0.00025518263054915516
0.0003654590455221027
0.0004699090657938756
0.0006031971976910767
0.000746989555094858
0.0008550998731903576
0.0009166185769622784
0.0
0.0
0.0
0.0
1.1954722463372465e-05
2.29236005113766e-05
2.3421229406364485e-05
1.5381257878962773e-05
2.3540222650658298e-05
0.0019944190940591453
0.0014297535534467361
0.0011681250783257752
0.000775470170828335
0.000463793153462745
0.0002184822884543983
8.072963467376578e-05
1.2371263195023094e-05
5.070515020633231e-06
6.284976047908803e-06
4.728361410705814e-06
1.0060400304741905e-05
0.00013112907711594195
0.0002163531055505327
0.00021871170071947115
0.0003965001610777347
0.0
0.0
0.0
0.0
0.0
0.0
0.0
0.0
0.0
0.0
0.0009167703105620867
0.0002973960999180067
2.2661145928652787e-06
0.0
0.0
0.0
0.0
0.0
0.0
0.0
2.148472082141243e-05
0.0
0.0
0.0
0.0
0.0
0.0
0.0
0.0
0.0
0.0
2.040257892641066e-05
0.0020240621091309184
0.0014767898263613225
0.0010032462736712636
0.0004018867419384041
8.92680295107184e-05
0.0
0.0
0.0
0.0
0.0
0.0
1.2362329026602179e-05
0.00024036203007809088
0.0005591295468338896
0.0007091361558584734
0.0
0.0
0.0
0.0
2.666328015638904e-05
3.1367116057487656e-05
2.0892739895415175e-05
3.234244988576023e-05
5.1794620281418574e-05
0.00215498862915437
0.00148773689852427
0.0008711572256166915
0.00012879433696014208
0.0
0.0
0.0
0.0
0.0
0.0
0.0
0.0
0.0
0.0
0.0
0.0
0.0
0.0
0.0
0.0
0.0
0.0
0.0
0.0
2.4869973987654477e-06
0.0
0.0
0.0
0.0
0.0
0.0
0.0
0.0
0.0
0.0
0.0
0.0
0.0
0.0
0.0
0.0
0.0
0.0
0.0
0.0
0.0
0.0
0.0
0.0
0.0
0.0
0.0
0.0
0.0
0.0
0.0
0.0
0.0
0.0
0.0
0.0
0.0
0.0
0.0
0.0
0.0
0.0
0.0
0.0
0.0
0.0
0.0
0.0017023518278163334
0.0013136193767621625
0.0009314847420218166
0.0003344672534225534
4.840744669453793e-05
0.0
0.0
0.0
0.0
0.0
0.0
7.780233023611247e-05
0.0004778733177170769
0.0008809388644713317
0.0011291893489941678
0.0
4.8522170422733374e-05
0.00015135698459470848
0.0003158136924964997
0.0005154821656000646
0.0005886078211444888
0.0006115656775058999
0.0007408242444779439
0.0008038933691022291
0.0032991388739758718
0.0026557220225211188
0.0018569109259530354
0.0008468164733105318
0.00018092274762962067
0.0
0.0
0.0
0.0
0.0
0.0
0.0
0.0001800701422637687
0.0005791242941561505
0.0007900905568335153
0.0010565321963500486
0.0
0.0
0.0
0.0
1.4474604530489474e-05
1.821188292005307e-05
5.49811998836441e-05
8.532245010226277e-05
0.0001567916515835956
7.995878567298768e-05
0.001934024134354005
0.00115878877606429
0.0005938356152003513
0.00013339365977082235
0.0
0.0
0.0
0.0
0.0
1.5528210627972263e-06
0.0001397421049462227
0.0
0.0
0.0
0.0
0.0
0.0
0.0
0.0
0.0
0.0
0.0
0.0017392068850589325
0.001234078364287933
0.0008513906672162741
0.00032984319040940614
9.39327810146933e-05
0.0
0.0
0.0
0.0
0.0
0.0
2.8405896869196707e-05
0.0004146793552068933
0.0008462977104911908
0.0011079843897534082
0.0
3.186187906298485e-05
9.889417131686603e-05
0.00029537194102470906
0.0004973717519716359
0.0005230839798477252
0.0006101453150643418
0.0006980161540538617
0.0006640787796941878
0.0007203230582549924
0.0006088769825963628
0.002445445147090548
0.0013162559608629336
0.000542684898747359
0.00010000886389639615
0.0
0.0
0.0
0.0
0.0
8.709943407234588e-05
0.0005171474023029349
0.0
0.0
0.0
0.0
0.0
0.0
0.0
0.0
1.1908512525664526e-05
1.0379125376048558e-05
0.0
0.0017359811528886028
0.0010827542385679649
0.0006178081755848078
8.491758632125636e-05
0.0
0.0
0.0
0.0
0.0
0.0
0.0
0.0
0.0
0.0
0.0
0.0
0.0
0.0
0.0
0.0
0.0
0.0
0.0
0.0
0.0015576667425229185
0.001168381562473663
0.0009082009111600459
0.00047964498466360867
0.00025205272719908806
0.00010845705575915075
2.4958090540763137e-05
0.0
0.0
0.0
0.0
7.121785475415028e-06
6.611187012363566e-05
0.00029554580638194064
0.0005874218363030996
0.0
0.0
0.0
1.7227361692467185e-05
5.368673012730906e-05
0.00010957496510442397
0.00017664507677993705
0.00032706134858621303
0.0003486730941529112
0.0026848836053483672
0.00191474362525887
0.0012808687816523595
0.0005646883063646859
0.00025354792086346357
2.1602315740107668e-05
0.0
0.0
0.0
0.0
0.0
0.0
0.0
4.888369239106179e-06
6.15216619345258e-05
0.0
0.0
0.0
0.0
0.0
0.0
0.0
0.0
0.0
0.000885021607620151
0.0005030027419986133
0.00026649164354981727
8.817037070328605e-06
0.0
0.0
0.0
0.0
0.0
0.0
0.0
0.0
0.0
0.0
0.0
0.0
0.0
0.0
0.0
0.0
0.0
0.0
0.0
0.0
0.0
0.0
0.00020256892849457523
2.7961855477499873e-05
0.0
0.0
0.0
0.0
0.0
0.0
0.0
0.0
0.0
0.0
0.0
0.0
0.0
0.0
0.0
0.0
0.0
0.0
0.0
0.0
0.0015878706236763195
0.0014382752407262021
0.0013139820752838822
0.0008802150161990428
0.0006848454484030599
0.0004813187511562088
0.00048651726200600706
0.0005937503524237059
0.0006300957916863375
0.0006183689191191578
0.0006984040148154106
0.0008241483612492014
0.0009980683210739783
0.0011583795024650734
0.001241318119637842
0.0
2.9994234243198377e-05
9.869338384621597e-05
