0.0
0.0
0.0
0.0
0.0
0.0
0.0
0.0
0.0
0.0
0.0
0.0
0.0
0.0
0.0
0.0
0.0
0.0
0.0
0.0
0.0
0.0
0.0
0.0
0.0
0.0
0.0
0.0
0.0
0.0
0.0
0.0
0.0
0.0
0.0
0.0
0.0
0.0
0.0
0.0
0.0
0.0
0.0
0.0
0.0
0.0
0.0
0.0
0.0
0.0
0.0
0.0
0.0
0.0
0.0
0.0
0.0
0.0
0.0
0.0
0.0
0.0
0.0
0.0
0.0
0.0
0.0
0.0
0.0
0.0
0.0
0.0
0.0
0.0
0.0
0.0
0.0
0.0
0.0
0.0
0.0
0.0
0.0
0.0
0.0
0.0
0.0
0.0
0.0
0.0
0.0
0.0
0.0
0.0
0.0
0.0
0.0
0.0
0.0
0.0
0.0
0.0
0.0
0.0
0.0
0.0
0.0
0.0
0.0
0.0
0.0
0.0
0.0
0.0
0.0
0.0
0.0
0.0
0.0
0.0
0.0
0.0
0.0
0.0
0.0
0.0
0.0
0.0
0.0
0.0
0.0
0.0
0.0
0.0
0.0
0.0
0.0
0.0
0.0
0.0
0.0
0.0
0.0
0.0
0.0
0.0
0.0
0.0
0.0
0.0
0.0
0.0
0.0
0.0
0.0
0.0
0.0
0.0
0.0
0.0
0.0
0.0
0.0
0.0
0.0
0.0
0.0
0.0
0.0
0.0
0.0
0.0
0.0
0.0
0.0
0.0
0.0
0.0
0.0
0.0
0.0
0.0
0.0
0.0
0.0
0.0
0.0
0.0
0.0
0.0
0.0
0.0
0.0
0.0
0.0
0.0
0.0
0.0
0.0
0.0
0.0
0.0
0.0
0.0
0.0
0.0
0.0
0.0
0.0
0.0
0.0
0.0
0.0
0.0
0.0
0.0
0.0
0.0
0.0
0.0
0.0
0.0
0.0
0.0
0.0
0.0
0.0
0.0
0.0
0.0
0.0
0.0
0.0
0.0
0.0
0.0
0.0
0.0
0.0
0.0
0.0
0.0
0.0
0.0
0.0
0.0
0.0
0.0
0.0
0.0
0.0
0.0
0.0
0.0
0.0
0.0
0.0
0.0
0.0
0.0
0.0
0.0
0.0
0.0
0.0
0.0
0.0
0.0
0.0
0.0
0.0
0.0
0.0
0.0
0.0
0.0
0.0
0.0
0.0
0.0
0.0
0.0
0.0
0.0
0.0
0.0
0.0
0.0
0.0
0.0
0.0
0.0
0.0
0.0
0.0
0.0
0.0
0.0
0.0
0.0
0.0
0.0
0.0
0.0
0.0
0.0
0.0
0.0
0.0
0.0
0.0
0.0
0.0
0.0
0.0
0.0
0.0
0.0
0.0
0.0
0.0
0.0
0.0
0.0
0.0
0.0
0.0
0.0
0.0
0.0
0.0
0.0
0.0
0.0
0.0
0.0
0.0
0.0
0.0
0.0
0.0
0.0
0.0
0.0
0.0
0.0
0.0
0.0
0.0
0.0
0.0
0.0
0.0
0.0
0.0
0.0
0.0
0.0
0.0
0.0
0.0
0.0
0.0
0.0
0.0
0.0
0.0
0.0
0.0
0.0
0.0
0.0
0.0
0.0
0.0
0.0
0.0
0.0
0.0
0.0
0.0
0.0
0.0
0.0
0.0
0.0
0.0
0.0
0.0
0.0
0.0
0.0
0.0
0.0
0.0
0.0
0.0
0.0
0.0
0.0
0.0
0.0
0.0
0.0
0.0
0.0
0.0
0.0
0.0
0.0
0.0
0.0
0.0
0.0
0.0
0.0
0.0
0.0
0.0
2.1096983696376005e-06
6.493605378096474e-05
0.00011017828334041123
0.00012555118748404218
0.00011902515193862177
0.00010362676384291457
2.7750210281584876e-05
0.0
0.0
0.0
0.0
0.0
0.0
0.0
0.0
0.0
0.0
0.0
0.0
0.0
0.0
0.0
0.0
0.0
0.0
0.0
5.575700933016726e-05
0.00011152123918188509
6.693713242631765e-05
0.0
0.0
5.27011140681144e-06
0.0
0.0
0.0
0.0
0.0
0.0
0.0
0.0
0.0
0.0
0.0
0.0
0.0
0.0
0.0
0.0
0.0
3.581309081450568e-05
9.30681600236554e-05
0.00011767894456836277
0.00011296538568532546
2.5358329868152687e-05
0.0
0.0
0.0
0.0
0.0
0.0
0.0
0.0
0.0
0.0
0.0
0.0
0.0
0.0
0.0
0.0
0.0
0.0
0.0
4.337039860350833e-05
0.00010899628709202452
0.00012947376370305274
0.00012142993680466096
5.417685323736914e-05
9.185958787435102e-07
0.0
0.0
0.0
0.0
0.0
0.0
0.0
0.0
0.0
0.0
0.0
0.0
0.0
2.3765725756981965e-10
5.140841834228784e-10
0.0
0.0
0.0
0.0
0.0
0.0
0.0
0.0
0.0
0.0
4.819061267123572e-10
0.0
0.0
0.0
0.0
0.0
0.0
0.0
4.5640687181439487e-10
1.7131912807328215e-10
0.0
0.0
0.0
0.0
0.0
0.0
0.0
0.0
0.0
0.0
0.0
0.0
0.0
0.0
0.0
0.0
0.0
0.0
0.0
0.0
0.0
0.0
0.0
0.0
0.0
0.0
0.0
0.0
0.0
0.0
0.0
0.0
0.0
9.283954077775645e-06
8.207996482253443e-05
8.503613743513615e-05
0.0
0.0
0.0
0.0
0.0
0.0
0.0
0.0
0.0
0.0
0.0
0.0
0.0
0.0
0.0
0.0
0.0
0.0
0.0
0.00010536128698480743
0.000158091432422341
0.0001825147212030113
0.00018667520587755258
0.00018728453095882066
0.00012689513779261973
0.0
0.0
0.0
0.0
0.0
0.0
0.0
0.0
0.0
0.0
0.0
0.0
0.0
0.0
0.0
0.0
0.0
0.0
4.685587396346146e-05
0.0001358171736790859
0.00017533734664477958
0.0001862134403963444
0.000188459877990166
6.412886344668723e-05
0.0
0.0
0.0
0.0
0.0
0.0
0.0
0.0
0.0
0.0
0.0
0.0
0.0
0.0
0.0
0.0
5.954141905893441e-05
9.83024707435634e-05
0.000122740636206649
0.0001497807526733458
0.00017329834891287242
0.00016389196065120167
0.00012213140319192715
1.9277488997894116e-05
0.0
0.0
0.0
0.0
0.0
0.0
0.0
0.0
0.0
0.0
0.0
0.0
0.0
0.0
0.0
0.0
0.0
0.0
0.0
0.0
0.0
0.0
0.0
1.6164320241724092e-05
0.0
0.0
0.0
0.0
0.0
0.0
0.0
0.0
0.0
0.0
0.0
0.0
0.0
0.0
0.0
0.0
0.0
0.0
0.0
0.0
0.0
0.0
0.0
0.0
0.0
0.0
0.0
0.0
0.0
0.0
0.0
0.0
0.0
0.0
0.0
0.0
0.0
0.0
0.0
0.0
0.0
0.0
0.0
0.0
0.0
0.0
0.0
0.0
0.0
0.0
0.0
0.0
0.0
0.0
0.0
0.0
0.0
0.0
0.0
0.0
0.0
0.0
0.0
0.0
0.0
0.0
0.0
0.0
0.0
0.0
0.0
0.0
0.0
0.0
0.0
0.0
0.0
0.0
0.0
0.0
0.0
0.0
0.0
1.3041544437106856e-06
0.0
0.0
0.0
0.0
0.0
0.0
0.0
0.0
0.0
0.0
0.0
0.0
0.0
0.0
0.0
0.0
0.0
0.0
0.0
0.0
0.0
0.0
0.0
0.0
0.0
0.0
0.0
0.0
0.0
0.0
0.0
0.0
0.0
0.0
0.0
0.0
0.0
0.0
0.0
0.0
0.0
0.0
0.0
0.0
0.0
0.0
0.0
0.0
4.274335365259675e-07
0.0
0.0
0.0
0.0
0.0
0.0
0.0
0.0
0.0
0.0
0.0
0.0
0.0
0.0
0.0
0.0
0.0
0.0
0.0
0.0
0.0
0.0
0.0
0.0
0.0
0.0
0.0
0.0
0.0
0.0
0.0
0.0
0.0
0.0
0.0
0.0
0.0
0.0
0.0
0.0
0.0
0.0
0.0
0.0
0.0
0.0
0.0
0.0
0.0
0.0
2.5367182972192137e-10
0.0
0.0
0.0
3.512258351893589e-10
4.833837614680067e-10
0.0
0.0
4.201982917408582e-10
0.0
1.522676087777446e-10
0.0
0.0
0.0
0.0
0.0
0.0
0.0
0.0
0.0
0.0
0.0
0.0
0.0
0.0
0.0
0.0
0.0
0.0
0.0
0.0
0.0
0.0
0.0
0.0
0.0
0.0
0.0
0.0
0.0
0.0
0.0
0.0
0.0
0.0
0.0
0.0
0.0
0.0
0.0
0.0
0.0
0.0
0.0
0.0
0.0
0.0
0.0
0.0
0.0
0.0
0.0
0.0
0.0
0.0
0.0
0.0
0.0
0.0
0.0
0.0
0.0
0.0
0.0
0.0
0.0
3.431302203346406e-05
0.0001018234614823824
0.00010088977762332235
5.6057555505507725e-05
0.0
0.0
0.0
0.0
1.800232060861595e-10
0.0
0.0
0.0
0.0
0.0
0.0
0.0
0.0
0.0
0.0
0.0
0.0
0.0
0.0
0.0
0.0
2.9462798591934728e-05
8.5859605641034e-05
9.360564057744223e-05
1.4331938936452404e-05
0.0
0.0
0.0
1.3237020394159908e-07
0.0
0.0
0.0
0.0
0.0
0.0
0.0
0.0
0.0
0.0
0.0
0.0
0.0
0.0
2.0536039528098474e-05
0.00010390336941651096
0.00011858809961926763
0.0001416807695164763
0.00014852744907598513
4.7323133817815336e-05
0.0
0.0
0.0
0.0
0.0
0.0
0.0
0.0
0.0
0.0
0.0
0.0
0.0
0.0
0.0
0.0
0.0
0.0
1.766030391783741e-05
9.988982446216783e-05
0.0001239923562095651
0.0001381718005460884
0.00015638548596046343
6.230637391200417e-05
0.0
0.0
0.0
0.0
0.0
0.0
0.0
0.0
0.0
0.0
0.0
0.0
0.0
0.0
0.0
0.0
0.0
0.0
9.921240125088e-05
0.00014501911628984126
0.00015198310584614767
9.637858053240865e-05
0.0
0.0
0.0
0.0
0.0
0.0
0.0
0.0
0.0
0.0
0.0
0.0
0.0
0.0
0.0
0.0
0.0
0.0
2.8183683565601916e-05
0.0001662972251201195
0.00018622432678227184
0.0001989223930243078
0.00021468826531333723
0.00022805523970791702
0.00022251937344845192
0.00019248884927045942
0.00013736265743205606
4.272308847354639e-05
0.0
0.0
0.0
0.0
0.0
0.0
0.0
0.0
0.0
0.0
0.0
0.0
0.0
0.0
8.305713416529216e-05
0.00017261900211545708
0.00018508785096849035
0.00020357117406828983
0.00022120626766831847
0.00023854881031924093
0.00023626882335950773
0.00019859879444271406
0.00015088463727619858
3.959351388325435e-05
1.765550927349053e-05
0.0
0.0
0.0
0.0
0.0
0.0
0.0
0.0
0.0
0.0
0.0
0.0
8.836284831619651e-06
3.917529659744726e-05
0.0001066886273698055
0.00015150739646830393
0.00018215417347471942
0.00018559096957147784
0.00018779238196201073
0.00018724097769111045
0.00014293342940962657
0.0
1.7464354584747436e-05
0.0
0.0
0.0
0.0
0.0
0.0
0.0
0.0
0.0
0.0
0.0
0.0
0.0
0.0
0.0
0.0
0.0
0.0
0.0
0.0
0.0
0.0
0.0
0.0
0.0
0.0
0.0
0.0
0.0
0.0
0.0
0.0
0.0
0.0
0.0
0.0
0.0
0.0
0.0
0.0
0.0
0.0
0.0
8.078233647816806e-05
1.8229859967523964e-05
0.0
0.0
0.0
0.0
0.0
0.0
0.0
0.0
0.0
0.0
0.0
0.0
0.0
0.0
0.0
1.999994857756967e-06
0.0
0.0
0.0
0.0
1.7618236958343595e-05
6.631674214575019e-05
9.576098055092781e-05
6.415415315713358e-05
0.0
0.0
0.0
0.0
0.0
0.0
0.0
0.0
0.0
0.0
0.0
0.0
0.0
1.973138513792866e-06
0.0
0.0
0.0
0.0
9.270015056100524e-08
1.8837095368248068e-05
0.00012185615101524667
6.120158934859771e-05
0.0
0.0
0.0
0.0
0.0
0.0
0.0
0.0
0.0
0.0
0.0
0.0
0.0
0.0
0.0
0.0
0.0
0.0
0.0
0.0
0.0
0.0
0.0
0.0
0.0
0.0
0.0
0.0
0.0
0.0
0.0
0.0
0.0
0.0
0.0
0.0
0.0
0.0
0.0
0.0
0.0
0.0
0.0
0.0
0.0
0.0
0.0
1.7872624874981248e-05
9.730771409957443e-05
0.00010929187842851825
6.429102848377657e-05
0.0
0.0
0.0
0.0
0.0
0.0
0.0
0.0
0.0
0.0
0.0
0.0
0.0
0.0
0.0
0.0
0.0
0.0
0.0
0.0
0.0
0.0
0.0
0.0
0.0
0.0
0.0
0.0
0.0
0.0
0.0
0.0
0.0
0.0
0.0
0.0
0.0
0.0
0.0
0.0
0.0
0.0
0.0
0.0
0.0
0.0
0.0
0.0
0.0
0.0
0.0
0.0
0.0
0.0
0.0
0.0
0.0
0.0
0.0
0.0
0.0
0.0
0.0
0.0
0.0
0.0
0.0
0.0
0.0
0.0
0.0
0.0
0.0
0.0
0.0
0.0
0.0
0.0
0.0
0.0
0.0
0.0
0.0
0.0
0.0
0.0
0.0
0.0
0.0
0.0
0.0
0.0
1.746783873286657e-05
6.311534646813938e-05
5.5892170868771144e-05
0.0
0.0
0.0
0.0
0.0
0.0
0.0
0.0
0.0
0.0
0.0
0.0
0.0
0.0
0.0
0.0
0.0
0.0
0.0
0.0
3.122712299820858e-05
0.0
0.0
0.0
0.0
0.0
0.0
0.0
0.0
0.0
0.0
0.0
0.0
3.2384925407179976e-10
2.1585299580382244e-10
0.0
0.0
0.0
0.0
0.0
0.0
0.0
0.0
0.0
0.0
2.6371322711866746e-06
0.0
0.0
0.0
0.0
0.0
0.0
0.0
0.0
0.0
0.0
0.0
0.0
0.0
0.0
0.0
0.0
0.0
0.0
0.0
0.0
0.0
0.0
1.935569140265653e-05
0.00010057819387893453
6.92068384152815e-05
8.002787790290162e-05
1.993874908767324e-05
0.0
0.0
0.0
0.0
0.0
0.0
0.0
0.0
0.0
0.0
0.0
0.0
0.0
0.0
0.0
3.3237302033268196e-06
9.372684896628661e-05
0.00018204758965763244
0.00019155888495345368
0.00020443768248891794
0.0002209704064460983
0.00022716117526470024
0.000222500957693225
0.00020213131913333532
0.000180089681715683
0.00011094938865946871
1.841901490017472e-05
0.0
0.0
0.0
0.0
0.0
0.0
0.0
0.0
0.0
0.0
2.309329807667916e-05
0.0
2.152351559509558e-05
0.00012466810411335995
0.00017951165926133163
0.00019919398981800348
0.00023204038666378745
0.00024972023207432134
0.00025412330665496274
0.00024251143634950524
0.0002036136352467462
0.00018250488954733393
0.0001250838370477411
3.559260076948687e-05
0.0
0.0
0.0
0.0
0.0
0.0
0.0
0.0
0.0
0.0
0.0
0.0
0.0
0.00011646771315140731
0.00017182187362282237
0.0001819817340861209
0.0001859165014914653
0.00018742350285912604
0.0001833470180129602
0.00018007292251241718
0.0001366232925535495
1.76947738554921e-05
0.0
0.0
0.0
0.0
0.0
0.0
0.0
0.0
0.0
0.0
0.0
2.8699888094731615e-06
0.0
0.0
0.0
0.0
0.0
0.0
8.352844653166458e-05
0.00011024402080373025
0.00012087556114665415
0.00010883205967703784
2.1037589161259704e-05
0.0
0.0
0.0
0.0
0.0
0.0
0.0
0.0
0.0
0.0
0.0
0.0
0.0
0.0
0.0
0.0
0.0
0.0
3.911704734064014e-05
9.787766818732461e-05
7.440852320817925e-05
0.0
0.0
0.0
0.0
0.0
0.0
0.0
0.0
0.0
0.0
0.0
0.0
0.0
0.0
0.0
0.0
0.0
0.0
7.838131997018885e-05
0.00014282090355614626
0.0001729499556197788
0.00018248446570257623
0.00018488874378512469
0.0001855620685337218
0.00018543346164917593
0.00018507064453133926
0.00015504717075689043
4.4998264369911235e-05
0.0
0.0
0.0
0.0
0.0
0.0
0.0
0.0
0.0
0.0
0.0
0.0
0.0
0.0
0.0
5.853944295322713e-05
9.606968798093063e-05
0.0001313020129101527
0.0001694357112507508
0.0001840762649265694
0.00018550610186129216
0.00018526386165530463
0.0001692397466036559
4.453054060152451e-05
0.0
0.0
0.0
0.0
0.0
0.0
0.0
0.0
0.0
0.0
0.0
0.0
0.0
0.0
0.0
0.0
0.0
0.0
0.0
0.0
0.0
0.0
0.0
0.0
0.0
0.0
0.0
0.0
0.0
0.0
0.0
0.0
0.0
0.0
0.0
0.0
0.0
0.0
0.0
0.0
0.0
6.75315594736303e-05
3.925391398317977e-05
3.939815351154021e-05
3.723887291388379e-05
0.0
0.0
0.0
0.0
0.0
0.0
0.0
0.0
0.0
0.0
0.0
0.0
0.0
0.0
0.0
0.0
0.0
0.0
0.0
0.0
7.904633767698688e-05
0.00010410372169605347
0.00012685339658622985
0.00015981240842759218
0.0001696441474824922
0.00013749294625213642
0.0001085129662914244
1.7716470360784126e-05
0.0
0.0
0.0
0.0
0.0
0.0
0.0
0.0
0.0
0.0
9.04883338399148e-06
0.0
0.0
0.0
0.0
0.0
1.7388171837792686e-05
0.0
0.0
0.0
0.0
0.0
0.0
0.0
0.0
0.0
0.0
0.0
0.0
0.0
0.0
0.0
0.0
0.0
0.0
0.0
0.0
0.0
0.0
0.0
0.0
0.0
0.0
0.0
0.0
0.0
0.0
0.0
0.0
2.7082890632557834e-06
0.0
0.0
0.0
0.0
0.0
0.0
2.1607504988455704e-07
0.0
0.0
0.0
0.0
0.0
0.0
0.0
0.0
0.0
0.0
0.0
0.0
0.0
0.0
0.0
0.0
0.0
0.0
0.0
0.0
0.0
0.0
0.0
0.0
0.0
0.0
0.0
0.0
0.0
0.0
0.0
3.22354547689468e-05
0.00010743297151783544
0.00015364397013487016
0.0001742053566728672
0.00016379023566089214
0.00010284964330348788
0.0
0.0
0.0
0.0
0.0
0.0
0.0
0.0
0.0
0.0
0.0
0.0
0.0
0.0
0.0
0.0
0.0
0.0
0.0
0.0
0.0
0.0
0.0
0.0
0.0
0.0
0.0
0.0
0.0
0.0
0.0
0.0
0.0
0.0
0.0
0.0
0.0
0.0
0.0
0.0
0.0
0.0
2.181805160241337e-05
0.00011386325253654043
0.00016101365071690752
0.00018018425434292122
0.00018307267976266643
0.00015653576828137436
9.997174614370499e-05
1.7887473503492546e-05
0.0
0.0
0.0
0.0
0.0
0.0
0.0
0.0
0.0
0.0
0.0
0.0
0.0
0.0
0.0
0.0
0.0
0.0
0.0
0.0
0.0
0.0
0.0
0.0
0.0
0.0
0.0
0.0
0.0
0.0
0.0
0.0
0.0
0.0
0.0
0.0
0.0
0.0
1.6130984496987977e-05
5.5697631461045134e-05
0.00013361340425621716
0.00017716941824410284
0.00018420974834094285
0.00018659835124879514
0.0001879012644161319
0.0
0.0
0.0
0.0
0.0
0.0
0.0
0.0
0.0
0.0
0.0
0.0
0.0
0.0
0.0
0.0
0.0
0.0
0.0
2.162717230604884e-05
0.00011872294227912786
0.0
3.421232620343982e-05
0.0
0.0
0.0
0.0
0.0
0.0
0.0
0.0
0.0
0.0
0.0
0.0
0.0
0.0
1.7176882186719183e-05
2.9584902956739987e-06
4.647975143444939e-05
0.000125770198603855
0.00016872245330153886
0.00018637865292488957
0.00019653842165711489
0.00021085663539626286
0.00021340525426281323
0.000211610769580473
0.00021343014073657598
0.0002009454332737811
0.00018891817425989354
0.0001424360574599649
0.00010251259323473573
0.0
0.0
0.0
0.0
0.0
0.0
0.0
0.0
0.0
1.761921116739515e-05
8.837993831100659e-06
1.77136091956489e-05
5.372716577518078e-05
8.106744968795116e-05
0.00018264282720570856
0.0001889105893403477
0.00019400850120105968
0.00020307895777318504
0.00020410288639210157
0.00019221819192294175
0.00018464743265847342
0.00016672413686979085
5.016544260914676e-05
0.0
0.0
0.0
0.0
0.0
0.0
0.0
0.0
0.0
0.0
0.0
0.0
0.0
4.678403997273543e-05
0.00013658442229214782
0.00017907006251490808
0.0001850614516878772
0.000187810626212783
0.0001872782313301106
0.00018530176023266186
0.00018446220027756242
0.00018202513954029045
0.000150520139265382
7.753698641742544e-05
0.0
0.0
0.0
0.0
0.0
0.0
0.0
0.0
0.0
0.0
0.0
0.0
0.0
0.0
0.0
0.0
0.0
0.0
0.0
0.0
0.0
0.0
0.0
0.0
0.0
0.0
0.0
0.0
0.0
0.0
0.0
0.0
0.0
0.0
0.0
0.0
0.0
0.0
0.0
0.0
2.1639557215126166e-05
0.0001309507431579181
0.00017586555188723837
0.00018211493154906864
0.00018514098493095063
0.000176890230032938
0.00010447595261811875
0.0
0.0
0.0
0.0
0.0
0.0
0.0
0.0
0.0
0.0
0.0
0.0
0.0
0.0
0.0
9.211067238934914e-05
0.00016183734900399827
0.000190433092073765
0.0002148555419253232
0.0002282089210098431
0.00023032153418581146
0.0002192652189381431
0.0
0.0
0.0
0.0
0.0
0.0
0.0
0.0
0.0
0.0
0.0
0.0
0.0
0.0
0.0
0.0
0.0
0.0
0.0
0.0
0.0
0.0
0.0
0.0
0.0
0.0
0.0
0.0
0.0
0.0
0.0
0.0
0.0
0.0
0.0
0.0
0.0
0.0
0.0
0.0
1.787075857672933e-05
2.5698423895500136e-05
0.0
0.0
0.0
0.0
0.0
0.0
0.0
0.0
0.0
0.0
0.0
0.0
0.0
0.0
0.0
0.0
3.669722874616324e-10
1.3364822229757775e-10
0.0
0.0
0.0
0.0
0.0
0.0
0.0
0.0
0.0
0.0
0.0
0.0
0.0
0.0
0.0
0.0
0.0
0.0
0.0
0.0
0.0
0.0
0.0
0.0
0.0
0.0
0.0
0.0
0.0
0.0
0.0
0.0
0.0
0.0
0.0
0.0
0.0
0.0
1.5844139449199926e-10
4.6260989400311534e-10
0.0
0.0
0.0
0.0
0.0
0.0
0.0
0.0
0.0
0.0
0.0
0.0
0.0
0.0
0.0
0.0
0.0
0.0
0.0
0.0
0.0
0.0
0.0
0.0
0.0
0.0
0.0
0.0
0.0
0.0
0.0
7.119013016229935e-10
0.0
0.0
3.2030480543599276e-11
0.0
0.0
0.0
4.899758824950078e-05
0.00015678515142119936
0.0001783141491177916
0.00018323987039332583
0.0001841029430672097
0.0001832284751667735
0.0001832631274891688
0.00015717274035607443
8.768031784495905e-05
0.0
0.0
0.0
0.0
0.0
0.0
0.0
0.0
0.0
0.0
0.0
0.0
5.593367476690366e-06
6.097817120523292e-05
0.0001604681077379948
0.00021062782988086185
0.00022238339024627644
0.00023959235032967833
0.00024684001978938716
0.00024335651268653376
0.000238930793532975
0.0
0.0
0.0
0.0
0.0
0.0
0.0
0.0
0.0
0.0
0.0
0.0
0.0
0.0
0.0
6.891224774797473e-05
8.208044789229747e-05
3.999528418787315e-05
0.0
0.0
0.0
0.0
0.0
0.0
0.0
0.0
0.0
0.0
0.0
0.0
0.0
0.0
0.0
0.0
0.0
0.0
7.672989862051506e-06
1.7640562762139146e-05
0.0
0.0
9.64551102550727e-05
0.0001374278406860594
0.000171177725522557
0.00018587721789906761
0.00018941623357877704
0.00019186863829415049
0.00019753817017020503
0.00020535442539990116
0.0001988740584628937
0.00019313251014830388
0.00018215051596353132
0.00013054056167092703
0.0
0.0
0.0
0.0
0.0
0.0
0.0
0.0
0.0
0.0
0.0
0.0
8.93044848623976e-05
0.0001184297396793779
0.00014101989357669098
0.00016332536077465708
0.00018283255488925825
0.00017830410848819725
0.0001349407385203878
8.620350200868073e-05
0.0
0.0
0.0
0.0
0.0
0.0
0.0
0.0
0.0
0.0
0.0
0.0
0.0
0.0
0.0
0.0
0.0
0.0
0.0
8.027890996043184e-05
0.0001054476382770493
0.00010834233137125817
9.247751859229297e-05
7.432857309999621e-05
0.0
0.0
0.0
1.9483329585673375e-06
0.0
0.0
0.0
0.0
0.0
0.0
0.0
0.0
0.0
0.0
0.0
0.0
0.0
0.0
6.925113705714709e-05
0.00013766689694815778
0.0001783359722254135
0.00018274849606253994
0.0001836785696581636
0.0001833287205361743
0.0001827601091139527
0.0001805351864555162
0.00017570063116459258
0.0001615291616480873
0.0
0.0
0.0
0.0
0.0
0.0
0.0
0.0
9.234441039239083e-05
9.321403617072691e-05
9.642530671583913e-05
0.0001281355384376068
0.00017907168349289072
0.00019156482885207072
0.00019755147522646622
0.00020102737719299187
0.00020043179800291548
0.0001966853691423315
0.0001925406812911238
0.00018665615769612322
0.00018503930801014342
0.00015347663837865294
7.547595105377107e-05
0.0
0.0
0.0
0.0
0.0
0.0
0.0
0.0
0.0
0.0
0.0
0.0
0.0
1.7663945846441117e-05
0.00011558430696424575
0.00016837134511630506
0.00018432987931626835
0.00018893753666121435
0.00019228238250538032
0.00020081523750058142
0.00021315445602754555
0.00013113410944471038
4.6348975367712437e-05
0.0
0.0
0.0
0.0
0.0
0.0
0.0
0.0
0.0
0.0
0.0
0.0
0.0
0.0
4.598926934800865e-05
0.0
0.0
0.0
0.0
0.0
0.0
5.699491426068232e-05
2.8001617668057402e-05
0.0
0.0
0.0
0.0
0.0
0.0
0.0
0.0
0.0
0.0
0.0
0.0
0.0
0.0
0.0
0.0
0.0
8.667075601755423e-05
0.00011141974153290553
0.00013289928267105308
0.0001242303189990166
8.857359752011232e-05
5.261215970890444e-05
0.0
0.0
0.0
0.0
0.0
0.0
0.0
0.0
0.0
0.0
0.0
0.0
0.0
0.0
0.0
0.0
0.0
0.0
0.0
0.0
0.0
4.157056757644415e-05
5.142743548682444e-05
8.590635381123914e-05
3.322242351884338e-05
0.0
0.0
0.0
0.0
0.0
0.0
0.0
0.0
0.0
0.0
0.0
0.0
0.0
0.0
0.0
1.1157485411827458e-05
8.502070402509642e-05
0.00013692116986483918
0.00017577257180756995
0.0001845066506194871
0.00018914714824093902
0.0001889293560618705
0.0001672276243194142
0.00014152820012856008
0.00014426004616361718
0.0001512358205366614
0.00014466094467198876
0.0
0.0
0.0
0.0
0.0
0.0
0.0
0.0
0.0
0.0
0.0
0.0
4.2772569875312694e-05
0.00012652394679723214
0.0001697370750018548
0.00018609148219636331
0.00019075652168242403
0.00019420371068180068
0.0001981574180315053
0.00019806082233471823
0.0001945512127342719
0.00019106754080620898
0.00018563406653087546
0.00016017849976132143
0.0
0.0
0.0
0.0
0.0
0.0
0.0
0.0
0.0
1.7314535633596085e-05
3.097062342537389e-05
8.694065657140478e-05
0.0001208308962838972
0.00015490111447750583
0.00017529319279267785
0.0001773767748529796
0.00017819825806973303
0.00017853574523450056
0.00017890159021417682
0.00017917084931578576
0.00017597057620679602
0.0001330748856244149
6.77740374358671e-05
0.0
0.0
0.0
0.0
0.0
0.0
0.0
0.0
0.0
0.0
1.8047978473022572e-10
0.0
0.0
0.0
4.762392318224281e-05
0.00012781892362805335
0.00016008642217092738
0.0001753076238112698
0.0001778010947443426
0.0001794561501751137
0.00018098412274740775
0.00012535306771756328
4.2317379356227036e-05
0.0
0.0
0.0
0.0
0.0
0.0
0.0
0.0
0.0
0.0
0.0
0.0
0.0
9.75009956868071e-05
0.00012520655002134617
0.0
0.0
0.0
0.0
0.00012821544799659419
0.00019244681304247135
0.00018684288256255586
0.00017457862473562962
0.0001077598489562824
0.0
0.0
0.0
0.0
0.0
0.0
0.0
0.0
0.0
0.0
3.3313126214821815e-05
0.0
4.933398912977511e-05
0.0001549639539089308
0.00017800573309296149
0.00019980951773232
0.00022989633286310605
0.0002521307291805637
0.00026722164028583926
0.0002828219562378862
0.0002946569296891893
0.0002880049679228019
0.0002632635174918599
0.0002291134671534152
0.0002031428718295992
0.00019070825167547188
0.0
0.0
0.0
0.0
0.0
0.0
0.0
0.0
0.0
0.0
0.0
7.294061346964783e-05
0.00017952384664390763
0.00020135192312666214
0.00023048913958730803
0.00025720797991115533
0.0002802605491491052
0.00028467133273456154
0.00026890594659595104
0.00023663627260188177
0.00020673323724772322
0.00019567404549737
0.00019023579346369118
0.00015852273584013744
0.0
0.0
0.0
0.0
0.0
0.0
0.0
0.0
0.0
0.0
0.0
0.0
9.59736942437164e-05
0.00018935462016954186
0.0002085680411346916
0.00024658764758236
0.0002856563106027469
0.0003121918319048078
0.0003344025352419736
0.00033376037876090177
0.00030216664105564225
0.00025695525609461807
0.00022273229515313252
0.00020250055298533598
0.0
0.0
0.0
0.0
0.0
0.0
0.0
0.0
5.060271304815984e-06
5.819176454593869e-05
0.00012193419368151095
0.00017573953491028822
0.00019531626690492878
0.00024145727001624663
0.0002785335642859076
0.00031618881936710684
0.0003417943528258596
0.00036894806635586575
0.000397217240459203
0.0003927742777961207
0.0003394511452046465
0.0002705489843516063
0.00022129225834721365
0.0001986989013956215
0.0
0.0
0.0
0.0
0.0
0.0
0.0
0.0
0.0
7.376252402624227e-05
0.00015205138621505549
0.0001846179158560044
0.0002073971287691249
0.0002556624995406376
0.00029236130257695854
0.00032899620042966757
0.0003531354974347359
0.0003790355137947917
0.00039657772568632175
0.00038236811729840467
0.00033125089389704693
0.00027023922687924746
0.00022032222831675668
0.00019275613956964925
0.0
0.0
0.0
0.0
0.0
0.0
0.0
0.0
0.0
4.005124955548657e-05
4.277903752963566e-05
0.000107471677748238
0.00016678606180952724
0.00021483260077837123
0.00025497100685172193
0.0002832498717923034
0.0003033022059902219
0.00031372830068096243
0.00030540418357392684
0.00029480318174104274
0.0
0.0
0.0
0.0
0.0
0.0
0.0
0.0
0.0
0.0
0.0
0.0
0.0
0.0
0.0
0.0
0.00014297557144827896
0.00016124610815090558
9.02675277970432e-05
0.0001624561056233107
0.00017916692671055996
5.1925776397646506e-05
5.900647016926613e-05
0.0
0.0
0.0
0.0
0.0
0.0
0.0
0.0
0.0
0.0
0.0
0.0
0.0
0.0
0.0
1.7697157210395208e-05
9.553358820487869e-05
0.0001396794712485131
0.0001801866209991571
0.00018592868793920427
0.00019890373245148773
0.0002210560298962924
0.00023590348270355452
0.00023981549926232554
0.00023069121216350092
0.00020535975181299043
0.00018774459181523977
0.0001854660749499114
0.00017127470046157057
0.0
0.0
0.0
0.0
0.0
0.0
0.0
0.0
0.0
0.0
0.0
0.0
2.0750228774420753e-05
0.00011994366191950646
0.00015183859193465427
0.00017373856935329313
0.0001920226876970282
0.00015530251369830553
2.4055790824382155e-05
5.896165593789874e-06
0.0
0.0
0.0
0.0
0.0
0.0
0.0
0.0
0.0
0.0
0.0
0.0
0.0
0.0
0.0
0.0
0.0
0.0
0.0
0.0
0.0
0.0
0.0
0.0
0.0
0.0
0.0
0.0
0.0
0.0
0.0
0.0
0.0
0.0
0.0
0.0
0.0
0.0
0.0
0.0
0.0
0.0
0.0
0.0
0.0
0.0
0.0
0.0
0.0
0.0
0.0
0.0
0.0
0.0
0.0
0.0
0.0
0.0
0.0
0.0
0.0
0.0
0.0
0.0
0.0
0.0
0.0
8.321150978380072e-05
0.00011235944197186667
0.00013198206657421532
0.00014457778332235268
0.00015760476674281146
0.00013920313581736006
0.00010024652793012108
5.5595022594934244e-05
0.0
0.0
0.0
0.0
0.0
0.0
0.0
0.0
0.0
2.5606381632432104e-06
1.759492627846846e-05
0.0
0.0
8.427284159555757e-06
0.00013584102109906536
0.00018359548730204086
0.000191676217923311
0.00019475988922158108
0.00019644536624397548
0.0002006607323491195
0.00020976657186017576
0.00013884542897913774
5.6197768465319316e-05
0.0
0.0
0.0
0.0
0.0
0.0
0.0
0.0
0.0
0.0
0.0
0.0
1.8251773011408497e-05
0.00011712991253754475
0.0001371446315914271
0.0
0.0
0.0
0.0
8.89028971475174e-05
0.00019004266070368064
0.00020153290905003228
0.0001714724057288044
9.969208500356536e-05
0.0
0.0
0.0
0.0
0.0
0.0
0.0
0.0
0.0
0.0
0.0
5.189276023806947e-05
0.00015583858344323518
0.00018288201983677587
0.00020358762110954173
0.00022975669576821866
0.00024775817204145546
0.00026728653477314107
0.0002804042080682303
0.00029451437320306834
0.00031604521599263793
0.0003171704254801031
0.00029359817622893233
0.00026647986846117057
0.00022742073179155478
0.00021593879116793931
0.0
0.0
0.0
0.0
0.0
0.0
0.0
0.0
0.0
0.0
9.002259549306415e-05
0.00017497055641990794
0.0002093910912751238
0.0002199545073372148
0.00024745745594556096
0.00028652184101868354
0.00032131508082639345
0.0003520869632747129
0.00037586403971099844
0.0003675450633906553
0.0003268388525121193
0.00029303635744350334
0.00025424418220856
0.00022270461619463937
0.0
0.0
0.0
0.0
0.0
0.0
0.0
0.0
4.1944673360266915e-05
5.908973854985532e-05
0.00015758286195580257
0.00019285920758351988
0.00022543168514292485
0.0002590168995940011
0.00028470714010050654
0.0003205562944836977
0.000348877337649764
0.00037616670604241723
0.00039732662752312036
0.0003701880369688612
0.00032300839571458584
0.0002883360116926184
0.00025537847363540494
0.00023698362687495707
0.0
0.0
0.0
0.0
0.0
0.0
0.0
0.0
2.915697726003578e-06
0.0
0.00014321098062205278
0.0001841298883582197
0.00018397711937556238
0.0001848738353049438
0.0001869754900281827
0.00021157801512655344
0.00023855912199663757
0.0002765413256632809
0.00029590735308659944
0.0002938999531901684
0.0002673675992316922
0.0002270602536060572
0.00019593965270268114
0.00018653167036859452
0.0
0.0
0.0
0.0
0.0
0.0
0.0
0.0
2.5135371825505063e-06
0.0
4.6399338213261394e-05
0.0001297863473920216
0.00016712962112178727
0.0001849759826249456
0.00018778171932260933
0.00019019613514556616
0.00020593615309156207
0.0002047308771538005
0.00019799442933642966
0.00018036570506857176
0.0001101439374553062
3.791854391741024e-05
0.0
1.765359267696676e-05
0.0
0.0
0.0
0.0
0.0
0.0
0.0
0.0
0.0
0.0
0.0
4.000262634833055e-05
0.00010230155376870003
0.00014990560926104272
0.00018258037203452778
0.00018765421667057885
0.0001926706450173301
0.00021299202284474726
0.00022682473553005118
0.00022816736468705859
0.0
0.0
0.0
0.0
0.0
0.0
0.0
0.0
0.0
0.0
0.0
0.0
0.0
0.0
1.901085699265597e-05
0.00012750220825861694
0.0001336038066011684
0.0
0.0
0.0
0.0
1.016930841542179e-05
0.00014174203634046938
4.381437131712772e-05
0.0
0.0
0.0
0.0
0.0
0.0
0.0
0.0
0.0
0.0
0.0
0.0
0.0
0.0
0.0
0.0
5.0754783234566683e-05
0.00015171492529408094
0.00018868151823811692
0.00019357159274590647
0.00019683990459940502
0.00019668571054571633
0.00020720863970844457
0.00021443550840986994
0.00020497594413985257
0.00019392174950660587
0.00017617670064628142
0.00013773378891211027
0.0
0.0
0.0
0.0
0.0
0.0
0.0
0.0
0.0
0.0
2.6524719176983044e-05
0.00014511013529998505
0.00018642883187002768
0.0001978054199121582
0.00021413856962025662
0.00024394474914099875
0.00027344420720527395
0.0003009492181753917
0.0003308343676924861
0.0003290605373480586
0.0003018189482396035
0.0002686663710664684
0.0002266612493496636
0.0002019384784462236
0.0
0.0
0.0
0.0
0.0
0.0
0.0
0.0
0.0
0.00011362376318993237
0.00018996134731145793
0.00020549666327113135
0.00024070726038380558
0.0002827989239698068
0.0003139631926663348
0.0003546133909765311
0.00038640190037876116
0.00042345723698084453
0.00044727842955333855
0.00042285611945903353
0.0003614480364562027
0.00031427378155922517
0.00028180684920507654
0.00026674249689224457
0.0
0.0
0.0
0.0
0.0
0.0
0.0
0.0
0.0001783195550087091
0.00018655121112065988
0.00020107281564495186
0.0002547867143403983
0.0003165096530295997
0.00035599188461771843
0.00035020428289100273
0.0003603097775023315
0.00038320865677245983
0.00041368428621242344
0.00041935615914585753
0.0003846496913229021
0.0003359328587806078
0.0003055001502353044
0.00027746168113897346
0.00025172224714841085
0.0
0.0
0.0
0.0
0.0
0.0
0.0
0.0
0.00011755089542507678
0.00018326169084158795
0.00020174451173730096
0.00024660740134962
0.000298955468229162
0.00034549451062121974
0.000352692623405096
0.0003809017811132119
0.00041422216580795467
0.00043880593582981453
0.00045067829855311586
0.0004156617046107576
0.0003456947254432831
0.0002878447952052871
0.00023550140483684503
0.00020495779700645885
0.0
0.0
0.0
0.0
0.0
0.0
0.0
0.0
0.0
6.010946910276361e-06
0.0
0.0
0.0
1.7663011441625096e-05
9.331797534242935e-05
0.00012167305228706236
0.00014345830195905981
0.00013957613456671653
0.00013188888924895462
0.00010430472835332844
0.0
0.0
0.0
0.0
0.0
0.0
0.0
0.0
0.0
0.0
0.0
0.0
0.0
0.0
0.0
5.094462813063842e-05
8.654278149735836e-05
3.942299485449727e-05
0.0
0.0
0.0
8.643286006481612e-05
0.00016676669833942773
0.00019533427850059227
0.0001871681552795172
0.0001437673176403622
0.0
0.0
0.0
0.0
0.0
0.0
0.0
0.0
0.0
0.0
5.12574344400666e-06
0.0001221644877950316
0.0001711513037794662
0.0001904632693030156
0.0001989154284609819
0.00021681889431170642
0.00023338717030418015
0.000245205444079224
0.0002615860602471436
0.00029037090477980964
0.0003182934916978565
0.0003178193509059245
0.00029252671062465616
0.00026296273188621195
0.00023366283852669286
0.00020089865510698168
0.0
0.0
0.0
0.0
0.0
0.0
0.0
0.0
2.5298806833932906e-06
7.011135306408614e-05
0.00017309433980745582
0.00018503252792907541
0.00021494028117048923
0.00025283920035039956
0.00027131606231020026
0.0002972831220419547
0.0003228780316981378
0.00035555599973373457
0.00037843435102028817
0.00037512023032224093
0.0003387257030609257
0.0002998467619674987
0.0002550758405944607
0.00022484562240545624
0.0
0.0
0.0
0.0
0.0
0.0
0.0
0.0
9.76999055740138e-05
0.00016407753982067887
0.00018416664761869566
0.0002077180332891579
0.0002377928796920594
0.0002684112460070154
0.0002909066139240381
0.000331913548734579
0.00035796345243054094
0.0003739541006422573
0.0004198464857732097
0.00041037956054716895
0.0003435387937238837
0.00028698068237944916
0.00023170095975528642
0.00020226356769293617
0.0
0.0
0.0
0.0
0.0
0.0
0.0
0.0
0.00013568053220144337
0.00015078962213784758
0.0001832130428742978
0.00020129598186487236
0.0002529231560527523
0.00031982766530553344
0.000346918443812993
0.0003989968642738461
0.00043514230846169083
0.0004333234755401306
0.0004495255712182509
0.0004529495299678338
0.0003980618355685574
0.0003423895342097468
0.0002884349036416472
0.00025016583633791906
0.0
0.0
0.0
0.0
0.0
0.0
0.0
0.0
4.01691255588641e-05
9.051259385474426e-05
0.00018220064766656376
0.00021679746853812918
0.0002802243531926299
0.00034158474318733825
0.0003796658094983052
0.0004327218660362347
0.00047305994251227055
0.0005128183575771037
0.0005252201681942019
0.00047515527236494494
0.00040604566925828584
0.00035656405415026643
0.00030123223934324766
0.000253535584879372
0.0
0.0
0.0
0.0
0.0
0.0
0.0
0.0
0.00020780742911347269
0.000203618635156969
0.00022752953034242291
0.0002623864016687038
0.00029997341532822866
0.0003298293103873779
0.0003525751867958165
0.0003778819757640408
0.00038086893362543106
0.00037189105285703516
0.00036464563694016264
0.00035487015866845036
0.00021472432859885064
0.00020130464681868707
0.0
0.0
0.0
0.0
0.0
0.0
0.0
0.0
0.0
0.0
0.0
4.4497256393109805e-05
0.00015554831862833886
0.00015606521611959687
0.0001490106371792327
0.0001716357721178636
0.0001265673480454501
0.00013889038237644558
0.00017389281683579763
0.00020651053543560408
0.00022986775344296045
0.00020436180940552605
0.0002330730741651685
0.00021882119831843173
0.0001413328984662856
0.0
0.0
0.0
0.0
0.0
0.0
0.0
0.0
0.0
0.0
4.149296930830948e-05
0.00016537404548391826
0.00018818402330994898
0.0002178432162902312
0.00026934168644300593
0.0002950485238330076
0.00032097144428571935
0.0003442045096813925
0.00037207914893957247
0.0004000059463912307
0.0003936335341984933
0.000350425269856874
0.0003142585028491781
0.00026225352296701637
0.00025036718741164445
0.0
0.0
0.0
0.0
0.0
0.0
0.0
0.0
0.00017892067006971329
0.00019781782625022778
0.0002233262176670365
0.00024031699723250281
0.00025691334833986487
0.00028666868976402174
0.0003195085808357883
0.00038872819147347355
0.0004047501774507783
0.00040451162324658247
0.00043636899305575364
0.00042209157505325895
0.0003712664550707497
0.0003206264677940048
0.00027000757584315046
0.00023667908777135616
0.0
0.0
0.0
0.0
0.0
0.0
0.0
0.0
0.00021888667522185535
0.00021741364518193624
0.00022029718720023182
0.0002465872245983853
0.00028564122212063596
0.00033961047580863957
0.00034907462103020534
0.0004106244265583042
0.0004281440409080642
0.00034056869180895173
0.00025068795334646875
0.00020359338060903256
0.0002125185315029972
0.00021502206606882664
0.00021684190473499467
0.00019040539490437102
0.0
0.0
0.0
0.0
0.0
0.0
0.0
0.0
0.0
9.52541876635494e-05
0.0001513307023484306
0.00020524715214665
0.0002338347796508051
0.0002766039955210024
0.00031015557847570804
0.0003610537396057568
0.0004031221410328179
0.00043088659194681796
0.0004370810371847144
0.000410682458030925
0.0003405823138589091
0.0002687404510225461
0.00022987660021663419
0.00021461608597257408
0.0
0.0
0.0
0.0
0.0
0.0
0.0
0.0
0.0001478503876898731
0.00014413386504089833
0.00019200112205064798
0.000224343997996595
0.00021936211315195782
0.00023054779355709848
0.00025168120440867013
0.0002882452417502431
0.0003281990652773726
0.0003656281766386865
0.00037243966495075604
0.0003096964888872795
0.00026522222628826023
0.0002520175435809636
0.00023585268119769728
0.00022458492190446965
0.0
0.0
0.0
0.0
0.0
0.0
0.0
0.0
9.855584751834631e-05
0.00012972715490591375
0.00019856131539102158
0.00022138017150274462
0.00023305666753991862
0.00026581685447452097
0.00030290732097047307
0.0003143317572932741
0.0003065205000836406
0.0003362012884615223
0.00032912244259064946
0.0002822748828201521
0.0
0.0
0.0
0.0
0.0
0.0
0.0
0.0
0.0
0.0
0.0
0.0
0.0
9.773480835870443e-05
0.00016785586254339173
0.00020031386734721275
0.00021120124887150687
0.00021107207144934693
0.0001680673481099277
0.0002094686093670753
0.0001840898730312692
0.0002151796589997571
0.00022872782496416747
0.00020731778937758505
0.0002256553219189637
0.00022550667816875294
2.687771571695092e-05
0.0
0.0
0.0
0.0
0.0
0.0
0.0
0.0
0.0
0.0
0.0
0.00016086157078815339
0.00017156164915454488
0.00017301457638846328
0.00018993292880094777
0.0001882266688340173
0.00015756585181939722
0.00019966470044793192
0.00019259536446282116
0.00016687215681626403
0.00017633017182489417
0.0002172847835785068
0.00015977036469134388
2.607422126086075e-05
0.0
0.0
0.0
0.0
0.0
0.0
0.0
0.0
0.0
0.00020822981584320727
0.0002086353933480704
0.00023846763057185457
0.00028656955114048826
0.00034566033804116995
0.0003859878455106903
0.00037142624504812904
0.00038658815385134187
0.00044253339124858035
0.0004583720137843603
0.0004450404091654719
0.0004311178787268198
0.00038558939316719887
0.00034942207329316895
0.00030807408491914195
0.0002669836308455151
0.0
0.0
0.0
0.0
0.0
0.0
0.0
0.0
0.0002088381058061731
0.00020237952060393605
0.00021680306459178584
0.0002729919463290391
0.00032727550688833873
0.00035930541863450833
0.00037472825299148335
0.00042246476399842296
0.0004641198096513944
0.0005000938511228259
0.0005468974969267478
0.0005463687866728485
0.0004825533958049715
0.00038750631711392016
0.0002947126172795069
0.0002342415217720824
0.0
0.0
0.0
0.0
0.0
0.0
0.0
0.0
0.00011099043317304142
0.0001651660886091568
0.00020958929545812294
0.0002377438512572175
0.00027772167341020394
0.0003083805604474426
0.0003683429436807897
0.0004146353408990917
0.00044717080265039346
0.00046164987512976267
0.0005067578458076194
0.0005088363850077083
0.000453608412438796
0.00038134621311005745
0.00032468269235749015
0.0002945919027640597
0.0
0.0
0.0
0.0
0.0
0.0
0.0
0.0
0.00021572768070035614
0.00021507837389089538
0.00023767940409881135
0.0003004529987252672
0.00039880039815361304
0.00043708944404918126
0.0004465697330437421
0.0004633215145630883
0.0005144406445500887
0.0005597273499365835
0.0005904231456521798
0.0005706066575562538
0.0004930367458624876
0.00040324150725347743
0.00032357040674771767
0.0002904577763442124
0.0
0.0
0.0
0.0
0.0
0.0
0.0
0.0
0.00017340700421989853
0.00020681240519770946
0.00021412652120210874
0.000250197428914601
0.0002983298768962399
0.0003371043909756128
0.0003685883218632706
0.0003819350899362298
0.00038198395470334705
0.0003754382179629183
0.0003570455274764932
0.0003325596794727455
0.00015083514787998946
0.0
0.0
0.0
0.0
0.0
0.0
0.0
0.0
0.0
0.0
0.0
0.0
0.00016659164125906538
0.0001907365259039241
0.00016773069581335205
0.00022144844442412092
0.0002292994933264546
0.00021142419327912937
0.0002205554020058887
0.0002444389574164095
0.00020875968060724242
0.00025118912091351875
0.00022239001695699496
5.836329484099482e-05
0.0
0.0
0.0
0.0
0.0
0.0
0.0
0.0
0.0
0.0
0.0
0.00022356000675337207
0.00022001655381424556
0.00022980612293513957
0.0002756039262655967
0.00032754436722657275
0.00036251757802122553
0.0003684576973311342
0.0003981913025038278
0.0004261705679042261
0.00045415431799190203
0.00047494542599910773
0.000459786052186607
0.00039853490414529566
0.00033790403756154213
0.0002857563453205813
0.00025885200855377293
0.0
0.0
0.0
0.0
0.0
0.0
0.0
0.0
0.00021864125294789722
0.00021808522616489676
0.0002712585148396111
0.00031054378842524787
0.0003843223196027662
0.00041102720379142965
0.000394691808376774
0.0004165907461737842
0.0004353090830008945
0.00044635232121359306
0.0004466050359495087
0.0004206264783184004
0.00037877659565231897
0.0002912822936523774
0.0002381948970559986
0.00023378279441564213
0.0
0.0
0.0
0.0
0.0
0.0
0.0
0.0
0.0002279951817377516
0.0002263583520155811
0.0002287747303146827
0.0002316637035922222
0.00023426469238693943
0.00023701486773041532
0.0002487531091786603
0.0002831491010808939
0.000321837678208814
0.000322931814760384
0.0002931825419131503
0.0002528124004501743
0.0002372156819395727
0.00023356154209023023
0.00022706900906509824
0.00022841555871023602
0.0
0.0
0.0
0.0
0.0
0.0
0.0
0.0
0.00015289071089522144
0.00021144719339053112
0.00022864790863119807
0.00025757561805744486
0.00029155085830758707
0.0003309538503891893
0.00033878761934596764
0.00035452010378828335
0.0003636135611314965
0.0003691291949992019
0.0003820486949083979
0.00039612114789790165
0.00031562941196996557
0.0002955155706195066
0.00025155214455835497
0.00023290527453826242
0.0
0.0
0.0
0.0
0.0
0.0
0.0
0.0
5.8223643136565415e-05
0.00018333523861738358
0.0002211416105279986
0.0002535730167135319
0.00028487114656035697
0.00031607563543474836
0.00034340373219632277
0.00039331283936507
0.00042836185442107435
0.00046357531039833044
0.0004887643121155506
0.0004666330738053744
0.00038753622176670766
0.00035164655186058625
0.000298346224592072
0.0002820756060892828
0.0
0.0
0.0
0.0
0.0
0.0
0.0
0.0
0.0002218272585722791
0.00021567388632834472
0.000222591548767324
0.0002563175127600761
0.0003043144695267529
0.00034192344839588693
0.00037005152259122814
0.00038322565607951673
0.00038110989252104885
0.00038295603502522463
0.0003915542951290637
0.000395123942097186
0.00023628842275637152
0.00021920984784125735
0.0001603501231134959
5.0007775453157854e-05
0.0
0.0
0.0
0.0
0.0
0.0
0.0
0.0
5.6034809334757963e-05
0.00019723597247506072
0.00015019354174844205
0.00022723987733693293
0.00023723732941569468
0.00020072922810503927
0.00023941933270680535
0.00026026148586743333
0.0001915865751432753
0.0002723186693374857
0.0002514846298743763
0.00014435492302338263
0.0
0.0
0.0
0.0
0.0
0.0
0.0
0.0
0.0
0.0
0.0
0.0
0.00024138135473375494
0.0002362417648331904
0.00023704737092788077
0.00024882682532737866
0.0002664717419470927
0.0002788736571592337
0.00027672331935706845
0.00028692260277794643
0.0002959253118162753
0.0002973052173440725
0.00030564405952914544
0.00030382698772225375
0.00026919581258749774
0.00024493886303718864
0.0002408372553521175
0.00023611580649778662
0.0
0.0
0.0
0.0
0.0
0.0
0.0
0.0
0.00010435227182863823
0.0001540598860106539
0.00022531387183722756
0.00023996829319410774
0.0002698079036311722
0.00030736495774989216
0.00034648541311402465
0.00040347960080626226
0.0004426253049668397
0.00048192977653373675
0.0005123468435344363
0.0005055756854638666
0.00043822873504244117
0.0003733954760554033
0.000330828319946012
0.0003071159674223218
0.0
0.0
0.0
0.0
0.0
0.0
0.0
0.0
0.0002451963695929253
0.0002361768773974208
0.0002802054544009759
0.0003466704378168579
0.0004122939173449001
0.00044606516446343174
0.00045260203165145465
0.0004791855063769682
0.0004842066735002685
0.0005057901268436277
0.0005231981032868595
0.00045494617434837766
0.00034889378628512384
0.00030123073079217356
0.00026563765453275497
0.00025592489954831305
0.0
0.0
0.0
0.0
0.0
0.0
0.0
0.0
0.00019655652337753586
0.00022271926788959673
0.00023903153778598535
0.000282391186620401
0.00034992324245195676
0.00041990558192938726
0.00044164179938609724
0.000483216055946551
0.0005215143625928916
0.0005578162600534264
0.0005711670054167828
0.0005411356588855383
0.0004574196372220976
0.00039278258655175275
0.00032628800736726786
0.00028123829000902705
0.0
0.0
0.0
0.0
0.0
0.0
0.0
0.0
0.00023547713608755875
0.00023200450343360913
0.00026185027193516595
0.00031921751448024986
0.0003905471230196124
0.00045066662203933824
0.0004670670844353082
0.00050992252373949
0.0005550805110931512
0.0006026835152988713
0.0006228123351232666
0.0005933515525399717
0.0005100740130281628
0.00042179706163259894
0.000339974519704914
0.00029461793814921375
0.0
0.0
0.0
0.0
0.0
0.0
0.0
0.0
0.00023213141117654141
0.00022764871560882927
0.0002498272190232431
0.00029178999816543023
0.0003376545244472832
0.0003674519108434766
0.00037736557216845216
0.00037482008190953595
0.00035738456154482483
0.00034362259601624143
0.00033756935069716106
0.0003342521136174132
4.924398109003952e-05
0.00014628445796291891
0.0
0.0
0.0
0.0
0.0
0.0
0.0
0.0
0.0
0.0
0.0
0.0001732298145653702
0.00020597290007136446
0.0001912712179938604
0.00025794229971865565
0.00025751225507276
0.0002477280693639685
0.00025517278665123494
0.00025670028905888295
0.00020778678961409295
0.00024067938012907797
0.00024040880573281785
0.00022004181467134466
0.00022878249166326416
0.00022423391096449506
9.182597726197169e-05
5.112843006442028e-05
0.0
0.0
0.0
0.0
0.0
0.0
0.0
0.00018934354248313322
0.00019540419815352802
0.00023018308033511154
0.00028996568136587767
0.0003357780482844699
0.00037052138973548424
0.00038805798518571754
0.0004251330896667493
0.0004603290472427307
0.000503802804519337
0.0005453075156872081
0.0005539554135779072
0.000499083552219989
0.00041400794333762604
0.00032826945731264306
0.00028528729463439187
0.0
0.0
0.0
0.0
0.0
0.0
0.0
0.0
0.00020956521503291158
0.00022419094218945626
0.00029372547486949
0.00036930814155917605
0.00041827316293352137
0.0004495784847449391
0.0004577971234276775
0.0005014511916511383
0.0005648797343496411
0.0006304533928141949
0.0006797301891498451
0.0006860105001001543
0.0006074915975126266
0.0004927913234163006
0.00037432657097478467
0.0003145441848345429
0.0
5.260654994455775e-05
0.0
0.0
0.0
0.0
0.0
0.0
0.0002099824381119106
0.00023922013616209587
0.00034485159011117495
0.000448963013182956
0.0005030319866705723
0.0005471330294304761
0.0005866991002176458
0.0005723456778594264
0.0006345248441260341
0.0006998575337499722
0.000718518615770072
0.000584013841659716
0.00042294806309312407
0.000346087520537926
0.0002830275591964946
0.00025047321367533505
0.0
0.0
0.0
0.0
0.0
0.0
0.0
0.0
0.00022874520043822966
0.0002397620712245559
0.0003086546109290787
0.00039225050281384836
0.00045285551960434436
0.0004796599784415401
0.0004758522299464853
0.0005049165120581941
0.0005318782653148713
0.0005532544872699837
0.0005713470386798853
0.000553288666262892
0.0004888603003820895
0.0004263452987398329
0.0003456120601807553
0.0002841294177975703
0.0
0.0
0.0
0.0
0.0
0.0
0.0
0.0
0.000242074178207976
0.0002558042554521786
0.0003538672110387843
0.0004620806999752475
0.0005407492087704
0.0005824239320943021
0.0005648018480290239
0.0006199595815392943
0.000626633992399999
0.0006111053051102974
0.0006390561230880234
0.0005728896455266242
0.0004646792880601321
0.000422796494293543
0.000371872356024201
0.0003448596395456154
0.0
0.0
0.0
0.0
0.0
0.0
0.0
0.0
0.00023234371240162788
0.00023137780118012737
0.00022945069810599385
0.00024337264947691824
0.0002617153790993863
0.0002741684870529393
0.00028479741650698633
0.00029874525044325695
0.00030928372533113943
0.00032242007084424726
0.00034393812053974487
0.00036131916287229917
0.00022260423332047096
0.0002141899678658189
0.00016834986126964795
9.601280009331017e-05
0.0
0.0
0.0
0.0
0.0
0.0
0.0
0.0
2.583693558504802e-05
0.00018007094140953223
0.00014803627067943293
0.0001805053478261295
0.00018620645399337893
0.00018214773667792552
0.0001919278905139237
0.00021018081608890226
0.000181502749665185
0.00022686324378989924
0.0002214205434327382
0.00022312006300628733
0.0002332581029046533
0.00023443718438367949
0.0001891332443930919
0.0001312227732637278
4.797893212411135e-05
0.0
0.0
0.0
0.0
0.0
0.0
0.0
0.00015994330375567568
0.00018586222936194186
0.00020034713156747845
0.00023300322592618763
0.00026347168531345126
0.0002893184882265349
0.00029712447637494845
0.0003280888452234668
0.0003601689179945124
0.00040183671968917586
0.00044271540618735116
0.0004591900088077857
0.00042058969182997316
0.00036394434116526026
0.0003071945719575508
0.0002712810973758913
0.0
0.0
0.0
0.0
0.0
0.0
0.0
0.0
0.00018751161413862547
0.00019095217772473506
0.00022326891962793488
0.0002841637818281781
0.0003314766674021541
0.00035521078043786316
0.00036009368854532804
0.0004001720626799621
0.00044244532855529915
0.0004908279853296924
0.0005376758561652327
0.00055171220868969
0.0005038532992569847
0.00043278231588024627
0.0003430748973145393
0.000297029402952682
0.0
0.0
0.0
0.0
0.0
0.0
0.0
0.0
0.00020839521711977208
0.00020120326895002233
0.0002459927083964745
0.00032542150410060365
0.0003841387390122754
0.0004267856424777423
0.00043828746041624375
0.0004700685425658702
0.0005133794355094843
0.0005664357819296034
0.000621921923510292
0.000643012843787019
0.0005871110496319813
0.0004936621505844396
0.00038901684997849655
0.00033645267257095753
0.00014246645983550819
7.579514501621097e-05
0.00011293278019021144
0.0
5.520968657425821e-05
0.0
6.817706058705726e-05
0.0
0.0002977501957885465
0.0003222051518293916
0.0004249543967340611
0.0005039395779037266
0.0005450758828963039
0.0005699398069869136
0.0005687158061062883
0.0006118556461652006
0.0006536921150045512
0.0006919884280441235
0.0007067841029097892
0.00062483963767272
0.0005107733490551494
0.0004585439768399689
0.0003696973682319533
0.0003032303577919589
0.0
0.0
0.0
0.0
0.0
0.0
0.0
3.16751304314983e-05
0.00023432316519967825
0.0002498580293252136
0.0003364529560362795
0.0004368840031060548
0.00047777670243063115
0.0004956157746118323
0.0004896525376221265
0.0005246045230439966
0.000558528216300807
0.0005928884389205408
0.000584179281521699
0.0005976826825472923
0.0005583843485077969
0.0004710509041717534
0.00037806352840268997
0.00034284951498721595
0.0
6.077927366351184e-05
0.0
0.0
0.0
0.0
0.0
0.0
0.0002448079099096677
0.0002482139032758427
0.00029785886372342863
0.0003687793982973354
0.00041293685696872843
0.0004349245891107651
0.00045556196673049096
0.00047538934002036137
0.0004862491093014361
0.0005019448262967948
0.0004885676920823365
0.0004634553561071528
0.000268665148692164
0.0002600077378099778
0.0
5.356799218869782e-05
0.0
0.0
0.0
0.0
0.0
0.0
0.0
0.0
0.0
0.00022503979455633686
0.00023483726720422693
0.00021236981525025108
0.0002564161114567183
0.0002885317915127144
0.0002094709075965623
0.0003000200071328214
0.00028080219655953994
0.0002528966463975281
0.0002864283194752653
0.00030580815815350925
0.00021196507894121936
0.00029806495332644373
0.0002744467393739982
0.0002095713023793156
6.07446773138204e-05
3.7856785554116735e-05
0.0
0.0
4.952482965799262e-05
0.0
0.0
4.801967698225838e-05
0.00028351814200905747
0.0003055380218442723
0.00040417405748432
0.00049700082448528
0.0005449255768373033
0.0005835214287063
0.000589221584154892
0.0006317797575645511
0.0006774381511942288
0.0007295191633386874
0.0007591152506578937
0.000697403922141857
0.0005086142157304612
0.0004007736856126927
0.000377226155582801
0.00036798550395139356
0.0
0.0
0.0
0.0
0.0
0.0
0.0
0.0
0.0
0.0
0.00023214723345293966
0.00027562621536883714
0.00023866888191897417
0.0002789438600310231
0.0002950208708361537
0.0002218231478378096
0.00030675519088759206
0.0002913683559817202
0.0
0.0
0.0
0.0
0.0
0.0
0.0
0.0
0.0
0.0
0.0
0.0
0.0
0.0
0.00026135295340727057
0.00025643070486271234
0.00032848592719621135
0.0004002433574821422
0.00046272612415900117
0.0005122503004470419
0.0005070970123306446
0.0005446960374837348
0.0005796271125560509
0.0006129689052589541
0.0006525937299589928
0.0006106269686013944
0.0004844701492550752
0.00041819330051449895
0.00038604688962613347
0.00036237986025681177
0.0
0.0
0.0
0.0
0.0
0.0
0.0
0.0
0.0002617895433267583
0.0002666275063667351
0.0003863517035674177
0.0005102115499718288
0.0005686858985759678
0.0005774705890564397
0.0005700728754647499
0.0006182808497198305
0.0006617579354884202
0.0006816731913388467
0.0006869811069869866
0.0006456864898984717
0.0005578370890280078
0.00047718364488801495
0.0004077322394062916
0.000351215403266715
6.6800964623945e-05
0.0
5.909633572186445e-05
0.0
0.0
0.0
0.0
0.00012249543029276526
0.00025311691625938565
0.00027093210992849164
0.00034290109047125435
0.00044342279869630225
0.0005044167602414395
0.0005457407122782276
0.000548248865890042
0.0005830472653421066
0.0006274736763693409
0.0006636601876532906
0.0006825540092132191
0.0006200400046488123
0.0005883025063174697
0.0005345654299439454
0.0004394058175372245
0.0003832270193164551
0.0001799120662088281
0.00020758476121479936
2.8641937940476598e-05
0.0
5.390824726856482e-05
0.0
0.0
0.0
0.00030390734310143557
0.0003154588418175442
0.00035798433428058275
0.0004068714631178104
0.0004376710972169908
0.00046183424840757993
0.00048212771855773106
0.0004925377629902877
0.0004932568383967733
0.0004978604222193771
0.0004862473542500183
0.0004076092712655267
0.0
0.0
0.0
0.0
0.0
0.0
0.0
0.0
0.0
0.0
0.0
0.0
0.0
0.00010825836098627115
0.00018396294588784388
0.00023041714332030627
0.00023584788589901937
0.00023595087917675984
0.00025626852750213695
0.0002639382140603122
0.00026396589640701335
0.00029768949105795994
0.0003079050941346653
0.0002995264166372049
0.00030844049567538094
0.0003099213802515308
0.00024125085225582067
0.000143370491100546
0.0
0.0
0.0
0.0
0.0
0.0
0.0
0.0
0.00025530610591791914
0.00027330610044223056
0.00035423592919233695
0.0004360422186444467
0.00047856797929871715
0.0005114336201498975
0.0005203003139654304
0.0005534600232878429
0.0005845745277869347
0.0006196601062882016
0.0006196956295829832
0.0005862297108267638
0.0005196928840261903
0.0004554067982056626
0.0004138269546431258
0.00038537005793159654
5.47923448822881e-05
0.0
5.6961664519730406e-05
0.0
0.0
0.0
0.0
0.0
0.0002668611278908492
0.0002719779622638573
0.0003847634836020226
0.0004901566667173914
0.0005521301977262876
0.0006010954810524025
0.0005890781399426809
0.0005930366636193505
0.000617643031804319
0.0006429240077761965
0.0006190501531092179
0.0005720077647340909
0.0005167122047451319
0.00045646100504338993
0.00039117380354469495
0.0003645272513196062
0.0
0.0
6.235137927834807e-05
0.0
0.0
0.0
0.0
0.0001217192999358748
0.00026430208786316656
0.00028500367458441685
0.0003672132660950036
0.00046272356371109734
0.0005202919426005624
0.0005553095963213147
0.0005617723333573943
0.0006002955150717167
0.0006341781192668719
0.0006640338261318274
0.000703480627083035
0.0006935082578969366
0.0005628138345258344
0.00045705203909040843
0.000394686424649712
0.0003656674327006622
0.0
0.0
2.969582675673213e-05
2.5055683902151595e-05
0.0
0.0
0.0
6.294221725724549e-05
0.00023508459581119274
0.00024576810022692436
0.00030475507164003356
0.00040375136751890516
0.0004918762578667898
0.0005492127588034765
0.0005667057344205182
0.0006228854304436658
0.0006817519768800567
0.0007269193923036929
0.0007124052113092819
0.0006382710054577705
0.0005145378988873905
0.0004295987078261269
0.00037246012586171116
0.0003176742871393137
0.0
0.0
0.0
0.0
0.0
0.0
0.0
0.0
0.00030298395520679696
0.000321461469209885
0.0004209849085461402
0.0005169811369164395
0.0005768739143364052
0.0005821594677626443
0.0005576169689942972
0.0005968730447647704
0.0006596819301667386
0.0007187585842641645
0.0007613142624649268
0.0007317901897682912
0.0005971369332523282
0.000463966569692384
0.00045136009851313004
0.00044513469249471627
0.0
0.0
0.0
0.0
0.0
0.0
0.0
0.0
0.0004080436317399456
0.0003964878170933206
0.00042858872528542724
0.0004954243945089988
0.0005111652816631374
0.00047863918291136156
0.0004728467851523596
0.00046650730669525075
0.0004438514489176007
0.00043080867976326334
0.00040552630286966513
0.00037436995901337326
0.0
0.0
0.0
0.0
0.0
0.0
0.0
0.0
0.0
0.0
0.0
0.0
0.0
0.00020289342222297942
0.0002669919268219751
0.0002403487016369781
0.0002980812810903938
0.000275722640676033
0.00025922594294614795
0.0002777566071109901
0.0003002314387573243
0.00025049696847717824
0.0003052763001884223
0.00030098055993545077
0.0002768883405252863
0.00026460578362571765
0.00011726529335567181
6.0025209765419744e-05
0.0
0.0
0.0
0.0
0.0
0.0
0.0
0.0
0.0002553025262998471
0.0003231969611583961
0.00042166447234076376
0.00048761137355218245
0.0005564364399020986
0.0005857963547220414
0.000573138490423415
0.0005919938933575145
0.0006269135769162707
0.0006852448687961519
0.0007421871873347905
0.0007245993523722127
0.0006001018848672879
0.0005015703215336653
0.0004565656531224412
0.00042069202034146545
7.53393031969572e-05
0.00014455062329930932
5.1088873186323536e-05
0.0
4.651572650147898e-05
0.0
0.0
0.0
0.00026224601368147197
0.000273253703271524
0.00039852029848243254
0.0005416859360972968
0.0006210150744900743
0.0006413759062374483
0.0006369761137217928
0.0006897755022917756
0.0007321848405749938
0.0007770967343953586
0.0007745663557237721
0.0007634392541967363
0.0006941089412603979
0.0006265552826174015
0.0005046959739987992
0.0004011818542676251
0.0
5.8711080228200325e-05
2.9872742477141832e-05
2.5820139171247182e-05
0.0
0.0
7.15732700341662e-05
5.3689175669736835e-05
0.0002603107519485567
0.00026767320265800465
0.00036189787885208336
0.0004789458958532475
0.0005425252880170926
0.0005893843995490299
0.0006146945196220884
0.0006708137045866641
0.0007276324530343029
0.0007854269448382017
0.0007506451178069816
0.0005538617091774203
0.00044745577723624095
0.0003999223591996198
0.0003393847218489358
0.00030680860110430543
0.0
0.0
0.0
0.0
0.0
0.0
0.0
0.0
0.00025211235253315396
0.000249133553290691
0.00036998361131196963
0.0005135933310509877
0.0005813538649686604
0.0006208980697494574
0.0006238485770010978
0.000659157836806586
0.0007067393189610938
0.0007655300880214845
0.0007938890282559645
0.0007912217578616772
0.0006549538283868315
0.00046756047768175835
0.00036433048435532294
0.00034271356796955796
0.0
0.0
0.0
0.0
0.0
0.0
0.0
0.0001309538654944111
0.00027569383143485264
0.0002754711158940001
0.0003842833636696731
0.0005176309490844468
0.0005969366745877081
0.0006723878154086832
0.0006961536250345582
0.0006829409305725774
0.0006829144302883106
0.0007367044353229767
0.0006886092098022339
0.0006295398314029242
0.0005116960391706105
0.00043346561483531467
0.00040546553862394946
0.00039297558474367557
0.0
0.0
0.0
0.0
0.0
0.0
0.0
0.0
0.000316734281576498
0.00030988631277277176
0.00039973217373056187
0.0004636640213242492
0.00042133251446663976
0.00041505545394508357
0.00042317467242784394
0.00043286867966673434
0.00043305504737482553
0.0004048060422490115
0.0003821643423048116
0.00038273142746501014
0.0
0.0
0.0
0.0
0.0
0.0
0.0
0.0
0.0
0.0
0.0
0.0
0.0
0.00015474342704330617
0.00022494485140258115
0.0002712635104949396
0.0002893657244456917
0.0002722581468318964
0.0002601033011705463
0.00027014873122529397
0.00022191472572309536
0.0002872894303572153
0.00028565388997069997
0.0002698709281088849
0.0002734785456538201
0.00026939451771961306
2.5751055889279862e-05
0.0
0.0
0.0
0.0
0.0
0.0
0.0
0.0
0.0
0.0002844617227775993
0.0002901809931635229
0.0003050323235754733
0.00034630433304528484
0.0004225117295646805
0.0005018614193563805
0.000515265270762584
0.0005211746349962521
0.0005485727056372407
0.0005655760085952424
0.0005829515668471019
0.0005766654706644718
0.0004864297002903932
0.00042366726112393977
0.00042335588052311985
0.00038704387753721255
0.0
0.0
0.0
0.0
0.0
0.0
0.0
0.0
0.00029712517146081443
0.00031080639507786187
0.0004080594409344823
0.0005116844362552804
0.0005988784680191442
0.0006393776419443523
0.000646933255975304
0.0006704498688646926
0.0007295989642162658
0.0007972824776685406
0.0008098926388457908
0.0007427549054569142
0.0006111691152350255
0.0005463041524005694
0.00044742139537852596
0.0004350987276212696
0.0
0.0
0.0
0.0
0.0
0.0
0.0
0.0
0.00033519036682949193
0.00034422624155565606
0.0004684393356546549
0.0006400839438327235
0.0007695734744265649
0.0007429066672232413
0.0006741620694311171
0.0006743105597328455
0.0006913770720550491
0.0006975945077850257
0.0006939604548798171
0.0006422099691764594
0.0005321349832149042
0.00046876395208389374
0.0004116308172220397
0.00038924916776190803
0.0
0.0
5.625539584491389e-05
0.0
0.0
0.0
0.0
0.0
0.00026695245488054343
0.00028684926989028237
0.00039071522123787825
0.0004985753572643376
0.0005943731665698379
0.0006262252251067378
0.0006074693833074221
0.0006235938280755296
0.0006775483838842288
0.0007366401870428449
0.0007098297411445823
0.0005816505539465066
0.0004486022090193889
0.0004309196126049488
0.0003893902549371378
0.00038963886061153916
0.0
0.0
0.0
0.0
0.0
0.0
0.0
0.0
0.0003293972336415796
0.000304424736195319
0.00038217344860666676
0.000500836437386332
0.0005717750142022601
0.0006236988159780279
0.0006436451551256397
0.0006538824128921354
0.0006816583358332652
0.0007188253444842948
0.0007157407469259179
0.0006639528078246275
0.0005500705188665641
0.00047740292735921983
0.0004114544721168355
0.00038983606524153886
6.114288528010026e-05
0.00012269112851066985
5.158040407862043e-05
0.0
0.0
0.0
0.0
0.0
0.00027021810657735205
0.00027249916286459854
0.0003176878340691146
0.0003841520971620905
0.00043564005092800676
0.0004738108471504963
0.000493538713676113
0.0005124588675343166
0.0004928223935821798
0.0004883524597792787
0.0005055243795678482
0.0005013279115255163
0.000286529162816215
0.0002618307031428068
0.00020589301995728709
0.00013236408147252544
7.396011297635946e-05
5.960727421680119e-05
0.0
0.0
0.0
0.0
0.0
0.0
7.470053132111837e-05
0.00019999460338057892
0.0002544228453264414
0.000257582088074171
0.0002756860242995985
0.00027555563898177637
0.0003173681209975217
0.00027037284431234807
0.00031802670946544007
0.0002823152262124523
0.0002745832364909363
0.00027563473162751803
0.0003136337112782419
0.00025864145110160517
0.00028445350120570535
0.0002723477811034041
0.00021028925583191157
0.00015341322700595852
4.1889177092387336e-05
0.0
0.0
2.6932486007475793e-05
2.6255974388648128e-05
0.0
0.0002441053987319579
0.0002562333293866978
0.00029752414597115776
0.0003738543351892252
0.0004412078527352579
0.0004982398987255213
0.000528020197748271
0.0005619941810582932
0.0005498269135323434
0.0006372557654892935
0.0006982943676946846
0.0006968399092013414
0.0006760637385312281
0.0005566548154269316
0.00040085476098328867
0.00032454859838088615
8.228996075057676e-05
7.650819992795026e-05
6.073429180097907e-05
3.431947471046322e-05
2.903940370874302e-05
0.0
5.004769854317936e-05
0.0
0.00031743668068831993
0.0003939252371633661
0.0005161590718349309
0.0006305326843974025
0.000718006228124262
0.000786126384510887
0.0008006929827155585
0.0008153955736695687
0.0008153907498252485
0.0008016759882683673
0.0007973411358463697
0.0008156434900761586
0.0007758516102910714
0.0006863132738353701
0.0005938605155134953
0.000551404064492684
0.0
9.798149040088645e-05
0.0
0.0
0.0
0.0
0.0
0.00021253468583776547
0.0004571762751112546
0.0004588310901442879
0.0005241233749371821
0.0006296344256630991
0.0007474553614314294
0.0007620649282915897
0.0007758344318014682
0.0007511204205859519
0.00075512419005798
0.000780468493303595
0.0008044823654232614
0.0008083197757679473
0.0007030640306859976
0.0005973453685328374
0.0005592816890333896
0.0005123158516374327
0.0
0.0
0.0
0.0
0.0
0.0
0.0
0.00016269698778992057
0.0003225006942330777
0.00036406274466172645
0.00048115305857427673
0.0006105846599627812
0.0007036129500839992
0.0006788562553041973
0.0006257034908228537
0.0006561054937286923
0.0007309983542752863
0.0007994990426590313
0.0008079292390623571
0.0007949716338668667
0.0006675782086763805
0.0005537537730577714
0.00047775265142612264
0.0004707534502946491
0.0
9.137542399374768e-05
0.0
0.0
0.0
0.0
0.0
0.0
0.0005133215312009587
0.000542538680134911
0.0007053136091402704
0.0007723532744362797
0.0007864725934790637
0.0007886428643042973
0.0008180851563603093
0.0008228534041162857
0.000819767718970612
0.0008105810393106199
0.0008014827430718182
0.0007463653570540088
0.0006136809997287611
0.000541559307149668
0.00048027382067139903
0.0004482793339263922
0.0
3.529620076923937e-05
2.9232240428445972e-05
0.0
0.0
0.0
0.0
0.0
0.00037767538242838795
0.00040028621900817186
0.0004444797084693402
0.0004978845979441336
0.0005151814032615326
0.0005392253910667574
0.0005482582984344523
0.0005448237776950678
0.0005121319985780397
0.0004981681977985457
0.000500790509464749
0.0004935402346992672
0.00030089466713888023
0.00028431645896530826
0.00022678808917958555
0.0001584638659931547
8.090548467056849e-05
0.0
0.0
0.0
0.0
0.0
0.0
0.0
0.0
0.00020018485056986295
0.00025538292966963144
0.0002086562740042504
0.0003100971417073476
0.0002852955558768304
0.00025925508615661733
0.00029635444102277464
0.0003234791819142236
0.0002269194571800922
0.0003126157730728391
0.00027703438202943516
0.00022312331025626055
0.0002575709925105544
0.0002447490476089786
0.00013829689683507982
4.389551245401599e-05
5.9921385559416185e-05
0.0
0.0
0.0
0.0
0.0
0.0
0.0002612229907274051
0.00029560374742018956
0.00036743391345940183
0.00047438319185367085
0.0005579391896131817
0.0006236289047309605
0.000636326836867369
0.0006377889595422911
0.0006154763615158678
0.0005971482855685276
0.0006624017011913653
0.0006584570905018546
0.0005592302518169545
0.000479840730959801
0.000422386003577879
0.0003900080050536758
0.0
0.0
0.0
0.0
0.0
0.0
0.0
0.0
0.0002816529287201156
0.0002762918709690277
0.0003181766134795128
0.00040875040221691634
0.0005028090301737761
0.0005723936547588304
0.0005918435146207333
0.0006154358424689849
0.0006545132130927812
0.0006964766813843449
0.0007207047019678515
0.0006740876151914206
0.0005602631708083435
0.0004522939119601826
0.00036625122423547595
0.0003179693288209591
0.0
0.0
0.0
0.0
0.0
0.0
0.0
0.0
0.0002512328941905761
0.00025277758770263296
0.0003155750805974406
0.00040615110165776944
0.00048694528020302427
0.0005549712282128023
0.0005403230638480563
0.0005221062466124449
0.00048194115810460173
0.0004392715614962526
0.00043172594762394924
0.0003701944668787725
0.0003193762909982049
0.0002745105759372248
0.0002526696873535939
0.0002466706320162923
0.0
0.0
0.0
0.0
0.0
0.0
0.0
0.0
0.0002457679738032057
0.00025667350734517234
0.00031067952217060706
0.00040590682631847484
0.0004925916766524178
0.0005738678667747796
0.0005749994675638475
0.0006096246969388456
0.0006552615311346967
0.0006950211037581801
0.0007328932260426842
0.000703819548067924
0.0005728385639860686
0.0004669585559475116
0.0004061113041984788
0.0003733010575205895
0.0
0.0
0.0
0.0
0.0
0.0
0.0
0.0
0.0002557904613492332
0.000242140440972441
0.0002733075128849081
0.0003420618665880947
0.00043161151950548197
0.0004917207224935052
0.0005116744896662519
0.0005592248816040324
0.0006108894585429462
0.0006559823336532932
0.0006748058362311347
0.0006171252603403262
0.0005034748375261853
0.0004203630250181259
0.0003614899111489065
0.0003239106444088341
0.0
0.0
0.0
0.0
0.0
0.0
0.0
0.0
0.00023921530928996872
0.00023153752159292575
0.00025059227551851686
0.0002941004393531939
0.00034938300141910115
0.00038976025802036203
0.00041392073830190905
0.0004328993584544402
0.0004306636024975362
0.0004273004048288352
0.00041960854861664937
0.0004097197342270795
0.00012702029130349276
0.0
0.0
0.0
0.0
0.0
0.0
0.0
0.0
0.0
0.0
0.0
0.0
0.00012599640279919059
0.00020214595648020606
0.00019686497803655955
0.0002034222370857066
0.00023894310045625858
0.00026514187704015414
0.00022663741445440154
0.00028111427218806674
0.00027288452799791697
0.00025678647348883706
0.00027722338473280985
0.0002846800976416385
0.000225765470239569
0.00012881066602405216
0.0
0.0
0.0
0.0
0.0
0.0
0.0
0.0
0.0
0.000239291148070154
0.0002379818235251011
0.00026467208072002244
0.00032748425506496964
0.0004082221920239155
0.00046164829579238337
0.0004794263948847429
0.0005312340410120027
0.0005876086067770903
0.0006347368855706901
0.0006603071155660112
0.000633171399654637
0.0005190491819891835
0.00043605571751454813
0.00037213900828119513
0.0003299227579545003
0.0
0.0
0.0
0.0
0.0
0.0
0.0
0.0
0.000246909928703333
0.00023780527328743918
0.000251963858587903
0.0003068524843898992
0.0004078470093780662
0.0004859096264452396
0.0005126496230063644
0.0005598742496595648
0.0006100508694755904
0.0006546329672568441
0.0006779048902373395
0.0006443702538158308
0.0005442186418784295
0.0004646172663619344
0.0004090252468762524
0.000373312429207191
0.0
6.474354955021316e-05
0.0
5.696469009197741e-05
0.0
0.0
0.0
0.00011630104955577719
0.00024253475140117745
0.0002667852260887741
0.00034237960712915806
0.0004438679380414979
0.0005150342629834975
0.0005753816727757678
0.0006036216108184002
0.0006474415961040457
0.00069173150157669
0.0007081995949439512
0.0006839389171482353
0.0006042902916823784
0.0004911919819241015
0.0004028714863416804
0.00032761114959415825
0.00028679457769871796
0.0
0.0
0.0
0.0
0.0
0.0
0.0
0.0
0.0002600706588734058
0.0002702375437715274
0.0003293417327487821
0.0004172041988825969
0.0005174692841221862
0.0005891833630531884
0.0005864801786074387
0.0006076755097287657
0.0006357388466900495
0.0006779352861032489
0.0007199319436484378
0.0006982498808522705
0.0005828111141667875
0.0004883166114623042
0.00042218778952877225
0.0004211101079013461
0.0
0.0
0.0
0.0
0.0
0.0
0.0
0.0
0.00037657804335071047
0.00035500896581929246
0.00040568492386788916
0.000485343310504402
0.0005762242076707644
0.0006125246649197853
0.0006032419081358941
0.0006253999230587111
0.0006629334584954328
0.000700387594749334
0.0007257204149838411
0.0006860943661627159
0.0005826593848957066
0.0005523637209484356
0.0005177999495800106
0.0004780817564079448
0.0
0.0
0.0
0.0
0.0
0.0
0.0
0.0
0.00034952745822716853
0.0003444618014097569
0.00039272132133486633
0.0004520315158247847
0.0005196379891075715
0.0005453193223450023
0.0005311385911245715
0.0005191968692695596
0.00048272233063404715
0.00045558769950837915
0.0004559442348161412
0.00045162602391717456
0.0002807217910459819
0.00026380685468514525
0.0
0.0
0.0
0.0
0.0
0.0
0.0
0.0
0.0
0.0
0.0
0.0
0.00018429853475809314
0.000287526384736987
0.00031354893222508085
0.0002781519701273647
0.00028944964206653313
0.0003099267802581405
0.0002642593443537092
0.0003113982220936553
0.00029133514502421593
0.00026375873554821425
0.0002773885267318663
0.00028818461626452864
0.00014782836580876088
0.0
0.0
0.0
0.0
0.0
0.0
0.0
0.0
0.0
0.0003165981610581049
0.0003382922641265043
0.0003904054905422404
0.0004661727763092398
0.0005620046661277885
0.0005898081907291764
0.0005686018771686401
0.0005769543818995797
0.0006036232581331399
0.0006427975019385872
0.0006643703091690003
0.0006339817201755483
0.0005417185687557514
0.0004584052139159937
0.00041480151495679646
0.00037152478615135016
0.0
0.0
0.0
0.0
0.0
0.0
0.0
0.0
0.00026214131259882196
0.000246139993191344
0.0002673994165748027
0.0003105254497448463
0.00036608922153412335
0.0004174395911335705
0.0004119807523970515
0.00041289141064209696
0.0004028019516218586
0.0003936098508741683
0.00037850224032679505
0.0003305204685551427
0.0002731447111267057
0.00024093957143391537
0.00023707376890152115
0.00023394532136324165
0.0
0.0
0.0
0.0
0.0
0.0
0.0
0.0
0.00023274693672689875
0.00023517401380888898
0.00024257560937252764
0.0002714279005257232
0.0003139484209421798
0.0003588809535335434
0.00038978725038001707
0.00043945016777350893
0.00048210659568565656
0.0005136772578857653
0.0005185010927760239
0.00046132994592001914
0.0003786295663015155
0.00037541805277301515
0.00038429783429147827
0.0003594199448208719
0.0
0.0
0.0
0.0
0.0
0.0
0.0
0.0
0.00014653484604634098
0.00020947449867316948
0.0002381244807978562
0.00027053030789460093
0.0002997001538165753
0.00032464307203812915
0.0003559012734574384
0.00041715456863362287
0.000458619822227117
0.00048072521418211214
0.0005028982949732568
0.00047864108859071503
0.00041215014163594485
0.0003587893079218664
0.0003232085562251499
0.00029504455990970405
0.0
0.0
0.0
0.0
0.0
0.0
0.0
0.0
0.00021320492274085862
0.00022868224479047702
0.00023448199463373085
0.00025058844009424994
0.00030479224429486913
0.00038541090932421877
0.0004243588853063685
0.0004700543348312358
0.0004962354900559005
0.0005241549462119499
0.000537328839002505
0.0005048351564497982
0.0004373240011447876
0.0003802751894270556
0.00032521094663605317
0.00029941141916801483
0.0
0.0
0.0
0.0
0.0
0.0
0.0
0.0
0.00023360287094228332
0.00023003487353565402
0.0002327084695413387
0.00024849709692917197
0.00029818740681719294
0.0003620446385301593
0.0003997173949694822
0.0004290060825492664
0.0004352044430796343
0.00043699546696976204
0.00043571388447873126
0.00041184274615952245
0.0002422407236020329
0.00022424607278281864
4.239399872668943e-05
0.0
0.0
0.0
0.0
0.0
0.0
0.0
0.0
0.0
0.0
0.00011760976721659987
0.00018946664609450042
0.00019877245142042472
0.0001801418765528519
0.00023410857723780873
0.00025801737596615554
0.00019702570260032406
0.00027074190646087393
0.0002595022942949654
0.00021300232578324636
0.00026683552082234016
0.0002772925559709096
0.00019282044966073978
5.407725489999978e-05
0.0
0.0
0.0
0.0
0.0
0.0
0.0
0.0
0.0
0.00023820055689682658
0.0002273404006027219
0.00022650815822972115
0.0002593635795119233
0.00032632623645677353
0.00040323458620186134
0.0004274167089786374
0.00047357898979731984
0.0005130706328986296
0.0005450154760299804
0.0005470258905791323
0.000499831542375899
0.00041259198149635345
0.00033831966869550827
0.0002875599067707551
0.00026295659447765976
0.0
0.0
0.0
0.0
0.0
0.0
0.0
0.0
0.00022661048903479213
0.0002176257537997653
0.00021869201092336742
0.00025133091803037694
0.0003221485951338623
0.0004200407489541951
0.00045252073839881495
0.00049462141394769
0.000525030770158098
0.0005520903783591207
0.0005622115713364475
0.0005265567196897539
0.00043916997925633764
0.0003964686898754856
0.0003521404437177559
0.0003396611498328139
0.0
0.0
0.0
0.0
0.0
0.0
0.0
0.0
0.00024756754409870996
0.00024333745096571455
0.00029647399869903857
0.0003947362644909103
0.0004792629958820891
0.0005386243324336242
0.0005638053698402035
0.0006109614077911553
0.0006623168365625946
0.0006851571806761499
0.0006229591850885138
0.0004986681296162633
0.0003596755469998544
0.0003266975616752065
0.00028583700285117583
0.00026993240975632616
0.0
0.0
0.0
0.0
0.0
0.0
0.0
0.0
0.0002926561861984298
0.00027965026629804443
0.00029376716227094013
0.00033949182132547555
0.0004026026231337253
0.0004619109117323816
0.0004556319634809849
0.00043751671679855887
0.0004052815165961032
0.0003802001283146407
0.00037869071498055707
0.0003513622640742088
0.00030777802445177105
0.0002809568593553642
0.000254917301205106
0.0002451221477545061
0.0
0.0
0.0
0.0
0.0
0.0
0.0
0.0
0.0002440033331494008
0.0002338330088513097
0.0002584479300124131
0.0003271940161189357
0.00040347424568427443
0.00045677026775992134
0.0004658303308418908
0.0005038066773062796
0.000546811628446481
0.0005884857331936615
0.0006097261337366864
0.0005546647426398175
0.00045127399069457165
0.0003682117502108201
0.00031103718846626404
0.00028786715421367273
0.0
0.0
0.0
0.0
0.0
0.0
0.0
0.0
0.00023855706228526372
0.00022951561252205636
0.00024203465970258728
0.00027850845142503544
0.00032677619258223724
0.00037391507899504293
0.00040691532832375527
0.0004346445948636765
0.00042294572860908803
0.00042402949831251845
0.0004430662586275459
0.000434286488737526
0.0002604353548823161
0.00022701866499101644
0.0
0.0
0.0
0.0
0.0
0.0
0.0
0.0
0.0
0.0
0.0
0.00011752232010545156
0.0002230477843780475
0.00023530522610039478
0.00023524125293852513
0.0002633878993805908
0.00029097040941771266
0.0002558591113476586
0.0003087351782427293
0.00028570061434966685
0.00021169864805097285
0.0001455337041357209
5.977070011118461e-05
0.0
0.0
0.0
0.0
0.0
0.0
0.0
0.0
0.0
0.0
0.0
0.0
0.0
0.0
0.0
0.0
0.00016700211976452978
0.0002329395080847871
0.0002710122864900832
0.00023747996521654587
0.0001946284761063411
0.00026970459208431593
0.0002902267980886582
0.00025331623562896774
0.00015529395005400167
0.0
0.0
0.0
0.0
0.0
0.0
0.0
0.0
0.0
0.0
0.00025074574105942506
0.00024301241622676326
0.00024706983514820183
0.0002722205374744387
0.0003094376493236398
0.00040272594810984556
0.0004994064874692548
0.0006452231190310182
0.0007418839188704176
0.0007501207210018312
0.0006959386318598552
0.0004562597065839794
0.00026608375523510164
0.0002443590832522914
0.0002425225360624853
0.0002429477781027807
0.0
0.0
0.0
0.0
0.0
0.0
0.0
0.0
0.00023978733495899824
0.0002449988387402366
0.0002589292136474799
0.0002948123340900211
0.00039041843705059636
0.0004575393549621755
0.00047024795814726723
0.0005045780261310266
0.0005038487753078684
0.0005128747013518116
0.000530862561332663
0.0005040360862926202
0.00039875981204965267
0.0003165770479254604
0.00026863716927971585
0.00024853754641346006
0.0
0.0
0.0
0.0
0.0
0.0
0.0
0.0
0.00024313847231843827
0.0002450803582696097
0.0002760610498143294
0.0003338220131059634
0.0003610115079013871
0.0003620637113934839
0.00035807514816370745
0.0003591496233413232
0.00036116362538094203
0.00033980330190679585
0.00031857810436828406
0.0002939894607327826
0.00025004794009809723
0.0002393375452298031
0.00023865913577792567
0.00023712327019303795
0.0
0.0
0.0
0.0
0.0
0.0
0.0
0.0
0.00018418195388539044
0.00016555347945865266
0.00018773587799654322
0.0002120363127699926
0.00022164319602821904
0.00022349134698470847
0.00022660066402267024
0.00023798856096623374
0.00027440801345384846
0.0002998814999610019
0.00028551841620587213
0.00025688819872934416
0.0002347961423178996
0.00022806756163442076
0.00022634804006386357
0.0002254966705216706
0.0
0.0
0.0
0.0
0.0
0.0
0.0
0.0
2.5271867897839196e-06
6.432985858359405e-05
0.00016521629199311362
0.00020925564427795934
0.00022570869296810637
0.00023201047790524066
0.000252867541130037
0.0002866313700300056
0.0003153743348108351
0.000332052838995728
0.0003460901850154574
0.00034011036913504514
0.00021124242325689548
7.206472103585936e-05
0.0
0.0
0.0
0.0
0.0
0.0
0.0
0.0
0.0
0.0
0.0
0.0
0.0
6.490302351076195e-05
0.00020095669171858865
0.00014988257447285725
0.000231149831301694
0.00025649733661424435
0.0002617115402677358
0.00023625192403897355
0.0002566883653064444
0.0002236307084907352
0.0
0.0
0.0
0.0
0.0
0.0
0.0
0.0
0.0
0.0
0.0
0.0
0.0002111942917013473
0.00021459556519330295
0.0002229178761608762
0.0002476890748009211
0.00029237815870158425
0.00036023194886745794
0.000389850480885696
0.000428081453745358
0.000450028779357912
0.0004768716474269835
0.000489033563372392
0.00042576118408905057
0.00031706601653316786
0.0002864306526346484
0.000276457956760603
0.00027407890196698626
0.0
0.0
0.0
0.0
0.0
0.0
0.0
0.0
0.0002359494392771656
0.0002281700312244479
0.00023528033137988426
0.00028877758936690965
0.0003749806536241732
0.0004477927439107986
0.0004659577123894347
0.0005037137724781691
0.0005321579957737035
0.0005465298480688781
0.000513064854937797
0.0004581802992735417
0.0003997474497379177
0.00032871821984576765
0.000293108861994417
0.000271130582995533
0.0
0.0
0.0
0.0
0.0
0.0
0.0
0.0
0.00017149149365345334
0.000193585221311177
0.00022237545223145763
0.0002745107998225683
0.0003536102587763293
0.0004280179329272532
0.0004471645294468871
0.0004739743952985485
0.0004911188159011632
0.0005367081241895662
0.0005504845898566159
0.0005191258256256312
0.00043790936936610237
0.00036555067069741115
0.00031108037318671404
0.00027605935976236356
0.0
0.0
0.0
0.0
0.0
0.0
0.0
0.0
0.00021096872116064524
0.00019812069890255866
0.00021832206189350062
0.0002602391476626703
0.0003305546914314824
0.00041896397010850596
0.0004572793219078531
0.0005028135971582007
0.0005329533146126669
0.0005584995826230767
0.0005376945940008037
0.0004722967970980053
0.00035357409042141824
0.0002851912316769319
0.00024758778841008116
0.0002466263695269889
0.0
0.0
0.0
0.0
0.0
0.0
0.0
0.0
0.0002336922651952359
0.000227968753628745
0.0002529203533152755
0.00031488470385499895
0.0003847815912220017
0.00043675396785281044
0.0004530507621730099
0.0004684536026985941
0.00046962007129400533
0.0004904233666153887
0.0005079797370547833
0.0004676804051494836
0.0003532903256435794
0.0002582673047352695
0.00023709286332131935
0.0002322941824202926
0.0
0.0
0.0
0.0
0.0
0.0
0.0
0.0
0.00011995658757646268
0.00015113554978823972
0.0002112687758766407
0.0002252107204285517
0.00024117442399687912
0.00029322097819357016
0.0003486065312543086
0.0003577091069135507
0.00034409602179920985
0.0003428711335267784
0.0003197494854973396
0.00030804612153023935
0.0
0.0
0.0
0.0
0.0
0.0
0.0
0.0
0.0
0.0
0.0
0.0
0.0
0.0
0.00010763486397126642
0.00015649233617809214
0.00019363273245790765
0.00014878756198559418
0.00015658331835537035
0.00021254989407952122
0.0002380305653199865
0.00018097651985691913
0.00024133181078354716
0.00022787832526909198
9.660142265687852e-05
0.0
0.0
0.0
0.0
0.0
0.0
0.0
0.0
0.0
0.0
0.0
0.00012645367029027397
0.00010310328849004161
0.00016175269356063767
0.00021924094296834866
0.00023219887048540617
0.00026548784315102986
0.0002910258346640435
0.00033744237087027413
0.0003920499933572428
0.00043308994598847804
0.0004449072042668994
0.0004224272193901239
0.00035055193087462917
0.00027935668798811334
0.0002427687051470797
0.00021981100849301254
0.0
0.0
0.0
0.0
0.0
0.0
0.0
0.0
2.6549928131139404e-06
0.00012148442094315742
0.00020656833976581628
0.0002168846258118284
0.0002490118344072709
0.00029240365186682045
0.0003261965786656615
0.000388766412155887
0.0004328538840844981
0.0004756070531249392
0.0005048017210499283
0.0004849518963391264
0.00040837408527095407
0.00031145056500825796
0.0002676149354642548
0.00023432416616171628
0.0
0.0
0.0
0.0
0.0
0.0
0.0
0.0
0.0
0.00010952976757269833
0.00020899067213880055
0.00023511054061950372
0.0002922730687373603
0.00035768495829683873
0.0003837444895317198
0.00043867681537571957
0.0004931563016278311
0.000538193685518069
0.0005555168428239706
0.000514679380456916
0.0004267693882573566
0.00033355104722003443
0.00026252465295322576
0.00022485833124001877
0.0
0.0
0.0
0.0
0.0
0.0
0.0
0.0
0.00010832317367530789
0.00016585259610506852
0.00020146678345214905
0.00023647514943379844
0.00030190229480490347
0.00038501085583122975
0.00043493658465828497
0.0004911431157448394
0.0005279423692019698
0.0005603348077247631
0.0005828931596226233
0.0005573497374558586
0.00045273031310486824
0.0003326978267471038
0.0002577615320627353
0.0002235142029669821
0.0
0.0
0.0
0.0
0.0
0.0
0.0
0.0
0.00021118487869913486
0.00021026506571925844
0.00022031969947738545
0.00028693455914561883
0.00032662823108547484
0.0003890203845747099
0.000444154443883829
0.0005092567520912948
0.0005521559282206196
0.0005372075518946856
0.00047916773824907316
0.0004456897137695846
0.00036266589654224417
0.0002759713111387667
0.0002433630287589873
0.00022346843900267262
0.0
0.0
0.0
0.0
0.0
0.0
0.0
0.0
0.00022780464726759316
0.00023271649641893948
0.00023644851459623273
0.00023968809739046226
0.0002469633398174091
0.0002611265073736055
0.00028317142579882944
0.00032377512185479307
0.000329289409192484
0.0003239710369875621
0.0003135244957282022
0.00032175558666717573
0.0
0.0
0.0
0.0
0.0
0.0
0.0
0.0
0.0
0.0
0.0
0.0
0.0
0.0
0.0
0.0
0.0
1.2340984453261293e-05
0.00019120043986407752
0.0002336457387402309
0.000226404652013978
0.00026751778102345136
0.0002577187212806784
0.0002468202329537609
0.00023838266706078932
5.76292594075084e-05
0.0
0.0
0.0
0.0
0.0
0.0
0.0
0.0
0.0
0.0
0.0
0.0001299630880758913
0.00021534444562126137
0.00022350313549336713
0.0002507784188079565
0.0002967965379428642
0.0003450787477298386
0.0003954528883148338
0.0004185921036278978
0.00045088221616416073
0.00046743357195901743
0.0004338632209350719
0.00033265548648028044
0.0002897729698973989
0.0002603114686632704
0.00023557046055554788
0.0
0.0
0.0
0.0
0.0
0.0
0.0
0.0
9.535958332626692e-05
8.673895536581346e-05
0.0001890081676097582
0.0002171502386974145
0.00026170663008516677
0.000309369938664154
0.0003415227257281426
0.00038058182702398804
0.0004097191737562682
0.00044931467904894324
0.00046673287728871333
0.00043375003314406475
0.0003413398778744758
0.0002564363002509768
0.00021421787077948294
0.00020474891783646936
0.0
0.0
0.0
0.0
0.0
0.0
0.0
0.0
0.0
8.156998746959315e-05
0.0001704286531431459
0.00020247317256417814
0.00024292466725251205
0.0003123748453941554
0.000362042313504876
0.0004130431695477174
0.0004523532954216084
0.0004920114484659343
0.0005174796984748094
0.00048782184990290537
0.00037821336192267116
0.0002798971558125228
0.00022967511071391548
0.00021103298715317634
0.0
0.0
0.0
0.0
0.0
0.0
0.0
0.0
0.000205206150455342
0.00020716986900442102
0.00023074536548916172
0.0003134152709212095
0.00040996671946153527
0.0004514960434494632
0.00046155813161820694
0.0005093574503950895
0.0005383854073845804
0.0005453132503763957
0.0005385441516157452
0.0005058781722480377
0.0004030254620241015
0.000314724794889778
0.00026017527952903595
0.00024008702576152992
0.0
0.0
0.0
0.0
0.0
0.0
0.0
0.0
0.0001738029405292128
0.00018855752332160516
0.00022183148613260888
0.00029051294112555806
0.0003730025169852353
0.0004418540751686805
0.00044563754386161165
0.0004973075398291588
0.000542128290790348
0.0005744262892560714
0.0005494287993668764
0.00046438862403088777
0.0003794029728706037
0.00031006673814593105
0.000280786137764045
0.0002537123082485754
0.0
0.0
0.0
0.0
0.0
0.0
0.0
0.0
0.00019497803207651327
0.0002034967660035904
0.00022475930474240603
0.0002498824114410049
0.000278400910794385
0.00032374998050020915
0.00036360351643689644
0.00036811208612326675
0.0003611196118459353
0.00034452821345851446
0.0003389040136711083
0.0003246433950889968
0.0
0.0
0.0
0.0
0.0
0.0
0.0
0.0
0.0
0.0
0.0
0.0
0.0
0.0
0.00016030218303471054
0.0001475340931717787
0.00018217466125083619
0.00019312074917924682
0.00019708434314911016
0.0002260914959756244
0.00024592488133628717
0.00021644711399717887
0.00025238746662824735
0.0002372889525155425
0.00020898180127012017
0.00011545947216763928
0.0
0.0
0.0
0.0
0.0
0.0
0.0
0.0
0.0
0.0
0.000155739399641207
0.00016438395438811762
0.00015902241114544572
0.0001911387768491207
0.0002283507578576606
0.0002824005848235428
0.0003176215640155692
0.00035279500310689943
0.0003823124553576263
0.0003988413503410477
0.0003909433151650954
0.00036291363305389145
0.00032076154704810145
0.0002872591058638007
0.00026627683237859554
0.0002525854478622325
0.0
0.0
0.0
0.0
0.0
0.0
0.0
0.0
0.00022204881669599753
0.00021858498807965485
0.0002260907767324029
0.0002651291595711183
0.000304120596233242
0.00038395789181723734
0.0004034178881685969
0.0004168192274622173
0.0004144431665102319
0.0004139037870820391
0.0003798265113334263
0.0002907721208855838
0.000251892684016859
0.0002395272907289515
0.0002343585573714878
0.0002346557255157152
0.0
0.0
0.0
0.0
0.0
0.0
0.0
0.0
0.00016365992791849248
0.0001298253922063706
0.00020259930548762736
0.00023270373006848577
0.00023622826114139464
0.00023628336775727784
0.0002373846701538083
0.00025322874030017005
0.0002555806601840892
0.00023693986951449757
0.00023690971657790223
0.00023750976259372626
0.00019578332739719425
0.00012087179858660897
9.922256738843354e-05
5.929164923518327e-05
0.0
0.0
0.0
0.0
0.0
0.0
0.0
0.0
0.0
0.0
0.0
0.0
0.0
1.769859836559023e-05
7.115361779507976e-05
0.0
0.0
0.0
0.0
0.0
0.0
0.0
0.0
0.0
0.0
0.0
0.0
0.0
0.0
0.0
0.0
0.0
0.0
8.942935430032537e-06
0.0
0.0
0.00010828856567674769
0.00016946268454969473
0.00020911947082299608
0.00021524643795073738
0.00021729715868268887
0.0002266512542636166
0.00023450162108180472
0.0002175037216692299
0.00020468709696092526
0.0002044108719099798
0.00013403650893193555
9.024987654039881e-05
0.0
0.0
0.0
0.0
0.0
0.0
0.0
0.0
0.0
0.0
0.0
0.0
9.906218363651097e-05
0.00019384936359319348
0.00022606825857693648
0.00022912694066728025
0.00024713994130795227
0.0002516738411689493
0.00023675308548747902
0.0002220195236310617
0.0
0.0
0.0
0.0
0.0
0.0
0.0
0.0
0.0
0.0
0.0
0.0
0.0
0.0
0.0
0.0
0.0
6.120718696010245e-05
0.00016539528244562427
0.00016731237305765817
0.00018374031736785072
0.0001989365506028297
0.0001676125927566308
0.00019839210714244014
5.244073690591387e-05
0.0
0.0
0.0
0.0
0.0
0.0
0.0
0.0
0.0
0.0
0.0
0.0
0.0
0.0
4.1960824986521187e-05
3.6360313427709124e-05
0.000123916877059794
0.00016181812011237083
0.00011845968928793276
0.0001831649773687266
0.0001765872664234549
0.00014600049670067844
0.0001805010585178763
6.368303949905055e-05
0.0
0.0
0.0
0.0
0.0
0.0
0.0
0.0
0.0
0.0
0.0
0.0
0.0
0.0
0.00014024483183683022
0.00019951588961894293
0.0002121370671314452
0.0002553297544939055
0.0002908771293846613
0.0003128594277461274
0.00034575478858423473
0.0003930244350910702
0.00035078747641920517
0.00026576444447221753
0.00022421245741520722
0.00020873100864119792
0.00020354833673835406
0.0
0.0
0.0
0.0
0.0
0.0
0.0
0.0
0.0
0.0
5.031379714952166e-05
0.00018009362678284404
0.00020940704200067106
0.00023945230239676442
0.00027698876570309336
0.000325451073452181
0.00036692570012484746
0.00040538827712735683
0.00046475932556172057
0.00044511528066654154
0.0003482657054187736
0.000273272750438586
0.00022624611904712683
0.00020363594827959086
0.0
0.0
0.0
0.0
0.0
0.0
0.0
0.0
0.0
0.0
6.0386980256818873e-05
0.0001499264733984681
0.00018975740878821956
0.00022049102340385602
0.00027217299178969854
0.00033314453310388667
0.0003687497353119654
0.0003864917492166909
0.0003977531323430951
0.00037556345945517034
0.0003154648031701909
0.0002687432051439882
0.00023232582489570968
0.00021735201788453825
0.0
0.0
0.0
0.0
0.0
0.0
0.0
0.0
0.0
0.0
5.0179377672210395e-05
0.00016501933873036545
0.00019247688665021987
0.00021882506949873909
0.00026107454136602376
0.00032324214465426654
0.0003697105297040048
0.0004078915441019788
0.0004135116956783587
0.0003570448869743281
0.00028542980405839205
0.0002360381667184828
0.00020556115053711928
0.00020024274519837184
0.0
0.0
0.0
0.0
0.0
0.0
0.0
0.0
7.5910439247374315e-06
0.0
0.0
0.000143599835465072
0.00020164751667614095
0.00023695376427535595
0.0002729984856164148
0.0003050415795535783
0.00031374586372955016
0.00031220935938596286
0.00031093015645632013
0.0002995242473920228
9.61919311651714e-05
0.0
0.0
0.0
0.0
0.0
0.0
0.0
0.0
0.0
0.0
0.0
0.0
0.0
6.287460733629777e-05
0.00016168255047599144
0.0001520849082641933
0.00017595141085686213
0.00019454718751720588
0.0001699934138529117
0.00019813717225726263
0.0001894146959788582
0.00017521731615832638
0.0001756879160892918
4.439532287382089e-05
0.0
0.0
0.0
0.0
0.0
0.0
0.0
0.0
0.0
0.0
0.0
1.8446034881483673e-05
0.0
0.0
0.0001263229053184136
0.0001838708710176627
0.00019831063331456511
0.00020167785401389193
0.00021766618293751755
0.0002321407456431665
0.00023661607737178336
0.00024652833538528333
0.00023396426287837046
0.0002053624412915132
0.0001980379599888471
0.00019295114889204156
0.00014941929485772537
0.0
0.0
0.0
0.0
0.0
0.0
0.0
0.0
0.0
0.0
0.0
0.0
0.0
0.0
0.0
0.0
1.77003218292467e-05
8.668019302355732e-05
9.582141666265918e-05
1.83872559227632e-05
0.0
0.0
0.0
0.0
0.0
0.0
0.0
0.0
0.0
0.0
0.0
0.0
0.0
0.0
0.0
0.0
0.0
0.0
0.0
0.0
0.0
0.0
7.997489929024457e-05
9.655657925800798e-05
0.0
0.0
0.0
0.0
0.0
0.0
0.0
0.0
0.0
0.0
0.0
0.0
0.0
0.0
0.0
0.0
0.0
0.0
0.0
6.768080494389163e-05
0.00012418662972176188
0.00016847828197746526
0.00018374269140551526
0.00015089724584371064
9.140649895327443e-05
1.7906511772179682e-05
0.0
0.0
0.0
0.0
0.0
0.0
0.0
0.0
0.0
0.0
0.0
0.0
0.0
0.0
0.0
0.0
0.00012001197035167671
0.00017939788502941944
0.0001902723191734826
0.00019158633927441495
0.0001918114093587974
0.00017852533920025408
8.186301123825348e-05
0.0
0.0
0.0
0.0
0.0
0.0
0.0
0.0
0.0
0.0
0.0
0.0
0.0
0.0
0.0
2.8282190302633184e-05
0.00016367500981387382
0.00020464163767834845
0.00021604374301544403
0.0002202396064920909
0.00022051383581509255
0.00021866735702455562
0.00021624391366806915
0.0
0.0
0.0
0.0
0.0
0.0
0.0
0.0
0.0
0.0
0.0
0.0
0.0
0.0
0.0
0.0
1.8565949968538172e-05
0.0001689177500257422
0.00013878512229137017
0.00018040831353228118
0.00017486838061490253
0.00016331520656374685
0.00015619638802360388
9.095656930957832e-05
0.0
0.0
0.0
0.0
0.0
0.0
0.0
0.0
0.0
0.0
0.0
0.0
0.0
0.0
0.0
0.0
7.71452164291731e-05
0.00016975297234798122
0.000194221994704109
0.0002061388891240286
0.0002214013669598603
0.00022994780508116272
0.0002358189745445227
0.00022232230863207422
0.00020600350469866682
0.00017425946368362273
7.510872435374779e-05
9.008970622386317e-05
0.0
0.0
0.0
0.0
0.0
0.0
0.0
0.0
0.0
0.0
0.0
0.0
0.00011421082435244269
0.0001854892327465376
0.00020400655219170172
0.00024154259722004813
0.0002760985112925694
0.00028950810303330634
0.0002930311783534766
0.00027544027967369496
0.00022533536934928297
0.00020238799617870991
0.00016408050559226455
0.0001312595941165542
0.0
0.0
0.0
0.0
0.0
0.0
0.0
0.0
0.0
0.0
0.0
0.0
7.46196355425769e-05
0.00016449598301347757
0.0001996544410369707
0.00024249439722075783
0.0003082487925102493
0.0003509863850932724
0.00031133720930675136
0.0002684082800731714
0.00023847742960388387
0.00021829477699615175
0.00020745395031819585
0.00020188712726126572
0.0
0.0
0.0
0.0
0.0
0.0
0.0
0.0
0.0
0.0
0.0
0.0
0.0
6.180174446620464e-05
0.00010300040071516794
0.00014195915329877424
0.00017088052953100785
0.00017330550643376906
0.00017413923235143689
0.00016667431694642544
9.584377985813262e-05
0.0
0.0
0.0
0.0
0.0
0.0
0.0
0.0
0.0
0.0
0.0
0.0
0.0
0.0
0.0
0.0
2.196977910315432e-05
0.00012915239979007791
0.00017251667942082288
0.00017889204527032283
0.00018190878206849725
0.00018324647607318746
0.00018336850589808975
0.00014923268698685188
8.277820416305698e-05
0.0
1.4332891690710996e-05
0.0
0.0
0.0
0.0
0.0
0.0
0.0
0.0
5.824192219787044e-07
0.0
0.0
0.0
1.4834388233644113e-05
0.000106287373590378
0.00016303226152899735
0.00017995678830987172
0.00018705895257512553
0.00019183290523467326
0.00019406659042087016
0.0001918839405192425
0.0
0.0
0.0
0.0
0.0
0.0
0.0
0.0
0.0
0.0
0.0
0.0
0.0
0.0
0.0
0.0
0.0
0.0
0.0
0.0
0.0
0.0
0.0
0.0
0.0
0.0
0.0
0.0
0.0
0.0
0.0
0.0
0.0
0.0
1.2246443523634746e-05
0.0
0.0
0.0
0.0
0.0
0.0
0.0
0.0
0.0
0.0
5.975497205595562e-05
2.7400526127000326e-05
0.0
0.0
0.0
0.0
0.0
0.0
0.0
0.0
0.0
0.0
0.0
0.0
0.0
0.0
0.0
0.0
0.0
0.0
0.0
0.0
0.0
9.208868752589606e-10
2.0136463561083814e-05
8.869033683329333e-05
7.084568295176096e-05
0.0
0.0
0.0
0.0
0.0
0.0
0.0
0.0
0.0
0.0
0.0
0.0
0.0
0.0
0.0
0.0
0.0
4.583946698986162e-05
0.0001476523137286334
0.00018389014049284116
0.000200980709436111
0.00021870383419878174
0.00022202430900605417
0.00020828401776178807
0.00019811555397082438
0.00014678461427285368
9.443727859821941e-05
7.331219958371154e-05
0.0
0.0
0.0
0.0
0.0
0.0
0.0
0.0
0.0
0.0
0.0
0.0
2.1565992855351276e-05
0.00010540103973121584
0.0001573216853228878
0.00018606916214409464
0.00019184931364593825
0.00019467924581287807
0.0001858860166532324
7.814263724190532e-05
0.0
0.0
0.0
0.0
0.0
0.0
0.0
0.0
0.0
0.0
0.0
0.0
0.0
0.0
0.0
0.0
0.0
0.0
0.0
6.0784247356472266e-05
0.00010218979164397876
0.00012256527494115862
0.0001315781922170805
0.0001282094239315397
9.08870648885879e-05
0.0
0.0
0.0
0.0
0.0
0.0
0.0
0.0
0.0
0.0
0.0
0.0
0.0
0.0
0.0
0.0
0.0
0.0
1.793525191703114e-05
8.835666270282846e-05
0.00010153925983513228
0.00010037632113660386
6.400445252826991e-05
0.0
0.0
0.0
0.0
0.0
0.0
0.0
0.0
0.0
0.0
0.0
0.0
0.0
0.0
0.0
0.0
0.0
0.0
0.0
0.0
0.0
1.964116768568069e-05
1.5981480837379487e-05
0.0
0.0
0.0
0.0
0.0
0.0
0.0
0.0
0.0
0.0
0.0
0.0
0.0
0.0
0.0
0.0
0.0
0.0
2.1362493862198833e-05
9.372501278861205e-05
0.00013015807004515648
0.0001780287398395912
0.00018548091378998592
0.0001883595860037925
0.00018803331300316076
0.00011211821719473481
0.0
0.0
0.0
0.0
0.0
0.0
0.0
0.0
0.0
0.0
0.0
0.0
0.0
0.0
0.0
0.0
2.2597707816697233e-05
0.0001193482461997697
0.00017569718296049937
0.00019052587432907736
0.00019806503630130426
0.00019920610928077467
0.00019230210358884731
0.00018300440192133837
0.00012644433957494208
0.00011044057003680444
0.00010450671556231087
9.735903440974464e-05
0.0
0.0
0.0
0.0
0.0
0.0
0.0
0.0
0.0
0.0
0.0
0.0
9.089755188205486e-05
0.0001478535813051629
0.00018452195219477349
0.00019616865964395554
0.00022094286669859293
0.0002383430214435068
0.00022718647869529655
0.00020165186109972943
0.0001934448745614364
0.00016519856163439643
0.00010759216240352744
8.621092572387171e-05
0.0
0.0
0.0
0.0
0.0
0.0
0.0
0.0
0.0
0.0
0.0
0.0
6.936471800235411e-05
0.0001411051621874685
0.00018802056284554326
0.00020055993876568636
0.00021037646633953312
0.00020844446821587263
0.00020546685969150116
0.00020001307002573155
0.00019732691366177257
0.00019563188057706362
0.00019399058531398985
0.00019337445832979787
0.0
0.0
0.0
0.0
0.0
0.0
0.0
0.0
0.0
0.0
9.483652731014576e-06
7.154674802208344e-05
0.00012151849492275203
0.00014237860876819132
0.00018183147440797818
0.00019835260641891183
0.00019977366129577618
0.0001991060095000594
0.00019661865840852808
0.00019398468351509475
0.00018966857216911733
0.00012551610732249228
1.842392169242748e-05
0.0
0.0
0.0
0.0
0.0
0.0
0.0
0.0
0.0
0.0
0.0
0.0
0.0
0.0
0.0
0.0
0.0
0.0
0.0
0.0
0.0
0.0
0.0
0.0
0.0
0.0
0.0
0.0
0.0
0.0
0.0
0.0
0.0
0.0
0.0
1.2714523195338191e-05
0.0
0.0
0.0
0.0
0.0
2.5262418846498114e-05
0.0
0.0
0.0
0.0
0.0
0.0
0.0
0.0
0.0
0.0
0.0
0.0
0.0
0.0
0.0
0.0
0.0
0.0
0.0
0.0
5.660641472966436e-05
0.00015911020604582527
0.00017708836691068602
0.0001807689616683862
0.00018270834584715735
0.0001819398254694873
0.0001429016305664666
9.573115069695273e-05
0.0
4.070061296558838e-06
0.0
0.0
0.0
0.0
0.0
0.0
0.0
0.0
0.0
0.0
0.0
0.0
0.0
0.0
5.810449670726717e-05
0.00011643363913817823
0.00013270878576487102
0.0001354539057802456
0.0001252327866760292
0.00010642777688202556
4.1752032209778765e-05
0.0
0.0
0.0
0.0
0.0
0.0
0.0
0.0
0.0
0.0
0.0
0.0
0.0
0.0
0.0
0.0
0.0
0.0
0.0
6.925209211276073e-05
0.00014155094557328254
0.0001730206400416365
0.00016214678817210647
0.0001244228478650951
2.1679252523915163e-05
0.0
0.0
0.0
0.0
0.0
0.0
0.0
0.0
0.0
0.0
0.0
0.0
0.0
0.0
0.0
0.0
0.0
0.0
0.0
0.0
0.0
0.0
0.0
0.0
0.0
0.0
0.0
0.0
0.0
0.0
0.0
0.0
0.0
0.0
0.0
0.0
0.0
0.0
0.0
0.0
0.0
2.2118162911896695e-05
9.818693596179861e-05
0.0001046509425147891
0.00010421536200435385
4.237644721971015e-05
0.0
0.0
0.0
0.0
0.0
0.0
0.0
0.0
0.0
0.0
0.0
0.0
0.0
0.0
0.0
0.0
0.0
0.0
0.0
0.0
0.0
0.0
0.0
0.0
0.0
0.0
0.0
0.0
0.0
0.0
0.0
0.0
0.0
0.0
0.0
0.0
0.0
0.0
0.0
0.0
1.3552211616525533e-05
0.0
0.0
0.0
0.0
0.0
0.0
0.0
0.0
0.0
0.0
0.0
0.0
0.0
0.0
0.0
0.0
0.0
1.3848263738453562e-06
0.0
0.0
0.0
0.0
0.0
0.0
0.0
0.0
0.0
0.0
0.0
0.0
0.0
0.0
0.0
0.0
0.0
0.0
0.0
0.0
0.0
1.4797696899834252e-06
3.186175271557878e-06
0.0
0.0
0.0
0.0
0.0
0.0
0.0
0.0
0.0
0.0
0.0
0.0
0.0
0.0
0.0
0.0
0.0
0.0
0.0
0.0
0.0
0.0
0.0
0.0
0.0
0.0
0.0
8.342508609539794e-07
0.0
0.0
0.0
0.0
0.0
0.0
0.0
0.0
0.0
0.0
0.0
0.0
0.0
0.0
0.0
0.0
0.0
0.0
0.0
0.0
0.0
0.0
0.0
0.0
0.0
0.0
0.0
0.0
0.0
0.0
0.0
0.0
0.0
0.0
0.0
0.0
3.2372448861163324e-06
8.730968369662841e-10
0.0
0.0
0.0
0.0
0.0
0.0
0.0
0.0
0.0
0.0
0.0
0.0
0.0
0.0
0.0
0.0
0.0
0.0
0.0
0.0
0.0
0.0
0.0
0.0
0.0
0.0
0.0
0.0
0.0
0.0
1.7452128517650142e-10
0.0
0.0
0.0
0.0
0.0
0.0
0.0
0.0
0.0
0.0
0.0
8.962949054938032e-10
9.802692446473768e-10
0.0
0.0
0.0
0.0
0.0
0.0
0.0
0.0
0.0
0.0
0.0
0.0
6.022607226423601e-11
0.0
0.0
0.0
0.0
0.0
0.0
0.0
0.0
0.0
0.0
0.0
0.0
0.0
0.0
0.0
0.0
0.0
0.0
0.0
0.0
0.0
0.0
0.0
0.0
2.474738892032003e-10
0.0
0.0
0.0
0.0
0.0
1.9418175331035842e-05
8.007709116467128e-05
8.431818441649954e-05
3.186008255390291e-05
0.0
0.0
0.0
0.0
0.0
0.0
0.0
0.0
0.0
0.0
0.0
0.0
0.0
0.0
0.0
0.0
0.0
0.0
0.0
0.0
0.0
0.0
5.145352769240786e-05
9.333029143173977e-05
6.565738008907848e-05
0.0
0.0
0.0
2.741226052798716e-08
0.0
0.0
0.0
0.0
0.0
0.0
0.0
0.0
0.0
0.0
0.0
0.0
0.0
0.0
0.0
0.0
5.0659019117982687e-05
0.0001092708028857808
0.00011803217980723077
0.0001069380286746698
2.1223498407116773e-05
0.0
0.0
0.0
0.0
0.0
0.0
0.0
0.0
0.0
0.0
0.0
0.0
0.0
0.0
0.0
0.0
0.0
0.0
0.0
0.0
0.0
5.214634469332656e-05
0.0
0.0
0.0
0.0
0.0
0.0
0.0
0.0
0.0
0.0
0.0
0.0
0.0
0.0
0.0
0.0
0.0
0.0
0.0
0.0
0.0
0.0
0.0
0.0
0.0
0.0
0.0
0.0
0.0
0.0
0.0
0.0
0.0
0.0
0.0
0.0
0.0
0.0
0.0
0.0
0.0
0.0
0.0
0.0
0.0
7.634451114272403e-05
0.00012621129380108103
0.00012549613889006333
2.288933894433725e-05
0.0
0.0
0.0
0.0
0.0
0.0
0.0
0.0
0.0
0.0
0.0
0.0
0.0
0.0
0.0
0.0
0.0
0.0
0.0
0.0
4.2429893758506626e-05
3.318801235769663e-05
1.6971967472969658e-05
5.092126842861207e-05
0.0
0.0
0.0
0.0
0.0
0.0
0.0
0.0
0.0
0.0
0.0
0.0
0.0
0.0
0.0
0.0
0.0
0.0
0.0
0.0
6.338051373660441e-05
9.05925840857502e-05
8.584082479886621e-05
0.0
0.0
0.0
0.0
0.0
0.0
0.0
0.0
0.0
0.0
0.0
0.0
0.0
0.0
0.0
0.0
0.0
0.0
0.0
0.0
7.16225458186736e-05
0.00014913149258695245
0.0001787351980494706
0.00017379505017825315
8.878356500810535e-05
0.0
0.0
0.0
0.0
0.0
0.0
0.0
0.0
0.0
0.0
0.0
0.0
0.0
0.0
0.0
0.0
0.0
0.0
0.0
0.0
4.062963316360998e-05
9.779924419899923e-05
9.321982759923593e-05
1.779177795377159e-05
0.0
0.0
0.0
0.0
0.0
0.0
0.0
0.0
0.0
0.0
0.0
0.0
0.0
0.0
0.0
0.0
0.0
0.0
0.0
1.7707121491434573e-05
9.919259691329431e-05
0.00012852363319643622
0.0001276814902212536
2.32693226091571e-05
0.0
0.0
0.0
0.0
0.0
0.0
0.0
0.0
0.0
0.0
0.0
0.0
0.0
8.189767839339568e-06
0.0
3.7998352108004017e-06
0.0
0.0
0.0
0.00010022953847464539
0.00014098600927136146
0.00017373097094545233
0.0001622297155348013
0.00011036410609449295
0.0
0.0
0.0
0.0
0.0
0.0
0.0
0.0
0.0
0.0
0.0
0.0
0.0
0.0
0.0
8.234602010576258e-06
0.0
0.0
0.0
1.7661802774159934e-05
9.934329047584886e-05
0.0001432612659917505
0.00015894162730957894
6.388478277040233e-05
0.0
0.0
0.0
0.0
0.0
0.0
0.0
0.0
0.0
0.0
0.0
0.0
0.0
0.0
0.0
0.0
0.0
0.0
0.0
3.7929847045849655e-05
9.736978726579599e-05
0.0001193588304421385
0.00011201886098199207
0.0
0.0
0.0
0.0
0.0
5.066334490910308e-06
0.0
0.0
0.0
0.0
0.0
0.0
0.0
1.4994485817481581e-05
0.0
0.0
0.0
0.0
0.0
0.0
0.0
3.9590602171977245e-05
0.00012351339473591969
0.000150528102615817
5.549398707876674e-05
0.0
0.0
0.0
0.0
0.0
0.0
0.0
0.0
0.0
0.0
0.0
0.0
0.0
0.0
0.0
0.0
0.0
0.0
0.0
0.0
9.216217265144871e-05
0.00011877922118121051
9.865681540090344e-05
0.0
0.0
0.0
0.0
0.0
0.0
0.0
0.0
0.0
0.0
0.0
0.0
0.0
0.0
0.0
0.0
0.0
0.0
0.0
0.0
0.0
0.0
0.0
0.0
0.0
0.0
0.0
0.0
0.0
0.0
0.0
0.0
0.0
0.0
0.0
0.0
0.0
0.0
0.0
0.0
0.0
0.0
0.0
0.0
0.0
0.0
0.0
0.0
0.0
0.0
0.0
0.0
0.0
0.0
0.0
0.0
0.0
0.0
0.0
0.0
0.0
0.0
0.0
0.0
0.0
0.0
0.0
0.0
0.0
0.0
0.0
0.0
0.0
0.0
0.0
0.0
0.0
0.0
0.0
0.0
0.0
0.0
0.0
0.0
0.0
0.0
0.0
0.0
0.0
0.0
0.0
0.0
0.0
0.0
0.0
0.0
9.881296437121793e-07
0.0
0.0
0.0
0.0
0.0
0.0
0.0
0.0
0.0
7.361791293692698e-08
0.0
0.0
0.0
0.0
0.0
0.0
0.0
0.0
0.0
0.0
0.0
0.0
0.0
0.0
0.0
0.0
0.0
0.0
4.602411021822999e-08
0.0
0.0
0.0
0.0
0.0
0.0
0.0
0.0
0.0
0.0
0.0
0.0
0.0
0.0
0.0
0.0
0.0
0.0
0.0
0.0
0.0
0.0
0.0
0.0
0.0
0.0
0.0
0.0
0.0
0.0
0.0
0.0
0.0
0.0
0.0
0.0
0.0
0.0
0.0
0.0
0.0
0.0
0.0
0.0
0.0
0.0
0.0
0.0
0.0
0.0
0.0
0.0
0.0
0.0
0.0
0.0
0.0
0.0
0.0
0.0
0.0
0.0
0.0
0.0
0.0
0.0
0.0
0.0
0.0
0.0
0.0
0.0
0.0
0.0
0.0
0.0
0.0
0.0
0.0
0.0
0.0
0.0
0.0
0.0
0.0
0.0
0.0
0.0
0.0
0.0
0.0
0.0
0.0
0.0
0.0
0.0
0.0
0.0
0.0
0.0
0.0
0.0
0.0
0.0
7.885748630112628e-07
0.0
9.654426879663978e-11
0.0
0.0
0.0
0.0
0.0
0.0
0.0
0.0
0.0
0.0
0.0
0.0
0.0
0.0
0.0
0.0
0.0
0.0
0.0
0.0
0.0
0.0
0.0
0.0
0.0
0.0
0.0
0.0
0.0
0.0
0.0
0.0
0.0
0.0
0.0
0.0
0.0
0.0
0.0
0.0
0.0
0.0
0.0
0.0
0.0
0.0
0.0
0.0
0.0
0.0
0.0
0.0
0.0
0.0
0.0
0.0
0.0
0.0
0.0
0.0
0.0
0.0
0.0
0.0
0.0
0.0
0.0
0.0
0.0
0.0
0.0
0.0
0.0
0.0
0.0
0.0
0.0
1.4249726393085416e-10
0.0
0.0
0.0
0.0
0.0
0.0
0.0
0.0
0.0
0.0
0.0
0.0
0.0
0.0
0.0
0.0
0.0
0.0
0.0
0.0
0.0
0.0
0.0
0.0
0.0
0.0
0.0
0.0
0.0
0.0
0.0
0.0
0.0
0.0
0.0
0.0
0.0
0.0
0.0
0.0
0.0
0.0
0.0
0.0
0.0
0.0
0.0
0.0
0.0
0.0
0.0
0.0
0.0
0.0
0.0
0.0
0.0
0.0
0.0
0.0
0.0
0.0
0.0
0.0
0.0
0.0
0.0
0.0
0.0
0.0
0.0
0.0
0.0
0.0
0.0
0.0
0.0
0.0
0.0
0.0
0.0
0.0
0.0
0.0
0.0
0.0
0.0
0.0
0.0
0.0
0.0
0.0
0.0
0.0
0.0
0.0
0.0
0.0
0.0
0.0
0.0
0.0
0.0
0.0
0.0
0.0
0.0
0.0
0.0
0.0
0.0
0.0
0.0
0.0
0.0
0.0
0.0
0.0
0.0
0.0
0.0
0.0
0.0
0.0
0.0
0.0
0.0
1.6087973193960004e-10
0.0
0.0
0.0
0.0
0.0
0.0
0.0
2.0108385957243913e-10
0.0
0.0
0.0
0.0
0.0
0.0
0.0
0.0
0.0
0.0
0.0
0.0
0.0
0.0
0.0
0.0
0.0