0.0
0.0
0.0
0.0
0.0
0.0
0.0
0.0
0.0
0.0
0.0
0.0
0.0
0.0
0.0
1.7415200153912312e-07
0.0
0.0
0.0
0.0
0.0
0.0
0.0
0.0
0.0
0.0
0.0
0.0
0.0
0.0
0.0
0.0
0.0
0.0
0.0
0.0
0.0
0.0
0.0
0.0
0.0
0.0
0.0
0.0
0.0
0.0
0.0
0.0
0.0
0.0
0.0
0.0
0.0
0.0
0.0
0.0
0.0
0.0
0.0
0.0
0.0
0.0
0.0
0.0
0.0
0.0
0.0
0.0
0.0
0.0
0.0
0.0
0.0
0.0
0.0
0.0
0.0
0.0
0.0
0.0
0.0
0.0
0.0
0.0
0.0
0.0
0.0
0.0
0.0
0.0
0.0
0.0
0.0
0.0
0.0
0.0
0.0
0.0
0.0
0.0
0.0
0.0
0.0
0.0
0.0
0.0
0.0
0.0
0.0
0.0
0.0
0.0
0.0
0.0
0.0
0.0
0.0
0.0
0.0
0.0
0.0
0.0
0.0
0.0
0.0
0.0
0.0
0.0
0.0
0.0
0.0
0.0
0.0
0.0
0.0
0.0
0.0
0.0
0.0
0.0
0.0
0.0
0.0
0.0
0.0
0.0
0.0
0.0
0.0
0.0
0.0
0.0
0.0
0.0
0.0
0.0
0.0
0.0
0.0
0.0
0.0
0.0
0.0
0.0
0.0
0.0
0.0
0.0
0.0
0.0
0.0
0.0
0.0
0.0
0.0
0.0
0.0
0.0
0.0
0.0
0.0
0.0
0.0
0.0
0.0
0.0
0.0
0.0
0.0
0.0
0.0
0.0
0.0
0.0
0.0
0.0
0.0
0.0
0.0
0.0
0.0
0.0
0.0
0.0
0.0
0.0
0.0
0.0
0.0
0.0
0.0
0.0
0.0
0.0
0.0
0.0
0.0
0.0
0.0
0.0
0.0
1.1879983468167255e-06
0.0
0.0
0.0
0.0
2.3882743774286023e-06
3.0364003946310173e-06
1.6298273192612935e-06
1.8497934369190424e-05
1.5707828692600032e-05
2.1309092107304647e-06
0.0
8.921645813953524e-07
0.0
0.0
0.0
0.0
0.0
0.0
0.0
0.0
0.0
0.0
0.0
0.0
0.0
0.0
0.0
0.0
0.0
0.0
8.194109033339892e-07
2.041330510236669e-06
0.0
0.0
0.0
0.0
0.0
0.0
0.0
0.0
0.0
0.0
0.0
0.0
0.0
0.0
0.0
0.0
0.0
0.0
0.0
0.0
0.0
0.0
0.0
0.0
0.0
0.0
0.0
0.0
0.0
0.0
0.0
0.0
0.0
0.0
0.0
0.0
0.0
0.0
0.0
0.0
0.0
0.0
0.0
0.0
0.0
0.0
0.0
0.0
0.0
0.0
0.0
0.0
0.0
0.0
0.0
0.0
0.0
0.0
0.0
0.0
0.0
0.0
0.0
5.718143521943393e-07
0.0
0.0
0.0
0.0
0.0
0.0
0.0
0.0
0.0
0.0
0.0
0.0
0.0
0.0
0.0
0.0
0.0
0.0
1.4656125308270567e-06
6.56975704989595e-07
0.0
0.0
0.0
0.0
0.0
0.0
0.0
0.0
0.0
0.0
0.0
0.0
0.0
0.0
0.0
0.0
0.0
0.0
0.0
0.0
0.0
0.0
0.0
0.0
0.0
0.0
0.0
0.0
0.0
0.0
0.0
0.0
0.0
0.0
0.0
0.0
0.0
0.0
0.0
0.0
0.0
0.0
0.0
0.0
0.0
0.0
0.0
0.0
0.0
0.0
0.0
0.0
0.0
0.0
0.0
0.0
0.0
0.0
0.0
0.0
0.0
0.0
0.0
0.0
0.0
0.0
0.0
0.0
0.0
0.0
0.0
0.0
0.0
0.0
0.0
0.0
0.0
0.0
0.0
0.0
0.0
0.0
0.0
0.0
0.0
0.0
0.0
0.0
0.0
0.0
0.0
0.0
0.0
0.0
0.0
0.0
0.0
0.0
0.0
0.0
0.0
0.0
0.0
0.0
0.0
0.0
0.0
0.0
0.0
0.0
0.0
0.0
0.0
0.0
0.0
0.0
0.0
0.0
0.0
0.0
0.0
0.0
0.0
0.0
0.0
0.0
0.0
0.0
0.0
0.0
0.0
2.4614654403806016e-06
0.0
0.0
0.0
5.53186712805937e-07
0.0
0.0
0.0
0.0
0.0
0.0
0.0
0.0
0.0
0.0
0.0
0.0
0.0
0.0
0.0
0.0
0.0
0.0
0.0
0.0
0.0
0.0
0.0
0.0
0.0
0.0
0.0
1.175580232066275e-06
1.6529811234149137e-06
3.0192497002878007e-06
9.673891745069972e-07
9.257522203024871e-07
0.0
0.0
0.0
0.0
0.0
0.0
0.0
0.0
0.0
0.0
0.0
0.0
0.0
0.0
0.0
0.0
0.0
0.0
0.0
0.0
0.0
0.0
0.0
0.0
0.0
0.0
0.0
0.0
0.0
0.0
0.0
0.0
0.0
0.0
0.0
0.0
0.0
0.0
0.0
0.0
0.0
0.0
0.0
0.0
0.0
0.0
0.0
0.0
0.0
0.0
0.0
0.0
0.0
0.0
0.0
0.0
0.0
0.0
0.0
1.619086435364694e-06
7.706904119525057e-07
0.0
0.0
5.113814846870797e-07
0.0
0.0
0.0
0.0
0.0
0.0
0.0
0.0
0.0
0.0
0.0
5.237444493270005e-07
0.0
0.0
0.0
3.508054917765008e-07
1.5400520860919142e-06
4.3147553655597575e-07
0.0
2.119971529467051e-06
0.0
0.0
0.0
4.951642741262029e-07
0.0
0.0
0.0
0.0
0.0
0.0
0.0
0.0
0.0
0.0
0.0
0.0
0.0
0.0
0.0
0.0
0.0
0.0
0.0
0.0
0.0
0.0
0.0
0.0
0.0
0.0
0.0
0.0
0.0
0.0
0.0
0.0
2.053883239527957e-07
0.0
0.0
0.0
0.0
0.0
0.0
0.0
0.0
1.8753455046403177e-06
1.7873590578448265e-06
1.0095786304956577e-05
6.716413658089435e-06
0.0
0.0
7.858028276747011e-07
0.0
0.0
0.0
0.0
0.0
0.0
0.0
0.0
0.0
0.0
0.0
0.0
0.0
0.0
0.0
0.0
0.0
0.0
0.0
0.0
0.0
0.0
0.0
0.0
0.0
0.0
0.0
0.0
0.0
0.0
0.0
0.0
0.0
0.0
0.0
0.0
0.0
0.0
0.0
0.0
0.0
0.0
0.0
0.0
0.0
0.0
0.0
0.0
0.0
0.0
0.0
0.0
7.137976202400497e-08
9.056264241294925e-08
0.0
0.0
0.0
0.0
0.0
0.0
0.0
0.0
0.0
0.0
0.0
6.993789847430118e-07
1.182114947212202e-06
3.1060283213032498e-06
8.886455484338402e-07
1.1188696373428098e-06
1.7600998130319611e-07
3.5608829159828134e-07
0.0
0.0
0.0
0.0
0.0
0.0
0.0
0.0
0.0
0.0
0.0
0.0
0.0
0.0
0.0
0.0
0.0
0.0
0.0
0.0
0.0
0.0
0.0
0.0
0.0
0.0
0.0
0.0
0.0
0.0
0.0
0.0
0.0
2.5888466664976033e-07
0.0
0.0
0.0
0.0
0.0
0.0
0.0
0.0
0.0
2.76476839177909e-06
5.4854775141895454e-06
3.687633057608786e-06
7.001956867779722e-07
0.0
0.0
0.0
0.0
0.0
0.0
0.0
0.0
0.0
0.0
0.0
0.0
0.0
0.0
0.0
2.3496767916937665e-06
2.861013162709703e-06
4.634474872714357e-06
1.0923042976844887e-06
5.645257553082694e-07
7.016839261205696e-05
0.00015612338944729143
0.00021012259306277348
0.00019347594764827487
2.7485852680960774e-06
0.0
0.0
0.0
0.0
0.0
0.0
0.0
0.0
0.0
0.0
0.0
0.0
0.0
0.0
0.0
1.804389157999904e-06
1.0632471547838453e-06
3.282346986519709e-05
7.893980624319181e-05
0.0001469107810358796
0.00017133905331808818
0.00017617235563623305
0.0001402827906546323
3.2074542000969134e-06
0.0
0.0
0.0
0.0
0.0
0.0
0.0
0.0
0.0
0.0
0.0
0.0
0.0
0.0
0.0
0.0
0.0
0.0
0.0
0.0
0.0
0.0
0.0
0.0
0.0
0.0
0.0
0.0
0.0
0.0
0.0
0.0
0.0
0.0
0.0
0.0
0.0
0.0
0.0
0.0
0.0
0.0
3.4106817136665775e-07
0.0
0.0
0.0
0.0
0.0
0.0
0.0
0.0
0.0
0.0
0.0
0.0
0.0
0.0
0.0
0.0
0.0
0.0
0.0
0.0
0.0
0.0
0.0
0.0
0.0
0.0
0.0
0.0
0.0
0.0
0.0
0.0
0.0
0.0
0.0
0.0
0.0
0.0
0.0
0.0
0.0
0.0
0.0
0.0
0.0
0.0
0.0
2.4278705925586186e-07
1.605003069283841e-06
0.0
0.0
0.0
0.0
0.0
0.0
0.0
0.0
0.0
0.0
0.0
0.0
0.0
0.0
0.0
0.0
0.0
0.0
0.0
0.0
1.8682472833840374e-07
1.002050687490046e-06
6.693206823575897e-07
1.7892248976253699e-06
0.0
0.0
0.0
1.0989763440303381e-06
0.0
0.0
0.0
0.0
0.0
0.0
0.0
0.0
0.0
0.0
0.0
0.0
0.0
0.0
0.0
4.1601564282417985e-07
9.463102551906708e-07
1.1041021681700855e-06
0.0
6.870733045898519e-06
7.995643074354789e-07
0.0
0.0
1.858832395891418e-06
0.0
0.0
0.0
0.0
0.0
0.0
0.0
0.0
0.0
0.0
0.0
0.0
0.0
0.0
0.0
0.0
0.0
0.0
0.0
3.19447678858185e-06
2.1532568437780388e-06
2.5789022013328897e-06
0.0
1.8345117531060751e-06
0.0
0.0
0.0
0.0
0.0
0.0
0.0
0.0
0.0
0.0
1.1094037213261341e-06
0.0
0.0
0.0
0.0
0.0
0.0
0.0
0.0
0.0
0.0
0.0
0.0
0.0
0.0
0.0
0.0
0.0
0.0
5.707876593834143e-07
0.0
0.0
0.0
0.0
0.0
0.0
0.0
0.0
0.0
0.0
0.0
0.0
0.0
0.0
0.0
0.0
1.9546691646707646e-06
9.693400640166665e-07
0.0
0.0
0.0
0.0
0.0
0.0
0.0
0.0
0.0
0.0
0.0
0.0
0.0
0.0
0.0
0.0
4.5374188341537166e-07
9.651925965812036e-07
0.0
4.622366540064105e-06
3.9284048839979906e-07
0.0
0.0
2.2950309905031784e-07
0.0
0.0
0.0
0.0
0.0
0.0
0.0
0.0
0.0
0.0
0.0
7.215385902952796e-07
0.0
0.0
0.0
6.33915120693401e-07
1.6814783596719981e-06
2.4172150933905863e-06
4.522405495059726e-06
2.6647248649160463e-05
2.420244045716211e-05
4.148152741808609e-06
0.0
1.1792392049443087e-06
2.6571920076470964e-07
0.0
0.0
0.0
0.0
0.0
0.0
0.0
0.0
0.0
0.0
0.0
0.0
0.0
0.0
0.0
0.0
0.0
0.0
8.474944617975965e-07
0.0
0.0
0.0
0.0
0.0
0.0
0.0
0.0
0.0
0.0
0.0
0.0
0.0
0.0
0.0
0.0
0.0
0.0
0.0
0.0
0.0
0.0
0.0
5.149419796834371e-07
0.0
0.0
0.0
0.0
0.0
0.0
0.0
0.0
0.0
0.0
0.0
0.0
0.0
0.0
0.0
0.0
0.0
0.0
0.0
0.0
0.0
7.994312228900923e-07
5.819526187948641e-07
3.92304863218444e-06
0.0
0.0
0.0
7.953064675722335e-07
0.0
0.0
0.0
0.0
0.0
0.0
0.0
0.0
0.0
0.0
0.0
0.0
0.0
0.0
0.0
0.0
0.0
0.0
0.0
0.0
0.0
0.0
0.0
0.0
0.0
0.0
0.0
0.0
0.0
0.0
0.0
0.0
0.0
0.0
0.0
0.0
0.0
0.0
0.0
0.0
0.0
0.0
0.0
8.616427366781178e-07
4.186387069934228e-07
0.0
0.0
0.0
0.0
0.0
0.0
0.0
0.0
0.0
0.0
9.39449306154082e-08
0.0
0.0
0.0
0.0
0.0
0.0
0.0
0.0
0.0
0.0
0.0
0.0
0.0
0.0
0.0
0.0
0.0
0.0
0.0
0.0
0.0
0.0
0.0
0.0
0.0
0.0
0.0
0.0
0.0
0.0
0.0
0.0
0.0
0.0
0.0
5.449765686670287e-07
0.0
0.0
0.0
0.0
0.0
0.0
0.0
0.0
0.0
0.0
0.0
0.0
5.305637492175813e-07
0.0
6.280399776060716e-07
0.0
0.0
0.0
0.0
0.0
0.0
0.0
0.0
0.0
0.0
0.0
0.0
0.0
0.0
0.0
0.0
0.0
0.0
0.0
0.0
0.0
0.0
0.0
0.0
0.0
0.0
0.0
0.0
0.0
0.0
0.0
0.0
0.0
0.0
0.0
0.0
0.0
0.0
0.0
0.0
0.0
0.0
0.0
0.0
0.0
0.0
0.0
0.0
0.0
0.0
0.0
0.0
0.0
0.0
0.0
0.0
0.0
0.0
0.0
0.0
0.0
0.0
0.0
0.0
0.0
0.0
0.0
0.0
0.0
0.0
0.0
0.0
0.0
0.0
0.0
0.0
0.0
0.0
0.0
0.0
0.0
0.0
0.0
0.0
0.0
0.0
0.0
0.0
0.0
0.0
0.0
0.0
0.0
0.0
0.0
0.0
0.0
0.0
0.0
0.0
0.0
0.0
0.0
0.0
0.0
0.0
0.0
0.0
0.0
0.0
0.0
0.0
0.0
0.0
0.0
0.0
0.0
0.0
0.0
0.0
0.0
0.0
0.0
0.0
0.0
0.0
0.0
0.0
0.0
0.0
0.0
0.0
0.0
0.0
0.0
0.0
0.0
0.0
0.0
0.0
0.0
0.0
0.0
0.0
0.0
0.0
0.0
0.0
0.0
0.0
0.0
0.0
0.0
0.0
0.0
0.0
0.0
0.0
0.0
0.0
0.0
0.0
0.0
0.0
0.0
0.0
0.0
0.0
0.0
0.0
0.0
0.0
0.0
1.2394755086513682e-07
6.815031827561141e-07
0.0
2.6709656537619406e-06
0.0
0.0
0.0
0.0
0.0
0.0
0.0
0.0
0.0
0.0
0.0
0.0
0.0
0.0
0.0
0.0
0.0
0.0
0.0
0.0
0.0
0.0
0.0
0.0
0.0
0.0
0.0
0.0
0.0
0.0
0.0
0.0
0.0
0.0
0.0
0.0
0.0
0.0
0.0
0.0
0.0
0.0
0.0
0.0
0.0
0.0
0.0
0.0
0.0
0.0
0.0
0.0
0.0
0.0
0.0
0.0
0.0
0.0
0.0
0.0
0.0
0.0
0.0
0.0
0.0
0.0
0.0
0.0
0.0
0.0
0.0
0.0
0.0
0.0
0.0
0.0
0.0
0.0
0.0
0.0
0.0
0.0
0.0
0.0
0.0
0.0
0.0
0.0
0.0
0.0
0.0
0.0
0.0
0.0
0.0
0.0
0.0
0.0
0.0
0.0
0.0
0.0
1.2488516612473287e-07
1.1957105751643154e-07
0.0
0.0
0.0
0.0
0.0
0.0
0.0
0.0
0.0
0.0
0.0
0.0
0.0
0.0
0.0
1.233471740113115e-06
7.537675789162375e-07
1.8010233118441297e-06
4.028076778949774e-07
4.4344550734579593e-07
0.0
0.0
0.0
0.0
0.0
0.0
0.0
0.0
0.0
0.0
0.0
9.837552480239065e-07
0.0
0.0
0.0
0.0
0.0
0.0
4.117803798782703e-07
2.327798342714751e-06
1.2885914285608667e-06
3.79162546689443e-06
7.210642569739013e-07
1.1678726826291658e-06
1.7545316594274012e-07
0.0
0.0
0.0
0.0
0.0
0.0
0.0
0.0
0.0
0.0
0.0
0.0
0.0
0.0
0.0
7.386744683004139e-07
1.067114755464978e-06
0.0
1.2352918671455143e-05
3.9198986470181975e-05
3.3464589590248365e-05
3.145397211217342e-05
1.2827389925505598e-06
5.498355870225945e-07
0.0
0.0
0.0
0.0
0.0
0.0
0.0
0.0
0.0
0.0
0.0
2.0265823924816396e-07
0.0
4.8115760166034754e-06
2.519806835579279e-06
1.2636419883827503e-05
4.9928870653341896e-05
5.446200514514176e-05
9.016396946508771e-05
0.00013134129267080956
0.0001779791265334989
0.00021879163143510502
1.670708771461475e-05
1.0790019984456687e-06
0.0
0.0
0.0
0.0
0.0
0.0
0.0
0.0
0.0
0.0
0.0
1.0706012358596458e-06
0.0
4.034665840064584e-06
1.980022203062647e-06
1.9529889301473325e-06
5.914440123767361e-06
3.502293122050539e-05
8.188222418652915e-05
9.647232875316631e-05
0.0001096880553379277
0.00010298707395670389
1.4615304427324898e-05
9.665404223105107e-07
0.0
0.0
0.0
0.0
0.0
0.0
0.0
0.0
0.0
0.0
0.0
0.0
0.0
0.0
0.0
0.0
4.89046682304214e-07
0.0
0.0
0.0
0.0
0.0
0.0
0.0
0.0
0.0
0.0
0.0
0.0
0.0
0.0
0.0
0.0
0.0
0.0
0.0
0.0
0.0
6.29454767093454e-07
2.55768391191983e-07
4.861030960175224e-07
0.0
0.0
0.0
0.0
0.0
0.0
0.0
0.0
3.3436140137079173e-07
0.0
0.0
0.0
0.0
0.0
0.0
0.0
0.0
0.0
0.0
0.0
0.0
0.0
0.0
0.0
1.101671971963451e-06
0.0
1.8677165189359377e-06
3.235800528545476e-06
0.0
0.0
0.0
0.0
0.0
0.0
0.0
0.0
0.0
0.0
0.0
0.0
0.0
0.0
0.0
0.0
0.0
0.0
5.003134450360439e-07
7.595772396299355e-07
8.062850000256604e-06
2.913282080911277e-05
4.046869329871693e-05
5.192003785953995e-05
8.814122665624267e-07
0.0
1.5490068301967169e-07
0.0
0.0
0.0
0.0
0.0
0.0
0.0
0.0
0.0
0.0
0.0
0.0
2.3326780706042067e-07
5.577984709429436e-07
9.54167136108053e-07
1.2362507373860283e-06
3.690544665029755e-06
3.1552861955841384e-05
2.0974051549321374e-05
2.8299297781737783e-05
4.599084338773482e-05
0.0
0.0
0.0
0.0
0.0
0.0
0.0
0.0
0.0
0.0
0.0
0.0
0.0
0.0
0.0
6.151633729040905e-07
0.0
7.754107382179711e-07
1.1009201086608411e-06
3.153580012981608e-06
2.9533051763889294e-05
2.459317111518888e-05
1.209223870919025e-05
0.0
1.4970740747406986e-06
0.0
0.0
0.0
0.0
0.0
0.0
0.0
0.0
0.0
0.0
0.0
0.0
0.0
0.0
0.0
0.0
0.0
1.030987218038651e-06
9.20244280684406e-07
2.4585757012735666e-06
0.0
0.0
0.0
1.4267396472906718e-06
0.0
0.0
0.0
0.0
0.0
0.0
0.0
0.0
0.0
0.0
0.0
0.0
0.0
0.0
0.0
0.0
0.0
0.0
0.0
0.0
0.0
0.0
0.0
0.0
0.0
0.0
0.0
0.0
0.0
0.0
0.0
0.0
0.0
0.0
0.0
0.0
0.0
5.162409660804048e-07
1.5742266332248407e-06
3.5724262982129654e-07
0.0
0.0
0.0
0.0
0.0
0.0
0.0
0.0
0.0
0.0
0.0
0.0
0.0
0.0
0.0
0.0
0.0
0.0
0.0
0.0
0.0
0.0
0.0
0.0
0.0
0.0
0.0
1.1333088659577062e-06
0.0
0.0
5.614338415466519e-07
0.0
0.0
0.0
0.0
0.0
0.0
0.0
0.0
0.0
0.0
0.0
0.0
0.0
0.0
0.0
0.0
0.0
0.0
0.0
0.0
0.0
0.0
0.0
0.0
0.0
0.0
0.0
0.0
0.0
0.0
0.0
0.0
0.0
0.0
0.0
0.0
0.0
0.0
0.0
0.0
0.0
0.0
0.0
1.7404761525474042e-07
1.6036830066986154e-06
1.6522229687068523e-06
0.0
2.758871781856371e-06
6.67500777570348e-07
0.0
0.0
0.0
0.0
0.0
0.0
0.0
0.0
0.0
0.0
0.0
0.0
0.0
0.0
0.0
0.0
0.0
0.0
3.543232655524947e-07
4.017756413542294e-06
5.632281149417775e-06
4.742647019842403e-06
2.2277377150204478e-06
9.435706205130791e-07
4.088228937305747e-07
0.0
0.0
0.0
0.0
0.0
0.0
0.0
0.0
0.0
0.0
0.0
0.0
0.0
0.0
2.830416232647047e-07
4.853013205671946e-07
1.0620811032649211e-06
6.942493013341776e-06
7.09927517774123e-05
0.00010899741608685605
0.00012857242956285122
0.00017166003745264487
5.38316475224148e-05
1.538852378112602e-05
3.464964385932345e-07
1.5762252077456122e-07
0.0
0.0
0.0
0.0
0.0
0.0
0.0
0.0
0.0
0.0
0.0
0.0
0.0
0.0
5.764241742519952e-07
4.426819490140758e-07
1.1189836430501984e-06
1.2854620273634381e-06
1.6844177017700424e-06
2.733311848084669e-06
6.237301284380495e-07
0.0
0.0
0.0
0.0
0.0
0.0
0.0
0.0
0.0
0.0
0.0
0.0
0.0
0.0
0.0
1.6899120526932464e-07
0.0
0.0
0.0
0.0
0.0
0.0
0.0
0.0
0.0
0.0
0.0
0.0
0.0
0.0
0.0
0.0
0.0
0.0
0.0
0.0
0.0
0.0
2.7132546257039176e-07
4.840963479500709e-07
8.249287247965975e-07
1.4931890950139389e-06
4.186519996151001e-05
0.00012862583168065148
0.00024110026499673547
0.00036363990350099756
0.0004324392640316042
0.0002094283510157477
8.543639272232146e-05
1.1199212794359806e-05
1.4330440757096905e-07
0.0
0.0
0.0
0.0
0.0
0.0
0.0
0.0
0.0
0.0
0.0
8.355562057740113e-07
6.734317871865776e-07
4.908147738907585e-06
3.318452364066427e-05
8.386564283827805e-05
0.0002321939629591816
0.00038346150933485796
0.0004968375645546978
0.0005569895266131943
0.0003341142062111883
0.00016256958972152036
3.932990546818866e-05
0.0
0.0
0.0
0.0
0.0
0.0
0.0
0.0
0.0
0.0
8.300399673254594e-07
0.0
1.4274306263041526e-06
1.097861623762433e-06
9.223711499659266e-07
3.915883627288786e-06
3.4256269369902095e-05
0.00014194397225169336
0.00027903775307898187
0.00040876775034422446
0.0005095503188261652
0.0003136813530706982
0.00014054723162577453
3.4006032871538044e-05
0.0
0.0
0.0
0.0
0.0
0.0
0.0
0.0
0.0
0.0
0.0
0.0
8.985641396200619e-07
1.8315817338408455e-06
2.779838978249591e-06
4.916761354080494e-05
0.00012678194957656516
0.00032540085749717753
0.0004897848158329366
0.0005934278033578833
0.0006476932170946844
0.0004132844966070856
0.00021005578400214113
5.6960789736251075e-05
4.2078180076607243e-07
0.0
0.0
0.0
0.0
0.0
0.0
0.0
0.0
0.0
7.230135983402287e-06
0.0
1.5207783166103189e-05
5.274447120936477e-06
2.471825328859071e-05
0.00013553677570873445
0.00017102860284831734
0.00032144486904483495
0.0003806525074720833
0.00040956097724185683
0.00041540541895946986
0.0001684483546127169
4.3953212651401375e-05
3.545882545441746e-06
0.0
0.0
0.0
0.0
0.0
0.0
0.0
0.0
0.0
0.0
0.0
0.0
0.0
0.0
0.0
2.1631854062612704e-07
0.0
9.202920104701253e-07
0.0
0.0
1.793389190755419e-06
7.707152209575498e-07
0.0
0.0
0.0
0.0
0.0
0.0
0.0
0.0
0.0
0.0
0.0
0.0
0.0
0.0
0.0
2.3436656922145978e-07
4.451268238946159e-07
0.0
0.0
0.0
0.0
0.0
0.0
0.0
0.0
0.0
0.0
1.3385213900064483e-06
8.929643594406029e-07
2.862537300685833e-07
2.6001032471566774e-07
0.0
2.67890722168513e-07
0.0
0.0
0.0
0.0
0.0
0.0
0.0
0.0
2.3941358350448316e-07
0.0
1.4311509343062643e-06
0.0
2.6009196105724225e-06
4.6889085303969725e-06
0.0
0.0
9.727124546319277e-08
2.0265704750922864e-07
0.0
0.0
0.0
0.0
0.0
0.0
0.0
0.0
0.0
0.0
0.0
0.0
7.622065419674051e-08
0.0
5.537227218195295e-07
5.440265419173943e-07
2.628888960095374e-06
2.1166832085987745e-05
3.961207212193023e-05
4.424762336876802e-05
2.4177545286617345e-05
1.2540603134585554e-05
1.0737586661434361e-07
4.54549181001118e-07
0.0
0.0
0.0
0.0
0.0
0.0
0.0
0.0
0.0
0.0
0.0
8.236890620358785e-08
2.965553397757357e-07
2.988029172538565e-07
8.927906069106899e-07
9.618493361122476e-07
5.223648067938952e-05
9.754808962255162e-05
0.00016794590934650637
0.0002454536207631712
0.00011161925014646992
5.132048892243656e-05
1.0276464034563229e-05
2.9446886899237203e-07
0.0
0.0
0.0
0.0
0.0
0.0
0.0
0.0
0.0
0.0
0.0
6.987607052477702e-07
2.1971742433291183e-07
8.025420820392731e-07
1.0254861865166889e-06
1.634317584270071e-05
0.00012683066718060862
0.0003029979075246839
0.0004206650603970451
0.0005015982612085917
0.0002951411171097114
0.00014324217783168674
5.630902141679631e-05
2.3928504136972373e-06
0.0
0.0
0.0
0.0
0.0
0.0
0.0
0.0
0.0
4.8066512598670386e-06
0.0
1.6583913026723782e-05
2.459369115954883e-06
3.8650487708238124e-07
1.1520787261428448e-06
0.0
1.8446754058614407e-05
2.420822676596434e-05
2.4698561124918465e-05
2.4425469760982444e-05
0.0
0.0
0.0
0.0
0.0
0.0
0.0
0.0
0.0
0.0
0.0
0.0
0.0
0.0
0.0
0.0
0.0
0.0
0.0
3.022102949849212e-07
1.3365747170584598e-06
2.237367505586621e-06
9.382285635928593e-07
2.199411765136958e-06
0.0
0.0
0.0
0.0
0.0
0.0
0.0
0.0
0.0
0.0
0.0
0.0
0.0
3.5581925804534747e-07
1.6961631486934264e-06
0.0
0.0
0.0
0.0
0.0
0.0
0.0
0.0
0.0
0.0
0.0
0.0
0.0
0.0
0.0
0.0
0.0
0.0
0.0
0.0
0.0
0.0
0.0
0.0
0.0
0.0
0.0
0.0
0.0
1.2040344336877178e-06
4.579638906729736e-07
6.853654246478361e-07
2.535022532186535e-06
1.2733908143040451e-06
0.0
0.0
1.231917693348462e-07
0.0
0.0
0.0
0.0
0.0
0.0
0.0
0.0
0.0
0.0
0.0
0.0
0.0
0.0
7.249589822365976e-07
0.0
1.67311683138299e-06
0.0
6.153077562504035e-07
2.7656926081122445e-06
1.1123411501299214e-06
0.0
0.0
0.0
0.0
0.0
0.0
0.0
0.0
0.0
0.0
0.0
0.0
0.0
0.0
0.0
0.0
0.0
0.0
0.0
2.130371838144341e-06
6.835648907745079e-07
1.5111396235438492e-06
6.127529697839657e-06
7.440612619714067e-06
1.343038335345073e-06
0.0
4.6910873301773153e-07
0.0
0.0
0.0
0.0
0.0
0.0
0.0
0.0
0.0
0.0
0.0
0.0
7.284350824102855e-08
0.0
8.475616991701386e-07
1.0899274411163917e-06
1.4320475843368184e-05
5.494695500706678e-05
7.649813835999861e-05
0.00012044850093116203
1.9358629992576646e-06
0.0
0.0
0.0
0.0
0.0
0.0
0.0
0.0
0.0
0.0
0.0
0.0
0.0
0.0
5.359635365383677e-07
4.435540554145945e-07
1.0642647306441013e-06
2.0114583961211537e-06
1.71784031908786e-05
0.00010482819385574448
0.00020695673542669085
0.00032761564444132264
0.00041535712610475586
0.0002241756631990013
8.839091138936347e-05
1.889813391933394e-05
0.0
0.0
0.0
0.0
0.0
0.0
0.0
0.0
0.0
0.0
5.060063148326082e-06
0.0
0.0
0.0
0.0
0.0
0.0
0.0
0.0
0.0
0.0
0.0
0.0
0.0
0.0
0.0
0.0
0.0
0.0
0.0
0.0
0.0
0.0
0.0
0.0
2.4034008193730376e-07
0.0
3.0878105685802014e-07
6.386655004725409e-07
0.0
0.0
0.0
0.0
0.0
0.0
0.0
0.0
0.0
0.0
0.0
0.0
8.162507008119128e-07
3.3273261429431467e-07
2.3028010897459364e-06
0.0
0.0
0.0
0.0
0.0
0.0
0.0
0.0
0.0
0.0
0.0
0.0
0.0
0.0
0.0
0.0
0.0
0.0
0.0
0.0
0.0
0.0
0.0
0.0
0.0
0.0
0.0
4.075005793712118e-07
0.0
0.0
0.0
0.0
0.0
0.0
0.0
2.1975959168276515e-06
0.0
7.225474603763615e-07
2.216531157262155e-06
0.0
0.0
0.0
1.0434427803172488e-07
0.0
0.0
0.0
0.0
0.0
0.0
0.0
0.0
0.0
0.0
0.0
2.5978300720828637e-07
2.7550182892284823e-07
0.0
8.054089097334789e-07
5.412933209707609e-07
7.787800311891324e-06
3.805009502905172e-05
7.256538467696955e-05
0.00014059369419071603
2.596790039387695e-05
6.2942457404156045e-06
0.0
0.0
0.0
0.0
0.0
0.0
0.0
0.0
0.0
0.0
0.0
2.25214050447739e-07
0.0
1.3759791632873332e-06
0.0
0.0
0.0
0.0
4.594517366779362e-06
0.0
0.0
0.0
0.0
0.0
0.0
0.0
0.0
0.0
0.0
0.0
0.0
0.0
0.0
0.0
0.0
0.0
0.0
0.0
0.0
0.0
4.102838153684347e-07
3.8549200777487444e-07
5.624165092665858e-06
2.9854417012521444e-05
5.568868834328963e-05
5.3047991769144086e-05
1.6112658389768546e-06
4.4379863507416776e-07
0.0
0.0
0.0
0.0
0.0
0.0
0.0
0.0
0.0
0.0
0.0
0.0
0.0
0.0
0.0
0.0
0.0
0.0
0.0
0.0
0.0
0.0
0.0
0.0
0.0
0.0
0.0
0.0
0.0
0.0
0.0
0.0
0.0
0.0
0.0
0.0
0.0
0.0
0.0
0.0
0.0
0.0
0.0
0.0
0.0
0.0
0.0
0.0
0.0
0.0
0.0
0.0
0.0
0.0
0.0
0.0
0.0
0.0
0.0
0.0
0.0
1.5338046353719947e-06
1.9410293348136815e-06
4.018433402976913e-06
1.848956885671412e-06
0.0
1.1640013408305665e-05
0.0
8.165593819102535e-06
4.433504505647298e-05
0.0
0.0
0.0
0.0
0.0
0.0
0.0
0.0
0.0
0.0
0.0
0.0
0.0
2.497166267464685e-07
0.0
3.769189561159196e-07
0.0
0.0
0.0
0.0
2.8133852392635043e-06
0.0
0.0
0.0
0.0
0.0
0.0
0.0
0.0
0.0
0.0
0.0
0.0
0.0
0.0
0.0
0.0
0.0
0.0
0.0
0.0
0.0
0.0
0.0
3.3942451340420006e-06
0.0
1.030888473397198e-06
2.3113756571560143e-06
1.880632674398089e-06
0.0
0.0
0.0
0.0
0.0
0.0
0.0
0.0
0.0
0.0
0.0
0.0
0.0
0.0
0.0
0.0
0.0
0.0
0.0
2.0026215644331544e-06
0.0
4.07155558395746e-07
0.0
1.3040407866122224e-06
3.8821956036534554e-07
0.0
0.0
0.0
0.0
0.0
0.0
0.0
0.0
0.0
0.0
0.0
0.0
0.0
0.0
0.0
0.0
1.334098138546012e-06
0.0
1.1793912145657072e-05
5.077803392115779e-07
3.156706240135609e-05
7.852150919673873e-05
2.271034202670887e-05
1.4752175318768323e-05
3.0434874670795077e-07
1.9686790429579786e-07
0.0
0.0
0.0
0.0
0.0
0.0
0.0
0.0
0.0
0.0
0.0
5.830220511455137e-07
1.4514247666403738e-07
0.0
0.0
0.0
0.0
0.0
7.351341903062778e-07
2.1325534302990517e-06
0.0
0.0
0.0
0.0
0.0
0.0
0.0
0.0
0.0
0.0
0.0
0.0
0.0
0.0
0.0
0.0
0.0
0.0
0.0
0.0
0.0
0.0
0.0
0.0
0.0
0.0
0.0
0.0
0.0
0.0
0.0
0.0
0.0
0.0
0.0
0.0
0.0
0.0
0.0
1.0418318146514108e-06
9.662015647025433e-08
6.406339174992183e-07
4.346041677366223e-06
4.688434531148846e-06
6.285596299955904e-06
4.703603083720657e-05
9.827175928318679e-05
0.00014428723594124248
2.2294635435184902e-05
1.2738926094888363e-05
5.700569022352083e-06
0.0
0.0
0.0
0.0
0.0
0.0
0.0
0.0
0.0
0.0
4.237703967362805e-06
1.2666596975582577e-06
2.6348488059133522e-05
5.1137003061538675e-05
6.120322813305763e-05
9.944823794547838e-05
0.0001443992484767872
0.00031686358640358895
0.0004217759046738893
0.0005011040304312777
0.0005751592073380827
0.0003694562892272248
0.00020226028103858388
0.00010150935809325219
1.3445291256033146e-05
0.0
0.0
0.0
0.0
0.0
0.0
0.0
0.0
0.0
5.1652121576769285e-06
1.9693764418522844e-07
1.2944786999592909e-05
3.614598257376989e-05
0.0001034126607576697
0.00024108845542720642
0.0002835770423188674
0.00044675732065798036
0.000544375241656293
0.0006218031226372787
0.0006803875276174402
0.0004628899519939891
0.00024770529555951304
8.629176099341395e-05
8.009218096971768e-06
0.0
0.0
0.0
0.0
0.0
0.0
0.0
0.0
0.0
1.5656768815154191e-06
3.382030542383738e-07
1.0060339841261569e-05
3.54431434696375e-05
4.707910732351939e-05
8.177757240672537e-05
0.00015124503027789357
0.0003667213346372746
0.0005190830298172459
0.0006396384124390498
0.0007718729195087713
0.0006068409850943092
0.00044221387085277916
0.00030431937974278024
0.00013839515471885766
3.1674099547220593e-05
0.0
0.0
0.0
0.0
0.0
0.0
0.0
0.0
5.822810242992313e-06
5.280221229607182e-07
9.858744661322054e-06
2.9216268222637463e-05
0.00010449092540389487
0.0002687557437069763
0.00032870872579676637
0.0005405822897991883
0.0006926388992148795
0.0007294821707411385
0.0006672116761035453
0.00027252187464387584
7.70639425398085e-05
1.7156920915068148e-05
0.0
0.0
0.0
0.0
0.0
0.0
0.0
0.0
0.0
0.0
4.502547130428992e-06
1.8200496999349361e-07
9.204008913850117e-07
0.0
1.075264947554235e-06
1.3305746802470557e-06
0.0
0.0
0.0
0.0
0.0
1.1737342226786301e-07
0.0
0.0
0.0
0.0
0.0
0.0
0.0
0.0
0.0
0.0
0.0
0.0
0.0
0.0
0.0
0.0
0.0
0.0
0.0
0.0
0.0
0.0
0.0
0.0
0.0
0.0
0.0
0.0
0.0
0.0
0.0
0.0
0.0
0.0
0.0
0.0
0.0
0.0
0.0
0.0
4.66041473245747e-07
0.0
0.0
4.126619646716041e-06
5.0247617230595175e-06
7.089398878314637e-06
5.4985894753438045e-05
4.554115386671303e-06
9.341125968771624e-06
2.5760879736777823e-06
3.011583902997563e-07
0.0
0.0
0.0
0.0
0.0
0.0
0.0
0.0
0.0
2.304770109479556e-07
0.0
5.998090230318949e-06
1.2861775915520753e-06
6.717865027221754e-06
1.101594087754865e-05
2.9239710193405685e-06
8.550674146820654e-05
0.0001571832501154268
0.0002028924867310923
0.00024730369098815427
7.962931282117534e-05
3.302563380861718e-05
1.6936907460778615e-05
1.4624859242248646e-07
0.0
0.0
0.0
0.0
0.0
0.0
0.0
0.0
0.0
9.73070696384778e-07
2.7582854648411996e-07
3.4213004212850375e-06
1.3736403708383089e-05
1.5535288493350973e-05
1.001937294073266e-05
0.0
2.7868121950431766e-05
5.8467009112134266e-05
6.749498289492357e-05
7.31297231118015e-05
1.091074425647253e-06
0.0
0.0
0.0
0.0
0.0
0.0
0.0
0.0
0.0
0.0
0.0
0.0
2.42980563507669e-07
0.0
7.504138293278201e-07
1.9060962318418098e-07
4.866170516793504e-07
3.197619743283272e-07
0.0
5.824129174453153e-06
0.0
3.2476025617634493e-07
1.222102493951099e-06
1.7479280846112086e-06
0.0
0.0
0.0
0.0
0.0
0.0
0.0
0.0
0.0
0.0
0.0
0.0
0.0
0.0
0.0
0.0
0.0
0.0
0.0
9.76417877354201e-07
0.0
4.230711050004887e-07
1.6175706508255353e-07
0.0
0.0
0.0
0.0
0.0
0.0
0.0
0.0
0.0
0.0
0.0
0.0
2.839553703884628e-07
0.0
0.0
0.0
0.0
0.0
0.0
0.0
0.0
0.0
0.0
0.0
0.0
0.0
0.0
0.0
0.0
0.0
0.0
0.0
0.0
0.0
0.0
2.5650777329979475e-07
2.5063102485174184e-07
3.319902808084001e-06
5.610738149010834e-07
0.0
0.0
0.0
0.0
0.0
0.0
0.0
0.0
0.0
0.0
0.0
0.0
0.0
0.0
0.0
0.0
0.0
0.0
0.0
0.0
0.0
0.0
0.0
0.0
1.7173139717731492e-06
6.914968534592764e-07
1.403678883766323e-05
2.3833539041595004e-05
2.1373632773704545e-05
0.00018307109957395274
0.0003303471155216656
0.00043942613540581506
0.0005311656432550437
0.00036743436652251474
0.0002233679214507492
0.00010850777558917968
1.7307828843729848e-05
0.0
0.0
0.0
0.0
0.0
0.0
0.0
0.0
0.0
5.395076747771429e-06
6.252416817770928e-07
2.4368348718267496e-05
5.66006831679402e-05
0.00012691045297352326
0.00029938393838481827
0.0003822567174620228
0.0005870232865646371
0.0007254018871152618
0.0008574823820180587
0.0010014457549432567
0.0008174890328728941
0.0006347931231304015
0.00047267375387904665
0.0002886989193502897
0.0001320960608945454
0.0
0.0
0.0
0.0
0.0
0.0
0.0
0.0
1.6102715023773608e-05
1.2306911305561809e-05
0.00014817648841298676
0.00035859878450068545
0.0004774824700505732
0.0005629849923914915
0.000563297532499261
0.000716115917984714
0.0008010869839545874
0.0008648108333484635
0.0009499241964488881
0.0007176201352016536
0.0005089488079933461
0.00037210397222112607
0.00019897039740546856
8.63782430714122e-05
0.0
0.0
0.0
0.0
0.0
0.0
0.0
0.0
2.2685758227342895e-05
2.3591227521524426e-06
1.4424781478010663e-05
1.890360055363749e-05
9.457067588086682e-05
0.0001913302652788705
0.0001998764157482494
0.00032222678081077417
0.00038504215920166497
0.000397812139869857
0.0003699568463663209
0.00010290508921925228
2.131911324999923e-06
0.0
0.0
0.0
0.0
0.0
0.0
0.0
0.0
0.0
0.0
0.0
6.710111565702503e-06
5.718528605692606e-07
1.6593929016476085e-05
3.694333269833873e-05
9.766147617595065e-05
0.0002174419327079208
0.00023669896112655245
0.0003671878419319718
0.00037076022944364435
0.00041981387973263814
0.00048746710656309564
0.00024644229889341006
0.0001032809115060857
3.129329952571672e-05
1.860568491137812e-07
0.0
0.0
0.0
0.0
0.0
0.0
0.0
0.0
0.0
5.964233234424872e-06
4.317766047261265e-07
1.32644554325581e-06
0.0
0.0
0.0
0.0
0.0
0.0
0.0
0.0
0.0
0.0
0.0
0.0
0.0
0.0
0.0
0.0
0.0
0.0
0.0
0.0
0.0
0.0
0.0
0.0
0.0
0.0
0.0
0.0
0.0
0.0
0.0
0.0
0.0
0.0
0.0
0.0
0.0
0.0
0.0
0.0
0.0
0.0
0.0
0.0
0.0
0.0
1.3905261272381032e-07
1.8901069539343578e-06
1.346028168164484e-05
3.164966531976535e-05
3.5069305346675075e-05
4.624390524182602e-05
0.00023430182143310436
0.0003445512227709903
0.0004329753803888253
0.0005432607625669516
0.00036745838488183835
0.00020411199963228988
9.980112047849776e-05
1.2305499847957589e-05
0.0
0.0
0.0
0.0
0.0
0.0
0.0
0.0
0.0
1.9966181480463874e-05
0.0
1.8173131056405823e-05
3.3306060320463755e-05
0.00012790110631366412
0.00022643651315212444
0.00023851876351162308
0.00036575029814218984
0.0004242203921768502
0.0004646430099918234
0.0005183063284334402
0.00032204873900947603
0.00017392876940231953
8.438180175919592e-05
9.91413552201215e-06
0.0
0.0
0.0
0.0
0.0
0.0
0.0
0.0
0.0
5.176712061433451e-06
2.878368886104553e-07
1.3727245588133845e-05
1.909390312673721e-06
0.0
7.059268955655188e-06
7.223308510184663e-06
0.00010628972300758846
0.00016793568581710365
0.0002296866626033466
0.0003260000582612986
0.00019150968025340127
0.00010064144335815969
6.76143937378057e-05
2.5910819438744294e-05
0.0
0.0
0.0
0.0
0.0
0.0
0.0
0.0
0.0
4.630267118727507e-06
6.33077180906865e-07
9.276908143603766e-06
3.379410004670648e-05
7.489922478886548e-05
0.0002268275355830294
0.0003080007843948962
0.0004995908485272166
0.000619536540224296
0.0007358424960765133
0.000869775547382679
0.0006995340758265861
0.000547613894984494
0.00041202069263696897
0.0002534639752947402
0.00014638244807095333
0.0
0.0
0.0
0.0
0.0
0.0
0.0
0.0
3.165767486752032e-05
1.219273292128973e-06
7.649115763040467e-05
0.0002669180864406812
0.0004222388334236522
0.0005424642906322707
0.0005483616380803835
0.0006940313079514244
0.0007742990071036197
0.0008294183232849186
0.0008863403518537063
0.0006370406198412266
0.0004340986481861658
0.0002828983749123572
0.00013251372081089186
4.210791554192339e-05
0.0
0.0
0.0
0.0
0.0
0.0
0.0
0.0
1.692508722755672e-05
6.019994179949074e-07
1.2660326127978552e-06
0.0
4.642153949468621e-06
2.6337563598512416e-07
0.0
0.0
2.7370111686809484e-07
0.0
0.0
0.0
0.0
0.0
0.0
0.0
0.0
0.0
0.0
0.0
0.0
0.0
0.0
0.0
0.0
0.0
0.0
0.0
0.0
0.0
0.0
0.0
0.0
0.0
0.0
0.0
0.0
0.0
0.0
0.0
0.0
0.0
0.0
0.0
0.0
0.0
0.0
0.0
0.0
0.0
0.0
0.0
0.0
0.0
0.0
0.0
0.0
0.0
0.0
0.0
0.0
0.0
0.0
0.0
0.0
0.0
0.0
0.0
0.0
0.0
0.0
0.0
0.0
0.0
1.7816027894555424e-06
1.8555479255401162e-06
0.0
0.0
0.0
5.2000979003885425e-06
0.0
5.669415472978128e-06
6.271008054567644e-05
2.2273746706686746e-05
2.5790032404623126e-05
1.2569329540212497e-05
0.0
1.643293287299462e-07
0.0
0.0
0.0
0.0
0.0
0.0
0.0
0.0
0.0
0.0
2.6069513319145003e-06
8.057005833035987e-06
1.900489501139005e-05
1.669585440282535e-05
1.6174292849967354e-05
0.0001565074561951051
0.0002978202018809943
0.000393025150501762
0.0004797553433280057
0.0003090982155380842
0.00020164518942335008
0.00010568002695526914
3.183515360195653e-05
0.0
0.0
0.0
0.0
0.0
0.0
0.0
0.0
0.0
4.979612265323743e-06
7.583102065208878e-07
1.322370503305491e-05
1.7100863761460075e-05
4.129503149365449e-05
7.257881050126815e-05
5.720904490778072e-05
0.00018437072666318083
0.00026384677632830083
0.00030150435622314686
0.0003066225674459158
8.106127871281547e-05
1.324592170141693e-05
8.693665637950402e-06
0.0
0.0
0.0
0.0
0.0
0.0
0.0
0.0
0.0
0.0
3.739195454923753e-06
0.0
1.279195421488137e-05
5.1787622689389015e-06
2.8072966995036706e-05
7.159835108597529e-05
8.774575685556282e-05
0.00019664234075966584
0.00027591724299295755
0.00029689059178276993
0.0003837426101848833
0.0002315831942766879
0.0001124741071359602
4.643529083937797e-05
1.2687914446822662e-05
0.0
0.0
0.0
0.0
0.0
0.0
0.0
0.0
0.0
3.982681439121233e-06
0.0
8.317740256462797e-07
9.023725647233316e-08
3.2543600245015193e-06
3.5777104072662176e-06
0.0
0.0
1.8425464995231684e-07
0.0
0.0
3.310546813802197e-07
0.0
0.0
0.0
0.0
0.0
0.0
0.0
0.0
0.0
0.0
0.0
0.0
0.0
0.0
0.0
0.0
0.0
0.0
0.0
0.0
0.0
0.0
0.0
0.0
0.0
0.0
0.0
0.0
0.0
0.0
0.0
0.0
0.0
0.0
0.0
0.0
0.0
0.0
5.655644377308045e-06
6.806296996884619e-06
2.7551182814162057e-05
2.8872040990131503e-05
3.65090582862114e-05
0.00021314767971125615
0.0003307921508899888
0.00043614546841981095
0.0005193125247919417
0.0003415212483105613
0.00025718803157442167
0.00019899677799513745
8.102920231351537e-05
6.386630221922346e-06
0.0
0.0
0.0
0.0
0.0
0.0
0.0
0.0
1.3663765336708485e-05
1.1922776740518692e-06
1.6515582036976385e-05
7.686244923006805e-05
0.00024184321066988333
0.0003718029801923382
0.0003933781197954232
0.0005750099344638004
0.0006603892707761071
0.000693876331477349
0.0007465589933736349
0.0004214118696792394
0.0003137561310079437
0.00020524635394630848
2.8425183043157976e-05
0.0
0.0
0.0
0.0
0.0
0.0
0.0
0.0
0.0
3.307320759947073e-05
1.3493023087640903e-06
2.7948356822612294e-05
0.00010830499225924784
0.00019283910786879052
0.00026692537006015005
0.00019453392113735114
0.0003100448818115581
0.0004138463044286083
0.0004947672029277468
0.000580291375455193
0.0003369064115297239
0.00019910263351479715
0.00013988733286653693
4.625138262469008e-05
2.452850884933403e-06
0.0
0.0
0.0
0.0
0.0
0.0
0.0
0.0
6.778251783936634e-06
5.925502305842055e-07
1.2594366848871411e-05
4.588742051431492e-05
0.00020205788739253858
0.00035240148057878067
0.00039806525137245276
0.0005789931746867551
0.0006995033699057204
0.0007744882329997293
0.0008466947845152926
0.0005838083673421208
0.00035416381903194925
0.0002971778005367345
0.00018738906295252743
5.6078926566341686e-05
0.0
0.0
0.0
0.0
0.0
0.0
0.0
0.0
3.087851999832865e-05
2.406694858575539e-06
0.00011925755125830059
0.0003488866620791758
0.0005416201427766781
0.0006712535488550287
0.0007555048087906802
0.0010110307297371685
0.0011650049823667512
0.0013631257126370238
0.0015574891896324712
0.0012787332852856204
0.0010363905953773337
0.0008886986331854564
0.0006648684335406991
0.00048482249227944197
0.0
0.0
0.0
0.0
0.0
0.0
0.0
0.0
9.955926321621112e-05
7.476951923817608e-06
9.406887495776597e-05
9.610770831392327e-05
0.00011896379416176804
0.00019885537216423618
0.00024464185033567506
0.00032420014428968135
0.0001557571124501301
9.298308959024658e-06
0.0
0.0
0.0
0.0
0.0
0.0
0.0
0.0
0.0
0.0
0.0
0.0
0.0
0.0
0.0
0.0
0.0
0.0
0.0
0.0
0.0
0.0
0.0
0.0
0.0
0.0
0.0
0.0
0.0
0.0
0.0
0.0
0.0
0.0
0.0
0.0
0.0
0.0
1.0707127464738313e-06
1.9742847286503923e-07
1.0689375049427225e-05
2.356776340947874e-05
3.7069794466169345e-05
4.6261882630143496e-05
3.6726263677336245e-05
0.00018404498497512153
0.0002657329563562916
0.00033015795993901074
0.0003770954503503787
0.00012767988843722657
7.3156946591308915e-06
2.2537185019773797e-06
0.0
0.0
0.0
0.0
0.0
0.0
0.0
0.0
0.0
0.0
9.700994969154525e-06
4.525368645954345e-07
1.6035427544148398e-05
7.858218187061287e-06
5.385236895958118e-05
0.00014958733136346866
0.0001473597607406713
0.0002601681247059434
0.00032738020304775764
0.0003864981215119374
0.0003939674994204488
0.00014989226070451916
5.547974498849799e-05
1.3493958905536281e-05
0.0
0.0
0.0
0.0
0.0
0.0
0.0
0.0
0.0
0.0
7.038890075535612e-06
0.0
1.8953617575247736e-05
6.680931247540091e-06
3.228529822177358e-06
1.1456210184374588e-05
0.0
3.621965538884197e-05
3.273046394827636e-05
3.7346547512472566e-05
3.917682904713095e-05
0.0
0.0
0.0
0.0
0.0
0.0
0.0
0.0
0.0
0.0
0.0
0.0
0.0
6.39836236148923e-07
0.0
5.866869582419415e-06
8.09768201558701e-06
2.83877420000824e-07
0.0
2.255641429532971e-06
4.1157928767742455e-05
0.00010752684594075768
0.00016559083262987918
0.00015423007306511366
7.137858812628443e-05
3.555789341318129e-05
4.12441605613343e-05
1.600594464651946e-05
0.0
0.0
0.0
0.0
0.0
0.0
0.0
0.0
0.0
4.413000204640802e-06
7.451305451050713e-07
2.5403127201247877e-05
6.071900896140051e-05
0.00012304838484878075
0.00027400010193702473
0.00032381414971123577
0.0005189102938088608
0.00042753073797019794
0.00035051084551685694
0.0005157855548043007
0.0004356556691675877
0.0002073624634864206
7.811169665081514e-05
1.502558645490345e-05
3.129145535295937e-07
0.0
0.0
0.0
0.0
0.0
0.0
0.0
0.0
1.068640346358645e-05
5.901636354269715e-07
3.0429988632498346e-06
2.1607229510622535e-05
3.346251037533543e-05
2.9232057229377996e-05
1.7826774839689482e-05
1.8347687275996313e-05
5.054406753039478e-05
0.00010608868491069629
8.717107392748703e-05
8.20754388569949e-06
0.0
0.0
0.0
0.0
0.0
0.0
0.0
0.0
0.0
0.0
0.0
0.0
0.0
0.0
0.0
0.0
0.0
0.0
0.0
0.0
0.0
0.0
0.0
0.0
0.0
0.0
0.0
0.0
0.0
0.0
0.0
0.0
0.0
0.0
0.0
0.0
3.4531052493540044e-05
0.0
7.152369197181329e-05
0.0002379847098258621
0.0003263433644991863
0.00039798892456563764
0.00034333964384639185
0.0004790062229326238
0.0006968204553455819
0.0007822799194024776
0.0008250561119246951
0.0005977671223381119
0.0004477899596961557
0.0003570712648695781
0.00024266473896264337
0.00012800563894122674
0.0
0.0
0.0
0.0
0.0
0.0
0.0
0.0
3.1179477032372954e-05
0.0
3.721632763884783e-05
0.0002351200402027774
0.0003853879624881656
0.0005127770610837038
0.0006066111159775998
0.0008181330760615131
0.0008721046654988562
0.0009581428817874571
0.0010499806999386542
0.0007592218900778944
0.0005678239489838567
0.00044206813144104625
0.00022923441614138324
9.920885655129764e-05
0.0
0.0
0.0
0.0
0.0
0.0
0.0
0.0
3.137391295441544e-05
8.208765682493447e-06
0.00012401366796332256
0.0003022085865469657
0.00041516686369502686
0.0004921949716292724
0.0005184623084862239
0.0006966953513387692
0.0008053419438468761
0.0009616776675228308
0.0010853473208264754
0.000852103366387962
0.0007388672789177212
0.0006957697099453321
0.000556353483201061
0.00033095570630543966
0.0
0.0
0.0
0.0
0.0
0.0
0.0
0.0
3.349779133909715e-05
1.0104451777375123e-05
0.00021584303000198683
0.000435611275861179
0.0006250359573078558
0.0007728554783912628
0.0008523014922518672
0.001190648046934817
0.0013687679277209317
0.001479325663082836
0.00165335821613383
0.0014066365911683109
0.001233237039634942
0.0011323058952885747
0.0009222776136992005
0.0007293209831053294
0.0
0.0
0.0
0.0
0.0
0.0
0.0
0.0
0.0002234301794503858
0.0002561202643031142
0.0007961076566508346
0.0010645544936061977
0.0012399928581455452
0.0014447468444750795
0.001496977602474985
0.0016950195139719129
0.0017830893115641133
0.0018585720423328455
0.00198623095990651
0.0016587454154653252
0.0014355341457043642
0.0012421010753125101
0.0009684003464486687
0.0007320022182893125
0.0
0.0
0.0
0.0
0.0
0.0
0.0
0.0
0.00013583186835237215
0.0001300892718125998
0.0003496277922692473
0.0004851813288519174
0.000581843395649773
0.0007029911222699038
0.0006999510265359371
0.0008111336479202616
0.0009646373544957429
0.0009935954098559245
0.0010519524907052094
0.0010501387623431996
5.9655123838224645e-05
5.248739981112335e-05
0.0
0.0
0.0
0.0
0.0
0.0
0.0
0.0
0.0
0.0
0.0
0.0
0.0
0.0
3.319549157519069e-05
0.0
0.0
0.0
0.0
0.0
7.162649041577492e-05
0.00016616167913167877
0.0002134719847833734
0.00019086800567958562
0.00014760971000101763
2.4842655020533233e-05
0.0
0.0
0.0
0.0
0.0
0.0
0.0
0.0
0.00022579090300718242
0.0002631802703831182
0.0007641508810456917
0.001012979241545033
0.0012004983639203907
0.0014111504832838976
0.0015470538610435557
0.0018525327122833337
0.0019563259013316344
0.0020643088534572094
0.002134286868207154
0.0017159630207468724
0.0014212431998238163
0.001245868916998931
0.0010439798604864954
0.0009041645835023162
0.0
0.0
0.0
0.0
0.0
0.0
0.0
0.0
0.0002298339396687433
0.00033441763420667567
0.0008688194332940408
0.001079871470259391
0.0011895174388176246
0.0012435763357711
0.0012464521806457524
0.0013097415397629888
0.0012398176752968447
0.0012339220533434624
0.0013016760030319966
0.0010502205897636118
0.0009415347231727562
0.0008689662362157442
0.0006337263402110971
0.0004085675255720918
0.0
0.0
0.0
0.0
0.0
0.0
0.0
0.0
4.550517716883562e-05
4.075728021135841e-05
0.0004048954344271557
0.0006201859131964931
0.0008072538938569562
0.0009460769418820163
0.0009015770089097573
0.0009270677282305324
0.001131858509610839
0.001335911015603052
0.0014019552076268433
0.00106622597460353
0.0008805044274099268
0.0007793368172878658
0.0005841909759434649
0.0004368376670866153
0.0
0.0
0.0
0.0
0.0
0.0
0.0
0.0
4.1365936896751635e-05
3.0258524584968896e-05
0.00040705659569187505
0.0006388714940463228
0.0008333195084012512
0.0009934609403627675
0.001068964906884897
0.0013080474592399838
0.0014391150889754992
0.0015888029430767944
0.001756587378131498
0.0014776865262251873
0.0013249401460059807
0.0012500143249674631
0.0010178503253916729
0.000695354126208244
0.0
0.0
0.0
0.0
0.0
0.0
0.0
0.0
0.00016787272575391064
0.00022847725625239692
0.0007840326089664258
0.0010502337599045683
0.001295627103913621
0.001515668788683642
0.0016335895313137549
0.0019895399101180888
0.0020590550480467187
0.002128118122662985
0.002125912829944722
0.0015993560144085509
0.0014188848499824367
0.001326504806023609
0.0009567725140754668
0.0006245331735609381
0.0
0.0
0.0
0.0
0.0
0.0
0.0
0.0
4.809555117483653e-05
7.416165974149504e-06
5.855961566525573e-05
0.00013191073133200873
0.00023871988309271235
0.00032492588334195817
0.00030375872952121986
0.00035662391199600696
0.00043057176767395086
0.0004048376816804426
0.00032405755208649744
0.00017972258430112707
0.0
0.0
0.0
0.0
0.0
0.0
0.0
0.0
0.0
0.0
0.0
0.0
0.0
0.0
0.0
0.0
0.0
0.0
0.0
0.0
0.0
0.0
0.0
0.0
0.0
0.0
0.0
0.0
0.0
0.0
0.0
0.0
0.0
0.0
0.0
0.0
3.0962451814468935e-05
5.253610728452985e-06
0.00012931925072745654
0.0003145298267464818
0.0004278841734535599
0.0005030374542590841
0.0005624293514014161
0.0008374877783566114
0.001070693368819577
0.0012771285529475235
0.0014642573129911162
0.001248338470942457
0.0010029805466488738
0.0008095617295957914
0.0005874873349542679
0.00044484495386323483
0.0
0.0
0.0
0.0
0.0
0.0
0.0
0.0
0.0
0.0
0.0
0.0
0.0
0.0
0.0
0.0
0.0
0.0
0.0
0.0
0.0
0.0
0.0
0.0
0.0
0.0
0.0
0.0
0.0
0.0
0.0
0.0
6.124277197648197e-05
5.489195317467319e-05
0.0004932620677778317
0.0007051352281363824
0.0008568930004136504
0.0009714776262913852
0.0010312053611121193
0.001327244793334961
0.0015380379753607027
0.0016383299107834072
0.0016862780894213829
0.0012548448935205644
0.0009680066883291275
0.0008195501490181788
0.0006021247471960155
0.0005024616428561792
0.0
0.0
0.0
0.0
0.0
0.0
0.0
0.0
0.00011671164090563721
0.0001359441477134183
0.0005754636636320197
0.0007922715681924941
0.0010051731059535142
0.0011115509174608445
0.0011450716385374318
0.0014184558956624605
0.0015054447298852897
0.0015242581217286965
0.0015182975392631392
0.0010982720676266386
0.0008388854125953684
0.0007257357849136441
0.0006073663766088888
0.0004568496392007789
0.0
0.0
0.0
0.0
0.0
0.0
0.0
0.0
5.0197652572047744e-05
2.6325423472400846e-05
0.00038756805049573387
0.0006469913522796077
0.0008727112272858558
0.001066352700986621
0.001116458096610743
0.0013431014942468485
0.0015052860482699692
0.0016395076378989887
0.0017568251921171254
0.001467295801667819
0.0012302884272216463
0.001000561208690011
0.0007733451898920974
0.0006285270193262949
0.0
0.0
0.0
0.0
0.0
0.0
0.0
0.0
0.0001484542427503502
8.816123861294335e-05
0.00025374244798921365
0.00036459216808644635
0.00047199023036387027
0.0005437089153578614
0.0005234058818892049
0.0006211569911453538
0.0007339875963602815
0.0007864409244479517
0.0008195723679970033
0.0007761555840730788
0.0
0.0
0.0
0.0
0.0
0.0
0.0
0.0
0.0
0.0
0.0
0.0
0.0
0.0
0.0
0.0
0.0
0.0
0.0
0.0
0.0
0.0
2.4051200910595022e-05
8.026960160306495e-05
6.749812291508276e-05
7.99178997976141e-05
4.433582573241356e-05
0.0
0.0
0.0
0.0
0.0
0.0
0.0
0.0
0.0
0.00017534018524393663
0.00017836540982355307
0.0006866938660206467
0.0009149862780228099
0.0010707918802456819
0.0011949766849452233
0.0012018531910082916
0.0013860262735188875
0.0014985976848076422
0.0015517123319316825
0.001603994930081661
0.0012829420933819337
0.0010396663853052795
0.0008826637224433558
0.0007080647027862993
0.000550192044013611
0.0
0.0
0.0
0.0
0.0
0.0
0.0
0.0
0.00015546123733996387
0.0001200085884161233
0.0005289089712861249
0.0007368017166887331
0.0008714728974440603
0.0009739512399163455
0.0009971393185851476
0.001205904242234226
0.0013478317709834436
0.0014026415794671787
0.0014157977964728333
0.0010538576143920575
0.0007936694591959548
0.0006265983460816715
0.00046599880842402886
0.0003739524040593968
0.0
0.0
0.0
0.0
0.0
0.0
0.0
0.0
0.00010956310331085955
6.341296410420208e-05
0.00048134694898135824
0.0006583499543426438
0.0007684925153808489
0.0008506892088417445
0.0008515003526210338
0.0010137452131273531
0.001107716192760607
0.0011814862230467372
0.0012494671798028312
0.0009758361858110246
0.0007857077776428916
0.0006529684265890293
0.0005145022403909698
0.0003766534865312428
0.0
0.0
0.0
0.0
0.0
0.0
0.0
0.0
7.524868347685326e-05
4.92396987300012e-05
0.0003874003224403979
0.0005329229555789342
0.0006176069812998011
0.0006805563819994238
0.000688134068493135
0.0008631607838889344
0.0009755953202249418
0.0010801024223189464
0.0012095715640710596
0.001001889734988794
0.0008471862265792652
0.0007233151369971035
0.0005590781947633
0.00039639323423881485
0.0
0.0
0.0
0.0
0.0
0.0
0.0
0.0
8.83886434528817e-05
8.852403471704302e-05
0.0005321975785945402
0.0006970904055574574
0.0007849868940363884
0.0008432620646936929
0.0008444434100130042
0.0010026485123389038
0.001079785378047214
0.0011616234715378783
0.0012366996777882656
0.001013817091842219
0.0008041120223519014
0.0006545439793182823
0.0004876116463832311
0.0003401382643276253
0.0
0.0
0.0
0.0
0.0
0.0
0.0
0.0
6.620228291160831e-05
4.2869070996185614e-05
0.00014776953800111795
0.0002456302584349145
0.0002980354130579587
0.000324698196157031
0.0002833273183725326
0.0003347652316181992
0.00039632135109250754
0.000437708831525701
0.0004454493823146457
0.00038651691449907325
0.0
0.0
0.0
0.0
0.0
0.0
0.0
0.0
0.0
0.0
0.0
0.0
0.0
0.0
0.0
0.0
0.0
0.0
0.0
0.0
0.0
0.0
0.0
3.567673602389759e-05
9.988478174190864e-05
8.189996911988907e-05
4.3263850784436956e-05
0.0
0.0
0.0
0.0
0.0
0.0
0.0
0.0
0.0
0.0001081927723535187
0.00011811096302964644
0.0005890318820894305
0.000835496954553528
0.0010384213923399822
0.001216973783682948
0.0012871225684206594
0.0015567955669225967
0.0017392890028550018
0.0018821394001437841
0.0020667405571624885
0.0018497569171443578
0.0015940077660001072
0.0013463550619568234
0.0010945882748456235
0.000843544404058538
0.0
0.0
0.0
0.0
0.0
0.0
0.0
0.0
0.00028997260365101984
0.0003291819398745047
0.0008394522308231893
0.0010740710986042053
0.0012461630926330985
0.001384720200451639
0.0014323345140091084
0.0016997192014113146
0.001908922663741225
0.0020434048322108323
0.0021651457215156084
0.001877491007441879
0.0016074518016755519
0.0013802437405759246
0.0011455168447060172
0.0008897854780364977
0.0
0.0
0.0
0.0
0.0
0.0
0.0
0.0
0.0003141913175670535
0.00038670939773815486
0.000946444886517112
0.0011982574946762903
0.0013334404270405136
0.0014238793705701898
0.0014764432656674772
0.001760853273802539
0.0019950159642662876
0.0021104452474233495
0.002153989155369951
0.0017754785217766972
0.001457325985836401
0.0011859831314732158
0.0009263649391447271
0.0007710594514948734
0.0
0.0
0.0
0.0
0.0
0.0
0.0
0.0
0.0002848637497133256
0.00025516090380264215
0.0007016813999992326
0.0009393968802731689
0.00116085357063489
0.001321101128405265
0.001394465665438957
0.001674908194081185
0.0018722492680909363
0.00197731733827012
0.002031687414453587
0.0016856496264116216
0.0014071525667992116
0.001183103834960967
0.0009536479746817723
0.0007841735955193738
0.0
0.0
0.0
0.0
0.0
0.0
0.0
0.0
0.00027616533406689495
0.00030942559079764084
0.0008133612554386783
0.0010785418519267057
0.0013085856469267723
0.0015130826289195556
0.0015739269841140728
0.0018221637777012716
0.00198629433552497
0.00211854422476761
0.0022730059010493482
0.0020056198629936463
0.0017399825152251515
0.0014878576627378624
0.001196673115388013
0.0009926415333649523
0.0
0.0
0.0
0.0
0.0
0.0
0.0
0.0
0.000667425427928137
0.0006040579189444386
0.0007116101177127151
0.0006916497931726925
0.0006376066442447211
0.0005294562118591869
0.0004025336528918266
0.0004050223556237171
0.0003449681868176506
0.0003849494116178357
0.00045229033508198976
0.00044754012507178205
0.0
0.0
0.0
0.0
0.0
0.0
0.0
0.0
0.0
0.0
0.0
0.0
0.0
0.0
0.0
0.0
0.0
0.0
0.0
0.0
0.0
0.0
1.379627964860354e-06
9.780463601647396e-05
8.155328340458247e-05
0.00010701814512395297
5.565570917568199e-05
0.0
0.0
0.0
0.0
0.0
0.0
0.0
0.0
0.0
0.00013494843620127868
0.00010146463958230746
0.0005527116348237849
0.0007267218738702848
0.0008393248214896541
0.000922224392188331
0.0009107307568717217
0.0010918434756927063
0.001201706182195111
0.001274462146538423
0.001354304912057813
0.001072642236755683
0.0008420649938093614
0.0006780994727438436
0.0005022293380106478
0.0003743311572836573
0.0
0.0
0.0
0.0
0.0
0.0
0.0
0.0
0.000134267990323133
4.705077883569003e-05
0.0004236916067669168
0.0005866415853366152
0.0007103970752487218
0.000830769447018371
0.0008424214758776183
0.0010234043776370058
0.0011336269084604915
0.0011775827971725172
0.0012062232875370783
0.0009069530488529583
0.0006946406177148829
0.0005592237976665396
0.00039656071843145426
0.0002699656272472215
0.0
0.0
0.0
0.0
0.0
0.0
0.0
0.0
5.809924670939145e-05
2.2586667797429463e-05
0.00036584317313836847
0.0005631970337547382
0.0007227016737967374
0.0008604119064622446
0.000912436347864845
0.001143069798625327
0.0012969186607080347
0.0014090415645285242
0.0015224126276051158
0.001261234397244912
0.0010439994935145754
0.0008833821539675199
0.0006917861943416114
0.0005248082316686671
0.0
0.0
0.0
0.0
0.0
0.0
0.0
0.0
9.548976863011262e-05
7.945131560814011e-05
0.0005327617891836396
0.000739912975016747
0.0008923152007646531
0.0010179380417669284
0.0010697513495497603
0.0013268926804231031
0.0014982596522154696
0.001585271487506742
0.0016271632857527856
0.001274176869956129
0.0009933663287866722
0.0008456850302780769
0.0006625805504848676
0.0005056470514504295
0.0
0.0
0.0
0.0
0.0
0.0
0.0
0.0
7.83259993145578e-05
4.758166769371326e-05
0.0005026454317469952
0.0007084879070001121
0.0008578454282854368
0.001012892812337101
0.0009840668587672676
0.0010690487160489326
0.001073183914706783
0.0010590314533707628
0.0010273728130266925
0.0006822236333104279
0.0004633874161687816
0.0003557134151609991
0.00022819298376894825
0.0001439672402917613
0.0
0.0
0.0
0.0
0.0
0.0
0.0
0.0
4.154858881069612e-05
2.1015272751952873e-06
6.32536991913719e-05
0.00018606137630270702
0.00029966487916822113
0.00037399414476202637
0.0003547116256329483
0.0004327486321119447
0.0005213981572337874
0.0005799327157385708
0.0006646668782443045
0.0006888174591915224
0.0
0.0
0.0
0.0
0.0
0.0
0.0
0.0
0.0
0.0
0.0
0.0
0.0
0.0
0.0
0.0
0.0
0.0
0.0
0.0
0.0
0.0
1.1842303627488632e-06
9.338732312560359e-05
6.805165690706617e-05
7.85510066705826e-05
1.4169027688726518e-05
0.0
0.0
0.0
0.0
0.0
0.0
0.0
0.0
0.0
0.0001103334030925079
8.696442281458134e-05
0.0005276258419621953
0.0007439537820081918
0.0009209457777778148
0.0010843647297584492
0.0011690822182210301
0.0014450675174378707
0.0016339058254285662
0.001780354506551778
0.0019439700719604562
0.001733779056341731
0.0014909734105727837
0.0011842865108416599
0.000822859998354892
0.0005929375109817901
0.0
0.0
0.0
0.0
0.0
0.0
0.0
0.0
0.00013456627480962346
8.279696717933635e-05
0.0005211132088331135
0.0007205958947268866
0.0008754954306481317
0.001010784734450606
0.0010462918621483434
0.0012534889452592017
0.00137158306637524
0.0013878401698949247
0.0013426717487003113
0.0008991705976869928
0.0006099613609850855
0.0004677501659800774
0.00031725348437323096
0.00024255514827763332
0.0
0.0
0.0
0.0
0.0
0.0
0.0
0.0
5.537038430954584e-05
0.0
0.0002246000398221489
0.0003604476757885067
0.0004461409027850743
0.0005140263488872176
0.0004359709742114363
0.000496282955630072
0.0005120417485875782
0.0005186024744364628
0.0005152259519226183
0.0002543127182006337
9.637611983277664e-05
3.579433429934888e-05
5.388077253889135e-07
0.0
0.0
0.0
0.0
0.0
0.0
0.0
0.0
0.0
2.5888223746331355e-05
1.8919630204057605e-06
6.869041381164221e-05
0.0001454143920698075
0.00026451415638979373
0.00035361990133808187
0.0003765136273418158
0.0005573180280412268
0.0006678365573062996
0.0007665548498587644
0.0008940654215494539
0.0007312347608584141
0.0006261007702892439
0.0005597515456797931
0.0004338120602889361
0.00029297202310352025
0.0
0.0
0.0
0.0
0.0
0.0
0.0
0.0
2.8597444192649708e-05
1.0419816127152571e-05
0.00015379589725227806
0.00033489826785183894
0.0004738732144040495
0.0005955475627153152
0.0006613094353609987
0.0009151784398905737
0.0011074764190082069
0.0012584317778466777
0.001418369378375493
0.0012092834402476823
0.001031838411599755
0.0008960437009229007
0.0006921906751598966
0.0005185517167825104
0.0
0.0
0.0
0.0
0.0
0.0
0.0
0.0
4.547410373502015e-05
7.951226106325075e-06
7.715034708280837e-05
0.000218673433737194
0.00036965388713043975
0.000519808979551618
0.0005198271008104954
0.0005858939700263284
0.0006571039235810796
0.0007112450607046105
0.0007843749866750635
0.0007962891179494813
3.469592679155066e-05
0.0
0.0
0.0
0.0
0.0
0.0
0.0
0.0
0.0
0.0
0.0
0.0
0.0
0.0
0.0
0.0
0.0
0.0
0.0
0.0
0.0
3.707242271108362e-05
0.00012226517421013138
0.00011762786485213398
6.031888846156309e-05
3.154400074671063e-05
0.0
0.0
0.0
0.0
0.0
0.0
0.0
0.0
0.0
0.00012001269013783295
0.00013067798305331545
0.0006272997978436981
0.0008841425094073692
0.0010817755178621352
0.0012572319477893318
0.0012604739937002616
0.0014118298544909807
0.0014771614782643216
0.0015585924502956598
0.0016839179613310834
0.0014240318134844088
0.0011854321614343357
0.0009988646907094893
0.0007867247728249155
0.0006238485949327036
0.0
0.0
0.0
0.0
0.0
0.0
0.0
0.0
0.00018478008675112912
0.00016138273552462713
0.0006430089460311659
0.000846785900943431
0.0010043197193402935
0.001145720545678955
0.001217847603119914
0.0014865970818411759
0.0016578461760534905
0.0017778020861712077
0.001896692211952801
0.0015951780179502529
0.001316871726755034
0.0011048927636815656
0.0009024672345574603
0.0007150807398192893
0.0
0.0
0.0
0.0
0.0
0.0
0.0
0.0
0.00017624109358425295
0.0001421318958610879
0.0005670450421163157
0.000771675956665857
0.0009350970669681179
0.0010783983433559333
0.001172984610885464
0.0014770529365933155
0.0017280102877393795
0.0019023520438056028
0.00201648673774606
0.0017632789845844965
0.0014402736344846174
0.0011193225295474175
0.000800181007990549
0.0006295050394484181
0.0
0.0
0.0
0.0
0.0
0.0
0.0
0.0
0.00017030283501489338
0.00015461067230681123
0.0006099197360792084
0.0008267476668433755
0.001017704964984534
0.0011958463003911327
0.001248071492947957
0.0014835227376140407
0.0016299402275630989
0.0017034135225490064
0.0017614324094605651
0.0013748484517297265
0.0011295878741119137
0.0009568506277063604
0.0007089747334486483
0.0005873851357022166
0.0
0.0
0.0
0.0
0.0
0.0
0.0
0.0
0.0001135387662941365
7.157748638010315e-05
0.0005035614503129425
0.000737565655407876
0.0009386171465911184
0.001120137190168159
0.001183392974711221
0.001414979378931211
0.0015869448908140875
0.0017396931806598398
0.0018941532126409565
0.0016309020497978363
0.0013547361054811787
0.0011108752125833835
0.0008557105984092864
0.0007286406217857153
0.0
0.0
0.0
0.0
0.0
0.0
0.0
0.0
0.00017054554005004982
6.442650267263801e-05
0.00014419367603164075
0.00022877749972854267
0.000353858979982468
0.0004882744230839088
0.0004703791608912113
0.000529945338177602
0.0005961100286637112
0.0006457084872765968
0.0007019050273744039
0.0006834084201573573
0.0
0.0
0.0
0.0
0.0
0.0
0.0
0.0
0.0
0.0
0.0
0.0
0.0
0.0
0.0
0.0
0.0
0.0
0.0
0.0
0.0
0.0
0.0
0.0
0.0
0.0
0.0
0.0
0.0
0.0
0.0
0.0
0.0
0.0
0.0
0.0
3.976829971815711e-05
0.0
0.00019748806895504873
0.0003482589895812099
0.00040369203978405586
0.0004177762111077617
0.00040715324319872667
0.0005798437147483807
0.0006497389271066069
0.0007080814346787836
0.0007508424894780711
0.0004766390531027124
0.0002963299198721751
0.00020589601256538388
0.00010961426403749408
6.324985957883718e-05
0.0
0.0
0.0
0.0
0.0
0.0
0.0
0.0
5.522232487966049e-05
8.45063186277947e-06
0.0002582776118250775
0.0004514400930093829
0.0005970195089210143
0.0007440619726162141
0.0007391778784350079
0.0008755034892635308
0.0009042294654718011
0.000962450429231011
0.0010355861317235904
0.0007732146295781197
0.0005997292242454467
0.0005122230773516048
0.0003602712165785899
0.0002718233554708061
0.0
0.0
0.0
0.0
0.0
0.0
0.0
0.0
4.902012777353487e-05
1.519156054117997e-05
0.0003501086197894494
0.0005527842586468027
0.0006910330167536447
0.000818812475983702
0.0008838760226109276
0.001163137057976448
0.0013591486467948095
0.0014986267254993473
0.0015967310276668915
0.0012935568440805973
0.0010135899016186418
0.000761785691456761
0.0005008693293162388
0.0003721385476296453
0.0
0.0
0.0
0.0
0.0
0.0
0.0
0.0
6.929118269194072e-05
4.167318154058918e-05
0.00047844419224069777
0.0006706120399493365
0.0007865230376396279
0.0008850994549935865
0.0009397477697163184
0.0012302736452190469
0.0014607223557870923
0.0016157419890304365
0.0016935227272098798
0.001373491015016941
0.0011256319845646418
0.0008933246832918029
0.0006259487517664976
0.000488952736273142
0.0
0.0
0.0
0.0
0.0
0.0
0.0
0.0
0.00010545001060684291
8.526023480850603e-05
0.000565764995983665
0.0007487730114353321
0.0008594471105372069
0.00094684277582448
0.0009936210526778782
0.0012715815804019333
0.0014802896769183617
0.001626772102789085
0.001716056375716801
0.0014434013860825426
0.0011557340372648913
0.0008547730270300776
0.0006270464307724954
0.0005376563108864747
0.0
0.0
0.0
0.0
0.0
0.0
0.0
0.0
0.00024829714255563263
0.00016683825629591065
0.0003023641289765237
0.0003638489271840784
0.00039818030584592165
0.0004355025772629347
0.0003504100193122736
0.00034773993640158806
0.00035961947550190157
0.00037942326882815076
0.00039738818273539624
0.00036156139723273785
0.0
0.0
0.0
0.0
0.0
0.0
0.0
0.0
0.0
0.0
0.0
0.0
0.0
0.0
0.0
0.0
0.0
0.0
0.0
0.0
0.0
0.0
0.0
0.0
0.0
0.0
0.0
0.0
0.0
0.0
0.0
0.0
0.0
0.0
0.0
0.0
3.770464760223769e-05
3.409816342739795e-06
0.00014878037022606077
0.00035280264677857583
0.0005228378127318266
0.0006762498353040418
0.0007311428378337497
0.0009503368006944368
0.001082213147136563
0.001049179214436322
0.000948272100062966
0.0005296315516907208
0.0003303470042672908
0.0002853549104465542
0.00019639136693394376
0.0001309111947707541
0.0
0.0
0.0
0.0
0.0
0.0
0.0
0.0
3.5611656583449165e-05
9.263666460707198e-07
0.0001028724689973337
0.00026770745846674255
0.00043296298605027
0.0005920003354667468
0.0006193052329597531
0.0007524303960282918
0.0007796977018038758
0.000807320992359839
0.000767674629435614
0.00036244701784628257
0.00014889219212781778
7.144471030608403e-05
5.405571010234504e-06
0.0
0.0
0.0
0.0
0.0
0.0
0.0
0.0
0.0
3.277023886759147e-05
0.0
3.226887791261925e-05
5.278008912195624e-05
0.00012967069295714687
0.00016384373610253328
0.00017378639894537927
0.0003474626941191221
0.00042876124066887296
0.0004909985766280404
0.00055146881402996
0.00032854555301281644
0.00017332699827157132
0.00010759228755706088
2.4055077590748817e-05
2.285794512701081e-06
0.0
0.0
0.0
0.0
0.0
0.0
0.0
0.0
3.353768132634747e-05
0.0
3.5245094411482517e-05
0.0001309196030096106
0.00032076080498876815
0.0004547991377298402
0.0005071109654609344
0.0007279741301956368
0.0008626172112080578
0.0009371511901157846
0.0009966027266365123
0.0007074272424506482
0.0005191246930420851
0.00040388241208260897
0.0002726402978515799
0.00018099421304382173
0.0
0.0
0.0
0.0
0.0
0.0
0.0
0.0
3.670728580367197e-05
1.277590302103167e-06
0.00012270621569071406
0.00029080431229500797
0.00043441375819148304
0.0005641288494661217
0.0006252883276902621
0.0008635641937251453
0.0010281204976974878
0.0011402875504654885
0.0012263239372431744
0.0009978279104970612
0.0007927677965223946
0.0006060194820775487
0.00039285906298119585
0.0002591717131298149
0.0
0.0
0.0
0.0
0.0
0.0
0.0
0.0
3.8120311143336127e-05
3.1021709173611126e-06
4.768694289709226e-05
7.486527541300823e-05
0.0001000313033082008
0.0001810739692683625
0.000209536331008833
0.0003379023484149933
0.00046968523555732247
0.0005533972476970093
0.0006254969342149707
0.0006460784553105004
1.2333748200016413e-05
1.3975815920030842e-05
0.0
0.0
0.0
0.0
0.0
0.0
0.0
0.0
0.0
0.0
0.0
0.0
0.0
0.0
0.0
0.0
0.0
0.0
0.0
0.0
0.0
3.104207639286459e-05
7.089868678496807e-05
1.3826756528044767e-05
0.0
0.0
0.0
0.0
0.0
0.0
0.0
0.0
0.0
0.0
3.243207013055733e-05
5.131722637219117e-06
0.00021601292656435014
0.00043112958644561314
0.0006235615992448962
0.0008166027898191361
0.0009341549264757839
0.001236716828182681
0.0014602649008259023
0.0016122443515974192
0.001718533777143359
0.0014434732427700105
0.0011582285783890813
0.0008856132496491338
0.0005720336085072871
0.0004478197453063457
0.0
0.0
0.0
0.0
0.0
0.0
0.0
0.0
5.853475436513671e-05
1.5912801672190216e-05
0.00039146911027135127
0.0005993592385482423
0.0007902227656014915
0.0009812963102658935
0.0010678759920634791
0.0013077990557372576
0.0014684875828384302
0.0015040008895095304
0.0014566869866086084
0.0010865846439392123
0.0008137391890226108
0.0006397447877953672
0.00045165575735351467
0.00043331663151851505
0.0
0.0
0.0
0.0
0.0
0.0
0.0
0.0
0.00011755250980151736
0.000114957806014019
0.0006009106425146352
0.0007985341349368034
0.0009548901602158754
0.0011026757796233381
0.0010799472707822934
0.0011982049639477819
0.0012288979312480783
0.0011899638789251504
0.001129677522509634
0.0007909321048937429
0.0005554389845888434
0.0003783390289399924
0.00018144327101119156
9.149988569277274e-05
0.0
0.0
0.0
0.0
0.0
0.0
0.0
0.0
2.8019834292044267e-05
2.2411978474616086e-07
4.95542252412307e-05
0.00015700351077293774
0.0002759413462914441
0.000367849224041297
0.00038707255018745215
0.0005001355387181897
0.0005556922434746705
0.0006183624433708193
0.0006837598587809404
0.00046471601204099564
0.00028780939111346684
0.00014316433442392945
2.043293990867221e-05
5.018870114228481e-07
0.0
0.0
0.0
0.0
0.0
0.0
0.0
0.0
2.3994991205552028e-05
1.1286836333226055e-06
5.7359528405023815e-05
0.00016531068362245931
0.0003530540081963069
0.0005262327461618774
0.0006324660399559641
0.0008977185869560741
0.0010928808743062997
0.00126859368192329
0.0014425997645748164
0.001265460422124735
0.0010468661670942785
0.0008111854557669079
0.0005453132938169791
0.00038471183099010776
0.0
0.0
0.0
0.0
0.0
0.0
0.0
0.0
3.438803047842869e-05
6.102043884002866e-06
6.029953703867684e-05
9.269883805292972e-05
0.00018906508721533105
0.00032626873655794224
0.00036911546515095074
0.0005180988224628254
0.0006700708907418765
0.0007666069729835983
0.0007980228955785199
0.0007124979987539945
0.0
0.0
0.0
0.0
0.0
0.0
0.0
0.0
0.0
0.0
0.0
0.0
0.0
0.0
0.0
0.0
0.0
0.0
0.0
0.0
0.0
0.0
0.0
0.0
0.0
0.0
0.0
0.0
0.0
0.0
0.0
0.0
0.0
0.0
0.0
0.0
0.0
0.0
0.0
0.0
0.0
0.0
0.0
0.0
0.0
0.0
0.0
0.0
0.0
0.0
0.0
0.0
0.0
0.0
0.0
0.0
0.0
0.0
0.0
0.0
0.0
0.0
4.528005980501529e-06
5.522263667649828e-06
2.837348475411065e-05
8.430092154774116e-05
0.00012862518253228992
0.00029000219266043755
0.00039743150707893495
0.0004764961069153521
0.0005403255793916868
0.00035220990647994403
0.0002045151140110688
8.08678396389563e-05
3.5483410212982534e-06
0.0
0.0
0.0
0.0
0.0
0.0
0.0
0.0
0.0
6.206532343545442e-06
5.360112658258943e-07
1.2694215091388415e-05
2.893522698447044e-05
9.366321289310564e-05
0.00023427300048536352
0.00033291774991094244
0.0005804942055335346
0.0007661376264850949
0.0008904911295366094
0.0009658228121702132
0.0007260018550265988
0.0005014537174013652
0.0002919236448785239
0.00011513025022896387
2.9986118037648087e-05
0.0
0.0
0.0
0.0
0.0
0.0
0.0
0.0
1.1303187339626163e-05
1.2142154181710314e-06
3.24728742650078e-05
8.415711297197254e-05
0.00021809278656076894
0.0003829870052859295
0.000488968201334506
0.0007528871269592008
0.0009526814882265486
0.0011082751639058077
0.0012360499304330602
0.0010245972286901457
0.0007568600618150025
0.00045934865052554044
0.0002074922047811614
0.00010492467559368659
0.0
0.0
0.0
0.0
0.0
0.0
0.0
0.0
2.0060374463048336e-05
1.5277424359465287e-06
4.700158433647969e-05
0.00013532867718571437
0.0003249496736889011
0.000519055751365569
0.0006122260643285497
0.0008584105733201932
0.0010379603386076542
0.001151954053715863
0.0012067838061514146
0.0008839859241806531
0.0006577764916039007
0.0005252738148636972
0.00041205501128844044
0.00032686746621822575
0.0
0.0
0.0
0.0
0.0
0.0
0.0
0.0
2.929303046645393e-05
0.0
9.796854508091575e-07
6.727264678753293e-06
6.56839691580178e-05
0.0001792135115912545
0.0002331794085767761
0.00037380191158328655
0.0005199184181542073
0.0005962682356788955
0.0006327099432690999
0.0006215039316704528
0.0
0.0
0.0
0.0
0.0
0.0
0.0
0.0
0.0
0.0
0.0
0.0
0.0
0.0
0.0
0.0
0.0
0.0
0.0
0.0
0.0
0.0
0.0
0.0
0.0
0.0
0.0
0.0
0.0
0.0
0.0
0.0
0.0
0.0
0.0
0.0
3.2113474966262395e-05
0.0
5.663235177259059e-05
0.00023988461986170322
0.0004541597314247636
0.0006474496027369231
0.0007350761542625254
0.0010103309307199573
0.001186910106117402
0.0012885873632995915
0.0012891171572719457
0.0009098751345790392
0.0006459622522009637
0.0005254325262309307
0.00039074737147285995
0.00032782426080631545
0.0
0.0
0.0
0.0
0.0
0.0
0.0
0.0
4.902559370905746e-05
0.0
0.00028424299378046637
0.000515227415936438
0.0007311916334017529
0.0009239496818194721
0.0009822570705302035
0.0012234000493753106
0.0013557364718506536
0.001372052461717512
0.0013276352486685397
0.0009249448423417163
0.0006535077580339348
0.0004883305554628438
0.00036483760506831405
0.0002648989142105338
0.0
0.0
0.0
0.0
0.0
0.0
0.0
0.0
3.572046815456107e-05
2.6888657918795356e-06
0.00018962910869302788
0.0004370253041047827
0.0006503507336987139
0.0008453044230119109
0.000902024042954101
0.001127955750527825
0.0012352699297803632
0.0011824236145118623
0.0010699981744042518
0.0006061420097142247
0.00036483604347833313
0.00026774306201160427
0.00016649713583042174
8.431081423309886e-05
0.0
0.0
0.0
0.0
0.0
0.0
0.0
0.0
1.9134646458440622e-05
1.0854442354746847e-06
3.6466450925545025e-05
8.051143908654238e-05
0.0001589622653227308
0.00025661323882284615
0.0002692203704778496
0.00042628931012210025
0.0004959829563425623
0.0005270429452920232
0.0005612829058576582
0.0003335939851182541
0.00015922698934889542
3.0169011044211957e-05
0.0
0.0
0.0
0.0
0.0
0.0
0.0
0.0
0.0
0.0
2.8531358855846652e-06
0.0
2.9857057465634213e-06
1.2843591377929095e-06
1.2126312257876537e-05
3.0112095734767172e-05
4.805026791501267e-05
0.00014749973248893308
0.00027626644913695685
0.000376477265527192
0.00042111853454613484
0.00022929230110516456
8.96083913976249e-05
1.1857823503528561e-05
0.0
0.0
0.0
0.0
0.0
0.0
0.0
0.0
0.0
0.0
1.6800624189357004e-06
0.0
0.0
0.0
0.0
5.250711836048874e-07
0.0
0.0
2.6411292800259403e-06
3.847637075140491e-06
1.0688142030287718e-05
2.94873624947209e-05
0.0
0.0
0.0
0.0
0.0
0.0
0.0
0.0
0.0
0.0
0.0
0.0
0.0
0.0
0.0
0.0
0.0
0.0
0.0
0.0
0.0
0.0
0.0
0.0
0.0
0.0
0.0
0.0
0.0
0.0
0.0
0.0
0.0
0.0
0.0
0.0
1.8703606568794107e-06
0.0
7.676744207793326e-06
3.0574900401211814e-06
2.6635080410788733e-05
0.0001528675843933932
0.0002338282603912158
0.0004139662941622871
0.0005207054621807537
0.0006085477151188266
0.0006755831177583185
0.00046699732453691175
0.0003015333639929259
0.0001974338882568331
9.240083568930006e-05
5.4277311822955886e-05
0.0
0.0
0.0
0.0
0.0
0.0
0.0
0.0
4.4071122600719174e-05
0.0
5.650876440264553e-05
0.0001808148194449362
0.00030092520943688505
0.0003963269989508697
0.00039698826905844927
0.0005076605048484172
0.0005504985353135928
0.000535220966243875
0.000491139149553839
0.00018878989286180055
2.7390821915505423e-05
1.921612929366818e-07
0.0
0.0
0.0
0.0
0.0
0.0
0.0
0.0
0.0
0.0
4.4600555066310675e-06
6.111357521897133e-07
1.0422969146358843e-05
2.5542327448819792e-06
0.0
0.0
0.0
1.98946958054636e-05
3.59779869835144e-05
5.989738452904785e-05
0.00010757558889485438
0.0
0.0
0.0
0.0
0.0
0.0
0.0
0.0
0.0
0.0
0.0
0.0
0.0
4.553345319988653e-06
0.0
7.5011766465542175e-06
4.845902884468023e-06
5.6344622307822955e-06
8.929064989789602e-06
1.4610207885192542e-05
0.00011462459470679601
0.00019262800656877897
0.00023868718689204068
0.00026883697028218115
6.861005552299601e-05
1.3699374671296672e-05
0.0
0.0
0.0
0.0
0.0
0.0
0.0
0.0
0.0
0.0
0.0
1.6824102419514814e-06
0.0
2.3864153129770332e-06
1.0117146166436922e-06
5.9870880124199335e-06
3.406741296671918e-05
7.810341414261208e-05
0.00021609754498495083
0.00034102323946062194
0.00044506809029561215
0.0005056567248322568
0.0002608726946626316
0.00010429921230779424
2.5527340743348215e-05
0.0
0.0
0.0
0.0
0.0
0.0
0.0
0.0
0.0
0.0
1.024488871334787e-05
0.0
4.63632159496147e-07
0.0
0.0
0.0
0.0
0.0
0.0
0.0
0.0
0.0
0.0
0.0
0.0
0.0
0.0
0.0
0.0
0.0
0.0
0.0
0.0
0.0
0.0
0.0
0.0
0.0
0.0
0.0
0.0
0.0
0.0
0.0
0.0
0.0
0.0
0.0
0.0
0.0
0.0
0.0
0.0
0.0
0.0
0.0
0.0
0.0
0.0
0.0
0.0
8.410525079688196e-07
1.415557856082295e-06
3.880921427858661e-06
2.630046638626351e-05
0.00012970497186594006
0.00033334398887352527
0.00042410447318175855
0.00047632566126327243
0.00024348470793017949
9.118134818023002e-05
1.9982168517874157e-05
0.0
0.0
0.0
0.0
0.0
0.0
0.0
0.0
0.0
0.0
5.317695718293627e-06
0.0
1.1920744405984944e-05
5.559313774101667e-06
6.301560750346724e-05
0.0001807669839951742
0.00024085716741307706
0.0004176934022556105
0.0005333517145618652
0.0006248679177153859
0.0006683060342460199
0.00042442867437173453
0.0002160204052255912
5.473055944217952e-05
0.0
0.0
0.0
0.0
0.0
0.0
0.0
0.0
0.0
0.0
4.7030271497296645e-06
7.259759649913924e-07
9.335640568495023e-06
1.153832839840357e-05
5.318710960098659e-05
0.0001364559475578015
0.00019371772635779917
0.000370623591818922
0.0004942260847316959
0.0005579005563930067
0.0005936493861292012
0.0002810630451587307
0.00012122052788005851
7.001878343763744e-05
1.2565481487090421e-05
0.0
0.0
0.0
0.0
0.0
0.0
0.0
0.0
0.0
3.322734260382968e-05
5.523493281372619e-07
2.9213212692710086e-05
0.00012638097727653822
0.00031345741409231686
0.0004756264833729632
0.0005235201828619416
0.00071502250473312
0.0008214749231665341
0.0009116734113482058
0.0009793821780616158
0.000708716845812139
0.0004543065322897959
0.00021393193380078309
5.643024678898428e-05
5.4301775269711005e-06
0.0
0.0
0.0
0.0
0.0
0.0
0.0
0.0
1.5277142601574354e-05
9.95829815146552e-07
1.4165219177569258e-05
1.6818702396999278e-05
0.00010415936419877734
0.0002459415703411352
0.00032612255201536824
0.0005443498343204391
0.0007100808199933341
0.0007938408194073858
0.0007795803573119062
0.0005090482116459585
0.0002908197648120039
0.0001713968775836467
7.076113997487152e-05
5.3111571971087884e-05
0.0
0.0
0.0
0.0
0.0
0.0
0.0
0.0
2.9603429465506297e-05
0.0
0.0
0.0
0.0
0.0
0.0
0.0
0.0
0.0
0.0
0.0
0.0
0.0
0.0
0.0
0.0
0.0
0.0
0.0
0.0
0.0
0.0
0.0
0.0
0.0
0.0
0.0
0.0
0.0
0.0
0.0
0.0
0.0
0.0
0.0
0.0
0.0
0.0
0.0
0.0
0.0
0.0
0.0
0.0
0.0
0.0
0.0
0.0
0.0
9.845016075161855e-07
9.80584893242682e-07
0.0
0.0
0.0
1.1717601775751871e-05
0.0
0.0
0.0
2.3736183656567826e-06
0.0
0.0
0.0
0.0
0.0
0.0
0.0
0.0
0.0
0.0
0.0
0.0
0.0
0.0
3.9779169447183565e-07
4.805090652400008e-07
9.232236979289582e-07
1.1911432382315664e-06
5.616009820356313e-06
4.036146048359088e-05
8.381235876822181e-05
0.00011076225384110552
0.00013271769983055074
1.0693147448752127e-05
4.2805606910806046e-07
3.4459444754628043e-07
0.0
0.0
0.0
0.0
0.0
0.0
0.0
0.0
0.0
0.0
0.0
0.0
6.584054435580162e-07
1.0054579914357293e-06
1.192725540920994e-06
3.522567565201915e-05
8.133446012350517e-05
0.0001505507330238698
0.00022959249385160025
0.00030604918326933804
0.0003576992515956553
0.00015622375822929368
3.256023231258121e-05
0.0
0.0
0.0
0.0
0.0
0.0
0.0
0.0
0.0
0.0
0.0
2.1802167072061454e-07
0.0
2.302236149744835e-06
1.4770142046425076e-06
6.61395910255193e-06
7.008827351135325e-05
0.00013100347157305606
0.0003083998005933093
0.0004984389063652607
0.0006418289016594459
0.0007142814989000836
0.00048362163559544276
0.000267704915384238
0.00012004150577990613
2.9199552152792942e-05
2.2739816102629514e-06
0.0
0.0
0.0
0.0
0.0
0.0
0.0
0.0
4.3358201880884565e-06
0.0
1.0541118148713826e-05
1.9533883118884028e-05
0.00010020083513733946
0.00023768678065549115
0.000340586408329499
0.0005867230895756731
0.0007543756183739126
0.0008665420685165506
0.0009139728956634931
0.0006464404766229539
0.0003654275842414923
0.0001466542172986159
2.0794969281376686e-05
0.0
0.0
0.0
0.0
0.0
0.0
0.0
0.0
0.0
5.632118219828308e-06
0.0
3.8594616006941994e-07
1.1283450661331896e-06
1.3984500321688692e-06
1.6305210779311835e-05
3.9856757395826604e-05
7.587359720542069e-05
9.814225262450086e-05
9.138607745040188e-05
7.671526666335886e-05
1.8195356032007384e-05
0.0
0.0
0.0
0.0
0.0
0.0
0.0
0.0
0.0
0.0
0.0
0.0
0.0
0.0
0.0
0.0
0.0
0.0
0.0
0.0
0.0
0.0
0.0
0.0
0.0
0.0
0.0
0.0
0.0
0.0
0.0
0.0
0.0
0.0
0.0
0.0
0.0
0.0
0.0
0.0
0.0
0.0
0.0
0.0
0.0
0.0
0.0
0.0
0.0
0.0
0.0
0.0
0.0
0.0
0.0
0.0
0.0
0.0
0.0
0.0
0.0
0.0
0.0
1.0848171552054197e-06
1.1231801507913468e-06
2.686537873333774e-05
7.856186198835863e-05
0.00016341405753711805
0.00029174132479233483
0.000434187407812697
0.0005001272266711575
0.0002637458936520393
9.110410745044112e-05
1.3257538303280525e-05
0.0
0.0
0.0
0.0
0.0
0.0
0.0
0.0
0.0
0.0
1.7492884446723884e-06
0.0
4.193682770189745e-06
2.2751181028073883e-06
2.1151720153926938e-05
8.874920039615242e-05
0.00011596702242999524
0.0002928340226379385
0.00041616539209200483
0.0004889842411553073
0.00046165214979861075
0.00019643460612934417
4.2376701956647637e-05
3.1427591227553916e-06
0.0
0.0
0.0
0.0
0.0
0.0
0.0
0.0
0.0
0.0
4.698876862556034e-06
0.0
5.2952919451213746e-06
2.791808510889253e-06
0.0
0.0
0.0
1.6497989942093936e-06
0.0
0.0
0.0
2.4915187867422676e-06
1.791303204953735e-07
0.0
0.0
0.0
0.0
0.0
0.0
0.0
0.0
0.0
0.0
0.0
0.0
0.0
0.0
0.0
0.0
0.0
0.0
5.130077946335484e-07
0.0
0.0
0.0
4.810965835004083e-07
0.0
0.0
0.0
0.0
0.0
0.0
0.0
0.0
0.0
0.0
0.0
0.0
0.0
0.0
0.0
0.0
0.0
1.4889378314618086e-07
0.0
0.0
0.0
0.0
0.0
0.0
0.0
0.0
0.0
0.0
0.0
0.0
0.0
0.0
0.0
0.0
0.0
0.0
0.0
0.0
0.0
3.933259927033866e-07
1.0516314975940686e-07
5.14672517024965e-07
0.0
0.0
0.0
0.0
0.0
0.0
0.0
0.0
0.0
0.0
4.425213359823051e-07
0.0
0.0
0.0
0.0
0.0
0.0
0.0
0.0
0.0
0.0
0.0
6.164436430604412e-07
1.2755789001021312e-06
0.0
1.1488626053822112e-05
7.231646040830015e-06
1.6807187475504221e-06
0.0
0.0
0.0
0.0
0.0
0.0
0.0
0.0
0.0
0.0
0.0
0.0
0.0
0.0
0.0
0.0
2.251188558728672e-06
3.075565107338499e-06
2.1097958826217398e-06
1.0730463208539553e-05
3.832257309103037e-05
8.895015743427695e-05
9.472524103712772e-05
7.938368352730576e-05
4.809371454713825e-05
1.1461215517483691e-06
0.0
0.0
0.0
0.0
0.0
0.0
0.0
0.0
0.0
0.0
0.0
0.0
0.0
0.0
0.0
0.0
1.064128652536219e-06
1.2895840747178254e-06
0.0
6.8460704206970194e-06
6.057797040335029e-06
1.345419978673091e-05
2.0564486423159115e-05
0.0
0.0
0.0
0.0
0.0
0.0
0.0
0.0
0.0
0.0
0.0
0.0
0.0
0.0
0.0
0.0
4.95015468241323e-07
1.529256053934398e-06
6.210218035126943e-06
5.80544871898268e-05
0.00015419260144912275
0.0003015068127156094
0.00044487559113736926
0.0004914921258951512
0.00022483653585231775
5.9130916887046754e-05
1.2104911163363951e-05
0.0
0.0
0.0
0.0
0.0
0.0
0.0
0.0
0.0
0.0
2.1954058079253243e-05
0.0
2.7219331804543308e-05
5.0548615905571516e-05
0.0001460411708970728
0.0002657086407852673
0.00027136928057543554
0.0003460270515883529
0.0003592354619810244
0.0003026267766133132
0.0002450342613573352
2.294644701601131e-05
3.6335992956302873e-07
0.0
0.0
0.0
0.0
0.0
0.0
0.0
0.0
0.0
0.0
0.0
0.0
0.0
0.0
0.0
0.0
4.849671630573092e-07
0.0
0.0
0.0
0.0
0.0
0.0
0.0
0.0
0.0
0.0
0.0
0.0
0.0
0.0
0.0
0.0
0.0
0.0
0.0
0.0
0.0
0.0
0.0
2.1348560009273323e-07
1.9395526879709048e-06
3.682423565595878e-07
0.0
0.0
0.0
0.0
1.0182308193326185e-06
1.9190594714794884e-06
4.561861669133983e-06
3.108610125591569e-06
1.1988277847065642e-06
0.0
0.0
0.0
0.0
0.0
0.0
0.0
0.0
0.0
0.0
0.0
0.0
0.0
5.675521383480156e-07
8.414606532429592e-06
4.894863276369516e-06
1.7863684691097613e-06
1.160820728722859e-05
0.0
0.0
0.0
0.0
0.0
0.0
0.0
0.0
0.0
0.0
0.0
0.0
0.0
4.796412612600515e-06
0.0
1.1211735321984324e-05
1.4207173887396066e-05
1.1567732646683277e-05
0.00010038870537064204
0.00012549429266801282
0.000254209333662266
0.00032707570301708034
0.0003795330555688547
0.0003697538549300768
0.00012553665512479495
5.0055398120286515e-06
0.0
0.0
0.0
0.0
0.0
0.0
0.0
0.0
0.0
0.0
0.0
0.0
0.0
1.4554632634925547e-06
1.9809965254681125e-06
1.3602268910331566e-06
4.316242377629836e-05
9.389141529483736e-05
0.00019395747921660677
0.0003085316291468663
0.00039048374456054707
0.00038986866250419417
0.00013017842451641288
6.6834330043097465e-06
0.0
0.0
0.0
0.0
0.0
0.0
0.0
0.0
0.0
0.0
0.0
0.0
0.0
5.001689913583796e-07
1.861922399233183e-06
1.6372782556262839e-06
5.168820998151582e-05
9.392451667500826e-05
0.00016056101225918405
0.00025822536906378117
0.00037657285711640084
0.0004684685832126526
0.00025148066512145205
6.309095580454484e-05
5.1119679901283565e-06
0.0
0.0
0.0
0.0
0.0
0.0
0.0
0.0
0.0
0.0
3.1617075821501196e-06
0.0
6.83133582910813e-06
5.939444176724386e-06
1.251245846491358e-05
6.427602767235045e-05
9.376989560351312e-05
0.00017695664871726657
0.00018774499507657422
0.00018006206719022052
0.0001484739295408383
1.976454337208738e-06
0.0
0.0
0.0
0.0
0.0
0.0
0.0
0.0
0.0
0.0
0.0
0.0
0.0
0.0
0.0
0.0
0.0
0.0
0.0
0.0
0.0
0.0
0.0
0.0
0.0
0.0
0.0
0.0
0.0
0.0
0.0
0.0
0.0
0.0
0.0
0.0
0.0
0.0
0.0
0.0
5.470022728423334e-07
3.2479451559580584e-07
1.1956215520652972e-06
0.0
0.0
0.0
0.0
0.0
0.0
0.0
0.0
0.0
7.312808312915577e-07
5.754044573539933e-06
1.9590810949436077e-06
0.0
0.0
0.0
0.0
0.0
0.0
0.0
9.96304897059704e-07
4.9440783616239876e-06
2.59661106694118e-06
6.026888229795623e-07
0.0
1.0696678101102842e-05
9.010630895936049e-06
2.070918487865606e-05
4.812886270275106e-05
0.0
0.0
0.0
0.0
0.0
0.0
0.0
0.0
0.0
0.0
0.0
0.0
0.0
2.2899029045802908e-07
0.0
1.8599340209168392e-06
3.360084647374994e-06
1.2614248916096662e-06
2.218253524933348e-06
1.731201203773995e-06
6.579560737504581e-05
0.00010197658032395057
0.00010345938860167365
8.328021267451312e-05
9.304763019030196e-07
9.560872776149973e-07
0.0
0.0
0.0
0.0
0.0
0.0
0.0
0.0
0.0
0.0
0.0
0.0
0.0
0.0
0.0
0.0
0.0
0.0
8.569886070040686e-06
0.0
4.6847377229450053e-07
0.0
4.1151710118446444e-07
0.0
0.0
0.0
0.0
0.0
0.0
0.0
0.0
0.0
0.0
0.0
2.7124734926062274e-07
0.0
0.0
0.0
0.0
0.0
0.0
0.0
1.484295798551775e-07
0.0
0.0
0.0
5.582350860540536e-07
0.0
0.0
0.0
0.0
0.0
0.0
0.0
0.0
0.0
0.0
0.0
0.0
0.0
0.0
0.0
0.0
0.0
6.972163029711751e-07
0.0
2.254101069069371e-06
1.4188863436275277e-06
5.417152310865781e-07
0.0
7.507947178489138e-07
0.0
0.0
0.0
0.0
0.0
0.0
0.0
0.0
0.0
0.0
0.0
0.0
0.0
0.0
0.0
0.0
0.0
0.0
0.0
4.290355381274436e-07
0.0
0.0
0.0
0.0
0.0
0.0
0.0
0.0
0.0
0.0
0.0
0.0
0.0
0.0
0.0
0.0
0.0
0.0
0.0
7.595895603465794e-07
4.144998955736881e-07
1.4316720752442672e-07
0.0
2.6219774961216455e-06
1.5694785875957944e-06
0.0
0.0
0.0
7.98940710772554e-07
1.9189740212561487e-07
0.0
0.0
0.0
0.0
0.0
0.0
0.0
0.0
0.0
0.0
0.0
0.0
0.0
0.0
1.3324320663385416e-07
8.023887307282229e-07
1.1343468916532505e-06
5.513784857539821e-06
5.341266223079909e-05
5.833116717558529e-05
3.4057015742304876e-05
6.256966690741908e-06
1.8450468516637644e-06
0.0
0.0
0.0
0.0
0.0
0.0
0.0
0.0
0.0
0.0
0.0
0.0
0.0
0.0
0.0
5.235258752086048e-07
1.2346600777750419e-06
3.585551358231837e-07
0.0
1.306472460968535e-05
3.2210078600258373e-06
0.0
3.5520919917337526e-06
0.0
0.0
0.0
0.0
0.0
0.0
0.0
0.0
0.0
0.0
0.0
0.0
0.0
0.0
0.0
1.8636628321453861e-06
2.1678225269530594e-06
3.4171493813446037e-06
3.379795282621326e-05
3.6535137659867936e-05
7.200739571266274e-05
5.48687524325215e-05
3.3335880415075884e-05
4.7244090750237415e-06
2.2274311801520645e-06
0.0
0.0
0.0
0.0
0.0
0.0
0.0
0.0
0.0
0.0
0.0
0.0
0.0
0.0
0.0
0.0
0.0
2.824010072699277e-07
0.0
4.696477204013414e-06
6.319153741707932e-06
3.196523875396203e-06
0.0
9.565096997466225e-07
0.0
0.0
0.0
0.0
0.0
0.0
0.0
0.0
0.0
0.0
0.0
0.0
0.0
0.0
0.0
0.0
0.0
0.0
0.0
5.541980261300356e-06
2.117961006453041e-06
9.372099754823223e-07
0.0
3.2980161923367934e-07
0.0
0.0
0.0
0.0
0.0
0.0
0.0
0.0
0.0
0.0
0.0
0.0
0.0
0.0
0.0
4.042546409035221e-07
0.0
0.0
0.0
2.5955199191587652e-06
1.071003788167503e-06
5.549379453769826e-07
0.0
0.0
5.281500655247464e-07
0.0
0.0
0.0
0.0
0.0
0.0
0.0
0.0
0.0
0.0
0.0
0.0
0.0
0.0
1.696852055742571e-06
8.252899637270283e-07
0.0
0.0
0.0
0.0
0.0
0.0
0.0
0.0
1.233232452993453e-06
0.0
3.289106313258406e-07
0.0
0.0
0.0
0.0
0.0
0.0
0.0
0.0
0.0
0.0
0.0
0.0
0.0
0.0
0.0
1.8789327246226125e-06
1.1053385247741396e-06
0.0
0.0
0.0
0.0
0.0
0.0
0.0
0.0
0.0
0.0
0.0
0.0
0.0
0.0
0.0
0.0
0.0
0.0
0.0
0.0
0.0
0.0
0.0
0.0
0.0
0.0
0.0
0.0
0.0
0.0
0.0
0.0
0.0
0.0
0.0
0.0
0.0
0.0
0.0
0.0
0.0
0.0
0.0
6.693507120091334e-07
1.399577692646168e-06
0.0
5.7182901424702456e-06
2.3268382605204757e-06
0.0
0.0
7.999454058284317e-07
0.0
0.0
0.0
0.0
0.0
0.0
0.0
0.0
0.0
0.0
0.0
0.0
0.0
0.0
0.0
0.0
8.450811163216351e-07
1.086227886878477e-06
7.98804140314547e-07
2.5296803178495154e-05
2.5213215481608767e-05
4.759946619305713e-06
0.0
1.071793925787116e-06
0.0
0.0
0.0
0.0
0.0
0.0
0.0
0.0
0.0
0.0
0.0
0.0
0.0
0.0
0.0
0.0
2.470591006681526e-07
1.2707415175102597e-06
4.6013124852369157e-07
1.2618322454261722e-05
1.795368556563445e-05
9.000101907240966e-07
0.0
1.2006756875662881e-06
0.0
0.0
0.0
0.0
0.0
0.0
0.0
0.0
0.0
0.0
0.0
0.0
0.0
0.0
0.0
0.0
0.0
0.0
0.0
0.0
0.0
0.0
0.0
0.0
0.0
0.0
0.0
0.0
0.0
0.0
0.0
1.0431619946694442e-06
8.939190644189331e-07
0.0
3.8876355078807147e-07
1.1936980451116418e-06
0.0
0.0
1.3888109565688225e-06
0.0
0.0
1.7770095530900406e-06
3.324036682297483e-07
0.0
0.0
0.0
7.818030889631431e-07
0.0
0.0
0.0
0.0
0.0
0.0
0.0
0.0
0.0
0.0
0.0
0.0
0.0
0.0
0.0
0.0
0.0
1.367557967938972e-06
1.7867320085541193e-06
7.425474991370061e-06
7.515442646286442e-05
8.094732264012391e-05
5.3487575454896535e-05
2.5148485487456982e-05
0.0
0.0
0.0
0.0
0.0
0.0
0.0
0.0
0.0
0.0
0.0
0.0
0.0
3.5667060422673335e-06
0.0
1.7815668091517497e-05
1.185910145623157e-05
9.537979495711218e-06
1.713811254138546e-05
2.0108955830401032e-05
7.726925550683701e-05
8.56177681765851e-05
9.079165896936661e-05
8.620274170180377e-05
0.0
0.0
0.0
0.0
0.0
0.0
0.0
0.0
0.0
0.0
0.0
0.0
0.0
2.417966302293401e-07
0.0
0.0
0.0
0.0
1.375435506167751e-06
0.0
1.1186439120146921e-05
1.1468122760385042e-06
3.064676176525071e-07
0.0
4.908417718226694e-07
0.0
0.0
0.0
0.0
0.0
0.0
0.0
0.0
0.0
0.0
0.0
0.0
0.0
0.0
0.0
0.0
0.0
0.0
0.0
0.0
0.0
0.0
0.0
0.0
0.0
0.0
0.0
0.0
0.0
0.0
0.0
0.0
0.0
0.0
0.0
0.0
0.0
0.0
0.0
0.0
0.0
1.0153733790649993e-06
1.966686940170816e-06
3.873299899742816e-06
0.0
0.0
0.0
0.0
0.0
0.0
0.0
0.0
0.0
0.0
0.0
0.0
0.0
0.0
0.0
0.0
0.0
0.0
0.0
0.0
0.0
0.0
0.0
0.0
0.0
0.0
0.0
0.0
0.0
0.0
0.0
0.0
0.0
0.0
0.0
1.7681380413213667e-06
1.1602973315193105e-06
2.540321304469776e-07
0.0
0.0
0.0
0.0
1.2897381659843382e-06
8.941857935800597e-07
0.0
0.0
6.058025560810244e-07
2.073709172780875e-07
7.820782224505598e-07
0.0
0.0
0.0
0.0
0.0
0.0
0.0
0.0
0.0
0.0
0.0
0.0
0.0
0.0
0.0
0.0
0.0
0.0
0.0
0.0
0.0
0.0
0.0
0.0
0.0
0.0
0.0
0.0
0.0
0.0
0.0
0.0
0.0
0.0
0.0
0.0
0.0
0.0
0.0
0.0
0.0
0.0
0.0
3.5671700768208903e-07
9.433614047885296e-07
0.0
2.0077633423402462e-06
0.0
0.0
0.0
0.0
0.0
0.0
0.0
0.0
0.0
0.0
0.0
0.0
0.0
0.0
0.0
0.0
0.0
0.0
0.0
0.0
0.0
0.0
6.064459299792666e-07
1.6827760333457095e-06
0.0
0.0
0.0
0.0
0.0
0.0
0.0
0.0
0.0
0.0
0.0
0.0
0.0
0.0
0.0
0.0
0.0
0.0
0.0
0.0
0.0
0.0
0.0
0.0
0.0
0.0
0.0
0.0
0.0
0.0
0.0
0.0
0.0
0.0
0.0
0.0
0.0
0.0
0.0
0.0
0.0
0.0
0.0
0.0
1.3318501732814556e-06
1.1865925870119162e-06
0.0
1.910073343710998e-05
1.4002984411039332e-05
4.55480923469178e-06
0.0
1.1808420383764064e-06
0.0
0.0
0.0
0.0
0.0
0.0
0.0
0.0
0.0
7.473165727599407e-07
4.3825616048123976e-07
0.0
0.0
0.0
0.0
0.0
0.0
0.0
0.0
0.0
0.0
0.0
0.0
0.0
0.0
0.0
0.0
0.0
8.81175755531769e-07
3.427262948810892e-07
0.0
0.0
0.0
0.0
0.0
0.0
0.0
0.0
0.0
1.7146871764444182e-07
0.0
0.0
0.0
0.0
0.0
0.0
0.0
0.0
0.0
0.0
0.0
0.0
0.0
0.0
0.0
0.0
0.0
0.0
0.0
0.0
0.0
0.0
0.0
0.0
0.0
0.0
0.0
0.0
0.0
0.0
0.0
0.0
0.0
0.0
0.0
0.0
0.0
0.0
0.0
0.0
0.0
0.0
0.0
2.8894396292207373e-07
0.0
0.0
0.0
0.0
6.803370842889021e-07
2.8307803216830886e-06
3.3344466249073255e-06
4.4156686644821e-06
0.0
0.0
0.0
4.892048668121154e-07
0.0
0.0
0.0
0.0
0.0
0.0
0.0
0.0
0.0
0.0
0.0
0.0
0.0
0.0
0.0
0.0
0.0
9.0167824237744e-07
0.0
7.307895087977408e-07
0.0
0.0
0.0
0.0
0.0
0.0
0.0
0.0
0.0
0.0
0.0
0.0
0.0
0.0
0.0
0.0
0.0
0.0
0.0
0.0
0.0
0.0
0.0
0.0
0.0
0.0
0.0
0.0
0.0
0.0
0.0
0.0
0.0
0.0
0.0
0.0
0.0
0.0
0.0
0.0
0.0
0.0
0.0
0.0
0.0
0.0
0.0
0.0
0.0
0.0
0.0
0.0
0.0
0.0
0.0
0.0
0.0
0.0
0.0
0.0
0.0
0.0
0.0
0.0
0.0
0.0
0.0
0.0
0.0
0.0
0.0
0.0
0.0
0.0
0.0
0.0
0.0
0.0
0.0
0.0
0.0
0.0
0.0
0.0
0.0
0.0
0.0
0.0
0.0
0.0
0.0
0.0
0.0
0.0
0.0
0.0
0.0
0.0
0.0
0.0
0.0
0.0
0.0
0.0
0.0
0.0
0.0
0.0
0.0
0.0
0.0
0.0
0.0
0.0
0.0
0.0
0.0
0.0
0.0
0.0
0.0
0.0
0.0
0.0
0.0
0.0
0.0
0.0
0.0
0.0
0.0
0.0
0.0
0.0
0.0
0.0
0.0
0.0
0.0
0.0
0.0
0.0
0.0
0.0
0.0
0.0
0.0
0.0
0.0
0.0
0.0
0.0
0.0
0.0
0.0
0.0
0.0
0.0
0.0
0.0
0.0
0.0
0.0
0.0
0.0
0.0
0.0
0.0
0.0
0.0
0.0
0.0
0.0
0.0
0.0
0.0
0.0
0.0
0.0
0.0
0.0
0.0
0.0
0.0
0.0
0.0
0.0
0.0
0.0
0.0
0.0
0.0
0.0
0.0
0.0
0.0
0.0
0.0
0.0
0.0
0.0
0.0
0.0
0.0
0.0
0.0
0.0
0.0
0.0
0.0
0.0
0.0
0.0
0.0
0.0
0.0
0.0
0.0
0.0
0.0
0.0
0.0
0.0
0.0
0.0
0.0
0.0
0.0
0.0
0.0
0.0
0.0
0.0
0.0
0.0
0.0
0.0
0.0
0.0
0.0
0.0
0.0
0.0
0.0
0.0
0.0
0.0
0.0
0.0
0.0
0.0
0.0
0.0
0.0
0.0
0.0
0.0
0.0
0.0
0.0
0.0
0.0
0.0
0.0
0.0
0.0
0.0
0.0
0.0
0.0
0.0
0.0
0.0
0.0
0.0
0.0
0.0
0.0
0.0
0.0
0.0
0.0
0.0
0.0
0.0
0.0
0.0
0.0
0.0
0.0
0.0
0.0
0.0
0.0
0.0
0.0
0.0
0.0
0.0
0.0
0.0
0.0
0.0
0.0
0.0
0.0
0.0
0.0
0.0
0.0
0.0
0.0
0.0
0.0
0.0
0.0
0.0
0.0
0.0
0.0
0.0
0.0
0.0
0.0
0.0
0.0
0.0
0.0
0.0
0.0
0.0
0.0
5.366836892025185e-07
1.7033678453858483e-06
2.6234649822140427e-07
2.516625278254825e-06
0.0
0.0
0.0
5.40523310666349e-07
0.0
0.0
0.0
0.0
0.0
0.0
0.0
0.0
0.0
0.0
0.0
0.0
0.0
0.0
0.0
0.0
0.0
0.0
0.0
1.1344513936172633e-06
0.0
0.0
0.0
0.0
0.0
0.0
0.0
0.0
0.0
0.0
0.0
0.0
0.0
0.0
0.0
0.0
0.0
0.0
0.0
0.0
0.0
0.0
0.0
0.0
0.0
0.0
0.0
0.0
0.0
0.0
0.0
0.0
0.0
0.0
0.0
0.0
0.0
0.0
0.0
0.0
0.0
0.0
0.0
0.0
0.0
0.0
0.0
0.0
0.0
0.0
0.0
0.0
0.0
0.0
0.0
0.0
1.4909972442036726e-06
0.0
0.0
0.0
0.0
0.0
0.0
0.0
0.0
0.0
0.0
0.0
0.0
0.0
3.8912263526160566e-07
2.476965445304508e-07
0.0
0.0
0.0
0.0
1.077312734608688e-06
0.0
0.0
0.0
0.0
0.0
0.0
0.0
0.0
0.0
0.0
0.0
0.0
0.0
0.0
0.0
3.6954308902407256e-07
0.0
0.0
0.0
0.0
0.0
0.0
0.0
0.0
0.0
0.0
0.0
0.0
0.0
0.0
0.0
0.0
0.0
0.0
0.0
0.0
0.0
0.0
0.0
0.0
0.0
0.0
4.5823409272195547e-07
1.1008961353103249e-06
0.0
0.0
0.0
0.0
0.0
0.0
0.0
0.0
0.0
0.0
0.0
0.0
0.0
0.0
0.0
0.0
0.0
0.0
0.0
0.0
3.7076367269556307e-07
0.0
0.0
0.0
0.0
0.0
0.0
0.0
0.0
0.0
0.0
0.0
0.0
0.0
0.0
0.0
0.0
0.0
0.0
0.0
0.0
0.0
0.0
0.0
0.0
0.0
0.0
0.0
0.0
0.0
0.0
0.0
0.0
0.0
0.0
0.0
0.0
0.0
0.0
0.0
0.0
0.0
0.0
0.0
0.0
0.0
0.0
0.0
0.0
0.0
2.5183855856548033e-07
0.0
0.0
0.0
6.146065815158371e-07
0.0
0.0
0.0
0.0
0.0
0.0
0.0
0.0
0.0
0.0
0.0
0.0
0.0
0.0
0.0
0.0
0.0
0.0
0.0
0.0
0.0
0.0
0.0
0.0
0.0
0.0
0.0
0.0
0.0
0.0
0.0
0.0
0.0
0.0
0.0
0.0
0.0
0.0
0.0
3.4414175962248995e-07
0.0
0.0
0.0
0.0
1.4589138415222172e-06
0.0
0.0
0.0
0.0
0.0
0.0
0.0
0.0
0.0