0.0
0.0
0.0
0.0
0.0
0.0
0.0
0.0
0.0
0.0
0.0
0.0
0.0
0.0
0.0
0.0
3.3012258683869e-07
0.0
0.0
0.0
0.0
3.4370323644385773e-07
0.0
1.4409556343945006e-07
0.0
0.0
1.4169597257241839e-07
0.0
0.0
0.0
0.0
0.0
0.0
0.0
0.0
0.0
0.0
0.0
0.0
0.0
0.0
0.0
0.0
0.0
0.0
0.0
0.0
0.0
0.0
0.0
0.0
0.0
0.0
0.0
0.0
0.0
0.0
0.0
0.0
0.0
0.0
0.0
0.0
0.0
0.0
0.0
0.0
0.0
0.0
0.0
0.0
0.0
0.0
0.0
0.0
0.0
0.0
0.0
0.0
0.0
0.0
0.0
0.0
0.0
0.0
0.0
0.0
0.0
0.0
0.0
0.0
0.0
0.0
0.0
0.0
0.0
0.0
0.0
0.0
0.0
0.0
0.0
0.0
0.0
0.0
0.0
0.0
0.0
0.0
0.0
0.0
0.0
0.0
0.0
0.0
0.0
0.0
0.0
0.0
0.0
0.0
0.0
0.0
0.0
0.0
0.0
0.0
0.0
0.0
0.0
0.0
0.0
0.0
0.0
0.0
0.0
0.0
0.0
0.0
0.0
0.0
0.0
0.0
0.0
0.0
0.0
0.0
0.0
0.0
0.0
0.0
0.0
0.0
0.0
0.0
0.0
0.0
0.0
0.0
0.0
0.0
0.0
0.0
0.0
0.0
0.0
0.0
0.0
0.0
0.0
0.0
0.0
0.0
0.0
0.0
0.0
0.0
0.0
0.0
0.0
0.0
0.0
0.0
0.0
0.0
0.0
0.0
0.0
0.0
0.0
0.0
0.0
0.0
0.0
0.0
0.0
0.0
0.0
0.0
0.0
0.0
0.0
0.0
0.0
0.0
0.0
0.0
0.0
0.0
0.0
0.0
0.0
0.0
0.0
0.0
0.0
0.0
0.0
0.0
0.0
0.0
0.0
0.0
0.0
0.0
0.0
4.0976230197516147e-07
5.428832233621805e-07
0.0
1.3781989667665572e-06
0.0
0.0
0.0
0.0
0.0
0.0
0.0
0.0
0.0
0.0
0.0
0.0
0.0
0.0
0.0
0.0
0.0
0.0
0.0
0.0
0.0
0.0
2.3159958417434893e-07
1.6927552039210479e-06
1.5774094809093437e-06
1.7644353804214919e-07
0.0
0.0
0.0
0.0
0.0
0.0
0.0
0.0
0.0
0.0
0.0
5.955719841921853e-07
4.822348170378215e-07
0.0
0.0
0.0
0.0
0.0
0.0
0.0
0.0
1.3028212412373642e-06
0.0
0.0
0.0
0.0
0.0
0.0
0.0
0.0
0.0
0.0
0.0
0.0
0.0
0.0
0.0
0.0
0.0
0.0
0.0
0.0
0.0
0.0
0.0
0.0
0.0
0.0
0.0
0.0
0.0
0.0
0.0
0.0
0.0
0.0
0.0
0.0
0.0
0.0
0.0
0.0
0.0
0.0
0.0
0.0
0.0
0.0
0.0
0.0
0.0
0.0
0.0
0.0
0.0
0.0
0.0
0.0
0.0
0.0
0.0
0.0
0.0
0.0
0.0
0.0
0.0
0.0
0.0
0.0
0.0
0.0
0.0
0.0
0.0
0.0
0.0
0.0
0.0
0.0
0.0
0.0
0.0
0.0
0.0
0.0
0.0
0.0
0.0
0.0
0.0
0.0
0.0
0.0
0.0
7.447675788651627e-08
1.5598055509018992e-07
0.0
6.35830843071591e-07
0.0
4.0338969729598304e-07
0.0
0.0
0.0
0.0
0.0
0.0
0.0
0.0
0.0
0.0
0.0
0.0
0.0
0.0
0.0
0.0
2.7618941175700496e-07
7.671928536799712e-07
1.1451077549873662e-06
1.995853884194812e-06
9.830866220442084e-06
0.0
0.0
0.0
7.110554090899683e-07
0.0
0.0
0.0
0.0
0.0
0.0
0.0
0.0
0.0
0.0
0.0
0.0
0.0
0.0
6.718463227533577e-07
0.0
8.32921874353934e-07
1.250127197336329e-06
0.0
7.481723053852076e-07
0.0
0.0
0.0
0.0
0.0
0.0
0.0
0.0
0.0
0.0
0.0
0.0
0.0
0.0
0.0
0.0
0.0
0.0
0.0
0.0
0.0
0.0
0.0
0.0
0.0
0.0
0.0
0.0
0.0
0.0
0.0
0.0
0.0
0.0
0.0
0.0
0.0
0.0
0.0
0.0
0.0
0.0
0.0
0.0
0.0
0.0
0.0
2.54976540962258e-07
0.0
0.0
0.0
0.0
0.0
0.0
0.0
0.0
0.0
0.0
0.0
0.0
0.0
0.0
0.0
0.0
0.0
0.0
0.0
0.0
0.0
0.0
0.0
0.0
0.0
0.0
0.0
0.0
0.0
0.0
0.0
0.0
0.0
0.0
0.0
0.0
0.0
0.0
0.0
0.0
0.0
0.0
0.0
0.0
0.0
0.0
0.0
0.0
1.031340972815411e-07
0.0
0.0
0.0
0.0
0.0
0.0
0.0
0.0
0.0
0.0
0.0
0.0
0.0
1.0704664811950269e-07
0.0
0.0
0.0
0.0
0.0
0.0
1.0651015766881623e-07
0.0
7.928345628963431e-07
0.0
0.0
0.0
0.0
0.0
0.0
0.0
0.0
0.0
0.0
0.0
0.0
0.0
0.0
0.0
0.0
0.0
0.0
0.0
0.0
0.0
0.0
0.0
0.0
0.0
0.0
0.0
0.0
0.0
0.0
0.0
0.0
0.0
0.0
0.0
0.0
0.0
0.0
0.0
0.0
0.0
0.0
0.0
0.0
0.0
0.0
0.0
0.0
0.0
0.0
0.0
0.0
0.0
0.0
0.0
0.0
0.0
0.0
0.0
0.0
0.0
0.0
0.0
0.0
0.0
0.0
0.0
0.0
0.0
0.0
0.0
0.0
0.0
0.0
0.0
0.0
0.0
0.0
0.0
0.0
0.0
0.0
0.0
0.0
0.0
0.0
0.0
0.0
0.0
0.0
0.0
0.0
0.0
0.0
0.0
0.0
0.0
0.0
0.0
0.0
0.0
0.0
0.0
0.0
0.0
0.0
0.0
0.0
0.0
0.0
0.0
0.0
0.0
0.0
0.0
0.0
0.0
0.0
0.0
0.0
0.0
0.0
0.0
0.0
0.0
0.0
0.0
0.0
0.0
0.0
0.0
0.0
0.0
0.0
6.633889353844624e-08
0.0
0.0
0.0
0.0
0.0
0.0
0.0
0.0
0.0
0.0
0.0
0.0
0.0
0.0
0.0
0.0
0.0
0.0
0.0
0.0
0.0
0.0
0.0
0.0
0.0
0.0
0.0
0.0
0.0
0.0
0.0
0.0
0.0
0.0
0.0
0.0
0.0
0.0
0.0
0.0
0.0
0.0
0.0
0.0
0.0
0.0
0.0
0.0
0.0
0.0
0.0
0.0
0.0
0.0
0.0
0.0
0.0
0.0
0.0
0.0
0.0
0.0
0.0
0.0
0.0
0.0
0.0
0.0
0.0
0.0
0.0
0.0
0.0
0.0
0.0
0.0
0.0
0.0
0.0
0.0
0.0
0.0
0.0
0.0
0.0
0.0
0.0
0.0
0.0
0.0
0.0
0.0
0.0
0.0
0.0
0.0
0.0
0.0
0.0
0.0
0.0
0.0
0.0
0.0
0.0
0.0
0.0
0.0
0.0
0.0
0.0
0.0
0.0
0.0
0.0
0.0
0.0
0.0
0.0
0.0
0.0
0.0
0.0
0.0
0.0
0.0
0.0
0.0
0.0
0.0
0.0
0.0
0.0
0.0
0.0
0.0
0.0
0.0
0.0
0.0
0.0
0.0
0.0
0.0
0.0
0.0
0.0
0.0
0.0
0.0
0.0
0.0
0.0
0.0
0.0
0.0
0.0
0.0
0.0
0.0
0.0
0.0
0.0
0.0
0.0
0.0
0.0
0.0
0.0
0.0
0.0
0.0
0.0
0.0
0.0
0.0
0.0
0.0
0.0
1.4399044686029395e-07
0.0
1.3594652833190952e-07
1.4989515877126066e-07
1.1844144175842555e-07
0.0
0.0
7.433550800705192e-08
1.4336072678573333e-07
0.0
8.585075206117071e-08
8.0551826426112e-08
7.180781789002702e-08
7.905455449252744e-08
0.0
0.0
0.0
0.0
0.0
0.0
0.0
0.0
0.0
0.0
0.0
0.0
0.0
0.0
0.0
0.0
0.0
0.0
0.0
0.0
0.0
0.0
0.0
0.0
0.0
0.0
0.0
0.0
0.0
0.0
0.0
0.0
0.0
0.0
0.0
0.0
0.0
0.0
0.0
0.0
0.0
0.0
0.0
0.0
0.0
0.0
0.0
0.0
0.0
0.0
0.0
0.0
0.0
0.0
0.0
5.094086034526971e-07
0.0
0.0
0.0
0.0
0.0
0.0
0.0
0.0
0.0
0.0
0.0
0.0
0.0
0.0
0.0
0.0
0.0
0.0
0.0
0.0
0.0
0.0
0.0
2.465648798340058e-07
0.0
0.0
0.0
0.0
0.0
0.0
0.0
0.0
0.0
0.0
0.0
0.0
0.0
0.0
0.0
0.0
0.0
0.0
0.0
0.0
0.0
0.0
0.0
0.0
0.0
0.0
0.0
0.0
0.0
0.0
0.0
0.0
0.0
0.0
0.0
0.0
0.0
0.0
0.0
0.0
0.0
0.0
0.0
0.0
0.0
0.0
0.0
0.0
0.0
0.0
0.0
0.0
0.0
0.0
0.0
0.0
0.0
0.0
0.0
0.0
0.0
0.0
0.0
0.0
0.0
0.0
0.0
0.0
7.277126644101391e-08
0.0
0.0
1.2501431087748283e-06
0.0
0.0
1.464807100735895e-07
3.171570816874643e-07
0.0
0.0
0.0
0.0
0.0
0.0
0.0
0.0
0.0
0.0
0.0
0.0
0.0
0.0
0.0
0.0
0.0
0.0
0.0
0.0
0.0
0.0
0.0
0.0
0.0
0.0
0.0
0.0
0.0
0.0
0.0
0.0
0.0
0.0
0.0
0.0
0.0
0.0
0.0
0.0
0.0
0.0
0.0
0.0
0.0
0.0
0.0
0.0
0.0
0.0
0.0
0.0
0.0
0.0
0.0
0.0
0.0
0.0
0.0
0.0
0.0
0.0
0.0
0.0
0.0
1.5091972318393117e-07
0.0
1.1719346509065525e-06
0.0
0.0
0.0
0.0
0.0
0.0
0.0
0.0
0.0
0.0
0.0
0.0
0.0
0.0
0.0
0.0
0.0
0.0
0.0
0.0
6.555243390911717e-07
8.239176684018888e-07
0.0
3.142838503696936e-06
3.8517179743043365e-06
4.874472090168801e-07
0.0
9.496613557494643e-07
0.0
0.0
0.0
0.0
0.0
0.0
0.0
0.0
0.0
0.0
0.0
0.0
0.0
0.0
0.0
5.699620677997363e-08
4.1775230061569954e-07
4.536891212887137e-07
0.0
3.7483335948706566e-06
3.622425144348504e-06
1.3168105514598289e-07
0.0
4.882488557178618e-07
0.0
0.0
0.0
0.0
0.0
0.0
0.0
0.0
0.0
0.0
0.0
0.0
0.0
0.0
0.0
0.0
0.0
0.0
0.0
0.0
0.0
0.0
0.0
0.0
0.0
0.0
0.0
0.0
0.0
0.0
0.0
0.0
0.0
0.0
0.0
0.0
0.0
0.0
0.0
0.0
0.0
0.0
0.0
2.3306982580257175e-07
0.0
0.0
0.0
0.0
0.0
0.0
0.0
0.0
0.0
0.0
0.0
0.0
0.0
0.0
0.0
0.0
0.0
0.0
0.0
0.0
0.0
0.0
3.6867330885155336e-07
1.541770375511933e-06
2.2585146105358532e-07
1.1737140866681734e-06
1.8290975290748634e-07
2.6691135770801276e-07
0.0
0.0
0.0
0.0
0.0
0.0
0.0
0.0
0.0
0.0
0.0
0.0
0.0
0.0
0.0
0.0
0.0
5.345052930986366e-07
0.0
3.4438333773020988e-06
0.0
0.0
0.0
0.0
0.0
0.0
0.0
0.0
0.0
0.0
0.0
0.0
0.0
0.0
3.329292000142692e-07
0.0
0.0
0.0
0.0
0.0
0.0
0.0
0.0
0.0
4.838899015690736e-07
7.196016562651073e-07
0.0
0.0
0.0
0.0
0.0
0.0
0.0
0.0
0.0
0.0
0.0
0.0
0.0
0.0
0.0
0.0
0.0
0.0
0.0
0.0
0.0
0.0
0.0
0.0
0.0
0.0
0.0
0.0
0.0
0.0
0.0
0.0
0.0
0.0
0.0
0.0
0.0
0.0
0.0
0.0
0.0
0.0
0.0
0.0
0.0
0.0
0.0
0.0
0.0
0.0
0.0
0.0
0.0
0.0
0.0
0.0
0.0
0.0
0.0
0.0
0.0
0.0
0.0
0.0
0.0
0.0
0.0
0.0
0.0
0.0
0.0
0.0
0.0
0.0
0.0
0.0
0.0
0.0
0.0
0.0
0.0
0.0
0.0
0.0
0.0
0.0
0.0
0.0
8.606565623018927e-08
0.0
0.0
0.0
0.0
0.0
0.0
0.0
0.0
0.0
0.0
0.0
0.0
0.0
0.0
0.0
0.0
0.0
0.0
0.0
0.0
0.0
0.0
0.0
0.0
0.0
0.0
0.0
0.0
2.5801151379249047e-06
0.0
0.0
0.0
0.0
0.0
0.0
0.0
0.0
0.0
0.0
0.0
0.0
0.0
0.0
0.0
0.0
0.0
0.0
0.0
9.443650621263421e-07
9.090032384325058e-07
1.7610879850562514e-06
0.0
9.467797256379263e-06
5.799493083640471e-07
0.0
0.0
3.776432016049863e-07
0.0
0.0
0.0
0.0
0.0
0.0
0.0
0.0
0.0
0.0
0.0
0.0
0.0
0.0
0.0
0.0
9.599137331399419e-08
5.12140475388417e-07
0.0
3.052669211062006e-07
6.131197801282795e-07
0.0
0.0
1.5568824310222633e-07
0.0
0.0
0.0
0.0
0.0
0.0
0.0
0.0
0.0
0.0
0.0
0.0
0.0
0.0
0.0
0.0
0.0
0.0
8.02890147013642e-08
3.1637671071845346e-07
0.0
0.0
0.0
0.0
0.0
0.0
0.0
0.0
0.0
0.0
0.0
0.0
0.0
0.0
0.0
0.0
0.0
0.0
0.0
0.0
0.0
0.0
0.0
0.0
0.0
0.0
0.0
0.0
0.0
0.0
0.0
0.0
0.0
0.0
0.0
0.0
0.0
0.0
0.0
0.0
0.0
0.0
0.0
0.0
0.0
0.0
0.0
0.0
0.0
0.0
0.0
0.0
0.0
0.0
0.0
0.0
0.0
0.0
0.0
0.0
0.0
0.0
0.0
0.0
0.0
0.0
0.0
0.0
0.0
0.0
0.0
0.0
4.6930702980138786e-07
0.0
0.0
0.0
0.0
0.0
0.0
0.0
0.0
0.0
0.0
0.0
0.0
0.0
0.0
0.0
0.0
0.0
0.0
0.0
0.0
0.0
0.0
0.0
0.0
0.0
0.0
0.0
0.0
0.0
0.0
0.0
0.0
0.0
0.0
0.0
0.0
0.0
0.0
0.0
0.0
0.0
0.0
0.0
0.0
0.0
0.0
0.0
0.0
0.0
0.0
0.0
0.0
0.0
0.0
0.0
0.0
0.0
0.0
0.0
0.0
0.0
0.0
0.0
0.0
0.0
0.0
0.0
0.0
0.0
0.0
1.086276418214259e-06
3.8603303185219e-07
2.3292873884326805e-07
0.0
0.0
0.0
0.0
0.0
0.0
0.0
0.0
0.0
0.0
0.0
0.0
0.0
0.0
0.0
0.0
0.0
0.0
0.0
0.0
0.0
0.0
0.0
0.0
0.0
0.0
0.0
0.0
0.0
0.0
0.0
0.0
0.0
0.0
0.0
0.0
0.0
0.0
0.0
0.0
0.0
0.0
0.0
0.0
0.0
6.184504961341609e-07
0.0
0.0
0.0
0.0
0.0
0.0
0.0
0.0
0.0
0.0
0.0
0.0
0.0
0.0
0.0
0.0
0.0
0.0
0.0
0.0
0.0
0.0
0.0
0.0
0.0
0.0
0.0
0.0
0.0
0.0
0.0
0.0
1.6215493874234036e-07
0.0
0.0
0.0
0.0
0.0
0.0
0.0
0.0
0.0
0.0
0.0
0.0
9.534768290470947e-08
0.0
0.0
0.0
7.657125982858164e-07
0.0
0.0
0.0
0.0
0.0
0.0
0.0
0.0
0.0
0.0
0.0
0.0
0.0
0.0
0.0
0.0
0.0
0.0
0.0
0.0
6.281798192246662e-07
1.534871280484862e-06
2.5433099466393326e-06
4.483695582857413e-06
7.78636832785876e-07
1.4186198559572553e-07
0.0
0.0
0.0
0.0
0.0
0.0
0.0
0.0
0.0
0.0
0.0
0.0
0.0
3.459868687467715e-06
2.398816079795162e-06
1.148057941022031e-06
0.0
0.0
1.425480638365027e-05
3.508591568904335e-05
8.29362645076722e-05
0.00011503576125397904
6.1811870941097e-06
0.0
0.0
0.0
0.0
0.0
0.0
0.0
0.0
0.0
0.0
0.0
0.0
1.812813246683943e-06
0.0
1.63162682062015e-06
1.3337128118924217e-06
0.0
0.0
0.0
4.448625747394212e-06
0.0
0.0
0.0
0.0
0.0
0.0
0.0
0.0
0.0
0.0
0.0
0.0
0.0
0.0
0.0
0.0
0.0
0.0
0.0
0.0
0.0
0.0
0.0
0.0
0.0
0.0
0.0
0.0
0.0
0.0
0.0
0.0
0.0
0.0
0.0
0.0
0.0
0.0
0.0
0.0
0.0
0.0
0.0
0.0
0.0
1.99527281660032e-07
2.1577502954646824e-07
1.6042321568735e-06
0.0
1.8777999152550315e-06
1.4766985711674743e-07
4.874919366528364e-07
0.0
0.0
0.0
0.0
0.0
0.0
0.0
0.0
0.0
0.0
3.608581130441831e-07
0.0
0.0
0.0
0.0
0.0
0.0
0.0
0.0
0.0
0.0
0.0
0.0
0.0
0.0
0.0
0.0
0.0
0.0
0.0
1.9058491111459708e-07
0.0
0.0
0.0
0.0
0.0
0.0
0.0
0.0
0.0
0.0
0.0
0.0
0.0
0.0
0.0
0.0
0.0
0.0
0.0
0.0
0.0
0.0
0.0
0.0
0.0
0.0
0.0
0.0
0.0
0.0
0.0
0.0
0.0
0.0
0.0
0.0
8.754635165221879e-07
0.0
9.109947619449061e-07
2.6236142608104264e-07
3.087591055030256e-07
0.0
0.0
0.0
0.0
0.0
0.0
0.0
0.0
0.0
1.0310542538815285e-07
0.0
0.0
0.0
0.0
0.0
0.0
1.279671605115493e-07
5.71505912876248e-07
2.44648727306846e-07
2.4115774499168426e-06
5.083565111294476e-07
1.688177674786608e-06
0.0
9.126359664152845e-07
0.0
0.0
0.0
0.0
0.0
0.0
0.0
0.0
0.0
0.0
0.0
0.0
0.0
0.0
0.0
0.0
0.0
0.0
0.0
1.5458179456123274e-06
0.0
1.2785601792391943e-06
5.901960907416378e-07
2.3957502518154535e-07
0.0
0.0
0.0
0.0
0.0
0.0
0.0
0.0
0.0
0.0
0.0
0.0
0.0
0.0
0.0
0.0
0.0
0.0
0.0
3.0354781859344273e-07
0.0
0.0
0.0
0.0
0.0
0.0
0.0
0.0
0.0
0.0
0.0
0.0
0.0
0.0
0.0
0.0
0.0
0.0
0.0
0.0
0.0
0.0
0.0
0.0
0.0
9.286764607579051e-07
3.8852206051855695e-07
2.7425961895720384e-07
0.0
0.0
0.0
0.0
0.0
0.0
0.0
0.0
0.0
0.0
0.0
0.0
0.0
0.0
0.0
0.0
0.0
0.0
0.0
0.0
0.0
0.0
0.0
0.0
0.0
0.0
0.0
0.0
0.0
0.0
0.0
0.0
0.0
0.0
0.0
0.0
0.0
0.0
5.261885674768616e-07
0.0
3.13762792657526e-07
0.0
0.0
0.0
8.405002797501326e-07
0.0
0.0
0.0
1.6250532865618053e-07
0.0
0.0
1.873736287985976e-07
0.0
0.0
0.0
0.0
0.0
0.0
0.0
0.0
0.0
0.0
0.0
0.0
0.0
0.0
0.0
6.713300919246893e-07
0.0
0.0
0.0
0.0
0.0
0.0
0.0
0.0
0.0
0.0
0.0
0.0
0.0
0.0
0.0
0.0
0.0
0.0
4.845710378777871e-07
0.0
0.0
0.0
0.0
7.106699945027683e-06
2.302805929047612e-06
4.1092143964153514e-07
0.0
0.0
0.0
0.0
0.0
0.0
0.0
0.0
0.0
0.0
0.0
0.0
0.0
0.0
0.0
0.0
0.0
0.0
0.0
0.0
0.0
5.999578182280931e-07
7.887371141420067e-07
1.938735209256585e-06
5.528421661913484e-07
7.286087872543824e-07
9.671012249998498e-08
0.0
0.0
0.0
0.0
0.0
0.0
0.0
0.0
0.0
0.0
0.0
0.0
0.0
0.0
0.0
0.0
2.68528426382733e-07
2.4660839539411735e-07
3.197604555857049e-06
2.856587870459481e-06
5.9259486207472415e-06
1.2842062958248212e-05
2.152584542777617e-06
2.7667097426327493e-07
1.2651028163606362e-07
0.0
0.0
0.0
0.0
0.0
0.0
0.0
0.0
0.0
0.0
0.0
0.0
1.2746026277545748e-06
1.9002697770833832e-06
1.6821489805092705e-06
2.637328204193437e-06
2.2215910349070835e-05
0.00012975488584253528
0.00020910390264208345
0.00029336098122763994
0.0003207853549385352
0.00016793919567219517
6.976217141295742e-05
1.963621182504938e-05
7.608640763914729e-07
0.0
0.0
0.0
0.0
0.0
0.0
0.0
0.0
0.0
1.3405992622393962e-05
0.0
9.77041816314463e-07
2.4994344044758074e-07
7.006396820754716e-07
7.292689249616237e-07
0.0
0.0
9.919062282591435e-07
3.565499506474246e-06
5.822158624445992e-06
2.666394297978329e-06
0.0
0.0
0.0
0.0
0.0
0.0
0.0
0.0
0.0
0.0
0.0
0.0
0.0
0.0
0.0
0.0
0.0
0.0
0.0
0.0
0.0
0.0
0.0
0.0
0.0
0.0
0.0
0.0
0.0
0.0
0.0
0.0
0.0
0.0
0.0
0.0
0.0
0.0
0.0
0.0
0.0
4.880949289891139e-07
4.1615938822997187e-07
3.923454492628591e-06
3.9266390149708804e-05
9.825544175064559e-05
9.69221621056726e-05
1.5463505186562404e-05
5.609447671038825e-07
8.802341312103162e-08
0.0
0.0
0.0
0.0
0.0
0.0
0.0
0.0
0.0
0.0
1.7678450287259997e-07
0.0
2.8637466770116116e-06
6.492667641197819e-06
4.285628575899507e-06
0.0
0.0
7.391756985416417e-06
8.559380824806098e-06
1.3574624520169953e-05
2.3160554465557918e-05
0.0
0.0
0.0
0.0
0.0
0.0
0.0
0.0
0.0
0.0
0.0
0.0
0.0
0.0
0.0
3.860698716177682e-07
6.520692113397214e-07
4.570201033217584e-07
5.561723708312536e-07
4.222816893463335e-06
3.4815582799525075e-05
3.8006701613915486e-05
4.645355330819161e-05
5.927644885335014e-05
4.702377946069339e-07
0.0
1.050058809603242e-07
0.0
0.0
0.0
0.0
0.0
0.0
0.0
0.0
0.0
0.0
1.7471482090730746e-07
0.0
3.179190870274116e-06
6.335205099618048e-06
7.215176765470977e-06
4.688853002870149e-06
1.080271246647426e-06
2.6581056909610788e-05
3.220216087780692e-05
5.5607583713623137e-05
6.394457725922626e-05
0.0
0.0
0.0
0.0
0.0
0.0
0.0
0.0
0.0
0.0
0.0
0.0
0.0
1.4921781417559996e-07
0.0
3.4886191940596844e-06
1.2993347988036172e-05
3.129168456015002e-05
9.523226413528892e-05
0.00014824126154704625
0.0002659122114268009
0.0003298045227034206
0.0003780359929743158
0.0003195780126406168
0.00010412090640681519
1.559408093952336e-05
1.9579869519422426e-07
0.0
0.0
0.0
0.0
0.0
0.0
0.0
0.0
0.0
0.0
1.5442872091440357e-06
0.0
0.0
0.0
0.0
0.0
0.0
0.0
0.0
0.0
0.0
0.0
0.0
0.0
0.0
0.0
0.0
0.0
0.0
0.0
0.0
0.0
0.0
1.9770308967302092e-07
0.0
0.0
8.743208329234254e-07
2.0824815666750554e-07
0.0
0.0
0.0
0.0
0.0
0.0
0.0
0.0
0.0
0.0
0.0
0.0
0.0
0.0
0.0
0.0
0.0
0.0
0.0
0.0
0.0
0.0
1.2304694000696765e-05
5.084097094394202e-06
0.0
2.259000657117927e-06
3.6394818186790603e-06
2.473937426325292e-05
2.302580610876763e-05
1.739885409158587e-05
1.1951553677811088e-05
0.0
0.0
0.0
0.0
0.0
0.0
0.0
0.0
0.0
0.0
0.0
0.0
0.0
0.0
0.0
9.089956041071294e-07
2.4094844840429876e-07
0.0
0.0
1.406004129965869e-07
6.565920999337913e-07
0.0
8.87903142861969e-06
2.726147498126332e-05
1.3976699537825815e-06
0.0
1.328264330964427e-07
0.0
0.0
0.0
0.0
0.0
0.0
0.0
0.0
0.0
0.0
0.0
0.0
2.4678284757526726e-06
2.673830454329309e-06
2.5449552626442896e-06
1.053350886575098e-06
1.129960572853331e-06
5.833746772013288e-05
0.0001156171255992686
0.00018507668001541009
0.00019288348125724033
4.473223940320265e-05
9.993852614452956e-06
1.8914247487201908e-07
0.0
0.0
0.0
0.0
0.0
0.0
0.0
0.0
0.0
0.0
5.939926679219932e-07
0.0
4.645499161569471e-07
2.239599725105592e-07
2.984696183420253e-07
5.777922348780994e-07
0.0
3.4937222651741545e-06
7.00452969719667e-06
2.4152247657212997e-05
5.385484880019421e-05
1.9934925253774045e-05
4.134977670670236e-06
0.0
0.0
0.0
0.0
0.0
0.0
0.0
0.0
0.0
0.0
0.0
0.0
0.0
3.2483869025718827e-07
7.340201243649481e-08
6.120863168772056e-08
0.0
0.0
2.0441179100368692e-07
0.0
6.613030281923629e-06
2.500193070053516e-05
6.074060635839075e-06
0.0
0.0
0.0
0.0
0.0
0.0
0.0
0.0
0.0
0.0
0.0
0.0
0.0
0.0
0.0
0.0
0.0
0.0
0.0
0.0
0.0
9.594996100213649e-07
2.3434376400065803e-07
0.0
0.0
0.0
0.0
0.0
0.0
0.0
0.0
0.0
0.0
0.0
0.0
0.0
0.0
0.0
3.4685695342477806e-07
0.0
0.0
0.0
0.0
0.0
0.0
0.0
0.0
0.0
0.0
0.0
0.0
0.0
0.0
0.0
0.0
0.0
0.0
0.0
0.0
0.0
0.0
0.0
7.122734482941892e-08
6.450003522141097e-08
0.0
6.786646519432464e-07
0.0
4.829278709064794e-06
0.0
0.0
0.0
9.235995913017579e-07
0.0
0.0
0.0
0.0
0.0
0.0
0.0
0.0
0.0
0.0
0.0
0.0
0.0
0.0
1.8951042000926293e-06
1.7693972620414108e-06
1.2003768726503605e-06
8.619176752000558e-08
0.0
3.075793716936628e-06
6.447058695929552e-06
4.235059517747246e-05
6.825593638699112e-05
6.401498097734173e-07
6.996475077477721e-07
0.0
0.0
0.0
0.0
0.0
0.0
0.0
0.0
0.0
0.0
0.0
0.0
0.0
5.916155962366117e-07
0.0
0.0
0.0
0.0
2.298510367218596e-06
0.0
0.0
0.0
0.0
0.0
0.0
0.0
0.0
0.0
0.0
0.0
0.0
0.0
0.0
0.0
0.0
0.0
0.0
0.0
0.0
0.0
0.0
0.0
9.135303870527979e-07
0.0
0.0
0.0
0.0
0.0
0.0
0.0
0.0
0.0
0.0
0.0
0.0
0.0
0.0
0.0
0.0
0.0
0.0
0.0
0.0
0.0
0.0
0.0
9.123514515646179e-07
1.1434983727145159e-06
2.8519362400722107e-06
6.255740032408773e-06
7.019382978735325e-07
2.3380351892165723e-07
2.527347322514444e-07
0.0
0.0
0.0
0.0
0.0
0.0
0.0
0.0
0.0
0.0
0.0
0.0
0.0
0.0
0.0
0.0
0.0
0.0
0.0
2.4564202622836225e-06
1.53303814614246e-07
0.0
0.0
0.0
0.0
0.0
0.0
0.0
0.0
0.0
0.0
0.0
0.0
0.0
0.0
0.0
0.0
0.0
0.0
0.0
0.0
0.0
0.0
0.0
0.0
0.0
0.0
0.0
0.0
0.0
0.0
0.0
0.0
0.0
0.0
0.0
0.0
0.0
0.0
0.0
9.912799456676127e-07
1.2324561949231022e-06
1.286583703609686e-06
2.4441024421147495e-06
8.360949448072801e-06
4.365406853048752e-05
6.091793363289701e-05
3.356659433246139e-05
2.153852879908823e-05
0.0
8.236018490447391e-07
0.0
0.0
0.0
0.0
0.0
0.0
0.0
0.0
0.0
0.0
0.0
1.6545189335478674e-07
0.0
1.7242752153272069e-06
3.296181435854687e-07
0.0
1.7330564895256833e-07
0.0
1.2441438289715336e-05
4.333353885467598e-05
7.848271554935945e-05
9.827626949595742e-05
2.7258845209710454e-05
1.071743812474844e-05
1.9743699515826475e-07
1.269576253638236e-07
0.0
0.0
0.0
0.0
0.0
0.0
0.0
0.0
0.0
0.0
8.216739335151118e-08
1.867517938858955e-06
4.943369056765442e-06
6.661872466006036e-06
3.29352141970999e-06
3.4559161849318735e-06
6.219351459154305e-05
9.805907457385678e-05
0.0001356212153990029
0.0001615156235075079
3.5687703520333365e-05
5.840052581436374e-06
0.0
0.0
0.0
0.0
0.0
0.0
0.0
0.0
0.0
0.0
0.0
0.0
0.0
1.8676939196649837e-06
8.134601677911816e-06
1.5467137953680837e-05
3.107775834784472e-05
6.357769182484613e-05
0.0001475426877787022
0.0001752913183083007
0.00021653156284823577
0.00024995759278613656
0.00011783543593744169
3.782138882720552e-05
5.347846808598032e-06
0.0
0.0
0.0
0.0
0.0
0.0
0.0
0.0
0.0
0.0
2.0124774613314674e-06
2.836592523094311e-07
1.6271882762803676e-05
3.5692394831694096e-05
6.161646188937718e-05
0.0001316875349476536
0.00014821015565721828
0.0002286748422114855
0.00029354345902748985
0.00033604686194224447
0.00037926223283952647
0.0002156487234264019
0.00011234693202571625
3.6291104529803835e-05
1.2588222691279633e-06
0.0
0.0
0.0
0.0
0.0
0.0
0.0
0.0
0.0
5.533242467689747e-06
4.262147463447996e-07
2.618381391591836e-06
1.7222562279142567e-05
2.0841108602321566e-05
2.282227716635943e-05
1.021107904076096e-06
0.0
0.0
5.375060047222427e-07
0.0
0.0
0.0
0.0
0.0
0.0
0.0
0.0
0.0
0.0
0.0
0.0
0.0
0.0
0.0
0.0
0.0
0.0
0.0
0.0
0.0
0.0
0.0
0.0
0.0
0.0
0.0
0.0
0.0
0.0
0.0
0.0
0.0
0.0
0.0
0.0
6.239508606695966e-07
0.0
0.0
0.0
3.142375497047725e-07
1.4704522326230799e-06
1.228293245830492e-06
7.481542236393435e-07
0.0
6.662661865134769e-06
2.219650062468881e-05
6.83055136184523e-05
0.00011650560662469165
2.0652725617952373e-05
1.3820665389092459e-06
0.0
0.0
0.0
0.0
0.0
0.0
0.0
0.0
0.0
0.0
0.0
1.8358112021801296e-06
0.0
4.867584495984643e-06
5.069340899471867e-06
4.7830691202315464e-05
0.00015914946947694842
0.00020952324772165082
0.00031778779569461104
0.0003808139762878208
0.0004305577650449961
0.0004507523348814166
0.00028393648893292235
0.00014988018471157174
6.064292849189262e-05
1.006692937645582e-05
0.0
0.0
0.0
0.0
0.0
0.0
0.0
0.0
0.0
5.00827940682934e-06
5.137981997691691e-07
3.980329315093864e-05
0.00010926519185053456
0.00020990288054352903
0.00031126382694117286
0.0003417956367658202
0.0004152921880155129
0.0004577431593773071
0.0005213947916396236
0.0005592121587241742
0.00039769857852606596
0.0002747906102843973
0.0001721686725296986
6.214346647830087e-05
1.2939395153549997e-05
0.0
0.0
0.0
0.0
0.0
0.0
0.0
0.0
1.4888960590983988e-05
2.346512477041755e-06
0.00010204654705043199
0.0003043377293256017
0.0004471851047515522
0.0005129429672449934
0.0005376887098556466
0.0006531422140997704
0.0006947415425345096
0.0007809106689036422
0.0008475081765250906
0.0006757783226421786
0.0005040924347501486
0.000390905620543925
0.000267655165601563
0.0001738176033583218
0.0
0.0
0.0
0.0
0.0
0.0
0.0
0.0
2.457562682945293e-05
3.176189123977662e-05
0.0002645441018111148
0.0004022971090685437
0.0004860396140516337
0.000583376875395501
0.0006315022767067985
0.0007698456662960417
0.0008369394437378806
0.0007563816099653406
0.0007206779631495154
0.0005777430417600936
0.0004767028160327333
0.00022242433401984117
3.394626557058714e-05
1.7947870745871063e-06
0.0
0.0
0.0
0.0
0.0
0.0
0.0
0.0
1.1410559278782268e-05
7.12497618983296e-07
1.609006657084118e-05
2.5795476356833627e-05
2.1730717186832922e-05
2.0736652336251314e-05
3.158518889858598e-05
4.624575476172462e-05
7.273080634266e-05
8.703077754048503e-05
8.610683102628577e-05
4.576763369769698e-05
0.0
0.0
0.0
0.0
0.0
0.0
0.0
0.0
0.0
0.0
0.0
0.0
0.0
0.0
0.0
0.0
0.0
0.0
0.0
0.0
0.0
0.0
0.0
0.0
0.0
0.0
0.0
0.0
0.0
0.0
0.0
0.0
0.0
0.0
0.0
0.0
0.0
0.0
3.7851097911041574e-07
3.185005624639811e-07
0.0
0.0
0.0
8.855684674906042e-06
3.376428139662384e-06
1.321500305218752e-05
3.194386882529417e-05
3.6905926337471067e-07
0.0
0.0
0.0
0.0
0.0
0.0
0.0
0.0
0.0
0.0
0.0
0.0
0.0
1.6181643151573917e-07
1.6246564034974214e-06
8.233312381281736e-06
1.0151040145924083e-05
1.6347969153014708e-05
1.6838840128369437e-05
8.633837932254295e-05
0.00013639894769479263
0.00018912143133107776
0.0002383023313791048
0.00013169517483627152
6.152099934126086e-05
2.20916342769829e-05
3.2314266122515257e-07
0.0
0.0
0.0
0.0
0.0
0.0
0.0
0.0
0.0
3.057703040278481e-06
0.0
8.46091268834868e-06
5.64613665933754e-06
3.67990179109467e-05
0.00012513379039447148
0.00017349110617324908
0.0002769914032778029
0.0002930443232971672
0.0002704016360008941
0.0002640991018436693
0.0001321248490813665
1.5509998516024293e-05
0.0
0.0
0.0
0.0
0.0
0.0
0.0
0.0
0.0
0.0
0.0
6.918560348502143e-06
4.6732049737057134e-07
1.4161007575943503e-05
1.9664350215544143e-05
3.718300866531264e-05
7.274844598385949e-05
8.652951061224572e-05
0.0001722188637403606
0.00023236205016663922
0.00025810420861623843
0.00026964324182387263
0.00014369672454160243
4.597293403091564e-05
7.997482570134106e-06
0.0
0.0
0.0
0.0
0.0
0.0
0.0
0.0
0.0
0.0
7.4078245392259145e-06
2.0015563006908736e-07
1.0975877427622356e-05
1.865140658036149e-05
6.605338946202774e-05
0.00011297266814441921
0.000105499363388563
0.00016303404929562514
0.0002067072265774106
0.0002177920597574015
0.00021854844980390142
0.00011931446894716966
3.00117098009841e-05
3.976341134397002e-06
0.0
0.0
0.0
0.0
0.0
0.0
0.0
0.0
0.0
0.0
3.954093234139318e-06
2.8095315668358756e-07
0.0
0.0
0.0
1.2867665362418208e-06
4.340204629085955e-06
5.21365556848273e-07
0.0
0.0
0.0
0.0
0.0
0.0
0.0
0.0
0.0
0.0
0.0
0.0
0.0
0.0
0.0
0.0
0.0
0.0
0.0
0.0
0.0
0.0
0.0
0.0
0.0
0.0
0.0
0.0
0.0
0.0
0.0
0.0
0.0
0.0
0.0
0.0
0.0
0.0
0.0
0.0
0.0
0.0
1.7902393326441448e-06
2.2096717816576023e-06
5.19459053876116e-06
8.359356880491555e-06
1.2822989567771777e-05
7.415565183744311e-05
0.00011110510202212068
0.0001537689666431347
0.00018814875206375566
7.622146744748975e-05
3.445036587865533e-05
1.1780632689943246e-05
0.0
0.0
0.0
0.0
0.0
0.0
0.0
0.0
0.0
0.0
2.569222074823545e-06
3.5772420751640345e-07
6.669624883428253e-06
1.77929378101509e-05
4.097228854925756e-05
9.384074085786014e-05
9.222403659484109e-05
0.00014958312539595602
0.00016424955964469
0.00016389760327198906
0.00017071458532166595
2.8027863625742014e-05
0.0
0.0
0.0
0.0
0.0
0.0
0.0
0.0
0.0
0.0
0.0
0.0
3.6282743759280203e-06
0.0
9.208485291240506e-06
3.989912519883278e-06
5.354487327445453e-06
2.0128320018320194e-05
1.6607899913832925e-05
8.406625313819807e-05
0.00011579813070290793
0.00010377571680247573
0.00010058167916065788
5.159527713529563e-06
0.0
0.0
0.0
0.0
0.0
0.0
0.0
0.0
0.0
0.0
0.0
0.0
4.77049578432019e-06
0.0
1.0606128126513878e-05
6.831532965709717e-06
2.069848029988583e-05
7.242024489115087e-05
9.860809902135884e-05
0.0001746483722215584
0.00019976479004630616
0.00021336860479518905
0.00022687360127978583
7.912945869812062e-05
7.181930016291244e-06
0.0
0.0
0.0
0.0
0.0
0.0
0.0
0.0
0.0
0.0
0.0
3.162009348116338e-06
0.0
1.3833169532503514e-05
4.265088251084057e-06
2.0322654229228747e-05
7.989583572933215e-05
0.00013219880963397522
0.00024701567621023354
0.00027796499673114186
0.0003085074558428835
0.00033892680056339056
0.00018956273206617092
7.845025223524912e-05
2.4402938064831648e-05
8.792256593016923e-07
0.0
0.0
0.0
0.0
0.0
0.0
0.0
0.0
0.0
3.514632230149597e-06
3.575186249972069e-07
9.76151127438823e-07
7.538555842671327e-06
1.0270808147528496e-05
7.5912022837988615e-06
5.328072846141813e-06
1.2999879836478056e-05
4.535905634364106e-05
8.877304349608758e-05
0.00010284261109154411
7.068230333722883e-05
0.0
0.0
0.0
0.0
0.0
0.0
0.0
0.0
0.0
0.0
0.0
0.0
0.0
0.0
0.0
0.0
0.0
0.0
0.0
0.0
0.0
0.0
0.0
0.0
0.0
0.0
0.0
0.0
0.0
0.0
0.0
0.0
0.0
0.0
0.0
0.0
7.502039813073923e-06
6.920303768147848e-06
0.00010637487651859089
0.0002937036334335617
0.0003933774961592565
0.00043206137187771696
0.0004293279144670906
0.0005480898938022879
0.0006077114054482412
0.0006757330558231088
0.000723522886957201
0.000559216973037902
0.00041703986443531924
0.00031353383313078166
0.00021195441474759302
0.00014559781842778192
0.0
0.0
0.0
0.0
0.0
0.0
0.0
0.0
1.7547661164917306e-05
1.2543868904496412e-06
0.00017626983941573573
0.00031782442856861216
0.00041502307933554257
0.00042949551648598084
0.0003509767754575775
0.00034863688494219145
0.00037467418604307295
0.000423740254223116
0.0004534337991014046
0.00033208126093754774
0.00020534592310656458
0.00010388960210432696
2.6531584195898105e-05
6.442613474774633e-06
0.0
0.0
0.0
0.0
0.0
0.0
0.0
0.0
2.2999006113307602e-05
0.0
7.003557568085288e-05
0.00020366528000085994
0.00029179134698435906
0.00038572639842165263
0.00043732888825932445
0.0005795196306667096
0.0006241876550934243
0.0006514189554598112
0.0006506394002427276
0.0004676500489605157
0.0003014764999792819
0.00018614119367563097
7.42327967270259e-05
2.9329106414505903e-05
0.0
0.0
0.0
0.0
0.0
0.0
0.0
0.0
2.1201489164107114e-05
7.223615433511897e-06
0.000223458190128204
0.00040376894145377885
0.0005210519033835093
0.0006088214814331227
0.0006133291372402582
0.0006948314023231382
0.0006447912826655465
0.0006398155628913132
0.0006611810505828481
0.00045050252324401824
0.00030026012983875406
0.00018087234428349353
6.261894296551603e-05
1.3585730374334478e-05
0.0
0.0
0.0
0.0
0.0
0.0
0.0
0.0
1.5545631732774512e-05
6.340128551215207e-07
6.040533215190079e-05
0.00017726270397697505
0.00024371717714370464
0.00026966185169047984
0.00027335486301174666
0.0003616300013765154
0.00042519820667087605
0.0004775148712375048
0.00048668477724212567
0.00031680919014840124
0.0002013165016224849
0.00011066161876451111
3.222623933384426e-05
3.421324994835842e-06
0.0
0.0
0.0
0.0
0.0
0.0
0.0
0.0
4.514235805794181e-06
1.0214771239177191e-06
5.498936643807032e-06
1.8713087050851565e-05
3.082251704942465e-05
8.791736420628627e-05
0.00011047322872405112
0.0001682634920386827
0.00022276731549163332
0.0002863164810900538
0.00034776743599570625
0.0003451872832885893
0.0
0.0
0.0
0.0
0.0
0.0
0.0
0.0
0.0
0.0
0.0
0.0
0.0
0.0
0.0
0.0
0.0
0.0
0.0
0.0
0.0
0.0
0.0
0.0
0.0
0.0
0.0
0.0
0.0
0.0
0.0
0.0
0.0
0.0
0.0
0.0
0.0
0.0
0.0
0.0
0.0
0.0
0.0
0.0
0.0
0.0
0.0
0.0
0.0
0.0
0.0
0.0
0.0
0.0
0.0
0.0
0.0
0.0
0.0
0.0
2.4971372648593995e-05
0.0
0.00024749793442559946
0.0004419482237869929
0.0005141551852064362
0.00047789453944705205
0.00043747681271273604
0.000616002898989439
0.0007654471887404302
0.0008286701709244574
0.0009010143678899054
0.0007116624655663287
0.0005494844037391876
0.0003977072253321988
0.0002518258640358848
0.00019833615481436472
0.0
0.0
0.0
0.0
0.0
0.0
0.0
0.0
3.1424012400569466e-05
3.072593775738796e-05
0.0003158849132169985
0.00041352274583585053
0.00047871828271500743
0.0005173878187464601
0.0004993739063352139
0.000589118565750563
0.0006486300882521872
0.0006987685753345163
0.0007311308924710153
0.0005485006174788874
0.0003940623037726218
0.0002958958930197154
0.00019568145744375053
0.0001450644227395295
0.0
0.0
0.0
0.0
0.0
0.0
0.0
0.0
8.025987987800132e-05
1.3461313021796592e-05
0.00024794836358371094
0.0003761251058151825
0.0004531719618312561
0.0004984498096375573
0.00047663910187439797
0.0005614709728550267
0.0006103857372738974
0.0006735014604454003
0.0007430016160914154
0.0005727567573158991
0.00044285927688730994
0.0003504713085318002
0.00020078589337102693
0.0001045356362745054
0.0
0.0
0.0
0.0
0.0
0.0
0.0
0.0
3.245742445649416e-05
2.1844350525230874e-05
0.0002931374429209028
0.00042300108933824773
0.0004920780329656242
0.0005572630892109574
0.0005562830639643873
0.0006420108023578829
0.0006994132640807666
0.0007362360627387875
0.0007459422190486087
0.0005494290946733796
0.000446952100866302
0.0003681741380971475
0.00023976855690148756
0.0001646214815048213
0.0
0.0
0.0
0.0
0.0
0.0
0.0
0.0
5.347858259787582e-05
3.6900114211442335e-05
0.00014062806135364142
0.00022565705842317796
0.0002848120690654421
0.00032389586161969675
0.0003163633146343351
0.00037311429597609196
0.0003958355567070155
0.0003599650257283318
0.00032824671041532593
0.0002957409765267514
0.0
0.0
0.0
0.0
0.0
0.0
0.0
0.0
0.0
0.0
0.0
0.0
0.0
0.0
0.0
0.0
0.0
0.0
0.0
0.0
0.0
0.0
3.6064524961692395e-05
2.589028315574224e-05
0.0
0.0
0.0
0.0
0.0
0.0
0.0
0.0
0.0
0.0
0.0
0.0
0.00015619888143720615
0.00011273413974341623
0.00032693477863447566
0.000372702638342221
0.00039107557377191464
0.00044416149882404673
0.00047805722403214634
0.0005517923939644478
0.0005709855683311415
0.0006150512193915583
0.0006526224955234766
0.00044931337880195645
0.0002938767431191714
0.00019669639253580836
0.00010363942608097087
4.801940737584664e-05
0.0
0.0
0.0
0.0
0.0
0.0
0.0
0.0
2.2584537527149906e-05
2.271530713360155e-05
0.00023319799293000025
0.00044278736331916136
0.00056962401895502
0.0006894890992322899
0.000750494138539508
0.0009207878985009809
0.0010314936202171442
0.001132031538308004
0.0012149992259183797
0.0009715964514401872
0.0007815181497899758
0.000650761063541311
0.0005294137079162228
0.0005074956271610613
0.0
0.0
0.0
0.0
0.0
0.0
0.0
0.0
0.00046096378154747853
0.00046347584527116494
0.0007930266757630586
0.0008142071228714479
0.0008269368452172719
0.0007300385921080966
0.0006023707287492047
0.000738075863827866
0.000818494108750671
0.0008446954638030882
0.0009204746916981903
0.0007532399803049124
0.000647475810098576
0.0005574793525279644
0.0004446995922008366
0.00038083749843339517
0.0
0.0
0.0
0.0
0.0
0.0
0.0
0.0
0.00033753714668826305
0.00044321911468192976
0.0008963822601702617
0.0010574177824942037
0.00113237353467552
0.0012107869411668323
0.0012243398085813727
0.0014243645644306368
0.00132780174360144
0.0010313609332434693
0.0009144345493251394
0.0007364697337634351
0.0006102360182309841
0.0004421826769479479
0.00028823956533129645
0.00021427530764526125
0.0
0.0
0.0
0.0
0.0
0.0
0.0
0.0
0.0001042736699708181
0.00010246052552323468
0.0004160634116165331
0.0005080356966836487
0.0005986568208023289
0.0007640071050614237
0.0008381755956343095
0.0008966869437304237
0.0008592258501604144
0.000854261801794465
0.0008706681936997293
0.0006335554804867202
0.00044414345721550665
0.000345368376191665
0.00029170499439943204
0.0002809077692071684
0.0
0.0
0.0
0.0
0.0
0.0
0.0
0.0
0.0002885354254761828
0.0002618633175411261
0.00027142878900320895
0.00019819078370023928
0.00012796491381135257
0.0001089486287590173
5.962206513881093e-05
5.3709355553683775e-05
4.388764989127843e-05
4.5975766263751845e-05
2.1743332645900454e-05
4.946455976872348e-06
0.0
0.0
0.0
0.0
0.0
0.0
0.0
0.0
0.0
0.0
0.0
0.0
0.0
0.0
0.0
0.0
0.0
0.0
0.0
0.0
0.0
0.0
0.0
0.0
0.0
0.0
0.0
0.0
0.0
0.0
0.0
0.0
0.0
0.0
0.0
0.0
2.1153693494839607e-05
2.2939513204434277e-05
0.00020990626749639303
0.00032416017172548495
0.0003928094015932201
0.00040826013175069095
0.0003419506495525857
0.0003942388849493443
0.0004926994189157509
0.000580568237332725
0.0006118843488840117
0.0004034506994456428
0.00026474212698718167
0.00020654155208892894
0.0001405996165771991
0.00010078189420559492
0.0
0.0
0.0
0.0
0.0
0.0
0.0
0.0
3.898548323398698e-05
1.655572743803989e-05
0.0002893407388254462
0.0004329282376328409
0.000506500211273021
0.0005508808493466532
0.000540517817982285
0.0006167899434646626
0.000589601702400454
0.0006407198172477144
0.0007109581843515249
0.0005460990665879218
0.0004407006480858211
0.00038525548687991804
0.00028564089290340696
0.00023512794348663857
0.0
0.0
0.0
0.0
0.0
0.0
0.0
0.0
0.00010169075787063488
0.0001278752753159547
0.0004701204914155305
0.0006169528757347921
0.0007230190259333851
0.0008114563940603271
0.0008177681256021304
0.0009445809624133118
0.001068216246276913
0.0011391760050469212
0.0011350139310579571
0.000919944182933713
0.0007777314694069426
0.0006886486136033364
0.0005493878249068809
0.00047383475926900164
0.0
0.0
0.0
0.0
0.0
0.0
0.0
0.0
0.0003769516178681125
0.00041911175710431984
0.0007608844308066065
0.0008843389985568797
0.0009649784212157341
0.0010345535716334787
0.0010242578912082057
0.0011548338290843392
0.0012356663500661218
0.001292923387009476
0.0013269616501395552
0.0010768174049845076
0.0009028077892997441
0.0007801334468312815
0.0006435450268778421
0.000575575669917729
0.0
0.0
0.0
0.0
0.0
0.0
0.0
0.0
0.00034935980917918924
0.00039270498429144025
0.0007274945127776426
0.0008665347551376569
0.0009593956074611673
0.0010294919235742518
0.0010436315825528798
0.0011620706558985445
0.0012273254065121497
0.0012738259770955248
0.0012860478510791883
0.0010520421215398895
0.0008725252596130332
0.000773305720361302
0.0006569718857541072
0.0006038353268118153
0.0
0.0
0.0
0.0
0.0
0.0
0.0
0.0
0.00045874316902203954
0.00036496490609240636
0.00045550635437175275
0.0004813667580104406
0.0003999059998529594
0.00036292372797509857
0.0003003817078678469
0.0002900064919381106
0.0003177233221206387
0.0003360797081249092
0.0003010003687671753
0.00017989649664257047
0.0
0.0
0.0
0.0
0.0
0.0
0.0
0.0
0.0
0.0
0.0
0.0
0.0
0.0
0.0
0.0
0.0
0.0
0.0
0.0
0.0
0.0
0.0
0.0
0.0
0.0
0.0
0.0
0.0
0.0
0.0
0.0
0.0
0.0
0.0
0.0
2.180832324287246e-05
6.730814251619819e-07
0.00012803229770835087
0.0003348392063731401
0.0004547442712603632
0.0004781173778639569
0.0004885361691809098
0.0007276330419103698
0.0008726721198106218
0.0009620279379680177
0.001040650797424466
0.0008156565096339526
0.0006792364011935327
0.000593581343903984
0.000498778978299966
0.0004674994094317289
0.0
0.0
0.0
0.0
0.0
0.0
0.0
0.0
0.00045142031249983955
0.0004618394864865144
0.000793317492411577
0.0009357101352840199
0.0010250752124359738
0.0011041570217095354
0.0011095164731228422
0.0012524107142471244
0.0013623691228670614
0.0014345056839085055
0.0013828826250233954
0.001077897853102813
0.0008676678824555698
0.0007224725612571006
0.0005515990985998411
0.00041584104744698245
0.0
0.0
0.0
0.0
0.0
0.0
0.0
0.0
0.0002807927987330807
0.00035476642666233617
0.0007147405846417758
0.0008668884234136009
0.0009465876135439497
0.000995307021754463
0.000982879412312466
0.0010532817201145787
0.0010925417739225366
0.0011437025920540752
0.0011577646637167547
0.0009227469030257388
0.0007686640924059396
0.0006794548585948699
0.0005447947534553291
0.0004597743303500936
0.0
0.0
0.0
0.0
0.0
0.0
0.0
0.0
0.00016965210046482264
0.00021377801566810906
0.0005422199339076594
0.0006314602537956677
0.000674668461328685
0.0007141761514467495
0.0006799270985834223
0.0007313960489290202
0.0007514528171345335
0.0007982331513238014
0.000820181459076393
0.0005720430234710215
0.00044248689549687676
0.0003503962619216395
0.00020624977351539845
0.00012962291078437189
0.0
0.0
0.0
0.0
0.0
0.0
0.0
0.0
2.020619777873736e-05
0.0
3.597108386742763e-05
0.00010178198776377555
0.00016820991110304363
0.00020729265873696033
0.00018977754800422972
0.0002531769288904404
0.00028167666805265217
0.0003009018323702082
0.00031183918566336604
0.0001690588353082887
8.583377378967427e-05
5.694296858012103e-05
1.8513302957359117e-05
4.982884385621969e-06
0.0
0.0
0.0
0.0
0.0
0.0
0.0
0.0
1.8184463937333314e-05
4.496478395919822e-06
2.640830699670184e-05
3.6555246444441905e-05
3.974635882235751e-05
5.929823705492564e-05
5.516343026238532e-05
7.80763428207006e-05
9.371373841837942e-05
0.00012438956445936928
0.00015770089078456578
0.0001499327660264918
0.0
0.0
0.0
0.0
0.0
0.0
0.0
0.0
0.0
0.0
0.0
0.0
0.0
0.0
0.0
0.0
0.0
0.0
0.0
0.0
0.0
0.0
0.0
0.0
0.0
0.0
0.0
0.0
0.0
0.0
0.0
0.0
0.0
0.0
0.0
0.0
2.126430709084055e-05
2.9730028785622965e-05
0.00031094061188879864
0.00046187347620685733
0.0005631603409779133
0.0006478708139991463
0.0006726638546947323
0.0007961204784017362
0.0008759561954919545
0.0009803504170108378
0.0010566052674845809
0.0008709555926655338
0.0007252606819798587
0.0005766387114091439
0.0004111278383097781
0.00032087025813702885
0.0
0.0
0.0
0.0
0.0
0.0
0.0
0.0
0.00018506015431596178
0.00019981515820596878
0.0004904624708816733
0.0006482243920039343
0.0008047535033956252
0.0009274733948414227
0.0009362446796883061
0.0010888771655023055
0.0011619464737385717
0.0011940520725405807
0.0011967509927244078
0.0009315130430093923
0.0008008287515024405
0.0007221672458646082
0.000562246150293747
0.00045896207447051687
0.0
0.0
0.0
0.0
0.0
0.0
0.0
0.0
0.00027631080231642303
0.0003343065869834695
0.0007502151288812972
0.0009289620239222811
0.0010079227787172962
0.0010351068679014667
0.0009890009148838441
0.0011082640045568181
0.001202897911978073
0.0011909424586976957
0.0011893520130404258
0.00100361147538835
0.0008362429659203581
0.0006573144252117569
0.000497231049089751
0.00041369424212565746
0.0
0.0
0.0
0.0
0.0
0.0
0.0
0.0
0.00020976942940627934
0.0001699186654947946
0.0005234725038523562
0.000694470370777729
0.0008137263927516093
0.0009375386947129609
0.0007919856637184343
0.0006337235699649528
0.0005641761800775802
0.000600939997329203
0.0006600093238562196
0.0004837445885832815
0.00030999282898063445
0.00019810162976385167
0.0001301872818959482
0.00010989315262594666
0.0
0.0
0.0
0.0
0.0
0.0
0.0
0.0
3.142640768885808e-05
3.374837664102492e-05
0.0004412724507532932
0.0005374344134139584
0.0005617723025647446
0.0006206618264208638
0.000607881392101127
0.0007050233551826641
0.0007584143607456834
0.0008305963332190254
0.0007141449359555684
0.0005593663565745656
0.0004842036399061358
0.00033362892519779016
0.00019330870094371618
0.00013631060918265902
0.0
0.0
0.0
0.0
0.0
0.0
0.0
0.0
4.584498721692758e-05
5.309010171793786e-05
0.0002367727281577018
0.0003604077016271407
0.00042573202746841313
0.00047558009205484337
0.00046664801055225504
0.0004992666284313219
0.0005521487440990526
0.0005678243654079732
0.000550397156357445
0.0005119333015862653
0.0
0.0
0.0
0.0
0.0
0.0
0.0
0.0
0.0
0.0
0.0
0.0
0.0
0.0
0.0
0.0
3.6993989600270974e-05
1.3752509010662553e-05
4.915771004658144e-05
5.927885014311023e-05
0.0001624329647558127
0.0003914593032680887
0.000342660912961072
0.00037934470922320213
0.00033266783123676874
0.00028843582354381244
0.00020179963634791423
0.00015144449955480563
0.0001067983563320492
4.8433823562666985e-05
0.0
0.0
0.0
0.0
0.0
0.0
0.0007398247569636673
0.0007090238639077614
0.0010785355382689952
0.0012074315359048068
0.0012961527885466794
0.0013541817290005154
0.0013625957813884972
0.0015260665151878895
0.0015727312405768034
0.0016257227615690132
0.001646394067797975
0.0013154352207149886
0.0011008981029417206
0.0009826702870835873
0.0008712421159471378
0.0008158629581058429
0.0
0.0
0.0
0.0
0.0
0.0
0.0
0.0
0.0
0.0
0.0
0.0
0.0
0.0
0.0
0.0
0.0
0.0
0.0
6.621293050804854e-07
4.440731588493454e-05
0.0
0.0
0.0
0.0
0.0
0.0
0.0
0.0
0.0
0.0
0.0
8.882630342335307e-05
0.00010405105924873336
0.00041844485719200886
0.0005325374475325195
0.0005838154880761487
0.0006087839320716509
0.0005953899740771017
0.0006842756360271961
0.0007280211774649807
0.0007988016245296626
0.0008399425156983232
0.0006645480107634849
0.0005501090681593901
0.00045364233813700037
0.0003167892905018469
0.00023862328240050853
0.0
0.0
0.0
0.0
0.0
0.0
0.0
0.0
7.12311207339912e-05
0.00013236387551437823
0.0005044831223807424
0.0006401701794110102
0.0007074487203722365
0.0007598080185857746
0.0007622405541306061
0.0008666348611087409
0.0009214313505116613
0.0009843393703081568
0.0010243258493303122
0.0008365153630098325
0.0007085642811786626
0.0005853568988975396
0.00044543929977736765
0.000361770150801029
0.0
0.0
0.0
0.0
0.0
0.0
0.0
0.0
0.00021420130655770453
0.00034167325118120574
0.0007878240430275854
0.0009394907713078635
0.0010292194875363846
0.001084272599782695
0.0010848670583435344
0.0012057748023306801
0.0012667414168937277
0.0013426247090511478
0.001402768216736316
0.0011763730213028116
0.0010097018091594662
0.0008813849052476864
0.0007130838268613895
0.0006486303656955824
0.0
0.0
0.0
0.0
0.0
0.0
0.0
0.0
0.00042311652201381566
0.000459279656878345
0.0006679006969997121
0.000790721568448887
0.0008832953976865926
0.0009273827450846751
0.000863291265904324
0.0008793683584135739
0.0008826562020959758
0.0009727284530023864
0.001009575265698743
0.0009375896047770384
9.024008588147304e-05
0.00023208569306028764
9.048360296427619e-05
5.123397943805775e-05
2.5005228135767173e-05
0.0
0.0
0.0
0.0
0.0
0.0
0.0
0.0
1.0041467665187703e-05
5.997592689649929e-05
7.00455981371904e-05
0.00022975753883688053
0.00027840122139284894
0.0003338875653749823
0.000349976732355382
0.0003971994023261557
0.0004304390853036779
0.0005062120945683626
0.0004815397970998699
0.00035956500049419583
0.00013743353357183557
7.491888773913404e-06
0.0
0.0
0.0
0.0
0.0
0.0
0.0
0.0
0.0
0.0005015107754041947
0.00038322317633825755
0.0006303042760439199
0.0006731233355280056
0.0007609931812975425
0.0008711296875596554
0.0008921408306460042
0.0009538650668627278
0.0009713518457595193
0.0010254204231266064
0.0010509434624650267
0.0008245051852593568
0.0006330732824414228
0.0005270245173245575
0.0004347465452331534
0.0003809795060445887
0.0
0.0
0.0
0.0
0.0
0.0
0.0
0.0
0.0002694618481671019
0.00020830332360528793
0.00045658244409980026
0.0005358469839848493
0.000597945233818347
0.0006572588936722951
0.0006509934701467254
0.0007470590168055411
0.0007622961191244262
0.0007581139208064146
0.0008111369437895749
0.0006629975574719252
0.0005312508234828309
0.0004452742238697276
0.0003084360329062423
0.00023373252179890918
0.0
0.0
0.0
0.0
0.0
0.0
0.0
0.0
0.00014897844953369434
0.00016043548174042775
0.0004506741655626079
0.0005771237566491314
0.0006412482848295974
0.0007021534026056176
0.0007048442255025125
0.0008502283930439981
0.0009416738392309864
0.0010178176661062434
0.0010755945656011606
0.0009274967818664575
0.0008151398528935973
0.0006930414113046104
0.0005612745442639658
0.0005308853275407669
0.0
0.0
0.0
0.0
0.0
0.0
0.0
0.0
0.0003701241781875977
0.00045610007307978314
0.000903002471527328
0.00107602631952505
0.0012128633699052913
0.0013052743422574931
0.0013185951830804018
0.0014831590442963302
0.0015536886975554207
0.0016112200038269932
0.0016357353489642576
0.0013934114915734666
0.0011990965926756182
0.0010509286004236748
0.0008518321000056423
0.0007505081765143544
0.0
0.0
0.0
0.0
0.0
0.0
0.0
0.0
0.000683903579822671
0.0006983343556237798
0.0010778853491101921
0.0012418122765570727
0.0013809904310915333
0.0015098523511281152
0.0015053882847470151
0.0011706764657727958
0.0010643441265007047
0.0013027912423046303
0.0013708100636395922
0.001204445739223541
0.001079553842741065
0.000957320836259033
0.0007883362411017145
0.0006871167325627324
0.0
0.0
0.0
0.0
0.0
0.0
0.0
0.0
0.00040441678988244526
0.0003688472994331912
0.00048637935269696327
0.0005359672828681224
0.000553885578199208
0.0005603961367455125
0.0005189699043445252
0.0005329727455659764
0.0005333539390701573
0.0005463580267204606
0.0005200239782241277
0.00047375072788503637
1.1805249696543305e-05
1.9537091557003674e-05
0.0
0.0
0.0
0.0
0.0
0.0
0.0
0.0
0.0
0.0
0.0
0.0
0.0
0.0
0.0
0.0
0.0
0.0
0.0
6.732804637398261e-07
5.004936764921032e-05
3.579040946391348e-05
4.518155800038786e-05
1.1423306086545103e-05
0.0
0.0
0.0
0.0
0.0
0.0
0.0
0.0
0.0
0.0
0.00020840322696039716
0.00023203365600437276
0.0005989507248618927
0.0007786003661572935
0.0008942427650397544
0.0009749000775748074
0.0009981248696013143
0.0011194722717588282
0.0011790761568545606
0.0012373555394181257
0.0011813444082917875
0.0009432943477056358
0.00080889327707024
0.0007328910959728664
0.0006358568545795014
0.0005465756673173404
0.0
0.0
0.0
0.0
0.0
0.0
0.0
0.0
0.0004957717389382936
0.00044128350635522814
0.0007000864424565973
0.0007612274349147488
0.0007786878416831109
0.0007890544778065442
0.0007504599332231601
0.0008575326558873755
0.0009685096084524923
0.0010544599741860582
0.0010893573895707758
0.0008615415157971058
0.0007552043441422804
0.0007040952105767131
0.0005972101877801641
0.0005313971845810851
0.0
0.0
0.0
0.0
0.0
0.0
0.0
0.0
0.0005087896949711989
0.0005319770902843429
0.0009379754605444037
0.0010636693560341698
0.0011581735480784877
0.0012360355225052692
0.0012565492522633801
0.0013878349109241073
0.0014350739890650447
0.0014842052244651675
0.001547731497687342
0.0013055369803297865
0.0010965481683638
0.0008596756287988809
0.0006954929111647091
0.00060734605049546
0.0
0.0
0.0
0.0
0.0
0.0
0.0
0.0
0.00037420009288748583
0.0003216466575017324
0.0006454787489355751
0.0007777922139701537
0.0008334632846722208
0.0008490747103117527
0.0007977616907230395
0.0008753274909572773
0.0009141344024266326
0.0009449180116849471
0.0009540763270625799
0.0007307884977734644
0.000575946162486412
0.0004591112846700752
0.00033709925962521384
0.0002646527324331748
0.0
0.0
0.0
0.0
0.0
0.0
0.0
0.0
0.00011471566586390731
0.00012650043133441305
0.00043924243221162733
0.0005744327791719945
0.000652394318423403
0.0007187784476529602
0.0007263454438538772
0.0008315792025835535
0.0008835679372833699
0.0008974885613740828
0.00088261205845557
0.0006527826465847802
0.0005387661312234388
0.0004853466936998698
0.0004220076106819125
0.0003494486003894279
0.0
0.0
0.0
0.0
0.0
0.0
0.0
0.0
0.00011682720955889416
2.3104506942023052e-05
8.280240258840926e-05
0.0001174009757312317
0.00014848883336353232
0.00018434706117683428
0.00013993446878167543
0.00015426711596789393
0.00015742263595736275
0.0001737873184696475
0.0001903025854749739
0.00016300754184621146
0.0
0.0
0.0
0.0
0.0
0.0
0.0
0.0
0.0
0.0
0.0
0.0
0.0
0.0
0.0
0.0
0.0
0.0
0.0
0.0
0.0
0.0
0.0
0.0
0.0
0.0
0.0
0.0
0.0
0.0
0.0
0.0
0.0
0.0
0.0
0.0
2.7897721104272524e-05
7.22328948835962e-06
0.00031351455638301283
0.00048381291093646235
0.0005899810304879927
0.0006375959133753943
0.000630115065917496
0.0007494066452208274
0.0008111355712902695
0.0008688481715406381
0.0009214821334481708
0.0007286411841168946
0.0005884024282155986
0.0004960538276192332
0.0003812927605743066
0.0003172252419056823
0.0
0.0
0.0
0.0
0.0
0.0
0.0
0.0
0.00017584649110212534
0.00019353977933437755
0.0005107239611979537
0.0006453872062024717
0.0007167637463607839
0.0007674518710332176
0.0007610592233319174
0.0008380902010927222
0.0008470038849605758
0.0008851431737620327
0.0008872763851332249
0.0006695408935213335
0.0005329640497959828
0.00047007234158389445
0.00036753557397812897
0.0003241523069312967
0.0
0.0
0.0
0.0
0.0
0.0
0.0
0.0
0.00015809437945197508
0.00019909369400199556
0.0005989396834660411
0.000786932782628242
0.0008456524077057274
0.0008759135381860642
0.0008799130927414419
0.0010253110953472833
0.0011118485082855683
0.0011712247402352089
0.0012215621988767948
0.0009892702856027725
0.0008087237597342046
0.0006761824115099114
0.0005470874272159761
0.0005155347729339384
0.0
0.0
0.0
0.0
0.0
0.0
0.0
0.0
0.0004237936519872852
0.0004394627880522405
0.0007559785584343963
0.0008061015854383079
0.0008226206556768645
0.0008421556764855768
0.0008053531571978547
0.000915576503957632
0.0009998563953527815
0.0010575595396440979
0.0011387546370863586
0.0009662663156283376
0.0007732104328183496
0.0006628899241412478
0.000509706590170175
0.00038566481727759355
0.0
0.0
0.0
0.0
0.0
0.0
0.0
0.0
0.00022861710663041592
0.0002235081250573082
0.000619447308372033
0.0007892516162502179
0.0008531160613017712
0.0009281618844354575
0.0009660241411138835
0.0011183484007559685
0.001184554757035293
0.0012915175211328774
0.0013872266890296622
0.0011309086262885392
0.0009481849142341804
0.0008086461610669383
0.0006451523281433245
0.0005586219507357165
0.0
0.0
0.0
0.0
0.0
0.0
0.0
0.0
0.00018560902953555902
0.0001594630827389032
0.0002845381810423348
0.0003534423671461287
0.00039193029574738906
0.00041281414307453503
0.00037180847039243985
0.0003593624535822153
0.00035175837847796677
0.0003781446648717466
0.00039179432008863674
0.0003616248859528005
0.0
0.0
0.0
0.0
0.0
0.0
0.0
0.0
0.0
0.0
0.0
0.0
0.0
0.0
0.0
0.0
0.0
0.0
0.0
0.0
0.0
0.0
0.0
0.0
0.0
0.0
0.0
0.0
0.0
0.0
0.0
0.0
0.0
0.0
0.0
0.0
5.2454915821895373e-05
6.039710715778022e-05
0.00040132736628655907
0.0005485970839741906
0.0006223820502484209
0.000672277620075489
0.0006873113152413338
0.000789799202993882
0.0008126517634357326
0.0008656803566017022
0.0008825346529612635
0.0006909129849855372
0.0005803689722972304
0.00045501994183438774
0.00029704013096139954
0.0002128189337253594
0.0
0.0
0.0
0.0
0.0
0.0
0.0
0.0
0.00014787110838845516
0.00016633155146081197
0.0005206217195620747
0.000654717658927115
0.00076123834558294
0.000838069883460014
0.0008428431775826405
0.0009382255798556211
0.0009899918386029867
0.0010108247487126717
0.0010655706890413345
0.0008775520570931068
0.0007184201170401497
0.0006440313046488091
0.0005117316023141125
0.0004377173445122934
0.0
0.0
0.0
0.0
0.0
0.0
0.0
0.0
0.00021758073349993415
0.0002699896038137082
0.0006661227729279006
0.0008427174034038513
0.0009166952123183605
0.0009768178957484368
0.000976090530969348
0.0010794507444536687
0.0011399566895346639
0.0012065488326752356
0.0012632457635776274
0.0010580896613813034
0.0008851497287696405
0.0007653566610759404
0.0006269342465719917
0.0005458425922396383
0.0
0.0
0.0
0.0
0.0
0.0
0.0
0.0
0.00046977029243983444
0.0005156462597616329
0.0009378175395592164
0.0011013665604985609
0.001204794186673903
0.001296157616721394
0.0012787654468745637
0.0013642953195478617
0.0014419417799237588
0.0015086500073663268
0.001528555469944271
0.0012509750218384354
0.0011013525251026464
0.0010004108510487482
0.0008998479332185235
0.0007636118628996684
0.0
0.0
0.0
0.0
0.0
0.0
0.0
0.0
0.0007113802450880463
0.0005426511274197414
0.000853388515847879
0.0010225059463741212
0.0011356449449054157
0.0012562848356758617
0.0012810444046982236
0.0014000167128285898
0.0014385966872712931
0.0014947299636692394
0.0015615500778867785
0.0013140488598607815
0.0011345083710505544
0.001029580643903635
0.0009186402175604022
0.0008701825888768137
0.0
0.0
0.0
0.0
0.0
0.0
0.0
0.0
0.0004035761329151702
0.0003237101538113238
0.00044156682882187854
0.000495725525558891
0.0005805172035978307
0.0006610507729528478
0.0006438101829349037
0.0006657539842444422
0.0006361416427285811
0.0006828029627610805
0.0007466650350135726
0.0007116359202398843
3.2028973321143964e-05
4.541259005758344e-05
7.791485361615652e-06
0.0
0.0
0.0
0.0
0.0
0.0
0.0
0.0
0.0
0.0
0.0
0.0
0.0
0.0
0.0
0.0
0.0
0.0
0.0
0.0
0.0
0.0
0.0
0.0
0.0
0.0
0.0
0.0
0.0
0.0
0.0
0.0
0.0
2.052681879557735e-05
9.814563519364643e-06
0.0001290969186751605
0.00026425988897197376
0.0003236703652759286
0.00036723107031476305
0.00036496936673910505
0.00045204809599020345
0.0004942737839368133
0.0005336047951473562
0.0005665507779699557
0.0004034406160054029
0.0003124043366468722
0.00022393315920474425
0.00013174212380421722
8.093580334645165e-05
0.0
0.0
0.0
0.0
0.0
0.0
0.0
0.0
3.082873822961359e-05
1.6331524843342184e-05
0.0002328994298454379
0.00037649543799352976
0.0004779862767898312
0.000561785062772177
0.000544709892376167
0.0006450668530872016
0.000680056767766408
0.000706165359923416
0.0007515332429089941
0.0005519845969653669
0.00042806532383664455
0.0003038952075531971
0.0002302471093949836
0.00019018482808837823
0.0
0.0
0.0
0.0
0.0
0.0
0.0
0.0
9.307487524966925e-05
9.36490691563594e-05
0.0004368131598901422
0.000584421770566742
0.0006905695369893283
0.0007670404696674469
0.0007633014270314679
0.000808042889932334
0.0008785628853355072
0.0008933758509019308
0.0008684179183828119
0.0006391931315263343
0.00050033589832213
0.0004033561764887452
0.0003257204070266828
0.00026920286084024405
0.0
0.0
0.0
0.0
0.0
0.0
0.0
0.0
0.00012242543476683382
0.00012939701911518384
0.00048252425825992876
0.0006538310424653443
0.0007594161546363434
0.0008346891009533674
0.0008361502450785105
0.0009375292375050114
0.0009895170535945286
0.0010306371695316641
0.0009127599608296353
0.0006043759514190486
0.0004472412610240591
0.00036107284993601826
0.0003192592465382884
0.00031812239003903124
0.0
0.0
0.0
0.0
0.0
0.0
0.0
0.0
0.00011895595284911117
0.00015260484685979228
0.0005758607765197963
0.0006956659229733438
0.0007728404050698633
0.0008194135528849217
0.0006846918618231667
0.0007459022602465003
0.0007307489167930904
0.0007444078934304293
0.0008589331163064261
0.0007285658844725296
0.0006010937117032381
0.00046145503577533435
0.00031924446278518755
0.0002456767841536184
0.0
0.0
0.0
0.0
0.0
0.0
0.0
0.0
8.326540074690225e-05
6.50120434807742e-05
0.0002738068329703426
0.00039353405906853643
0.00044922956821806574
0.0004924777190144791
0.00044191109546990386
0.00048106969950398705
0.0003865419370068195
0.000295291928223115
0.0003107910766102432
0.0002623508117771129
0.0
0.0
0.0
0.0
0.0
0.0
0.0
0.0
0.0
0.0
0.0
0.0
0.0
0.0
0.0
0.0
0.0
0.0
0.0
0.0
0.0
0.0
2.6922063742826363e-05
2.3785961759738378e-05
0.0
0.0
0.0
0.0
0.0
0.0
0.0
0.0
0.0
0.0
0.0
0.0
0.0002627641456429884
0.000238708116030937
0.0005347764515575897
0.0006293279410614766
0.0007656678220810219
0.0008732971969615475
0.0008194800447581946
0.0008236885761543217
0.0007961223474473343
0.0006791260356206817
0.0006225022844805329
0.00046910889429699343
0.0003464150861191391
0.00030462311138120814
0.0002674491425374192
0.0002386137028922465
0.0
0.0
0.0
0.0
0.0
0.0
0.0
0.0
9.536684989410896e-05
9.08670015882936e-05
0.00041924894407720535
0.0005666429177097498
0.000675218267286157
0.0007356171934156941
0.0007109358107624704
0.0007375709990378335
0.000745559787124307
0.000772470222569016
0.0007944775985487101
0.0005713230772910725
0.0003940827320699687
0.00032423816263208935
0.00026633862416631664
0.0002343372187152175
0.0
0.0
0.0
0.0
0.0
0.0
0.0
0.0
5.826058886228759e-05
2.794892353771923e-05
0.00030699023132806823
0.00043496092166497597
0.0005256057238258333
0.0005703919946343267
0.0005412158221524867
0.0006486865037283126
0.0007006994105696583
0.0007468235901402898
0.0007659326100199774
0.00057111825720657
0.00044127831068553435
0.0003738306478524556
0.0002821747878171623
0.0002261591220780255
0.0
0.0
0.0
0.0
0.0
0.0
0.0
0.0
3.6075800058120065e-05
1.0676906191134715e-05
0.0002779628198048269
0.00046418699315720915
0.000594931311646014
0.0006552621797882279
0.0006534840859809568
0.000744404559818811
0.0007695320157276343
0.0007869255660303241
0.0007941457548921228
0.0005788716082505581
0.0004280204289917215
0.00035693293590666875
0.00026592347580486393
0.00021986303422104748
0.0
0.0
0.0
0.0
0.0
0.0
0.0
0.0
5.530148674677763e-05
6.36171277842894e-05
0.0003802729453545915
0.00052673771205276
0.000628692288513717
0.0006812205310648444
0.000659310818560453
0.0007341098626708864
0.0007490671483534092
0.0007846630635734473
0.0008272154786408811
0.0006336730966631509
0.00048578071303016155
0.0003644965238742615
0.00028543988186634277
0.00023467417198883394
0.0
0.0
0.0
0.0
0.0
0.0
0.0
0.0
5.452429420422938e-05
2.963851440563401e-05
0.00017736969592831815
0.00028844050784106157
0.0003522781336690336
0.0003894891589679161
0.0003583580351951484
0.00037339190091178825
0.00040352781329893193
0.00043783599813515154
0.0004426949938435696
0.00038641808901015604
0.0
0.0
0.0
0.0
0.0
0.0
0.0
0.0
0.0
0.0
0.0
0.0
0.0
0.0
0.0
0.0
0.0
0.0
0.0
0.0
0.0
1.8654451487493623e-05
3.0520819039077566e-05
4.0352646972307355e-05
1.093926861094116e-05
0.0
0.0
0.0
0.0
0.0
0.0
0.0
0.0
0.0
0.0
0.0
0.00014576945114929746
0.00018611335690692942
0.0005724752554660673
0.0007267943807323011
0.0008392159192095928
0.0009136871776386928
0.0009215946522406035
0.001050814458107856
0.0011502374061137686
0.0011633397346852876
0.0011563106581910637
0.000897698155562625
0.0007433219414576743
0.0006674354756983765
0.0005908859005172902
0.0005397040737700808
0.0
0.0
0.0
0.0
0.0
0.0
0.0
0.0
0.000541054276552475
0.00042132145027134186
0.0006848436011596059
0.0007519625155668334
0.0008300835246347935
0.0008850333754118385
0.0009005521738257513
0.0010203631149768404
0.0010841835974098144
0.0011989057212828738
0.0012499881900959577
0.0010405811587445623
0.0008765947205003943
0.0007618745507956519
0.0006542986451544114
0.0005761047590794485
0.0
0.0
0.0
0.0
0.0
0.0
0.0
0.0
0.0004627283635870829
0.00036113229984530615
0.0006423904385253114
0.0007008028783335662
0.0006820279425511178
0.000672717682444821
0.0006218882614990508
0.0006939879205012103
0.0007223054925753506
0.0007320964446768809
0.0006945974949575114
0.0004657608556218668
0.00035104044602299957
0.00029629507867644814
0.00024300842576546213
0.00022752549137621192
0.0
0.0
0.0
0.0
0.0
0.0
0.0
0.0
0.00020427222249002667
0.00017560173965154997
0.00045359201493522797
0.0005412252443767855
0.0006033666986130015
0.0006455021492826093
0.0006298771492852232
0.0007214775677768106
0.0007334055315129807
0.0007457902899209166
0.000779938937014734
0.0005918046267239939
0.00045163239908191654
0.000360809352518295
0.0003004279034839802
0.00027437428730979827
0.0
0.0
0.0
0.0
0.0
0.0
0.0
0.0
0.00016248940441874573
0.0001493098460547572
0.00045767989500164117
0.0005816178847382823
0.0006612718615778171
0.0006992569146175669
0.0006854120589587965
0.0007832493276388202
0.0008043042097585606
0.0008336899232367194
0.0008342108275154667
0.000630923636964115
0.00048480273242224107
0.00038833572185431733
0.00031098295057775134
0.0002600215179978859
0.0
0.0
0.0
0.0
0.0
0.0
0.0
0.0
0.00015762526041379477
0.00011869460918442954
0.0002054091841046174
0.00024405325387652957
0.0002871984159877798
0.00032802522251548696
0.0003108308481846174
0.0003591024980138324
0.00043404514363713234
0.00044115898255453283
0.000416655042297887
0.00030430333429303766
0.0
0.0
0.0
0.0
0.0
0.0
0.0
0.0
0.0
0.0
0.0
0.0
0.0
0.0
0.0
0.0
0.0
0.0
0.0
0.0
0.0
0.0
4.505452968762209e-05
4.36369027640743e-05
0.0
0.0
0.0
0.0
0.0
0.0
0.0
0.0
0.0
0.0
0.0
0.0
0.0004181588698937834
0.00034848379561338314
0.0006371657911030575
0.0007555421808882678
0.0008630827036386289
0.0008795363086071295
0.0008944028906721725
0.0010455643363765713
0.001137826419494127
0.0011180040992651537
0.0010576162427031175
0.0008056660714628476
0.0006790533713125281
0.0005981236651097918
0.0004982213137757507
0.00043449506867787385
0.0
0.0
0.0
0.0
0.0
0.0
0.0
0.0
0.00033470310106767343
0.00030969014134698555
0.0006417035157089539
0.0007268714196003535
0.0008768493759866473
0.00098210854859247
0.000998607891110909
0.001089945136991476
0.0011488382238529398
0.0011257740444681487
0.0010893594406478644
0.0008133140680370281
0.0006324052915510971
0.0005095426648023907
0.0004032056171594727
0.0003320244673571199
0.0
0.0
0.0
0.0
0.0
0.0
0.0
0.0
8.67466451062212e-05
7.736106015553789e-05
0.00039547083076761874
0.0005213763016172034
0.0006003348902830562
0.0006633671660145912
0.0006785729457168827
0.0008071234766419333
0.0008996021060775018
0.0009620393228170612
0.0009949139650473136
0.0008119393236868058
0.0006563283985048573
0.000518936589136693
0.0004223131195702414
0.0003410159601728433
0.0
0.0
0.0
0.0
0.0
0.0
0.0
0.0
0.0001381752468840244
0.00015124084347022747
0.0005385706743282344
0.0007164446519630583
0.0008970843822451474
0.0009309806422435072
0.0008416569771493314
0.0008873647725594859
0.0008696495191497825
0.0008913512273638279
0.0009212747606367452
0.0006362134409802012
0.00045855215230023447
0.0003621761131705855
0.0002756532488834818
0.00022291509845195028
0.0
0.0
0.0
0.0
0.0
0.0
0.0
0.0
3.1669987767935036e-05
7.606454065332441e-06
0.0001738096391972917
0.0003023303611598645
0.00038152462569411875
0.0004408474197118687
0.0004576343720655565
0.0005647096528877034
0.0006426314404767855
0.0007042483197932553
0.0007510925862230592
0.0005698745002410537
0.0004073064213903038
0.00027955463408460817
0.0002178400502447755
0.0001881371546020714
0.0
0.0
0.0
0.0
0.0
0.0
0.0
0.0
3.883051343884966e-05
1.1918741844129806e-06
3.29859653835639e-05
8.161080109770007e-05
0.00011370309096973866
0.0001366954135885666
0.00011520705655867499
0.00013664724618439448
0.0001274275037836677
0.00014277814605048093
0.0001469692192295637
0.00011273880415781873
0.0
0.0
0.0
0.0
0.0
0.0
0.0
0.0
0.0
0.0
0.0
0.0
0.0
0.0
0.0
0.0
0.0
0.0
0.0
0.0
0.0
0.0
0.0
0.0
0.0
0.0
0.0
0.0
0.0
0.0
0.0
0.0
0.0
0.0
0.0
0.0
0.0
0.0
0.0
0.0
0.0
0.0
0.0
0.0
0.0
0.0
0.0
0.0
0.0
0.0
0.0
0.0
0.0
0.0
0.0
0.0
0.0
0.0
0.0
0.0
3.842970654974936e-05
2.872391095392241e-05
0.00037583739798717144
0.0005626140834835946
0.0007132016871434993
0.0008347834687522217
0.0008675373035125682
0.0009932863301610707
0.0010571517371871402
0.0010856546375918876
0.0010686858417203156
0.0007921716808237662
0.0005731918262039569
0.0004490990438177454
0.0003646383186553583
0.0003179240637185104
0.0
0.0
0.0
0.0
0.0
0.0
0.0
0.0
0.00014141115685865362
0.00015340523279695374
0.0005075856684569746
0.0006768549331147904
0.0008342835719481485
0.000986191417458911
0.000990524283387687
0.00104153872094205
0.0010514205582666416
0.0009753977733785084
0.0009692886494394207
0.0007727413276282046
0.0006129132047964257
0.0005034939954011737
0.00042653531498599754
0.00038329131254351897
0.0
0.0
0.0
0.0
0.0
0.0
0.0
0.0
0.00024859395680356555
0.00021687005368137987
0.0005015507721295615
0.0005837712045988418
0.0006550461525780385
0.000724519060020266
0.0007112873576146226
0.0007818632338614106
0.0007927510184011257
0.0007733213856485059
0.0007450675159921384
0.0005297848524618058
0.0004037085846245443
0.00033631930782149905
0.000303210686968565
0.0002694192589239295
0.0
0.0
0.0
0.0
0.0
0.0
0.0
0.0
0.00012870713437325993
9.673215670561626e-05
0.0003960851743864386
0.00048607842320407674
0.0005367691878866101
0.0006306508703329595
0.0006536283449962176
0.0007770206565057166
0.0008530343633089222
0.0009072429831812012
0.0009376644310412393
0.0007041624274480502
0.0005197873899823949
0.0004024892914448169
0.0003272381413167103
0.0002586983563868761
0.0
0.0
0.0
0.0
0.0
0.0
0.0
0.0
5.3820765631883674e-05
1.9771500772592844e-05
0.00011474474385253963
0.00022781430823471185
0.00030331399116517954
0.00032993822939221345
0.00033512528456137655
0.0003477448794227328
0.000374035818615797
0.00033523218502797106
0.0003468299968043166
0.0003025553967193172
0.0
0.0
0.0
0.0
0.0
0.0
0.0
0.0
0.0
0.0
0.0
0.0
0.0
0.0
0.0
0.0
0.0
0.0
0.0
0.0
0.0
0.0
0.0
0.0
0.0
0.0
0.0
0.0
0.0
0.0
0.0
0.0
0.0
0.0
0.0
0.0
2.1871780176229994e-05
6.801334275241655e-06
0.0002793464344747177
0.00046106528400426144
0.0005760550137190259
0.0006262267291385723
0.0006467146564305303
0.0007965392805201605
0.0008605322287276293
0.0009117054894993755
0.0009213301618176558
0.0006721898500568709
0.00047491002051907504
0.00040286971852139514
0.0003034240433869361
0.000244822530770976
0.0
0.0
0.0
0.0
0.0
0.0
0.0
0.0
5.6728478024224685e-05
1.8706950676750985e-06
0.000258147887855603
0.0004455037934878202
0.000546863907323903
0.0006239748837158938
0.0006640961329783995
0.0007044290374671918
0.000729756387403997
0.0007811522104356058
0.0007629679641923233
0.0005123641168981254
0.00031908817067132807
0.0002264655944837647
0.00013479540511569785
6.077815186806012e-05
0.0
0.0
0.0
0.0
0.0
0.0
0.0
0.0
1.952426734987531e-05
1.3711341381700642e-06
9.130141077456172e-05
0.00022837058725934227
0.00023790787472454042
0.00021764854977649747
0.00017604912704872861
0.00028153445632188
0.00041500771193200234
0.00046703464504368043
0.00043715677042471747
0.00027047174756972075
0.0001671111258247162
9.758646996188841e-05
7.252756553619096e-05
6.374007381651708e-05
0.0
0.0
0.0
0.0
0.0
0.0
0.0
0.0
1.669293245136536e-05
1.2319371959604995e-06
8.363795059642181e-05
0.0002650387236670093
0.00037593581789268065
0.00044430277646404024
0.00046691677353564076
0.0005588003258330263
0.0006128345147575217
0.000659444796947522
0.0006799253786626657
0.00045119901059604883
0.000306124864698825
0.00025147773550253133
0.00021479025776656257
0.00017594209385839055
0.0
0.0
0.0
0.0
0.0
0.0
0.0
0.0
7.903794063516916e-05
5.1878363001678596e-05
0.00035016877668865766
0.0004985991948813554
0.0006278291826391002
0.0007239302902114491
0.0007349195126529092
0.0008068806964939162
0.0008234231596777737
0.0008491738974246741
0.0008685089492065506
0.000627233560689053
0.00047769984598921384
0.0004237696150990556
0.00034846526520220645
0.00030207446388960413
0.0
0.0
0.0
0.0
0.0
0.0
0.0
0.0
0.00018187184253173354
0.0001200340434912852
0.0002128414383851482
0.00021629135124588705
0.00021539530345704254
0.0002363310476873567
0.0001732892187451841
0.00016544076329106129
0.00018920311930472106
0.00022380631127405761
0.00023608149750425436
0.00018984497698862433
0.0
0.0
0.0
0.0
0.0
0.0
0.0
0.0
0.0
0.0
0.0
0.0
0.0
0.0
0.0
0.0
0.0
0.0
0.0
0.0
0.0
0.0
0.0
0.0
0.0
0.0
0.0
0.0
0.0
0.0
0.0
0.0
0.0
0.0
0.0
0.0
3.387992086910472e-05
0.0
0.0001008139066941909
0.00022700504602324973
0.0002768228481578754
0.0003193319853923207
0.00032637231133796047
0.00042415690110956963
0.000408205125358845
0.0003938544053548739
0.00040203175864656437
0.00021622936528722743
9.830187728721541e-05
5.713183401783511e-05
2.7978393860407886e-05
1.5996797274426062e-05
0.0
0.0
0.0
0.0
0.0
0.0
0.0
0.0
1.9488212943925226e-05
5.026838699447113e-07
4.6063381319543266e-05
0.00014840088109800727
0.00026444643308644675
0.0003257076598160491
0.0003331761447581846
0.00040968192034544835
0.00044079351206924197
0.0004183547686122959
0.00037592568773304986
0.00018080935696647015
7.168089625166397e-05
3.054843509280208e-05
2.7192651195429957e-06
0.0
0.0
0.0
0.0
0.0
0.0
0.0
0.0
0.0
1.793609175007495e-05
0.0
2.5315097419753543e-05
4.825366989698241e-05
0.00013338488100268864
0.00011493792206639512
0.0001432647039319584
0.000217219896553563
0.00022869722342899903
0.0002558563073474847
0.0002299672526150625
9.131327975471967e-05
1.833969330767042e-05
1.299825189338884e-06
0.0
0.0
0.0
0.0
0.0
0.0
0.0
0.0
0.0
0.0
7.93874300006792e-06
0.0
1.7730950502562178e-05
1.9820149647344626e-05
4.0348902558500947e-05
6.30846788915705e-05
4.859103946531362e-05
0.0001631418342745381
0.00017827292510232622
0.00019851545344968122
0.00021737460452833638
3.9117923344575324e-05
1.6080357575896784e-06
0.0
0.0
0.0
0.0
0.0
0.0
0.0
0.0
0.0
0.0
0.0
2.819315680037338e-05
0.0
2.6743959742928195e-05
7.46363311136715e-05
0.00016640244985601367
0.0002560172956731293
0.00025121588128946366
0.0003171241124488709
0.00039292179828240276
0.0003234552082928235
0.000300441676673852
0.00016228928319769376
5.648631991943306e-05
8.789934961297424e-06
0.0
0.0
0.0
0.0
0.0
0.0
0.0
0.0
0.0
0.0
9.131874565974417e-06
4.1666004711853663e-07
3.6152537938175883e-06
1.7556505790909314e-05
2.8195481438979686e-05
6.864479337834154e-05
7.185132686648599e-05
9.630916944151625e-05
0.00013886171717101056
0.0002003871922131927
0.00021370557149880814
0.00015482317758796327
0.0
0.0
0.0
0.0
0.0
0.0
0.0
0.0
0.0
0.0
0.0
0.0
0.0
0.0
0.0
0.0
0.0
0.0
0.0
0.0
0.0
0.0
0.0
0.0
0.0
0.0
0.0
0.0
0.0
0.0
0.0
0.0
0.0
0.0
0.0
0.0
3.7463661152677813e-06
0.0
6.132688936255912e-06
3.549605042526481e-05
0.00013342842605472614
0.00022020092071742956
0.00024090332603319707
0.0003505499067745539
0.00040852179492485854
0.0004417648445744112
0.00044721398475031337
0.0002761892454849536
0.00010874079628610062
2.3663776989424827e-05
0.0
0.0
0.0
0.0
0.0
0.0
0.0
0.0
0.0
0.0
9.456720146319888e-06
3.476835042313181e-07
2.778164996432372e-05
0.00015153038851390037
0.00032202534397337065
0.0004512418520302814
0.0005056696062394252
0.0006371504120571444
0.0007348793675210658
0.0008122128365210518
0.0008386157042654017
0.000586985035057547
0.0004022197384227623
0.00035094379628079834
0.00031445364359132197
0.0002454229504750576
0.0
0.0
0.0
0.0
0.0
0.0
0.0
0.0
7.550887102120851e-05
6.421176994058474e-05
0.00039232414544021905
0.0005667822644090448
0.0006713052714376865
0.0006826394063767873
0.0006803509628442705
0.0008891193628288231
0.0009940554637009168
0.0010858113059382098
0.0011204824562911673
0.0008243541207022855
0.0005434684419272592
0.0004184501655137199
0.00031367352880060654
0.00021400447898468122
0.0
0.0
0.0
0.0
0.0
0.0
0.0
0.0
3.786116713442755e-05
1.648129866736341e-05
0.00032271208419312953
0.0004923604238321772
0.0005410879579098442
0.000668533404851428
0.0006971489454459305
0.0008388021812781174
0.0008566411984796184
0.0008818112618194099
0.0008495478270077189
0.0005873933416277105
0.0004360628675007205
0.00031499573733310477
0.00021325089292197267
0.00016430153584591955
0.0
0.0
0.0
0.0
0.0
0.0
0.0
0.0
5.065425297760688e-05
8.5307435588822e-06
0.00022259338118983297
0.0003445664710695428
0.00040789929755863835
0.0003725448323647283
0.0003215455499279356
0.0004253571253250767
0.0004258617412285466
0.0004531307160989918
0.00047917101638805863
0.00030463531950952424
0.00017317894096496365
9.953818985791291e-05
4.57574584389734e-05
3.992551263016225e-05
0.0
0.0
0.0
0.0
0.0
0.0
0.0
0.0
1.859284540807726e-05
1.4481979024604638e-06
1.3556499813641985e-06
0.0
4.433213187608321e-07
1.717091906000646e-05
2.845333777773997e-05
3.496902236698869e-05
4.809044534875255e-05
5.039016765141518e-05
2.3325076326368638e-05
3.581819668007923e-06
0.0
0.0
0.0
0.0
0.0
0.0
0.0
0.0
0.0
0.0
0.0
0.0
0.0
0.0
0.0
0.0
0.0
0.0
0.0
0.0
0.0
0.0
0.0
0.0
0.0
0.0
0.0
0.0
0.0
0.0
0.0
1.1002552665418547e-07
0.0
0.0
0.0
0.0
0.0
0.0
0.0
0.0
5.170673315358522e-07
5.19180649661515e-07
0.0
1.0115644903617271e-05
1.1239117235723718e-05
1.2671981282302915e-05
1.1456058549063238e-05
7.460597506206501e-07
6.520171827277212e-07
0.0
0.0
0.0
0.0
0.0
0.0
0.0
0.0
0.0
0.0
0.0
0.0
0.0
1.488442204359048e-07
4.3674065418545413e-07
8.069801748238413e-07
8.311713095389257e-06
2.9019558532134457e-05
5.7518307803563935e-05
8.363567856639167e-05
0.00011745692500134978
0.00012057821412633667
2.216116961009807e-05
0.0
0.0
0.0
0.0
0.0
0.0
0.0
0.0
0.0
0.0
0.0
0.0
3.131896998891127e-06
0.0
1.0008232352755483e-05
3.6650188453664194e-06
4.254005274941691e-05
0.00015034678198177302
0.0002411908762816811
0.00040145264401158257
0.00048699880551554905
0.0005536535721514121
0.0005630014479015661
0.0003482649443858622
0.00018434991361949
0.0001187864394403505
6.725414242634641e-05
4.402121909668321e-05
0.0
0.0
0.0
0.0
0.0
0.0
0.0
0.0
2.0527755665994895e-05
1.0169374007095352e-06
6.813326123257616e-05
0.00020728305370082032
0.00032897644169067235
0.00042134366355267176
0.0004554707827036573
0.0005589509612084982
0.0006114969554586638
0.0005610803708437884
0.0005379464910568026
0.0003543038530702927
0.00022237507648186912
0.00016397438718754177
0.00011212373803108939
9.201203217717467e-05
0.0
0.0
0.0
0.0
0.0
0.0
0.0
0.0
2.6521494489720844e-05
0.0
5.640174334039842e-05
0.00015044869878847578
0.0001834286948960608
0.00020571595476034167
0.00017035387613259382
0.00017427842913118855
0.00015370771412164783
0.00015120986309429804
0.00015297438880598703
2.2291728927428e-05
0.0
0.0
0.0
0.0
0.0
0.0
0.0
0.0
0.0
0.0
0.0
0.0
0.0
0.0
0.0
0.0
0.0
0.0
0.0
0.0
0.0
7.770589042603259e-07
0.0
0.0
0.0
0.0
0.0
0.0
0.0
0.0
0.0
0.0
0.0
0.0
0.0
0.0
3.4941427261654315e-07
8.116349265072951e-07
0.0
0.0
0.0
0.0
0.0
0.0
0.0
0.0
0.0
0.0
0.0
0.0
0.0
0.0
0.0
0.0
0.0
0.0
0.0
0.0
0.0
0.0
0.0
0.0
0.0
0.0
0.0
0.0
0.0
0.0
0.0
0.0
0.0
0.0
0.0
0.0
0.0
0.0
0.0
0.0
0.0
0.0
0.0
0.0
0.0
0.0
0.0
0.0
2.1540861085427932e-07
8.133418759343037e-07
1.353856752934954e-06
4.506398235730104e-05
7.861483200917643e-05
0.00015589633952140663
0.00023221348096643825
0.000293072765170356
0.00030147557697512197
0.00013627367677438416
1.5128644272663614e-05
0.0
0.0
0.0
0.0
0.0
0.0
0.0
0.0
0.0
0.0
0.0
2.7700038784826614e-06
3.114682776583916e-07
9.395450168440025e-06
1.0266460190738108e-05
7.841303489995087e-05
0.00017055684343265988
0.00023602719479051744
0.0003541414379807436
0.00036245044537134744
0.0003863219790028652
0.00039123639894298904
0.00020814537653806347
0.00010756239548917411
8.529491592176027e-05
5.3446239207630764e-05
4.109012882451275e-05
0.0
0.0
0.0
0.0
0.0
0.0
0.0
0.0
2.0715159999772692e-05
0.0
4.718130070466867e-05
6.094369312197244e-05
2.9609988088209347e-05
3.819954196072995e-05
2.7696739298755827e-05
6.992316763727293e-05
7.296478244728027e-05
6.930358538287326e-05
6.978376408229953e-05
8.592870856869673e-07
0.0
0.0
0.0
0.0
0.0
0.0
0.0
0.0
0.0
0.0
0.0
0.0
4.1843390269409086e-06
0.0
1.3023528561943677e-05
9.766665346344435e-06
4.109008354788069e-06
2.0122064016924565e-05
1.8736591698704303e-05
4.944671358167059e-05
5.452072629023882e-05
6.618876267182711e-05
6.916396237824234e-05
3.749046272638399e-06
0.0
0.0
0.0
0.0
0.0
0.0
0.0
0.0
0.0
0.0
0.0
0.0
9.405383132912119e-06
0.0
0.0
0.0
0.0
0.0
0.0
0.0
0.0
0.0
0.0
0.0
0.0
0.0
0.0
0.0
0.0
0.0
0.0
0.0
0.0
0.0
0.0
0.0
0.0
0.0
0.0
0.0
0.0
0.0
0.0
0.0
0.0
0.0
0.0
0.0
0.0
0.0
0.0
0.0
0.0
0.0
0.0
0.0
0.0
0.0
0.0
0.0
0.0
0.0
3.4759150137659174e-07
1.2602218096849035e-06
6.080768733725748e-06
4.5626257997844314e-05
6.424890964588948e-05
0.00011380111127339643
0.00016369709424658517
0.00019935670904637666
0.0002043429825964932
6.061348693300282e-05
1.2587643590336657e-07
0.0
0.0
0.0
0.0
0.0
0.0
0.0
0.0
0.0
0.0
0.0
2.618224617237029e-06
0.0
7.749548833724237e-06
1.9564051193327993e-05
9.173691973357518e-05
0.0001518207941791294
0.00017299346486786727
0.0002450415126796937
0.00020353496486657667
0.0001663079678379356
0.00011417613693633076
2.2002072317284164e-06
1.48046453098174e-07
0.0
0.0
0.0
0.0
0.0
0.0
0.0
0.0
0.0
0.0
0.0
1.3935480447410944e-06
0.0
3.638188814372853e-06
2.8253636424850473e-07
0.0
0.0
0.0
3.6980356850642735e-06
0.0
0.0
0.0
0.0
0.0
0.0
0.0
0.0
0.0
0.0
0.0
0.0
0.0
0.0
0.0
0.0
0.0
0.0
0.0
0.0
0.0
0.0
0.0
5.422777253845232e-06
6.456901492676087e-06
2.0753721438291753e-06
0.0
0.0
0.0
0.0
0.0
0.0
0.0
0.0
0.0
0.0
0.0
0.0
0.0
0.0
0.0
0.0
0.0
4.5234831765738453e-07
4.645630940895115e-07
0.0
0.0
2.633328977115592e-06
0.0
0.0
0.0
7.825951203353307e-07
0.0
0.0
0.0
0.0
0.0
0.0
0.0
0.0
0.0
0.0
0.0
0.0
0.0
0.0
0.0
0.0
0.0
1.3201306321120096e-07
0.0
0.0
0.0
4.05287203924092e-07
0.0
0.0
0.0
0.0
0.0
0.0
0.0
0.0
0.0
0.0
0.0
0.0
0.0
0.0
0.0
0.0
0.0
0.0
0.0
0.0
0.0
0.0
0.0
0.0
0.0
0.0
0.0
0.0
0.0
0.0
0.0
0.0
0.0
0.0
0.0
0.0
0.0
0.0
2.2746846184292707e-06
0.0
1.3217000207545013e-05
6.602139196238126e-06
5.77329870109368e-07
1.4961702647685842e-05
3.969952785395313e-05
9.696863687726475e-05
8.482086261591448e-05
7.68780434109453e-05
7.816496001438483e-05
2.3050514494224883e-07
0.0
0.0
0.0
0.0
0.0
0.0
0.0
0.0
0.0
0.0
0.0
0.0
3.1988340472465494e-06
0.0
7.258825359150735e-06
1.1018513818293804e-05
9.324655142989072e-05
0.00017958742831551417
0.00018870655156970597
0.00034554607402641533
0.0004007055271519912
0.0003664030800658934
0.0003803332844291233
0.00017653086450090204
6.574298411194734e-05
3.25108140224448e-05
1.973137304186312e-05
1.1410431153572586e-05
0.0
0.0
0.0
0.0
0.0
0.0
0.0
0.0
1.884945485492691e-05
0.0
2.1900059967452896e-05
8.563246404266604e-05
0.00016089295357334357
0.00022251240453020687
0.00021876792861414915
0.0002583495724275698
0.0002375001239696153
0.0002271647214485191
0.00019595608908296445
2.9380483581345174e-05
0.0
0.0
0.0
0.0
0.0
0.0
0.0
0.0
0.0
0.0
0.0
0.0
5.20412862998482e-07
0.0
7.671124585107982e-07
1.827505991792146e-06
1.4282292901662551e-05
6.34672234022562e-05
8.54681102337465e-05
0.00014054568785601187
0.00020296085424720934
0.00024175637874444112
0.0002508813707405167
6.196270568527844e-05
2.8726761127296915e-07
0.0
0.0
0.0
0.0
0.0
0.0
0.0
0.0
0.0
0.0
0.0
9.141159410371004e-07
0.0
1.6192717099335456e-06
2.2782909180862938e-06
3.248285006586579e-05
0.00011244257407006288
0.00014505977518573836
0.00023887776442951098
0.00030037466359105586
0.0003211907008606873
0.00029495711807941857
0.00011173565029794515
1.6238928360855217e-05
0.0
0.0
0.0
0.0
0.0
0.0
0.0
0.0
0.0
0.0
0.0
4.852008803786413e-06
0.0
1.1836951183959723e-06
1.5777482540966722e-06
4.209919610477725e-06
4.093276847908917e-05
5.42074709582895e-05
6.217077499304566e-05
5.461834373853268e-05
6.170650274172846e-05
4.255542769746004e-05
1.050040308738704e-05
0.0
0.0
0.0
0.0
0.0
0.0
0.0
0.0
0.0
0.0
0.0
0.0
0.0
0.0
0.0
0.0
0.0
0.0
0.0
0.0
0.0
0.0
0.0
0.0
0.0
0.0
0.0
0.0
0.0
0.0
0.0
0.0
0.0
0.0
0.0
0.0
1.938329623271736e-05
1.0722860581051113e-05
2.652040083789106e-05
6.381027789226466e-05
0.0002154884190944605
0.0003602997917329479
0.0004190085083954795
0.0005230830781542439
0.0005497377727209609
0.0005064293543784535
0.00047430043163221807
0.0002842869774369695
0.00016647455839917312
0.00012411608872780236
7.958227525214681e-05
7.384348845920332e-05
0.0
0.0
0.0
0.0
0.0
0.0
0.0
0.0
3.0271518534836968e-05
6.569667911188899e-06
0.00020220553638359393
0.00031466477344918077
0.0003944468123776493
0.0005147286257414577
0.0005400528345221819
0.000637368935232162
0.0006646652860545578
0.0006175492709588739
0.0006000091520169676
0.0003752769832675145
0.00026354489452422644
0.0002129321838780968
0.00013640954415687124
8.190325764809317e-05
0.0
0.0
0.0
0.0
0.0
0.0
0.0
0.0
7.032285117281628e-06
5.93291982406329e-07
8.827957159283234e-06
3.024054225360668e-06
1.9426348609051784e-06
1.0303865618098392e-05
8.22015198962517e-06
5.1209196842715885e-05
6.655798058357311e-05
7.837319342829343e-05
8.801082922711314e-05
2.0662374943288314e-06
0.0
0.0
0.0
0.0
0.0
0.0
0.0
0.0
0.0
0.0
0.0
0.0
3.3427669401401135e-05
8.383901530803826e-06
3.707395139118513e-05
0.0001315214528003259
0.000296023152174158
0.00042362129110687504
0.0004413970945488457
0.0005107491053283128
0.0005264747076713076
0.0005855730108088682
0.0005550927140567394
0.0003085611925996904
0.0002078143862004032
0.00017274734433888117
0.0001378480415532049
3.0525111779841774e-05
0.0
0.0
0.0
0.0
0.0
0.0
0.0
0.0
7.158473010926346e-06
5.470613833250426e-07
1.9452240536425655e-06
0.0
0.0
0.0
0.0
1.0096812393062423e-06
0.0
4.593435690716804e-06
1.85719254184306e-06
7.383616781373892e-07
0.0
0.0
0.0
0.0
0.0
0.0
0.0
0.0
0.0
0.0
0.0
0.0
0.0
0.0
0.0
0.0
0.0
0.0
0.0
0.0
0.0
0.0
0.0
0.0
0.0
0.0
0.0
0.0
0.0
0.0
1.0624859429862298e-07
0.0
0.0
0.0
0.0
0.0
0.0
0.0
0.0
0.0
0.0
1.4073195307843131e-07
1.3361737576988125e-07
4.424177162612819e-07
4.066791586894639e-07
4.923492074098568e-07
1.3746532308553765e-07
0.0
0.0
0.0
0.0
0.0
0.0
0.0
0.0
0.0
0.0
0.0
0.0
0.0
0.0
0.0
0.0
0.0
0.0
0.0
0.0
0.0
0.0
0.0
0.0
0.0
0.0
0.0
0.0
0.0
0.0
0.0
0.0
0.0
0.0
0.0
0.0
0.0
0.0
0.0
0.0
0.0
3.2290906806983557e-07
7.756244401954184e-07
7.139878302061872e-07
2.5158343337021726e-06
2.2259329319236264e-05
1.3552837772938916e-05
1.0576719270922412e-06
9.835504404050186e-08
6.237848381925838e-07
0.0
0.0
0.0
0.0
0.0
0.0
0.0
0.0
0.0
0.0
0.0
0.0
0.0
0.0
0.0
0.0
0.0
2.3908729079869846e-07
0.0
1.876521282014735e-06
5.971925344125638e-07
0.0
0.0
0.0
0.0
0.0
0.0
0.0
0.0
0.0
0.0
0.0
0.0
0.0
0.0
0.0
0.0
0.0
0.0
2.8126469368493847e-07
5.130479550748957e-07
2.406205832115489e-06
9.290497977234803e-06
2.547191786830633e-05
2.0537485166345124e-05
5.1100754235188525e-06
8.977934342629955e-08
6.628778399494965e-07
0.0
0.0
0.0
0.0
0.0
0.0
0.0
0.0
0.0
0.0
0.0
0.0
0.0
0.0
0.0
2.1740949360732133e-07
6.095346238809105e-07
7.460063595226561e-07
0.0
9.006922460279184e-06
2.051829740255847e-06
0.0
0.0
5.275572196319092e-07
0.0
0.0
0.0
0.0
0.0
0.0
0.0
0.0
0.0
0.0
0.0
0.0
0.0
8.541463309770919e-07
5.8847957829665835e-08
0.0
0.0
0.0
0.0
0.0
0.0
0.0
0.0
0.0
0.0
0.0
0.0
0.0
0.0
0.0
0.0
0.0
0.0
0.0
0.0
0.0
0.0
0.0
0.0
0.0
0.0
0.0
0.0
0.0
0.0
0.0
0.0
0.0
0.0
0.0
0.0
0.0
0.0
0.0
0.0
0.0
0.0
0.0
0.0
0.0
0.0
0.0
3.5526767078253004e-06
1.2044549956670477e-06
0.0
0.0
0.0
3.830719657580657e-06
0.0
0.0
0.0
0.0
0.0
0.0
0.0
0.0
0.0
0.0
0.0
0.0
0.0
0.0
0.0
0.0
0.0
0.0
0.0
0.0
0.0
0.0
0.0
5.547809604322537e-06
5.740827590222844e-06
1.2242869170688885e-06
0.0
6.503729193608484e-07
0.0
0.0
0.0
0.0
0.0
0.0
0.0
0.0
0.0
0.0
0.0
0.0
0.0
0.0
0.0
0.0
0.0
0.0
0.0
2.7533740586999866e-06
0.0
0.0
0.0
0.0
0.0
0.0
0.0
0.0
0.0
0.0
0.0
0.0
0.0
0.0
0.0
0.0
0.0
0.0
3.2484208737626485e-06
1.5853873882925858e-06
0.0
0.0
0.0
3.7694113682059463e-06
0.0
0.0
0.0
0.0
0.0
0.0
0.0
0.0
0.0
0.0
0.0
0.0
0.0
5.197449499535022e-07
0.0
0.0
0.0
0.0
0.0
1.1683774174131082e-07
0.0
0.0
0.0
2.755114462549688e-07
5.794993091325184e-07
0.0
0.0
0.0
0.0
0.0
0.0
0.0
0.0
0.0
0.0
0.0
0.0
0.0
0.0
0.0
0.0
0.0
0.0
0.0
0.0
0.0
0.0
0.0
0.0
0.0
0.0
0.0
0.0
0.0
0.0
0.0
0.0
0.0
0.0
0.0
0.0
0.0
0.0
0.0
0.0
0.0
0.0
0.0
0.0
0.0
0.0
0.0
0.0
0.0
0.0
0.0
0.0
0.0
0.0
0.0
0.0
0.0
0.0
0.0
0.0
0.0
0.0
0.0
0.0
0.0
0.0
0.0
0.0
0.0
0.0
0.0
0.0
0.0
0.0
0.0
0.0
0.0
0.0
0.0
0.0
0.0
0.0
0.0
0.0
0.0
0.0
0.0
0.0
0.0
0.0
0.0
0.0
0.0
0.0
1.2572595997381393e-06
0.0
0.0
0.0
0.0
0.0
0.0
0.0
0.0
0.0
0.0
0.0
0.0
0.0
0.0
0.0
0.0
0.0
0.0
0.0
0.0
0.0
0.0
0.0
1.684028238758002e-06
0.0
0.0
0.0
0.0
0.0
0.0
0.0
0.0
0.0
0.0
0.0
0.0
0.0
0.0
0.0
0.0
0.0
0.0
0.0
0.0
0.0
0.0
0.0
0.0
0.0
4.5018116774521543e-07
0.0
0.0
0.0
0.0
0.0
0.0
0.0
0.0
0.0
0.0
0.0
0.0
0.0
0.0
0.0
0.0
0.0
0.0
0.0
4.162830035892683e-07
1.565783323759808e-07
6.573930627571245e-07
1.9114504573003126e-06
0.0
0.0
4.290753575665375e-07
0.0
0.0
0.0
0.0
0.0
0.0
0.0
0.0
0.0
0.0
0.0
0.0
0.0
0.0
0.0
0.0
0.0
0.0
0.0
0.0
0.0
0.0
0.0
0.0
0.0
0.0
0.0
0.0
0.0
0.0
0.0
0.0
0.0
0.0
0.0
0.0
0.0
0.0
0.0
0.0
0.0
0.0
0.0
0.0
0.0
0.0
0.0
0.0
0.0
0.0
0.0
0.0
1.7489451570976336e-06
4.967284278072725e-07
0.0
0.0
0.0
0.0
0.0
0.0
0.0
0.0
0.0
0.0
0.0
0.0
0.0
0.0
0.0
0.0
0.0
0.0
0.0
0.0
0.0
0.0
0.0
0.0
0.0
0.0
0.0
0.0
0.0
0.0
0.0
0.0
0.0
0.0
4.782550349587238e-07
7.528373248932504e-07
0.0
1.9848176557570863e-06
1.7861260782678903e-07
0.0
0.0
0.0
0.0
0.0
0.0
0.0
0.0
0.0
0.0
0.0
0.0
0.0
0.0
0.0
0.0
0.0
0.0
0.0
3.434074212178629e-07
8.84546604224278e-07
0.0
3.3695018063446955e-06
1.1131525232467827e-06
1.8313876542223433e-07
0.0
3.476285247473226e-07
0.0
0.0
0.0
0.0
0.0
0.0
0.0
0.0
0.0
0.0
0.0
0.0
0.0
0.0
0.0
0.0
0.0
0.0
0.0
1.855045529348505e-06
5.997362600278994e-07
0.0
0.0
3.208309034284568e-07
0.0
0.0
0.0
0.0
0.0
0.0
0.0
0.0
0.0
0.0
0.0
0.0
0.0
0.0
0.0
0.0
0.0
0.0
0.0
4.738798573763131e-07
0.0
0.0
0.0
0.0
0.0
0.0
0.0
0.0
0.0
0.0
0.0
0.0
0.0
0.0
0.0
0.0
0.0
0.0
0.0
0.0
0.0
0.0
0.0
0.0
0.0
0.0
0.0
0.0
0.0
0.0
0.0
0.0
0.0
0.0
0.0
0.0
0.0
0.0
0.0
0.0
0.0
0.0
0.0
0.0
0.0
0.0
0.0
0.0
0.0
0.0
0.0
0.0
0.0
0.0
0.0
0.0
0.0
0.0
0.0
0.0
0.0
0.0
0.0
0.0
0.0
0.0
0.0
0.0
0.0
0.0
0.0
3.4043039036570777e-07
0.0
0.0
0.0
0.0
0.0
0.0
0.0
0.0
0.0
0.0
0.0
0.0
0.0
0.0
0.0
0.0
0.0
0.0
0.0
0.0
0.0
0.0
0.0
7.777484524456341e-07
0.0
0.0
0.0
0.0
0.0
0.0
0.0
0.0
0.0
0.0
0.0
0.0
0.0
0.0
0.0
0.0
0.0
0.0
0.0
0.0
0.0
0.0
0.0
5.397060487903387e-07
0.0
0.0
0.0
0.0
0.0
0.0
0.0
0.0
0.0
0.0
0.0
0.0
0.0
0.0
0.0
0.0
0.0
0.0
0.0
0.0
0.0
0.0
0.0
0.0
0.0
0.0
0.0
0.0
0.0
0.0
0.0
0.0
0.0
0.0
0.0
0.0
0.0
0.0
0.0
0.0
0.0
0.0
0.0
0.0
0.0
4.036153674476998e-07
0.0
5.242690021214529e-07
0.0
0.0
0.0
0.0
0.0
0.0
0.0
0.0
0.0
0.0
0.0
0.0
0.0
0.0
0.0
0.0
0.0
0.0
0.0
0.0
0.0
0.0
0.0
0.0
0.0
0.0
0.0
0.0
0.0
0.0
0.0
0.0
0.0
0.0
0.0
0.0
0.0
0.0
0.0
0.0
0.0
0.0
0.0
0.0
0.0
9.722852393285221e-08
9.212061606258928e-08
0.0
0.0
0.0
0.0
0.0
0.0
0.0
0.0
0.0
0.0
0.0
0.0
0.0
0.0
0.0
0.0
0.0
0.0
0.0
0.0
0.0
5.725409854915868e-07
8.726747470798057e-07
0.0
2.427596196062267e-06
9.280084925879841e-07
0.0
0.0
0.0
0.0
0.0
0.0
0.0
0.0
0.0
0.0
0.0
0.0
0.0
0.0
0.0
0.0
0.0
1.7620200930924807e-06
1.8213388074493566e-06
2.6399873077554784e-06
2.0435236164507068e-06
0.0
4.9579225873781175e-06
0.0
0.0
0.0
0.0
0.0
0.0
0.0
0.0
0.0
0.0
0.0
0.0
0.0
0.0
0.0
0.0
0.0
0.0
0.0
0.0
0.0
0.0
0.0
0.0
0.0
0.0
0.0
0.0
0.0
0.0
0.0
0.0
0.0
0.0
0.0
0.0
0.0
0.0
0.0
0.0
0.0
0.0
0.0
0.0
0.0
0.0
0.0
0.0
0.0
0.0
0.0
0.0
0.0
0.0
0.0
0.0
0.0
0.0
0.0
0.0
0.0
0.0
0.0
0.0
0.0
0.0
0.0
0.0
0.0
0.0
0.0
0.0
0.0
0.0
0.0
0.0
0.0
0.0
0.0
0.0
0.0
0.0
0.0
0.0
0.0
0.0
0.0
0.0
0.0
0.0
0.0
0.0
0.0
0.0
0.0
0.0
0.0
0.0
0.0
0.0
0.0
0.0
0.0
0.0
0.0
0.0
0.0
0.0
0.0
0.0
0.0
0.0
4.772323627603554e-08
0.0
0.0
0.0
0.0
0.0
0.0
0.0
0.0
0.0
0.0
0.0
0.0
0.0
0.0
0.0
0.0
0.0
0.0
0.0
0.0
0.0
0.0
0.0
0.0
0.0
0.0
0.0
0.0
0.0
0.0
0.0
0.0
0.0
0.0
0.0
0.0
0.0
0.0
0.0
0.0
0.0
0.0
0.0
0.0
0.0
0.0
0.0
0.0
0.0
0.0
0.0
0.0
0.0
0.0
7.067595783976115e-07
0.0
0.0
0.0
0.0
0.0
0.0
0.0
0.0
0.0
0.0
0.0
0.0
0.0
0.0
0.0
0.0
0.0
0.0
0.0
0.0
0.0
0.0
0.0
0.0
0.0
0.0
0.0
0.0
0.0
0.0
0.0
0.0
0.0
0.0
0.0
0.0
0.0
0.0
0.0
0.0
0.0
0.0
0.0
0.0
0.0
0.0
0.0
0.0
0.0
0.0
0.0
0.0
0.0
0.0
0.0
0.0
0.0
0.0
0.0
0.0
0.0
0.0
0.0
0.0
0.0
0.0
0.0
0.0
0.0
0.0
0.0
5.292414429954568e-07
0.0
0.0
0.0
0.0
0.0
0.0
0.0
0.0
0.0
0.0
0.0
0.0
0.0
0.0
0.0
0.0
0.0
0.0
0.0
0.0
0.0
0.0
0.0
0.0
0.0
0.0
0.0
0.0
0.0
0.0
0.0
0.0
0.0
0.0
0.0
0.0
0.0
0.0
0.0
0.0
0.0
0.0
0.0
0.0
0.0
0.0
0.0
0.0
0.0
0.0
0.0
0.0
0.0
0.0
0.0
0.0
0.0
0.0
0.0
0.0
0.0
0.0
0.0
0.0
0.0
0.0
0.0
0.0
0.0
0.0
0.0
0.0
0.0
0.0
0.0
0.0
0.0
0.0
0.0
0.0
0.0
0.0
0.0
0.0
0.0
0.0
0.0
0.0
0.0
0.0
0.0
0.0
0.0
0.0
0.0
0.0
0.0
0.0
0.0
0.0
0.0
0.0
0.0
0.0
0.0
0.0
0.0
0.0
0.0
0.0
0.0
0.0
0.0
0.0
0.0
0.0
0.0
0.0
0.0
1.119564838232459e-06
0.0
0.0
0.0
0.0
0.0
0.0
0.0
0.0
0.0
0.0
0.0
0.0
0.0
0.0
0.0
0.0
0.0
0.0
0.0
0.0
0.0
0.0
0.0
0.0
0.0
0.0
0.0
0.0
0.0
0.0
0.0
0.0
0.0
0.0
0.0
0.0
0.0
0.0
0.0
0.0
0.0
0.0
0.0
0.0
0.0
0.0
0.0
4.6043669110738496e-07
0.0
0.0
0.0
0.0
0.0
0.0
0.0
0.0
0.0
0.0
0.0
0.0
0.0
0.0
0.0
0.0
0.0
0.0
0.0
0.0
0.0
0.0
0.0
0.0
0.0
0.0
0.0
0.0
0.0
0.0
0.0
0.0
0.0
0.0
0.0
0.0
0.0
0.0
0.0
0.0
0.0
0.0
0.0
0.0
0.0
0.0
0.0
0.0
0.0
0.0
0.0
0.0
0.0
0.0
0.0
0.0
0.0
0.0