0.0
0.0
0.0
0.0
0.0
0.0
0.0
0.0
0.0
0.0
0.0
0.0
0.0
0.0
0.0
0.0
0.0
0.0
0.0
0.0
0.0
0.0
0.0
0.0
0.0
0.0
0.0
0.0
0.0
0.0
0.0
0.0
0.0
0.0
0.0
0.0
0.0
0.0
0.0
0.0
0.0
0.0
0.0
0.0
0.0
0.0
0.0
0.0
0.0
0.0
0.0
0.0
0.0
0.0
0.0
0.0
0.0
0.0
0.0
0.0
0.0
0.0
0.0
0.0
0.0
0.0
0.0
0.0
0.0
0.0
0.0
0.0
0.0
0.0
0.0
0.0
0.0
0.0
0.0
0.0
0.0
0.0
0.0
0.0
0.0
2.6475113590478406e-05
0.0
0.0
0.0
0.0
0.0
0.0
0.0
0.0
0.0
0.0
0.0
0.0
0.0
0.0
0.0
0.0
0.0
0.0
0.0
0.0
0.0
0.0
0.0
0.0
0.0
0.0
0.0
0.0
0.0
0.0
0.0
0.0
0.0
0.0
0.0
0.0
0.0
0.0
0.0
0.0
0.0
0.0
0.0
0.0
0.0
0.0
0.0
0.0
0.0
0.0
0.0
0.0
0.0
0.0
0.0
0.0
0.0
0.0
0.0
0.0
0.0
0.0
0.0
0.0
0.0
0.0
0.0
0.0
0.0
0.0
0.0
0.0
0.0
0.0
0.0
0.0
0.0
0.0
0.0
0.0
0.0
0.0
0.0
0.0
0.0
0.0
0.0
0.0
0.0
0.0
0.0
0.0
0.0
0.0
0.0
0.0
0.0
0.0
0.0
0.0
0.0
0.0
0.0
0.0
0.0
0.0
0.0
0.0
0.0
0.0
0.0
0.0
0.0
0.0
0.0
0.0
0.0
0.0
0.0
0.0
0.0
0.0
0.0
0.0
0.0
0.0
0.0
0.0
0.0
0.0
0.0
0.0
0.0
0.0
0.0
0.0
0.0
0.0
0.0
0.0
2.002253793543011e-05
0.00019269919979328086
0.00015747773989196537
3.9365887262059574e-06
0.0
0.0
0.0
0.0
0.0
0.0
0.0
0.0
0.0
0.0
0.0
0.0
0.0
0.0
0.0
0.0
0.0
0.0
0.0
0.0
0.0
0.0
0.0
0.0
0.0
0.0
0.0
0.0
0.0
0.0
0.0
0.0
0.0
0.0
0.0
0.0
0.0
0.0
0.0
0.0
0.0
0.0
0.0
0.0
0.0
0.0
0.0
0.0
0.0
0.0
0.0
0.0
0.0
0.0
0.0
0.0
0.0
0.0
0.0
0.0
0.0
0.0
0.0
0.0
0.0
0.0
0.0
0.0
0.0
0.00016451231887080003
0.0004542952297639845
0.000561811340380427
0.00024047821118761383
0.0
0.0
0.0
0.0
0.0
0.0
0.0
0.0
0.0
0.0
0.0
0.0
0.0
0.0
0.0
0.0
0.0
0.0
1.4552523542727455e-05
0.00022114647722072946
0.0006256059268700077
0.0005741075310653344
0.00035498482946565775
0.00027492387169309867
6.345342658354106e-05
0.0
0.0
0.0
0.0
0.0
0.0
0.0
0.0
0.0
0.0
0.0
0.0
0.0
0.0
0.0
0.0
0.0
0.0
0.0
0.0
0.0
0.0
0.0
0.0
0.0
0.0
0.0
0.0
0.0
0.0
0.0
0.0
0.0
0.0
0.0
0.0
0.0
0.0
0.0
0.0
0.0
0.0
0.0
0.0
0.0
0.0
0.0
0.0
0.0
0.0
0.0
0.0
0.0
0.0
0.0
0.0
0.0
0.0
0.0
0.0
0.0
0.0
0.0
0.0
0.0
0.0
0.0
0.0
0.0
0.0
0.0
0.0
0.0
0.0
0.0
0.0
0.0
0.0
0.0
0.0
0.0
0.0
0.0
0.0
0.0
0.0
0.0
0.0
0.0
0.0
0.0
0.0
0.0
0.0
0.0
0.0
0.0
0.0
0.0
0.0
0.0
0.0
0.0
0.0
0.0
0.0
0.0
0.0
0.0
0.0
0.0
0.0
0.0
0.0
0.0
0.0
0.0
0.0
0.0
0.0
0.0
0.0
0.0
0.0
0.0
0.0
0.0
0.0
0.0
0.0
0.0
0.0
0.0
0.0
0.0
0.0
0.0
0.0
0.0
0.0
0.0
0.0
0.0
0.0
0.0
0.0
0.0
0.0
0.0
0.0
0.0
0.0
0.0
0.0
0.0
0.0
0.0
0.0
0.0
0.0
0.0
0.0
0.0
0.0
0.0
0.0
0.0
0.0
0.0
0.0
0.0
0.0
0.0
0.0
0.0
0.0
0.0
0.0
0.0
0.0
0.0
0.0
0.0
0.0
0.0
0.0
0.0
0.0
0.0
0.0
0.0
0.0
0.0
0.0
0.0
0.0
0.0
0.0
0.0
0.0
0.0
0.0
0.0
0.0
0.0
0.0
0.0
0.0
0.0
0.0
0.0
5.09501036300503e-05
0.0001406467821138115
4.700248512653867e-06
0.0
0.0
0.0
0.0
0.0
0.0
0.0
0.0
0.0
0.0
0.0
0.0
0.0
0.0
0.0
0.0
0.0
0.0
0.0
0.0
0.00025054959608420075
0.00015002918931842873
0.00025621829990928285
0.0006569622965409467
0.0005571725522373261
0.00017802942307427566
0.0
0.0
0.0
0.0
0.0
0.0
0.0
0.0
0.0
0.0
0.0
0.0
0.0
0.0
0.0
0.0
0.0
0.0
0.00025913744293393253
0.0006754501827652459
0.0011382683395056773
0.0013593253982133293
0.0012136830848555869
0.0010328104850315298
0.0007172498437426848
0.00043687498784605465
0.0001315979781769206
0.0
0.0
0.0
0.0
0.0
0.0
0.0
0.0
0.0
0.0
0.0
0.0
0.0
0.0
3.585487799724268e-05
0.0004342382310585124
0.0007948622910920504
0.0014476646057547927
0.0017122922940776884
0.0013020747746493736
0.0005502054653346661
4.392621870646089e-05
3.526246624135536e-05
0.00014352015872889755
0.00011348595411931768
0.0
0.0
0.0
0.0
0.0
0.0
0.0
0.0
0.0
0.0
0.0
0.0
0.0
0.0
7.659115682613314e-06
0.0004998085564689525
0.0010831960146581718
0.0010052697044458353
0.00048021307020400635
5.5575767623119104e-05
0.0
0.0
0.0
0.0
0.0
0.0
0.0
0.0
0.0
0.0
0.0
0.0
0.0
0.0
0.0
0.0
0.0
0.0
0.0001189058939808319
0.0005249243276233935
0.00030511472622895446
9.184302962056579e-05
0.0
0.0
0.0
0.0
0.0
0.0
0.0
0.0
0.0
0.0
0.0
0.0
0.0
0.0
0.0
0.0
0.0
0.0
0.0
0.0
0.0
0.0
0.0
0.0
0.0
0.0
0.0
0.0
0.0
0.0
0.0
0.0
0.0
0.0
0.0
0.0
0.0
0.0
0.0
0.0
0.0
0.0
0.0
0.0
0.0
0.0
0.0
0.0
0.0
0.0
0.0
0.0
0.0
0.0
0.0
0.0
0.0
0.0
0.0
0.0
0.0
0.0
0.0
0.0
0.0
0.0
0.0
0.0
0.0
0.0
0.0
0.0
0.0
0.0
0.0
0.0
0.0
0.0
0.0
0.0
0.0
0.0
0.0
0.0
0.0
0.0
0.0
0.0
0.0
0.0
0.0
0.0
0.0
0.0
0.0
0.0
0.0
0.0
0.0
0.0
0.0
0.0
0.0
0.0
0.0
0.0
0.0
0.0
0.0
0.0
0.0
0.0
0.0
0.0
0.0
0.0
0.0
0.0
0.0
0.0
0.0
0.0
0.0
0.0
0.0
0.0
0.0
0.0
0.0
0.0
0.0
0.0
0.0
0.0
0.0
0.0
0.0
0.0
0.0
0.0
0.0
0.0
0.0
0.0
0.0
0.0
0.0
0.0
0.0
0.0
0.0
0.0
0.0
0.0
0.0
0.0
0.0
0.0
0.0
0.0
0.0
0.0
0.0
0.0
0.0
0.0
0.0
0.0
0.0
0.0
0.0
0.0
0.0
0.0
0.0
0.0
0.0
0.0
0.0
0.0
0.0
0.0
0.0
0.0
0.0
0.0
0.0
0.0
0.0
0.0
0.0
0.0
0.0
0.0
0.0
0.0
0.0
0.0
0.0
0.0
0.0
0.0
0.0
0.0
0.0
0.0
0.0
0.0
0.0
0.0
0.0
0.0
0.0
0.0
0.0
0.0
0.0
0.0
0.0
0.0
0.0
0.0
0.0
0.0
0.0
0.0
0.0
0.0
0.0
0.0
0.0
0.0
0.0
0.0
0.0
0.0
0.0
0.0
0.0
0.0
0.0
0.0
0.0
0.0
0.0
0.0
0.0
0.0
0.0
0.0
0.0
0.0
0.0
0.0
0.0
0.0
0.0
0.0
0.0
0.0
0.0
0.0
0.0
0.0
0.0
0.0
0.0
0.0
0.0
0.0
0.0
0.0
0.0
0.0
0.0
0.0
0.0
0.0
0.0
0.0
0.0
0.0
0.0
0.0
0.0
0.0
0.0
0.00018641582087819406
0.00028974539824524635
4.896276139143307e-05
0.0
0.0
0.0
0.0
0.0
0.0
0.0
0.0
0.0
0.0
0.0
0.0
0.0
0.0
0.0
0.0
0.0
7.695470088253827e-05
0.0005418220331531767
0.0006980440823021208
0.0006755668057141519
0.0005994472437993852
0.0003367937903986234
0.00013580763844097716
1.7777178244682112e-05
0.0
0.0
0.0
0.0
0.0
0.0
0.0
0.0
0.0
0.0
0.0
0.0
0.0
0.0
0.0
0.0
1.9235376281622365e-05
0.00021686106173180461
0.0003242568406475933
0.00036597849648319905
0.0004744667253769587
0.000452751818677993
0.0004028025529556442
0.0001477314735311165
4.67833269692477e-06
0.0
0.0
0.0
0.0
0.0
0.0
0.0
0.0
0.0
0.0
0.0
0.0
0.0
0.0
3.3946421374508165e-05
0.0004399342942415263
0.0008071375212890423
0.0013065727101533211
0.001673598003382407
0.0018700598469122071
0.0013270465636976145
0.0009194092299124373
0.0004290002949913051
4.600931097451435e-05
0.0
0.0
0.0
0.0
0.0
0.0
0.0
0.0
0.0
0.0
0.0
0.0
0.0
0.0
0.0
0.00014357431469336167
0.0005568626309203215
0.001121127571070266
0.0008734540894755296
0.0005459489772002079
0.0003767608411973283
0.0001765636269782503
3.861472447518546e-05
0.0
0.0
0.0
0.0
0.0
0.0
0.0
0.0
0.0
0.0
0.0
0.0
0.0
0.0
0.0
0.0
0.0
0.0
0.0
0.00013737955669791658
4.208765407499519e-05
0.0
0.0
0.0
0.0
0.0
0.0
0.0
0.0
0.0
0.0
0.0
0.0
0.0
0.0
0.0
0.0
0.0
0.0
0.0
0.0
0.0
0.0
0.0
0.0
0.0
0.0
0.0
0.0
0.0
0.0
0.0
0.0
0.0
0.0
0.0
0.0
0.0
0.0
0.0
0.0
0.0
0.0
0.0
0.0
0.0
0.0
0.0
0.0
0.0
0.0
0.0
0.0
0.0
0.0
0.0
0.0
0.0
0.0
0.0
0.0
0.0
0.0
0.0
0.0
0.0
0.0
0.0
0.0
0.0
0.0
0.0
0.0
0.0
0.0
0.0
0.0
0.0
0.0
0.0
0.0
0.0
0.0
0.0
0.0
0.0
0.0
0.0
0.0
0.0
0.0
0.0
0.0
0.0
0.0
0.0
0.0
0.0
0.0
0.0
0.0
0.0
0.0
0.0
0.0
0.0
0.0
0.0
0.0
0.0
0.0
0.0
0.0
0.0
0.0
0.0
0.0
0.0
0.0
0.0
0.0
0.0
0.0
0.0
0.0
0.0
0.0
0.0
0.0
0.0
0.0
0.0
0.0
0.0
0.0
0.0
0.0
0.0
0.0
0.0
0.0
0.0
0.0
0.0
0.0
0.0
0.0
0.0
0.0
0.0
0.0
0.0
0.0
0.0
0.0
0.0
0.0
0.0
0.0
0.0
0.0
0.0
0.0
0.0
0.0
0.0
0.0
0.0
0.0
0.0
0.0
0.0
0.0
0.0
0.0
0.0
0.0
0.0
0.0
0.0
0.0
0.0
0.0
0.0
0.0
0.0
0.0
0.0
0.0
0.0
0.0
0.0
0.0
0.0
0.0
0.0
0.0
0.0
0.0
0.0
0.0
0.0
0.0
0.0
0.0
0.0
0.0
0.0
0.0
0.0
0.0
0.0
0.0
0.0
0.0
0.0
0.0
0.0
0.0
0.0
0.0
0.0
0.0
0.0
0.0
0.0
0.0
0.0
0.0
0.0
0.0
0.0
0.0
0.0
0.0
0.0
0.0
0.0
0.0
0.0
0.0
0.0
0.0
0.0
0.0
0.0
0.0
0.0
0.0
0.0
0.0
0.0
0.0
0.0
0.0
0.0
0.0
0.0
0.0
0.0
0.0
0.0
0.0
0.0
0.0
0.0
0.0
0.0
0.0
0.0
0.0
0.0
0.0
0.0
0.0
0.0
0.0
0.0
0.0
0.0
0.0
0.0
0.0
0.0
0.0
0.0
0.0
2.478927691195562e-05
7.41260320232071e-05
0.0
0.0
0.0
0.0
0.0
0.0
0.0
0.0
0.0
0.0
0.0
0.0
0.0
0.0
0.0
0.0
0.0
0.0
0.0
0.0
0.0
0.0
0.0
0.0
0.0
0.0
0.0
0.0
0.0
0.0
0.0
0.0
0.0
0.0
0.0
0.0
0.0
0.0
0.0
0.0
0.0
0.0
0.0
0.0
0.0
0.0
0.0
0.0
0.0
0.0
0.0
0.0
0.0
0.0
0.0
0.0
0.0
0.0
0.0
0.0
0.0
0.0
0.0
0.0
0.0
0.0
0.0
0.0
0.0
0.0
0.0
0.0
0.0
0.0
0.0
0.0
0.0
0.0
0.0
0.0
0.0
0.0
0.0
0.0
0.0
0.0
0.0
0.0
0.0
0.0
0.0
0.0
0.0
0.0
0.0
0.0
0.0
0.0
0.0
0.0
0.0
0.0
0.0
0.0
0.0
0.0
0.0
0.0
0.0
0.0
0.0
0.0
0.0
0.0
0.0
0.0
0.0
0.0001337076766538007
0.0004114364116421236
0.0006497964607327669
0.00030916318650709806
0.0
0.0
0.0
0.0
0.0
0.0
0.0
0.0
0.0
0.0
0.0
0.0
0.0
0.0
0.0
0.0
0.0
0.0
1.6062095366701864e-05
0.00043738761964259994
0.0010284524367494016
0.00134976580211092
0.0010986558432206838
0.0008208265209510128
0.000681906553207779
0.00020788303050508074
0.0
0.0
0.0
0.0
0.0
0.0
0.0
0.0
0.0
0.0
0.0
0.0
0.0
0.0
0.0
0.0
0.0
0.0
0.0
0.0
0.0
0.0
0.0
0.0
0.0
0.0
0.0
0.0
0.0
0.0
0.0
0.0
0.0
0.0
0.0
0.0
0.0
0.0
0.0
0.0
0.0
0.0
0.0
0.0
0.0
0.0
0.0
0.0
0.0
0.0
0.0
0.0
0.0
0.0
0.0
0.0
0.0
0.0
0.0
0.0
0.0
0.0
0.0
0.0
0.0
0.0
0.0
0.0
0.0
0.0
0.0
0.0
0.0
0.0
0.0
0.0
0.0
0.0
0.0
0.0
0.0
0.0
0.0
0.0
0.0
0.0
0.0
0.0
0.0
0.0
0.0
0.0
0.0
0.0
0.0
0.0
0.0
0.0
0.0
0.0
0.0
0.0
0.0
0.0
0.0
0.0
0.0
0.0
0.0
0.0
0.0
0.0
0.0
0.0
0.0
0.0
0.0
0.0
0.0
0.0
0.0
0.0
0.0
0.0
0.0
0.0
0.0
0.0
0.0
0.0
0.0
0.0
0.0
0.0
0.0
0.0
0.0
0.0
0.0
0.0
0.0
0.0
0.0
0.0
0.0
0.0
0.0
0.0
0.0
0.0
0.0
0.0
0.0
0.0
0.0
0.0
0.0
0.0
0.0
0.0
0.0
0.0
0.0
0.0
0.0
0.0
0.0
0.0
0.0
0.0
0.0
0.0
0.0
0.0
0.0
0.0
0.0
0.0
0.0
0.0
0.0
0.0
0.0
0.0
0.0
0.0
0.0
0.0
0.0
0.0
0.0
0.0
0.0
0.0
0.0
0.0
0.0
0.0
0.0
0.0
0.0
0.0
0.0
0.0
0.0
0.0
0.0
0.0
0.0
0.0
0.0
0.0
0.0
0.0
0.0
0.0
0.0
0.0
0.0
0.0
0.0
0.0
0.0
0.0
0.0
0.0
0.0
0.0
0.0
0.0
0.0
0.0
0.0
0.0
0.0
0.0
0.0
0.0
0.0
0.0
0.0
0.0
0.0
0.0
0.0
0.0
0.0
0.0
0.0
0.0
0.0
0.0
0.0
0.0
0.0
0.0
0.0
0.0
0.0
0.0
0.0
0.0
0.0
0.0
0.0
0.0
0.0
0.0
0.0
0.0
0.0
0.0
0.0
0.0
0.0
0.0
0.0
0.0
0.0
0.0
0.0
0.0
0.0
0.0
0.0
0.0
0.0
0.0
0.0
0.0
0.0
0.0
0.0
0.0
0.0
0.0
0.0
0.0
0.0
0.0
0.0
0.0
0.0
0.0
0.0
0.0
5.017612927704095e-05
3.368312712339014e-05
0.0
0.0
0.0
0.0
0.0
0.0
0.0
0.0
0.0
0.0
0.0
0.0
0.0
0.0
0.0
0.0
0.0
0.0
0.0
0.0
0.0
0.0
0.0
0.0
0.0
0.0
0.0
0.0
0.0
0.0
0.0
0.0
0.0
0.0
0.0
0.0
0.0
0.0
0.0
0.0
0.0
0.0
0.0
0.0
0.0
0.0
0.0
0.0
0.0
0.0
0.0
0.0
0.0
0.0
0.0
0.0
0.0
0.0
0.0
0.0
0.0
0.0
0.0
0.0
0.0
0.0
0.0
0.0
0.0
0.0
0.0
0.0
0.0
0.0
0.0
0.0
0.0
0.0
0.0
0.0
0.0
0.0
0.0
0.0
0.0
0.0
0.0
0.0
0.0
0.0
0.0
0.0
0.0
0.0
0.0
0.0
0.0
0.0
0.0
0.0
0.0
0.0
0.0
0.0
0.0
0.0
0.0
0.0
0.0
0.0
0.0
0.0
0.0
0.0
0.0
0.0
0.0
0.0
0.0
0.0
0.0
0.0
0.0
0.0
0.0
0.0
0.0
0.0
0.0
0.0
0.0
0.0
0.0
0.0
0.0
0.0
0.0
0.0
0.0
0.0
0.0
0.0
0.0
0.0
0.0
0.0
0.0
0.0
0.0
0.0
0.0
0.0
0.0
0.0
0.0
0.0
0.0
0.0
0.0
0.0
0.0
0.0
0.0
0.0
0.0
0.0
0.0
0.0
0.0
0.0
0.0
0.0
0.0
0.0
0.0
0.0
0.0
0.0
0.0
0.0
0.0
0.0
0.0
0.0
0.0
0.0
0.0
0.0
3.948615604018695e-05
0.00021130783192770922
0.0002362597110276105
0.00020770124063440967
0.0001788148439301643
5.5520622390787166e-05
0.0
0.0
0.0
0.0
0.0
0.0
0.0
0.0
0.0
0.0
0.0
0.0
0.0
0.0
0.0
0.0
0.0
0.0
0.0001311113412740053
0.0004252504024983335
0.00031367438908332465
0.00012697358618282394
1.5951011505360348e-05
0.0
0.0
0.0
0.0
0.0
0.0
0.0
0.0
0.0
0.0
0.0
0.0
0.0
0.0
0.0
0.0
0.0
0.0
0.0
0.0
0.0
0.0
0.0
0.0
0.0
0.0
0.0
0.0
0.0
0.0
0.0
0.0
0.0
0.0
0.0
0.0
0.0
0.0
0.0
0.0
0.0
0.0
0.0
0.0
0.0003178134234068149
0.0006443321719134495
0.00036856422761578347
8.796726702071494e-05
0.0
0.0
0.0
0.0
0.0
0.0
0.0
0.0
0.0
0.0
0.0
0.0
0.0
0.0
0.0
0.0
0.0
0.0
0.0
7.748268686814061e-05
0.0004823932668468179
0.000661058063010603
0.0006130486660918502
0.00027382136057885003
0.00014870715910312988
4.905372934285029e-05
6.897267480159715e-06
0.0
0.0
0.0
0.0
0.0
0.0
0.0
0.0
0.0
0.0
0.0
0.0
0.0
0.0
0.0
0.0
0.00018939884506046338
0.0005752671794014734
0.0011168657228799183
0.0012425480168938982
0.0008020783536357779
0.0003447893506832731
0.00011206461147214717
7.149828151161957e-05
0.0
0.0
0.0
0.0
0.0
0.0
0.0
0.0
0.0
0.0
0.0
0.0
0.0
0.0
0.0
0.00010788254559652768
0.0005871472118373007
0.001075364761451073
0.0012262861691224017
0.0009225333183155603
0.0007728382099676529
0.0007776689272214046
0.0006172838981430785
0.00037888405876588746
2.428252089023868e-05
0.0
0.0
0.0
0.0
0.0
0.0
0.0
0.0
0.0
0.0
0.0
0.0
0.0
0.0
0.0
0.0
0.0
0.0
0.0
0.0
0.0
0.0
0.0
0.0
0.0
0.0
0.0
0.0
0.0
0.0
0.0
0.0
0.0
0.0
0.0
0.0
0.0
0.0
0.0
0.0
0.0
0.0
0.0
0.0
0.0
0.0
0.0
0.0
0.0
0.0
0.0
0.0
0.0
0.0
0.0
0.0
0.0
0.0
0.0
0.0
0.0
0.0
0.0
0.0
0.0
0.0
0.0
0.0
0.0
0.0
0.0
0.0
0.0
0.0
0.0
0.0
0.0
0.0
0.0
0.0
0.0
0.0
0.0
0.0
0.0
0.0
0.0
0.0
0.0
0.0
0.0
0.0
0.0
0.0
0.0
0.0
0.0
0.0
0.0
0.0
0.0
0.0
0.0
0.0
0.0
0.0
0.0
0.0
0.0
0.0
0.0
0.0
0.0
0.0
0.0
0.0
0.0
0.0
0.0
0.0
0.0
0.0
0.0
0.0
0.0
0.0
0.0
0.0
0.0
0.0
0.0
0.0
0.0
0.0
0.0
0.0
0.0
0.0
0.0
0.0
0.0
0.0
0.0
0.0
0.0
0.0
0.0
0.0
0.0
0.0
0.0
0.0
0.0
0.0
0.0
0.0
0.0
0.0
0.0
0.0
5.324777204996518e-05
0.00018557405769681305
0.0001486641466509221
0.0
0.0
0.0
2.0325411696374623e-05
0.0
0.0
0.0
0.0
0.0
0.0
0.0
0.0
0.0
0.0
0.0
0.0
0.0
0.0
0.0
0.00015542883398213668
0.0005327745667841014
0.001075787022325907
0.001095861606332914
0.0008374102520111556
0.0006114863370347162
0.0005992862386744668
0.00047090641279933903
0.00033615664313837735
0.00016349028061846558
6.153457381625753e-06
8.855734427926268e-06
0.0
0.0
0.0
0.0
0.0
0.0
0.0
0.0
0.0
0.0
0.0
0.0
0.0
0.00018239235526464596
0.00023599904641546116
0.00015301758282773822
6.764269883519951e-05
0.0
0.0
0.0
0.0
0.0
0.0
0.0
0.0
0.0
0.0
0.0
0.0
0.0
0.0
0.0
0.0
0.0
0.0
0.0
0.0
0.0
0.00023903174928995117
0.0002276981498175355
2.9874516436034107e-05
0.0
0.0
0.0
4.670265411462834e-06
0.0
0.0
0.0
0.0
0.0
0.0
0.0
0.0
0.0
0.0
0.0
0.0
0.0
0.0
0.0
0.0
2.8915796253314304e-05
8.814411350895208e-05
0.0001877225904074291
0.000334685950196266
0.0004640811489296255
0.0004623914377410146
0.001153932548501467
0.0019639034159359327
0.0016846631805524268
0.0011066905922075471
0.0005148281878181863
0.00046360926751684366
0.0003950877182081406
0.0001874195526860635
0.0
0.0
0.0
0.0
0.0
0.0
0.0
0.0
1.9728714013115358e-05
0.0002912281146196811
0.0006297919487927929
0.0009501046701380922
0.0012091901876667395
0.0012457184374071169
0.0007897742524940249
0.0005719855885069922
0.0005126903220260519
0.0004972208928407603
0.0003117483032774464
3.9890804734735784e-05
0.0
0.0
0.0
0.0
0.0
0.0
0.0
0.0
0.0
0.0
0.0
0.0
0.0
0.00013346791715988888
0.0005184649825659034
0.001004938889682683
0.0014466649561091006
0.0012497384366429692
0.0006457174499986054
0.0002721566942103211
0.0001249283564023451
0.00015202051344626142
1.376118727389466e-05
0.0
0.0
0.0
0.0
0.0
0.0
0.0
0.0
0.0
0.0
0.0
0.0
0.0
0.0
0.0
0.0
0.00019036576407124717
0.00024400097186586656
0.00014073010539704736
2.0280458648117202e-05
0.0
0.0
0.0
0.0
0.0
0.0
0.0
0.0
0.0
0.0
0.0
0.0
0.0
0.0
0.0
0.0
0.0
0.0
0.0
0.0
0.0
9.162824234065839e-05
0.0002211633340709934
0.0001557246459257856
5.6327557630336896e-05
0.0
0.0
0.0
0.0
0.0
0.0
0.0
0.0
0.0
0.0
0.0
0.0
0.0
0.0
0.0
0.0
0.0
0.0
4.791097872562568e-05
0.00026237506775044335
0.0003801871371478419
0.00035378916319501823
0.00024937329304496004
0.00022628441662951923
0.00013567179072756982
5.89104487751615e-05
5.281656981842066e-06
0.0
0.0
0.0
0.0
0.0
0.0
0.0
0.0
0.0
0.0
0.0
0.0
0.0
0.0
0.0
0.0
0.0
0.0
0.0
0.0
0.0
0.0
0.0
0.0
0.0
0.0
0.0
0.0
0.0
0.0
0.0
0.0
0.0
0.0
0.0
0.0
0.0
0.0
0.0
0.0
7.138156051410499e-05
0.00010825175068862284
9.190528584494317e-05
0.0
0.0
0.0
0.0
0.0
0.0
0.0
0.0
0.0
0.0
0.0
0.0
0.0
0.0
0.0
0.0
0.0
0.0
0.0
0.0
2.8647960848168854e-05
0.00023101108391915704
0.00036632324235213104
0.00031925381988534215
4.30259202932477e-05
0.0
0.0
0.0
0.0
0.0
0.0
0.0
0.0
0.0
0.0
0.0
0.0
0.0
0.0
0.0
0.0
0.0
0.0
0.0
0.0
2.2837945382582627e-05
8.220832054907919e-05
0.0
0.0
0.0
0.0
0.0
0.0
0.0
0.0
0.0
0.0
0.0
0.0
0.0
0.0
0.0
0.0
0.0
0.0
0.0
0.0
0.0
0.0
0.0
0.0
0.0
0.0
0.0
0.0
0.0
0.0
0.0
0.0
0.0
0.0
0.0
0.0
0.0
0.0
0.0
0.0
0.0
0.0
0.0
0.0
0.0
0.0
0.0
0.0
0.0
0.0
0.0
0.0
0.0
0.0
0.0
0.0
0.0
0.0
0.0
0.0
0.0
0.0
0.0
0.0
0.0
0.0
0.0
0.0
0.0
0.0
0.0
0.0
0.0
0.0
0.0
0.0
0.0
0.0
0.0
0.0
0.0
0.0
0.0
0.0
0.0
0.0
0.0
0.0
0.0
0.0
0.0
0.0
0.0
0.0
0.0
0.0
0.0
0.0
0.0
0.0
0.0
0.0
0.0
0.0
0.0
0.0
0.0
0.0
0.0
0.0
0.0
0.0
0.0
0.0
0.0
0.0
0.0
0.0
0.0
0.0
0.0
0.0
0.0
0.0
0.0
0.0
0.0
0.0
0.0
0.0
0.0
0.0
0.0
0.0
0.0
0.0
0.0
0.0
0.0
0.0
0.0
0.0
0.0
0.0
0.0
0.0
0.0
0.0
0.0
0.0
0.0
0.0
0.0
0.0
0.0
0.0
0.0
0.0
0.0
0.0
0.0
0.0
0.0
0.0
0.0
0.0
0.0
0.0
0.0
0.0
0.0
0.0
0.0
0.0
0.0
0.0
0.0
0.0
0.0
0.0
0.0
0.0
0.0
0.0
0.0
0.0
0.0
0.0
0.0
0.0
0.0
0.0
0.0
0.0
0.0
0.0
0.0
0.0
0.0
0.0
0.0
0.0
0.0
0.0
0.0
0.0
0.0
0.0
0.0
0.0
0.0
0.0
0.0
0.0
0.0
0.0
0.0
0.0
0.0
0.0
0.0
0.0
0.0
0.0
0.0
0.0
0.0
0.0
0.0
0.0
0.0
0.0
0.0
0.0
0.0
0.0
0.0
0.0
0.0
0.0
0.0
0.0
0.0
0.0
0.0
0.0
0.0
0.0
0.0
0.0
0.0
0.0
0.0
0.0
0.0
0.0
0.0
0.0
0.0
0.0
0.0
0.0
0.00013852339010395832
0.00037309531675294917
0.000369932004230712
0.00022566755819997247
0.00019944168464321513
0.0001396767242993076
0.00011634939094729015
0.0
0.0
0.0
0.0
0.0
0.0
0.0
0.0
0.0
0.0
0.0
0.0
0.0
0.0
0.0
0.0
0.0
0.0
0.00014538325239166493
0.00017753076936173322
9.191981932278251e-05
1.3442538031103795e-05
0.0
0.0
0.0
0.0
0.0
0.0
0.0
0.0
0.0
0.0
0.0
0.0
0.0
0.0
0.0
0.0
0.0
0.0
0.0
0.0
3.900145150592305e-06
2.8881368923061083e-05
0.0
0.0
0.0
0.0
0.0
0.0
0.0
0.0
0.0
0.0
0.0
0.0
0.0
0.0
0.0
0.0
0.0
0.0
0.0
0.0
0.0
0.0
0.0
0.0
0.0
0.0
0.0
0.0
0.0
0.0
0.0
0.0
0.0
0.0
0.0
0.0
0.0
0.0
0.0
0.0
0.0
0.0
0.0
0.0
0.0
0.0
0.0
0.0
0.0
0.0
0.0
0.0
0.0
0.0
0.0
0.0
0.0
0.0
0.0
0.0
0.0
0.0
0.0
0.0
0.0
0.0
0.0
0.0
0.0
0.0
3.3595601253350865e-05
1.788089430487617e-05
0.0
0.0
0.0
0.0
0.0
0.0
0.0
0.0
0.0
0.0
0.0
0.0
0.0
0.0
0.0
0.0
0.0
0.0
0.0
0.0
0.0
0.0
1.7309041352321263e-05
0.00010205281619840193
1.1226542245239887e-05
0.0
0.0
0.0
0.0
0.0
0.0
0.0
0.0
0.0
0.0
0.0
0.0
0.0
0.0
0.0
0.0
0.0
0.0
0.0
0.0
0.0
0.00010056738698014324
0.00018398704791933081
4.608967942273051e-05
0.0
0.0
0.0
0.0
0.0
0.0
0.0
0.0
0.0
0.0
0.0
0.0
0.0
0.0
0.0
0.0
0.0
0.0
0.0
0.0
3.895980410794717e-06
0.00014211307551802307
0.00013571047818720187
5.6027933129202573e-05
0.0
0.0
0.00011016938559944466
2.817347758339166e-05
0.0
0.0
0.0
0.0
0.0
0.0
0.0
0.0
0.0
0.0
0.0
0.0
0.0
0.0
0.0
3.713399878564327e-05
0.0002126040664346356
0.0003698845378909947
0.00038681753961256136
0.00022484437429734535
0.000141922995769865
9.960907659619122e-05
5.978518102993837e-05
0.0
0.0
0.0
0.0
0.0
0.0
0.0
0.0
0.0
0.0
0.0
0.0
0.0
0.0
0.0
0.0
3.235692765942487e-05
0.00029128111511725775
0.0005184986384573316
0.0004963252786956195
0.00031860402601784397
0.0002482641149299489
0.00015604250979950755
0.00017247260500931038
2.228798112166892e-05
0.0
0.0
0.0
0.0
0.0
0.0
0.0
0.0
0.0
0.0
0.0
0.0
0.0
0.0
0.0
0.0
0.00010439051614626274
0.00030587501673956654
0.0004525570000890609
0.0004011885167261097
0.00033472767107505327
0.0002852999993319544
0.0003571307407052221
0.00019283344258286695
1.6915460742946424e-06
0.0
0.0
0.0
0.0
0.0
0.0
0.0
0.0
0.0
0.0
0.0
0.0
0.0
0.0
0.0
0.0
1.634631462574144e-05
0.0001687584824448452
0.00020979198694841446
0.00020002020717323825
0.00017185537246446902
0.00010189093653948854
1.4938998095593457e-05
0.0
0.0
0.0
0.0
0.0
0.0
0.0
0.0
0.0
0.0
0.0
0.0
0.0
0.0
0.0
0.0
2.667129794119134e-05
0.00010022800580550621
0.00021348454554291036
0.00014085410827346313
0.00010466159932741763
3.691604073304558e-05
0.00013743086441746135
6.754071227112803e-05
0.0
0.0
0.0
0.0
0.0
0.0
0.0
0.0
0.0
0.0
0.0
0.0
0.0
0.0
0.0
0.0
6.678523106607128e-05
0.0002708719618362522
0.0002742605074677911
0.00012947147028485477
1.364992175829666e-05
0.0
0.0
0.0
0.0
0.0
0.0
0.0
0.0
0.0
0.0
0.0
0.0
0.0
0.0
0.0
0.0
0.0
0.0
0.0
6.46830798187542e-05
0.00024183516825792593
0.00025171305804196705
0.0001227134231755819
4.854796513535786e-06
0.0
0.0
0.0
0.0
0.0
0.0
0.0
0.0
0.0
0.0
0.0
0.0
0.0
0.0
0.0
0.0
0.0
0.0
0.0
0.0
0.00012485521925043256
0.00018129201615860164
6.542705550226516e-05
0.0
0.0
0.0
0.0
0.0
0.0
0.0
0.0
0.0
0.0
0.0
0.0
0.0
0.0
0.0
0.0
0.0
0.0
0.0
0.0
0.0
0.0
7.29942265445477e-05
5.6227323343283804e-06
0.0
0.0
0.0
0.0
0.0
0.0
0.0
0.0
0.0
0.0
0.0
0.0
0.0
0.0
0.0
0.0
0.0
0.0
0.0
0.0
0.0
0.0
0.0
0.0
0.0
0.0
0.0
0.0
0.0
0.0
0.0
0.0
0.0
0.0
0.0
0.0
0.0
0.0
0.0
0.0
0.0
0.0
0.0
0.0
0.0
0.0
3.890262328214538e-05
0.0
0.0
0.0
0.0
0.0
0.0
0.0
0.0
0.0
0.0
0.0
0.0
0.0
0.0
0.0
0.0
0.0
0.0
0.0
0.0
0.0
0.0
1.8169025667519215e-05
3.705762740734832e-05
0.0
0.0
0.0
0.0
0.0
0.0
0.0
0.0
0.0
0.0
0.0
0.0
0.0
0.0
0.0
0.0
0.0
0.0
0.0
0.0
2.406495833894318e-05
0.00019700291881737136
0.00032044386472296083
0.0003383773008074636
0.00020454341604887215
0.00013104590494628597
0.00010291450336001732
0.00016168329538952748
2.9741017127786462e-05
0.0
0.0
0.0
0.0
0.0
0.0
0.0
0.0
0.0
0.0
0.0
0.0
0.0
0.0
0.0
7.814445770988517e-05
0.000263820959524666
0.00042958439988569443
0.0003771082557207658
0.00019196262254852294
7.809343335254703e-05
6.419458044103317e-05
0.00015444645230555413
1.0455370959048548e-05
0.0
0.0
0.0
0.0
0.0
0.0
0.0
0.0
0.0
0.0
0.0
0.0
0.0
0.0
0.0
0.0
0.0
0.0
9.680706142457055e-05
4.4748768278437206e-05
4.881235874914521e-05
6.837758386207754e-05
0.0001319585678671357
0.0
0.0
0.0
0.0
0.0
0.0
0.0
0.0
0.0
0.0
0.0
0.0
0.0
0.0
0.0
0.0
0.0
0.0
0.0
0.0
0.0
0.0
0.0
0.0
0.0
0.0
0.0
0.0
0.0
0.0
0.0
0.0
0.0
0.0
0.0
0.0
0.0
0.0
0.0
0.0
0.0
0.0
0.0001225615757733141
0.00011312962827414927
0.0
0.0
0.0
7.397965811537529e-06
0.0
0.0
0.0
0.0
0.0
0.0
0.0
0.0
0.0
0.0
0.0
0.0
0.0
0.0
0.0
0.0
0.0
1.037021748004321e-05
0.00035997669106887256
0.0008418337162681236
0.00041500907183670416
0.00019771090526144087
0.0002108267073992464
0.00022166694870974615
0.00016383376215156755
0.0
0.0
0.0
0.0
0.0
0.0
0.0
0.0
0.0
0.0
0.0
0.0
0.0
0.00010082600445246357
0.0004250164549221015
0.0010090759354595556
0.001066612060819874
0.0007924530357845781
0.00070425315734904
0.000495208408750995
0.00043231104353702127
0.0003987554227057776
0.0004582853209109603
0.000519293693359206
0.0004258681625798913
0.00021696523903694321
1.7234540410675256e-05
0.0
0.0
0.0
0.0
0.0
0.0
0.0
0.0
0.0
0.0
0.0
0.00016993509712134872
0.0004257083480043241
0.0009571231892254237
0.0015534341357700517
0.001705070251042924
0.0013595713322563895
0.0009306196880467029
0.000669083150548461
0.0006938374295325874
0.0006893674966242789
0.000468374483918538
0.0001233911428816164
0.0
0.0
0.0
0.0
0.0
0.0
0.0
0.0
0.0
0.0
1.0089052115987003e-05
0.00030255184309716345
0.0007010053581990888
0.0009453175875145059
0.0011506781086803167
0.0012533005260559299
0.0011366537978370155
0.0007223039086326747
0.0005278161907360443
0.0005015145514226806
0.0006227253521165217
0.0005529727124377681
0.00033717744942713475
3.361502635833867e-05
0.0
0.0
0.0
0.0
0.0
0.0
0.0
0.0
0.0
0.0
0.0
6.199185414559232e-05
9.666414554488964e-05
0.00023309519695238716
0.00044639001935198823
0.0006248726580656673
0.0006904729593068927
0.0004546906043583022
0.000338794669973609
0.0002524956767567958
0.00027631107595186817
0.00014882590743167147
0.0
0.0
0.0
0.0
0.0
0.0
0.0
0.0
0.0
0.0
0.0
0.0
0.0
0.0
0.0
0.0
0.0
2.447120849726098e-05
8.986858296449981e-05
0.0
0.0
0.0
0.0
0.0
0.0
0.0
0.0
0.0
0.0
0.0
0.0
0.0
0.0
0.0
0.0
0.0
0.0
0.0
0.0
0.0
0.0
1.569412869933865e-05
4.276135042167575e-05
0.0
0.0
0.0
0.0
0.0
0.0
0.0
0.0
0.0
0.0
0.0
0.0
0.0
0.0
0.0
0.0
0.0
0.0
0.0
0.0
0.0
0.0
0.00012444409778043393
9.436907416271489e-05
0.0
0.0
0.0
0.0
0.0
0.0
0.0
0.0
0.0
0.0
0.0
0.0
0.0
0.0
0.0
0.0
0.0
0.0
0.0
0.0
0.0
0.0
0.0
1.4176504053191872e-05
0.0
0.0
0.0
0.0
0.0
0.0
0.0
0.0
0.0
0.0
0.0
0.0
0.0
0.0
0.0
0.0
0.0
0.0
0.0
0.0
0.0
0.0
0.0
0.0
0.0
0.0
0.0
0.0
0.0
0.0
0.0
0.0
0.0
0.0
0.0
0.0
0.0
0.0
0.0
0.0
0.0
0.0
0.0
0.0
0.0
0.0
0.0
0.00013692125783756846
8.923598992426582e-05
0.0
0.0
0.0
0.0
0.0
0.0
0.0
0.0
0.0
0.0
0.0
0.0
0.0
0.0
0.0
0.0
0.0
0.0
0.0
0.0
9.755032310464607e-05
0.0003002188068910421
0.0002958466264084663
0.0001669226261241343
6.710990051037224e-05
1.3584060280205233e-05
8.139050350498355e-05
0.0
0.0
0.0
0.0
0.0
0.0
0.0
0.0
0.0
0.0
0.0
0.0
0.0
0.0
0.0
0.0
0.0
0.0
0.0
0.0
0.0
0.0
0.0
0.0
0.0
0.0
0.0
0.0
0.0
0.0
0.0
0.0
0.0
0.0
0.0
0.0
0.0
0.0
0.0
0.0
0.0
0.0
0.00018559399038340556
0.00021964123738138958
8.126336754250199e-05
0.0
0.0
4.435229452533256e-06
0.0
0.0
0.0
0.0
0.0
0.0
0.0
0.0
0.0
0.0
0.0
0.0
0.0
0.0
0.0
0.0
0.0
0.0
7.345794367684046e-05
0.0002297916468750063
6.662625272261677e-05
0.0
0.0
0.0
0.0
0.0
0.0
0.0
0.0
0.0
0.0
0.0
0.0
0.0
0.0
0.0
0.0
0.0
0.0
0.0
0.0
0.0
0.0001722944048944419
0.00018418625229360864
5.582543871457909e-05
6.406600102684724e-06
0.0
0.0
0.0
0.0
0.0
0.0
0.0
0.0
0.0
0.0
0.0
0.0
0.0
0.0
0.0
0.0
0.0
0.0
0.0
0.0
0.00016848497920444514
0.00024809158530382584
7.861173740116423e-05
2.7878896070400812e-05
8.06468693157196e-06
2.1197520060805825e-05
0.0
0.0
0.0
0.0
0.0
0.0
0.0
0.0
0.0
0.0
0.0
0.0
0.0
0.0
0.0
0.0
0.0
2.9886658873529678e-05
0.0002770946433035798
0.00030737752635020914
8.618348002233388e-05
3.7160751756378634e-05
6.101831773564618e-06
0.0
0.0
0.0
0.0
0.0
0.0
0.0
0.0
0.0
0.0
0.0
0.0
0.0
0.0
0.0
0.0
0.0
0.0
0.0
0.00021976663798600057
0.00020797347342471276
0.0
0.0
0.0
0.0
0.0
0.0
0.0
0.0
0.0
0.0
0.0
0.0
0.0
0.0
0.0
0.0
0.0
0.0
0.0
0.0
0.0
9.028365750202735e-05
0.0003089711070500078
0.00030369553301635017
0.0001418908327444707
7.530986299325985e-05
9.421626207083074e-05
0.00025509021337055687
0.00016858542148289515
0.0
0.0
0.0
0.0
0.0
0.0
0.0
0.0
0.0
0.0
0.0
0.0
0.0
0.0
0.0
7.914661423492043e-05
0.000336728501727469
0.0005161994099007005
0.0005438389061344532
0.0003441030704875447
0.00020903534097159134
0.00021393199683758223
0.00027578994056238213
0.0001277931662268371
0.0
0.0
0.0
0.0
0.0
0.0
0.0
0.0
0.0
0.0
0.0
0.0
0.0
0.0
0.0
0.00013241766840551604
0.00032532307212269435
0.0004649189816122575
0.00042618978202813886
0.00035441320160817263
0.00033578752440199176
0.00019685755914931126
5.015097083846744e-05
0.0
0.0
0.0
0.0
0.0
0.0
0.0
0.0
0.0
0.0
0.0
0.0
0.0
0.0
0.0
0.0
1.4082239691278759e-05
0.0002039801620275439
0.00029908231989922895
0.0002438419351504256
4.8380214818624804e-05
0.0
0.0
0.0
0.0
0.0
0.0
0.0
0.0
0.0
0.0
0.0
0.0
0.0
0.0
0.0
0.0
0.0
0.0
0.0
0.00016921593887238764
0.00023926270942161852
0.00035760665413866544
0.0004288247532113518
0.00020663253475169228
7.769084658267741e-05
3.944188131402414e-05
0.0001662515314270553
4.9593676826190245e-05
0.0
0.0
0.0
0.0
0.0
0.0
0.0
0.0
0.0
0.0
0.0
0.0
0.0
0.0
0.0
0.0
0.00016261909322589586
0.0004318969308616002
0.00042882723067454723
0.00023474562645918633
7.957012042300936e-05
1.9102742916983616e-05
0.00010297568989331199
1.984828845607888e-05
0.0
0.0
0.0
0.0
0.0
0.0
0.0
0.0
0.0
0.0
0.0
0.0
0.0
0.0
0.0
0.0
0.00025838597463758654
0.00047293885248857534
0.00041473864429736914
0.0002742287638743291
0.00018247030612471846
0.00012055040287030082
0.00011711942684738201
0.0
0.0
0.0
0.0
0.0
0.0
0.0
0.0
0.0
0.0
0.0
0.0
0.0
0.0
0.0
0.0
6.24666900476102e-05
0.00031470043188651045
0.0005159572528176036
0.0005451876375889463
0.0004105776418417503
0.0003016164808647298
0.00018089876949574021
0.0002716912805263046
0.00013318116691467868
0.0
0.0
0.0
0.0
0.0
0.0
0.0
0.0
0.0
0.0
0.0
0.0
0.0
0.0
0.0
0.0001233772262857454
0.0006883168855720546
0.000665029952359627
0.000568691204356468
0.0004694864181800493
0.00042688368783974054
0.0004535081270414175
0.0005166682124625434
0.0002623008838308735
1.1838735686066385e-05
0.0
0.0
0.0
0.0
0.0
0.0
0.0
0.0
0.0
0.0
0.0
0.0
0.0
0.0
0.0
0.00018273453911717648
0.0003548821660832442
0.00036664893160560664
0.00027761679852621694
0.0002834235782341741
0.00027704929014250147
0.00026539106195390904
0.00019387469334776662
5.5218012407911e-06
0.0
0.0
0.0
0.0
0.0
0.0
0.0
0.0
0.0
0.0
0.0
0.0
0.0
0.0
0.0
0.00017000748757133258
0.00035029475466022414
0.00036921065489093247
0.00033102407356497537
0.0003107697796748324
0.0002271911150456405
8.4707165696149e-05
0.0
0.0
0.0
0.0
0.0
0.0
0.0
0.0
0.0
0.0
0.0
0.0
0.0
0.0
0.0
0.0
0.0
0.000201367118140137
0.0004813120488611393
0.0004887628333956603
0.0002591502277049079
8.98601316549039e-05
7.048759380278208e-05
0.00015747930207109104
0.0
0.0
0.0
0.0
0.0
0.0
0.0
0.0
0.0
0.0
0.0
0.0
0.0
0.0
0.0
6.044928533458793e-06
2.4018247785949575e-05
0.00021254164246566152
0.0003975661642517874
0.0004252787975460481
0.0002611537565631491
0.00010028719708672475
2.0312911734920337e-05
3.428542756160386e-05
0.0
0.0
0.0
0.0
0.0
0.0
0.0
0.0
0.0
0.0
0.0
0.0
0.0
0.0
6.592621876175602e-05
0.00042207320270757953
0.0006352434607040176
0.0009140108822851223
0.0011804821029974117
0.001304916460518011
0.0009462750526617932
0.0006332966475123797
0.0005058556252024017
0.0006956898773170017
0.000583688626039734
0.0003708754670680434
9.785767834967707e-05
0.0
0.0
0.0
0.0
0.0
0.0
0.0
0.0
0.0
0.0
0.0
0.000168595011380252
0.00038829829833181436
0.00046573247148801904
0.0006553837889310354
0.0008248371431664841
0.0008489514301406985
0.0006998231357361512
0.0006588793557027584
0.0006757540039871293
0.0007665099262746131
0.0006766721549188433
0.00029577489659893627
2.437915965911384e-05
0.0
0.0
0.0
0.0
0.0
0.0
0.0
0.0
0.0
0.0
0.0
0.00019566493824768908
0.0004034110895016327
0.0005861813811810785
0.000943420193517974
0.0011655409474642113
0.0011648964632526837
0.000831418845165762
0.0007574977741666249
0.0007691765632531432
0.000865340529923318
0.0006631301070870538
0.000255967526767438
0.0
0.0
0.0
0.0
0.0
0.0
0.0
0.0
0.0
0.0
0.0
0.0
0.0
0.0
0.0
6.884453974493745e-05
0.00016022430066531403
0.0001280131248477152
2.5902046253081603e-05
1.801743868238915e-05
1.4318887376189836e-05
5.953251552497334e-06
0.0
0.0
0.0
0.0
0.0
0.0
0.0
0.0
0.0
0.0
0.0
0.0
0.0
0.0
0.0
0.0
0.0
1.9382025834830086e-05
0.00013671954841100545
0.00012602432707975933
3.0307530012462883e-05
8.833767250756943e-05
0.00012451017357184205
0.00011403318561636517
0.0001302259136100183
1.099377295184355e-05
0.0
0.0
0.0
0.0
0.0
0.0
0.0
0.0
0.0
0.0
0.0
0.0
0.0
1.5074801013340797e-05
0.00027536321876141235
0.0004826865461880121
0.0006320022868141658
0.0006331086551171649
0.0004461559159586004
0.00038340898590474165
0.00035717426600973006
0.00043777079885352617
0.0002690948415369795
3.258601817800393e-05
0.0
0.0
0.0
0.0
0.0
0.0
0.0
0.0
0.0
0.0
0.0
0.0
0.0
0.0
0.0
0.0
2.201532857403028e-05
2.1736588246265673e-05
4.2825183923892115e-06
4.409879481253536e-06
2.3588764950815336e-05
9.509069444183392e-05
4.007868448917453e-05
0.0
0.0
0.0
0.0
0.0
0.0
0.0
0.0
0.0
0.0
0.0
0.0
0.0
0.0
0.0
0.0
5.421514425423462e-05
0.0003142490364657704
0.00034103565595606275
0.00017942152434900568
0.00010411092419172992
5.341572278434826e-05
0.00012580466269610869
9.570517835121657e-06
0.0
0.0
0.0
0.0
0.0
0.0
0.0
0.0
0.0
0.0
0.0
0.0
0.0
0.0
0.0
0.0
0.0
0.00011351021538702755
0.00023664138399070842
0.0001132516621030481
5.1190014487519296e-06
0.0
0.00011508103435394447
5.650093135261512e-05
0.0
0.0
0.0
0.0
0.0
0.0
0.0
0.0
0.0
0.0
0.0
0.0
0.0
0.0
0.0
0.0
0.00015757746321717935
0.0004470448315415505
0.0007015466111223737
0.0005919433760853794
0.0004682621328297247
0.00038973755191528894
0.00044898055636543997
0.00030077547630575724
5.730045514634186e-05
0.0
0.0
0.0
0.0
0.0
0.0
0.0
0.0
0.0
0.0
0.0
0.0
0.0
6.8115151395711085e-06
0.0001566004018935704
0.0003464123923036964
0.0005258618407187364
0.0004968881915809605
0.0004927403403992709
0.0005826576867986503
0.0006010585585771465
0.000718749240601601
0.0005725955240565155
0.00015538366371778693
0.0
0.0
0.0
0.0
0.0
0.0
0.0
0.0
0.0
0.0
0.0
0.0
0.00027851362219442666
0.0007133387172927612
0.0008296485107868264
0.0009791711805220485
0.0010953291464732607
0.0010873034060642623
0.0009537454562694879
0.0009765376071814605
0.0008352031876161182
0.0008575817515556926
0.0007553262349620643
0.0003550119203519444
3.21937563949672e-05
0.0
0.0
0.0
0.0
0.0
0.0
0.0
0.0
0.0
0.0
0.0
0.0003453067537406507
0.0005987732404571995
0.0010646384740611865
0.001408658604554424
0.001509941601745172
0.001456397377931738
0.001164192937707754
0.0011872723807164808
0.001282251298743826
0.0014793881044780006
0.0013061176191231268
0.0008305888625064155
0.0002624839813575429
5.6063471062961704e-05
0.0
0.0
0.0
0.0
0.0
0.0
0.0
0.0
0.0
0.0
0.0003401689733950977
0.0007122014505528432
0.0010918610204421263
0.0014098133241783547
0.0014965281975376963
0.0013821015986465613
0.0010041652284736918
0.0007768736439176805
0.0006827561095150629
0.000777166747336806
0.0006614704217376193
0.00033051821365821674
1.5731171601803075e-05
0.0
0.0
0.0
0.0
0.0
0.0
0.0
0.0
0.0
0.0
0.0
0.00015974714589286844
0.0004240000226187718
0.0007225884609174056
0.0011962756525888644
0.0014461223619872934
0.0013818203154012845
0.001036897234757364
0.0008052673075868702
0.0006536585920424108
0.0007262917636416363
0.0005793351519871887
0.00018224143463034406
0.0
0.0
0.0
0.0
0.0
0.0
0.0
0.0
0.0
0.0
0.0
0.0
0.0
5.972004785977235e-05
0.00021907465009979408
0.00048234936855722556
0.0007499061705453641
0.000697833414102041
0.00045319233498835714
0.00032689127666056165
0.0003085804100419764
0.000364519050468197
0.00024165442340072816
2.845253952510732e-05
0.0
0.0
0.0
0.0
0.0
0.0
0.0
0.0
0.0
0.0
0.0
0.0
0.0
0.0
0.00010561675537818706
0.0003534832882279601
0.0006591003594048209
0.0006946220036190915
0.00045647788840318
0.00037206672052812615
0.0003267083069539458
0.0004391602526798947
0.00033187332925378916
9.195274626771631e-05
0.0
0.0
0.0
0.0
0.0
0.0
0.0
0.0
0.0
0.0
0.0
0.0
0.0
0.0
0.0
0.00011784118712931238
0.0004912308291338717
0.0006724743889906812
0.0005194700682610108
0.0005357545671645233
0.00046353847324105967
0.000435842594288431
0.00041798631675293087
0.00014560680555666567
0.0
0.0
0.0
0.0
0.0
0.0
0.0
0.0
0.0
0.0
0.0
0.0
0.0
0.0
6.264113702411363e-05
0.00028953968899767923
0.0004512524075761018
0.0005059646555729568
0.00040819007617048665
0.0004207663822122155
0.0002231217465590142
0.0001986049928009422
0.00024388064069244867
3.890214265813423e-05
0.0
0.0
0.0
0.0
0.0
0.0
0.0
0.0
0.0
0.0
0.0
0.0
0.0
5.4263831187020265e-05
0.00030247831438011625
0.000512056387198897
0.0006909374490829082
0.0006725833378280376
0.00046599065616635227
0.00040425209026143593
0.0004425081403163763
0.0005832389208922415
0.0002572119118879629
1.440464669748675e-05
0.0
0.0
0.0
0.0
0.0
0.0
0.0
0.0
0.0
0.0
0.0
0.0
0.0
0.0
0.0
0.00013331938000908013
0.00039235156568941673
0.00042690199864365777
0.00016278278985131547
7.591991723671826e-05
0.00012494456280197298
0.00034403905128564655
0.0002184084804324211
0.0
0.0
0.0
0.0
0.0
0.0
0.0
0.0
0.0
0.0
0.0
0.0
0.0
0.0
0.0
0.0
0.0002678919525681839
0.0005151918645601843
0.0005818781403467957
0.0004640566076176489
0.00039898891934222845
0.00041726613002759965
0.0005337587234939047
0.00044164572105784446
0.0002059689935226432
0.0
0.0
0.0
0.0
0.0
0.0
0.0
0.0
0.0
0.0
0.0
0.0
0.0
0.0001584941911969973
0.0006479135218595998
0.0012031107305137238
0.0014306065288689793
0.0014023938831652077
0.0010619293842053673
0.0008785014811204771
0.0007819690677866013
0.0009313333830184269
0.0006821359444880084
0.0002533956875349924
0.0
0.0
0.0
0.0
0.0
0.0
0.0
0.0
0.0
0.0
0.0
0.0
0.0
6.487612929527075e-05
0.00037017391021259524
0.000748746789269953
0.0010636638044923643
0.000962306582129387
0.0005546823295584331
0.0005191145886861292
0.0004679918871206682
0.0005196597427221784
0.0004061652238669721
0.00019850978976246534
0.0
0.0
0.0
0.0
0.0
0.0
0.0
0.0
0.0
0.0
0.0
0.0
0.0
0.0001221805411406595
0.00037647028209472335
0.0006018437203698634
0.0008051546613004904
0.0007451438522723876
0.0004996575812973339
0.0004890345182840334
0.0004998836449281359
0.0005202848427381498
0.00044643890064052636
0.00021123977112628764
0.0
0.0
0.0
0.0
0.0
0.0
0.0
0.0
0.0
0.0
0.0
0.0
7.0555691061897136e-06
0.00019765529979558254
0.0004746071531250769
0.0008932865067253952
0.0011254674215321681
0.0012758650619461803
0.0010687348010604712
0.0010220080554769846
0.0008767711852295141
0.0007230329461069577
0.0005577455693525084
0.00028574058635542763
2.1719956271815226e-05
0.0
0.0
0.0
0.0
0.0
0.0
0.0
0.0
0.0
0.0
1.5191462859772971e-05
0.00017035028369694855
0.0004702256645300348
0.000911700140424338
0.0013889339505046305
0.0015457369678161205
0.0014609526312390224
0.00112121172019424
0.0009858371238637216
0.0008133686474914747
0.0006334314131466159
0.0004117409468052925
0.0002505663711990277
1.5422502724988316e-05
0.0
0.0
0.0
0.0
0.0
0.0
0.0
0.0
0.0
0.0
0.0
0.0
5.765330987233902e-05
0.00023803204811445185
0.0005123283383542642
0.0007343183977700929
0.0007821285174761391
0.0005582477718891418
0.00047128310248000535
0.0004886163443164176
0.0007453695549942689
0.0005659292663927451
0.00027559323017139
6.380780458113443e-05
0.0
0.0
0.0
0.0
0.0
0.0
0.0
0.0
0.0
0.0
0.0
0.0
0.00015846355459322282
0.000439940439787678
0.000898546680800359
0.00110229928326532
0.001098534174784979
0.0007510131830288816
0.0005897486074159844
0.0006293208733182128
0.0007568923671463694
0.0005640932707910273
0.00030024607638559945
2.53516628139232e-05
0.0
0.0
0.0
0.0
0.0
0.0
0.0
0.0
0.0
0.0
0.0
0.0
0.0
0.0002008864994842384
0.000564719379535124
0.0008671283012042497
0.0008649471075721938
0.0005618121344589034
0.0004385814564874234
0.00038030498142661634
0.00037023999662624834
0.00022794661155156717
0.00011468631340047015
0.0
0.0
0.0
0.0
0.0
0.0
0.0
0.0
0.0
0.0
0.0
0.0
0.0
3.0065566256383987e-05
0.0001440510376738275
0.00028655664076709036
0.0005119032584632353
0.0005938690837257027
0.00046063332120695915
0.0003689381820035562
0.0003690879987818224
0.0005302557561826213
0.0005292618977117783
0.0004654035653582215
0.0003593186847042031
0.00027942986968761943
0.00018577431396840007
0.0001133445855079436
0.0
0.0
0.0
0.0
0.0
0.0
0.0
0.0001426093622321821
0.00017658584200168798
0.00048073161538641286
0.0011781119767164156
0.001674741151251172
0.0015885936316480933
0.0014265823773115633
0.0011270840247404304
0.0010460133965073625
0.0010266783734374852
0.0010185495183854985
0.0008495325342870603
0.00048267811411071524
0.00020786676095769203
0.0001101746967123817
0.0
0.0
0.0
0.0
0.0
0.0
0.0
0.0
0.0
0.0
1.4333953661931256e-05
0.0001578409956864706
0.0004585057755223729
0.0008472289293773313
0.0010551590548528035
0.0010423131819046417
0.0008054618149525845
0.0007849712337385384
0.0006525340438908243
0.0006271586252238628
0.0004594835076013873
0.0002446071067949499
1.4518895751449618e-05
0.0
0.0
0.0
0.0
0.0
0.0
0.0
0.0
0.0
0.0
0.0
0.0
0.00010800082464507149
0.0003359382707947359
0.000680094209783296
0.0009897936309783105
0.001043750633620352
0.0008053565905789034
0.0007326997663454038
0.0007013528059211496
0.0008210867682818107
0.0005534719751397461
0.00023381022955350754
0.0
0.0
0.0
0.0
0.0
0.0
0.0
0.0
0.0
0.0
0.0
8.530709067002194e-06
0.00017374731618891742
0.000491196451108613
0.0008031395854442501
0.0011004496810124544
0.001215057388369972
0.0011062383789047503
0.0008085975932755514
0.000654844576078509
0.0005434076241523866
0.000549222450298324
0.00031728155973919254
0.0001309771431195589
0.0
0.0
0.0
0.0
0.0
0.0
0.0
0.0
0.0
0.0
0.0
0.0
0.00010488966613862574
0.00034852525514656997
0.0007218802092765171
0.0010053774088465178
0.0012081441841869846
0.0011909617392364736
0.0007248450699887178
0.0004040564223159631
0.00029584446794422576
0.0004495827612728748
0.0003594133523808962
0.00010926281965957243
0.0
0.0
0.0
0.0
0.0
0.0
0.0
0.0
0.0
0.0
0.0
0.0
0.0
0.00020109596196411466
0.00043677721322824296
0.0006839942826038583
0.00091924104560817
0.0009116743684022362
0.0006202942212962349
0.0004809023044611003
0.00023415213266696593
0.00010855740225857741
0.0
0.0
0.0
0.0
0.0
0.0
0.0
0.0
0.0
0.0
0.0
0.0
0.0
0.0
0.0
0.00010402262812972608
0.00032425788273413513
0.0005858712562084134
0.0008509849845344953
0.0008445769626431435
0.0005216728433077743
0.0003837846267233276
0.0003607596171232129
0.00038091897680069876
0.00015821312610945996
0.0
0.0
0.0
0.0
0.0
0.0
0.0
0.0
0.0
0.0
0.0
0.0
0.0
0.0
0.0
0.0
3.9263131945764664e-05
0.00020824086266128767
0.00021125016253583712
0.0001671123348304054
3.289103089738385e-05
0.0
0.0
0.0
0.0
0.0
0.0
0.0
0.0
0.0
0.0
0.0
0.0
0.0
0.0
0.0
0.0
0.0
0.0
0.0
0.0
0.00023496996154088895
0.000363564307734751
0.00020536100815671645
0.00013542258996570867
1.5180581217338329e-05
0.0
0.0
0.0
0.0
0.0
0.0
0.0
0.0
0.0
0.0
0.0
0.0
0.0
0.0
3.084312401202113e-05
0.00022126129582237053
0.0004777727882854416
0.0008087283384894351
0.0013377133431068597
0.0017054695426540647
0.001936038361349234
0.001615679987394523
0.0011755445117617694
0.0010027944595568715
0.0012009741285170178
0.0010372524328098834
0.0007221532682574455
0.0003819829937575982
0.0002537323691394353
0.00012096395744915838
2.1792061991396795e-05
0.0
0.0
0.0
0.0
0.0
0.0
0.0
0.00023661832144183763
0.0006338876247344789
0.001112145077047559
0.0019338650119876777
0.0022992148984379056
0.0024856613116545356
0.002462255179981938
0.0019730992226010768
0.0018042203547198443
0.0017728579743762358
0.0020376930585755937
0.0013010103840277608
0.00042063533356520604
4.653836858761904e-05
0.0
0.0
0.0
0.0
0.0
0.0
0.0
0.0
0.0
0.0
0.00024546540769491737
0.0007156228109971486
0.0011964079799417337
0.0014809125405733374
0.0018229754477760254
0.0021985806132424814
0.0021853277219960393
0.0016071935976490995
0.0013156490599746894
0.001198360234738033
0.0011098151220298353
0.0006638116321690831
0.00011962314711523229
0.0
0.0
0.0
0.0
0.0
0.0
0.0
0.0
0.0
0.0
0.0
0.0
0.0
2.221555137547076e-05
0.0002374134496928366
0.0004648958843036633
0.0006267850422916994
0.0006158356192632761
0.0004378911900535221
0.00034369177743222854
0.00021027657963339946
0.00017991772031482228
0.0
0.0
0.0
0.0
0.0
0.0
0.0
0.0
0.0
0.0
0.0
0.0
0.0
0.0
4.5828856800806914e-05
0.0003375820640100915
0.0007555396863702205
0.001223438887702621
0.0014744927908655011
0.00136729335336712
0.0009750622481005037
0.0008652611625042612
0.0009051187662464093
0.0010150517485087156
0.0007106947196420103
0.00033388959163230714
3.2596465235821246e-05
0.0
0.0
0.0
0.0
0.0
0.0
0.0
0.0
0.0
0.0
4.6516635388112424e-05
0.000439192052320701
0.0008490917428370106
0.0014315060327915695
0.0017084808746781158
0.0016114269480631126
0.0014822771339362932
0.0011735637427555162
0.0011361560884943125
0.0011890763809779994
0.0011899790431260007
0.0009532146781432118
0.0005279593600070378
0.0002772321022930664
0.00015816326769452547
2.9879800840092547e-05
0.0
0.0
0.0
0.0
0.0
0.0
0.0
0.0
9.498592546600632e-05
0.0004321305163203258
0.0007275299794338699
0.0010672822675692785
0.0014489420718476352
0.0017195962795197757
0.0017572715980762247
0.0014130629508624217
0.0012593791557956673
0.0012594358275425308
0.0012634915142228252
0.0008854597708253992
0.00035693414032093656
9.227459585104707e-05
0.0
0.0
0.0
0.0
0.0
0.0
0.0
0.0
0.0
0.0
0.00010772042114719698
0.00040862244260313235
0.0006903416431508222
0.001006451947936345
0.0014525112010473579
0.001762853123321919
0.0016872757692090751
0.0013051454724715497
0.0010796616708145107
0.0007392459443726574
0.0006384403558438706
0.00021240894496140275
0.0
0.0
0.0
0.0
0.0
0.0
0.0
0.0
0.0
0.0
0.0
0.0
6.748834736561006e-05
0.00034887190492087684
0.0006532354933541884
0.0010254842656231505
0.0013857387955057475
0.001826302256352539
0.001865717009316427
0.0013540721439999977
0.001083695239285555
0.0011383287267014552
0.0014171261263117962
0.0011027427094475262
0.0006116958058736296
0.0002537428310372667
0.00013966519048067325
2.4576981008365155e-05
0.0
0.0
0.0
0.0
0.0
0.0
0.0
0.0
0.00015830882419310674
0.00040579425234377593
0.000642230641131606
0.0012339358400021733
0.0018089768037577749
0.0020814504754893964
0.001978394786888958
0.0014846064523774353
0.0012594745493021181
0.0013212835228959868
0.00146315151208706
0.0012917992679331099
0.0008615390793337091
0.0003853801257026994
0.0002517067919512346
0.00013648676346480194
4.992566283711266e-06
0.0
0.0
0.0
0.0
0.0
0.0
0.0
0.00016192180354079996
0.00039077441091594047
0.0006304518596509852
0.001032558195125252
0.001563782423063675
0.001790964485405492
0.0017146942435944384
0.0013074232396100116
0.0010535780691523283
0.0010299456509722058
0.001241094167266266
0.0008993415686389713
0.000388535364544893
8.535965881019167e-05
0.0
0.0
0.0
0.0
0.0
0.0
0.0
0.0
0.0
0.0
0.0
0.0
0.0
6.294411273588843e-05
0.00032771871516917557
0.0005731003507461962
0.0005442879295773035
0.00039272502319876015
0.00031245054093364594
0.00014782551421396348
8.430306901175961e-05
0.0
0.0
0.0
0.0
0.0
0.0
0.0
0.0
0.0
0.0
0.0
0.0
0.0
0.0
0.0
0.0
0.0
0.00032027172504043005
0.0006036060076754137
0.0007347592559882698
0.0006052432095730031
0.0005294182561291902
0.0003981882196793863
0.00021932364869827134
0.0001305350423228572
9.035249799204758e-06
0.0
0.0
0.0
0.0
0.0
0.0
0.0
0.0
0.0
0.0
0.0
0.0
0.0
0.0
0.0
0.00023065639751976015
0.0006359077613948648
0.0007659528486619081
0.00044448136667016606
0.0003200621312133775
0.0002222294439715481
5.7050315650267e-05
0.0
0.0
0.0
0.0
0.0
0.0
0.0
0.0
0.0
0.0
0.0
0.0
0.0
0.0
0.0
3.6684411093326e-05
0.0001887546991987252
0.00042238380300646804
0.0006055663535888844
0.0006664974637281142
0.0005862018199861488
0.0005553388820123593
0.0004405406251583067
0.00038550113877897514
0.00015172538178492113
0.0
0.0
0.0
0.0
0.0
0.0
0.0
0.0
0.0
0.0
0.0
0.0
0.0
0.0
0.0
0.0001889577133978904
0.00045877333200585683
0.0006913930485413547
0.0007435601367741045
0.0005916090063186876
0.000560012390005743
0.0004416499317359222
0.0004571871753167662
0.0002999970660164011
0.00012178102188885514
0.0
0.0
0.0
0.0
0.0
0.0
0.0
0.0
0.0
0.0
0.0
0.0
0.0
0.00018620029072843595
0.0004616488413138356
0.0007404008381073679
0.0011011655199708007
0.0011545434765522788
0.0006944698012982145
0.0005323830837259424
0.0004797576704152555
0.0005442880575535747
0.00035412664494977324
0.00013024159001475308
0.0
0.0
0.0
0.0
0.0
0.0
0.0
0.0
0.0
0.0
0.0
0.0
0.0002022498776360619
0.0005158203762976856
0.0007293025524852275
0.0012212971127009355
0.0015741612299631955
0.0015541576274377444
0.0012474245188907579
0.0009469588708072058
0.0005951940070149849
0.0005823520740365892
0.00043208999651560894
0.00019323397677223827
0.0
0.0
0.0
0.0
0.0
0.0
0.0
0.0
0.0
0.0
0.0
5.103494642652519e-05
0.00021552680933491862
0.00039705134905503926
0.0007354180888149878
0.0012299933080405037
0.0013955791422399523
0.0013039266227002117
0.0009327341517696942
0.0007651555948300451
0.0007651659860806135
0.0007295390786952416
0.0004469730302259005
0.00018003756828572514
0.0
0.0
0.0
0.0
0.0
0.0
0.0
0.0
0.0
0.0
0.0
0.0
6.201900814032029e-06
0.00023770675448130734
0.0006203031692873864
0.0009778707189793422
0.0010182360735899935
0.0009315089177523259
0.0006256601662120276
0.0005067068329155108
0.00045546777636569697
0.0005029533784713721
0.0004415932231634339
0.00022992390250334356
5.337853040819247e-05
0.0
0.0
0.0
0.0
0.0
0.0
0.0
0.0
0.0
0.0
1.1482578269556091e-05
0.00019983981886808626
0.0005598474015349826
0.0009473739759642092
0.001327496199093443
0.0015125522272044932
0.0015016556884149838
0.0010677758588793337
0.000900851099227089
0.000709054554155975
0.0006602451287785166
0.0004721225218043006
0.00017205314105806993
0.0
0.0
0.0
0.0
0.0
0.0
0.0
0.0
0.0
0.0
0.0
0.0
2.3605949166338793e-05
0.00023885656709387204
0.0004921957073219485
0.0007821135767219517
0.001017003459067362
0.0010069771977313177
0.0006282270098904588
0.0004956998668324717
0.00041843505563156965
0.0004994718536170602
0.00034876684080510124
7.917842833995707e-05
0.0
0.0
0.0
0.0
0.0
0.0
0.0
0.0
0.0
0.0
0.0
0.0
0.0
6.982273425430288e-05
0.00028655818287799364
0.0005129231861032891
0.0006670109869680752
0.0006494594831076452
0.0005186440579584005
0.0004694332532371177
0.00042569376904181763
0.0004920518850587994
0.0002803102103886416
2.0927388652489564e-05
0.0
0.0
0.0
0.0
0.0
0.0
0.0
0.0
0.0
0.0
0.0
0.0
1.4285296796305231e-05
0.00014331318529274943
0.00038105095126841334
0.0007985988521244471
0.001210966480142936
0.00121132770644536
0.0008007455194226728
0.0005573860263127624
0.00047881382936726163
0.0005452099710268147
0.0004448591511979786
0.00019538316512995686
0.0
0.0
0.0
0.0
0.0
0.0
0.0
0.0
0.0
0.0
0.0
0.0
3.7524474338765025e-05
0.00033621791742541665
0.000567935782770085
0.0008798317443123972
0.0010989988317070842
0.0010808717933531063
0.0006926861741142241
0.0005301376568787583
0.0004663465415572274
0.0005237092106713127
0.0003364296722818806
2.4354025990271046e-05
0.0
0.0
0.0
0.0
0.0
0.0
0.0
0.0
0.0
0.0
0.0
0.0
0.0
0.0
0.0
0.00041045510118576495
0.0007467979884174965
0.0008771696752602184
0.0007263891991460349
0.0006189081910917044
0.0005337865840309012
0.00048458784976041376
0.00016534964869585028
0.0
0.0
0.0
0.0
0.0
0.0
0.0
0.0
0.0
0.0
0.0
0.0
0.0
0.0
0.0
0.00010264277333462759
0.0004906184084360747
0.0009498384458540415
0.0010853289977807593
0.000811271172891249
0.0007345888967199605
0.0006342242099290783
0.0006140053880431966
0.00045753826666135544
0.000248244315903544
7.307225200489565e-05
6.273541856158183e-06
0.0
0.0
0.0
0.0
0.0
0.0
0.0
0.0
0.0
0.0
0.0
6.33240949044848e-05
0.0001907655696393641
0.0003594560283838594
0.000521245057729098
0.0005668198716113245
0.00043257905637061374
0.00037563780971026114
0.00029752048113842143
0.00019749126062692778
0.00020854223751426516
4.2977340278818684e-05
0.0
0.0
0.0
0.0
0.0
0.0
0.0
0.0
0.0
0.0
0.0
0.0
0.0
0.0
0.0
0.00018817888199797796
0.00039429048403531936
0.0005927545616728347
0.0005117669464141855
0.0004136873016852177
0.00031201109879356285
0.0002390523774255839
0.00010988885156171005
0.0
0.0
0.0
0.0
0.0
0.0
0.0
0.0
0.0
0.0
0.0
0.0
0.0
0.0
0.0
0.0002468921200933629
0.000587614661925949
0.0008237873112039619
0.0009014661909363633
0.0006603877698397688
0.0005700268721147389
0.000545611890265507
0.0005704417392043488
0.0003342826081662548
0.0001209731119698905
0.0
0.0
0.0
0.0
0.0
0.0
0.0
0.0
0.0
0.0
0.0
0.0
0.0
0.00028059746175519
0.0005450038620053323
0.0010096398750271574
0.0012715744475179011
0.0012329794439026609
0.0010261884800452075
0.0008020551685656612
0.000707984898009043
0.0008422022164923284
0.0006641472979820099
0.00041524288799981503
0.00024935221325544097
0.00014108270383541443
1.3270868464005204e-05
0.0
0.0
0.0
0.0
0.0
0.0
0.0
0.0
0.0
0.00028694792726956627
0.0006308553826352768
0.0009840231966431728
0.0013303805582331265
0.0015553364581749188
0.0016208873747558957
0.001330044433373295
0.0011043289922775118
0.0009875015386918641
0.0011677675730963472
0.0010257656012231454
0.0006374582928318533
0.0003384303867348002
0.00028137893150659293
0.0002037177484744595
0.0001240194437639698
0.0
0.0
0.0
0.0
0.0
0.0
0.0
0.0
0.0002561787964632419
0.0006394451535251238
0.0011968852043106226
0.0016026263662838566
0.0018069910672871316
0.0017277463294804148
0.0013197661851082616
0.0010701116492405306
0.000904425180141902
0.0010631431809562531
0.0008237432163522986
0.0005190381484130259
0.00032051361028093286
0.00027407568613386466
0.00020249144735604946
6.50075273147632e-05
0.0
0.0
0.0
0.0
0.0
0.0
0.0
0.0
0.00026795381193475286
0.0006081079817957896
0.0012319118494926425
0.0019374432546688761
0.0020065192108528855
0.0018572496799502793
0.001623333167250825
0.001431736625294192
0.0011424657856430654
0.0010350208786968846
0.0006769826252090921
0.00031754884008111607
0.00016279086030188857
0.00010829413104206541
1.8893594559416417e-05
0.0
0.0
0.0
0.0
0.0
0.0
0.0
0.0
0.0
0.00012508463937959915
0.00038058565936145987
0.0008514756286113972
0.0013658641617011107
0.0013612147378783844
0.0011746926210073007
0.0008913194125995814
0.0007953884694658802
0.0007317838321435395
0.0006577988916736828
0.00036029305251123297
0.0001782835986765357
5.2384086943312235e-05
0.0
0.0
0.0
0.0
0.0
0.0
0.0
0.0
0.0
0.0
0.0
0.0
0.00012985080614883712
0.0004321036182733848
0.0007153965018186758
0.0010684131559473484
0.0010974441078565446
0.0007087595824159627
0.0005421579486126158
0.0005258771171691689
0.0006032573765924518
0.00040059725205479114
0.0002110966948356328
1.2514775454163897e-05
0.0
0.0
0.0
0.0
0.0
0.0
0.0
0.0
0.0
0.0
0.0
0.0
7.58101959954943e-05
0.00038570057406897334
0.0006254035762654533
0.0008658986817253985
0.0009374414520051836
0.0006787677248179283
0.0005592521418146758
0.00039435053326630423
0.00043465321742378277
0.0003068467410306052
6.0822673238219074e-05
0.0
0.0
0.0
0.0
0.0
0.0
0.0
0.0
0.0
0.0
0.0
0.0
0.0
0.0
9.269705518591479e-06
0.0005397141751920533
0.0010933312897463312
0.0010888034611815454
0.0006844087936502135
0.0004929737124159082
0.000276173556365264
0.0002541253857007079
6.774062403765748e-05
0.0
0.0
0.0
0.0
0.0
0.0
0.0
0.0
0.0
0.0
0.0
0.0
0.0
0.0
0.0
0.00014364204599788842
0.0003542682976779025
0.0004733385929162037
0.00044980914407136916
0.00036720735324583074
0.0003363168074277736
0.00030151195735293057
0.00034457111938007284
0.00021174131099149505
5.968003235520718e-05
0.0
0.0
0.0
0.0
0.0
0.0
0.0
0.0
0.0
0.0
0.0
0.0
0.0
0.0
2.8557572320472953e-05
0.0002626168901044079
0.0004495487055870938
0.0004361592746443821
0.00023228251225038268
0.0001100792372330751
0.00010400647862077177
0.0002456879940725813
0.000177717691963776
4.532796380701919e-05
0.0
0.0
0.0
0.0
0.0
0.0
0.0
0.0
0.0
0.0
0.0
0.0
0.0
2.6708611900739102e-05
0.00032325524899007063
0.0007197051108894563
0.001003727146615864
0.0010870358251013376
0.0007688653707148663
0.0006419906173349105
0.0005585259331917371
0.0004618800234461637
0.0003105972159132865
0.0001641693908554602
8.369527903498722e-06
0.0
0.0
0.0
0.0
0.0
0.0
0.0
0.0
0.0
0.0
0.0
0.0
5.933990282225997e-05
0.0001952699306600502
0.0003238088647199737
0.0003969812945711435
0.00034137260239501993
0.00017959679217506566
5.7441745829397476e-05
0.0
0.0
0.0
0.0
0.0
0.0
0.0
0.0
0.0
0.0
0.0
0.0
0.0
0.0
0.0
0.0
0.0
0.0
0.0
3.661529860830211e-05
0.0003782773939745383
0.0005030398763922683
0.00033358418531119927
0.00021035430390275002
8.306024793021987e-05
9.718353922329187e-05
0.0
0.0
0.0
0.0
0.0
0.0
0.0
0.0
0.0
0.0
0.0
0.0
0.0
0.0
0.0
0.0
0.0
0.0
0.00011906941348071812
0.00010693207261985277
0.0
0.0
0.0
4.7598754368922656e-05
0.0
0.0
0.0
0.0
0.0
0.0
0.0
0.0
0.0
0.0
0.0
0.0
0.0
0.0
0.0
0.0
0.0
0.00024487757357498775
0.00047408250543207707
0.0005140943478616939
0.00036391407170376
0.00021594879419182576
0.0001621866036530165
0.00016556663833352698
6.562662142062067e-06
0.0
0.0
0.0
0.0
0.0
0.0
0.0
0.0
0.0
0.0
0.0
0.0
0.0
0.0
0.0
0.0
0.0003341658138047554
0.0005911435387981527
0.000617970824303654
0.00045407442822413736
0.0003760424560604668
0.0003216806315084537
0.0003306385722644073
0.00010794238849978286
0.0
0.0
0.0
0.0
0.0
0.0
0.0
0.0
0.0
0.0
0.0
0.0
0.0
0.0
0.00021621489341896335
0.00048537006566289574
0.0007716737140581868
0.0010842360377364593
0.0011873368264019265
0.000973419669101082
0.000987366169888374
0.0009677401280280353
0.0010830199259867239
0.0006748424337996435
0.0003497680123598078
0.00021127286470303054
0.00011673645410022752
0.0
0.0
0.0
0.0
0.0
0.0
0.0
0.0
0.0
0.0
0.00011371433102076129
0.0006307903769699889
0.001431518890993509
0.0022412582022320383
0.0022258146585107637
0.0021182189376121514
0.0021984212830671746
0.0021010697334808326
0.001861502851483448
0.001783889078539827
0.0011513738802924705
0.0005588324070140814
0.00017494710099597347
7.579618266132971e-05
1.9927986783253966e-05
0.0
0.0
0.0
0.0
0.0
0.0
0.0
0.0
5.1189238661027445e-05
0.000596713393447861
0.0013981471268669375
0.0023899971061700554
0.00329379934600034
0.0031066852266586104
0.0027576772230298433
0.0024011695475784967
0.00221302371115332
0.0018931100432074536
0.0015743361798531894
0.0010682357046538677
0.0005929006261888085
0.00038325442141562405
0.00032359957773799394
0.00019192703844165637
9.88738491289149e-05
0.0
0.0
0.0
0.0
0.0
0.0
0.0
0.00011110407057899917
0.00046591926284802906
0.0011165355920727568
0.001526737562928901
0.0018881578081638083
0.0024150333662830226
0.0025050993714373928
0.002023564127323537
0.0018036709096305285
0.0016203229218120774
0.0014632564796575628
0.0009199789306172654
0.0005752621463279042
0.00037723794841274167
0.000298606183243248
0.00014981366931986824
0.0
0.0
0.0
0.0
0.0
0.0
0.0
0.0
0.0
0.0
0.0
0.00011076968210246657
0.0005299168536226627
0.000695250617682965
0.0007291189556469189
0.000526359749101653
0.00040184786239763317
0.00038233943572925805
0.00018167549230150974
0.0
0.0
0.0
0.0
0.0
0.0
0.0
0.0
0.0
0.0
0.0
0.0
0.0
0.0
0.0
0.0
0.00019941754024223318
0.0005866468863180482
0.0007547407645130984
0.0007298232717166009
0.0004943114226713568
0.0003184589245252608
0.00014389864044263198
3.9721217252561815e-05
0.0
0.0
0.0
0.0
0.0
0.0
0.0
0.0
0.0
0.0
0.0
0.0
0.0
0.0
0.0
0.0
4.931917228825723e-06
0.00033371320180349196
0.0006563984432760943
0.0006660495812994053
0.0003968721088165384
8.008475816886261e-05
0.0
6.461039954564617e-06
0.0
0.0
0.0
0.0
0.0
0.0
0.0
0.0
0.0
0.0
0.0
0.0
0.0
0.0
0.0
0.0
0.0
2.21044549689028e-05
0.0002466704739408685
0.00036860576540636463
0.0002705302759877764
0.0001417248582710556
4.075661282253912e-05
0.00013559611966752603
1.3489898168761798e-05
0.0
0.0
0.0
0.0
0.0
0.0
0.0
0.0
0.0
0.0
0.0
0.0
0.0
0.0
0.0
0.0
0.0
0.0001264939603442469
0.000167896406478916
9.952930929491646e-05
4.21044888309169e-05
0.0
0.0
0.0
0.0
0.0
0.0
0.0
0.0
0.0
0.0
0.0
0.0
0.0
0.0
0.0
0.0
0.0
0.0
0.0001321166449131088
0.0005399253595450554
0.000843369268418352
0.0009909280110904316
0.0007456563773515905
0.0005175296556510076
0.00034191933669168955
0.00018186726679213328
3.018502185384149e-05
0.0
0.0
0.0
0.0
0.0
0.0
0.0
0.0
0.0
0.0
0.0
0.0
0.0
0.0
0.0
0.0
0.0
0.0003081541281887689
0.0003411812224202465
9.487046862335933e-05
0.0
0.0
5.694387746595972e-06
0.0
0.0
0.0
0.0
0.0
0.0
0.0
0.0
0.0
0.0
0.0
0.0
0.0
0.0
0.0
0.0
0.00016009275797596042
0.00036534080466693803
0.0005273254583576535
0.0005129950060385977
0.0003042985321310066
0.00018726767764537983
0.00011317748212430171
7.102729619992095e-05
0.0
0.0
0.0
0.0
0.0
0.0
0.0
0.0
0.0
0.0
0.0
0.0
0.0
0.0
0.0
5.8575481048375796e-05
0.00027731760457064416
0.00039943656079623364
0.0005896311627462227
0.0007150597573835738
0.0005352379085789857
0.0004252191612380095
0.00034848953203482587
0.00036269219109034625
0.00015361716100697605
7.152077183703048e-05
0.0
0.0
0.0
0.0
0.0
0.0
0.0
0.0
0.0
0.0
0.0
0.0
0.0
4.314453225996641e-05
0.0004823393742424338
0.001092190998108605
0.0015008550651696866
0.0015393450906893112
0.001289631198454891
0.0010619066198083553
0.000819656395767921
0.0007337791967550733
0.000437332915622737
0.00021029903364821822
0.0
0.0
0.0
0.0
0.0
0.0
0.0
0.0
0.0
0.0
0.0
0.0
0.0
0.0
2.7535147570647708e-05
0.0003790260583283807
0.0006716854002651012
0.0006836325966246745
0.0005278086502417596
0.0003975962782556232
0.00028723873033338534
0.00022299180895440557
2.4414511457446182e-05
0.0
0.0
0.0
0.0
0.0
0.0
0.0
0.0
0.0
0.0
0.0
0.0
0.0
0.0
0.00010559522303565687
0.00032046313496540083
0.0005718708534778244
0.0007606671923515293
0.0008591940386536985
0.0006664894652400153
0.0005960517428540326
0.00033544302286378746
9.126214566131681e-05
0.0
0.0
0.0
0.0
0.0
0.0
0.0
0.0
0.0
0.0
0.0
0.0
0.0
0.0
0.0
0.0
0.000230159920273277
0.000956136178401534
0.0009695396455442594
0.0006344952932748756
0.00038216949865655986
0.00015855664502712418
0.0
0.0
0.0
0.0
0.0
0.0
0.0
0.0
0.0
0.0
0.0
0.0
0.0
0.0
0.0
0.0
0.0
0.0
0.00025155511558555695
0.0004949935474810953
0.000510650870535566
0.00046902823702368537
0.00029349307320633615
0.0001957304628116474
2.1933543790308764e-05
0.0
0.0
0.0
0.0
0.0
0.0
0.0
0.0
0.0
0.0
0.0
0.0
0.0
0.0
0.0
0.0
0.0
0.0
0.00036092491866344196
0.0007083402348713715
0.000678802948229301
0.00038421918854279524
0.00013016140493460609
2.978273925237051e-05
9.39450560124478e-06
0.0
0.0
0.0
0.0
0.0
0.0
0.0
0.0
0.0
0.0
0.0
0.0
0.0
0.0
0.0
0.0
6.37083513550532e-05
0.00038177014362556454
0.0005856655141031168
0.0005782050595948955
0.000361052434380578
0.00020558738197284566
5.445191269766665e-05
0.0
0.0
0.0
0.0
0.0
0.0
0.0
0.0
0.0
0.0
0.0
0.0
0.0
0.0
0.0
0.0
0.0
1.3505268751354218e-05
0.00017503860097200624
0.00033692417378564186
0.00034018087377444097
0.00016498172295684253
4.654726816937295e-06
0.0
0.0
0.0
0.0
0.0
0.0
0.0
0.0
0.0
0.0
0.0
0.0
0.0
0.0
0.0
0.0
0.0
0.0
0.0
9.956814712581977e-05
0.000168501382143329
0.0002961600916237787
0.00029126975484201407
7.094183358866932e-05
0.0
0.0
0.0
0.0
0.0
0.0
0.0
0.0
0.0
0.0
0.0
0.0
0.0
0.0
0.0
0.0
0.0
0.0
0.0
6.414446507035237e-05
0.00012115249375497498
5.7565426860439474e-05
0.0
4.706290245795723e-05
1.5203044787018375e-05
0.0
0.0
0.0
0.0
0.0
0.0
0.0
0.0
0.0
0.0
0.0
0.0
0.0
0.0
0.0
0.0
0.0
0.0
4.2058446751002514e-05
0.00026672383743263665
0.00031284925932918733
0.00023877327412236759
0.000161962438225787
4.115289435829341e-05
0.0
0.0
0.0
0.0
0.0
0.0
0.0
0.0
0.0
0.0
0.0
0.0
0.0
0.0
0.0
0.0
0.0
6.554360921139793e-05
0.0003519236486961491
0.0005266655291029715
0.0005317989154467756
0.0003966160235705017
0.00026762888536760904
0.00014700685788113457
5.9134950376008454e-05
0.0
0.0
0.0
0.0
0.0
0.0
0.0
0.0
0.0
0.0
0.0
0.0
0.0
0.0
0.0
2.3182478103160328e-06
0.00023064103016348005
0.0003917886222196373
0.0004403031739718982
0.0005736645787024171
0.0005077508840942522
0.0002289982679386463
0.0
0.0
0.0
0.0
0.0
0.0
0.0
0.0
0.0
0.0
0.0
0.0
0.0
0.0
0.0
0.0
0.0
0.00019833038895510682
0.0004195503869312664
0.0004427490512295097
0.00048673788539354917
0.00038736430488215545
0.00020964320654153173
3.612643582819661e-05
0.0
0.0
0.0
0.0
0.0
0.0
0.0
0.0
0.0
0.0
0.0
0.0
0.0
0.0
0.0
0.0
0.00017792667019316856
0.0005243547599462986
0.0011080927442713997
0.0020149784525414975
0.0018981745323604208
0.0015772956998929108
0.0010659011567903706
0.0008374315623710434
0.0003870750104924833
4.301948446281628e-05
0.0
0.0
0.0
0.0
0.0
0.0
0.0
0.0
0.0
0.0
0.0
0.0
0.0
0.0
0.0
0.0
0.0
0.0
0.0
9.142911787029903e-05
0.00030681972488459105
0.0002370240771812231
4.510380260971928e-05
4.830233437930456e-05
3.9630723713646765e-06
0.0
0.0
0.0
0.0
0.0
0.0
0.0
0.0
0.0
0.0
0.0
0.0
0.0
0.0
0.0
0.0
2.2154392347744864e-05
0.00024345428525513604
0.00030210782500936055
0.00014072918065624173
0.00012490330662561926
0.00010749186136130058
6.116742968403634e-05
8.281000634335118e-05
0.0
0.0
0.0
0.0
0.0
0.0
0.0
0.0
0.0
0.0
0.0
0.0
0.0
0.0
0.0
0.0
0.0
0.0
0.00016510648822942712
0.00045057848662647824
0.0003060624403252547
0.00010698977842541414
1.4871288698106857e-05
0.0
0.0
0.0
0.0
0.0
0.0
0.0
0.0
0.0
0.0
0.0
0.0
0.0
0.0
0.0
0.0
0.0
6.296508132793141e-05
0.00039678657640754105
0.0004780567949736478
0.00034748370423935134
0.00015076406288592415
9.008844597033885e-06
0.0
0.0
0.0
0.0
0.0
0.0
0.0
0.0
0.0
0.0
0.0
0.0
0.0
0.0
0.0
0.0
0.0
5.062758280733897e-06
0.0002643271014722724
0.0005550602597167268
0.0005645235346564976
0.00015899108380239784
0.0
0.0
0.0
0.0
0.0
0.0
0.0
0.0
0.0
0.0
0.0
0.0
0.0
0.0
0.0
0.0
0.0
0.0
0.0
0.0
4.418385985133519e-05
0.00017522335234099125
0.00020177587417593779
4.4882357489714495e-05
0.0
0.0
0.0
0.0
0.0
0.0
0.0
0.0
0.0
0.0
0.0
0.0
0.0
0.0
0.0
0.0
0.0
0.0
0.0
3.779638089656379e-06
0.0002936376171880152
0.00045863929819000453
0.0003331230738168261
0.00011436721931082911
1.0999386942596277e-05
0.0
0.0
0.0
0.0
0.0
0.0
0.0
0.0
0.0
0.0
0.0
0.0
0.0
0.0
0.0
0.0
0.0
0.0
0.0
6.736588306062377e-05
0.00023670734127909617
0.00028224225828896453
0.00014584449099357946
5.2436789843121806e-05
0.0
0.0
0.0
0.0
0.0
0.0
0.0
0.0
0.0
0.0
0.0
0.0
0.0
0.0
0.0
0.0
0.0
0.0
0.0
0.00032128351790216403
0.0006478375799649327
0.0006389497946408974
0.00029997555481804064
5.166176221568977e-05
0.0
0.0
0.0
0.0
0.0
0.0
0.0
0.0
0.0
0.0
0.0
0.0
0.0
0.0
0.0
0.0
0.0
0.0
0.00016691407018281897
0.0006369454461338766
0.0011092464783153961
0.001286019072481167
0.0012360241073897475
0.0012465655876163992
0.0008931704251190971
0.0004933102678118231
0.00016942312244766603
5.549924247038835e-05
0.0
0.0
0.0
0.0
0.0
0.0
0.0
0.0
0.0
0.0
0.0
0.0
0.0
2.7307266430053114e-05
0.00035747568328882635
0.0008524278875863636
0.0013832787862079247
0.0016093955417252571
0.001167645169277518
0.000580387109055122
0.00021508400166022395
0.00010503861417376403
0.0
0.0
0.0
0.0
0.0
0.0
0.0
0.0
0.0
0.0
0.0
0.0
0.0
0.0
0.0
6.915601943745666e-05
0.0005133222131888051
0.0008127692474664141
0.00073134406719808
0.000637616061358779
0.0005100909807404121
0.00038755032956449295
0.00032379607311693156
0.00014580793808682547
0.0
0.0
0.0
0.0
0.0
0.0
0.0
0.0
0.0
0.0
0.0
0.0
0.0
0.0
0.0
0.0
0.0
4.0424358455349345e-05
0.00028152328292189907
0.0002931826190325945
2.057178029843068e-05
0.0
0.0
0.0
0.0
0.0
0.0
0.0
0.0
0.0
0.0
0.0
0.0
0.0
0.0
0.0
0.0
0.0
0.0
0.0
0.0
7.890745249775848e-05
0.0002860751883911888
0.0003113925751422985
0.00018193024385330123
2.106316826149193e-05
0.0
0.0
0.0
0.0
0.0
0.0
0.0
0.0
0.0
0.0
0.0
0.0
0.0
0.0
0.0
0.0
0.0
0.0
0.0
0.0
0.0
0.0
0.0
0.0
0.0
0.0
0.0
0.0
0.0
0.0
0.0
0.0
0.0
0.0
0.0
0.0
0.0
0.0
0.0
0.0
0.0
0.0
0.0
0.0
0.00010323320308902467
0.00012186320093203193
5.3198643332110716e-05
1.5094148939045362e-05
0.0
0.0
0.0
0.0
0.0
0.0
0.0
0.0
0.0
0.0
0.0
0.0
0.0
0.0
0.0
0.0
0.0
0.0
0.0
0.0
0.00010951740999336409
0.00016920804266176327
0.00011219862693209844
4.495217422117281e-05
0.0
0.0
0.0
0.0
0.0
0.0
0.0
0.0
0.0
0.0
0.0
0.0
0.0
0.0
0.0
0.0
0.0
0.0
0.0
0.0
0.0003679500802477746
0.0005725012679636043
0.0004441936292219046
0.0001302957816159646
0.0
0.0
0.0
0.0
0.0
0.0
0.0
0.0
0.0
0.0
0.0
0.0
0.0
0.0
0.0
0.0
0.0
0.0
0.0
9.077874210825331e-05
0.0004255016368806675
0.000568570110513555
0.00044421227272778326
0.00016965834193502816
4.355897994514846e-06
0.0
0.0
0.0
0.0
0.0
0.0
0.0
0.0
0.0
0.0
0.0
0.0
0.0
0.0
0.0
0.0
7.862924769735495e-05
0.00042878898095091874
0.0007719641112049734
0.0011351040114030415
0.0014510094698737882
0.0012399683025268525
0.0006981257025758746
0.00021263462145200047
2.4435109208580698e-05
2.8570848157491918e-05
0.0
0.0
0.0
0.0
0.0
0.0
0.0
0.0
0.0
0.0
0.0
0.0
0.0
0.0
3.1492262353417484e-06
0.0001788299158752597
0.0005749493101744079
0.0008878641900104582
0.001012941278893499
0.0010276039940817405
0.0005955298316310606
0.0003262331392046471
5.1848560638616975e-05
0.0
0.0
0.0
0.0
0.0
0.0
0.0
0.0
0.0
0.0
0.0
0.0
0.0
0.0
0.0
0.0
0.00015039779511341893
0.0005851700689774727
0.0006441712212311278
0.0007345255512152952
0.0007257461221865919
0.0006206928300073719
0.00043921476559400453
8.537651359890335e-05
0.0
0.0
0.0
0.0
0.0
0.0
0.0
0.0
0.0
0.0
0.0
0.0
0.0
0.0
0.0
0.0
0.0
0.0
0.0
0.00010747761536416922
0.00014921875627107716
0.00013588659032972973
0.0
0.0
0.0
0.0
0.0
0.0
0.0
0.0
0.0
0.0
0.0
0.0
0.0
0.0
0.0
0.0
0.0
0.0
0.0
0.0
0.0
2.733122938909371e-05
5.197513511156639e-05
0.0
0.0
0.0
0.0
0.0
0.0
0.0
0.0
0.0
0.0
0.0
0.0
0.0
0.0
0.0
0.0
0.0
0.0
0.0
0.0
1.4115388064653799e-05
0.00030059509807069595
0.000616579863273519
0.000560298187672127
0.00019339771239134304
0.0
0.0
0.0
0.0
0.0
0.0
0.0
0.0
0.0
0.0
0.0
0.0
0.0
0.0
0.0
0.0
0.0
0.0
0.0
0.0
0.0
8.336491810386868e-05
0.00015987003847258295
5.142932470834515e-06
0.0
0.0
0.0
0.0
0.0
0.0
0.0
0.0
0.0
0.0
0.0
0.0
0.0
0.0
0.0
0.0
0.0
0.0
0.0
0.0
0.0
0.0
0.0
0.0
0.0
0.0
0.0
0.0
0.0
0.0
0.0
0.0
0.0
0.0
0.0
0.0
0.0
0.0
0.0
0.0
0.0
0.0
0.0
0.0
7.080195914518307e-05
0.00021946443278397117
0.00021176878147965793
0.0
0.0
0.0
0.0
0.0
0.0
0.0
0.0
0.0
0.0
0.0
0.0
0.0
0.0
0.0
0.0
0.0
0.0
0.0
0.0
0.0
2.57918847220693e-05
0.00023002667602146473
0.00011457105382094387
0.0
0.0
0.0
0.0
0.0
0.0
0.0
0.0
0.0
0.0
0.0
0.0
0.0
0.0
0.0
0.0
0.0
0.0
0.0
0.0
0.0
0.0
0.0
0.0
0.0
0.0
0.0
0.0
0.0
0.0
0.0
0.0
0.0
0.0
0.0
0.0
0.0
0.0
0.0
0.0
0.0
0.0
0.0
0.0
0.0
3.956235671236857e-06
5.993036878452507e-05
9.428000767825396e-05
0.0
0.0
0.0
0.0
0.0
0.0
0.0
0.0
0.0
0.0
0.0
0.0
0.0
0.0
0.0
0.0
0.0
0.0
0.0
0.00026271507829852593
0.0007365865295868619
0.0012704209383308162
0.0016244204465951783
0.0015930462303400759
0.0011076337494933663
0.0006009152546396265
0.00014985627727590197
1.813255289323788e-05
0.0
0.0
0.0
0.0
0.0
0.0
0.0
0.0
0.0
0.0
0.0
0.0
0.0
0.0
2.088899939267149e-05
0.0001954680090357797
0.00031858398573561753
0.0004766230397555647
0.0006203101981280396
0.0006295324495587261
0.0004217051148908093
0.00017954918476930214
0.0
0.0
0.0
0.0
0.0
0.0
0.0
0.0
0.0
0.0
0.0
0.0
0.0
0.0
0.0
0.0
0.0
0.0
0.0
0.0
8.93288037285719e-05
6.709658115170657e-05
0.0
0.0
0.0
0.0
0.0
0.0
0.0
0.0
0.0
0.0
0.0
0.0
0.0
0.0
0.0
0.0
0.0
0.0
0.0
0.0
0.0
2.8886419964930993e-05
0.000239265311960227
6.445445743168039e-05
0.0
0.0
0.0
0.0
0.0
0.0
0.0
0.0
0.0
0.0
0.0
0.0
0.0
0.0
0.0
0.0
0.0
0.0
0.0
0.0
0.0
0.0
3.4038991493131976e-05
7.367538228033026e-05
0.0
0.0
0.0
0.0
0.0
0.0
0.0
0.0
0.0
0.0
0.0
0.0
0.0
0.0
0.0
0.0
0.0
0.0
0.0
0.0
0.0
0.0
7.413847993639142e-05
0.00015496046604614842
4.938053867842616e-05
0.0
0.0
0.0
0.0
0.0
0.0
0.0
0.0
0.0
0.0
0.0
0.0
0.0
0.0
0.0
0.0
0.0
0.0
3.52949924567047e-05
0.0002661304810866862
0.0005634073293249402
0.0007861864462498087
0.0008504868976147703
0.0006864901836119743
0.00047972999116730164
0.00014934513539055464
5.100404011224155e-06
0.0
0.0
0.0
0.0
0.0
0.0
0.0
0.0
0.0
0.0
0.0
0.0
0.0
0.0
0.0
0.0
0.0
0.00011398355821096047
0.0002472282151172314
0.00018331785921229778
0.0
0.0
0.0
0.0
0.0
0.0
0.0
0.0
0.0
0.0
0.0
0.0
0.0
0.0
0.0
0.0
0.0
0.0
0.0
0.0
0.0
0.00019147057605273357
0.0004817904804895267
0.00035537021244459586
0.00011491620362138796
0.0
0.0
0.0
0.0
0.0
0.0
0.0
0.0
0.0
0.0
0.0
0.0
0.0
0.0
0.0
0.0
0.0
0.0
0.0
3.196680278141766e-05
0.0003043187461709971
0.00037918141799788134
0.0002419165808733478
1.662324459433075e-05
0.0
0.0
0.0
0.0
0.0
0.0
0.0
0.0
0.0
0.0
0.0
0.0
0.0
0.0
0.0
0.0
0.0
0.0
0.0
0.0
0.0
0.0
0.0
0.0
0.0
0.0
0.0
0.0
0.0
0.0
0.0
0.0
0.0
0.0
0.0
0.0
0.0
0.0
0.0
0.0
0.0
0.0
0.0
0.0
0.0
0.0
0.0
0.0
0.0
0.0
0.0
0.0
0.0
0.0
0.0
0.0
0.0
0.0
0.0
0.0
0.0
0.0
0.0
0.0
0.0
0.0
0.0
0.0
0.0
0.0
0.0
0.0
0.0
0.0
0.0
0.0
0.0
0.0
0.0
0.0
0.0
0.0
0.0
0.0
0.0
0.0
0.0
0.0
0.0
0.0
0.0
0.0
0.0
0.0
0.0
0.0
0.0
0.0
0.0
0.0
0.0
0.0
0.0
0.0
0.0
0.0
0.0
0.0
0.0
0.0
0.0
0.0
0.0
0.0
0.0
0.00011575869309822077
0.00045712943470321187
0.00042316512474970425
0.00011153499455230139
0.0
0.0
0.0
0.0
0.0
0.0
0.0
0.0
0.0
0.0
0.0
0.0
0.0
0.0
0.0
0.0
0.0
0.0
0.0
0.0
0.0
7.058752089548005e-05
0.0001432301366950362
6.956200411312303e-05
0.0
0.0
0.0
0.0
0.0
0.0
0.0
0.0
0.0
0.0
0.0
0.0
0.0
0.0
0.0
0.0
0.0
0.0
0.0
0.0
0.0
0.0
0.0
0.0
0.0
0.0
0.0
0.0
0.0
0.0
0.0
0.0
0.0
0.0
0.0
0.0
0.0
0.0
0.0
0.0
0.0
0.0
0.0
0.0
5.824616645692739e-06
0.00014980997446285238
0.00017273241716952572
0.00013139509139914278
0.0
0.0
0.0
0.0
0.0
0.0
0.0
0.0
0.0
0.0
0.0
0.0
0.0
0.0
0.0
0.0
0.0
0.0
0.0
0.0
0.0
0.0
0.0
0.0
0.0
0.0
0.0
0.0
0.0
0.0
0.0
0.0
0.0
0.0
0.0
0.0
0.0
0.0
0.0
0.0
0.0
0.0
0.0
0.0
0.0
0.0
0.0
0.0
0.0
0.0
0.0
0.0
0.0
0.0
0.0
0.0
0.0
0.0
0.0
0.0
0.0
0.0
0.0
0.0
0.0
0.0
0.0
0.0
0.0
0.0
0.0
0.0
0.0
0.0
0.0
0.0
0.0
0.0
0.0
0.0
0.0
0.0
0.0
0.0
0.0
0.0
0.0
0.0
0.0
0.0
0.0
0.0
0.0
0.0
0.0
0.0
0.0
0.0
0.0
0.0
0.0
0.0
0.0
0.0
0.0
0.0
0.0
0.0
0.0
0.0
0.0
0.0
0.0
0.0
0.0
0.0
0.0
0.0
0.0
0.0
0.0
0.0
0.0
0.0
0.0
0.0
0.0
0.0
0.0
0.0
0.0
0.0
0.0
0.0
0.0
0.0
0.0
0.0
0.0
0.0
0.0
0.0
0.0
0.0
0.0
0.0
0.0
0.0
0.0
0.0
0.0
0.0
0.0
0.0
0.0
0.0
0.0
0.0
0.0
0.0
0.0
0.0
0.0
0.0
0.0
2.2938439100943407e-05
0.00013621384015866098
6.182084006491231e-06
0.0
0.0
0.0
0.0
0.0
0.0
0.0
0.0
0.0
0.0
0.0
0.0
0.0
0.0
0.0
0.0
0.0
0.0
0.0
0.0
0.0
0.00012643054502773482
0.00032399217164174124
0.00010806720040548349
0.0
0.0
0.0
0.0
0.0
0.0
0.0
0.0
0.0
0.0
0.0
0.0
0.0
0.0
0.0
0.0
0.0
0.0
0.0
7.642310302694265e-05
0.0003750126501270614
0.0007094200178239006
0.0008481241890065964
0.0006423195783181285
0.0005333045158700383
0.0004462369551172051
8.900737199370188e-05
0.0
0.0
0.0
0.0
0.0
0.0
0.0
0.0
0.0
0.0
0.0
0.0
0.0
0.0
0.0
0.0
1.255416045995361e-05
0.0004253429132055575
0.0009572942674915422
0.0013866805589010925
0.0013854887598085317
0.0006068029512439808
0.0002492714046599428
2.2028040347718107e-05
0.0
0.0
0.0
0.0
0.0
0.0
0.0
0.0
0.0
0.0
0.0
0.0
0.0
0.0
0.0
8.98935351463448e-06
0.00016693385506384535
0.0006859311118086862
0.0013228700269030547
0.0014085115582648335
0.0011554072842667176
0.0006623657518456357
0.0003794138826089684
0.00010735667212405968
1.0337743731196696e-05
4.448247742240156e-05
8.565860185386125e-05
0.0
0.0
0.0
0.0
0.0
0.0
0.0
0.0
0.0
0.0
0.0
0.0
0.0
0.00015488721725503366
0.0006197693889196881
0.001196380048900714
0.0017429532749022125
0.0015374104871907447
0.0008971330605919215
0.0005306988460505103
7.062128363705636e-05
0.0
0.0
0.0
0.0
0.0
0.0
0.0
0.0
0.0
0.0
0.0
0.0
0.0
0.0
0.0
0.0
0.0001917152518819107
0.0006096305178715586
0.001095823026536788
0.0009824306804857156
0.0007410979347216653
0.0004724520784542085
0.00013098694756293497
0.0
0.0
0.0
0.0
0.0
0.0
0.0
0.0
0.0
0.0
0.0
0.0
0.0
0.0
0.0
0.0
0.0
7.346223611603219e-05
0.00039864445375511267
0.0004979298170282953
0.0005169298733891411
0.0004896912938275687
0.00022763870796551464
5.081133190877836e-05
0.0
0.0
0.0
0.0
0.0
0.0
0.0
0.0
0.0
0.0
0.0
0.0
0.0
0.0
0.0
0.0
0.0
0.0
7.236656626153135e-05
0.000112831823688917
0.0002401363020948958
7.468040816571027e-05
0.0
0.0
0.0
0.0
0.0
0.0
0.0
0.0
0.0
0.0
0.0
0.0
0.0
0.0
0.0
0.0
0.0
0.0
0.0
0.0
0.00010941962287858995
0.0005503619432041532
0.00030587401197641
0.0
0.0
0.0
0.0
0.0
0.0
0.0
0.0
0.0
0.0
0.0
0.0
0.0
0.0
0.0
0.0
0.0
0.0
0.0
0.0
0.0
0.00013491013453878375
0.0007105629662687228
0.0013070657296926664
0.0006451512669047101
9.75244109216616e-05
0.0
0.0
0.0
0.0
0.0
0.0
0.0
0.0
0.0
0.0
0.0
0.0
0.0
0.0
0.0
0.0
0.0
0.0
3.376676235495364e-05
0.0004041496133391625
0.0008574226961620395
0.001227765568660687
0.0013464735098012454
0.0008367271872109821
0.00037571859986056913
4.0564808166416045e-05
0.0
0.0
0.0
0.0
0.0
0.0
0.0
0.0
0.0
0.0
0.0
0.0
0.0
0.0
0.0
0.0
0.0
0.0
0.0
0.0
0.0
0.0
0.0
0.0
0.0
0.0
0.0
0.0
0.0
0.0
0.0
0.0
0.0
0.0
0.0
0.0
0.0
0.0
0.0
0.0
0.0
0.0
0.0
0.0
0.0
0.0
0.0
0.0
0.0
0.0
0.0
0.0
0.0
0.0
0.0
0.0
0.0
0.0
0.0
0.0
0.0
0.0
0.0
0.0
0.0
0.0
0.0
0.0
0.0
0.0
0.0
0.0
0.0
0.0
0.0
0.0
0.0
0.0
0.0
0.0
0.0
0.0
0.0
0.0
0.0
0.0
0.0
0.0
0.0
0.0
0.0
0.00019952980932001405
0.000225995531865991
9.923240379995486e-05
0.0
0.0
0.0
0.0
0.0
0.0
0.0
0.0
0.0
0.0
0.0
0.0
0.0
0.0
0.0
0.0
0.0
0.0
0.0
0.0
1.8698044104162294e-05
0.0001379647227092659
0.00010767608798150242
0.0
0.0
0.0
0.0
0.0
0.0
0.0
0.0
0.0
0.0
0.0
0.0
0.0
0.0
0.0
0.0
0.0
0.0
0.0
0.0
0.0
0.0
0.0
0.0
0.0
0.0
0.0
0.0
0.0
0.0
0.0
0.0
0.0
0.0