0.0
0.0
0.0
0.0
0.0
0.0
0.0
5.119371586551963e-06
1.7729561308314182e-06
0.0
8.288831213042924e-06
0.0
0.0
0.0
0.0
0.0
6.010444375732515e-06
1.7643189014495514e-06
0.0
0.0
0.0
0.0
0.0
0.0
0.0
0.0
0.0
0.0
0.0
0.0
0.0
8.945738417020634e-06
2.0798678662694724e-06
0.0
3.116450432210873e-06
0.0
0.0
0.0
0.0
0.0
6.015678647316581e-06
2.0670464165403385e-06
2.3127976820365808e-06
0.0
0.0
0.0
0.0
0.0
0.0
0.0
0.0
0.0
0.0
0.0
0.0
8.886035863833903e-06
2.069706588828884e-06
0.0
4.8182221699852985e-06
0.0
0.0
0.0
0.0
0.0
5.814773511980036e-06
1.9690393816969257e-06
2.337163834766611e-06
0.0
0.0
0.0
0.0
0.0
0.0
0.0
0.0
0.0
0.0
0.0
0.0
8.873457901211537e-06
1.997004036919011e-06
0.0
4.922505678521311e-06
0.0
0.0
0.0
0.0
0.0
5.76761241309611e-06
3.8021798457211213e-06
2.159832626087878e-06
0.0
0.0
0.0
0.0
0.0
1.1869436870719696e-06
0.0
0.0
0.0
0.0
0.0
5.608597645720342e-06
7.230765966522047e-06
1.5407802206117147e-06
0.0
3.6455227910858064e-06
0.0
0.0
0.0
0.0
0.0
4.5004726287078804e-06
1.408397792180444e-06
1.6212343600346406e-06
0.0
0.0
0.0
0.0
0.0
0.0
0.0
0.0
0.0
0.0
0.0
5.596186138385064e-06
7.162526981369142e-06
1.623439191862986e-06
0.0
3.763454466478097e-06
0.0
0.0
0.0
0.0
0.0
4.57259362149046e-06
1.3916880381716296e-06
1.661852289903118e-06
0.0
0.0
0.0
0.0
0.0
0.0
0.0
0.0
0.0
0.0
1.138082058456494e-06
5.554822200615367e-06
4.534631711560386e-06
1.2776980051349323e-06
2.0812530021621063e-06
3.704447569482733e-06
0.0
0.0
0.0
0.0
0.0
3.965381732014805e-06
0.0
1.5665259162179803e-06
0.0
0.0
0.0
0.0
0.0
0.0
0.0
0.0
0.0
0.0
0.0
3.4742582258500745e-06
4.2800954289770735e-06
0.0
0.0
6.4256555446947185e-06
0.0
0.0
0.0
0.0
0.0
4.44117948472979e-06
1.3377826445802558e-06
0.0
0.0
0.0
0.0
0.0
0.0
0.0
0.0
0.0
0.0
0.0
0.0
5.859386613069466e-06
6.984611657683995e-06
1.5472641349942665e-06
0.0
2.3631503507294607e-06
1.3947252665216083e-06
0.0
0.0
0.0
0.0
4.148734981080937e-06
0.0
8.005582806583181e-07
0.0
0.0
0.0
0.0
0.0
0.0
0.0
0.0
0.0
0.0
0.0
1.9098570208252575e-06
8.527680418171711e-06
1.866740624323878e-06
0.0
2.9403572252374144e-06
0.0
0.0
0.0
0.0
0.0
5.289761946344716e-06
1.6147923481073601e-06
2.1421287170237204e-06
0.0
0.0
0.0
0.0
0.0
0.0
0.0
0.0
0.0
0.0
0.0
0.0
9.268443690622339e-06
1.9266640582014587e-06
0.0
4.862160504114771e-06
8.635795753236101e-07
0.0
0.0
0.0
0.0
4.634664980858723e-06
1.954340627049049e-06
2.273055335311271e-06
0.0
0.0
0.0
0.0
0.0
0.0
0.0
0.0
0.0
0.0
0.0
0.0
6.202839473959759e-06
2.188702172261877e-06
0.0
5.445432435567475e-06
0.0
0.0
0.0
0.0
0.0
6.804695066183823e-06
2.326805340947577e-06
2.635778836116759e-06
0.0
0.0
0.0
0.0
0.0
0.0
0.0
0.0
0.0
0.0
0.0
0.0
6.803748956033432e-06
2.352644705164763e-06
0.0
6.106413130521467e-06
1.0855176265448523e-06
0.0
0.0
0.0
0.0
6.319505026632923e-06
2.185392604536099e-06
2.6180683672046784e-06
0.0
0.0
0.0
0.0
0.0
0.0
0.0
0.0
0.0
0.0
0.0
0.0
5.7612300192943666e-06
3.303671300137594e-06
1.3897923499412799e-06
3.5131918185234294e-06
0.0
0.0
0.0
0.0
0.0
4.625650218233738e-06
0.0
1.833946742861673e-06
0.0
0.0
0.0
0.0
0.0
0.0
0.0
0.0
0.0
0.0
0.0
6.842306569232712e-07
5.1479052885418825e-06
1.604762965986115e-06
0.0
7.515513888130715e-06
0.0
0.0
0.0
0.0
0.0
5.173503812927825e-06
1.594722272293594e-06
0.0
0.0
0.0
0.0
0.0
0.0
0.0
0.0
0.0
0.0
0.0
0.0
2.5879309901355924e-06
5.273640597625127e-06
1.5242477345304913e-06
0.0
7.852549112185388e-06
0.0
0.0
0.0
0.0
0.0
5.2180464815079184e-06
0.0
0.0
0.0
0.0
0.0
0.0
0.0
0.0
0.0
0.0
0.0
0.0
0.0
4.3154464289464565e-06
7.752028969540088e-06
1.6038654500122827e-06
0.0
4.093049049515368e-06
0.0
0.0
0.0
0.0
0.0
5.080135617884763e-06
3.3175791420740584e-06
0.0
0.0
0.0
0.0
0.0
0.0
1.1067534275946276e-06
0.0
0.0
0.0
0.0
8.690771888335287e-06
6.598045979072268e-06
8.166492227043604e-06
7.426690644723247e-07
0.0
2.5872159011628696e-06
0.0
0.0
0.0
0.0
0.0
5.546747391945137e-06
1.7640190486754305e-06
1.909050828170381e-06
0.0
0.0
0.0
0.0
0.0
0.0
0.0
0.0
0.0
0.0
6.819386316691804e-06
7.277296483347648e-06
6.579794334674449e-06
0.0
0.0
4.605513460016408e-06
0.0
0.0
0.0
0.0
0.0
5.053052221529878e-06
1.5436063268767689e-06
1.6906955428828647e-06
0.0
0.0
0.0
0.0
0.0
0.0
0.0
0.0
0.0
0.0
6.257166176517099e-06
5.594717778408577e-06
6.861670148575618e-06
1.5931844648268958e-06
0.0
3.769992251226836e-06
0.0
0.0
0.0
0.0
0.0
4.722179823792307e-06
5.760342550837982e-07
9.939557219405267e-07
0.0
0.0
0.0
0.0
0.0
0.0
0.0
0.0
0.0
0.0
7.681805879046795e-06
7.177345438517198e-06
5.964556068263097e-06
1.570658573301594e-06
2.4868876586442073e-06
4.9297865612832585e-06
0.0
0.0
0.0
0.0
0.0
5.0305242425619505e-06
0.0
1.7547583992246004e-06
0.0
0.0
0.0
0.0
0.0
0.0
0.0
0.0
0.0
0.0
8.308506130565153e-06
6.279632463832785e-06
5.1145022518842335e-06
1.3511333235240431e-06
0.0
6.239194880307727e-06
0.0
0.0
0.0
0.0
0.0
4.522951532540873e-06
0.0
0.0
0.0
0.0
0.0
0.0
0.0
0.0
0.0
0.0
0.0
0.0
0.0
4.401320540122154e-06
6.219683727699572e-06
0.0
0.0
3.8113842065903156e-06
0.0
0.0
0.0
0.0
0.0
3.266276159180647e-06
0.0
6.79649594686525e-07
0.0
0.0
0.0
0.0
0.0
0.0
0.0
0.0
0.0
0.0
0.0
3.033649483133988e-06
7.937132861320933e-06
1.7477230641803137e-06
0.0
3.6038803767796895e-06
0.0
0.0
0.0
0.0
0.0
4.873038312724095e-06
1.5522399454768257e-06
1.777551184040278e-06
0.0
0.0
0.0
0.0
0.0
0.0
0.0
0.0
0.0
0.0
0.0
5.6175512112007506e-06
7.099207286438131e-06
1.586125486286493e-06
0.0
2.42603162999497e-06
1.3268834931306429e-06
0.0
0.0
0.0
0.0
1.4547974985491144e-06
0.0
6.853160266821728e-07
0.0
0.0
0.0
0.0
0.0
0.0
0.0
0.0
0.0
0.0
0.0
5.395427947841012e-06
7.168664535334292e-06
1.5630941850186801e-06
0.0
3.2789732929992964e-06
0.0
0.0
0.0
0.0
0.0
3.3408514437102077e-06
0.0
1.5579614852893082e-06
0.0
0.0
0.0
0.0
0.0
0.0
0.0
0.0
0.0
0.0
1.1122330661748011e-06
5.592266496268163e-06
7.074420787549455e-06
1.5440389950618222e-06
0.0
3.645772744304458e-06
0.0
0.0
0.0
0.0
0.0
4.502015625973896e-06
1.3243782736978838e-06
1.6019822843337219e-06
0.0
0.0
0.0
0.0
0.0
0.0
0.0
0.0
0.0
0.0
4.2509530032595355e-06
5.722985800048008e-06
4.536925719434845e-06
1.2959260157200796e-06
2.1197534150000535e-06
3.7983102797467466e-06
0.0
0.0
0.0
0.0
0.0
3.9142265432094145e-06
0.0
1.4582108022005358e-06
0.0
0.0
0.0
0.0
0.0
0.0
0.0
0.0
0.0
0.0
0.0
5.5362241411102505e-06
4.5634835051043504e-06
0.0
0.0
6.751396599037477e-06
6.510557446219869e-07
0.0
0.0
0.0
0.0
2.8218140387722015e-06
0.0
0.0
0.0
0.0
0.0
0.0
0.0
0.0
0.0
0.0
0.0
0.0
0.0
3.014904270772626e-06
8.237511995025509e-06
1.8668940980356769e-06
0.0
4.599398351069911e-06
0.0
0.0
0.0
0.0
0.0
1.6049273198712288e-06
0.0
7.843493132697917e-07
0.0
0.0
0.0
0.0
0.0
0.0
0.0
0.0
0.0
0.0
0.0
1.474539268576803e-06
9.091930753437574e-06
1.9455437523810786e-06
0.0
3.069098350288818e-06
0.0
0.0
0.0
0.0
0.0
4.2548458219576245e-06
1.8415417357263813e-06
2.0990642929067395e-06
0.0
0.0
0.0
0.0
0.0
0.0
0.0
0.0
0.0
0.0
0.0
2.3159560497077588e-06
8.822165688013353e-06
3.4611454556798706e-06
0.0
2.7260353105896724e-06
0.0
0.0
0.0
0.0
0.0
3.8089538705263688e-06
0.0
8.156537447153714e-07
0.0
0.0
0.0
0.0
0.0
0.0
0.0
0.0
0.0
0.0
0.0
0.0
9.276241285315731e-06
2.217870066649648e-06
0.0
4.430436701819701e-06
0.0
0.0
0.0
0.0
0.0
3.8017557742527877e-06
0.0
9.800484448629228e-07
0.0
0.0
0.0
0.0
0.0
0.0
0.0
0.0
0.0
0.0
0.0
0.0
6.27522796732078e-06
2.173987964609593e-06
0.0
4.6595606086897886e-06
0.0
0.0
0.0
0.0
0.0
4.7684287580259305e-06
8.840022736119555e-07
1.120925881942124e-06
0.0
0.0
0.0
0.0
0.0
0.0
0.0
0.0
0.0
0.0
0.0
0.0
4.5800800792557e-06
2.1036152382409064e-06
3.7244943397396673e-06
5.13872335185436e-06
0.0
0.0
0.0
0.0
0.0
4.459619514981684e-06
0.0
1.0901602525007544e-06
0.0
0.0
0.0
0.0
0.0
0.0
0.0
0.0
0.0
0.0
0.0
0.0
6.11347558157884e-06
4.135570102023751e-06
0.0
7.760289796757277e-06
0.0
0.0
0.0
0.0
0.0
3.399315809932923e-06
1.8787139174857229e-06
1.9029601532400775e-06
0.0
0.0
0.0
0.0
0.0
0.0
0.0
0.0
0.0
0.0
0.0
5.308444785977733e-06
7.20715783380751e-06
1.5286569723133019e-06
0.0
3.2108761559142493e-06
0.0
0.0
0.0
0.0
0.0
3.446882316124539e-06
0.0
8.198549307612309e-07
0.0
0.0
0.0
0.0
0.0
0.0
0.0
0.0
0.0
0.0
0.0
4.9722204266289234e-06
6.344444993532476e-06
0.0
0.0
4.524072743604008e-06
0.0
0.0
0.0
0.0
0.0
4.071318698657681e-06
7.30591866622901e-07
1.9523560177460905e-06
0.0
0.0
0.0
0.0
0.0
0.0
0.0
0.0
0.0
0.0
0.0
2.983162467791375e-06
7.98691214229699e-06
1.7303964503269156e-06
0.0
3.5173149070788945e-06
0.0
0.0
0.0
0.0
0.0
3.896880657530774e-06
0.0
1.74977664239428e-06
0.0
0.0
0.0
0.0
0.0
0.0
0.0
0.0
0.0
0.0
0.0
0.0
7.826628053269406e-06
8.903903425850796e-07
0.0
3.6207832505099703e-06
0.0
0.0
0.0
0.0
0.0
3.785687787789085e-06
6.764586007889714e-07
1.833194718849616e-06
0.0
0.0
0.0
0.0
0.0
0.0
0.0
0.0
0.0
0.0
0.0
4.732578946148976e-06
7.431615443538911e-06
1.6183982123671084e-06
0.0
3.2999106293498465e-06
0.0
0.0
0.0
0.0
0.0
4.549441007281032e-06
6.697641968782902e-07
1.6529080705974783e-06
0.0
0.0
0.0
0.0
0.0
0.0
0.0
0.0
0.0
0.0
0.0
5.239933801493183e-06
4.659399584289899e-06
2.5450541871448404e-06
2.180956268382921e-06
3.82385729364007e-06
0.0
0.0
0.0
0.0
0.0
3.271797386836322e-06
0.0
7.629466342512334e-07
0.0
0.0
0.0
0.0
0.0
0.0
0.0
0.0
0.0
0.0
0.0
3.237962944623332e-06
3.948931099734563e-06
1.4867014287908033e-06
0.0
6.064317319688825e-06
0.0
0.0
0.0
0.0
0.0
3.6826801742329626e-06
0.0
0.0
0.0
0.0
0.0
0.0
0.0
0.0
0.0
0.0
0.0
0.0
0.0
6.703397538638836e-06
7.764547242907303e-06
1.6678899837806075e-06
0.0
2.1622751557936324e-06
0.0
0.0
0.0
0.0
0.0
3.4994364874064613e-06
0.0
7.157988405905704e-07
0.0
0.0
0.0
0.0
0.0
0.0
0.0
0.0
0.0
0.0
0.0
5.746985654164456e-06
7.146608517078129e-06
1.513994120469142e-06
0.0
2.050106873673068e-06
0.0
0.0
0.0
0.0
0.0
3.4207188410001065e-06
0.0
0.0
0.0
0.0
0.0
0.0
0.0
0.0
0.0
0.0
0.0
0.0
0.0
4.895414787022648e-06
7.742008875677618e-06
1.7329552918808748e-06
0.0
1.4801846089774094e-06
0.0
0.0
0.0
0.0
0.0
3.5171948799007777e-06
0.0
0.0
0.0
0.0
0.0
0.0
0.0
0.0
0.0
0.0
0.0
0.0
0.0
5.195314810832405e-06
7.872086690991974e-06
1.7343996354674024e-06
0.0
1.479600927223672e-06
0.0
0.0
0.0
0.0
0.0
3.4439694133276466e-06
0.0
0.0
0.0
0.0
0.0
0.0
0.0
0.0
0.0
0.0
0.0
0.0
0.0
5.0394232666663616e-06
7.79911979890238e-06
1.6506868717855295e-06
0.0
1.5418717504651539e-06
0.0
0.0
0.0
0.0
0.0
3.6072735533682174e-06
0.0
6.243814551438863e-07
0.0
0.0
0.0
0.0
0.0
0.0
0.0
0.0
0.0
0.0
0.0
5.604772366340981e-06
4.542200887996228e-06
2.5050959899739635e-06
1.120799006055048e-06
1.999312547171519e-06
0.0
0.0
0.0
0.0
0.0
3.4241057122613418e-06
0.0
0.0
0.0
0.0
0.0
0.0
0.0
0.0
0.0
0.0
0.0
0.0
0.0
5.101570554171591e-06
4.9795971947365844e-06
2.622477538726996e-06
0.0
1.9736425716897326e-06
0.0
0.0
0.0
0.0
0.0
4.8947959732480255e-06
6.694036072597137e-07
0.0
0.0
0.0
0.0
0.0
0.0
0.0
0.0
0.0
0.0
0.0
4.873569790365744e-06
5.786999223988109e-06
4.571685453760583e-06
0.0
0.0
4.776989580800643e-06
0.0
0.0
0.0
0.0
0.0
2.773801191238954e-06
0.0
0.0
0.0
0.0
0.0
0.0
0.0
0.0
0.0
0.0
0.0
0.0
4.074804826517546e-06
5.578739549507168e-06
6.792437021832845e-06
1.366520686747101e-06
0.0
3.6691659147987006e-06
0.0
0.0
0.0
0.0
0.0
3.1548945725016763e-06
0.0
0.0
0.0
0.0
0.0
0.0
0.0
0.0
0.0
0.0
0.0
0.0
0.0
5.681017439293367e-06
7.584707416013692e-06
1.7063620294511785e-06
0.0
2.0125286602947742e-06
0.0
0.0
0.0
0.0
0.0
3.4763423785555417e-06
0.0
4.413498410105978e-07
0.0
0.0
0.0
0.0
0.0
0.0
0.0
0.0
0.0
0.0
0.0
5.668335001994437e-06
7.44866647663558e-06
1.6572553086145818e-06
0.0
1.985737575032571e-06
0.0
0.0
0.0
0.0
0.0
3.564072799955728e-06
6.637348215561777e-07
6.907081255953711e-07
0.0
0.0
0.0
0.0
0.0
0.0
0.0
0.0
0.0
0.0
0.0
5.324820310953652e-06
7.649900608952151e-06
1.7182426263596832e-06
0.0
2.085900617019184e-06
0.0
0.0
0.0
0.0
0.0
4.6859320788227206e-06
1.495423964643081e-06
1.559056450359106e-06
0.0
0.0
0.0
0.0
0.0
0.0
0.0
0.0
0.0
0.0
1.8143820757441285e-07
5.46063567893275e-06
4.504664353196723e-06
1.242708478178568e-06
7.580187001294214e-07
1.4662177468320138e-06
0.0
0.0
0.0
0.0
0.0
3.0785056992880406e-06
0.0
4.601169054193997e-07
0.0
0.0
0.0
0.0
0.0
0.0
0.0
0.0
0.0
0.0
4.952558708069208e-06
5.867673255529852e-06
4.710320976378857e-06
1.2679165491504732e-06
0.0
3.8811359741192405e-06
0.0
0.0
0.0
0.0
0.0
3.9631337185462955e-06
0.0
0.0
0.0
0.0
0.0
0.0
0.0
0.0
0.0
0.0
0.0
0.0
1.1383076325570147e-06
5.35536568375722e-06
6.137091431356297e-06
4.204855497809636e-07
0.0
1.7643182454064087e-06
0.0
0.0
0.0
0.0
0.0
4.258048785319471e-06
0.0
0.0
0.0
0.0
0.0
0.0
0.0
0.0
0.0
0.0
0.0
0.0
1.4005223382508519e-06
5.601489881053262e-06
7.005049734370167e-06
1.5475324867678234e-06
0.0
1.1576185025111155e-06
0.0
0.0
0.0
0.0
0.0
4.270034152076808e-06
0.0
0.0
0.0
0.0
0.0
0.0
0.0
1.123040976864315e-06
0.0
0.0
0.0
0.0
0.0
5.633030916151071e-06
7.1164308724973484e-06
1.6081683667533013e-06
0.0
1.4436569053979847e-06
0.0
0.0
0.0
0.0
0.0
3.824903762989962e-06
7.308922960661085e-07
7.271864663833523e-07
0.0
0.0
0.0
0.0
0.0
1.1183880024734985e-06
0.0
0.0
0.0
0.0
8.288207679112924e-07
5.776868284922251e-06
7.051936805744799e-06
1.6186040053640205e-06
0.0
3.1651064609472184e-06
0.0
0.0
0.0
0.0
0.0
4.808358481181337e-06
7.142461690882056e-07
7.387804258659432e-07
0.0
0.0
0.0
0.0
0.0
1.106136708564889e-06
0.0
0.0
0.0
0.0
2.633293064494961e-07
3.983879802974618e-06
5.072922243624054e-06
0.0
0.0
1.5051503936885761e-06
0.0
0.0
0.0
0.0
0.0
3.596709713269074e-06
0.0
4.333725386666317e-07
0.0
0.0
0.0
0.0
0.0
0.0
0.0
0.0
0.0
0.0
0.0
5.5680504413485e-06
4.644682440286865e-06
1.2620076361033409e-06
1.0212006050152244e-06
1.9338179368651364e-06
0.0
0.0
0.0
0.0
0.0
2.3345377826114086e-06
0.0
0.0
0.0
0.0
0.0
0.0
0.0
0.0
0.0
0.0
0.0
0.0
0.0
5.54325017401804e-06
4.8509316089245245e-06
3.810342192470592e-06
0.0
4.570374742125087e-06
0.0
0.0
0.0
0.0
0.0
4.584589293667681e-06
1.4838517822183893e-06
0.0
0.0
0.0
0.0
0.0
0.0
0.0
0.0
0.0
0.0
0.0
1.269065451620345e-06
5.712248253487475e-06
6.998561971950092e-06
1.6341008410986257e-06
0.0
3.274072646014217e-06
0.0
0.0
0.0
0.0
0.0
4.841981010108748e-06
6.867826032957729e-07
7.555697089833228e-07
0.0
0.0
0.0
0.0
0.0
0.0
0.0
0.0
0.0
0.0
9.635143603353904e-06
6.307600775386082e-06
7.758702375699137e-06
1.6393100281616074e-06
0.0
4.034408282539848e-06
0.0
0.0
0.0
0.0
0.0
5.006953229605464e-06
0.0
7.330821918633595e-07
0.0
0.0
0.0
0.0
0.0
0.0
0.0
0.0
0.0
0.0
5.056658133110508e-06
6.014917316837715e-06
7.374638349954193e-06
1.7052687668007947e-06
0.0
3.429238887662499e-06
0.0
0.0
0.0
0.0
0.0
3.69394816883763e-06
6.798017197314983e-07
8.295093912991394e-07
0.0
0.0
0.0
0.0
0.0
0.0
0.0
0.0
0.0
0.0
9.037699141951255e-06
6.809052791347466e-06
8.359367266313357e-06
1.7655240562592356e-06
0.0
3.695288371751437e-06
0.0
0.0
0.0
0.0
0.0
5.196353664904799e-06
7.471601003325527e-07
8.033477202331225e-07
0.0
0.0
0.0
0.0
0.0
0.0
0.0
0.0
0.0
0.0
8.466883271614957e-06
6.321756750050876e-06
7.217027229758193e-06
1.4899639697935943e-06
0.0
3.1333896370172036e-06
0.0
0.0
0.0
0.0
0.0
3.3520040407766954e-06
0.0
0.0
0.0
0.0
0.0
0.0
0.0
0.0
0.0
0.0
0.0
0.0
0.0
5.505827223410792e-06
4.828666582390034e-06
1.5736505381321513e-06
5.208630685092911e-07
1.429395318324279e-06
0.0
0.0
0.0
0.0
0.0
3.249151284967945e-06
0.0
0.0
0.0
0.0
0.0
0.0
0.0
0.0
0.0
0.0
0.0
0.0
5.872355112377386e-06
4.835015445362015e-06
0.0
0.0
6.886395445663189e-06
0.0
0.0
0.0
0.0
0.0
4.702506019462678e-06
2.833694904103372e-06
0.0
0.0
0.0
0.0
0.0
0.0
0.0
0.0
0.0
0.0
0.0
0.0
5.332310384683831e-06
7.477553221603863e-06
1.688961026917358e-06
0.0
3.2692482859700036e-06
0.0
0.0
0.0
0.0
0.0
3.4849241704635075e-06
6.440612428453478e-07
7.773386021594375e-07
0.0
0.0
0.0
0.0
0.0
0.0
0.0
0.0
0.0
0.0
0.0
1.3737584088560039e-06
7.768698331251296e-06
1.6618521603983331e-06
0.0
1.6072394458599372e-06
0.0
0.0
0.0
0.0
0.0
4.307421703156092e-06
0.0
5.063054083917239e-07
0.0
0.0
0.0
0.0
0.0
0.0
0.0
0.0
0.0
0.0
0.0
4.754426939284976e-06
7.782469190721752e-06
1.666985226182914e-06
0.0
2.0698325629955846e-06
0.0
0.0
0.0
0.0
0.0
4.429890184575735e-06
1.5076961356984444e-06
7.800730961369697e-07
0.0
0.0
0.0
0.0
0.0
0.0
0.0
0.0
0.0
0.0
1.2915096399241544e-06
5.728404860851847e-06
7.0061024857958765e-06
2.388041164645815e-06
0.0
1.1231465116659322e-06
0.0
0.0
0.0
0.0
0.0
3.7663936480604425e-06
0.0
7.064213916275913e-07
0.0
0.0
0.0
0.0
0.0
0.0
0.0
0.0
0.0
0.0
1.3049748534223096e-06
5.65391829899369e-06
6.971881719403842e-06
1.6782464355077862e-06
0.0
1.4538228123099324e-06
0.0
0.0
0.0
0.0
0.0
4.6846064642913986e-06
1.6116129385442181e-06
1.7376254797434883e-06
0.0
0.0
0.0
0.0
0.0
0.0
0.0
0.0
0.0
0.0
6.977742131475768e-06
5.7685375596808285e-06
4.530853577672042e-06
1.4194231933902923e-06
1.0831920889147055e-06
2.1007774254798594e-06
0.0
0.0
0.0
0.0
0.0
3.5817280802749204e-06
0.0
0.0
0.0
0.0
0.0
0.0
0.0
0.0
0.0
0.0
0.0
0.0
0.0
5.768938362044423e-06
4.958073741305052e-06
6.893454011732763e-07
0.0
2.2584540068882744e-06
0.0
0.0
0.0
0.0
0.0
3.5534857117628356e-06
4.2938463379830973e-07
0.0
0.0
0.0
0.0
0.0
0.0
9.188867267176637e-07
0.0
0.0
0.0
0.0
0.0
5.484483050309112e-06
7.560566457711288e-06
0.0
0.0
1.352447542175811e-06
0.0
0.0
0.0
0.0
0.0
4.878939597186789e-06
7.0996459661757e-07
4.393997473125049e-07
0.0
0.0
0.0
0.0
0.0
0.0
0.0
0.0
0.0
0.0
0.0
5.355403375291793e-06
7.2901527284680346e-06
1.54166740590529e-06
0.0
1.3478496712840704e-06
0.0
0.0
0.0
0.0
0.0
3.6717710530541064e-06
6.335282578652902e-07
7.533239026163402e-07
0.0
0.0
0.0
0.0
0.0
8.769689006656038e-07
0.0
0.0
0.0
0.0
0.0
3.763237850425335e-06
7.665607566567385e-06
1.863866225481414e-06
0.0
1.1500419503511482e-06
0.0
0.0
0.0
0.0
0.0
3.5276153367105802e-06
4.1798868387912013e-07
4.809231749507393e-07
0.0
0.0
0.0
0.0
0.0
0.0
0.0
0.0
0.0
0.0
0.0
5.165156348721488e-06
7.690261490393995e-06
0.0
0.0
1.1706537063714263e-06
0.0
0.0
0.0
0.0
0.0
4.413403668979192e-06
0.0
4.5136886140449317e-07
0.0
0.0
0.0
0.0
0.0
0.0
0.0
0.0
0.0
0.0
0.0
4.2597035441818285e-06
6.492534878305348e-06
1.414871443480515e-06
0.0
1.57453648581087e-06
0.0
0.0
0.0
0.0
0.0
3.609529694098937e-06
0.0
4.635030589843864e-07
0.0
0.0
0.0
0.0
0.0
0.0
0.0
0.0
0.0
0.0
0.0
2.383054308166527e-06
6.0629344467902375e-06
2.520884156104989e-06
6.961418146569177e-07
1.250246281056752e-06
0.0
0.0
0.0
0.0
0.0
2.566847379578519e-06
0.0
4.639933913640987e-07
0.0
0.0
0.0
0.0
0.0
6.337227160775568e-07
0.0
0.0
0.0
0.0
0.0
5.069591277911443e-06
4.8974696107639574e-06
4.1219400436334347e-07
0.0
2.0649262019068318e-06
0.0
0.0
0.0
0.0
0.0
5.4408286282088e-06
8.117830814314297e-07
0.0
0.0
0.0
0.0
0.0
0.0
0.0
0.0
0.0
0.0
0.0
7.155481799551382e-06
7.149026809166349e-06
7.789693592939379e-06
7.957926476329666e-07
0.0
1.2612376169091486e-06
0.0
0.0
0.0
0.0
0.0
5.754015079019115e-06
0.0
0.0
0.0
0.0
0.0
0.0
0.0
1.0621267167056736e-06
0.0
0.0
0.0
0.0
4.780223242138315e-06
5.9362170513534035e-06
7.2625645217036e-06
8.212220898676681e-07
0.0
1.118885700353951e-06
0.0
0.0
0.0
0.0
0.0
2.911262024640529e-06
0.0
8.987978098244773e-07
0.0
0.0
0.0
0.0
0.0
1.0647260862827916e-06
0.0
0.0
0.0
0.0
2.7751271070496405e-06
5.441142614792436e-06
5.455554611567831e-06
6.359769707742952e-07
0.0
8.656172906590429e-07
0.0
0.0
0.0
0.0
0.0
5.498301220590529e-06
8.249331124592353e-07
8.785309000916342e-07
0.0
0.0
0.0
0.0
0.0
1.063316523288471e-06
0.0
0.0
0.0
0.0
3.800336998267815e-06
5.6596495290112795e-06
6.87294027981687e-06
8.507385582383303e-07
0.0
1.5864163548246338e-06
0.0
0.0
0.0
0.0
0.0
6.213939509998416e-06
0.0
9.818778177448935e-07
0.0
0.0
0.0
0.0
0.0
9.383171675507179e-07
0.0
0.0
0.0
0.0
8.19002152261293e-06
6.138108545483894e-06
6.15192909517559e-06
0.0
0.0
1.6790209069694194e-06
0.0
0.0
0.0
0.0
0.0
6.147936806848524e-06
9.53974262199301e-07
5.643023836666163e-07
0.0
0.0
0.0
0.0
0.0
1.0558216228421168e-06
0.0
0.0
0.0
0.0
4.160175170935078e-06
5.333155210164632e-06
4.372128472210354e-06
1.286896782114344e-06
9.694642828867292e-07
2.9382443646225833e-06
0.0
0.0
0.0
0.0
0.0
2.614817681710464e-06
0.0
4.450625442519078e-07
0.0
0.0
0.0
0.0
0.0
0.0
0.0
0.0
0.0
0.0
0.0
5.608292542038528e-06
3.3139791138423877e-06
6.354018226862266e-07
0.0
2.135468018143568e-06
0.0
0.0
0.0
0.0
0.0
3.769341353635438e-06
4.2546109814675773e-07
0.0
0.0
0.0
0.0
0.0
0.0
0.0
0.0
0.0
0.0
0.0
8.041761655296987e-07
5.502532817573584e-06
7.139387148466942e-06
8.178872894121802e-07
0.0
1.998513892304331e-06
0.0
0.0
0.0
0.0
0.0
5.049221584090877e-06
2.2457146373071477e-06
8.731145677973582e-07
0.0
0.0
0.0
0.0
0.0
1.0740202474980455e-06
0.0
0.0
0.0
0.0
1.2835187193652668e-06
5.485351680849344e-06
5.528488338299052e-06
6.583462861923601e-07
0.0
1.089957050559255e-06
0.0
0.0
0.0
0.0
0.0
5.084403734646346e-06
7.731887481493955e-07
5.179038244929536e-07
0.0
0.0
0.0
0.0
0.0
1.0667649333144039e-06
0.0
0.0
0.0
0.0
4.037433230950577e-06
5.549056555719069e-06
6.88322596723974e-06
0.0
0.0
1.0935917440839462e-06
0.0
0.0
0.0
0.0
0.0
5.116619065134739e-06
4.5913781027253446e-07
5.270432507511198e-07
0.0
0.0
0.0
0.0
0.0
1.0634266209893248e-06
0.0
0.0
0.0
0.0
4.007898779527383e-06
5.549324456814488e-06
5.584593346205316e-06
6.54429427223778e-07
0.0
2.9744519945220978e-06
0.0
0.0
0.0
0.0
0.0
4.979585386789021e-06
7.394792213926227e-07
0.0
0.0
0.0
0.0
0.0
0.0
0.0
0.0
0.0
0.0
0.0
4.630782957836864e-06
5.638343640775187e-06
7.117638071511225e-06
1.589434010254627e-06
0.0
3.1860746884455727e-06
0.0
0.0
0.0
0.0
0.0
4.6628776373814545e-06
6.525891052082966e-07
7.54759660100116e-07
0.0
0.0
0.0
0.0
0.0
0.0
0.0
0.0
0.0
0.0
2.6057071269295146e-06
5.404995124303624e-06
5.267109029187465e-06
6.925996561426145e-07
6.780526007611235e-07
1.0690064061606874e-06
0.0
0.0
0.0
0.0
0.0
2.6907953777806275e-06
0.0
7.471648043791122e-07
0.0
0.0
0.0
0.0
0.0
1.1223539888496045e-06
0.0
0.0
0.0
0.0
0.0
5.465864311776127e-06
4.4924248992698894e-06
4.248693417310544e-07
0.0
1.2233424904742827e-06
0.0
0.0
0.0
0.0
0.0
2.7410381074534802e-06
0.0
0.0
0.0
0.0
0.0
0.0
0.0
1.09873904480262e-06
0.0
0.0
0.0
0.0
0.0
5.567010900750799e-06
6.494847699290572e-06
6.854519240692623e-07
0.0
7.963534755701103e-07
0.0
0.0
0.0
0.0
0.0
2.744170934116385e-06
0.0
3.2357487660519105e-07
0.0
0.0
0.0
0.0
0.0
0.0
0.0
0.0
0.0
0.0
7.92799571753143e-07
5.428864882465658e-06
6.453738592868148e-06
6.901187654064485e-07
0.0
1.0885906637050812e-06
0.0
0.0
0.0
0.0
0.0
4.827691850096201e-06
6.739164858236175e-07
7.853038445002571e-07
0.0
0.0
0.0
0.0
0.0
0.0
0.0
0.0
0.0
0.0
9.061435762733887e-06
6.517135124210827e-06
7.398387572937535e-06
5.058689161573572e-07
0.0
2.4056393172704395e-06
0.0
0.0
0.0
0.0
0.0
5.9381764260902e-06
1.766774526333303e-06
1.9948717898355885e-06
0.0
0.0
0.0
0.0
0.0
0.0
0.0
0.0
0.0
0.0
7.741812621983451e-06
4.201406488221379e-06
6.2441035790711936e-06
7.703252777273542e-07
0.0
1.3167459603641798e-06
0.0
0.0
0.0
0.0
0.0
6.0495237345761935e-06
0.0
4.095648862893794e-07
0.0
0.0
0.0
0.0
0.0
0.0
0.0
0.0
0.0
0.0
5.631332888696115e-06
7.104569289866632e-06
6.810756910582316e-06
0.0
0.0
3.067524110713083e-06
0.0
0.0
0.0
0.0
0.0
4.76335094925894e-06
0.0
5.797913221031033e-07
0.0
0.0
0.0
0.0
0.0
0.0
0.0
0.0
0.0
0.0
6.213836122884928e-06
6.25502247226292e-06
6.083982550992063e-06
7.878372268260098e-07
7.626398809465222e-07
1.3019568354678957e-06
0.0
0.0
0.0
0.0
0.0
4.3429669645376124e-06
0.0
1.9552032164749057e-06
0.0
0.0
0.0
0.0
0.0
0.0
0.0
0.0
0.0
0.0
5.981423354167493e-06
5.97102904720372e-06
4.824225845670396e-06
4.5906589514457273e-07
0.0
1.6353153906222575e-06
0.0
0.0
0.0
0.0
0.0
4.7429617846394654e-06
1.74860395765588e-06
0.0
0.0
0.0
0.0
0.0
0.0
0.0
0.0
0.0
0.0
0.0
6.327587960674381e-06
6.6785965668632896e-06
7.634375655224382e-06
8.106697320064446e-07
0.0
1.3782024855472007e-06
0.0
0.0
0.0
0.0
0.0
4.9439216923869676e-06
1.7873561076967676e-06
9.947496950029743e-07
0.0
0.0
0.0
0.0
0.0
9.418454948585164e-07
0.0
0.0
0.0
0.0
5.877772965975534e-06
6.198247797286594e-06
7.075059795202017e-06
4.673774146049096e-07
0.0
9.257224506944022e-07
0.0
0.0
0.0
0.0
0.0
6.0937865394503475e-06
0.0
5.635729976447894e-07
0.0
0.0
0.0
0.0
0.0
0.0
0.0
0.0
0.0
0.0
6.4234485187145166e-06
6.478694432017755e-06
8.02059056048874e-06
1.7869601814889268e-06
0.0
3.5719142734524317e-06
0.0
0.0
0.0
0.0
0.0
5.471433270898941e-06
1.6544844261567515e-06
0.0
0.0
0.0
0.0
0.0
0.0
0.0
0.0
0.0
0.0
0.0
6.0668300380839715e-06
5.848078502336739e-06
7.020326844825695e-06
4.91530386451605e-07
0.0
9.419378168987259e-07
0.0
0.0
0.0
0.0
0.0
6.150819753589799e-06
9.289479319606857e-07
9.87407827847296e-07
0.0
0.0
0.0
0.0
0.0
9.256859891156747e-07
0.0
0.0
0.0
0.0
6.091087390118506e-06
5.872055448292692e-06
5.403674529685473e-06
3.4704665083711297e-07
0.0
7.260375838838574e-07
0.0
0.0
0.0
0.0
0.0
4.965562079132542e-06
5.791500013888076e-07
6.506899889946247e-07
0.0
0.0
0.0
0.0
0.0
9.34238305196434e-07
0.0
0.0
0.0
0.0
6.369402786230239e-06
6.360556530516294e-06
4.840162532390368e-06
4.953987461076201e-07
8.172870324065503e-07
1.0000764715985396e-06
0.0
0.0
0.0
0.0
0.0
4.596031379802079e-06
0.0
6.04580621413667e-07
0.0
0.0
0.0
0.0
0.0
0.0
0.0
0.0
0.0
0.0
6.422684277730053e-06
6.514360560107003e-06
4.361843405657928e-06
0.0
0.0
1.347160145759804e-06
0.0
0.0
0.0
0.0
0.0
3.7998265535412165e-06
9.094079816596133e-07
0.0
0.0
0.0
0.0
0.0
0.0
0.0
0.0
0.0
0.0
0.0
6.078415156047619e-06
6.267452317555493e-06
5.7755197954480854e-06
3.7018625274039485e-07
0.0
1.0193443692512806e-06
0.0
0.0
0.0
0.0
0.0
3.7745263011365676e-06
0.0
0.0
0.0
0.0
0.0
0.0
0.0
0.0
0.0
0.0
0.0
0.0
6.04654549243108e-06
6.572225358092415e-06
7.2040502162702315e-06
0.0
0.0
1.3830647702750715e-06
0.0
0.0
0.0
0.0
0.0
6.74157883161796e-06
0.0
0.0
0.0
0.0
0.0
0.0
0.0
6.301151092936e-07
0.0
0.0
0.0
0.0
5.952894345015425e-06
6.452979049909572e-06
7.118797682352135e-06
5.129795309967268e-07
0.0
1.3834380463519876e-06
0.0
0.0
0.0
0.0
0.0
6.354602559232693e-06
1.8432604214560678e-06
9.747153812840806e-07
0.0
0.0
0.0
0.0
0.0
6.197343465839909e-07
0.0
0.0
0.0
0.0
6.288246020771325e-06
6.236223782680596e-06
6.981487366231931e-06
7.054983059862612e-07
0.0
1.2298264565215308e-06
0.0
0.0
0.0
0.0
0.0
4.4673096823670505e-06
7.81508328711918e-07
3.8696344635698937e-07
0.0
0.0
0.0
0.0
0.0
9.280721806020763e-07
0.0
0.0
0.0
0.0
6.2441700364637755e-06
6.359080601157753e-06
7.233728304268342e-06
4.804430585311689e-07
0.0
1.8339394520182316e-06
0.0
0.0
0.0
0.0
0.0
4.297585643822399e-06
1.596307881506282e-06
0.0
0.0
0.0
0.0
0.0
0.0
0.0
0.0
0.0
0.0
0.0
6.306787434954398e-06
6.17577770120622e-06
4.765107357154951e-06
6.84568419945744e-07
6.798185485593162e-07
4.331767365641851e-06
0.0
0.0
0.0
0.0
0.0
4.864623259908446e-06
0.0
8.338050372429047e-07
0.0
0.0
0.0
0.0
0.0
0.0
0.0
0.0
0.0
0.0
6.298931791637919e-06
6.39061064087745e-06
6.042323737933556e-06
7.716518308129981e-07
0.0
4.016389306209641e-06
0.0
0.0
0.0
0.0
0.0
4.2901690723031705e-06
1.7178779492792397e-06
0.0
0.0
0.0
0.0
0.0
0.0
0.0
0.0
0.0
0.0
0.0
6.37359492240833e-06
6.896789057688259e-06
7.602715004390646e-06
8.216788093401634e-07
0.0
1.4591687853425694e-06
0.0
0.0
0.0
0.0
0.0
3.515550920946772e-06
0.0
1.2351384434373107e-06
0.0
0.0
0.0
0.0
0.0
9.442572248167997e-07
0.0
0.0
0.0
0.0
5.661530276640163e-06
5.491125906700102e-06
4.7466610508526545e-06
4.2979216687327446e-07
0.0
1.5595958453806362e-06
0.0
1.0936312952275896e-06
0.0
0.0
0.0
6.958052733805084e-06
3.041727383228e-06
6.128619968606665e-06
6.481408753096667e-07
0.0
0.0
0.0
0.0
0.0
0.0
0.0
0.0
0.0
4.319731764578142e-06
6.9530437454707605e-06
7.76881220344698e-06
5.695131275750551e-07
0.0
3.2110774995860946e-06
0.0
0.0
0.0
0.0
0.0
5.442208389819542e-06
0.0
9.628740709793324e-07
0.0
0.0
0.0
0.0
0.0
9.648001089370309e-07
0.0
0.0
0.0
0.0
6.140689182938141e-06
5.438966675977095e-06
5.922212110822753e-06
3.8609020727119893e-07
0.0
1.0998507870183871e-06
0.0
0.0
0.0
0.0
0.0
4.5547811598154555e-06
2.18965933963061e-06
0.0
0.0
0.0
0.0
0.0
0.0
0.0
0.0
0.0
0.0
0.0
6.23245534372354e-06
7.010282108110642e-06
7.596427860590389e-06
5.892598954736496e-07
0.0
1.1041236478156248e-06
0.0
0.0
0.0
0.0
0.0
3.130121229370016e-06
0.0
9.09702726378662e-07
0.0
0.0
0.0
0.0
0.0
0.0
0.0
0.0
0.0
0.0
5.453936316220794e-06
5.206079347109691e-06
2.917337302684403e-06
4.0687569547175945e-07
4.442029773574951e-07
1.4896817809919324e-06
0.0
0.0
0.0
0.0
0.0
3.9119879453062505e-06
0.0
0.0
0.0
0.0
0.0
0.0
0.0
9.726755474685786e-07
0.0
0.0
0.0
0.0
5.468624373556594e-06
5.073351531583296e-06
2.6542239354455334e-06
8.151540069701119e-07
0.0
2.4897113881553982e-06
0.0
0.0
0.0
0.0
0.0
3.3758175236061483e-06
6.911891739208237e-07
0.0
0.0
0.0
0.0
0.0
0.0
9.596886546812875e-07
0.0
0.0
0.0
0.0
5.696467440130643e-06
5.128383237367935e-06
6.1551024845091e-06
0.0
0.0
4.379829390852863e-06
0.0
0.0
0.0
0.0
0.0
5.442800154443871e-06
0.0
1.0669588207768614e-06
0.0
0.0
0.0
0.0
0.0
9.503925092207129e-07
0.0
0.0
0.0
0.0
5.259514825227706e-06
4.993894050343871e-06
4.713338713191357e-06
0.0
0.0
1.0965855812977254e-06
0.0
0.0
0.0
0.0
0.0
3.07244719896043e-06
0.0
9.339801064681638e-07
0.0
0.0
0.0
0.0
0.0
9.447322896025457e-07
0.0
0.0
0.0
0.0
6.135664238221267e-06
5.435454220326646e-06
4.603868699417969e-06
0.0
0.0
4.369057157118183e-06
0.0
0.0
0.0
0.0
0.0
6.608379470308457e-06
2.678382927292106e-06
9.487602998829181e-07
0.0
0.0
0.0
0.0
0.0
0.0
0.0
0.0
0.0
0.0
5.978479282808844e-06
7.207642783146846e-06
8.198360637064708e-06
0.0
0.0
8.897591217803853e-07
0.0
3.49300699975298e-06
5.073192829457976e-07
0.0
0.0
1.3721669973306186e-06
0.0
0.0
0.0
0.0
0.0
0.0
0.0
0.0
0.0
0.0
0.0
0.0
5.242633706170961e-06
6.867149835903734e-06
7.671797083810702e-06
0.0
0.0
4.913639486686033e-06
0.0
0.0
0.0
0.0
0.0
4.851549471538079e-06
1.6634904526395295e-06
9.085110454200358e-07
0.0
0.0
0.0
0.0
0.0
9.319110095493127e-07
0.0
0.0
0.0
0.0
6.453389363970142e-06
6.619076145228587e-06
3.2262291006460217e-06
7.340493418684561e-07
1.1365985802451953e-06
1.319072921997051e-06
0.0
0.0
0.0
0.0
0.0
4.0254315331701685e-06
0.0
1.9636061811874505e-06
0.0
0.0
0.0
0.0
0.0
0.0
0.0
0.0
0.0
0.0
5.870104075548648e-06
5.218420589649737e-06
4.8530959204515835e-06
0.0
0.0
2.8729942338960287e-06
0.0
0.0
0.0
0.0
0.0
1.5494110874621814e-06
0.0
0.0
0.0
0.0
0.0
0.0
0.0
9.628861026932805e-07
0.0
0.0
0.0
0.0
4.941655014433602e-06
5.525441395025232e-06
4.990325262045143e-06
4.1749440130552753e-07
0.0
1.1785735108856512e-06
0.0
9.04562677176029e-07
0.0
7.247088948347672e-07
0.0
3.5074631353271564e-06
0.0
0.0
0.0
0.0
0.0
0.0
0.0
9.652569652067965e-07
0.0
0.0
0.0
0.0
5.3162258835738496e-06
5.601163331330312e-06
4.88754032500773e-06
0.0
0.0
1.1679926316320326e-06
0.0
0.0
0.0
0.0
0.0
1.203643304430267e-06
0.0
2.239366311009774e-06
0.0
0.0
0.0
0.0
0.0
0.0
0.0
0.0
0.0
0.0
4.46761320870774e-06
7.228041062536587e-06
8.092057693426127e-06
9.08819479317958e-07
0.0
8.729788661097755e-07
0.0
0.0
0.0
0.0
0.0
4.81745763980951e-06
9.399317137752362e-07
6.857938138462598e-07
0.0
0.0
0.0
0.0
0.0
9.665638649592646e-07
0.0
0.0
0.0
0.0
3.71650660136579e-06
5.5806957391011456e-06
8.553560150819366e-06
0.0
0.0
4.695533903169385e-06
0.0
0.0
0.0
0.0
0.0
3.5031015786708344e-06
0.0
0.0
0.0
0.0
0.0
0.0
0.0
0.0
0.0
0.0
0.0
0.0
6.0223108460619305e-06
5.637597639989223e-06
4.765941353005379e-06
4.008753094415752e-07
0.0
2.857260527756998e-06
0.0
0.0
0.0
0.0
0.0
5.48164414772682e-06
9.915265423528787e-07
2.170930139674055e-06
0.0
0.0
0.0
0.0
0.0
9.680573893234611e-07
0.0
0.0
0.0
0.0
4.9633017690990905e-06
5.767167981006917e-06
5.718170630398798e-06
0.0
1.2616744752360488e-06
2.0880293344288567e-06
0.0
0.0
0.0
0.0
0.0
3.982319591992138e-06
0.0
9.980551814248173e-07
0.0
0.0
0.0
0.0
0.0
0.0
0.0
0.0
0.0
0.0
4.9365900070601395e-06
7.1115812887751035e-06
5.793927591976077e-06
8.283417102237497e-07
0.0
4.322228337468852e-06
0.0
0.0
0.0
0.0
0.0
4.689869539817976e-06
0.0
0.0
0.0
0.0
0.0
0.0
0.0
6.406423273745173e-07
0.0
0.0
0.0
0.0
7.18386533530887e-06
4.7814534949484795e-06
3.5026378283756665e-06
0.0
0.0
1.5634306947070187e-06
0.0
1.5936309216271274e-06
0.0
0.0
1.396990482487798e-06
9.261018197649044e-06
8.049539819436054e-05
0.00029234582660158574
8.763637855781613e-05
3.122986635046392e-05
1.118995265743729e-06
6.650934156566963e-07
0.0
6.607397175479979e-07
0.0
0.0
0.0
0.0
2.9937795650554653e-06
4.899929748570222e-06
3.676749178421641e-06
0.0
0.0
9.940748110519519e-07
3.4828899122035238e-06
9.022398380489689e-05
6.43202447251262e-06
1.2728461545762677e-06
0.0
0.00019694620474784212
0.0003930063204657355
0.000830173461585656
0.0002960105326207969
0.00016426688095818256
9.784805370577028e-06
7.97599051924422e-07
0.0
1.0215471720068202e-06
0.0
0.0
0.0
0.0
6.110403422242403e-07
5.697402496353538e-06
4.442908185751398e-06
0.0
0.0
1.7657079248464782e-06
4.1314331050306246e-06
0.00023669568487208898
0.00032612960526862004
7.92316778244353e-05
0.0001149017702434617
0.0006033739177876548
0.0011125913744323241
0.0017990864718118236
0.001216101169471483
0.00039544767810810173
9.408865548497083e-06
6.97913030196368e-07
0.0
1.032174824462278e-06
0.0
0.0
0.0
0.0
0.0
6.234745356742613e-06
8.860638754430144e-06
0.0
0.0
2.060010670287825e-06
0.0
4.952556440239961e-05
2.5252336561788216e-05
8.960026562281533e-06
4.702491113278939e-06
0.00011678133605394927
0.00027736782692764104
0.0005120520967166721
0.0002449624612402505
4.845945306745879e-05
1.8812701990734057e-06
0.0
0.0
1.0028934011722095e-06
0.0
0.0
0.0
0.0
8.404000348671108e-07
8.085028621479101e-06
1.0047794910519851e-05
2.2629846431998088e-06
0.0
3.8265763746118305e-06
0.0
0.0
0.0
0.0
0.0
4.971188304235077e-06
0.0
6.473272956190926e-06
6.403035596372754e-07
0.0
0.0
0.0
0.0
9.756830107794292e-07
0.0
0.0
0.0
0.0
4.548562834429205e-06
4.840375616188756e-06
2.904459856594081e-06
0.0
3.5828913250490336e-07
1.2183374747012438e-06
0.0
0.0
0.0
0.0
0.0
4.311603854802587e-06
0.0
5.010633526500369e-06
0.0
6.912495411975228e-07
0.0
0.0
0.0
6.552948717422753e-07
0.0
0.0
0.0
0.0
3.956997555967749e-06
5.768209841316179e-06
3.618460730466089e-06
0.0
0.0
2.2800435045090516e-06
0.0
0.0
0.0
0.0
0.0
1.2303077570756143e-05
2.138880529353607e-06
0.0001199627951531994
0.0
0.0
1.3267520971599504e-06
0.0
0.0
6.483358253026369e-07
0.0
0.0
0.0
0.0
1.0536968311652587e-06
5.919559349199189e-06
3.102081925104795e-06
0.0
0.0
2.4481455733893636e-06
0.0
2.019771311273491e-06
0.0
0.0
0.0
0.00019518376392179917
0.0005592319797913031
0.0011609860636506806
0.0010150936011995237
0.0008543441809646798
0.0001390980666751413
4.2669992289231915e-06
6.354013270831652e-07
6.535258431896499e-07
0.0
0.0
0.0
0.0
4.2214216278628136e-07
5.324856686259343e-06
4.076771529656584e-06
0.0
0.0
3.320621361603099e-06
0.00019446150790849276
0.0012028978871707046
0.0008898614669386438
0.0001905889144717813
0.00013694070114649763
0.0002106311022689045
0.000971710530992924
0.0015681137276707952
0.00047032964911562254
0.00025831038232829986
2.0909206270316477e-05
0.0
1.3482972801815856e-06
1.0558829438196812e-06
0.0
0.0
0.0
0.0
0.0
5.237653880144112e-06
1.0132559960029326e-05
2.3099421104868624e-06
0.0
9.64083113470314e-07
5.99699936495667e-07
0.00010889675152479293
1.011643770722242e-06
3.633850447009868e-06
0.0
2.9372587513319762e-05
3.890457105508896e-05
0.00037153795781200155
0.00014557286474385718
7.374556840397182e-06
1.180982720287571e-06
0.0
0.0
1.1169394178127008e-06
0.0
0.0
0.0
0.0
0.0
7.048321379832553e-06
7.931661000869094e-06
9.990680802688444e-07
0.0
6.079279403583958e-06
0.00014363283724509672
0.0003433995163290041
0.0001570459440512996
4.276405068629174e-05
5.155622337165164e-06
0.00018102515573428796
0.0003713008596206306
0.0006560557223844146
0.00042316843078914294
0.00029657358995966967
2.997167936974013e-05
1.137694364227768e-06
0.0
1.035525561551359e-06
0.0
0.0
0.0
0.0
0.0
7.864133177321392e-06
8.639422870936216e-06
0.0
0.0
4.543859896570248e-06
0.0
0.0
0.0
0.0
0.0
4.042975178045108e-06
0.0
1.8463742175064484e-06
0.0
0.0
0.0
0.0
0.0
0.0
0.0
0.0
0.0
0.0
4.9280810182368735e-06
5.556733171891497e-06
5.716840531518651e-06
0.0
3.951233077299104e-07
4.835447131051726e-06
0.0
0.0
0.0
0.0
0.0
2.7528684418926153e-06
0.0
0.0
0.0
0.0
0.0
0.0
0.0
0.0
0.0
0.0
0.0
0.0
4.496416007974581e-06
5.912073502092905e-06
3.0103112618326176e-06
0.0
0.0
4.479160728802847e-06
0.0
0.0
0.0
0.0
0.0
6.498366320545566e-06
0.0
0.0
0.0
0.0
0.0
0.0
0.0
9.810631908519628e-07
0.0
0.0
0.0
0.0
1.3765521237915887e-06
5.08743541151553e-06
5.576203581227411e-06
0.0
0.0
3.102104784581674e-06
0.0
1.0885800669449687e-06
0.0
7.837396416047173e-07
1.0441198691558908e-06
9.718597243132041e-06
0.00015509783178055872
0.00020341599679316822
5.853034270554426e-07
0.0
0.0
0.0
0.0
1.0327850960064862e-06
0.0
0.0
0.0
0.0
1.3095470805476521e-06
5.919619682762369e-06
9.25600168327411e-06
0.0
0.0
4.055363246831398e-06
0.0
0.0
0.0
0.0
0.0
6.922836860967736e-06
2.1369577120565318e-06
2.283814866963287e-06
0.0
0.0
0.0
0.0
0.0
0.0
0.0
0.0
0.0
0.0
1.9964893610273055e-06
7.45002920225985e-06
7.170153815358568e-06
0.0
0.0
2.9561364373670324e-06
0.0
0.0
0.0
0.0
0.0
2.303547606870543e-06
0.0
2.0022970896372773e-06
0.0
0.0
0.0
0.0
0.0
0.0
0.0
0.0
0.0
0.0
5.261359460369974e-06
7.728658274787247e-06
8.872829334176394e-06
6.220951854285997e-07
0.0
2.357470525758546e-06
0.0
1.0575221567620164e-06
0.0
0.0
0.0
1.0802419865620965e-05
1.5870965050992298e-06
0.00012573440901760002
0.0
0.0
1.5987565139086118e-06
0.0
0.0
6.696337504529626e-07
0.0
0.0
0.0
0.0
1.1321839030061055e-06
6.333298706078141e-06
4.996674224364212e-06
5.071546831655386e-07
0.0
1.4554895946487311e-06
7.679932336170922e-06
0.0007536998246443626
0.0010866208897509432
0.0008931035504969535
0.0008384582419064872
0.0017079248713255722
0.0026019545129005546
0.003257119327590421
0.0028306226177876566
0.0025851810708891047
0.0016720158131567475
0.0006067518606875916
1.0806528349520494e-05
1.8309078809743948e-06
0.0
0.0
0.0
0.0
0.0
6.456302918278352e-06
3.5680059764869775e-06
0.0
5.745242735943572e-07
7.34660474984956e-06
0.000725264806104815
0.0014188250144920576
0.00116638635857379
0.0008542455427533486
0.0008125485057760966
0.001279047386952962
0.001201925915955515
0.0017767212672015625
0.0017093539043639941
0.0010348949183164884
0.0006149525784663846
7.856253953089922e-05
1.0311119351973758e-06
1.3551130163074109e-06
0.0
0.0
0.0
0.0
0.0
6.086523882959848e-06
4.922955894415742e-06
0.0
0.0
9.890454156840951e-06
0.0
0.0
0.0
0.0
0.0
1.1325810032581829e-05
2.539807292037854e-05
0.00019704150441796656
1.4257376752731291e-05
0.0
1.2277474215063365e-06
0.0
0.0
6.659834635249937e-07
0.0
0.0
0.0
0.0
5.220915709916046e-07
5.21111179392203e-06
8.279024459256569e-06
0.0
0.0
6.279052278175853e-06
0.0
2.2583006826950348e-06
0.0
0.0
0.0
5.878333832078483e-05
0.0003687457454076553
0.0010258192730092045
0.0007308742838565581
0.0006679411877678393
0.00019227682640813294
1.0062078517213178e-05
7.976133384740061e-07
8.870061396037586e-07
0.0
0.0
0.0
0.0
0.0
6.606073407652237e-06
7.883629949151186e-06
7.169075657335482e-07
0.0
1.4315425844192486e-06
3.599292262407562e-05
0.0005623171020092704
0.0004169825654967712
7.299783727295039e-05
3.099298157567533e-05
0.0006353098040186283
0.001330054892691398
0.0018439550335573862
0.001391347143782985
0.0011248095246572571
0.00020792583262929862
1.0373966771705519e-05
9.175832241816312e-07
7.437990884083914e-07
0.0
0.0
0.0
0.0
0.0
5.2636293464493995e-06
6.07669964462417e-06
0.0
0.0
3.993623025978599e-06
3.315041368580312e-05
0.00047951961498058444
0.0006535938507702097
0.0006176197618870316
0.0004682935104356127
0.0012043613752526624
0.002065543579263839
0.00282924120682626
0.0023348285086324198
0.0022442102187350916
0.0013913996839895867
0.00034062677310942144
5.248666461008564e-06
1.937577452215674e-06
0.0
0.0
0.0
0.0
0.0
6.203739719359615e-06
4.834023297502672e-06
8.991262522908636e-07
0.0
0.000310824092234834
0.0015517212443850563
0.0027929803067886718
0.0027383335878579792
0.0021879668341677466
0.002020099398189704
0.002950371361251121
0.003928859034590736
0.004956843633948315
0.00469242409567752
0.004587294306051313
0.0036515111935197966
0.002429741044868046
0.000840987216818515
1.9908318416988435e-06
0.0
0.0
0.0
0.0
0.0
7.129533973661745e-06
1.4538029524650264e-05
2.1520786865999757e-05
0.0
0.0001753274214950341
0.0007865189692508125
0.0016213401739985198
0.0009494600666005292
0.0001697901896614451
7.490852180031302e-05
0.00030196422544971586
0.0004796657689503248
0.0009983171968247133
0.0005847421693866958
0.0002962911380145651
1.8741052179143617e-05
0.0
0.0
1.1106375205244794e-06
0.0
0.0
0.0
0.0
0.0
8.724717351738805e-06
7.75497201312632e-06
1.1892533601330979e-06
8.264144081725326e-07
2.0870369756831304e-06
9.495007719718221e-07
1.4074180953238852e-06
0.0
0.0
0.0
5.488607809006487e-05
0.00012546753287445253
0.0003718691809819022
8.490958039280499e-05
1.2337486106825399e-06
0.0
0.0
0.0
0.0
0.0
0.0
0.0
0.0
0.0
1.0292573784504789e-05
5.178085646205176e-06
0.0
0.0
9.870637487456038e-06
0.0
5.580918710544275e-06
0.0
0.0
8.797694146346567e-07
0.000105710428383552
0.00022003048079007303
0.00043129843941061135
0.00019095624268906025
6.76383148923169e-05
2.136251511777115e-06
1.4233507697536506e-06
0.0
1.3938417348841352e-06
0.0
0.0
0.0
0.0
0.0
8.253203452622624e-06
5.511841319834981e-06
5.182483938814585e-06
0.0
4.0556017533547025e-05
0.0008335219883907377
0.001818352664820685
0.0015282571439891527
0.0017049445240051254
0.0014047831735830465
0.0019252288999641821
0.0026212444496658384
0.003456756791470432
0.002889931183690581
0.0010302075053137995
1.5028409927923055e-05
0.0
1.5392492015641395e-06
1.3760055251244163e-06
0.0
0.0
0.0
0.0
0.0
7.73650313977677e-06
7.519068187548724e-06
1.3178832270578843e-06
0.0
0.00013419774538279974
0.0014595496204408349
0.002778491109161076
0.0030496255883394256
0.0029888863801186753
0.003201983635956167
0.0042512037729143855
0.005193453901223431
0.006185948535371372
0.004670508126458808
0.003540222180380199
0.002680310449267986
0.0018503067564143638
0.0003996890991299495
3.698084627364201e-06
0.0
0.0
0.0
0.0
0.0
6.39381357546134e-06
1.0782463769071943e-05
0.0
0.0
3.5022430277280642e-06
0.00019035905302123863
0.001782523038424682
0.0020247777209273627
0.002047410330058497
0.0022159557882045875
0.0032920533957597206
0.0039721435918760204
0.004693940295534008
0.0036319143733040318
0.002186364430639997
0.0008580991410461939
0.00027150373563789194
2.527529636313087e-05
3.2116206525101157e-06
0.0
0.0
0.0
0.0
0.0
7.917369304977115e-06
1.3238664114211582e-05
0.0
0.0
2.4730736078328563e-06
6.001493992636297e-06
0.00045544458993706095
0.0006973386294620813
0.0007705713717715602
0.0010230320918517264
0.0008482543709392902
0.0005864772737500899
0.0012246401408473554
0.0013799965055229613
0.001576271680790049
0.0008261482770325104
0.00019986854401933836
4.979845720681243e-06
2.805117635443764e-06
0.0
0.0
0.0
0.0
0.0
8.238897729171491e-06
7.412847250892767e-06
0.0
0.0
2.714980864431106e-06
0.0006461471545385529
0.0024850079463771216
0.0026296022429286585
0.0017102780420448608
0.0017757118335483366
0.002747649716986333
0.003928083942690194
0.004940688329552825
0.004600468031849027
0.004278580060755025
0.0030833159189341207
0.0022352717917608227
0.0007008139809678537
1.998563088770075e-06
0.0
0.0
0.0
0.0
0.0
5.715106692025039e-06
1.0804892536496298e-05
6.15241072661182e-05
7.795568940106401e-05
0.0007695218039656845
0.00197842746788112
0.0025816441166006615
0.0025368609186561994
0.0026040571387761485
0.0017009472857916674
0.001336146861154054
0.0006494759308745471
0.0006095970890063985
0.00031114551005843817
0.00014031522454011492
2.3567719508348087e-05
0.0
1.0981859196498343e-06
2.0737021815315025e-06
0.0
0.0
0.0
0.0
0.0
8.369169592513903e-06
4.48574210993672e-06
1.9487865682003172e-06
1.269778994047893e-06
1.0419041726688087e-05
0.0003617949326269005
0.000739898711488847
0.001051108312512936
0.0011200798078879273
0.00017311302054012954
0.00034171258369507506
0.0006283070299077156
0.0010531588767378152
0.0011403632890000716
0.0013589230973807091
0.0005247890903222824
0.00010382884502587784
0.0
2.368438964491102e-06
0.0
0.0
0.0
0.0
2.4356985754826926e-06
6.958129371292495e-06
1.0969682337097443e-05
6.666420235307779e-07
0.0
3.549972887375333e-05
0.0007837683084001903
0.0021838368177283986
0.0019836776219722386
0.0017075163885856364
0.0017217226648667146
0.0022743816948508754
0.0022042073251478246
0.0023300103902985825
0.002254291329093751
0.002391226179310117
0.0016782934388272996
0.0005711971059874582
8.779233899930376e-06
2.753550055993159e-06
0.0
0.0
0.0
0.0
0.0
7.803295951976662e-06
1.5167374050574056e-05
8.02423957070762e-06
0.0
1.0565040841769794e-05
0.0002956461240157235
0.0009987950281419346
0.0006508425544441644
4.941306615718724e-05
3.106308747047363e-06
8.44339502289846e-06
1.449863578167663e-05
0.0003362493143454619
0.00012244311303458274
5.2243938046423565e-05
1.7047051067411499e-06
0.0
0.0
1.0413647125293456e-06
0.0
0.0
0.0
0.0
0.0
5.749936410440631e-06
4.525713620861195e-06
7.025072362929707e-07
0.0
3.096423648460405e-06
5.542809781675876e-06
0.00019362287018249308
0.00016789514315789905
3.860474221184677e-05
3.314395794754652e-05
0.00046134039429392864
0.0010548316402051751
0.0019296389356643527
0.0014252636794073851
0.0010153974291509961
0.0002590909347200161
4.598540194531791e-05
1.1630320145833867e-06
2.64290755567096e-06
0.0
0.0
0.0
0.0
0.0
5.599615750908558e-06
1.1023032692380772e-05
2.5676900442301193e-06
0.0
7.186403050111333e-06
0.0
0.0
0.0
0.0
0.0
1.0467567786384657e-05
3.239597574369084e-06
2.7737099630585275e-06
1.4490008218785372e-06
0.0
0.0
0.0
0.0
0.0
0.0
0.0
0.0
0.0
0.0
9.076021700074062e-06
7.872773895377403e-06
1.3516089306626723e-06
0.0
4.637771630566597e-06
5.789577071527348e-05
0.0008883804585748896
0.0006248533282514158
2.073688640694079e-05
0.0
0.00014210879226286735
0.00036052622290754546
0.001102245178428893
0.0008374451526042772
0.0002901332916931654
9.011474709905642e-06
8.830166120727672e-07
0.0
7.063229309597545e-07
0.0
0.0
0.0
0.0
0.0
9.042145923101145e-06
6.290914065507842e-06
2.8458415435152573e-06
1.6036687839011735e-06
7.689328730922095e-06
0.0
0.0
0.0
0.0
0.0
5.96580352372323e-06
0.0
4.797240894848406e-06
0.0
0.0
0.0
0.0
0.0
0.0
0.0
0.0
0.0
0.0
8.860851695453329e-07
1.0976429708730395e-05
9.200370284921514e-06
3.0140305849004734e-06
0.0
9.39590689307963e-06
0.0
0.0
0.0
0.0
0.0
1.2828424565991972e-05
0.00014505075497175607
0.0002970085258880345
3.337739056150506e-06
0.0
2.0157409235832537e-06
0.0
0.0
1.266578240793437e-06
0.0
0.0
0.0
0.0
0.0
1.0294700680299348e-05
8.738281005942079e-06
8.424192005409307e-07
0.0
1.5884584252436871e-06
3.5575238866588145e-06
0.00012588946273294998
2.1358573047825756e-05
3.029853019208147e-06
0.0
0.0003028501832509059
0.0010924516304852356
0.0015437437719014616
0.0009450427280602794
0.00041502590135997154
2.3970236259409523e-05
9.233429005302554e-07
0.0
1.1933000578068969e-06
0.0
0.0
0.0
0.0
0.0
9.2552513798761e-06
7.82365739290202e-06
0.0
0.0
1.076290679256622e-05
0.0
0.0
0.0
0.0
0.0
6.380807998885884e-06
2.143361056741316e-06
0.0
0.0
0.0
0.0
0.0
0.0
0.0
0.0
0.0
0.0
0.0
1.1743272620461058e-06
9.06235163401123e-06
1.1237404858320005e-05
2.5546311250659443e-06
0.0
4.271478758319573e-06
0.0
0.0
0.0
0.0
0.0
4.4154930466589144e-06
2.2248973235082e-06
2.5900866001372376e-06
0.0
0.0
0.0
0.0
0.0
1.1630339343197304e-06
0.0
0.0
0.0
0.0
1.2599558003753675e-06
6.809567458994833e-06
6.631256580835276e-06
0.0
0.0
1.152532951009087e-06
2.7779705024144548e-06
0.00022155831189373386
0.00018102150741355628
0.00014587629012517602
0.00029975473765166144
0.0013802125627663665
0.002518622786165239
0.003575791855119072
0.0034812855996075236
0.0034965028525686783
0.0027110737486392557
0.0016609494420340783
0.00018526136744826953
4.6020278580518784e-06
0.0
0.0
0.0
0.0
0.0
7.660002550805907e-06
1.1289078949078105e-05
2.0797007019987304e-05
5.425853857567776e-06
0.000423485923585769
0.0017690605260530954
0.0026886124825217035
0.002039539666309517
0.0016153661536882746
0.0015666306238501292
0.0026466726307224847
0.0026677566329350007
0.0031345707241089552
0.00313562943771754
0.0029138823249803113
0.002082814951944847
0.0010171680359469318
5.7302548378225026e-05
2.6620535274667283e-06
0.0
0.0
0.0
0.0
0.0
7.781836095473187e-06
7.950068340337772e-06
0.0
2.039599648424611e-06
9.059242301196233e-06
3.5812885576048205e-05
0.00022770732185259433
3.614556305150729e-05
1.2768221211035884e-05
0.00032893860365145806
0.0007734499954842096
0.00036118498279227363
0.0006728858994389192
0.0014409308004672999
0.0012082561138885425
0.0008401443568498211
0.00018260787921106132
1.1483786269044604e-06
3.986229815304476e-06
0.0
0.0
0.0
0.0
0.0
6.190913029749349e-06
4.388489202086425e-06
1.4893206345622554e-06
9.477312758338278e-07
1.0156246035770983e-05
7.419657595650741e-05
0.00037175556057415674
0.00039288988690640346
0.00035715367271042147
0.00028968059977383965
0.0008082668175447406
0.000869580084731241
0.001241598831571962
0.0011275594005254936
0.001119608347930562
0.00030533484455764185
3.6596650554946346e-05
0.0
1.675684041710512e-06
0.0
0.0
0.0
0.0
0.0
6.020754942983175e-06
6.666815189422651e-06
8.420043705637785e-07
0.0
3.1553546247634173e-06
0.0002862203563225694
0.0016363968546773758
0.0016881398792252648
0.0015466952909157393
0.0015252123769109466
0.002195648766800566
0.0029765640882003243
0.003750386438986148
0.0033480398205016373
0.002502973134408171
0.0013388163614651157
0.0003823137953928837
8.173700127664028e-06
2.772025131870939e-06
0.0
0.0
0.0
0.0
0.0
7.081002490831032e-06
8.707985933542605e-06
2.7636597971517985e-06
0.0
0.00047208788181593396
0.0017819681442523914
0.0029682002700522976
0.002990061676734797
0.0029558213870089093
0.002630739646713953
0.003147990778108778
0.004104943708939626
0.005014880336953834
0.004643684968208729
0.004388173856090066
0.0031110988096580807
0.0018172420403185581
0.0003856595259692412
3.893578818281221e-06
0.0
0.0
0.0
0.0
0.0
6.1500500476340714e-06
1.2461782626878089e-05
3.948181533912718e-06
0.0
0.00024461074984003656
0.0015108441932517103
0.002694314741985569
0.0026665544166134527
0.0024261955584093326
0.002168831433045921
0.0028908024796022442
0.003771862523292469
0.004579016816330375
0.003945828394409539
0.0031750714519179824
0.0016907496375207964
0.00036666603613988246
4.978710868757995e-06
2.9614023715676975e-06
0.0
0.0
0.0
0.0
0.0
3.5155299632125324e-06
9.128414943715284e-06
0.0
0.0
1.4907880858679806e-06
2.3761413692954345e-05
0.0007378873213507715
0.0012351621043080825
0.0012535436282244056
0.0013161537484270582
0.0023116114889326655
0.003147561804017382
0.0038689792402539455
0.003526415602099108
0.003423832947723538
0.0019983283808454985
0.0004460415394961195
3.7825392773364833e-06
3.5168580027344352e-06
0.0
0.0
0.0
0.0
0.0
6.707235056259315e-06
7.040095072740081e-06
0.0
3.062387948760896e-06
2.7796082389510463e-05
0.0004458931940606863
0.0016627943112207761
0.0015120132465207534
0.001065732186897389
0.0006900858970138841
0.0013500051075234047
0.002213976613207069
0.0029325131912996305
0.0023858119300324407
0.0019252086759397632
0.000522870010360771
2.4205128980783725e-05
1.4962165895923286e-06
2.202021635978653e-06
0.0
0.0
0.0
0.0
0.0
8.55124854893486e-06
7.129661374591393e-06
1.3222132497304532e-06
9.949475275329323e-07
3.4083795906794633e-06
8.364015569325624e-05
0.00042417819180172656
0.0007554394570340615
0.0002170190121059578
2.0047393155093498e-06
0.00012629794303405025
0.00023525396251139976
0.0008588974369821101
0.0010311258915230309
0.00035749866657943313
4.967907685421835e-05
0.0
0.0
0.0
0.0
0.0
0.0
0.0
0.0
1.1613674767741925e-05
9.985008653114754e-06
0.0
0.0
7.113719855460732e-06
6.60454683316166e-05
0.00021304625667756475
0.0
0.0
6.919939596279135e-05
0.00035145478748041184
8.479858933247113e-05
0.00011862271466661764
1.2774104326926496e-05
3.9546779736762466e-05
2.250379384808906e-06
1.391373993516436e-06
0.0
1.3528013079520432e-06
0.0
0.0
0.0
0.0
0.0
9.096698077839738e-06
1.0182821229244969e-05
1.096085746673755e-06
0.0
1.2985844983371952e-06
0.0
0.00017897417909727687
5.6195853886045584e-05
8.674436861863446e-07
0.0
1.8051573911337508e-05
3.284487430954576e-05
0.00026003010650892924
4.1198469647630614e-05
2.2154120666308053e-05
0.0
0.0
0.0
0.0
0.0
0.0
0.0
0.0
0.0
1.0071900750695066e-05
1.0062420675071461e-05
1.2636139831503806e-06
0.0
1.6438631893651782e-06
1.7311371843096617e-06
0.0003942512977082335
0.00017659023430817002
0.00019830749884810236
0.00033353359746597357
0.0009710962928944062
0.001290514465357007
0.0015646070880876533
0.00047730020288094246
0.0002300988375957836
2.0324080923524125e-05
1.8093872110293837e-06
1.252181478420451e-06
9.573293806602217e-07
0.0
0.0
0.0
0.0
0.0
7.579188084497898e-06
9.01569738598201e-06
1.209989001990409e-06
1.1548622759423813e-06
2.8545603272866583e-06
8.50118247281028e-05
0.001052067723325666
0.0015717578259909217
0.0014670489510744858
0.0012928601580614093
0.0018450945593821413
0.0027948817174858987
0.003496761802652758
0.0031685672704381915
0.0031225091765316377
0.0022988277367852134
0.0011309053111163902
6.803233819756239e-05
4.743340415910808e-06
0.0
0.0
0.0
0.0
0.0
7.945893258773795e-06
1.1919082890318001e-05
0.0
5.655571792984455e-07
0.00024846405069551896
0.0016979866461873153
0.0029236475637255447
0.003193772559860508
0.0031152236710584418
0.003048939237616451
0.0037950611593267486
0.004668944917795751
0.005539815748400756
0.004868148362109052
0.004254977371765139
0.0026935278653978053
0.0009684513410576244
3.010351810551557e-05
2.207451200915846e-06
0.0
0.0
0.0
0.0
0.0
6.986720240424613e-06
6.282932880448768e-06
2.063558278667024e-06
0.0
0.00015582271139860996
0.0012304513795028458
0.002677086233968276
0.0028474640602388535
0.0025904349002644957
0.0028553076078634376
0.004368418055469786
0.005944582965689713
0.0061657148180655
0.0047400495521348444
0.004149823545773613
0.0032066566557711162
0.002031781997638093
0.000997363957767744
0.0
0.0
0.0
0.0
0.0
0.0
4.191970189244491e-06
7.77775281570228e-06
3.381237403414264e-06
5.681189809575498e-07
0.0005007174006136732
0.0017640483692768726
0.0028244074764778963
0.0035680957067701557
0.003954946324434109
0.0032216678063318066
0.0030598820092341016
0.003596951667835919
0.00394634893580409
0.0031145702523398145
0.0022959903127659767
0.0018930142958479038
0.001040775014665062
8.827218917705702e-05
5.5188689827045545e-06
0.0
0.0
0.0
0.0
0.0
8.91867651375072e-06
7.946003076178784e-06
3.5416390616019815e-06
1.563219276456936e-06
1.8468072351238034e-05
0.0006140213903892589
0.00201652844471915
0.002342456743696878
0.0024679885853279523
0.002543313855564968
0.003347367160371881
0.003807966856495907
0.0043834899522592575
0.0029809732661934705
0.0017251750458325708
0.000375720644014371
2.731764738690426e-05
0.0
4.246766566731286e-06
0.0
0.0
0.0
0.0
0.0
1.1180142601467433e-05
1.313042768277944e-05
9.415624677808432e-07
0.0
3.79374404647223e-06
0.0003187032963074207
0.001295449825614354
0.0009959351637465186
0.0005757041278733664
0.0004936615926211377
0.0011457657620562098
0.0019123426072480774
0.0026556213822224663
0.0022398091520745168
0.0019756216276847743
0.0009628680321426508
0.0002401872492159175
1.238608632703609e-05
0.0
0.0
0.0
0.0
0.0
0.0
9.813654263971682e-06
1.5227768326476962e-05
3.3766409862853796e-06
0.0
8.397048242122729e-06
0.0
6.545149609773978e-06
7.397767047969101e-07
1.4727027385295877e-06
0.0
9.24213602350389e-06
3.8622960678710346e-05
0.00043554173168594264
0.00016403601369897837
7.704581663587872e-05
1.7863016601157164e-06
1.5437612348724415e-06
0.0
0.0
0.0
0.0
0.0
0.0
0.0
1.125905711658688e-05
1.0923923556248193e-05
0.0
0.0
6.931737786755836e-06
6.411536521326106e-07
0.00023010402711157938
0.0001435836919836557
7.86228781431452e-06
0.0
0.0002552787083292679
0.0005597754438044028
0.0014107435232750191
0.0010139520467113414
0.00027396047854950787
2.008939138098178e-06
0.0
0.0
0.0
0.0
0.0
0.0
0.0
0.0
8.727992536573444e-06
1.2920126490919045e-05
2.8795807120878206e-06
0.0
1.4650427644660433e-06
0.0001611806355581927
0.001244659105173129
0.0011052349369685792
0.0006321440380278148
0.0006111773578425356
0.001529731920199754
0.00219705487406774
0.0028574687220868093
0.002483418246593101
0.0022252214558850067
0.0015034320229003104
0.000392221243195206
2.3677266991938577e-06
2.3637653696546694e-06
0.0
0.0
0.0
0.0
0.0
6.568431228367645e-06
6.347806732625456e-06
2.1558486425924163e-06
0.0
3.8045231979728783e-06
0.00028435306731738907
0.0013514454832399677
0.0015510281129455098
0.0011523423642745038
0.0011605406620071315
0.002271030774248074
0.003116432202788115
0.003753511368604142
0.003166382572387143
0.0025584959635209224
0.0013589093435521682
0.00045172777262566453
1.5443164102515787e-05
3.751352071271783e-06
0.0
0.0
0.0
0.0
0.0
8.305473966114714e-06
6.670018746131477e-06
3.3841477895158388e-06
1.3847510704999735e-06
7.78930053160564e-05
0.001147532442428189
0.002136108695869002
0.002328584055730021
0.0026805215145278448
0.003623424815817854
0.005128483990391454
0.0057887488797204595
0.006772650719801494
0.005617592410175172
0.004417584581716153
0.004114330912456655
0.002923326390559474
0.0011384587104209746
2.4823520031287996e-06
0.0
0.0
0.0
0.0
0.0
1.3740771553161732e-05
8.94351072701056e-06
0.0
0.0
1.083440815985027e-05
0.0
2.335416446868861e-06
0.0
0.0
0.0
9.297095505963924e-05
0.0002382055192965889
0.0004658942237158893
0.0003238212209950004
0.0002074658960462423
7.378392252507674e-06
8.539511196929333e-07
0.0
7.722284021170746e-07
0.0
0.0
0.0
0.0
0.0
5.523717075745787e-06
5.900958881060816e-06
5.383928463836718e-07
0.0
2.1478066759983064e-06
7.8490237287205e-05
0.0008651511911649013
0.001151728932976045
0.0010539261287523423
0.0011679592488152838
0.002312376489504211
0.003143397366182726
0.003969047660369546
0.003501891059642546
0.0029351097334121183
0.0015256702390346205
0.0002646076653642581
9.454171801763126e-07
3.460480067186409e-06
0.0
0.0
0.0
0.0
0.0
8.699236519045412e-06
1.2244232076222397e-05
2.8232722993582066e-06
0.0
4.605658902484718e-06
0.00016176481414278095
0.0007537262993401126
0.00021161411791710145
3.82850983580385e-05
0.00021632174660059326
0.0005292092870893028
0.000768596944651131
0.0021504480820021396
0.0018188231438656254
0.0013130195291167442
0.0003146376069737827
1.4981748177338281e-05
9.85102711775441e-07
1.3018833869237829e-06
0.0
0.0
0.0
0.0
0.0
9.115007039514882e-06
9.05159563063813e-06
1.1639174562473944e-06
0.0
1.524383241346857e-06
2.528249545175312e-06
0.0005180545211318246
0.0005307504584895212
0.00015830615841972345
8.902882447594469e-05
0.00046545521441424307
0.0010694443232455335
0.0017795643527279185
0.001236249023869379
0.000894468729112858
0.00011309760004002004
9.002464398102496e-07
1.1398078526624888e-06
1.0834682968060605e-06
0.0
0.0
0.0
0.0
0.0
9.221677516398267e-06
1.0408833795789175e-05
0.0
0.0
4.060404612973978e-06
0.0
0.0
0.0
0.0
0.0
9.496128805906291e-06
2.725136143960618e-06
3.67275659634734e-06
0.0
0.0
0.0
0.0
0.0
0.0
0.0
0.0
0.0
0.0
0.0
1.0113271539313195e-05
1.144186597892807e-05
1.2654167691768918e-06
0.0
6.263808255862361e-06
0.0
8.601983366577594e-06
0.0
1.6687680968446501e-06
0.0
2.0202820122307743e-05
0.00028516272995085214
0.0005688643203790205
0.0003256829357751855
4.701382798070128e-05
1.973622222734962e-06
0.0
0.0
0.0
0.0
0.0
0.0
0.0
6.382456771152205e-07
6.517866945559981e-06
5.599775532577439e-06
0.0
6.00942960465563e-07
1.523649410264988e-06
0.0
0.0
6.156455835822377e-06
2.171864049868646e-06
2.4659657823374786e-06
0.000323462709311001
0.00044401327869934853
0.0008480740212003948
0.000511058513909913
0.00017562595343685163
1.8527833944391425e-05
0.0
8.274466075056321e-07
1.3226275357456131e-06
0.0
0.0
0.0
0.0
0.0
1.0176513835674632e-05
8.588231522911845e-06
2.4221605941939513e-06
0.0
5.673746283972277e-06
0.0
0.0
0.0
0.0
0.0
7.659426916752672e-06
2.2180867021172626e-06
4.4082596378205055e-05
0.0
0.0
0.0
0.0
0.0
0.0
0.0
0.0
0.0
0.0
1.0891678146309076e-06
8.969195295049363e-06
1.0328716550650182e-05
1.1905006389381231e-06
0.0
3.513288191963359e-06
0.0
3.7731628080556e-06
8.05772159811969e-07
1.642053906335554e-06
0.0
4.034031707682144e-06
1.0830101982371295e-05
9.719856082379199e-05
0.0
0.0
8.289897647906279e-07
0.0
0.0
0.0
0.0
0.0
0.0
0.0
8.035873514134136e-07
8.047938030286138e-06
9.21521141322692e-06
0.0
0.0
2.556141447447319e-06
0.0
0.0
0.0
0.0
1.4480811866031047e-06
1.632260310032924e-05
7.021807595064064e-05
0.0002617095565343963
1.2720018102371698e-05
0.0
1.2627357070286308e-06
0.0
0.0
1.1180776075552908e-06
0.0
0.0
0.0
0.0
9.771872842904592e-07
8.004373875856759e-06
7.928610055798232e-06
0.0
0.0
4.547901610710849e-06
0.0
0.0
6.6559077417374905e-06
2.619727182901389e-06
1.281899062908989e-06
1.0939206051521687e-05
0.00019943864289897697
0.0005235273668963384
0.00024280720351640611
0.00010512877573362352
4.8529338440030545e-06
0.0
0.0
0.0
0.0
0.0
0.0
0.0
0.0
9.855521828930017e-06
1.2495012368218339e-05
2.806961050197143e-06
0.0
2.98769544207273e-06
0.0
4.320445868668786e-06
0.0
9.491084094195129e-07
0.0
2.5596186503542218e-05
0.0002620371076308144
0.0004479055710241577
0.00017663678268542042
4.170054517580816e-05
1.9124434010056856e-06
0.0
0.0
6.867315448920038e-07
0.0
0.0
0.0
0.0
4.054261792647565e-06
6.881022140819112e-06
7.771717664856234e-06
0.0
0.0
2.1444718802114245e-06
0.0
0.0
6.006418672999388e-07
0.0
1.347944755179464e-06
6.158933088243141e-05
0.0002960954574204717
0.0008809423221240511
0.0006582951071249404
0.0003923999634410668
3.463256550556875e-05
2.006702148624751e-06
0.0
6.952115803273473e-07
0.0
0.0
0.0
0.0
1.2173079720811514e-06
7.05990602547864e-06
4.565727709845116e-06
4.716441598094665e-07
4.201007594238339e-07
2.177544624024802e-06
1.0164769954798379e-05
0.00023377501224740839
0.0005665499182331874
0.0008400249279710464
0.0010731472851672641
0.0021931648506937056
0.0026357352704531895
0.003585319454557898
0.003458056932276713
0.002577946514982494
0.0016762598232886428
0.00035491493815718525
1.1920011899014433e-06
1.9347868871579937e-06
0.0
0.0
0.0
0.0
0.0
7.443714334183312e-06
4.305553535404915e-06
3.217381432693696e-06
1.1306023122126116e-06
6.937913774518226e-05
0.0004017470126309642
0.0011537821796655508
0.001260125279794901
0.0015440973471870683
0.0017046634043528031
0.002464516565617264
0.002844276983875777
0.0030730714263881758
0.0021893066736537394
0.0017514246366147396
0.0006002811734714073
3.491193030540055e-05
0.0
2.6233728930145927e-06
0.0
0.0
0.0
0.0
0.0
1.0008895314406024e-05
9.504436518601928e-06
0.0
0.0
5.515922912535324e-06
0.00044535622210626404
0.0021078805991400335
0.0019792174822824667
0.0018897107173474856
0.0020142259276662382
0.002905467793730918
0.003846850544592363
0.004399587169373296
0.0034495248782432093
0.002765675106218312
0.0015965546867786487
0.0002727362073946835
2.193482404571608e-06
2.161904958542457e-06
0.0
0.0
0.0
0.0
0.0
9.119306033998514e-06
8.778023340938142e-06
5.988359771335259e-07
0.0
1.8274481154210128e-05
0.0008756431115170925
0.0022712217642461767
0.002844846817179954
0.003327028441667511
0.0033286819661024884
0.004006986357943112
0.004857283019355578
0.004895643368259575
0.004032324706609854
0.002226046133995795
0.00012933853308362108
2.1721631542359623e-06
0.0
0.0
0.0
0.0
0.0
0.0
0.0
9.487929239301967e-06
1.0501500746355964e-05
0.0
0.0
2.602721639279573e-06
6.639420223303617e-05
0.000626418059701697
0.0005448001283150639
0.00023955414891729804
0.0002152421420571841
0.0008908817619766686
0.001640513601941641
0.0023848107820962014
0.001970632461768262
0.0015096931174882753
0.00026987960822751306
2.008757167810803e-06
1.4001840165188405e-06
1.2445986539000187e-06
0.0
0.0
0.0
0.0
0.0
9.331393421089929e-06
9.27220283851577e-06
0.0
0.0
5.887763558944915e-06
0.0
7.285260458482527e-06
0.0
1.940334307565551e-06
1.3063792021593941e-05
0.00047860024148113666
0.001275991909051945
0.0020932340819829576
0.001696542975583376
0.0013769918062620367
0.0003193007005266433
1.1993522787421396e-05
1.8959406426107097e-06
1.5663220695594187e-06
0.0
0.0
0.0
0.0
0.0
1.0267197006611354e-05
1.2470050588369879e-05
0.0
0.0
4.2014003429905685e-06
5.96916602025139e-06
0.0002971408281417527
0.00042323030576002637
0.0006696014922409792
0.0011057902909571563
0.001945719597487835
0.0011589967486135366
0.00126913840677322
0.0011016532653862594
0.0009051445439371535
0.00012099427066307064
1.0189237136512015e-06
0.0
1.4061354003238426e-06
0.0
0.0
0.0
0.0
0.0
8.98008763222698e-06
4.582103133080322e-06
0.0
1.1207687936538517e-06
1.550553143241555e-06
0.0
0.0
0.0
0.0
0.0
0.0002890961719410384
0.0004461530507418468
0.001015980059147715
0.0009040327631774749
0.00029066783753108375
4.166779726360269e-05
1.0512010779127313e-06
0.0
1.2414305601896312e-06
0.0
0.0
0.0
0.0
0.0
8.598550660804128e-06
5.7104291911015755e-06
0.0
0.0
9.783299557060346e-06
0.0
0.0
0.0
0.0
0.0
2.8851774868908256e-06
8.801939758445171e-07
3.4870698487795074e-06
0.0
0.0
0.0
0.0
0.0
0.0
0.0
0.0
0.0
0.0
1.0470811390346282e-06
1.067978189847465e-05
1.3291813523227645e-05
2.9664090583407534e-06
0.0
7.543488266557914e-06
0.0
0.0
0.0
0.0
0.0
9.459433559534877e-06
2.719430190797818e-06
0.0
0.0
0.0
0.0
0.0
0.0
0.0
0.0
0.0
0.0
0.0
1.201092809853427e-06
1.105850366176451e-05
1.3724752332195451e-05
3.054048744237438e-06
0.0
3.1077825326988664e-06
0.0
0.0
0.0
1.2812363946045643e-06
0.0
9.740179651345309e-06
6.309528671314771e-06
0.00013900702530939712
0.0
0.0
0.0
0.0
0.0
1.2440450447307847e-06
0.0
0.0
0.0
0.0
1.1752616571435432e-06
9.580027868405307e-06
1.2275339090489296e-05
2.7819522101220137e-06
0.0
2.896456451930315e-06
0.0
0.0
1.0654751752542518e-06
1.1257482039442121e-06
0.0
3.185335861305354e-05
0.00030455788849922304
0.0006757987187568234
0.00031483438051079686
8.488936356318492e-05
1.3363561607765283e-06
0.0
0.0
1.242447626537611e-06
0.0
0.0
0.0
0.0
6.861662890613254e-07
8.915329105932104e-06
8.769153702933524e-06
0.0
0.0
3.379684335680161e-06
0.0
9.387953746076642e-07
8.252683940075501e-07
0.0
0.0
8.22231485729308e-06
7.714412010776838e-05
0.000400054459993524
6.431127608323677e-05
0.0
1.3070071745515429e-06
0.0
0.0
1.2681737357930006e-06
0.0
0.0
0.0
0.0
1.0792040513486936e-06
9.212004896797089e-06
1.1538914049233508e-05
1.3642021537548413e-06
0.0
2.841250724149665e-06
0.0
7.632686902735239e-06
6.45616363057112e-07
1.8235527871476562e-06
1.5074911571851891e-06
1.0605768399575121e-05
3.419253200441547e-06
0.00012791545661285843
0.0
0.0
0.0
0.0
0.0
0.0
0.0
0.0
0.0
0.0
1.219030524151009e-06
1.041114020615584e-05
8.78044340213658e-06
2.6264928944290595e-06
0.0
5.848556428890027e-06
0.0
4.4680880121128727e-05
6.634288616927843e-06
0.0
0.0
7.61557781986034e-06
0.0
2.6455407765249245e-06
0.0
0.0
0.0
0.0
0.0
0.0
0.0
0.0
0.0
0.0
1.4412130994917967e-06
8.2361868509767e-06
6.931483286202773e-06
9.424791482676269e-07
0.0
7.484622742294296e-06
0.0
0.0
0.0
0.0
0.0
6.672910203330895e-06
8.924509868895736e-07
0.0
0.0
0.0
0.0
0.0
0.0
9.783181741551952e-07
0.0
0.0
0.0
0.0
5.4797075753266204e-06
6.827798157584349e-06
7.767688849221603e-06
8.887261315011014e-07
0.0
1.1339456905135391e-06
0.0
0.0
0.0
0.0
0.0
5.651034726105503e-06
9.575839269667103e-07
2.5334855550115393e-06
0.0
0.0
0.0
0.0
0.0
9.609614708209344e-07
0.0
0.0
0.0
0.0
4.926148297780096e-06
6.729452465678796e-06
7.69939658308042e-06
8.01020669785001e-07
0.0
1.4603927830062164e-06
0.0
0.0
0.0
1.384301864446894e-06
0.0
1.635870830871057e-05
0.0002083451198639824
0.00039728337406648646
5.8778068575366955e-05
0.0
1.0438814031733473e-06
0.0
0.0
9.960535606996106e-07
0.0
0.0
0.0
0.0
2.0331920927993077e-06
7.012158998780199e-06
7.058582963612948e-06
9.580969033390451e-07
0.0
4.4637274732190285e-06
0.0
0.0
0.0
0.0
0.0
5.593581326654783e-06
0.0
7.611244178315001e-07
0.0
0.0
0.0
0.0
0.0
0.0
0.0
0.0
0.0
0.0
1.7894926531787654e-06
9.151283547621134e-06
1.1411763857184038e-05
2.5279235898702386e-06
0.0
6.248160853524669e-06
0.0
0.0
0.0
0.0
0.0
8.726086820444816e-06
2.6438440425770178e-06
2.91108427793803e-06
0.0
0.0
0.0
0.0
0.0
0.0
0.0
0.0
0.0
0.0
4.645598263633818e-06
5.585667978949821e-06
1.0261825596906948e-05
1.3041335461122648e-06
0.0
1.7915384521025887e-06
0.0
0.0
0.0
0.0
0.0
8.617197040355776e-06
3.1713719805503912e-06
6.2959960323018355e-06
9.107746624766637e-07
0.0
0.0
0.0
0.0
0.0
0.0
0.0
0.0
0.0
3.6621310066518085e-06
7.921328312843818e-06
6.872271586313901e-06
2.0128094818911384e-06
2.855362168028968e-06
3.903285131523602e-06
0.0
0.0
0.0
0.0
0.0
6.514135803118529e-06
0.0
0.00018414051720356707
1.950605350689207e-05
1.546462283476685e-06
0.0
0.0
0.0
1.046578963402297e-06
0.0
0.0
0.0
0.0
3.5658419060344107e-06
7.174127229812905e-06
5.902183329252096e-06
1.035754496080452e-06
0.0
2.396551047175445e-06
0.0
0.0
0.0
0.0
0.0
4.460412439228339e-06
1.1366262040324352e-06
0.0
0.0
0.0
0.0
0.0
0.0
0.0
0.0
0.0
0.0
0.0
1.5994949041648598e-06
8.639934912649057e-06
7.390091150657814e-06
2.2533694223685336e-06
0.0
1.0423554859355646e-05
0.0
0.0
0.0
0.0
0.0
7.563978317057434e-06
0.0
0.0
0.0
0.0
0.0
0.0
0.0
1.0978666748101003e-06
0.0
0.0
0.0
0.0
5.718197113666669e-06
5.986231719732389e-06
9.696482989406038e-06
2.1892610643449564e-06
0.0
4.939198541892339e-06
0.0
0.0
0.0
0.0
0.0
1.8859148200405358e-06
0.0
0.0
0.0
0.0
0.0
0.0
0.0
0.0
0.0
0.0
0.0
0.0
5.5561576010733404e-06
7.738574376606255e-06
9.998873994862685e-06
0.0
0.0
4.956228636971506e-06
0.0
0.0
0.0
0.0
0.0
1.625448387437547e-06
0.0
1.2119880639841254e-06
0.0
0.0
0.0
0.0
0.0
1.0149508637902605e-06
0.0
0.0
0.0
0.0
5.796119028774816e-06
6.897343328074059e-06
7.789916937824464e-06
8.06118436424601e-07
0.0
1.9156534248623873e-06
0.0
0.0
0.0
0.0
0.0
1.68636890153616e-05
2.884268547109004e-06
2.124662848492693e-06
8.282661430514885e-07
0.0
0.0
0.0
0.0
9.854598693354373e-07
0.0
0.0
0.0
0.0
5.0162074159270325e-06
6.57235601325903e-06
8.129986788767284e-06
9.578171923382775e-07
0.0
1.0826354693954643e-06
0.0
0.0
0.0
0.0
0.0
7.73609168054734e-06
1.4490366755807336e-06
3.1835724523678125e-06
7.587464700372909e-07
0.0
0.0
0.0
0.0
1.0009450937285347e-06
0.0
0.0
0.0
0.0
5.550925165878626e-06
6.521250456582194e-06
5.515658446522861e-06
1.4178703700602858e-06
4.3127721828333925e-07
1.504760328167772e-06
0.0
0.0
0.0
0.0
0.0
9.597297220927083e-06
1.2242272048326407e-06
2.493237395560774e-05
0.0
9.976875823462817e-07
0.0
0.0
0.0
9.86694854221871e-07
0.0
0.0
0.0
0.0
1.984493671036733e-06
7.479795315053926e-06
6.100582499094045e-06
9.505561246569384e-07
0.0
2.8470327262048684e-06
0.0
0.0
0.0
0.0
0.0
5.629192124960223e-06
2.164926366301082e-06
2.552704442036797e-06
0.0
0.0
0.0
0.0
0.0
1.021880847709405e-06
0.0
0.0
0.0
0.0
5.1576942943473644e-06
6.231768905901619e-06
9.653128352249906e-06
1.1575381122231679e-06
0.0
4.333578772229186e-06
0.0
0.0
0.0
0.0
0.0
9.541951323830867e-06
1.1346088281873639e-06
1.528499939263172e-06
0.0
0.0
0.0
0.0
0.0
0.0
0.0
0.0
0.0
0.0
5.4692562238247395e-06
7.004248645613894e-06
7.986779281505066e-06
8.854175349748615e-07
0.0
1.230106608248991e-06
0.0
0.0
0.0
0.0
0.0
7.257679385363474e-06
1.0929700358172949e-06
3.21373430146691e-06
8.638739218765932e-07
0.0
0.0
0.0
0.0
0.0
0.0
0.0
0.0
0.0
3.68755046306567e-06
8.09962593784336e-06
9.85813083789557e-06
2.2927160110190555e-06
0.0
2.35958654977772e-06
0.0
0.0
0.0
0.0
0.0
7.655967107732878e-06
2.3750813314425223e-06
1.2104286327712627e-06
0.0
0.0
0.0
0.0
0.0
0.0
0.0
0.0
0.0
0.0
4.513487805305779e-06
8.098857206652055e-06
9.922645871471659e-06
2.22782448126048e-06
0.0
4.845408680334982e-06
0.0
0.0
0.0
0.0
0.0
4.0407111572322546e-06
0.0
0.0
0.0
0.0
0.0
0.0
0.0
9.588098866042306e-07
0.0
0.0
0.0
0.0
5.900402217150494e-06
4.796190408621329e-06
6.2569062023332545e-06
8.454041087234601e-07
0.0
1.4487162948308474e-06
0.0
0.0
0.0
0.0
0.0
8.615794033066513e-06
1.7469104422880818e-06
3.3595042430952756e-06
7.379190328950501e-07
0.0
0.0
0.0
0.0
9.590963747960217e-07
0.0
0.0
0.0
0.0
5.651350578929767e-06
6.504933441106486e-06
5.111677727043911e-06
1.6939869838019309e-06
6.60418899420066e-07
1.5073862035602155e-06
0.0
0.0
0.0
0.0
3.0620405495350983e-06
9.452366444072193e-06
0.0
5.116722653296211e-05
0.0
0.0
0.0
0.0
0.0
9.888094958885244e-07
0.0
0.0
0.0
0.0
5.197747716017109e-06
6.7942032903895775e-06
6.588883133268097e-06
8.295406814830503e-07
0.0
2.6721045426593097e-06
0.0
0.0
0.0
0.0
0.0
7.754222719601692e-06
3.0943078103803478e-06
1.3529472495638867e-06
6.622011976679815e-07
0.0
0.0
0.0
0.0
9.951614190305183e-07
0.0
0.0
0.0
0.0
5.618875052639916e-06
6.9158495511432695e-06
8.738511118895965e-06
1.0421006276427112e-06
0.0
1.5139385854726301e-06
0.0
0.0
0.0
0.0
0.0
6.7245541108537674e-06
3.366668706040794e-06
2.5670467204417626e-05
1.3467781749215517e-06
0.0
0.0
0.0
0.0
9.609709990200594e-07
0.0
0.0
0.0
0.0
3.414805994169592e-06
6.745104245983443e-06
1.007717331819331e-05
0.0
0.0
4.62353912947214e-06
0.0
0.0
0.0
0.0
0.0
8.363668231429208e-06
5.8005627445397425e-06
4.084826176365001e-06
6.779229315976214e-07
0.0
0.0
0.0
0.0
0.0
0.0
0.0
0.0
0.0
1.4870070973465046e-06
7.868686916106776e-06
1.007291072257068e-05
2.1624243082744157e-06
0.0
2.9749694304993066e-06
0.0
0.0
0.0
0.0
0.0
5.537321559709096e-06
2.167168088281242e-06
2.3881159777263344e-06
0.0
0.0
0.0
0.0
0.0
0.0
0.0
0.0
0.0
0.0
5.591579862143617e-06
8.36756638075281e-06
1.083556318027032e-05
2.5134001968762037e-06
0.0
5.700353461828476e-06
0.0
0.0
0.0
0.0
0.0
3.5462453976791377e-06
1.802288338790972e-06
1.961469038290248e-06
0.0
0.0
0.0
0.0
0.0
0.0
0.0
0.0
0.0
0.0
5.93295719058431e-06
6.889204966939149e-06
8.261518150634394e-06
1.844293963682361e-06
0.0
3.864662432596684e-06
0.0
0.0
0.0
0.0
0.0
5.888001258322924e-06
9.273178656486906e-07
8.838534811155692e-07
0.0
0.0
0.0
0.0
0.0
0.0
0.0
0.0
0.0
0.0
6.3366469364961415e-06
6.697900270291447e-06
5.506237342525403e-06
1.5053195327485301e-06
1.1237635955776808e-06
3.630639209619924e-06
0.0
0.0
0.0
0.0
0.0
5.482112384343831e-06
0.0
9.276057855183569e-07
0.0
0.0
0.0
0.0
0.0
0.0
0.0
0.0
0.0
0.0
5.899430918939179e-06
7.225193606003784e-06
6.025150070412111e-06
1.737547426532822e-06
0.0
7.270007281977106e-06
0.0
0.0
0.0
0.0
0.0
6.055526540162193e-06
1.6495125674185825e-06
0.0
0.0
0.0
0.0
0.0
0.0
0.0
0.0
0.0
0.0
0.0
6.436413109295625e-06
6.342311030117655e-06
7.651382043953944e-06
1.8500032772752182e-06
0.0
1.7959320162824568e-06
0.0
0.0
0.0
0.0
0.0
5.866748386196621e-06
8.114566082160592e-07
0.0
0.0
0.0
0.0
0.0
0.0
0.0
0.0
0.0
0.0
0.0
6.430316492018157e-06
6.545056650591046e-06
8.069579885844204e-06
1.8794468298112338e-06
0.0
1.8168842575747448e-06
0.0
0.0
0.0
0.0
0.0
5.919473204940628e-06
0.0
8.583836498759286e-07
0.0
0.0
0.0
0.0
0.0
0.0
0.0
0.0
0.0
0.0
6.711128448403104e-06
6.680626305501878e-06
8.35778354958696e-06
1.8593613217969664e-06
0.0
3.7057999796843655e-06
0.0
0.0
0.0
0.0
0.0
5.850868378376656e-06
8.249511850754325e-07
0.0
0.0
0.0
0.0
0.0
0.0
0.0
0.0
0.0
0.0
0.0
5.92469151901854e-06
6.265524081764527e-06
7.750850346981408e-06
0.0
0.0
1.2609390598099481e-06
0.0
0.0
0.0
0.0
0.0
5.76570856081397e-06
0.0
5.346456983710978e-07
0.0
0.0
0.0
0.0
0.0
0.0
0.0
0.0
0.0
0.0
6.170142834188187e-06
6.172322200630264e-06
7.257338234179625e-06
0.0
0.0
3.5751510004134095e-06
0.0
0.0
0.0
0.0
0.0
5.7039210720240065e-06
0.0
8.246922196336359e-07
0.0
0.0
0.0
0.0
0.0
0.0
0.0
0.0
0.0
0.0
6.424054798665676e-06
6.014254663480632e-06
4.921951206230997e-06
0.0
6.873843396385482e-07
2.0783593175053974e-06
0.0
0.0
0.0
0.0
0.0
3.2626060525579197e-06
0.0
5.112612510843031e-07
0.0
0.0
0.0
0.0
0.0
0.0
0.0
0.0
0.0
0.0
6.751334289750739e-06
6.126361049763436e-06
5.924680927923048e-06
8.431666697247244e-07
0.0
7.438504860867958e-06
0.0
0.0
0.0
0.0
0.0
5.7146186733885905e-06
0.0
0.0
0.0
0.0
0.0
0.0
0.0
0.0
0.0
0.0
0.0
0.0
4.928697196688523e-06
7.3822804566864404e-06
9.486843398387704e-06
2.2220844433035324e-06
0.0
5.51384542891909e-06
0.0
0.0
0.0
0.0
0.0
6.67902765951705e-06
0.0
1.0399788020414087e-06
0.0
0.0
0.0
0.0
0.0
9.446689123858645e-07
0.0
0.0
0.0
0.0
6.522288315646204e-06
6.499535373287075e-06
8.315874733376964e-06
1.8578378918453505e-06
0.0
1.8104749389966086e-06
0.0
0.0
0.0
0.0
0.0
5.3981207471853164e-06
0.0
0.0
0.0
0.0
0.0
0.0
0.0
0.0
0.0
0.0
0.0
0.0
4.485004522736971e-06
7.5607444300945415e-06
9.567947824243272e-06
2.128911678134365e-06
0.0
4.471613438053536e-06
0.0
0.0
0.0
0.0
0.0
6.386213560339944e-06
0.0
0.0
0.0
0.0
0.0
0.0
0.0
0.0
0.0
0.0
0.0
0.0
6.6052879797220005e-06
6.548942320515289e-06
8.0156002499526e-06
1.8587465419826857e-06
0.0
2.1655352547789553e-06
0.0
0.0
0.0
0.0
0.0
6.804321573146783e-06
9.119770984390078e-07
8.975347036033608e-07
0.0
0.0
0.0
0.0
0.0
0.0
0.0
0.0
0.0
0.0
4.707743191593686e-06
7.387573513120617e-06
9.13460764260694e-06
2.212565186595061e-06
0.0
4.537927239149408e-06
0.0
0.0
0.0
0.0
0.0
6.544483240508958e-06
0.0
8.917991441261512e-07
0.0
0.0
0.0
0.0
0.0
0.0
0.0
0.0
0.0
0.0
5.363421018320459e-06
7.095852075837854e-06
4.440530098538014e-06
0.0
2.8019917222037727e-06
3.3916834293874786e-06
0.0
0.0
0.0
0.0
0.0
4.815124285868677e-06
0.0
9.497149373814358e-07
0.0
0.0
0.0
0.0
0.0
0.0
0.0
0.0
0.0
0.0
6.1685785911469116e-06
6.7938127824701305e-06
5.5931621469107745e-06
0.0
0.0
6.7437452077858624e-06
0.0
0.0
0.0
0.0
0.0
5.933509977775463e-06
0.0
0.0
0.0
0.0
0.0
0.0
0.0
0.0
0.0
0.0
0.0
0.0
6.301731949707332e-06
6.5390441845490355e-06
5.264725105301553e-06
1.4710690443185425e-06
0.0
6.421670621244434e-06
0.0
0.0
0.0
0.0
0.0
5.81381180816091e-06
0.0
0.0
0.0
0.0
0.0
0.0
0.0
0.0
0.0
0.0
0.0
0.0
6.248264853006418e-06
6.671738280916081e-06
7.793386530515895e-06
1.8143899723440722e-06
0.0
3.715188423882288e-06
0.0
0.0
0.0
0.0
0.0
5.800815713362176e-06
0.0
7.792304066634901e-07
0.0
0.0
0.0
0.0
0.0
0.0
0.0
0.0
0.0
0.0
6.512051214339911e-06
5.935891350053682e-06
7.560955090647857e-06
1.73996589940783e-06
0.0
3.37160524449496e-06
0.0
0.0
0.0
0.0
0.0
5.387677123632656e-06
0.0
8.344581091585545e-07
0.0
0.0
0.0
0.0
0.0
0.0
0.0
0.0
0.0
0.0
6.479728590699518e-06
6.177947729765297e-06
7.117096060939774e-06
1.5114822118136224e-06
0.0
3.16172767469226e-06
0.0
0.0
0.0
0.0
0.0
4.186339645242449e-06
0.0
0.0
0.0
0.0
0.0
0.0
0.0
0.0
0.0
0.0
0.0
0.0
4.794316651868242e-06
5.7728957628569575e-06
7.152113683828251e-06
1.5875693422286735e-06
0.0
2.1294764620247165e-06
0.0
0.0
0.0
0.0
0.0
5.549277870252312e-06
7.324529894774921e-07
0.0
0.0
0.0
0.0
0.0
0.0
0.0
0.0
0.0
0.0
0.0
7.931598674988872e-06
6.140042188622482e-06
4.990586736274896e-06
0.0
0.0
2.253638265771382e-06
0.0
0.0
0.0
0.0
0.0
4.236139984240431e-06
0.0
0.0
0.0
0.0
0.0
0.0
0.0
0.0
0.0
0.0
0.0
0.0
7.878216953442334e-06
6.490167799011121e-06
5.38720380199433e-06
2.87203130312996e-06
0.0
6.466416035084326e-06
0.0
0.0
0.0
0.0
0.0
5.622393603450707e-06
7.867187832026145e-07
0.0
0.0
0.0
0.0
0.0
0.0
0.0
0.0
0.0
0.0
0.0
6.379361236233262e-06
6.490585264051786e-06
7.935465029587194e-06
1.6983642073206655e-06
0.0
3.538449557155886e-06
0.0
0.0
0.0
0.0
0.0
5.255970350075399e-06
7.627754106365857e-07
8.577919166950495e-07
0.0
0.0
0.0
0.0
0.0
0.0
0.0
0.0
0.0
0.0
6.398327676040435e-06
6.557448526666067e-06
7.86433897815675e-06
1.608960297870764e-06
0.0
4.137974771238699e-06
0.0
0.0
0.0
0.0
0.0
5.0589855614192786e-06
1.5105693490182742e-06
1.71072523554593e-06
0.0
0.0
0.0
0.0
0.0
0.0
0.0
0.0
0.0
0.0
6.755273939010746e-06
6.343287946514136e-06
7.76735755225347e-06
1.7242554450381408e-06
0.0
2.69282259834703e-06
0.0
0.0
0.0
0.0
0.0
5.135716244701707e-06
7.150001062595756e-07
8.07832286841148e-07
0.0
0.0
0.0
0.0
0.0
0.0
0.0
0.0
0.0
0.0
8.09965568728326e-06
6.334657938597043e-06
7.769132335770863e-06
1.730138347176999e-06
0.0
4.1094629326722265e-06
0.0
0.0
0.0
0.0
0.0
5.2469703252580695e-06
0.0
8.611550361629042e-07
0.0
0.0
0.0
0.0
0.0
0.0
0.0
0.0
0.0
0.0
6.5048336607202115e-06
6.4468242980545986e-06
7.957755688602555e-06
1.7686659702487845e-06
0.0
3.669475352161371e-06
0.0
0.0
0.0
0.0
0.0
4.1255531534099645e-06
0.0
7.600382778551762e-07
0.0
0.0
0.0
0.0
0.0
0.0
0.0
0.0
0.0
0.0
7.957427385985062e-06
5.970742994303434e-06
4.88230708713376e-06
1.4243286509579289e-06
2.0439381098172933e-06
3.9011183337584e-06
0.0
0.0
0.0
0.0
0.0
3.954157812934786e-06
0.0
4.267732547522152e-07
0.0
0.0
0.0
0.0
0.0
0.0
0.0
0.0
0.0
0.0
1.0386357225734192e-06
5.5753608108128e-06
4.636937664783251e-06
1.438410824849527e-06
0.0
4.76393093464745e-06
0.0
0.0
0.0
0.0
0.0
4.795093250235438e-06
0.0
0.0
0.0
0.0
0.0
0.0
0.0
0.0
0.0
0.0
0.0
0.0
1.3094401789418549e-06
5.8127951356842335e-06
7.207291848762834e-06
1.6006322780774135e-06
0.0
3.3103218844211897e-06
0.0
0.0
0.0
0.0
0.0
4.903335716163301e-06
7.311874890028558e-07
1.7651593637034347e-06
0.0
0.0
0.0
0.0
0.0
0.0
0.0
0.0
0.0
0.0
8.754250010276145e-06
6.302914421928266e-06
7.732361724138664e-06
1.715836751370311e-06
0.0
4.070219062593722e-06
0.0
0.0
0.0
0.0
0.0
5.1851523702030445e-06
7.512742829117365e-07
7.783924766424114e-07
0.0
0.0
0.0
0.0
0.0
0.0
0.0
0.0
0.0
0.0
3.0196110987560193e-06
5.6999612130012564e-06
7.081331236782249e-06
1.5726824760742187e-06
0.0
3.144045156194263e-06
0.0
0.0
0.0
0.0
0.0
4.5839339059538005e-06
0.0
7.433558506679183e-07
0.0
0.0
0.0
0.0
0.0
0.0
0.0
0.0
0.0
0.0
1.3627776057564894e-06
5.619654668765204e-06
7.036403616767749e-06
1.4957500631017803e-06
0.0
3.662787508635193e-06
0.0
0.0
0.0
0.0
0.0
3.632307928947694e-06
0.0
0.0
0.0
0.0
0.0
0.0
0.0
0.0
0.0
0.0
0.0
0.0
2.850148817544232e-07
5.472501916006081e-06
6.90691331067779e-06
1.6700878234089823e-06
0.0
3.645325533849213e-06
0.0
0.0
0.0
0.0
0.0
3.618503135336871e-06
0.0
7.250180507516693e-07
0.0
0.0
0.0
0.0
0.0
0.0
0.0
0.0
0.0
0.0
4.207617115096531e-06
5.77684794243301e-06
4.829527139448532e-06
2.694045278978854e-06
2.2234406629495215e-06
3.965909768093411e-06
0.0
0.0
0.0
0.0
0.0
2.7111400161605463e-06
0.0
7.506134379326615e-07
0.0
0.0
0.0
0.0
0.0
0.0
0.0
0.0
0.0
0.0
2.966726784505087e-06
5.764864772580805e-06
4.552200661058925e-06
1.3607767857254233e-06
0.0
6.202310887382486e-06
0.0
0.0
0.0
0.0
0.0
4.709656726695883e-06
6.350671005358242e-07
0.0
0.0
0.0
0.0
0.0
0.0
0.0
0.0
0.0
0.0
0.0
1.127353609556379e-06
5.5049753812495556e-06
6.8002381438871955e-06
1.4004340046469602e-06
0.0
3.9573941212740225e-06
0.0
0.0
0.0
0.0
0.0
3.4917141640282618e-06
0.0
0.0
0.0
0.0
0.0
0.0
0.0
0.0
0.0
0.0
0.0
0.0
2.7883887867522564e-07
5.681632341971633e-06
6.664908673265308e-06
1.921195365581736e-06
0.0
3.107252739800786e-06
0.0
0.0
0.0
0.0
0.0
4.662683390195565e-06
1.408319868494194e-06
1.6202509536542856e-06
0.0
0.0
0.0
0.0
0.0
1.1616353334210859e-06
0.0
0.0
0.0
0.0
0.0
4.2927482495546766e-06
6.475987516296246e-06
0.0
0.0
4.40897505172076e-06
0.0
0.0
0.0
0.0
0.0
2.5877802052741004e-06
0.0
7.049334958536551e-07
0.0
0.0
0.0
0.0
0.0
1.215086294800055e-06
0.0
0.0
0.0
0.0
0.0
5.070503243066018e-06
7.62569342826919e-06
1.6216425872013343e-06
0.0
4.4417232998123e-06
0.0
0.0
0.0
0.0
0.0
4.481167815769172e-06
0.0
7.174522197481967e-07
0.0
0.0
0.0
0.0
0.0
1.3240370288560185e-06
0.0
0.0
0.0
0.0
0.0
4.7156232733504246e-06
7.498402744350667e-06
1.5324132674877051e-06
0.0
4.384957008980002e-06
0.0
0.0
0.0
0.0
0.0
3.4646579681340146e-06
0.0
0.0
0.0
0.0
0.0
0.0
0.0
0.0
0.0
0.0
0.0
0.0
0.0
5.265551044322372e-06
5.052806074636449e-06
1.4223266801885397e-06
2.4167512050709244e-06
4.417840837962869e-06
0.0
0.0
0.0
0.0
0.0
3.1991888588091035e-06
0.0
6.850085226197343e-07
0.0
0.0
0.0
0.0
0.0
0.0
0.0
0.0
0.0
0.0
0.0
5.143246723430668e-06
4.9203808731819815e-06
1.37617768606713e-06
0.0
6.626884475236152e-06
0.0
0.0
0.0
0.0
0.0
4.339932609389154e-06
0.0
0.0
0.0
0.0
0.0
0.0
0.0
0.0
0.0
0.0
0.0
0.0
0.0
0.0
5.373702233597973e-06
7.1836018914033735e-06
1.5052820548804828e-06
0.0
2.1752616497157897e-06
0.0
0.0
0.0
0.0
0.0
1.4970709137199014e-06
0.0
8.595690159648905e-07
0.0
0.0
0.0
0.0
0.0
0.0
0.0
0.0
0.0
0.0
3.5569763479729987e-07
5.5993834800679705e-06
7.027164473198331e-06
1.5735502732062817e-06
0.0
3.0659391922935334e-06
0.0
0.0
0.0
0.0
0.0
1.9676729565450237e-06
0.0
7.103968248632294e-07
0.0
0.0
0.0
0.0
0.0
0.0
0.0
0.0
0.0
0.0
0.0
5.381835320302873e-06
7.552506710881439e-06
1.6613854846745933e-06
0.0
2.1275895867167892e-06
0.0
0.0
0.0
0.0
0.0
3.3850824416723592e-06
0.0
6.740176103641055e-07
0.0
0.0
0.0
0.0
0.0
0.0
0.0
0.0
0.0
0.0
0.0
5.689458196531847e-06
7.208832707324178e-06
1.5115257261052972e-06
0.0
2.010746970932217e-06
0.0
0.0
0.0
0.0
0.0
2.2916927514460565e-06
0.0
7.094263776737047e-07
0.0
0.0
0.0
0.0
0.0
0.0
0.0
0.0
0.0
0.0
0.0
5.631102417167293e-06
7.399241230838862e-06
1.6283054551336077e-06
0.0
3.0579229296275278e-06
0.0
0.0
0.0
0.0
0.0
2.2903452546437187e-06
0.0
7.209159480230774e-07
0.0
0.0
0.0
0.0
0.0
0.0
0.0
0.0
0.0
0.0
0.0
5.209931104236753e-06
5.0271570136749825e-06
2.818340919715505e-06
0.0
3.6208446828462026e-06
0.0
0.0
0.0
0.0
0.0
4.771068943607416e-06
3.041370432128224e-06
1.2875771542592451e-06
0.0
0.0
0.0
0.0
0.0
0.0
0.0
0.0
0.0
0.0
4.694330520889436e-06
5.294908339187466e-06
3.1698140178047965e-06
1.0386182357091225e-06
0.0
7.333452085222038e-06
0.0
0.0
0.0
0.0
0.0
5.252175515490501e-06
1.5074647213230135e-06
0.0
0.0
0.0
0.0
0.0
0.0
0.0
0.0
0.0
0.0
0.0
3.95700451301315e-06
6.028389645614825e-06
7.694007231308486e-06
3.2050047544435987e-06
0.0
3.617520432802878e-06
0.0
0.0
0.0
0.0
0.0
5.015042778083153e-06
1.4469344850337398e-06
1.7848000538442377e-06
0.0
0.0
0.0
0.0
0.0
0.0
0.0
0.0
0.0
0.0
8.650876437708648e-06
6.717514145136141e-06
8.26348855215863e-06
1.8938685200461035e-06
0.0
4.3342835818362085e-06
0.0
0.0
0.0
0.0
0.0
5.208025671288468e-06
1.5152876047802188e-06
1.8140570533429057e-06
0.0
0.0
0.0
0.0
0.0
0.0
0.0
0.0
0.0
0.0
6.772165265415224e-06
4.027379734777506e-06
6.191397313456979e-06
0.0
0.0
2.41862297865495e-06
0.0
0.0
0.0
0.0
0.0
4.937591479211139e-06
1.533173200928724e-06
1.6711656648397992e-06
0.0
0.0
0.0
0.0
0.0
0.0
0.0
0.0
0.0
0.0
9.040012248725703e-06
6.306916420925516e-06
7.711232080953159e-06
1.7068583199956335e-06
0.0
4.002833329635143e-06
0.0
0.0
0.0
0.0
0.0
4.816082739545795e-06
1.4198754096303395e-06
1.628184958428002e-06
0.0
0.0
0.0
0.0
0.0
0.0
0.0
0.0
0.0
0.0
4.949768226763935e-06
5.933096440907562e-06
7.313205236422156e-06
1.59636918268585e-06
0.0
3.794331664506556e-06
0.0
0.0
0.0
0.0
0.0
3.4962840608284106e-06
0.0
7.49093161502613e-07
0.0
0.0
0.0
0.0
0.0
0.0
0.0
0.0
0.0
0.0
2.192924321163462e-06
5.603291095522931e-06
4.590405167473608e-06
1.2940588445213261e-06
2.034431714376624e-06
3.7803898049624455e-06
0.0
0.0
0.0
0.0
0.0
4.143720300435644e-06
0.0
1.692841454152273e-06
0.0
0.0
0.0
0.0
0.0
0.0
0.0
0.0
0.0
0.0
3.7793918042766555e-06
5.7376923611926e-06
4.689718397696428e-06
2.5025711679497993e-06
0.0
6.258752673982746e-06
0.0
0.0
0.0
0.0
0.0
4.611131748024237e-06
1.3714188236207569e-06
0.0
0.0
0.0
0.0
0.0
0.0
0.0
0.0
0.0
0.0
0.0
2.7350979675264265e-06
5.545585781797787e-06
6.933695118856553e-06
1.4809291418130335e-06
0.0
3.820976335890392e-06
0.0
0.0
0.0
0.0
0.0
4.342592314958893e-06
1.2616617432069735e-06
1.6570949658722407e-06
0.0
0.0
0.0
0.0
0.0
0.0
0.0
0.0
0.0
0.0
3.114270770703682e-07
5.6399972498780994e-06
7.1154418414474165e-06
1.6160010599363644e-06
0.0
3.681227151579827e-06
0.0
0.0
0.0
0.0
0.0
4.487138684748376e-06
1.3832922605140033e-06
1.6403009912045215e-06
0.0
0.0
0.0
0.0
0.0
0.0
0.0
0.0
0.0
0.0
0.0
3.604916764560618e-06
6.042781003161809e-06
0.0
0.0
3.996922302012133e-06
0.0
0.0
0.0
0.0
0.0
3.4144759257275555e-06
0.0
7.682911692621618e-07
0.0
0.0
0.0
0.0
0.0
0.0
0.0
0.0
0.0
0.0
0.0
4.2575186215373314e-06
5.2712799366871986e-06
2.9077247624893415e-06
0.0
6.373109148014188e-06
0.0
0.0
0.0
0.0
0.0
4.7885180295820235e-06
1.5019159166277862e-06
1.4718079330623146e-06
0.0
0.0
0.0
0.0
0.0
1.1243439504954308e-06
0.0
0.0
0.0
0.0
4.7205809915195506e-07
5.842281185108823e-06
7.249086909705643e-06
1.6342505314244046e-06
0.0
3.835189698869873e-06
0.0
0.0
0.0
0.0
0.0
4.57137856413129e-06
1.377144727716698e-06
1.640389760272628e-06
0.0
0.0
0.0
0.0
0.0
0.0
0.0
0.0
0.0
0.0
4.060872938532644e-06
5.85058556145559e-06
4.7929321710174525e-06
2.6072567716005476e-06
2.151798844399927e-06
3.921441631577751e-06
0.0
0.0
0.0
0.0
0.0
4.212154122879711e-06
0.0
1.579970767686216e-06
0.0
0.0
0.0
0.0
0.0
0.0
0.0
0.0
0.0
0.0
3.3542265462698087e-06
5.442569494680343e-06
2.6118724343594495e-06
0.0
0.0
6.347567043991125e-06
0.0
0.0
0.0
0.0
0.0
4.542062119851897e-06
1.354577404012782e-06
0.0
0.0
0.0
0.0
0.0
0.0
0.0
0.0
0.0
0.0
0.0
0.0
5.759191725371998e-06
7.241293386232438e-06
1.6420429531548168e-06
0.0
3.7073902881597015e-06
0.0
0.0
0.0
0.0
0.0
4.580648748988496e-06
1.4292573214266385e-06
1.5817878460591754e-06
0.0
0.0
0.0
0.0
0.0
0.0
0.0
0.0
0.0
0.0
0.0
5.768444238072006e-06
7.3407875321923554e-06
1.6896572364557035e-06
0.0
3.699058169813115e-06
0.0
0.0
0.0
0.0
0.0
3.391353228299902e-06
0.0
1.4406809982412391e-06
0.0
0.0
0.0
0.0
0.0
0.0
0.0
0.0
0.0
0.0
2.884628656801869e-06
5.810374826628508e-06
7.200382599102534e-06
1.5733896783273616e-06
0.0
3.777198526882547e-06
0.0
0.0
0.0
0.0
0.0
4.3475078095477425e-06
0.0
1.4409068145606464e-06
0.0
0.0
0.0
0.0
0.0
0.0
0.0
0.0
0.0
0.0
0.0
5.548606284094853e-06
7.466925876673348e-06
1.7109876909990866e-06
0.0
2.3723848553244286e-06
0.0
0.0
0.0
0.0
0.0
4.645291966977291e-06
1.4297467679753584e-06
1.7283490049793225e-06
0.0
0.0
0.0
0.0
0.0
1.1703818054118067e-06
0.0
0.0
0.0
0.0
1.604082993983462e-06
5.2555497688441946e-06
7.453452898920453e-06
1.4234794719300923e-06
0.0
3.017486491061386e-06
0.0
0.0
0.0
0.0
0.0
4.588020454869234e-06
0.0
7.878178310156796e-07
0.0
0.0
0.0
0.0
0.0
1.0978752821380096e-06
0.0
0.0
0.0
0.0
3.6734429711789607e-06
5.784938359783868e-06
4.7053112588921735e-06
2.516513480978954e-06
2.137479844700299e-06
3.7633247437105083e-06
0.0
0.0
0.0
0.0
0.0
2.4772027740575346e-06
0.0
6.486639786625577e-07
0.0
0.0
0.0
0.0
0.0
1.0858135834528823e-06
0.0
0.0
0.0
0.0
2.5414582668014822e-06
3.5960101090199037e-06
3.614492432707918e-06
1.332367132661202e-06
0.0
6.284155224787236e-06
0.0
0.0
0.0
0.0
0.0
4.580869724311289e-06
1.370080219828114e-06
0.0
0.0
0.0
0.0
0.0
0.0
0.0
0.0
0.0
0.0
0.0
0.0
3.767659408017617e-06
5.933962841575447e-06
6.145974234956217e-07
0.0
2.3872263787015783e-06
1.3410005618445185e-06
0.0
0.0
0.0
0.0
4.715529694883557e-06
1.309323100861308e-06
1.6401760270498315e-06
0.0
0.0
0.0
0.0
0.0
0.0
0.0
0.0
0.0
0.0
0.0
5.750402572472167e-06
7.3544755377870615e-06
1.5962314950934553e-06
0.0
3.8286938403549805e-06
0.0
0.0
0.0
0.0
0.0
4.6329345885743805e-06
1.4965706805748488e-06
1.6555632919975117e-06
0.0
0.0
0.0
0.0
0.0
0.0
0.0
0.0
0.0
0.0
0.0
5.579108858274471e-06
7.041874291596981e-06
1.4291241764236495e-06
0.0
3.650402393009128e-06
0.0
0.0
0.0
0.0
0.0
4.389135920472368e-06
1.5111978025624298e-06
1.4092673523594898e-06
0.0
0.0
0.0
0.0
0.0
0.0
0.0
0.0
0.0
0.0
0.0
5.914380428292864e-06
7.200089923487737e-06
1.5544835162065505e-06
0.0
2.3585144918010794e-06
0.0
0.0
0.0
0.0
0.0
4.514259299804148e-06
1.4045444162632833e-06
1.7584221539488973e-06
0.0
0.0
0.0
0.0
0.0
0.0
0.0
0.0
0.0
0.0
0.0
4.415408862097224e-06
7.817983847785716e-06
1.7189798926026388e-06
0.0
4.139298883345523e-06
1.4659800749995492e-06
0.0
0.0
0.0
0.0
4.594799989353282e-06
1.8009749836609392e-06
1.768912056853412e-06
0.0
0.0
0.0
0.0
0.0
0.0
0.0
0.0
0.0
0.0
0.0
4.129913397410666e-06
4.5320193417983766e-06
1.3653945286563577e-06
2.2089182803409943e-06
4.115967309447003e-06
1.2757153452034956e-06
0.0
0.0
0.0
0.0
4.154627842128783e-06
0.0
1.6493148709177542e-06
0.0
0.0
0.0
0.0
0.0
0.0
0.0
0.0
0.0
0.0
0.0
5.536334276914894e-06
4.653044619563144e-06
2.5639726249997523e-06
0.0
6.1299407422411005e-06
0.0
0.0
0.0
0.0
0.0
4.483402064160543e-06
1.4230975944859383e-06
0.0
0.0
0.0
0.0
0.0
0.0
0.0
0.0
0.0
0.0
0.0
0.0
5.55417743286525e-06
5.2546554159900236e-06
0.0
0.0
3.6491324881557177e-06
0.0
0.0
0.0
0.0
0.0
4.356967608939892e-06
1.2571358068683842e-06
1.681688127741017e-06
0.0
0.0
0.0
0.0
0.0
0.0
0.0
0.0
0.0
0.0
0.0
5.819763971813442e-06
7.165898173391701e-06
1.3782230492795114e-06
0.0
2.289033364196307e-06
0.0
0.0
0.0
0.0
0.0
4.335573705919678e-06
1.3717113303933165e-06
1.6721099335853544e-06
0.0
0.0
0.0
0.0
0.0
0.0
0.0
0.0
0.0
0.0
0.0
5.32376790716418e-06
7.3935556624479256e-06
1.5468685829487007e-06
0.0
4.890507795313175e-06
0.0
0.0
0.0
0.0
0.0
4.568486722570019e-06
1.3211003620734987e-06
1.5364858512684602e-06
0.0
0.0
0.0
0.0
0.0
0.0
0.0
0.0
0.0
0.0
0.0
3.6106877091999203e-06
7.037140438905148e-06
1.935442348233087e-06
0.0
3.918157792419512e-06
0.0
0.0
0.0
0.0
0.0
4.7446175829449575e-06
1.3240417684474234e-06
1.7136838993210896e-06
0.0
0.0
0.0
0.0
0.0
0.0
0.0
0.0
0.0
0.0
0.0
5.149631356719072e-06
7.448571510440374e-06
1.549630679943631e-06
0.0
3.907626482571674e-06
0.0
0.0
0.0
0.0
0.0
4.675795076774422e-06
1.4418317318507835e-06
1.7334671686140408e-06
0.0
0.0
0.0
0.0
0.0
0.0
0.0
0.0
0.0
0.0
0.0
5.515624387941115e-06
4.4750993751383905e-06
1.4239717607468892e-06
0.0
3.22414930830023e-06
0.0
0.0
0.0
0.0
0.0
4.220468776149413e-06
0.0
1.724207966144657e-06
0.0
0.0
0.0
0.0
0.0
0.0
0.0
0.0
0.0
0.0
4.593990494652181e-06
5.624521278492685e-06
4.843967339665952e-06
0.0
0.0
6.549546395659819e-06
0.0
0.0
0.0
0.0
0.0
5.4282157508473766e-06
3.2310706099530627e-06
0.0
0.0
0.0
0.0
0.0
0.0
0.0
0.0
0.0
0.0
0.0
8.793799735692538e-06
6.4345070081331485e-06
8.68999612744233e-06
1.6312664638448545e-06
0.0
4.710194546620576e-06
0.0
0.0
0.0
0.0
0.0
4.829827955104323e-06
1.3856755100807775e-06
1.9084872320372e-06
0.0
0.0
0.0
0.0
0.0
0.0
0.0
0.0
0.0
0.0
8.863030251595682e-06
6.2209338171197825e-06
7.471802430566123e-06
1.5183830770341382e-06
0.0
3.945479971371372e-06
0.0
0.0
0.0
0.0
0.0
4.692158993266634e-06
1.3964570911619817e-06
1.5387826719060393e-06
0.0
0.0
0.0
0.0
0.0
0.0
0.0
0.0
0.0
0.0
1.2288243004913766e-06
5.646864738182297e-06
7.083337841837661e-06
1.56962499916096e-06
0.0
3.704641555596718e-06
0.0
0.0
0.0
0.0
0.0
4.391383382576153e-06
1.4240604208557928e-06
1.5890407675272864e-06
0.0
0.0
0.0
0.0
0.0
0.0
0.0
0.0
0.0
0.0
8.29124815352077e-07
5.584132579855119e-06
7.014772483415483e-06
1.620247378895961e-06
0.0
3.6512670648784787e-06
0.0
0.0
0.0
0.0
0.0
3.2050347463711667e-06
0.0
1.8857466352408456e-06
0.0
0.0
0.0
0.0
0.0
1.3545632332576353e-06
0.0
0.0
0.0
0.0
0.0
3.935667430097784e-06
7.430194369199567e-06
1.7067145875736367e-06
0.0
3.865944779757833e-06
0.0
0.0
0.0
0.0
0.0
4.73791860571674e-06
1.3463850465147325e-06
1.812166164071361e-06
0.0
0.0
0.0
0.0
0.0
0.0
0.0
0.0
0.0
0.0
0.0
4.865545011191596e-06
4.825801027941444e-06
2.54172247374523e-06
2.2241336537420627e-06
4.345076875264037e-06
0.0
0.0
0.0
0.0
0.0
2.6456577515786595e-06
0.0
0.0
0.0
0.0
0.0
0.0
0.0
0.0
0.0
0.0
0.0
0.0
0.0
5.220160233734198e-06
4.853963071656638e-06
2.710090178311072e-06
0.0
6.217694170498136e-06
0.0
0.0
0.0
0.0
0.0
4.524286917506697e-06
1.4263624650855327e-06
0.0
0.0
0.0
0.0
0.0
0.0
0.0
0.0
0.0
0.0
0.0
0.0
5.666848613118976e-06
4.654112878129374e-06
2.4908045302625265e-06
0.0
6.136084111556988e-06
0.0
0.0
0.0
0.0
0.0
3.3625070805169623e-06
6.380656604912461e-07
1.4591243443409318e-06
0.0
0.0
0.0
0.0
0.0
0.0
0.0
0.0
0.0
0.0
0.0
5.238471800673973e-06
6.881015899725134e-06
0.0
0.0
2.462308531808922e-06
0.0
0.0
0.0
0.0
0.0
3.5786478175571398e-06
1.5479939465279422e-06
1.8145567805090114e-06
0.0
0.0
0.0
0.0
0.0
0.0
0.0
0.0
0.0
0.0
0.0
1.8212501943713102e-06
8.503581882650932e-06
3.5777393106385334e-06
0.0
2.773310891375362e-06
0.0
0.0
0.0
0.0
0.0
5.287852450505007e-06
1.7375357817681644e-06
2.101537755715556e-06
0.0
0.0
0.0
0.0
0.0
0.0
0.0
0.0
0.0
0.0
0.0
0.0
9.036981410809593e-06
1.937993264427059e-06
0.0
3.018251065876313e-06
0.0
0.0
0.0
0.0
0.0
5.494389453482411e-06
1.7697190533556704e-06
2.212676070702966e-06
0.0
0.0
0.0
0.0
0.0
0.0
0.0
0.0
0.0
0.0
0.0
0.0
9.03872532121777e-06
2.0752481931679347e-06
0.0
3.110265988211849e-06
0.0
0.0
0.0
0.0
0.0
5.804260664265175e-06
2.014435934737237e-06
2.5130288196009423e-06
0.0
0.0
0.0
0.0
0.0
0.0
0.0
0.0
0.0
0.0
0.0
0.0
5.680986658885891e-06
1.6324319660329192e-06
2.9365194111937067e-06
4.826175561173216e-06
1.631531169242177e-06
0.0
0.0
0.0
0.0
5.166520848480728e-06
0.0
2.21065317556841e-06
0.0
0.0
0.0
0.0
0.0
0.0
0.0
0.0
0.0
0.0
0.0
5.111067460539346e-06
4.801222662957137e-06
1.3020602317679076e-06
0.0
6.468880650963015e-06
0.0
0.0
0.0
0.0
0.0
4.724137263429451e-06
1.3838420599286532e-06
1.3534799272562543e-06
0.0
0.0
0.0
0.0
0.0