0.0
0.0
0.0
0.0
0.0
0.0
0.0
0.0
0.0
0.0
0.0
0.0
0.0
0.0
0.0
0.0
0.0
0.0
0.0
0.0
0.0
0.0
0.0
0.0
0.0
0.0
0.0
0.0
0.0
0.0
0.0
0.0
0.0
0.0
0.0
0.0
0.0
0.0
0.0
0.0
0.0
0.0
0.0
0.0
0.0
0.0
0.0
0.0
0.0
0.0
0.0
0.0
0.0
0.0
0.0
0.0
0.0
0.0
0.0
0.0
0.0
0.0
0.0
0.0
0.0
0.0
0.0
0.0
0.0
0.0
0.0
0.0
0.0
0.0
0.0
0.0
0.0
0.0
0.0
0.0
0.0
0.0
0.0
0.0
0.0
0.0
0.0
0.0
0.0
0.0
0.0
0.0
0.0
0.0
0.0
0.0
0.0
0.0
0.0
0.0
0.0
0.0
0.0
0.0
0.0
1.0562390364734278e-05
4.3129738203429794e-05
7.61540622098588e-05
9.44642845643772e-05
0.00013121131089220882
0.00011661458283983586
0.00013062399853613194
0.0001155636866623525
9.574706729123984e-05
6.145429943414314e-05
4.382976565957936e-05
4.385268584400227e-05
4.385610295312899e-05
0.0
0.0
0.0
0.0
0.0
0.0
0.0
0.0
0.0
0.0
0.0
0.0
0.0
3.557320248487761e-05
0.00014036299367496427
0.00021873662736088674
0.00023674949189707312
0.0002609145241056464
0.00019378876125201517
8.010428476783203e-05
9.620640339741258e-06
0.0
0.0
0.0
0.0
0.0
0.0
0.0
0.0
0.0
0.0
0.0
0.0
0.0
0.0
0.0
0.0
0.0
0.0
0.0
0.0
0.0
0.0
0.0
0.0
0.0
0.0
0.0
0.0
0.0
0.0
0.0
0.0
0.0
0.0
0.0
0.0
0.0
0.0
0.0
0.0
0.0
0.0
0.0
0.0
0.0
0.0
0.0
0.0
0.0
0.0
0.0
0.0
0.0
0.0
0.0
0.0
0.0
0.0
0.0
0.0
0.0
0.0
0.0
0.0
0.0
0.0
0.0
0.0
0.0
0.0
0.0
0.0
0.0
0.0
0.0
0.0
0.0
0.0
0.0
0.0
0.0
0.0
0.0
0.0
0.0
0.0
0.0
0.0
0.0
0.0
0.0
0.0
0.0
0.0
0.0
0.0
0.0
0.0
0.0
0.0
0.0
0.0
0.0
0.0
0.0
0.0
0.0
0.0
0.0
0.0
0.0
0.0
0.0
0.0
0.0
0.0
0.0
0.0
0.0
0.0
0.0
0.0
0.0
0.0
0.0
0.0
0.0
0.0
0.0
0.0
0.0
0.0
0.0
0.0
0.0
0.0
0.0
0.0
1.4779190861084734e-05
2.757528375593879e-05
2.5914043259880517e-05
6.495532448291551e-06
0.0
0.0
0.0
0.0
0.0
0.0
0.0
0.0
0.0
0.0
0.0
0.0
0.0
0.0
0.0
0.0
0.0
0.0
0.0
0.0
0.0
0.0
0.0
0.0
0.0
0.0
0.0
0.0
0.0
0.0
0.0
0.0
0.0
0.0
0.0
0.0
0.0
0.0
0.0
0.0
0.0
0.0
0.0
0.0
8.037797141579775e-06
8.350660685456607e-05
8.933868064371297e-05
2.3643984650265925e-05
0.0
0.0
0.0
0.0
0.0
0.0
0.0
0.0
0.0
0.0
0.0
0.0
0.0
0.0
0.0
0.0
0.0
0.0
0.0
0.0
0.0
0.0
0.0
0.0
0.0
0.0
0.0
0.0
0.0
0.0
0.0
0.0
0.0
0.0
0.0
0.0
0.0
0.0
0.0
0.0
0.0
0.0
3.1267272694693496e-06
4.172272597648482e-05
4.3753122488594645e-05
2.467843306785391e-05
0.0
0.0
0.0
0.0
0.0
0.0
0.0
0.0
0.0
0.0
0.0
0.0
0.0
0.0
0.0
0.0
0.0
0.0
0.0
5.826017475870503e-06
6.352561033167585e-05
9.295693546649754e-05
0.00014096299914786607
0.00018447341122659295
0.0001409330370673029
5.674320318693107e-05
2.3174155651694626e-06
0.0
0.0
0.0
0.0
0.0
0.0
0.0
0.0
0.0
0.0
0.0
0.0
0.0
0.0
0.0
0.0
0.0
0.0
0.0
0.0
0.0
0.0
0.0
0.0
0.0
0.0
0.0
0.0
0.0
0.0
0.0
0.0
0.0
0.0
0.0
0.0
0.0
0.0
0.0
0.0
0.0
0.0
0.0
0.0
0.0
0.0
0.0
0.0
0.0
0.0
0.0
0.0
0.0
0.0
0.0
0.0
0.0
0.0
0.0
0.0
0.0
0.0
0.0
0.0
0.0
0.0
0.0
1.0720563784218453e-05
4.780257311213402e-05
1.790772472233789e-05
0.0
0.0
0.0
0.0
0.0
0.0
0.0
0.0
0.0
0.0
0.0
0.0
0.0
0.0
0.0
0.0
0.0
0.0
0.0
0.0
0.0
0.0
0.0
0.0
0.0
0.0
0.0
0.0
0.0
0.0
0.0
0.0
0.0
0.0
0.0
0.0
0.0
0.0
0.0
0.0
0.0
0.0
0.0
0.0
0.0
0.0
0.0
0.0
0.0
0.0
0.0
0.0
0.0
0.0
0.0
0.0
0.0
0.0
0.0
0.0
0.0
0.0
0.0
0.0
0.0
0.0
0.0
0.0
0.0
0.0
0.0
0.0
0.0
0.0
0.0
0.0
0.0
0.0
0.0
0.0
0.0
0.0
0.0
0.0
0.0
0.0
0.0
0.0
0.0
0.0
0.0
0.0
0.0
0.0
0.0
0.0
0.0
0.0
0.0
0.0
0.0
0.0
0.0
0.0
0.0
0.0
0.0
0.0
0.0
0.0
0.0
0.0
0.0
0.0
0.0
0.0
0.0
0.0
0.0
0.0
0.0
0.0
0.0
0.0
0.0
0.0
0.0
0.0
0.0
0.0
0.0
0.0
0.0
0.0
0.0
0.0
0.0
0.0
0.0
0.0
6.137857395580825e-05
0.0001399898629124037
0.00015579010319174112
0.0001561768687132323
0.00011963825966741117
3.4378709619620737e-05
0.0
0.0
0.0
0.0
0.0
0.0
0.0
0.0
0.0
0.0
0.0
0.0
0.0
0.0
0.0
0.0
0.0
5.642778962088492e-05
0.00012066956395208809
0.00013731584606510054
0.00018147707462516812
0.00019968642140391092
0.00010516023569566253
1.7508643532023537e-05
0.0
0.0
0.0
0.0
0.0
0.0
0.0
0.0
0.0
0.0
0.0
0.0
0.0
0.0
0.0
0.0
0.0
0.0
0.0
1.981336983803461e-05
0.00014971878982984746
0.00015122550827857852
4.3033316398532794e-05
0.0
0.0
0.0
0.0
0.0
0.0
0.0
0.0
0.0
0.0
0.0
0.0
0.0
0.0
0.0
0.0
0.0
0.0
0.0
0.0
0.0
0.0
0.0
0.0
0.0
0.0
0.0
0.0
0.0
0.0
0.0
0.0
0.0
0.0
0.0
0.0
0.0
0.0
0.0
0.0
0.0
0.0
0.0
0.0
0.0
0.0
0.0
0.0
0.0
0.0
0.0
0.0
0.0
0.0
0.0
0.0
0.0
0.0
0.0
0.0
0.0
0.0
0.0
0.0
0.0
0.0
0.0
0.0
0.0
0.0
0.0
0.0
0.0
0.0
0.0
0.0
0.0
0.0
0.0
0.0
0.0
0.0
0.0
0.0
0.0
0.0
0.0
0.0
0.0
0.0
0.0
3.201630851649836e-05
7.426949991241713e-05
8.505088351973119e-05
9.455830153907645e-05
6.46230965763342e-05
9.438444937278768e-06
0.0
0.0
0.0
0.0
0.0
0.0
0.0
0.0
0.0
0.0
0.0
0.0
0.0
0.0
0.0
0.0
0.0
0.0
0.0
0.0
0.0
0.0
0.0
0.0
0.0
0.0
0.0
0.0
0.0
0.0
0.0
0.0
0.0
0.0
0.0
0.0
0.0
0.0
0.0
0.0
0.0
0.0
0.0
0.0
4.009764112513556e-06
4.359329728907455e-05
2.4167466720622213e-05
0.0
0.0
0.0
0.0
0.0
0.0
0.0
0.0
0.0
0.0
0.0
0.0
0.0
0.0
0.0
0.0
0.0
0.0
0.0
2.8747047990655017e-05
9.505012877876258e-05
0.00013981984093793432
0.00018316059646571802
0.000158044998917859
8.727010628513458e-05
0.0
0.0
0.0
0.0
0.0
0.0
0.0
0.0
0.0
0.0
0.0
0.0
0.0
0.0
0.0
0.0
0.0
0.0
0.0
0.0
0.0
0.0
0.0
0.0
0.0
0.0
0.0
0.0
0.0
0.0
0.0
0.0
0.0
0.0
0.0
0.0
0.0
0.0
0.0
0.0
0.0
1.1589219111728753e-05
8.265614632631261e-05
0.00014544888666193968
0.00018634797677097054
0.00023146370770603847
0.00019591339757716065
9.69474270373115e-05
6.586898178509478e-06
0.0
0.0
0.0
0.0
0.0
0.0
0.0
0.0
0.0
0.0
0.0
0.0
0.0
0.0
0.0
0.0
5.16799803023104e-06
0.00011469465211021764
0.00017714004826645052
0.00018770685294661402
0.0002003032966588483
0.00016599112469054987
9.136612776672464e-05
1.555507084191124e-05
0.0
1.0045260217767367e-05
2.4672203759673502e-05
0.0
0.0
0.0
0.0
0.0
0.0
0.0
0.0
0.0
0.0
0.0
4.401801191635301e-05
8.865798738775198e-05
0.00010667766212388726
0.0001251407110663968
0.00010251510559564585
5.5787395686714866e-05
9.748342618232695e-06
0.0
0.0
0.0
0.0
0.0
0.0
0.0
0.0
0.0
0.0
0.0
0.0
0.0
0.0
0.0
0.0
0.0
0.0
0.0
1.1723359276775408e-05
3.0004749083569624e-05
6.155334131701275e-05
0.00010567407432233207
0.00014794105975432466
0.00013182127260916637
7.090875409455971e-05
1.0911776840807723e-05
0.0
0.0
0.0
0.0
0.0
0.0
0.0
0.0
0.0
0.0
0.0
0.0
0.0
0.0
0.0
0.0
0.0
0.0
1.956413275525896e-05
0.00015605150845068725
0.0002822903787633099
0.0002597446836218942
0.0001408514444375264
1.674617289558616e-05
0.0
0.0
0.0
0.0
0.0
0.0
0.0
0.0
0.0
0.0
0.0
0.0
0.0
0.0
0.0
0.0
0.0
7.038473059066912e-05
0.00017503803822173437
0.00024240696939798327
0.0003061615994570221
0.0002661523136028349
0.00015863988453856926
0.0
0.0
0.0
0.0
0.0
0.0
0.0
0.0
0.0
0.0
0.0
0.0
0.0
0.0
0.0
0.0
0.0
0.0
0.0
0.0
0.0
0.0
0.0
0.0
0.0
0.0
0.0
0.0
0.0
0.0
0.0
0.0
0.0
0.0
0.0
0.0
0.0
0.0
0.0
0.0
0.0
5.7000572788374616e-05
0.00020519063081060268
0.00030448006024919933
0.00036583964801655894
0.0004275632047984163
0.00041436467362321165
0.0003400043821063385
0.0002606603264733495
0.00018259013795615678
9.113631069434478e-05
6.668440501996852e-06
0.0
0.0
0.0
0.0
0.0
0.0
0.0
0.0
0.0
0.0
9.526817870553353e-06
0.00014477672982347409
0.00030084085063839883
0.0004467008207057141
0.0006345137033128154
0.0006568928965772221
0.000531963138603172
0.00047118303590512584
0.00039431715193553803
0.0003182043887374163
0.0002489080438471312
0.00016969965267044432
5.2601662668397484e-05
0.0
0.0
0.0
0.0
0.0
0.0
0.0
0.0
0.0
0.0
0.0
7.4545951651739635e-06
0.00011531788137027179
0.0002442755781922067
0.0003767625392711717
0.0004962266761530924
0.0005814332824880473
0.0006331146208486844
0.0006888979492171854
0.0006448860947210911
0.0005186982974976812
0.0004109309051773019
0.0003426187505300291
0.00028072583224047836
0.00021771234793861876
0.0
0.0
0.0
0.0
0.0
0.0
0.0
0.0
0.0
0.0
5.608207914021912e-06
9.002146722886009e-05
0.00020035653079983375
0.0003191903801011631
0.0004252204151080311
0.000457356096685509
0.00043938084684635
0.0004114653638103326
0.000355712860864097
0.000243358050700132
0.00012170720622646417
5.2543259978298954e-05
8.995532858148667e-06
0.0
0.0
0.0
0.0
0.0
0.0
0.0
0.0
0.0
0.0
0.0
0.0
2.971782981186447e-05
0.00017140047800720645
0.00030118984916140503
0.00042026868824320614
0.0005022692454650014
0.0005216561665317974
0.0005373209643793339
0.0004991091773243572
0.00041787333431290763
0.0003071471836357706
0.0002433867931270907
0.00018555333990100941
0.0001230513946882701
0.0
0.0
0.0
0.0
0.0
0.0
0.0
0.0
0.0
0.0
0.0
9.535781548198092e-05
0.00021144172085752692
0.0003034566663737237
0.0003819535881175468
0.0004218544260343109
0.00042608747866439606
0.0004253466462212727
0.0003248137515876961
0.00014861007231160235
0.0
0.0
0.0
0.0
0.0
0.0
0.0
0.0
0.0
0.0
0.0
0.0
0.0
0.0
0.0
0.0
0.0
0.0
0.0
0.0
0.0
0.0
0.0
0.0
0.0
0.0
0.0
0.0
0.0
0.0
0.0
0.0
0.0
0.0
0.0
0.0
0.0
0.0
0.0
0.0
0.0
0.0
0.0
0.0
0.0
0.0
0.0
0.0
0.0
0.0
0.0
0.0
0.0
0.0
0.0
0.0
0.0
0.0
0.0
0.0
5.6742579374283724e-05
2.7381372047704528e-05
6.935939276457445e-06
0.0
0.0
1.0750725754332923e-05
2.6742310321102195e-05
3.25235684292897e-05
3.267413357251505e-05
3.310313457451493e-05
2.4193264674379463e-05
6.566493859208595e-06
0.0
0.0
0.0
0.0
0.0
0.0
0.0
0.0
0.0
0.0
0.0
0.0
0.0
0.0
0.0
0.0
0.0
0.0
2.0629275802241805e-05
3.745263724911627e-05
4.434924324222698e-05
5.274653941100296e-05
3.8682064092422796e-05
6.859375285109058e-06
0.0
0.0
0.0
0.0
0.0
0.0
0.0
0.0
0.0
0.0
0.0
0.0
0.0
0.0
0.0
0.0
1.4285206416439993e-05
4.810386569996078e-05
8.177039016991841e-05
7.283875693086104e-05
3.850125255478325e-05
6.56145646534997e-06
0.0
0.0
0.0
0.0
0.0
0.0
0.0
0.0
0.0
0.0
0.0
0.0
0.0
0.0
0.0
0.0
0.0
0.0
0.0
0.0
1.0060190907743519e-05
3.493220257694376e-05
4.2894189616784107e-05
5.338575316449447e-05
2.3414268313714935e-05
0.0
0.0
0.0
0.0
0.0
0.0
0.0
0.0
0.0
0.0
0.0
0.0
0.0
0.0
0.0
0.0
0.0
0.0
3.6538971579975228e-06
3.998036958264634e-05
5.505111301364847e-05
5.372159869079319e-05
5.474879728974046e-05
3.0053356434339965e-05
0.0
0.0
0.0
0.0
0.0
0.0
0.0
0.0
0.0
0.0
0.0
0.0
0.0
0.0
0.0
0.0
0.0
0.0
0.0
0.0
0.0
0.0
0.0
0.0
0.0
0.0
0.0
0.0
0.0
0.0
0.0
0.0
0.0
0.0
0.0
0.0
0.0
0.0
0.0
0.0
0.0
4.465009626033226e-06
8.682236352843379e-05
0.00019000754556534454
0.00024516103035024064
0.00025865138405590534
0.00027431704994643425
0.00023685481050445732
0.0001420678888808174
3.305560918974034e-05
0.0
0.0
0.0
0.0
0.0
0.0
0.0
0.0
0.0
0.0
0.0
0.0
0.0
0.0
0.0
0.0
0.0
1.0555235550655368e-05
2.027114357833152e-05
5.195535826252244e-06
0.0
0.0
0.0
0.0
0.0
0.0
0.0
0.0
0.0
0.0
0.0
0.0
0.0
0.0
0.0
0.0
0.0
2.5373020434446577e-05
0.00010640012565074628
0.00015413529578425144
0.00031778142484739224
0.000459589694563604
0.000450570767483648
0.0003371129682344412
0.00023171300208578904
0.00011762693169271027
1.3211271953526633e-05
0.0
0.0
0.0
0.0
0.0
0.0
0.0
0.0
0.0
0.0
0.0
0.0
0.0
0.0
0.0
0.0
1.350404050154636e-05
7.344106584342626e-05
0.00010556831912793837
0.00010906206236797964
8.159358827697739e-05
4.174137390599155e-05
2.7973382361457037e-06
0.0
0.0
0.0
0.0
0.0
0.0
0.0
0.0
0.0
0.0
0.0
0.0
0.0
0.0
0.0
0.0
0.0
4.861178692055535e-05
0.00013053438430324309
0.00018775195754314872
0.00015842554013319348
0.0001226645430504415
0.00011627103451926989
9.83061569624102e-05
6.653229840266639e-05
5.407102478262962e-06
0.0
0.0
0.0
0.0
0.0
0.0
0.0
0.0
0.0
0.0
0.0
0.0
0.0
0.0
0.0
4.7093041356341174e-05
0.00010110993559551501
0.00013908830364019995
0.00017745842755507017
0.000180919219687999
0.00017446060649406396
0.00013396886603570554
2.761378904542073e-05
0.0
0.0
0.0
0.0
0.0
0.0
0.0
0.0
0.0
0.0
0.0
0.0
0.0
0.0
0.0
0.0
0.0
0.0
0.0
0.0
0.0
0.0
0.0
0.0
0.0
0.0
0.0
0.0
0.0
0.0
0.0
0.0
0.0
0.0
0.0
0.0
0.0
0.0
0.0
0.0
0.0
0.0
0.0
0.0
0.0
0.0
0.0
0.0
0.0
0.0
0.0
0.0
0.0
0.0
0.0
0.0
0.0
0.0
0.0
0.0
0.0
0.0
0.0
1.0976903004765488e-05
5.356656701076746e-05
0.00010369239575607609
0.0001553422792730988
0.0001930389420121799
0.00020959519760296334
0.00016522743665481327
0.00013713962537603567
4.9284092395651905e-05
0.0
0.0
0.0
0.0
0.0
0.0
0.0
0.0
0.0
0.0
0.0
0.0
0.0
0.0
0.0
3.039023830260903e-05
0.00011216420870510145
0.0001335029863171199
0.00013277064898100936
4.9061026782166034e-05
0.0
0.0
0.0
0.0
0.0
0.0
0.0
0.0
0.0
0.0
0.0
0.0
0.0
0.0
0.0
0.0
0.0
0.0
0.0
0.0
0.0
3.8654478840483425e-05
0.0001001916195964076
9.095445057830241e-05
0.00010049141133624577
8.895176654836571e-05
1.356117508741207e-05
0.0
0.0
0.0
0.0
0.0
0.0
0.0
0.0
0.0
0.0
0.0
0.0
0.0
0.0
0.0
0.0
0.0
1.6183727560248997e-05
8.494740359007472e-05
0.0001367179769466655
0.0001503765388871461
0.00012675535164134895
0.00013170917647180436
7.571589783572072e-05
3.3328435170422393e-06
0.0
0.0
0.0
0.0
0.0
0.0
0.0
0.0
0.0
0.0
0.0
0.0
0.0
0.0
0.0
5.778053160096395e-05
0.00011514357151637587
0.0001241429493391005
0.00015187979974778568
0.000172609703967798
0.00013425295725793293
0.00010968463463350151
6.061490493460118e-05
2.9152172821715143e-06
0.0
0.0
0.0
0.0
0.0
0.0
0.0
0.0
0.0
0.0
0.0
0.0
0.0
0.0
0.0
0.0
0.0
0.0
0.0
0.0
0.0
0.0
0.0
0.0
0.0
0.0
0.0
0.0
0.0
0.0
0.0
0.0
0.0
0.0
0.0
0.0
0.0
0.0
0.0
0.0
7.263273793071348e-06
0.00012362135592115195
0.00020842587927264152
0.0001834186628735796
0.0001460402848503561
6.994113334245395e-05
3.1029066057168746e-06
0.0
0.0
0.0
0.0
0.0
0.0
0.0
0.0
0.0
0.0
0.0
0.0
0.0
0.0
0.0
0.0
0.0
0.0
0.0
0.0
0.0
0.0
0.0
0.0
0.0
0.0
0.0
0.0
0.0
0.0
0.0
0.0
0.0
0.0
0.0
0.0
0.0
0.0
0.0
0.0
0.0
0.0
0.0
0.0
0.0
0.0
0.0
0.0
0.0
0.0
0.0
0.0
0.0
0.0
0.0
0.0
0.0
0.0
0.0
0.0
0.0
0.0
0.0
0.0
0.0
0.0
0.0
0.0
0.0
0.0
0.0
0.0
0.0
0.0
0.0
0.0
0.0
0.0
0.0
0.0
0.0
0.0
0.0
0.0
0.0
0.0
0.0
0.0
0.0
0.0
0.0
0.0
0.0
0.0
0.0
0.0
0.0
0.0
0.0
0.0
0.0
0.0
0.0
0.0
0.0
0.0
0.0
0.0
0.0
0.0
0.0
0.0
0.0
0.0
0.0
2.8050568525949755e-05
0.0001052033511040373
8.529687698771977e-05
5.9046247382049026e-05
1.857433620556495e-05
0.0
0.0
0.0
0.0
0.0
0.0
0.0
0.0
0.0
0.0
0.0
0.0
0.0
0.0
0.0
0.0
0.0
0.0
0.0
0.0
0.0
0.0
0.0
0.0
0.0
0.0
0.0
0.0
0.0
0.0
0.0
0.0
0.0
0.0
0.0
0.0
0.0
0.0
0.0
0.0
0.0
0.0
6.551781076089587e-05
0.00015555242502992655
0.00029973332032230134
0.00038437750028070996
0.0003924529897701366
0.00028440263741364466
0.0001475454149415627
1.3934258721961797e-05
0.0
0.0
0.0
0.0
0.0
0.0
0.0
0.0
0.0
0.0
0.0
0.0
0.0
0.0
0.0
6.152053641324102e-05
0.00010413189959516321
0.0001072921956541488
0.0001246314773901302
0.00015830582468897238
0.00017249922748143257
0.00010651437996379613
4.109873094662951e-05
2.813817739569603e-06
0.0
0.0
0.0
0.0
0.0
0.0
0.0
0.0
0.0
0.0
0.0
0.0
0.0
6.0002612472682576e-05
0.00014907245391082645
0.00016026612168669238
0.00015376529849209797
2.456242023322308e-05
0.0
0.0
0.0
0.0
0.0
0.0
0.0
0.0
0.0
0.0
0.0
0.0
0.0
0.0
0.0
0.0
0.0
0.0
0.0
0.0
0.0
0.0
1.4764729817499884e-05
2.940531648863605e-05
9.479120815616779e-05
0.00011035772157717898
9.657182209690025e-05
7.910337567528002e-05
1.966495556229156e-05
0.0
0.0
0.0
0.0
0.0
0.0
0.0
0.0
0.0
0.0
0.0
0.0
0.0
0.0
0.0
0.0
0.0
2.6244699179171528e-05
0.00012676774463211052
0.00018607015680177188
0.000200765608499132
0.0002175384482700382
0.00017107361948757495
8.434728766092848e-05
1.1141434700402579e-05
0.0
0.0
0.0
0.0
0.0
0.0
0.0
0.0
0.0
0.0
0.0
0.0
0.0
0.0
0.0
1.1844454439927582e-05
8.328768929704988e-05
0.00014822918302206042
0.00018704247691018357
0.00026112371066566514
0.0002512151192387028
0.00022991030205046062
0.0
0.0
0.0
0.0
0.0
0.0
0.0
0.0
0.0
0.0
0.0
0.0
0.0
0.0
0.0
0.0
0.0
0.0
0.0
0.0
0.0
0.0
0.0
0.0
0.0
0.0
0.0
0.0
0.0
0.0
0.0
0.0
0.0
0.0
0.0
0.0
9.235501865350649e-06
0.0
1.9392036266001263e-05
3.904169022822552e-05
3.9960029948249484e-05
3.8649592282229984e-05
6.521085430279876e-05
0.00011820205543340768
0.0001417044614549705
0.00014085898274360128
0.00010940041453535093
6.087861472660025e-05
4.167589111120669e-05
3.869963930576987e-06
0.0
0.0
0.0
0.0
0.0
0.0
0.0
0.0
0.0
0.0
0.0
0.0
1.269405732672833e-05
8.927817360039024e-05
9.167568924111769e-05
0.00010158300629333894
0.00019129755976793615
0.0002531807631124912
0.00023149589565680251
0.0002221965000677038
0.0001790163209577779
0.0001731071064425537
0.00011136585377431122
4.686253421072962e-05
8.378945383427192e-06
0.0
0.0
0.0
0.0
0.0
0.0
0.0
0.0
0.0
0.0
0.0
0.0
4.426297123866331e-05
0.00010184668513470646
0.000119618486077386
0.00017203660417710947
0.00023025548423706224
0.0002479757096784867
0.00026582858875462737
0.00026159619121867117
0.00022007181425731084
0.00014279636591778586
6.668361945260764e-05
3.599783225318827e-05
8.697425397932078e-06
0.0
0.0
0.0
0.0
0.0
0.0
0.0
0.0
0.0
0.0
0.0
4.4606117948032566e-05
0.00016021685958455273
0.00023552020086589062
0.00027877936936265146
0.00029675991193100213
0.0003002585906393664
0.0003277927737615671
0.0003257280489081486
0.0002596489517020217
0.00015357914357736117
7.012500101683211e-05
3.8502160638415315e-05
9.221711392134535e-06
0.0
0.0
0.0
0.0
0.0
0.0
0.0
0.0
0.0
0.0
0.0
3.9968140746749265e-05
7.3993487252277215e-06
0.0
0.0
0.0
0.0
0.0
0.0
0.0
0.0
0.0
0.0
0.0
0.0
0.0
0.0
0.0
0.0
0.0
0.0
0.0
2.4112882212537783e-05
7.875000705771214e-05
0.00013057136230276817
0.00015526901951553026
0.00015699602704504902
0.000157451808570249
0.00018476531029519103
0.0001741286126555244
0.00015457708843090375
0.00011797985103945423
6.626465485233322e-05
1.1430650332995635e-05
0.0
0.0
0.0
0.0
0.0
0.0
0.0
0.0
0.0
0.0
0.0
0.0
0.0
0.0
0.0
0.0
0.0
0.0
0.0
0.0
0.0
0.0
0.0
0.0
0.0
0.0
0.0
0.0
0.0
0.0
0.0
0.0
0.0
0.0
0.0
0.0
0.0
0.0
0.0
0.0
0.0
3.337601901951357e-05
0.00010136608566035112
0.00012972999007575327
0.00015419885737160956
0.00016361610374968303
0.00012691801332666102
5.9705093166487144e-05
2.747376162004739e-06
0.0
0.0
0.0
0.0
0.0
0.0
0.0
0.0
0.0
0.0
0.0
0.0
0.0
0.0
0.0
0.0
3.976448752212599e-05
0.0001469296287125065
0.0002350355075976037
0.00031504681285317396
0.0003661449347178582
0.00038864167412486314
0.00039890870180598194
0.0003476606885292654
0.0002929398918514472
0.00025070764467777684
0.000163536490152585
0.0
0.0
0.0
0.0
0.0
0.0
0.0
0.0
4.380748375049836e-05
6.71102970890196e-05
7.792335564021756e-05
0.00016010304043515399
0.00024519162838735644
0.00017468118817463014
7.948900560024234e-05
0.00011253253055861932
0.00015358538486968517
0.0001447690291861863
0.00016551076994627485
0.00012136993813756737
2.500379531712051e-05
0.0
0.0
0.0
0.0
0.0
0.0
0.0
0.0
0.0
0.0
0.0
0.0
0.0
0.0
2.7806696663808257e-05
0.00010449934646440963
0.00013376881564654047
0.00016857617722745532
0.00023511459795277594
0.0002618801872629095
0.00023890808005983658
0.00020501543837881783
0.0001637577408974148
7.250880029173108e-05
3.0008489698330067e-06
0.0
0.0
0.0
0.0
0.0
0.0
0.0
0.0
0.0
0.0
0.0
0.0
9.243192377869753e-06
0.00010842816264487225
0.0001666843923644712
0.00021401863336177496
0.00027231846890713406
0.000335316110028297
0.0003730168285180257
0.0004085350398419326
0.00045630070169816754
0.0004485241714840104
0.0003073193404012791
0.000183517538130847
0.00012628261650780845
5.885883396880041e-05
0.0
0.0
0.0
0.0
0.0
0.0
0.0
0.0
0.0
0.0
0.0
1.2355595011667945e-05
6.0853527820720495e-05
0.00014981767601863143
0.00019393828827445953
0.00014633988895623674
0.00011464433370125369
0.0001638156865581691
0.00014445222228259128
6.454667301204833e-05
0.0
0.0
0.0
0.0
0.0
0.0
0.0
0.0
0.0
0.0
0.0
0.0
0.0
0.0
0.0
0.0
0.0
0.0
0.0
0.0
0.0
0.0
0.0
0.0
0.0
0.0
0.0
0.0
0.0
0.0
0.0
0.0
0.0
0.0
0.0
0.0
0.0
0.0
0.0
0.0
9.332218062249118e-06
7.147525587353855e-05
0.00011754051629441793
0.0001330931863155082
0.00013444253267607808
0.00016081387079308496
0.00015944808786037958
0.00010099478530094054
2.085068425633675e-05
0.0
0.0
0.0
0.0
0.0
0.0
0.0
0.0
0.0
0.0
0.0
0.0
0.0
9.116491915487538e-06
0.00011153174230060056
0.00021320734018986755
0.00031812196728279286
0.0003147377282320702
0.0003308832879200369
0.00031006119777590794
0.0002848659667301534
0.0002931659259713571
0.0002924870917233144
0.00019978902388859056
0.0001551665215801761
0.0001060722818564422
0.0001260137983567731
0.0
0.0
0.0
0.0
0.0
0.0
0.0
0.0
0.0
0.0
8.005145433809972e-05
0.00020997161223584648
0.00027708768157223455
0.0003318028817124052
0.00044331294979343624
0.0005839146868375476
0.0005436063113316472
0.0005009767065123477
0.00046057796989538947
0.00037228433571090196
0.000265582996610761
0.00020125927321307932
0.0001385675426729385
6.223793898481851e-05
0.0
0.0
0.0
0.0
0.0
0.0
0.0
0.0
0.0
1.7905593412192996e-05
0.00018528825175665587
0.0003109580577046162
0.0003841111932741064
0.0004512305639165745
0.0005212207254950856
0.0005801937287366431
0.0006812613505309426
0.0008167930485364994
0.0007977549580335827
0.0005774404245580007
0.0003510614359776587
0.0002648680573041078
0.00023692256792443608
0.00017659018815146586
0.0
0.0
0.0
0.0
0.0
0.0
0.0
0.0
0.0
1.816279766686359e-05
0.00015869324250476899
0.00028250899074816965
0.0003737482992879947
0.0004935892809283935
0.0005464448066924139
0.0006308014395248941
0.0006464391003563931
0.0005464248832907335
0.00039003768564050827
0.00029182346615336637
0.00018712285331483593
0.00014705561476178485
5.5270135034205224e-05
0.0
0.0
0.0
0.0
0.0
0.0
0.0
0.0
0.0
0.0
0.0
0.0
0.0
3.678622630152939e-05
0.00010832077927531556
0.00013787572235342778
0.00013624346538764948
0.00016317456231905065
0.00013890235090525797
0.00011302873901681656
6.47217621073071e-05
0.0
0.0
0.0
0.0
0.0
0.0
0.0
0.0
0.0
0.0
0.0
0.0
0.0
0.0
0.0
0.0
0.0
0.0
0.0
0.0
0.0
0.0
0.0001654534297885039
0.00019685062334558786
0.00012153105553857699
0.0
0.0
0.0
0.0
0.0
0.0
0.0
0.0
0.0
0.0
0.0
0.0
0.0
0.0
0.0
0.0
0.0
1.767179950473956e-05
8.822052816778146e-05
2.7249965671040605e-05
0.0
0.0
0.0
0.0
0.0
0.0
0.0
0.0
0.0
0.0
0.0
0.0
0.0
0.0
0.0
0.0
0.0
0.0
0.0
1.191689817687131e-05
3.275733376441863e-06
0.0
0.0
0.0
4.166337602654626e-05
7.521138938091146e-05
5.223042446038442e-05
3.220001504349755e-06
0.0
0.0
0.0
0.0
0.0
0.0
0.0
0.0
0.0
0.0
0.0
0.0
0.0
0.0
0.0
2.770135788276728e-05
9.092172936890993e-05
0.00010677107412929421
0.0001266534775645632
0.0001368095789970827
0.00011928696362906394
6.418330539352673e-05
5.9133876369872204e-05
2.1213363372972023e-05
0.0
0.0
0.0
0.0
0.0
0.0
0.0
0.0
0.0
0.0
0.0
0.0
0.0
0.0
7.020082452768898e-05
0.00018904477648055902
0.00020816099868040317
0.00023781370934115813
0.00026543702030729614
0.0002694235980728008
0.00022979017376731844
0.00018643365347585165
0.00011723410696614634
4.920745986418511e-05
3.1281447095299555e-06
0.0
0.0
0.0
0.0
0.0
0.0
0.0
0.0
0.0
0.0
0.0
0.0
0.0
7.793617060125694e-05
0.00013220470599978784
0.00013212839473819026
0.00018543856246233098
0.00021630393676491671
0.00021306646958448575
0.00018759368418934537
0.00012200177032236689
2.845850301194406e-05
0.0
0.0
0.0
0.0
0.0
0.0
0.0
0.0
0.0
0.0
0.0
0.0
0.0
0.0
0.0
0.0
0.0
8.406059214790967e-06
8.323035717220681e-05
0.00010979892018791895
0.00010596393742730259
0.00010645409104684513
0.00010514194055974257
3.719680394452689e-05
0.0
0.0
0.0
0.0
0.0
0.0
0.0
0.0
0.0
0.0
0.0
0.0
0.0
0.0
0.0
0.0
0.0
0.0
0.0
0.0
0.0
0.0
0.0
0.0
0.0
0.0
0.0
0.0
0.0
0.0
0.0
0.0
0.0
0.0
0.0
0.0
0.0
0.0
0.0
0.0
0.0
7.5078769317997245e-06
2.859826482495859e-05
4.743130735286797e-05
7.956837045752824e-05
9.362632326637927e-05
5.4724558897355066e-05
7.217405166392324e-06
0.0
0.0
0.0
0.0
0.0
0.0
0.0
0.0
0.0
0.0
0.0
0.0
0.0
0.0
0.0
0.0
0.0
0.0
7.524389310885106e-05
0.00012601432257773642
0.00012436901634336214
0.00010521413304916187
7.374235909217125e-05
1.9824589902864734e-05
0.0
0.0
0.0
0.0
0.0
0.0
0.0
0.0
0.0
0.0
0.0
0.0
0.0
0.0
9.063055488866676e-06
0.0
0.0
0.0
3.257937057675166e-05
9.837220060484158e-05
0.0001309932626872247
0.00011491544414196628
0.00010665881761806022
6.433473006043346e-05
7.69682590034809e-06
0.0
0.0
0.0
0.0
0.0
0.0
0.0
0.0
0.0
0.0
0.0
0.0
0.0
0.0
1.8397379407773997e-05
0.0001180286729407664
0.00021227630396414675
0.0002667661390348724
0.0002582049948140012
0.00023472021414402928
0.00023015769385736725
0.00019139603152619646
0.00011174109615660813
4.6750709601951476e-05
2.959466785769139e-06
0.0
0.0
0.0
0.0
0.0
0.0
0.0
0.0
0.0
0.0
0.0
0.0
2.9384335744326653e-05
0.0001858417780513404
0.00029821692813076806
0.0004221380115887497
0.0005410533017102189
0.0005574347537161094
0.000488413598195008
0.00044945877346462906
0.00045960896667590384
0.00045235762747996433
0.00033909537692816493
0.00026554426409998634
0.00017440688958673197
9.228781387333181e-05
0.0
0.0
0.0
0.0
0.0
0.0
0.0
0.0
0.0
5.101878432485529e-05
0.00029431456809634183
0.0004499535238200965
0.0005158961266256219
0.0005668562620614912
0.0006135675660607816
0.0006545055828997277
0.0006587269902457183
0.0006412208243413055
0.0006070733159873896
0.000539742684298181
0.0
0.0
0.0
0.0
0.0
0.0
0.0
0.0
0.0
0.0
0.0
0.0
0.0
0.0
0.0
0.0
0.0
0.0
0.0
0.0
0.0
0.0
0.0
0.0
0.0
0.0
0.0
0.0
0.0
0.0
0.0
0.0
0.0
0.0
0.0
0.0
0.0
0.0
4.1148575212295804e-05
9.938886819581379e-05
0.00014071542263360324
0.00018184755003116065
0.0002801215244879403
0.0003574592041606653
0.0003660010428335089
0.0003061636211310597
0.0002741208577437881
0.00025845633928681973
0.00019229513436591758
0.00014043231279636383
0.0001288496422492068
0.00012882447314593632
0.0
0.0
0.0
0.0
0.0
0.0
0.0
0.0
7.778241617738975e-05
0.0001366478678198722
0.00020996291946802158
0.0003229180979943289
0.0004164167508700714
0.00043800086107292707
0.00046125699544518657
0.00044808456497155735
0.0004144329830781189
0.0003696493693952394
0.0003327694189032727
0.0002982096145240515
0.0002484324252351245
0.00021526440557614353
0.00018470330391518995
0.00014779871948337529
0.0
0.0
0.0
0.0
0.0
0.0
0.0
0.0
0.0
4.983796991586586e-05
0.00012505893938354686
0.00013780327631162759
0.00018636131559390673
0.00026050197457104973
0.00030122958895263885
0.00030616946517751935
0.0003169972416874257
0.0003282867443382398
0.000305155764687068
0.0002548693442677893
0.00016741713908723825
7.312745113146798e-05
8.176829025146687e-06
0.0
0.0
0.0
0.0
0.0
0.0
0.0
0.0
0.0
0.0
9.741748733072311e-06
9.772482162374441e-05
0.00012093133075000983
0.00018564376173094515
0.0002459303648642685
0.00033670460188771155
0.00038184442555256655
0.0003750942712013903
0.0003486213775041599
0.00033381869463507363
0.0002829905704290569
0.00018742918657141391
8.319367342225512e-05
9.213507918487139e-06
0.0
0.0
0.0
0.0
0.0
0.0
0.0
0.0
0.0
0.0
0.0
1.8933364067328175e-05
5.998875634610266e-05
8.031657153722858e-05
0.00015483153567485804
0.00019654463472244677
0.00022038458259009892
0.0001875290441094862
0.00018357517482038975
0.0001589024340690367
4.619428751088381e-05
0.0
0.0
0.0
0.0
0.0
0.0
0.0
0.0
0.0
0.0
0.0
0.0
0.0
0.0
0.0
1.3777291237271846e-05
6.983198555799497e-05
2.2818810505711117e-05
6.654240111344284e-05
3.421737057283282e-05
2.6304395066272808e-05
0.0001005411616558686
0.0001097209303046441
7.704794164191763e-05
0.0
0.0
0.0
0.0
0.0
0.0
0.0
0.0
0.0
0.0
0.0
0.0
0.0
0.0
0.0
0.0
0.0
0.0
0.0
0.0
0.0
0.0
0.0
0.0
0.0
0.0
0.0
0.0
0.0
0.0
0.0
0.0
0.0
0.0
0.0
0.0
0.0
0.0
2.704859299977643e-05
0.0001289585316537056
0.00025600918541208165
0.00038051753044114275
0.0004574399571365763
0.0005124954996567693
0.00047755287539023736
0.0004254830538432355
0.00042452022112240897
0.00036106766539024786
0.0002671101881151727
0.00016715983167710284
6.488478597322067e-05
8.492903047371864e-06
0.0
0.0
0.0
0.0
0.0
0.0
0.0
0.0
0.0
7.862346588149417e-05
0.00029438056302760946
0.00039854405572246454
0.0004997768616256684
0.0006488972374557447
0.0007563923453663123
0.0007007044909534075
0.0005344685685295856
0.0005105637113785606
0.00040918925016148806
0.00035856536236548124
0.00020723710647077003
6.50789495053312e-05
3.486051543099363e-05
8.522765407401592e-06
0.0
0.0
0.0
0.0
0.0
0.0
0.0
0.0
0.0
0.0
9.18045733958281e-05
0.00019525824227162273
0.00020078182320592923
0.00017681491995901713
0.00021066494255024337
0.00019423459364269072
0.0001677145071466153
0.0001447177922336025
0.00013693252427585055
9.48353736114606e-05
1.9303738876114523e-05
0.0
0.0
0.0
0.0
0.0
0.0
0.0
0.0
0.0
0.0
0.0
0.0
0.0
8.346532020604393e-06
8.146684727387273e-05
0.00015635226823553102
0.0002523483057589393
0.0003341767172297042
0.00037854357569462615
0.00033136790064180517
0.0002603717129686636
0.00021064159111341634
0.00014310217571345094
5.853454992233762e-05
2.8073827503540847e-06
0.0
0.0
0.0
0.0
0.0
0.0
0.0
0.0
0.0
0.0
0.0
0.0
0.00010205784418682708
0.0002255776683328823
0.00033514265923665016
0.0004545821430476714
0.0005852258857655692
0.0005990543380077247
0.0006283043928339041
0.0006364015280089921
0.0005765864234615217
0.00043258069516140913
0.00026817772382233847
0.00015528140248690015
2.7130288032847796e-05
0.0
0.0
0.0
0.0
0.0
0.0
0.0
0.0
0.0
0.0
0.0
5.891121716300822e-05
0.000260040891255582
0.0003431843187207552
0.0003405276335328295
0.0004737267459030748
0.0005309437351072886
0.00044417879587254966
0.0004103162256811044
0.00038086913188415246
0.00033847606950647825
0.0
0.0
0.0
0.0
0.0
0.0
0.0
0.0
0.0
0.0
0.0
0.0
0.0
0.0
0.0
0.0
0.0
0.0
0.0
0.0
0.0
0.0
0.0
0.0
0.0
0.0
0.0
0.0
0.0
0.0
0.0
0.0
0.0
0.0
0.0
0.0
0.0
0.0
2.3777861296607497e-05
0.00015698116458933635
0.00016261274571701664
0.00018165522209401318
0.000229390879740044
0.0002666544595931563
0.00029802376555921706
0.00029142113419398675
0.0002846799488560626
0.0002839616687267528
0.00018440679684109517
7.11734810016327e-05
2.950342450558187e-06
0.0
0.0
0.0
0.0
0.0
0.0
0.0
0.0
0.0
0.0
8.371937446817623e-06
0.00014344361994721782
0.00028059753920566384
0.0003893863757646116
0.0005389197418470475
0.0006563632594648573
0.0007252512441847347
0.000744979159625844
0.0006171248232575574
0.0005495234009042349
0.000545850812405129
0.0003727447653917086
0.00019083065065701523
6.492096576449197e-05
3.3914366006120926e-05
0.0
0.0
0.0
0.0
0.0
0.0
0.0
0.0
0.0
6.383854066832261e-05
0.0002822066921104378
0.0003810954243735674
0.0004893785558994908
0.0006096860460225778
0.0006591238080568683
0.0007114559381448969
0.0008062383691789815
0.0007861550956968859
0.0006227862700694504
0.00045451934953778583
0.0002839821825358454
0.0001647582491465869
4.152314916899806e-05
0.0
0.0
0.0
0.0
0.0
0.0
0.0
0.0
0.0
0.0
0.0
0.0
4.532653950053382e-05
0.00013099989026591098
0.0001864741440407
0.00027207338388005763
0.0003125088908421979
0.00028800835320745815
0.0002327415308828178
0.000190224457660149
0.0001519477837159366
6.997578236834839e-05
3.377908967332525e-06
0.0
0.0
0.0
0.0
0.0
0.0
0.0
0.0
0.0
0.0
0.0
0.0
0.0
2.7559398621021216e-05
0.00015794246062577762
0.00020821468376642493
0.00023611028038814514
0.0002517839234472394
0.0002718412838478048
0.00024797212203196396
0.0002761615607636907
0.00014937387470233913
3.889273734001667e-05
4.014325610372275e-05
1.0194147597138963e-05
0.0
0.0
0.0
0.0
0.0
0.0
0.0
0.0
0.0
0.0
0.0
0.0
8.372954447386971e-05
0.00016401763936024885
0.00025303077323541467
0.0003018182858837127
0.0003327952688128818
0.0003626347531123126
0.00035260265563758403
0.0003273971153905
0.00022896025449378784
0.0
0.0
0.0
0.0
0.0
0.0
0.0
0.0
0.0
0.0
0.0
0.0
0.0
0.0
0.0
0.0
0.0
0.0
0.0
0.0
0.0
0.0
0.0
0.0
0.0
0.0
0.0
0.0
0.0
0.0
0.0
0.0
0.0
0.0
0.0
0.0
0.0
0.0
8.558758187420667e-05
0.00022281657599203182
0.00030872320351055065
0.00038103865345518676
0.00045057720418205816
0.0005272021797032965
0.0005315535115585073
0.00045523285509880266
0.0003203176171867661
0.00020239279600550594
0.00013032096126128017
7.76458093756145e-05
9.944356634107535e-06
0.0
0.0
0.0
0.0
0.0
0.0
0.0
0.0
0.0
0.0
0.0
0.0
7.928844020485278e-05
0.000124806648878395
0.00019212640691600524
0.00023247419329843386
0.00023877628245277214
0.00023601263487994773
0.0002556135638253073
0.0002570452436520368
0.00023130936855285354
0.00018627104428859737
0.00011097200201891571
2.1436412973714202e-05
0.0
0.0
0.0
0.0
0.0
0.0
0.0
0.0
0.0
0.0
8.572519078484911e-05
0.0002115073920921002
0.00032606300002581694
0.0004082847070345252
0.00046911877479542967
0.0005488025922060366
0.0005792604479381765
0.0005862037229714757
0.000654830679147911
0.0007098032727896175
0.0007225687066867088
0.0005834528233102167
0.00035184040925606303
0.00021193682853016085
0.000173197666956852
0.0
0.0
0.0
0.0
0.0
0.0
0.0
0.0
0.0
2.203782834509415e-05
0.0001764247141755769
0.00030933069540442856
0.000421796328533164
0.000554772020756645
0.0006665283943258683
0.0006459200167223317
0.0005902782832263213
0.000655883449315547
0.0007555690597433068
0.0007259376028429923
0.0005942643592870395
0.0004945083816427322
0.00037701094954322725
0.00031019969136603716
0.0
0.0
0.0
0.0
0.0
0.0
0.0
0.0
9.938576319960635e-05
0.00013458954661872013
0.00028452732757856044
0.00042349422549940263
0.0005308801179662314
0.0006233247006966813
0.0006577552127049462
0.0007430064070769258
0.0007701725510824913
0.0006816536656237061
0.0005854805442408315
0.0005320421884826596
0.00046610219421036364
0.00043759981986862524
0.00034157261612316855
0.0001679815274595506
0.0
0.0
0.0
0.0
0.0
0.0
0.0
0.0
0.0
0.0
1.4146389497894793e-05
6.817894581912107e-05
0.0001433501046433318
0.00023348014132121154
0.00023412032637759814
0.0002622576645807761
0.00021996536110728622
0.00022662740721434498
0.0002287393192237696
0.00021100137488867657
0.0
0.0
0.0
0.0
0.0
0.0
0.0
0.0
0.0
0.0
0.0
0.0
0.0
0.0
0.0
0.0
0.0
0.0
0.0
0.0
0.0
0.0
0.0
0.0
0.0
0.0
0.0
0.0
0.0
0.0
0.0
0.0
0.0
0.0
0.0
0.0
0.0
0.0
0.0
0.0
0.0
0.0
0.0
0.0
0.0
5.1060376276034035e-05
0.000398799047785644
0.0002881832968726091
0.00014715080133215926
0.0
0.0
0.0
0.0
0.0
0.0
0.0
0.0
0.0
0.0
0.0
0.0
2.0378473990488877e-05
0.0001043569573416849
0.0002459141241859679
0.0003582392930234596
0.00041530884727752996
0.0004808382635005141
0.0005572190987477154
0.0006021654674781228
0.0005423302425589799
0.0004670204622438277
0.0004142072569931999
0.00032272703986188075
0.00022418599957289015
0.00012483203395888306
5.8505146293878294e-05
0.0
0.0
0.0
0.0
0.0
0.0
0.0
0.0
7.078699988836055e-05
8.799798809918681e-05
0.00012509688818467294
0.000195168416707935
0.00027731646173907287
0.00035195403340830355
0.0004181917376612424
0.0004255747119766938
0.00041907405160387977
0.00041697628859241185
0.0003790550786260051
0.0003325096390716833
0.00027604218606706843
0.0001650851122671377
6.472958297532284e-05
2.2988767945912252e-05
0.0
0.0
0.0
0.0
0.0
0.0
0.0
0.0
0.0
0.0
0.0
0.0
0.0
6.8049587378724725e-06
3.0735006316759036e-05
5.617945844021321e-05
7.421331863278864e-05
8.867757565363055e-05
0.00010512379377467724
6.500919836779153e-05
3.038067671556753e-06
0.0
0.0
0.0
0.0
0.0
0.0
0.0
0.0
0.0
0.0
0.0
0.0
0.0
0.0
4.812334640407811e-06
8.101316478855908e-05
0.00015834124831250364
0.00022602935954395907
0.00028495474696951724
0.0002648644219682424
0.00020189425692088757
0.00014174791725459876
7.910167637730634e-05
9.987328957730802e-06
0.0
0.0
0.0
0.0
0.0
0.0
0.0
0.0
0.0
0.0
0.0
0.0
0.0
0.0
0.0
0.0
0.0
1.0868077528422337e-05
2.7682905057446854e-05
3.324956796053349e-05
3.312670489929002e-05
3.2567430105498135e-05
1.339947384800726e-05
0.0
0.0
0.0
0.0
0.0
0.0
0.0
0.0
0.0
0.0
0.0
0.0
0.0
0.0
0.0
0.0
0.0
0.0
0.0
0.0
0.0
0.0
0.0
0.0
0.0
0.0
0.0
0.0
0.0
0.0
0.0
0.0
0.0
0.0
0.0
0.0
0.0
1.624111383732035e-05
0.00014714287891233672
0.00030427993450556626
0.00043334004393177277
0.0004639357903328856
0.0004542809531703807
0.000441234636117577
0.0003910914920362827
0.000332164304167801
0.0002792310254700989
0.00022025881762496717
0.0001347161920674997
6.253581767428125e-05
8.571626358359712e-06
0.0
0.0
0.0
0.0
0.0
0.0
0.0
0.0
0.0
0.0
0.0
0.0
7.199614323041012e-05
0.00016793913437491019
0.00023605405422691625
0.0002997764353100618
0.0003548143274250287
0.0003516872868000992
0.0003274556306383787
0.00031496824475390475
0.00028549897361400384
0.0002102365708189176
0.0001517545501226034
8.438186349742388e-05
1.202657780745767e-05
0.0
0.0
0.0
0.0
0.0
0.0
0.0
0.0
0.0
0.0
0.0
0.0
1.795391772598107e-05
8.256342632567416e-05
0.00015842610746650938
0.0002267308329546893
0.00024499794805119614
0.0002448471375763762
0.0002518115702568939
0.0002087785332966518
0.00010648852295122096
2.256239567192524e-05
0.0
0.0
0.0
0.0
0.0
0.0
0.0
0.0
0.0
0.0
0.0
0.0
0.0
0.0
1.7428754279577667e-05
6.003974812281279e-05
0.00010463077088311456
0.0001445768980231112
0.00015515312207570254
0.000155753444907418
0.0001589215964546981
0.00012903124246421688
6.469928874541096e-05
1.0886779732717628e-05
0.0
0.0
0.0
0.0
0.0
0.0
0.0
0.0
0.0
0.0
0.0
0.0
9.300676372923587e-06
3.936019110652221e-05
7.122451279910013e-05
0.0001525442225148627
0.00025260217279758434
0.00033841044433766836
0.0003737709120471653
0.00038686627762372645
0.00041103115422542493
0.00039056268342263284
0.0002969114336150447
0.00022913340505423957
0.00018383969563028104
0.0001650658868319511
0.0
0.0
0.0
0.0
0.0
0.0
0.0
0.0
0.00020949365950009038
0.00022659598496941227
0.00028248062433203257
0.0003535355615661758
0.0004152944257930419
0.0004164378425481187
0.0003748295549615659
0.0003371307389079274
0.00029502015547117424
0.00024401289975777582
0.00019044124536203057
0.00014358940733946276
0.0
0.0
0.0
0.0
0.0
0.0
0.0
0.0
0.0
0.0
0.0
0.0
0.0
0.0
0.0
0.0
0.0
0.0
0.0
0.0
0.0
0.0
6.160182871188245e-05
0.00010597134704517235
3.907741270301292e-05
0.0
0.0
0.0
0.0
0.0
0.0
0.0
0.0
0.0
0.0
0.0
0.0
0.0
4.992396243669019e-06
6.333850058811708e-05
0.00013113427974722827
0.0001835080231552201
0.000221001943831642
0.00025757650516433455
0.0002610841104499089
0.00025320602635954173
0.00024986311566906934
0.00021882535320487547
0.00015161611185650364
9.479397835002488e-05
5.2824046639046765e-05
2.8081294050298418e-05
0.0
0.0
0.0
0.0
0.0
0.0
0.0
0.0
1.8139205951371175e-05
6.085197986763804e-05
0.00015511685331039645
0.00026013522398066094
0.00034453855130127246
0.0003894958408769438
0.0004284151288602644
0.0004652662298272449
0.00047430910773336
0.00048146998600689304
0.0005188236832396468
0.0004583973041491445
0.0002759283086662624
0.00011212965252752904
3.0544760902852876e-05
7.999258603883766e-06
0.0
0.0
0.0
0.0
0.0
0.0
0.0
0.0
1.9592718873542004e-05
6.529601130564185e-05
0.0001843576089517105
0.0003232313527615759
0.00043613206265662164
0.0005212095745960062
0.0005983855898783961
0.0006773970296453007
0.000684806066151048
0.0006675792657613192
0.0006810167383904535
0.0005991467628006752
0.0004517542612472721
0.00036507314119484417
0.0002870609446100863
0.0002105817973764186
0.0
0.0
0.0
0.0
0.0
0.0
0.0
0.0
0.00015697842654681837
0.0002623657495646037
0.0004091317115743057
0.0005369696803521001
0.0006392762303382012
0.0007156113403373629
0.0007720100463242793
0.0009126901672374136
0.0009134457261790682
0.0008664980202596181
0.0008209216275653256
0.0007053421851654361
0.000529735613856749
0.0004185543662855025
0.00032836050100705456
0.0002614939294069183
0.0
0.0
0.0
0.0
0.0
0.0
0.0
0.0
0.00025651268587983104
0.00032652465883729133
0.0004860369145807825
0.0006503334015635243
0.0008175949575804022
0.0009036917755460578
0.0008754688615431376
0.0009484083257204576
0.0009528767994683012
0.000997265395718251
0.0010482822801469681
0.0009187742009484363
0.0006354022305644106
0.00048652980637322235
0.0003692488568635074
0.00030269246397246675
0.0
0.0
0.0
0.0
0.0
0.0
0.0
0.0
0.00024690915995752554
0.0003454964260296582
0.0004745198619357736
0.0006005578733954048
0.0007288763348567085
0.0007460360914951091
0.0007114010637243533
0.0006971456275190055
0.0006484167258359933
0.0005965115146514956
0.0005480441033469398
0.0004673803852068312
0.0
0.0
0.0
0.0
0.0
0.0
0.0
0.0
0.0
0.0
0.0
0.0
0.0
0.0
0.0
0.0
8.071448405472272e-05
0.0
0.0
0.0
0.0
2.0319841189316977e-05
0.0003003532361395028
4.1702855454692165e-05
0.0
0.0
0.0
0.0
0.0
0.0
0.0
0.0
0.0
0.0
0.0
0.0
9.98168870257914e-05
0.0001313823349491456
0.0002288878361550992
0.0003307669510324626
0.0004258515959115344
0.0004848001749402071
0.0005273973995973479
0.0005632694460726141
0.0005560668541402004
0.0005448809611314355
0.0005641407753628
0.0005224866352573549
0.00040463084365535945
0.00031600697804690277
0.0002554686076970959
0.00021034692835249122
0.0
0.0
0.0
0.0
0.0
0.0
0.0
0.0
0.0
0.0
4.894960666988822e-05
0.00014565076781214667
0.00023204565130535395
0.0002988546006289161
0.00036135000848933974
0.0004157704213571601
0.0004576907649425605
0.0005038386367891688
0.0005795966091187509
0.000527059596426652
0.0003594819819650357
0.00021457148497645482
0.00014107979656360567
0.00012116414197718327
0.0
0.0
0.0
0.0
0.0
0.0
0.0
0.0
0.00019950531886159514
0.000277980015122776
0.0003856233812560992
0.00047298834041178733
0.0005398563374310445
0.0005700480691417963
0.0005787190124551648
0.0006150708316532698
0.0006086702272488266
0.0005908988679418428
0.0005904008371297106
0.000530616025939418
0.0003978161562508359
0.0002995083555046533
0.00022497895108134782
0.0001750246164244629
0.0
0.0
0.0
0.0
0.0
0.0
0.0
0.0
4.0781220337857593e-05
7.3849825956765e-05
0.00014179346614962108
0.0002138049189633698
0.00027731462985211395
0.0003225288886300689
0.00034791370592077375
0.0003769917470131785
0.00038998680345900375
0.0004026171099954477
0.00042898034389785825
0.00039680332302576156
0.0003204378065278895
0.0002851043499967348
0.00026672712250887107
0.0002670338729241697
0.0
0.0
0.0
0.0
0.0
0.0
0.0
0.0
9.395462224282697e-05
9.165816877281656e-05
0.00013131524484843595
0.00017361063235431034
0.00021696906017258836
0.0002804833482060403
0.0003514783667269273
0.0004135760322098538
0.0004307121394949396
0.0004355391463750345
0.0004664286101401396
0.00042826761690764554
0.0003131777285246808
0.0002302214326290996
0.00015935238030069938
9.016917674423991e-05
0.0
0.0
0.0
0.0
0.0
0.0
0.0
0.0
4.367771012431285e-05
9.797371523596967e-05
0.00014450534806243764
0.00018535712083543436
0.00022188718530041416
0.0002578916383535829
0.0002952414588367379
0.00032671830286298256
0.00033819413414939097
0.00033232374708986093
0.00032911747432843447
0.00030155899561615126
0.0
0.0
0.0
0.0
0.0
0.0
0.0
0.0
0.0
0.0
0.0
0.0
0.0
0.0
0.0
0.0
0.0
0.0
0.0
0.0
0.0
0.0
0.0
0.0
0.0
0.0
0.0
0.0
0.0
0.0
0.0
0.0
0.0
0.0
0.0
0.0
0.00032093154861422235
0.00037997810712782517
0.00043701929893514636
0.0004695134982161017
0.000504085572762856
0.0005388189027817683
0.000568849317181315
0.0005971225740318032
0.0006078722276122067
0.0006265322286804251
0.0006580799179524164
0.0005853687363708167
0.00043426018165471374
0.0003046606708972699
0.0002071495562111625
0.0001546032183095888
0.0
0.0
0.0
0.0
0.0
0.0
0.0
0.0
1.2871270756934731e-05
3.261401906648384e-05
0.0001211762000758763
0.00022777787758903838
0.0003266856428317497
0.0003642992511253219
0.00037240995605759467
0.00038021358664295395
0.00037037909391753943
0.0003588647377173471
0.0003618019823406526
0.00031709389750561487
0.0002187698788333526
0.00014508133126235837
9.014961359653938e-05
4.9685842440012575e-05
0.0
0.0
0.0
0.0
0.0
0.0
0.0
0.0
1.6719796184120796e-05
5.651436011201511e-05
0.00014942094457037162
0.0002567447675674825
0.0003505606854835907
0.0003756661762802033
0.000372931734982759
0.00037200216599027715
0.00036635516533624416
0.0003628203186301199
0.00037178954760486686
0.0003172250308603336
0.00020457749287191567
0.00011512375666008111
5.528192122050799e-05
2.7720112580276656e-05
0.0
0.0
0.0
0.0
0.0
0.0
0.0
0.0
0.0
4.423264035961063e-05
0.00016115377411442174
0.000277115308110772
0.00037229551391166916
0.0004287907353260156
0.0004776009311500669
0.0005298090610512174
0.0005292560693513686
0.0004976541959023428
0.0004784683548845222
0.0004267218717643457
0.0003271230303946135
0.0002665732093082305
0.0002142388317860516
0.00016270816253153176
0.0
0.0
0.0
0.0
0.0
0.0
0.0
0.0
5.325369863064088e-06
5.862830093704407e-05
0.0001737191442360149
0.00029699154519137894
0.00040477581700827165
0.00044803794736008923
0.0004604956807044327
0.0004854530197976388
0.00047712166179027335
0.00045297395766669596
0.0004400306668037445
0.0003709729322306622
0.00024813845603032246
0.00015433807724602285
9.441515901501633e-05
6.877369567963986e-05
0.0
0.0
0.0
0.0
0.0
0.0
0.0
0.0
0.00023568569591620378
0.00036089158086312313
0.0004777016510322535
0.0006073492592589163
0.0007056320344568277
0.0007544064432916922
0.0008098690090108795
0.0008949399582306499
0.0008634457325788883
0.0007951804916917451
0.0007391679495851458
0.0006808574866068461
0.00030905898381538384
0.00011976816436250898
0.0
0.0
0.0
0.0
0.0
0.0
0.0
0.0
0.0
0.0
0.0
0.0
0.00036644291944058007
0.0005231305815857452
0.0005122825272296409
0.0005471639433488557
0.0006308728478364503
0.0006463768905631829
0.0006509303715002887
0.0007505545470603573
0.0007447167736510721
0.00066251744332022
0.0007064559219089383
0.0005987928421172414
0.00030072207154912433
9.826789198470967e-05
0.0
0.0
0.0
0.0
0.0
0.0
0.0
0.0
0.0005438919536108059
0.0006301055398479826
0.000780275589816385
0.0009208478386595058
0.0010901757834855558
0.0012049682911360567
0.0012140397334396843
0.0013628795797663267
0.0013454862418505297
0.001311987370423487
0.0012364120775016198
0.001019305909056661
0.000713948688331778
0.0005541512271799866
0.00041701769476002707
0.0003501891633878423
0.0
0.0
0.0
0.0
0.0
0.0
0.0
0.0
0.0
7.841785647401458e-06
0.00014539105534912373
0.0002241709571378495
0.0002449265070964831
3.353532910068261e-05
0.0
0.0
0.0
1.6369286318441428e-05
0.0002364832941764954
0.000219943826888226
0.00017578487548593338
2.121923912435405e-05
0.0
0.0
0.0
0.0
0.0
0.0
0.0
0.0
0.0
0.0
0.0
0.0
2.569697609440542e-05
9.051219541370927e-05
0.00014787641087018493
0.0002068549484234727
0.00026025517396051633
0.00031040111090332306
0.0003108835221926123
0.0002910355815123721
0.0002773158551267742
0.0002259711980946862
0.0001393416544138821
6.533895355913116e-05
2.6313884366396843e-05
7.04377989779633e-06
0.0
0.0
0.0
0.0
0.0
0.0
0.0
0.0
0.0
0.0
0.0
0.0
0.0
3.1580813808427255e-05
0.00011031239819566182
0.00018094001444012847
0.00021994679266598336
0.0002422688769768327
0.00027351077129326637
0.00023341913228466793
0.00012688473065305798
2.970059959781935e-05
0.0
0.0
0.0
0.0
0.0
0.0
0.0
0.0
0.0
0.0
0.0
0.0
8.09865186446999e-05
0.00020988109436835775
0.0003305871536762135
0.0004099326224784389
0.00046517298181644826
0.0005110918395520241
0.0005294297622554933
0.0005573459717208437
0.0006182773983809599
0.0005789477572672336
0.0004454840305461167
0.00035449819555332914
0.000274836083543947
0.00020003220589331046
0.0
0.0
0.0
0.0
0.0
0.0
0.0
0.0
0.0
2.4879195562087086e-05
0.00011274523151216377
0.00021773376562390676
0.000312308049343054
0.00037216418565255824
0.0004167908248891799
0.00045876672694621144
0.00047605267399207545
0.00047561353972966233
0.0004774516992560827
0.00044224402182223554
0.00015684360452066588
5.515736730260043e-05
0.0
0.0
0.0
0.0
0.0
0.0
0.0
0.0
0.0
0.0
0.0
0.0
0.0
0.0
0.0
0.0
0.0
0.0
0.0
0.0
0.0
0.00012824971365787304
0.0
0.0
0.0
0.0
0.0
0.0
0.0
0.0
0.0
0.0
0.0
0.0
3.768785892847155e-05
3.747051537203817e-05
0.00010630912868655917
0.0002008346096231671
0.00028687257902599086
0.0003779271252200552
0.0004591292316859978
0.0005307104473054929
0.0005465451918227716
0.0005443821767826916
0.0005754022362006745
0.0005390173577775807
0.00042327442736029983
0.00032381571613779845
0.0002446520804632234
0.00018006578442716396
0.0
0.0
0.0
0.0
0.0
0.0
0.0
0.0
6.136884356751587e-05
7.438291360228815e-05
0.00015148461836699044
0.00024712126952917724
0.00033730952506238045
0.00038109754007332607
0.00040333638860165364
0.00042545132370485093
0.000423947991859671
0.00042295933361091026
0.00043057983695820657
0.0003853673714915364
0.00026068299319103737
0.00016564741713554265
9.74135712435613e-05
5.4843542862980225e-05
0.0
0.0
0.0
0.0
0.0
0.0
0.0
0.0
0.0
2.569117212328444e-05
0.0001227052579484889
0.0002295695582501833
0.0003303804661022201
0.00038548329061068997
0.0004192708829913231
0.00044923449735906546
0.0004372583054531752
0.0004166574369539915
0.0004064952880200251
0.0003574119815832891
0.0002556244523926133
0.00018920333607136476
0.0001442544682120183
0.00012107014170046796
0.0
0.0
0.0
0.0
0.0
0.0
0.0
0.0
5.377720202765519e-06
6.06136006714404e-05
0.00017949728070393653
0.0002985186193342497
0.00041494018418351385
0.0004795974581195917
0.0005290978460833573
0.0005710161479659145
0.0005708492603496581
0.0005638053689898344
0.0005717812341154117
0.0004902509697486692
0.0003176687992570489
0.00018046973440065403
0.00010705596732096565
8.078609889868401e-05
0.0
0.0
0.0
0.0
0.0
0.0
0.0
0.0
4.7611827793011426e-05
0.00010861354664311216
0.00023556194983464298
0.00036797524331982266
0.0004811231337182846
0.0005299866428047918
0.0005424377968991697
0.000572699363034923
0.0005784661782722578
0.0005785837742387659
0.0006009757150044343
0.0005451370656009293
0.00040382421456700577
0.00030194069978310006
0.00023462530377268333
0.0001989891568533975
0.0
0.0
0.0
0.0
0.0
0.0
0.0
0.0
0.0001159287654896579
0.00015865079282813412
0.00023958704135154378
0.00034143622157727186
0.0004342830827997082
0.0004739363245339312
0.0004883957573254313
0.0005060893468129706
0.0004977216870019165
0.0004698572911181195
0.00044007598324385575
0.00040878170735838545
0.0
0.0
0.0
0.0
0.0
0.0
0.0
0.0
0.0
0.0
0.0
0.0
0.0
0.0
0.0
0.0
0.0
0.0
0.0
0.0
0.0
0.0
0.00014379105827134242
0.00018299651911917378
0.0
0.0
0.0
0.0
0.0
0.0
0.0
0.0
0.0
0.0
0.0
0.0
4.169920857711317e-05
4.079303204937553e-05
0.00012567661583317186
0.00023597153434227615
0.0003391535038096241
0.000426415011512561
0.000506033659427581
0.000576863639064227
0.0005778621272792913
0.0005577706793815613
0.000563934396910429
0.0004951546264251671
0.00034239803597249635
0.00022022722634072817
0.0001354461068294759
7.408962001579442e-05
0.0
0.0
0.0
0.0
0.0
0.0
0.0
0.0
0.0
0.0
9.337976144338826e-05
0.00023662863187217447
0.00036465078999542184
0.00042766812909656615
0.0004679365002765563
0.0005032873699273673
0.0004902422882312775
0.0004648467177582678
0.0004570897891818972
0.0003866993400523192
0.00024468706125099516
0.000129090885088315
6.050662356025435e-05
3.176514374139118e-05
0.0
0.0
0.0
0.0
0.0
0.0
0.0
0.0
1.989481489286228e-05
6.773780860136526e-05
0.00019304868862121024
0.0003410505516112415
0.00046884198955643235
0.0005417980821783772
0.000593782446782237
0.0006515816775653248
0.0006515187241150339
0.0006134204906648138
0.000583905936656427
0.0004887330252545067
0.0003309351250216173
0.00021854216594621248
0.00014994778684699066
0.00012596331339525572
0.0
0.0
0.0
0.0
0.0
0.0
0.0
0.0
3.9713626220301137e-05
7.119555884589766e-05
0.00014632020991164443
0.00022855917937666335
0.0003004940684274992
0.00034753962321402445
0.0003860051996605163
0.00042073931274432376
0.0004157153823001797
0.0004065526482948152
0.00040075311464487265
0.0003641368325142508
0.0002776597189654413
0.00022599775573615947
0.00017821028887509313
0.00014209878662516226
0.0
0.0
0.0
0.0
0.0
0.0
0.0
0.0
6.653513379837494e-05
0.0001115988563303549
0.0001881793054294999
0.00026164069768699736
0.0003191263434606894
0.0003580712870996465
0.00040528386655592753
0.00045118297483450886
0.0004643096666137351
0.00047791246689528154
0.0005162461518378774
0.00048786174255995
0.00038468559771988976
0.00031804892789384274
0.0002571558148502751
0.00020200212497466612
0.0
0.0
0.0
0.0
0.0
0.0
0.0
0.0
0.00010551106174832888
0.0001468041749118877
0.00022764933305719563
0.00033110033987966393
0.0004121696148030517
0.0004499321786587886
0.0004901405667713513
0.0005289258189630947
0.0005263249370822934
0.0004893402852542016
0.0004551888956867237
0.0004084311253785116
9.280248231411486e-05
0.0
0.0
0.0
0.0
0.0
0.0
0.0
0.0
0.0
0.0
0.0
0.0
0.0
2.4217104412230684e-05
0.00015336218324481186
0.00016486007764987575
0.0
0.0
0.0
0.0
0.0
0.00024104312431430983
0.00025825884289632823
2.5050172407768985e-05
0.0
0.0
0.0
0.0
0.0
0.0
0.0
0.0
0.0
0.0
0.0
9.17070052783618e-05
0.00011809748667208453
0.00019824648824036265
0.0002868732070993196
0.00037019597345631456
0.0004547698199656918
0.000534804296474436
0.0006060252592897169
0.0006261508900181731
0.0006452267817128497
0.0006919451165928912
0.0006130718473161167
0.0004221841163466902
0.00027407437935897264
0.00017992421194621314
0.0001228428709335878
0.0
0.0
0.0
0.0
0.0
0.0
0.0
0.0
0.00011647877187204213
0.00012731820767363175
0.00021534133971459624
0.0003261663562364801
0.00042916294515300086
0.0004892057734010631
0.0005488347876948239
0.0006056574932890229
0.0006058520171518457
0.0005988721876978929
0.0006077571651740144
0.0005550021645674024
0.0004280019920597365
0.000337926099950883
0.0002744249392715634
0.00023988944808661915
0.0
0.0
0.0
0.0
0.0
0.0
0.0
0.0
0.0001216763370391135
0.0001318873254901389
0.00022321281736191505
0.00032339799755401314
0.00042646118274987155
0.0004981814367957721
0.0005612124298426892
0.0006368541968853834
0.0006572812140590004
0.0006746386264911283
0.000706865195928188
0.0006444977112382192
0.0004890064690412497
0.00038541531541418447
0.0003197597021808958
0.0002461712168142048
0.0
0.0
0.0
0.0
0.0
0.0
0.0
0.0
0.0001802949282924855
0.00018707621647503955
0.00027358609519418975
0.0003707700442378856
0.00047009749698993645
0.0005440322036066877
0.0006087664829854555
0.0007039976092754665
0.0007218269125038284
0.0007412276155592601
0.0007872840097169582
0.0007086658647695914
0.0005334441622747425
0.0004118628154737039
0.00033758460804353386
0.00029345791238202026
0.0
0.0
0.0
0.0
0.0
0.0
0.0
0.0
0.0002211021094969501
0.00027444161022325035
0.00040071798703348975
0.0005033340064277178
0.0005816606435353506
0.0005940579722198815
0.0005643335796039564
0.0005874218685572645
0.0005751672317979377
0.0005653039803815335
0.0005751550808338026
0.0005342069412984846
0.000421090567309084
0.0003489188071182171
0.00029089919429359907
0.0002402329132261316
0.0
0.0
0.0
0.0
0.0
0.0
0.0
0.0
0.00014802850622382054
0.0001965622184363629
0.0003036970361554885
0.00042469611260592324
0.0005119211668381452
0.0005291659364514215
0.0005317639618955174
0.0005384047696218917
0.0005231549440249676
0.00048189685598099084
0.0004437905916438964
0.00040842640311852715
0.00014005409685181815
0.0
0.0
0.0
0.0
0.0
0.0
0.0
0.0
0.0
0.0
0.0
0.0
0.0
2.152545978148012e-05
0.0001042960008489808
4.332979934902681e-05
0.0
0.0
0.0
0.0
0.0
0.0
0.0
0.0
0.0
0.0
0.0
0.0
0.0
0.0
0.0
0.0
0.0
0.0
0.0
3.92761782268756e-05
4.0028926703917105e-05
6.978797010717307e-05
0.00011617106347209079
0.00015819638401361628
0.00021829120508129392
0.0002917152705614118
0.0003572349097574547
0.0003851246848666739
0.00040313132316691737
0.00043810629676367045
0.0004056753745098793
0.0002721575834138191
0.00016146291024300802
8.608026530931521e-05
4.959844633510601e-05
0.0
0.0
0.0
0.0
0.0
0.0
0.0
0.0
0.0
6.367440874820485e-05
0.0002495565723424632
0.00039164342929675185
0.00047981918647203365
0.0005667596481661668
0.000647906310823383
0.0006994120387005638
0.0007149202684753042
0.0006415671067153772
0.0006201317075441282
0.000638358710223082
0.00045197432766475075
0.0002698181253555761
0.00013143160805965685
5.668570103747301e-05
0.0
0.0
0.0
0.0
0.0
0.0
0.0
0.0
3.947773836098061e-05
9.876056806182459e-05
0.0001628508017963759
0.0002281911449972246
0.00025829167724524286
0.00033122076561587703
0.000400901375235276
0.0004703453127188716
0.0004251987795833331
0.0003600571807087779
0.00031805929965413884
0.00025333368961909106
0.00018863511759421335
0.00015129819334187735
0.00010246088288848653
8.845400498090689e-05
0.0
0.0
0.0
0.0
0.0
0.0
0.0
0.0
0.00010498075826976724
8.661900893373783e-05
8.829599238742573e-05
8.502731957749484e-05
0.0001430614921801132
0.0002416022633524515
0.0003923096123055649
0.00047715351057558633
0.0005167247634842961
0.0004799415706034615
0.0004622173759040442
0.0003840479123399566
0.0002220572048842052
0.00012085605214044818
8.345779704937985e-05
8.637804983257339e-05
0.0
0.0
0.0
0.0
0.0
0.0
0.0
0.0
4.154952235676199e-05
4.203383704359207e-05
0.00011101830329910827
0.00022925821512047098
0.00032879675081499504
0.00044938940697111584
0.0005600987888340724
0.0005970177166276261
0.0005629025625272752
0.0005612474954470038
0.0005333912633847253
0.0004183306952204933
0.000267680618475163
0.00014003585322343214
2.675002685649401e-05
0.0
0.0
0.0
0.0
0.0
0.0
0.0
0.0
0.0
0.0
2.012166346205714e-05
6.948394165301348e-05
0.0001726945672816043
0.00029871889267937325
0.0004027317463006322
0.0005017003281802322
0.0005294303362093375
0.0005166226314022716
0.00045827870948038027
0.0003691666288619766
0.00029714326800118286
0.0
0.0
0.0
0.0
0.0
0.0
0.0
0.0
0.0
0.0
0.0
0.0
0.0
0.0
0.0
0.0
0.0
0.0
0.0
0.0
0.0
0.0
0.00017736959202202117
0.00016460631438539999
0.0
0.0
0.0
0.0
0.0
0.0
0.0
0.0
0.0
0.0
0.0
0.0
0.0
0.0
8.683091741041696e-05
0.00023032228406671227
0.00035479542662367446
0.00045239870072447585
0.0005686738170963133
0.0006085629634368936
0.0006302417375197701
0.000592762326088694
0.000583637148474965
0.000569292879789371
0.0004788608772223039
0.0003659866284535336
0.00025804215827539734
0.00019977498371011467
0.0
0.0
0.0
0.0
0.0
0.0
0.0
0.0
0.0001264219364668425
0.0001723673248188028
0.00022905454699765848
0.00026976491441976764
0.000303938190208202
0.0003485596979488525
0.00043953640549492743
0.0005778413792919092
0.0005818477063254758
0.0005242828381044783
0.0004789520433893865
0.0004138770767752284
0.00031716563789680645
0.0003132092306464538
0.00026487999428663093
0.0002336521107583137
0.0
0.0
0.0
0.0
0.0
0.0
0.0
0.0
0.00020907033334755974
0.0002961616253588641
0.00046165995997629345
0.0005296135538267833
0.0005929200716558378
0.0006614303445178521
0.0007245719110450025
0.0007258131885167252
0.0007645313126673045
0.0007875295235373943
0.0007551524653496111
0.0006554869014362408
0.00048729517250091525
0.0003475393397672485
0.0002385426758285908
0.00017390611845357557
0.0
0.0
0.0
0.0
0.0
0.0
0.0
0.0
0.0
9.00566388550534e-05
0.0002815711395969364
0.0003878854790168344
0.0005480448183686338
0.0006936238757624981
0.0008123608009222247
0.0008711666652878449
0.0007563393871962517
0.0006897212837259891
0.0007111944913187082
0.0006727185994291841
0.00045434186961327845
0.00029053749851532223
0.00017892583787332573
0.00011211130816823988
0.0
0.0
0.0
0.0
0.0
0.0
0.0
0.0
0.0
2.1865040619584724e-05
0.00014675712048827514
0.00027566795265527715
0.00039928285330505334
0.0004803806531385478
0.0005059306271316473
0.0005312509052573689
0.000543339754511818
0.000559374073896117
0.0005433279166793069
0.00048581841198789237
0.0003447944169401358
0.0002241067237930376
0.00016379580681607144
0.00015042179964886487
0.0
0.0
0.0
0.0
0.0
0.0
0.0
0.0
2.2384226445745704e-05
0.00011170553949157529
0.00017222645037782847
0.00018467775857760092
0.0002475739291727922
0.0003507400653394599
0.00040299176567025507
0.0004484449436724695
0.0005085608097305961
0.0005284054706187826
0.0005235385132588542
0.0005021649704599365
0.00018218967348187216
0.0
0.0
0.0
0.0
0.0
0.0
0.0
0.0
0.0
0.0
0.0
0.0
0.0
0.0
5.858510988283909e-05
0.0
0.0
0.0
0.0
0.0
2.179605608409152e-05
0.00036463582678939057
0.000354154823135192
0.0002488333953658707
0.0
0.0
0.0
0.0
0.0
0.0
0.0
0.0
0.0
0.0
0.0
0.0
6.63373126237121e-05
0.0003344334883570749
0.0005099260595791985
0.0006080767223376664
0.0007169689920004591
0.0008051720471664134
0.0009367995132697417
0.0009443693602035639
0.0008284875953347388
0.0007628986699590677
0.0007049424735610952
0.0005843317921236612
0.0004611690910146609
0.0003291090244595172
0.00023484873781986148
0.0
0.0
0.0
0.0
0.0
0.0
0.0
0.0
1.840109613535109e-05
0.00017976614072020617
0.0004864002192700036
0.0006738460797872969
0.0008173075683256586
0.0009818877493519432
0.0010723954580330697
0.0011464108768772785
0.0009555669683998482
0.0007990296699765011
0.000700703160021158
0.0005985480410259723
0.0003618398868356102
0.00014997776315611662
5.680766293553376e-05
4.0416586524023374e-05
0.0
0.0
0.0
0.0
0.0
0.0
0.0
0.0
0.0
3.801826681986366e-05
0.00022756672686608873
0.0003127387654402195
0.00036584627874984885
0.0004652895387713657
0.0005072026876568597
0.0005093453188212314
0.00047788688455001896
0.000479450297123314
0.0004950778297714931
0.00043837826400482246
0.0002820768846095488
0.00016532907110806266
0.00010558099355294062
8.77022528336547e-05
0.0
0.0
0.0
0.0
0.0
0.0
0.0
0.0
0.0
3.62734963255487e-05
0.00017853139301079446
0.00031759824543509406
0.00039810132782638186
0.0004582986240846951
0.0004898565311735486
0.0004947633144290721
0.0005004211876059405
0.0005125332702904092
0.0005474492239127225
0.0005219968026659601
0.00042129819439567536
0.0003288064157392732
0.00025964233676629853
0.0002148436625567466
0.0
0.0
0.0
0.0
0.0
0.0
0.0
0.0
3.883962565762475e-05
0.0001476774466709053
0.00028959781757893326
0.00041739904021180144
0.0004830835244719612
0.0005159095660299326
0.0005365628569506163
0.0005754107303420343
0.0006015189952778162
0.0006363304461980267
0.0006339901599960684
0.0006018580236202083
0.0004675221285626613
0.00037446593320803915
0.0003124240287559849
0.00026715889155464243
0.0
0.0
0.0
0.0
0.0
0.0
0.0
0.0
0.0
0.00010314290632239524
0.0003770949374186598
0.000549687084425675
0.0006324948399760604
0.000651498621116895
0.0006427617915274003
0.000622513898644106
0.0006111366316373088
0.0006084559979293542
0.0005705383480459533
0.0005356609975815638
0.00023414922720638704
8.364863097999048e-05
0.0
0.0
0.0
0.0
0.0
0.0
0.0
0.0
0.0
0.0
0.0
0.0
0.0
0.00023844849656958254
0.00028937915791199867
0.0
0.0
0.0
0.0
7.696926323771324e-05
0.0003161685499589611
0.0002597121606826241
0.00012405000104034794
0.0
0.0
0.0
0.0
0.0
0.0
0.0
0.0
0.0
0.0
0.0
0.0
6.70744589195547e-05
0.0002953430967475667
0.0003756888114337406
0.00046599628506695695
0.0006014403372467216
0.000668616277047667
0.0007283471113324639
0.0006957303510005009
0.0006743987745944833
0.0006277359146112267
0.0005234883853695447
0.00039442767230049184
0.0002897588220428918
0.00023626520291703464
0.00019600007607469585
0.0
0.0
0.0
0.0
0.0
0.0
0.0
0.0
8.75280652192488e-05
0.00011992424499510255
0.0001716334597893446
0.00025932287223651477
0.00034562493229565696
0.0004621188411501345
0.0005385755828589448
0.0005474704341440188
0.0004856382065542728
0.00045955160739240465
0.0003504311441617322
0.00025719128008007224
0.00025832836915892034
0.00027066413063213255
0.0002751920239455993
0.00024863374754638087
0.0
0.0
0.0
0.0
0.0
0.0
0.0
0.0
0.00013883708534098468
0.00013767778434315082
0.0001667652612497201
0.00023497759591817094
0.0003261595581658316
0.000386522146372914
0.0004055875102415104
0.0004261799276922145
0.00046993889488823484
0.0005166775153943863
0.0005155392075338407
0.0005018400273582597
0.0004408335647354638
0.00037265276612686145
0.0003308851736565115
0.00030992318631027074
0.0
0.0
0.0
0.0
0.0
0.0
0.0
0.0
0.0
4.942461543439934e-05
0.00012495641078414567
0.00022261526034951897
0.00028742471081271933
0.00034950669825999835
0.00040315808460171905
0.0004385507171770365
0.00046280842379807724
0.0004642878329434404
0.0004572189306613218
0.0003956817828139997
0.0002880070108082369
0.00021890311307381523
0.000159538980494959
0.00014423247582537332
0.0
0.0
0.0
0.0
0.0
0.0
0.0
0.0
0.0
3.1180179414566255e-05
0.0001251740098974505
0.0002462166795417324
0.0003348506330696752
0.00047585583344924947
0.0005451690138626395
0.0006016404007062656
0.0006332279707581491
0.0005973540948791248
0.0005803295578014598
0.0005329855197048405
0.00042958576650086155
0.00035309070175145726
0.0002868574202282982
0.000248182349830837
0.0
0.0
0.0
0.0
0.0
0.0
0.0
0.0
0.0
0.00016859848498107014
0.0004312062426197753
0.0005839737251558984
0.0006124257241571498
0.0006684647719478841
0.0007210938670925045
0.0008216057210897112
0.0008235614934279738
0.0007541686416652287
0.0007089015971109799
0.0006597231442479873
0.00037482594277845466
0.0001201206443286773
0.0
0.0
0.0
0.0
0.0
0.0
0.0
0.0
0.0
0.0
0.0
0.0
6.050415652935383e-05
0.00029642055396299276
0.0003784590014016279
5.166043009121055e-05
0.0
0.0
0.00018024418152237325
0.00013115534017701716
0.00038646317507432876
0.00040006145328678306
0.0003825708421389686
3.916857625540011e-05
0.0
0.0
0.0
0.0
0.0
0.0
0.0
0.0
0.0
0.0
1.0905287119467568e-05
5.1763739717364814e-05
0.00021827461829502056
0.00035956872992357454
0.00043549347030443565
0.0005279606568953284
0.0005760069336066929
0.0005725426126512577
0.000555208832487658
0.0005232370690731279
0.0005403516018797845
0.0005226779970212801
0.00042949100476659434
0.00032575146930666806
0.0002758579704033992
0.0002642513185833787
0.0
0.0
0.0
0.0
0.0
0.0
0.0
0.0
9.589444217110434e-05
9.184496701107149e-05
0.00019633558829481963
0.00035133001548124683
0.0005114132189801873
0.0006305398540208535
0.0006301205113181758
0.0005936536237056791
0.0005642851279730518
0.000478782781465389
0.000435980844611096
0.00042732227982587466
0.0003631797313497457
0.0002936439617592527
0.00027446626910044615
0.0002812264783718303
0.0
0.0
0.0
0.0
0.0
0.0
0.0
0.0
0.0002492375662192263
0.00023799266765027894
0.0002809319852824157
0.00029238148941822175
0.00029763314562929416
0.00041837722054362324
0.0004850441146091215
0.0005204271973209234
0.0005579477260551972
0.0005906112699893709
0.000625427613333459
0.0005847430199305783
0.00046106622142146004
0.00037339263441768435
0.00034326120480187916
0.0003602388456917083
0.0
0.0
0.0
0.0
0.0
0.0
0.0
0.0
0.00020967323261814738
0.00020050507638900327
0.00023776931760005228
0.00030448750248512587
0.00036219664738737365
0.0004854757001289255
0.000602321091465621
0.0006299231681822938
0.0006186085494749604
0.0006115179825300295
0.0006295192673362289
0.000588637264808262
0.00047180703459965125
0.0003377552879912941
0.0002718257925716486
0.0002568824177527339
0.0
0.0
0.0
0.0
0.0
0.0
0.0
0.0
5.730054110550481e-05
0.00011385387062208973
0.0001894958822844039
0.0002932931121835779
0.0004308084391833296
0.0005795791252668456
0.0007286946802388948
0.0007757431494204654
0.0007188608677677028
0.0006573793832452303
0.0006086300619447914
0.000572773556329196
0.0004260556880595447
0.00029037065104706074
0.0001809468605107695
0.00011204643860014205
0.0
0.0
0.0
0.0
0.0
0.0
0.0
0.0
0.0
1.0748172462938354e-05
0.0001370038657794633
0.0002951048440869397
0.00041291985529792106
0.0004765651493009255
0.0005785164494258939
0.000633153451594605
0.0006216112820979853
0.0005966569811542047
0.0005286642678830443
0.000430219210914617
0.0
0.0
0.0
0.0
0.0
0.0
0.0
0.0
0.0
0.0
0.0
0.0
0.0
0.0
0.0
0.0
0.0
0.0
0.0
2.348160531144786e-05
5.721765422792189e-05
0.0
3.43647526110744e-05
3.278473924963563e-05
0.0
0.0
0.0
0.0
0.0
0.0
0.0
0.0
0.0
0.0
0.0
0.0
0.0
0.0
0.0
0.0
0.0
0.0
0.0
5.29123506426363e-05
5.584606548646659e-05
2.2221558393237088e-05
0.00036297301262828367
0.00024025331690408162
0.0
0.0
0.0
0.0
0.0
0.0
0.0
0.0
0.0
0.0
0.0
0.0
0.0
0.0
8.919234812327639e-05
0.0003039262075318352
0.00042609711262172473
0.0004748883118832493
0.000547672926002826
0.0005925687428665777
0.0005553380552041747
0.0004957522610185346
0.00048207975486601367
0.00043630113683306755
0.0003118340639979699
0.0002181514429955338
0.0001591261699003575
0.00014463929947005762
0.0
0.0
0.0
0.0
0.0
0.0
0.0
0.0
2.0675283803372487e-05
7.30640362609966e-05
0.00019050804146162527
0.00028505108784887567
0.0003606961173741855
0.0004531647078575496
0.0005599438883580497
0.0006247258100141075
0.0006268460631814106
0.0005814414863132034
0.0005894169181828074
0.0005299152024167749
0.00037568243068605573
0.0002948412457494368
0.0002731317552817043
0.0002479414970603995
0.0
0.0
0.0
0.0
0.0
0.0
0.0
0.0
0.00024656289416629675
0.0002648579149957427
0.0003298625088002889
0.0003452283710148413
0.00044163153292840106
0.0005236295113369117
0.0005501558427656562
0.0005845419630086971
0.0005766155239760628
0.0005993243593113613
0.0006151104758679659
0.0005668499815721521
0.00043072452237624524
0.00037459802632781256
0.0003528384539899599
0.00032707693204890424
0.0
0.0
0.0
0.0
0.0
0.0
0.0
0.0
3.960510941757402e-05
0.00018797033415368267
0.00038532977302000495
0.00045428730736565354
0.000462189196923368
0.0004820484351710156
0.0005272295143912684
0.0005941998504283558
0.0006110700778117646
0.0006029643009117361
0.0005775388065861627
0.0005141263801327939
0.00038052588808525816
0.00030917494048614556
0.0002810786054035228
0.0002466850427329475
0.0
0.0
0.0
0.0
0.0
0.0
0.0
0.0
0.0
0.0
1.4608515297932637e-05
0.0001872560311428036
0.0003210460273977575
0.0004037910627872463
0.0005124595448177918
0.0005589619692207919
0.0005310837111693957
0.0004827084549612999
0.0004469108378268625
0.0004320382066349363
0.0
0.0
0.0
0.0
0.0
0.0
0.0
0.0
0.0
0.0
0.0
0.0
0.0
0.0
0.0
0.0
0.0
0.0
0.0
0.0
0.0
0.0
0.0
0.0
0.0
0.0
0.0
0.0
0.0
0.0
0.0
0.0
0.0
0.0
0.0
0.0
5.837261749111066e-05
6.652307093907425e-05
0.00013974996751754134
0.00021907552556747038
0.0003065975235205123
0.00035894547358256173
0.0003979121153515136
0.0004296710216991481
0.0004285572912449617
0.00040398238697320413
0.00038554686674797294
0.00034552872140872996
0.00023669037192898063
0.00014759948642077196
9.215486707905177e-05
7.669673553936464e-05
0.0
0.0
0.0
0.0
0.0
0.0
0.0
0.0
0.0
0.0
7.724027151749424e-05
0.00018133253879909982
0.00025308514507434263
0.0002974557657260634
0.00034599550327252184
0.00037034065037424587
0.0003722632440059411
0.00035325241799515
0.0003571329480646775
0.00030798096265519266
0.0002225437589128884
0.00016359712118127972
0.00013209887649104788
0.00013519121784113516
0.0
0.0
0.0
0.0
0.0
0.0
0.0
0.0
4.288682017053069e-05
6.72781382608415e-05
0.00020200758800063088
0.0003488668001049233
0.0003611620161806386
0.0003671344381562005
0.00043361772096989676
0.0004704811798910625
0.0004507529786131263
0.00044191315336282916
0.00046162903727803436
0.0004353615667852314
0.0003245944844566684
0.0002418058988543893
0.00018251674067027687
0.00014697359989905996
0.0
0.0
0.0
0.0
0.0
0.0
0.0
0.0
0.0
9.375257923855399e-06
0.00016436216644667432
0.0003117986770217447
0.000384411487769062
0.00044259897378333505
0.00055377189039707
0.0006981438716516819
0.0006833160825382286
0.0006686195648482134
0.0006976135478901292
0.0005433319759270189
0.00035439789004067707
0.00022862096625552727
0.00014234744465950802
0.00012925465172252909
0.0
0.0
0.0
0.0
0.0
0.0
0.0
0.0
0.0
4.152152793879801e-05
0.00025599896998548837
0.0003921802562195079
0.0004938204470820281
0.0006337712875548795
0.0007150130644994026
0.0009018510821628152
0.0008413250533539558
0.0007473070774337574
0.0006905176110945864
0.0005315440470387981
0.00036798961409722163
0.00032170035365697297
0.0002678788857246504
0.00021646612584479182
0.0
0.0
0.0
0.0
0.0
0.0
0.0
0.0
0.0
0.0
0.00010940605337724642
0.0003239787521084152
0.00043290627915551185
0.0005299337202592067
0.0006622418220794166
0.0006500685160386537
0.0006309312726776215
0.0006496105107981903
0.0006529854976135209
0.0006169673282165499
0.00016455962108569052
0.0
0.0
0.0
0.0
0.0
0.0
0.0
0.0
0.0
0.0
0.0
0.0
0.0
0.0
0.0
0.0
7.3418933528449e-05
0.0003759942640737814
0.0004182964209684987
0.00030368733517927097
9.650449721401333e-05
0.0
0.0
0.0
0.0
0.0
0.0
0.0
0.0
0.0
0.0
0.0
0.0
0.0
0.0
0.00044162264692572867
0.0003777797636873488
0.00034167999680087633
0.0003200500012620372
0.0003681440049831653
0.00045270101682708797
0.0004749935854724805
0.0004746096543834665
0.00044499958812661757
0.0004276839009267101
0.0004119601573416358
0.00033846013423106697
0.00024859050965226573
0.00016892292632849707
0.00010730308090703944
8.835562316047342e-05
0.0
0.0
0.0
0.0
0.0
0.0
0.0
0.0
9.042961843268657e-05
0.0001492015076927349
0.0002260905335164063
0.0002874293122536319
0.0003461137922645369
0.0004669358639714075
0.00052182546892253
0.0006550930682963301
0.0006636379669224855
0.0006466459370755728
0.0007393353103934804
0.0005903896948183283
0.0004333029799697031
0.0003993540299686191
0.0003910266400820912
0.00036373970911810215
0.0
0.0
0.0
0.0
0.0
0.0
0.0
0.0
0.00010481860813706304
0.00011607119488036593
0.0003538163969562824
0.0005042525786778158
0.0004922577411020828
0.0005596222902835141
0.0006794667627957266
0.0007531389142541278
0.0007467764629756516
0.0007212727929851503
0.0006904677430611067
0.0005695798869209576
0.0004241248858093247
0.00034823396006265046
0.0003235235481684635
0.0003017581946584268
0.0
0.0
0.0
0.0
0.0
0.0
0.0
0.0
1.7582504201713674e-05
0.00011334407708952993
0.00028362038027195764
0.0004508470905245832
0.0005087738700476346
0.0005631543062811861
0.0006527684029413654
0.0007483963502745248
0.0007804923288696064
0.0007683871367292751
0.0007031818861150719
0.0006041910419045687
0.00045553299672757176
0.00035103032747781934
0.00029188320334200355
0.0002759442128281179
0.0
0.0
0.0
0.0
0.0
0.0
0.0
0.0
4.192436417412473e-05
0.0001250048625863448
0.0003282810828833462
0.0004736810708176168
0.0005205905757786414
0.0006261745487333309
0.0006658368019530818
0.00073570077200429
0.0007656465770938657
0.0008468402587675673
0.0008337723511290179
0.0007003233651937517
0.0005118132896849859
0.00043825552150693586
0.00038258611784995974
0.00033092988011683324
0.0
0.0
0.0
0.0
0.0
0.0
0.0
0.0
0.0
1.593154768230631e-05
7.720417701736636e-05
0.00021719923539518208
0.0003210640697220751
0.00044681649353401796
0.0005619781620163846
0.000537025795983207
0.00045654867815639116
0.0003811234119199751
0.00034408649221762545
0.0003025821876167383
0.0
0.0
0.0
0.0
0.0
0.0
0.0
0.0
0.0
0.0
0.0
0.0
0.0
0.0
0.0
0.0
0.0
0.0
0.00021070531875916422
0.0004382378441152141
0.0002720479079503845
0.00012044558506385772
5.974968966219309e-05
0.0
0.0
0.0
0.0
0.0
0.0
0.0
0.0
0.0
0.0
0.0
0.0
0.0
0.0003104976487012124
0.00032874617921038784
0.0003809165005269102
0.00043210407526409655
0.00047001461134737316
0.0005030905403914838
0.0005808337874900018
0.0005948558540114934
0.0005277820453762573
0.0004984081027968295
0.0004969202238679362
0.00046940174847132045
0.0003375919768842807
0.0002884928511754846
0.00022796843345490944
0.00022211782951368802
0.0
0.0
0.0
0.0
0.0
0.0
0.0
0.0
6.19725910798934e-05
7.378947774268174e-05
0.00015733799772663041
0.00026688364464296334
0.0003615170031329229
0.00047586701358946326
0.0005916433646889842
0.000629517353577522
0.0005831665652579669
0.0005383953631996159
0.0005401394738267995
0.00047759815164035774
0.00035480852926008435
0.0003105445897790056
0.0002767943512778363
0.00026503490769484353
0.0
0.0
0.0
0.0
0.0
0.0
0.0
0.0
0.00032249834366165735
0.00046476644335564877
0.0005990153375169018
0.0007591698118934828
0.0008480460072945766
0.000990967408571736
0.0010247830324711595
0.0012232868659138552
0.0013955441465411751
0.0015204782147883807
0.0014401429302626668
0.0011239078431438938
0.0006748552892515846
0.0005574281173302455
0.0005292240342603943
0.0005140494797598131
0.0
0.0
0.0
0.0
0.0
0.0
0.0
0.0
0.0002389013618332011
0.0002934659764975837
0.0005192781638427819
0.00077726313004786
0.001013337800558532
0.0012121752176929461
0.0013508002260994014
0.0016172751361548177
0.0017839919027835558
0.002037732475231182
0.0021026183655130466
0.0017344891345758885
0.0010545445346585587
0.000803852964534486
0.0007885622669178846
0.0006858749223457044
0.0
0.0
0.0
0.0
0.0
0.0
0.0
0.0
0.0003189781942988713
0.0003704629046711802
0.0006490456854602067
0.0009126478826011307
0.0011666150233245094
0.0013970562590942203
0.001559070761035573
0.0017077267385632873
0.0016509557138348304
0.0016265843263456898
0.0014999459888305282
0.0011863129576604578
0.0007789082833946868
0.0006629792476072964
0.0005552018500988913
0.0005067680026037757
0.0
0.0
0.0
0.0
0.0
0.0
0.0
0.0
0.0003404704553545094
0.00041075415366108753
0.0005297187291289934
0.0006127746060705056
0.0006731257552004952
0.0007749448802049281
0.0008989873312232036
0.0009429791215451765
0.0008469059463647398
0.0007751139561472036
0.0006900903232724908
0.0005648583528643044
0.0
0.0
0.0
0.0
0.0
0.0
0.0
0.0
0.0
0.0
0.0
0.0
0.0
0.0
0.0
0.0
0.0
0.0
0.0
0.0
0.0
0.0
2.9710255508589677e-05
0.0
0.0
0.0
0.0
0.0
0.0
0.0
0.0
0.0
0.0
0.0
0.0
0.0
0.0
0.0
5.05208686293078e-06
6.255159705300437e-05
0.00012743721714396968
0.00020655179580957134
0.0002964684849918765
0.000383783419371117
0.0003907234870631035
0.00036771683831442805
0.00035022138697833475
0.0003044512358021473
0.00022642151073230785
0.00014692419904294564
8.575340884897222e-05
2.6894894895133518e-05
0.0
0.0
0.0
0.0
0.0
0.0
0.0
0.0
0.0
0.0
9.327347451589897e-06
0.0001431376872457661
0.0003027709125790624
0.00044764089395782884
0.0005805627671961931
0.0007551790713730582
0.0007906759110080949
0.0007429343998572232
0.000680091148859912
0.0005370689055944555
0.0003696134167574967
0.00021954733659379378
0.00014188168268008632
0.00011773081158215535
0.0
0.0
0.0
0.0
0.0
0.0
0.0
0.0
0.0
0.0
1.5702036480984794e-05
0.00019041920319959565
0.00037280299855113174
0.0005067264607601738
0.0006078173828571403
0.0008267555146385706
0.0008053633172889906
0.0006458121560471596
0.0005033240676721395
0.0003808086333683396
0.00024174171838480107
0.00012658983318456057
5.3681554702099896e-05
9.302971058491494e-06
0.0
0.0
0.0
0.0
0.0
0.0
0.0
0.0
0.0
0.0
6.579040801005965e-05
0.0002373675308820269
0.0003891840784928974
0.000498087495774374
0.00057373042468244
0.0006476853747905479
0.0006225911439495617
0.0005339704141331462
0.000451073296910134
0.0003449693770276394
0.00020045477625971975
8.630225336125346e-05
2.561046639965489e-05
6.667153726318092e-06
0.0
0.0
0.0
0.0
0.0
0.0
0.0
0.0
8.907961242829027e-05
0.0001234760319609599
0.0001827141596609048
0.0002459574948403142
0.0003019305426020843
0.0003560873897069671
0.00041207821796314126
0.0004635589930522461
0.0004515109468666761
0.00040519534299995804
0.00036330906421382406
0.00032087246154599585
0.0002554545700595411
0.00022343427984894206
0.0001844951865431736
0.00014911783808010747
0.0
0.0
0.0
0.0
0.0
0.0
0.0
0.0
7.063306283449845e-05
5.5924705561143245e-05
7.089670931267845e-05
0.00010178024375165504
0.00013181486066409884
0.00015557836361761184
0.00016665309062479036
0.000179556895227995
0.00016946102772970878
0.00015084577611770516
0.00013047339342191683
9.318679883957617e-05
0.0
0.0
0.0
0.0
0.0
0.0
0.0
0.0
0.0
0.0
0.0
0.0
0.0
0.0
0.0
0.0
0.0
0.0
0.0
0.0
0.0
0.0
0.0
0.0
0.0
0.0
0.0
0.0
0.0
0.0
0.0
0.0
0.0
0.0
0.0
0.0
0.0
0.0
0.0
0.0
0.0
0.0
0.0
0.0
0.0
0.0
0.0
0.0
0.0
0.0
0.0
0.0
0.0
0.0
0.0
0.0
0.0
0.0
0.0
0.0
0.0
0.0
0.0
0.00010474959452078148
0.0002744513258891485
0.0003890406141723493
0.0004612557282167514
0.0005491159017716524
0.000521505415721835
0.0004422285589863714
0.00037468318187058956
0.0003073237656997051
0.00021039006087634625
0.00011803397484374898
5.981962507137436e-05
3.120821932665561e-05
0.0
0.0
0.0
0.0
0.0
0.0
0.0
0.0
0.0
0.0
0.0
3.7061081705999364e-05
0.0001779848653441445
0.0002746968545547648
0.00034096450024013086
0.0004086173513813563
0.00039374372991349277
0.0003533622935876871
0.0003206770204115479
0.00024006855284921906
0.0001150957970482516
1.0217245897272242e-05
0.0
0.0
0.0
0.0
0.0
0.0
0.0
0.0
0.0
0.0
0.0
0.0
0.0
8.490963651526942e-05
0.0002282362593504607
0.0003818430316179372
0.0005178060783353846
0.0006218488322404236
0.0006171607206387159
0.0005827804239818327
0.0005528198233271457
0.0004819190014465734
0.00038477910661574024
0.000341312289166388
0.0002953460576254757
0.00023866272278249477
0.0
0.0
0.0
0.0
0.0
0.0
0.0
0.0
3.9150776231095876e-05
3.8428906173446276e-05
0.00014071657648985015
0.00029327080570108494
0.00043482738692558434
0.0005697325328552408
0.0006704326037594501
0.0007652810576981663
0.0008213286864423423
0.0008917847619761763
0.0009430260610194755
0.0007805003301621518
0.0005679756554196348
0.000474157275920692
0.00042181671762463196
0.00039514926301724077
0.0
0.0
0.0
0.0
0.0
0.0
0.0
0.0
0.00011210171427654003
9.720803810792867e-05
0.00018235643811627782
0.0003200923283791322
0.000447780245367603
0.0005568029236373484
0.0006528262506847301
0.0007160428789451387
0.0007003876108081167
0.000645757651650358
0.0005948692075620897
0.0005152847002273765
0.0
0.0
0.0
0.0
0.0
0.0
0.0
0.0
0.0
0.0
0.0
0.0
0.0
0.0
0.0
0.0
0.0
0.0
0.0
4.6966372199575865e-05
3.7821324238781667e-05
0.0
0.0
0.0
0.0
0.0
0.0
0.0
0.0
0.0
0.0
0.0
0.0
0.0
0.0
0.0
0.0
0.0
0.0
2.1722693877980077e-05
7.547929558863083e-05
0.00021886774639568775
0.0004119782579183483
0.0005803758096824517
0.0006719421370625917
0.0007375762840603607
0.0008096231384609264
0.000740550244499137
0.000607066955616757
0.0005484506380831886
0.00048526935355820857
0.00042386707926295186
0.0
0.0
0.0
0.0
0.0
0.0
0.0
0.0
0.00011625557385479036
0.0001393189029929929
0.0002452639418699415
0.00036714290282417164
0.0004906047681436552
0.0006193067214976477
0.0007325256285258688
0.0008449150896548854
0.0007753740263181253
0.0006427557963464227
0.0005016798681351773
0.0003457781620217196
0.0002029421639804005
8.885655050099242e-05
2.8922826462695398e-05
7.636304518558967e-06
0.0
0.0
0.0
0.0
0.0
0.0
0.0
0.0
6.467324213876361e-05
5.008455351659825e-05
8.642074108320122e-05
0.00014937933409210153
0.00020622915490561846
0.00024940853725363774
0.00028887149858296534
0.0003330081053995627
0.00031735535478483575
0.00027953498318655724
0.00024327785960085685
0.0001939990848966216
0.00011779870018189266
6.0603447558491206e-05
1.5951819077718574e-05
0.0
0.0
0.0
0.0
0.0
0.0
0.0
0.0
0.0
0.0
2.7005730481355993e-05
7.108922736416269e-05
0.00011771203371998752
0.0001598101711501481
0.0002514134335661227
0.00036888815669908106
0.0004835833746695184
0.0004969266803293947
0.0004868251087125446
0.00048812631880247175
0.00043547627807753844
0.0003233881591067159
0.0002240763945030999
0.00018918486575647347
0.00020710659627859131
0.0
0.0
0.0
0.0
0.0
0.0
0.0
0.0
0.0002790097687245128
0.0002965241996611049
0.00036953735898155983
0.0004339777426694494
0.0004941663009576421
0.0005229965590385862
0.000538026262489698
0.0005803705160692641
0.0005691247090393828
0.000578802618461738
0.0005771003442478045
0.0005439160484048552
0.00046373934089048534
0.0004493075143798458
0.00042757045078112933
0.00040600217138956626
0.0
0.0
0.0
0.0
0.0
0.0
0.0
0.0
0.0003589235157489147
0.0003402280397721603
0.00035735882570414303
0.0004118518893443881
0.00045668762733719445
0.00048289239715839044
0.0005053107787649658
0.0005234412326622047
0.0005259602378310189
0.0005161662395842578
0.0005063409777722464
0.0004846195973583423
0.0
0.0
0.0
0.0
0.0
0.0
0.0
0.0
0.0
0.0
0.0
0.0
0.0
0.0
0.0
0.0
0.0
0.0
0.0
0.0
0.0
0.0
0.0
0.0
0.0
0.0
0.0
0.0
0.0
0.0
0.0
0.0
0.0
0.0
0.0
0.0
9.201823353551308e-05
0.00010799291726349196
0.00014581239536856362
0.00019373350619482547
0.0002399344493274396
0.00027376884681724114
0.00029498108050733494
0.000311765393870353
0.0003112280843981835
0.00031146343319795943
0.00031143530635463663
0.0002728878867110203
0.00020092139096684712
0.0001385075204032538
0.00010483851064657833
8.915295346008965e-05
0.0
0.0
0.0
0.0
0.0
0.0
0.0
0.0
0.0
0.0
0.0
2.5001104583663486e-05
0.00011578969937555549
0.00019210284478434102
0.00025572958925673635
0.0003124201446555632
0.00033126732298101904
0.00034529607397931517
0.00036454817909195846
0.0003551069743937389
0.00029491711328237904
0.0002469414439350285
0.000214524036705533
0.00019346219230633553
0.0
0.0
0.0
0.0
0.0
0.0
0.0
0.0
4.2020760852508913e-05
4.0580812393214896e-05
7.129604986422138e-05
0.00011951164136228553
0.0001642264280734384
0.00021878184219986302
0.00027319175730692707
0.0003382897210525999
0.0003372050212612697
0.0003034025755319836
0.00027249029506368086
0.0002226172671065218
0.0001601628834451082
0.00010336642915049091
7.005955379661772e-05
5.892952347977534e-05
0.0
0.0
0.0
0.0
0.0
0.0
0.0
0.0
0.0
0.0
0.0
7.706214685929751e-05
0.00020387698747953567
0.0003181991167938743
0.00039362482672846186
0.0004870128724642085
0.0004926433436083373
0.00045299825826487875
0.00043643381963033535
0.00035591479786295955
0.00025170223779035324
0.0001638190834806639
9.199321787810385e-05
2.7035062743291863e-05
0.0
0.0
0.0
0.0
0.0
0.0
0.0
0.0
0.0
0.0
0.0
0.00010548054541364994
0.0002448618090934618
0.00037719471955377737
0.0004912972515139895
0.0005911219174747884
0.0006346980562664672
0.0006696819315838205
0.0007082885466260882
0.0006101502979007508
0.00044102428281348
0.0003601680732478577
0.0003028829516721759
0.00027782105344062853
0.0
0.0
0.0
0.0
0.0
0.0
0.0
0.0
0.0
0.0
2.996982741879167e-05
0.0001967208636989866
0.000345834757202486
0.00043658487579870743
0.000520594021693898
0.000614869559035014
0.0006101661147371322
0.0005441196738358462
0.0004810165306974141
0.00045057186275841384
0.0
0.0
0.0
0.0
0.0
0.0
0.0
0.0
0.0
0.0
0.0
0.0
0.0
0.0
0.0
0.0
0.0
0.00012674453416616164
0.00030013293604912346
0.00033342419444373946
0.00043302621372030636
0.0003706336225242947
0.00016137541193177315
0.0
0.0
0.0
0.0
0.0
0.0
0.0
0.0
0.0
0.0
0.0
0.0
0.0
0.00022806996843677206
0.00028283593693859675
0.00036558142050729773
0.00044267420174524036
0.0005371660356986189
0.00068611467748549
0.0008218911077486381
0.0009572375607942164
0.0009509278362219245
0.0008796326183427038
0.0008026918401459662
0.0006597753652640976
0.0004929602279022911
0.0004093745370552543
0.0003450748264277836
0.00030355514847527423
0.0
0.0
0.0
0.0
0.0
0.0
0.0
0.0
3.187218470250982e-05
3.199281904136253e-05
0.00012978785616370313
0.0002763796907040281
0.0004228978000619249
0.0005871004316816694
0.0007496832426380035
0.0009382946530561825
0.0009026677273927058
0.0007650091158103281
0.0006513375531233445
0.0004976190937198797
0.0003143301260060081
0.00012106329239675899
2.5577240638940475e-05
2.214545142425473e-05
0.0
0.0
0.0
0.0
0.0
0.0
0.0
0.0
0.0
0.0
0.0
0.0
2.506183619739649e-05
8.538250569957667e-05
0.0001615380864975
0.0002286654171082179
0.0002408012858211747
0.0002300167541276074
0.00022140889031326534
0.00018598697954509688
0.00013049299460205375
8.646489471579374e-05
7.174806268264769e-05
7.520299235476119e-05
0.0
0.0
0.0
0.0
0.0
0.0
0.0
0.0
0.0
0.0
0.0
2.9724771296008018e-05
0.00013680655345689436
0.0001980621160789169
0.00022708432983971339
0.00025126194426742707
0.00027293813893366586
0.00029694282807167657
0.0003273115313092951
0.0003403063819445402
0.00031379343275706096
0.0003075693887859489
0.0003059294394767592
0.00030605042541685754
0.0
0.0
0.0
0.0
0.0
0.0
0.0
0.0
0.00019396159668617671
0.00019740321789517477
0.00018707697754074352
0.00016606815276522813
0.00014659266859257225
0.0001175831194715663
8.708012936107476e-05
5.36158479995414e-05
5.0507142874733253e-05
6.370054737837282e-05
8.084266319358875e-05
8.936058214508206e-05
8.203598479432399e-05
8.10631130507957e-05
8.133202059811445e-05
8.230248132173309e-05
0.0
0.0
0.0
0.0
0.0
0.0
0.0
0.0
0.0
0.0
1.420412942318075e-05
0.00010189128635928289
0.0001910658732632199
0.00024699843632979435
0.00027951532169949136
0.00031062935651745763
0.00031717440410088116
0.0003083426257269895
0.000294749135976946
0.0002509428012369689
0.0
0.0
0.0
0.0
0.0
0.0
0.0
0.0
0.0
0.0
0.0
0.0
0.0
0.0
0.0
0.0
0.0
0.0
0.0
0.0
0.0
0.0
0.0
0.0
0.0
0.0
0.0
0.0
0.0
0.0
0.0
0.0
0.0
0.0
0.0
0.0
0.0
0.0
0.0
7.614483752095086e-05
0.00019728050642462287
0.00027650310203375595
0.0003352505792145321
0.0003948341686526312
0.0003708855954060463
0.0002893861095078823
0.00020214929859682068
0.00017046944735167358
0.00017350391275612706
0.00016491520637764535
0.00014840962444474017
0.0001238171105009137
9.574878146737869e-05
0.0
0.0
0.0
0.0
0.0
0.0
0.0
0.0
3.695050956685313e-05
6.0717132180931756e-05
0.00011033798210626981
0.00015256989621301365
0.00019089027159090735
0.0002237728385929926
0.00025559761333114443
0.0002571592298890107
0.00023931330596740812
0.00022096808347757494
0.0001835439559586647
0.00012390418911923176
5.7416130599706736e-05
5.5944471366602616e-05
8.261568918841488e-05
0.00011032747729734554
0.0
0.0
0.0
0.0
0.0
0.0
0.0
0.0
0.0
9.160898529464739e-06
0.00011867668377460204
0.00023181768843231072
0.0003117695825305484
0.00036679501877911753
0.0004072211091234659
0.0004230289688893372
0.00039577814098300284
0.00036343640985404233
0.00032207373628608877
0.0002665349286871888
0.0001883765453943621
0.0001333295759979529
7.247189071807213e-05
1.2272267825533275e-05
0.0
0.0
0.0
0.0
0.0
0.0
0.0
0.0
1.5974361023374312e-05
6.683728510231835e-05
0.00011703602217565152
0.00015461417974433332
0.0002045905210110968
0.0002803155291881265
0.0003540922657830322
0.0003484555746562466
0.00027135758085405096
0.00019047325619877048
0.0001452334168815048
0.00010416955227528053
5.427264260832851e-05
3.880342537806287e-05
3.8825217478676345e-05
3.882515019668685e-05
0.0
0.0
0.0
0.0
0.0
0.0
0.0
0.0
0.0
0.0
2.762371243320504e-05
0.00010541159754160921
0.0001591410082368692
0.00020304583852153948
0.00024303883309831052
0.0002547808033774376
0.00024243869435683647
0.0002270431904411189
0.00019434631237051086
0.0001345641889272316
6.28713661436856e-05
2.8678903558739143e-05
7.473253665067476e-06
0.0
0.0
0.0
0.0
0.0
0.0
0.0
0.0
0.0
0.0
0.0
0.0
0.0
0.0
4.777155684083726e-05
0.00020518121258439984
0.0002164222643751586
0.00014331686296293738
0.0
0.0
0.0
0.0
0.0
0.0
0.0
0.0
0.0
0.0
0.0
0.0
0.0
0.0
0.0
0.0
0.0
0.0
0.0
0.0
2.3291904011325783e-05
6.790824450429074e-05
0.0
0.0
0.0
0.0
0.0
0.0
0.0
0.0
0.0
0.0
0.0
0.0
0.0
0.0
0.0
0.0
0.0
0.0
0.0
0.0
9.018319387067796e-05
0.0002013091314062508
0.00028346891479325925
0.0003639355863906894
0.0003929804846042015
0.0003728889389837638
0.0003542221499028593
0.00031819035479556244
0.0002586076677137709
0.00017707982921866307
9.163102509411314e-05
1.1038920059382991e-05
0.0
0.0
0.0
0.0
0.0
0.0
0.0
0.0
0.0
0.0
0.0
0.0
5.2982433875206876e-05
0.00017754747123804244
0.00028818406541273483
0.00038630561606370584
0.00041220980938617144
0.00038270303008502705
0.0003483689776251387
0.0003057068388067166
0.0002492564950005113
0.0001734201175949736
0.00011993636875215323
6.471700248871482e-05
1.0904939025127974e-05
0.0
0.0
0.0
0.0
0.0
0.0
0.0
0.0
0.0
0.0
0.0
8.557318253717095e-05
0.0001669474684307207
0.00022589591306308704
0.0002804931593840748
0.0003016889173676214
0.00029822065870075803
0.00030089958619004267
0.00029666029129509565
0.0002954889428765141
0.0002675704585744087
0.000258613619433055
0.00025458818241691554
0.00024987474438614216
0.0
0.0
0.0
0.0
0.0
0.0
0.0
0.0
8.171741469451637e-05
0.00010924134933586924
0.00015162218277824934
0.00018446164591130499
0.00021942420657884674
0.00025288062780295207
0.00028557584883400893
0.0003218917571554434
0.0003659030842544915
0.00042866182958107137
0.00040564549283053495
0.0003327203347298545
0.0002307270912510246
0.0001987632651930586
0.00019620252636124076
0.00019290130097746367
0.0
0.0
0.0
0.0
0.0
0.0
0.0
0.0
0.0
3.59656705239575e-05
0.0001274321004700248
0.00019983938209689966
0.00023897121653128621
0.00027539031767321535
0.00030960346758294766
0.000284208932782793
0.00022693667682935784
0.00018234305803475673
0.00014643592491219467
0.00012125317657156805
8.397155827063778e-05
6.335674751445808e-05
5.353901470442557e-05
4.139391347806862e-05
0.0
0.0
0.0
0.0
0.0
0.0
0.0
0.0
0.0
0.0
0.0
3.7839668785823936e-05
8.027868604007782e-05
0.00011410478148794336
0.00014675200099117637
0.00014431905996577048
0.00012121502252827231
0.00010207777943577371
7.000642347725749e-05
3.939837694605163e-05
0.0
0.0
0.0
0.0
0.0
0.0
0.0
0.0
0.0
0.0
0.0
0.0
0.0
0.0
0.0
0.0
0.0
7.52654510447215e-06
2.446491107612882e-05
2.5592253712909156e-05
0.0
0.0
0.0
0.0
0.0
0.0
0.0
0.0
0.0
0.0
0.0
0.0
0.0
0.0
0.0
0.0
0.0
0.0
0.0
0.0
1.2214650505799516e-05
4.5225086345576774e-05
8.270303706140737e-05
0.00010584446850902457
0.00010524487030997
0.00010739116936178271
7.380546924984408e-05
1.7047591990626917e-05
0.0
0.0
0.0
0.0
0.0
0.0
0.0
0.0
0.0
0.0
0.0
0.0
0.0
0.0
0.0
0.0
0.0
0.0
9.167776080959018e-06
1.78722623686943e-05
4.6038397659380255e-06
0.0
0.0
0.0
0.0
0.0
0.0
0.0
0.0
0.0
0.0
0.0
0.0
0.0
0.0
0.0
0.0
0.0
0.0
0.0
0.0
0.0
0.0
0.0
0.0
0.0
0.0
0.0
0.0
0.0
0.0
0.0
0.0
0.0
0.0
0.0
0.0
0.0
0.0
0.0
0.0
0.0
0.0
0.0
0.0
0.0
0.0
0.0
0.0
0.0
0.0
0.0
0.0
0.0
0.0
0.0
0.0
0.0
0.0
0.0
0.0
0.0
0.0
0.0
0.0
2.0065853086550347e-05
7.126680241763098e-05
0.00012639549505961202
0.00019090258197093939
0.0002631864126605981
0.00033801560410157356
0.0003591571821586398
0.0003486850839978306
0.0003415344044613581
0.0003065225771396821
0.0002499326516750207
0.00017895579867080585
0.00012786918974169834
9.094380927402807e-05
5.45160530289992e-05
0.0
0.0
0.0
0.0
0.0
0.0
0.0
0.0
0.0
0.0
0.0
7.416147158584637e-05
0.00012141862374361945
0.00012669343195900607
0.0001335234365218212
0.00013929336668125429
0.00014322791912567856
0.00014631483330469343
0.0001487493606054769
0.0001481985492215299
0.0
0.0
0.0
0.0
0.0
0.0
0.0
0.0
0.0
0.0
0.0
0.0
0.0
0.0
0.0
0.0
0.0
0.0
8.873685120954779e-06
8.596883030687374e-06
0.0
0.0
0.0
0.0
0.0
0.0
0.0
0.0
0.0
0.0
0.0
0.0
0.0
0.0
0.0
0.0
0.0
0.0
0.0
0.0
0.0
3.1297259933153843e-06
3.635620562454595e-05
5.230603225722192e-05
5.05348700921979e-05
4.9706774062699776e-05
3.4823966230685084e-05
6.357164245184517e-06
0.0
0.0
0.0
0.0
0.0
0.0
0.0
0.0
0.0
0.0
0.0
0.0
0.0
0.0
0.0
6.652947162048595e-06
5.87818937546256e-05
0.00011291517638436634
0.0001638898210370066
0.0001756168291053981
0.00016422171675502348
0.0001566133716117098
0.00013621354507472542
9.493413096933815e-05
4.667781974485223e-05
7.4025813454971334e-06
0.0
0.0
0.0
0.0
0.0
0.0
0.0
0.0
0.0
0.0
0.0
0.0
0.0
8.131596844283195e-06
7.36472585525945e-05
0.0001499558096967971
0.00021834942811454908
0.00023853514591313057
0.0002207956253362767
0.00020381215169075012
0.0001688631987274282
0.00011014972463939426
4.760133879437639e-05
6.648703055208068e-06
0.0
0.0
0.0
0.0
0.0
0.0
0.0
0.0
0.0
0.0
0.0
0.0
0.0
2.6995964294073832e-05
0.00012042132861518128
0.00020412996438756243
0.00028808126411277894
0.0002701341119279434
0.00016838570131099843
7.767274519960214e-05
3.121997734787078e-05
9.563703239813553e-06
0.0
0.0
0.0
0.0
0.0
0.0
0.0
0.0
0.0
0.0
0.0
0.0
0.0
0.0
0.0
0.0
0.0
0.0
1.7988278689375825e-05
0.0001542311006947152
0.00014280738412359974
7.785817796892929e-05
4.467944118593835e-05
3.307864883309994e-05
3.135260031958278e-05
3.135364024714651e-05
3.0063425081598605e-06
0.0
0.0
0.0
0.0
0.0
0.0
0.0
0.0
0.0
0.0
0.0
0.0
0.0
0.0
0.0
0.0
2.0004344833593687e-05
1.0234379628787714e-05
0.0
0.0
0.0
0.0
0.0
0.0
0.0
0.0
0.0
0.0
0.0
0.0
0.0
0.0
0.0
0.0
0.0
0.0
0.0
0.0
0.0
0.0
0.0
0.0
0.0
0.0
0.0
0.0
0.0
0.0
0.0
0.0
0.0
0.0
0.0
0.0
0.0
0.0
0.0
0.0
0.0
0.0
1.3406779600467578e-05
6.427394264467388e-05
0.0001056522759434857
0.00014735183760658548
0.00013510848768476868
0.00011224422180096397
8.751901411743758e-05
1.3965131864461854e-05
0.0
0.0
0.0
0.0
0.0
0.0
0.0
0.0
0.0
0.0
0.0
0.0
0.0
0.0
0.0
0.0
0.0
0.0
0.0
0.0
0.0
3.9889977517492485e-05
4.76877467745801e-05
3.4951212921040226e-05
8.994178399345719e-06
1.6670747523222495e-05
3.2813097063655943e-06
0.0
0.0
0.0
0.0
0.0
0.0
0.0
0.0
0.0
0.0
0.0
0.0
0.0
0.0
0.0
1.592397838541908e-05
3.221029121446773e-05
5.5897963696777215e-05
0.00011901091139946718
0.00013600267713639579
7.448399882151731e-05
6.150872620570631e-05
2.2902727173307302e-05
0.0
1.1961518646548758e-05
0.0
0.0
0.0
0.0
0.0
0.0
0.0
0.0
0.0
0.0
0.0
0.0
0.0
0.0
4.130004212558267e-05
0.00015933548493958906
0.00013587296787407338
0.00022774932392613355
0.00024585054004664926
4.446005785786556e-05
0.0
0.0
0.0
0.0
0.0
0.0
0.0
0.0
0.0
0.0
0.0
0.0
0.0
0.0
0.0
0.0
0.0
0.0
0.0
0.0
0.0
1.887587686362565e-05
8.756083986033364e-06
0.0
0.0
0.0
0.0
0.0
0.0
0.0
0.0
0.0
0.0
0.0
0.0
0.0
0.0
0.0
0.0
0.0
0.0
0.0
0.0
0.0
0.0
0.0
0.0
0.0
0.0
0.0
0.0
0.0
0.0
0.0
0.0
0.0
0.0
0.0
0.0
0.0
0.0
0.0
0.0
0.0
0.0
0.0
0.0
0.0
0.0
0.0
0.0
0.0
0.0
0.0
0.0
0.0
0.0
0.0
0.0
0.0
0.0
0.0
0.0
0.0
0.0
0.0
0.0
0.0
0.0
0.0
0.0
0.0
0.0
0.0
0.0
0.0
0.0
0.0
0.0
0.0
0.0
0.0
0.0
0.0
0.0
0.0
0.0
0.0
0.0
0.0
0.0
0.0
0.0
0.0
0.0
0.0
0.0
0.0
0.0
0.0
0.0
0.0
0.0
0.0
0.0
0.0
0.0
0.0
0.0
0.0
0.0
0.0
0.0
0.0
0.0
0.0
0.0
0.0
0.0
0.0
0.0
0.0
0.0
0.0
0.0
0.0
0.0
0.0
0.0
0.0
0.0
0.0
0.0
0.0
0.0
0.0
0.0
0.0
0.0
0.0
0.0
0.0
0.0
0.0
0.0001169609447655585
0.00017237502186169814
0.00012294103296126024
6.941878910148105e-05
4.791958159804215e-05
4.096309314837735e-06
0.0
0.0
0.0
0.0
0.0
0.0
0.0
0.0
0.0
0.0
0.0
0.0
0.0
0.0
0.0
0.0
0.0
0.0
0.0
0.0
0.0
0.0
0.0
0.0
0.0
0.0
0.0
0.0
0.0
0.0
0.0
0.0
0.0
0.0
0.0
0.0
0.0
0.0
0.0
0.0
0.0
0.0
7.281197879306066e-05
9.720281293723957e-05
2.6799351785846593e-05
0.0
0.0
0.0
0.0
0.0
0.0
0.0
0.0
0.0
0.0
0.0
0.0
0.0
0.0
0.0
0.0
0.0
0.0
0.0
0.0
0.0
0.0
0.0
0.0
0.0
0.0
0.0
0.0
0.0
0.0
0.0
0.0
0.0
0.0
0.0
0.0
0.0
0.0
0.0
0.0
0.0
0.0
0.0
0.0
0.0
0.0
0.0
0.0
0.0
0.0
0.0
0.0
0.0
0.0
0.0
0.0
0.0
0.0
0.0
0.0
0.0
0.0
0.0
0.0
0.0
0.0
0.0
0.0
0.0
8.05776633159827e-06
3.044003523457994e-06
0.0
0.0
0.0
0.0
0.0
0.0
0.0
0.0
0.0
0.0
0.0
0.0
0.0
0.0
0.0
0.0
0.0
0.0
0.0
0.0
0.0
0.0
0.0
0.0
0.0
0.0
0.0
0.0
0.0
0.0
0.0
0.0
0.0
0.0
0.0
0.0
0.0
0.0
0.0
0.0
0.0
0.0
0.0
0.0
0.0
0.0
0.0
6.903431190917473e-05
1.7922011999224848e-05
0.0
0.0
0.0
0.0
0.0
0.0
0.0
0.0
0.0
0.0
0.0
0.0
0.0
0.0
0.0
0.0
0.0
0.0
0.0
0.0
0.0
0.0
0.0
0.0
0.0
0.0
0.0
0.0
0.0
0.0
0.0
0.0
0.0
0.0
0.0
0.0
0.0
0.0
0.0
0.0
0.0
0.0
0.0
0.0
0.0
0.0
0.0
0.0
0.0
0.0
0.0
0.0
0.0
0.0
0.0
0.0
0.0
0.0
0.0
0.0
0.0
0.0
0.0
0.0
0.0
0.0
0.0
0.0
0.0
0.0
0.0
0.0
0.0
0.0
0.0
0.0
0.0
0.0
0.0
0.0
0.0
0.0
0.0
0.0
0.0
0.0
0.0
0.0
0.0
0.0
0.0
0.0
0.0
0.0
0.0
0.0
0.0
0.0
0.0
0.0
0.0
0.0
0.0
0.0
0.0
0.0
0.0
0.0
0.0
0.0
0.0
0.0
0.0
0.0
0.0
0.0
0.0
0.0
0.0
0.0
0.0
0.0
0.0
0.0
0.0
0.0
0.0
0.0
0.0
0.0
0.0
0.0
0.0
0.0
0.0
0.0
0.0
0.0
0.0
0.0
0.0
0.0
0.0
0.0
0.0
0.0
0.0
0.0
0.0
0.0
0.0
0.0
0.0
0.0
0.0
0.0
0.0
0.0
0.0
0.0
0.0
0.0
0.0
0.0
0.0
0.0
0.0
0.0
0.0
0.0
0.0
0.0
0.0
0.0
0.0
0.0
0.0
0.0
0.0
0.0
0.0
0.0
0.0
0.0
0.0
0.0
0.0
0.0
0.0
0.0
0.0
0.0
0.0
0.0
0.0
0.0
0.0
0.0
0.0
0.0
0.0
0.0
0.0
0.0
0.0
0.0
0.0
0.0
0.0
0.0
0.0
0.0
0.0
0.0
0.0
0.0
0.0
0.0
0.0
0.0
0.0
0.0
0.0
0.0
0.0
0.0
0.0
0.0
0.0
0.0
0.0
0.0
0.0
0.0
0.0
0.0
3.6794283722185556e-06
0.0
0.0
0.0
0.0
0.0
0.0
0.0
0.0
0.0
0.0
0.0